0 0.241836 0.751667 0.176953 0.274444 0.95752
0 0.47875 0.716111 0.15625 0.287778 0.951172
0 0.959375 0.476389 0.0812499 0.192778 0.941895
0 0.605313 0.280069 0.158125 0.129861 0.934082
0 0.331172 0.224722 0.156406 0.111111 0.925293
0 0.0723828 0.282847 0.130234 0.116528 0.924805
2 0.71125 0.196667 0.065 0.108333 0.900391
0 0.515625 0.0737326 0.085 0.0733681 0.894043
0 0.96875 0.165417 0.0624999 0.0869444 0.884277
0 0.134063 0.0734896 0.0509375 0.0730208 0.847168
0 0.254063 0.05125 0.045625 0.07 0.829102
0 0.323047 0.0950694 0.0914063 0.0748611 0.818848
0 0.3275 0.0378472 0.0425 0.0573611 0.81543
2 0.235 0.180556 0.05125 0.0916667 0.805664
0 0.521563 0.0203385 0.034375 0.0389063 0.794434
0 0.199375 0.0628993 0.043125 0.0639236 0.791992
5 0.290469 0.0272917 0.0690625 0.0529167 0.788086
0 0.293438 0.0684722 0.043125 0.0658333 0.71875
0 0.0113867 0.181944 0.0226953 0.0938889 0.680664
0 0.345625 0.0224913 0.03375 0.0432118 0.59082
2 0.195313 0.164583 0.019375 0.0680556 0.092041
0 0.3575 0.0154774 0.02125 0.0300174 0.0401001
0 0.100781 0.0798611 0.0448437 0.0630556 0.0394897
0 0.37125 0.0119531 0.03125 0.0234549 0.0368958
2 0.0115234 0.183889 0.0227344 0.0952778 0.0276947
5 0.21625 0.02375 0.040625 0.0444444 0.0219421
0 0.375 0.0144965 0.02375 0.0289931 0.0139542
0 0.237813 0.0457639 0.038125 0.0554167 0.0137939
0 0.36375 0.0164583 0.0375 0.0329167 0.0133286
0 0.310938 0.0176736 0.035 0.0328472 0.0104904
0 0.0710156 0.0723611 0.039375 0.0558333 0.00905609
0 0.348125 0.0279167 0.0375 0.0469444 0.00898743
0 0.216875 0.0210417 0.03625 0.03875 0.00857544
0 0.3725 0.0183333 0.03375 0.0347917 0.00547028
0 0.299375 0.0647222 0.04375 0.0626389 0.00544739
0 0.3225 0.0474306 0.034375 0.06125 0.00540543
0 0.0967188 0.0946528 0.0354688 0.0620833 0.00521851
0 0.704375 0.903333 0.05875 0.126667 0.0049057
0 0.0112988 0.245 0.0225977 0.0966667 0.0045929
0 0.394063 0.0642361 0.050625 0.0645833 0.00457382
0 0.231563 0.0494444 0.0359375 0.0573611 0.00443268
0 0.2325 0.0547222 0.0446875 0.0626389 0.00429916
2 0.230469 0.0170833 0.0115625 0.0272222 0.00365067
0 0.23625 0.0379167 0.029375 0.0431944 0.00365067
0 0.0658203 0.0627083 0.0422656 0.0493056 0.00324821
0 0.265469 0.0430382 0.025 0.0539236 0.00250244
0 0.0507813 0.0355208 0.0435156 0.0600694 0.00226021
0 0.0511719 0.0529167 0.040625 0.0466667 0.00225258
0 0.99 0.232083 0.0199999 0.103056 0.00211525
2 0.969375 0.201667 0.025 0.065 0.00203514
0 0.104355 0.0897222 0.0531641 0.0686111 0.00202751
0 0.0582422 0.0692361 0.0588281 0.0759722 0.00195694
0 0.98625 0.215278 0.0275 0.122778 0.00191879
1 0.209531 0.0279253 0.0503125 0.0552604 0.00187492
0 0.0555078 0.057934 0.0327344 0.0477431 0.00185299
1 0.287188 0.0190972 0.066875 0.0372222 0.00183868
7 0.97875 0.852222 0.00749995 0.0222222 0.00183868
2 0.97125 0.186944 0.0275 0.0844445 0.00178909
7 0.99125 0.870556 0.00749995 0.0177778 0.00175476
0 0.00967285 0.167222 0.019248 0.0788889 0.00163555
5 0.290156 0.0251389 0.0734375 0.0502778 0.00146675
0 0.0490234 0.0463194 0.0400781 0.0523611 0.00139904
2 0.19 0.150521 0.03875 0.0895139 0.00138855
2 0.810625 0.0197222 0.01625 0.035 0.00137234
0 0.995 0.250278 0.00999997 0.0733333 0.00133514
2 0.7125 0.229444 0.0525 0.055 0.00124931
2 0.70625 0.245278 0.0475 0.0877778 0.0011034
2 0.3925 0.0713889 0.055 0.0748611 0.00105667
0 0.0517578 0.062934 0.0421094 0.0560764 0.00104809
2 0.97375 0.206111 0.02 0.0811111 0.00103188
