0 0.0721484 0.726667 0.142578 0.244444 0.956543
0 0.245781 0.756667 0.188438 0.307778 0.954102
0 0.49125 0.705556 0.1475 0.275556 0.953125
0 0.699844 0.695556 0.165313 0.275556 0.952148
0 0.155625 0.953889 0.22875 0.0922222 0.944824
0 0.79375 0.959444 0.225 0.0811111 0.933105
0 0.308906 0.0531944 0.0478125 0.0658333 0.887207
0 0.14125 0.0738889 0.0490625 0.0666667 0.883301
0 0.255938 0.0590972 0.04375 0.0648611 0.865234
5 0.2025 0.0559028 0.045 0.0736111 0.863281
0 0.229063 0.0366667 0.038125 0.0534722 0.84082
2 0.7675 0.0652083 0.0325 0.0688889 0.827637
0 0.28 0.0340972 0.0359375 0.0509722 0.817383
0 0.333125 0.0317361 0.0375 0.0552778 0.812988
2 0.92375 0.0756944 0.035 0.0697222 0.809082
0 0.26 0.0202431 0.03375 0.0404861 0.770508
2 0.808125 0.0754167 0.02625 0.0683333 0.74707
0 0.0350781 0.0836111 0.0472656 0.0561111 0.689453
0 0.302813 0.0180642 0.0325 0.0340104 0.680664
2 0.0314795 0.126528 0.0379004 0.0658333 0.635254
0 0.178594 0.0452778 0.0334375 0.0531944 0.600098
0 0.350625 0.0189583 0.03 0.0379167 0.567871
0 0.210313 0.0191667 0.0321875 0.0383333 0.562012
0 0.00582031 0.0870139 0.0115625 0.0520833 0.359375
0 0.0316357 0.126944 0.0365723 0.0658333 0.332764
0 0.207969 0.0248611 0.0321875 0.0397222 0.270508
0 0.0605469 0.0884028 0.0453125 0.0609722 0.216064
0 0.00593262 0.0773611 0.0118066 0.0505556 0.191284
0 0.0152148 0.0664583 0.0304297 0.0520833 0.173828
0 0.87375 0.0877083 0.04375 0.06125 0.168335
0 0.0124609 0.0602778 0.0249219 0.0465278 0.134277
0 0.366875 0.01125 0.02375 0.0225 0.121277
0 0.0172461 0.0591667 0.0342578 0.0413889 0.0957031
0 0.00756836 0.0558507 0.0148828 0.0444097 0.0943604
0 0.00585938 0.0986111 0.0116602 0.0719444 0.083313
0 0.205469 0.0325 0.0409375 0.0447222 0.0589905
0 0.179844 0.0345833 0.031875 0.0427778 0.0570679
2 0.873125 0.0895139 0.0425 0.0534722 0.0514526
0 0.0386719 0.0747222 0.0448438 0.0511111 0.0451965
0 0.0242969 0.0768056 0.04 0.0502778 0.0363464
0 0.362188 0.0133681 0.0325 0.0267361 0.0334778
0 0.00566406 0.050625 0.0113281 0.0505556 0.0327148
2 0.0364844 0.615556 0.0678125 0.0966666 0.0296478
0 0.0535938 0.0800694 0.0370313 0.05125 0.0267639
2 0.0323438 0.59 0.0279688 0.101111 0.0265503
2 0.032207 0.609444 0.0273047 0.0833333 0.0245209
0 0.345 0.0184375 0.03 0.036875 0.0215302
2 0.809375 0.0872917 0.0225 0.07125 0.0208893
0 0.174375 0.0172917 0.0328125 0.0268056 0.0200958
2 0.0275781 0.621667 0.054375 0.12 0.0158386
0 0.00953613 0.0518056 0.0190723 0.0511111 0.0154877
0 0.0372266 0.0588889 0.0459375 0.0402778 0.0151901
0 0.37125 0.0122917 0.025 0.0245833 0.0140076
2 0.0312891 0.606111 0.0379688 0.0688889 0.0125732
0 0.0678125 0.0811111 0.0453125 0.0536111 0.0121918
0 0.00518066 0.112813 0.0103613 0.0727083 0.0107346
2 0.0337891 0.603333 0.02375 0.0644444 0.0104904
0 0.177813 0.0214583 0.02625 0.0268056 0.0104523
2 0.161094 0.0918056 0.0165625 0.0644445 0.01017
0 0.3625 0.018125 0.02875 0.034375 0.00963593
0 0.0432031 0.0631944 0.039375 0.045 0.00933838
0 0.87375 0.100625 0.0425 0.0620833 0.00891876
0 0.155469 0.0261024 0.039375 0.0497396 0.00821686
2 0.0357471 0.598889 0.0340527 0.0888889 0.0078125
0 0.155391 0.0183681 0.0351562 0.035625 0.00706482
7 0.699375 0.0108681 0.00625 0.0217361 0.00695801
2 0.02375 0.588333 0.0467188 0.141111 0.00669098
0 0.0235547 0.0495139 0.0439844 0.0527778 0.00634003
7 0.98 0.848333 0.00750001 0.0266667 0.00614548
2 0.99625 0.0205556 0.00749995 0.0383333 0.00582123
3 0.99125 0.762222 0.00749995 0.02 0.00547028
0 0.0137695 0.0861111 0.0269531 0.0477778 0.00524139
3 0.158906 0.0977083 0.01875 0.0668056 0.00518036
0 0.961875 0.694444 0.0225 0.02 0.00399017
2 0.0541406 0.631111 0.104844 0.08 0.00370789
0 0.373125 0.0112153 0.0275 0.0207639 0.00365067
2 0.819375 0.875556 0.05625 0.113333 0.00337601
2 0.99125 0.762222 0.00749995 0.02 0.00302696
2 0.99375 0.821111 0.01 0.0288889 0.00251198
2 0.0344141 0.553333 0.0346094 0.137778 0.0024147
3 0.49125 0.0268056 0.00874999 0.03875 0.00234222
0 0.034375 0.0452778 0.0571094 0.0563889 0.00206757
3 0.147422 0.0845833 0.0376563 0.0552778 0.00191879
2 0.995 0.823333 0.00874996 0.0322222 0.00189686
0 0.1975 0.0788194 0.03 0.0601389 0.00181007
2 0.0509375 0.612778 0.0959375 0.0811111 0.00181007
2 0.0441016 0.550972 0.055625 0.1425 0.00161076
2 0.990625 0.0378993 0.0187499 0.0642014 0.00145531
0 0.169063 0.0720833 0.0221875 0.0558333 0.00139904
2 0.0281055 0.116354 0.0361328 0.0700694 0.00138283
0 0.8075 0.0681944 0.03125 0.0615278 0.00131512
2 0.88 0.065816 0.02875 0.0608681 0.00104809
0 0.0599609 0.0465278 0.0430469 0.0386111 0.00103188
3 0.175039 0.0606771 0.0342969 0.0692014 0.00101662
