0 0.0722266 0.727778 0.142734 0.246667 0.95459
0 0.49125 0.705556 0.1475 0.273333 0.953125
0 0.701406 0.695556 0.167188 0.275556 0.952637
0 0.246094 0.757778 0.189063 0.305556 0.952148
0 0.156094 0.953611 0.229063 0.0927777 0.944824
0 0.79375 0.96 0.2225 0.08 0.935547
5 0.202813 0.056875 0.0475 0.0748611 0.891113
0 0.308594 0.0528472 0.0465625 0.0656944 0.884277
0 0.141563 0.07375 0.048125 0.0644445 0.868164
0 0.255469 0.0580382 0.0440625 0.0650347 0.861328
2 0.540625 0.0625 0.038125 0.06625 0.844727
0 0.280313 0.0334722 0.03625 0.0531944 0.827637
0 0.0326953 0.0852778 0.0459375 0.0636111 0.818848
0 0.335703 0.0318056 0.0348437 0.0533333 0.81543
0 0.229688 0.0352778 0.038125 0.0493056 0.806641
0 0.915 0.109583 0.09125 0.0752778 0.79834
2 0.816875 0.0545139 0.035 0.0643056 0.766113
0 0.260313 0.0199653 0.03375 0.0395139 0.73877
2 0.89125 0.0543056 0.035 0.0588889 0.720215
0 0.303125 0.0173958 0.03125 0.0347917 0.6875
0 0.351875 0.0193056 0.02625 0.0386111 0.644043
0 0.178594 0.0480729 0.0328125 0.0538542 0.567871
0 0.00610352 0.0825 0.012168 0.05 0.310791
0 0.00805664 0.0779861 0.0160352 0.0511111 0.269043
0 0.0175488 0.0686111 0.0350977 0.0555556 0.267334
0 0.011123 0.0801389 0.0222461 0.0494444 0.2323
0 0.0133105 0.0604861 0.0264258 0.0481944 0.194946
0 0.0382422 0.956667 0.0763281 0.0822223 0.153076
0 0.365938 0.0119444 0.024375 0.0238889 0.149536
0 0.231563 0.0186111 0.0290625 0.0308333 0.139404
2 0.9025 0.0448785 0.0325 0.0502431 0.129395
3 0.490938 0.0256944 0.010625 0.0441667 0.113159
0 0.915 0.0929861 0.085 0.0445833 0.0946655
0 0.36 0.0149392 0.030625 0.0297049 0.0838623
0 0.0200391 0.0755556 0.0359375 0.0530556 0.0483093
0 0.0266211 0.0795139 0.0422266 0.0559722 0.0476074
0 0.014082 0.0843056 0.0279688 0.0513889 0.0430298
0 0.02 0.0573611 0.0355469 0.0388889 0.0370483
0 0.8975 0.107778 0.10125 0.0602778 0.0231476
3 0.9925 0.762778 0.00750001 0.02 0.0196381
7 0.98 0.848333 0.00750001 0.0277778 0.0179901
2 0.811875 0.0229861 0.00999997 0.0384722 0.0170441
3 0.49 0.0318056 0.01 0.0565278 0.0145035
0 0.00532227 0.0490451 0.0106445 0.0469097 0.012146
2 0.90375 0.064375 0.0475 0.0659722 0.0115051
2 0.0303467 0.571111 0.0304004 0.151111 0.0103302
0 0.225625 0.0425 0.034375 0.0545833 0.00989532
0 0.343125 0.0185764 0.029375 0.0371528 0.00971222
0 0.00543945 0.0951389 0.0108398 0.0652778 0.00967407
0 0.0195801 0.0515451 0.0382617 0.0524653 0.00926971
0 0.309844 0.0428472 0.0478125 0.055 0.00905609
0 0.00993652 0.0514063 0.019873 0.0496875 0.00891876
2 0.905 0.0536285 0.04 0.0519097 0.00723267
0 0.87 0.116528 0.0475 0.0491667 0.00717545
2 0.0289648 0.613333 0.0316797 0.0844444 0.00605011
2 0.9925 0.763333 0.00750001 0.02 0.00536346
2 0.0301563 0.614444 0.0591406 0.117778 0.0051384
3 0.699375 0.0112847 0.00625 0.0225694 0.00492477
3 0.994375 0.826111 0.00749995 0.0288889 0.00457382
2 0.490625 0.0249306 0.0125 0.0448611 0.00426483
2 0.84625 0.0165885 0.0125 0.0300174 0.00392914
2 0.0446875 0.623333 0.0873438 0.0888889 0.00356483
0 0.2075 0.023125 0.036875 0.0348611 0.00351143
2 0.0229102 0.584445 0.0448047 0.154444 0.00317192
2 0.0317383 0.605556 0.0252734 0.0644445 0.00282288
2 0.908125 0.0829861 0.05625 0.0590278 0.00275803
3 0.175 0.057934 0.0296875 0.0674653 0.00258064
0 0.213438 0.0385417 0.045 0.0493056 0.00257111
0 0.370625 0.0130556 0.02625 0.0261111 0.00252151
5 0.197969 0.0351042 0.0421875 0.0471528 0.00250244
0 0.69625 0.99 0.0275 0.0177777 0.0024929
2 0.891875 0.0344792 0.02875 0.053125 0.00239754
3 0.161406 0.0857639 0.0134375 0.0548611 0.00234222
3 0.97125 0.827778 0.00750001 0.0311111 0.00231361
2 0.80875 0.0206163 0.02 0.0377951 0.00228691
0 0.157656 0.0309722 0.035625 0.0481944 0.00220871
0 0.21875 0.0264583 0.0253125 0.03875 0.00219917
0 0.0156445 0.937778 0.0309375 0.0655556 0.00214958
7 0.9 0.713333 0.00625 0.0177778 0.00212479
2 0.88625 0.0263542 0.0125 0.0396528 0.00211525
2 0.99375 0.822778 0.00874996 0.03 0.00209999
0 0.0087793 0.935 0.0174414 0.0533334 0.00208282
0 0.175625 0.0171181 0.03375 0.0264583 0.00206757
0 0.237656 0.0434549 0.02375 0.0550347 0.00205803
2 0.9125 0.0542361 0.04 0.0584722 0.0020504
0 0.0386719 0.0722917 0.0415625 0.0436111 0.0020504
0 0.94 0.783889 0.00999997 0.0233333 0.0020504
2 0.846875 0.0217014 0.01375 0.0379861 0.00201988
0 0.7075 0.988333 0.0525 0.0222222 0.00201035
0 0.8925 0.0870833 0.04125 0.0469444 0.00192642
0 0.0370703 0.0584722 0.043125 0.0413889 0.00186729
0 0.0647266 0.0779167 0.0442969 0.0486111 0.00156116
2 0.0263672 0.531944 0.0182422 0.111667 0.00143242
0 0.19625 0.0210069 0.033125 0.0318056 0.00139427
0 0.187344 0.0195833 0.0159375 0.0256944 0.0012846
0 0.0495996 0.0490104 0.0417383 0.0425347 0.0012846
2 0.0414453 0.611667 0.0692969 0.0711111 0.00113392
0 0.00474609 0.120868 0.00949219 0.0765972 0.00112057
2 0.996875 0.0120313 0.00624994 0.0240625 0.00109005
2 0.8625 0.111111 0.035 0.0394444 0.00104809
