0 0.0774219 0.758889 0.154219 0.284444 0.95459
0 0.273438 0.742778 0.181875 0.297778 0.947754
0 0.0909375 0.217917 0.0771875 0.113056 0.936035
0 0.37875 0.266111 0.081875 0.131111 0.918945
0 0.53 0.203889 0.07375 0.122222 0.910645
0 0.428125 0.09875 0.05125 0.0747222 0.896484
0 0.0609277 0.133056 0.0583008 0.0816667 0.888184
0 0.59125 0.0845139 0.0475 0.0693056 0.879883
0 0.505 0.0545833 0.04125 0.0666667 0.874023
0 0.76875 0.0331944 0.0375 0.0598611 0.858887
0 0.32375 0.0413889 0.043125 0.0654167 0.824219
0 0.210781 0.0949306 0.0584375 0.0804167 0.812988
0 0.04125 0.0780556 0.0403125 0.0538889 0.789062
0 0.246719 0.0563889 0.0434375 0.0669444 0.78125
0 0.290313 0.0273264 0.036875 0.0509028 0.767578
0 0.186406 0.0395139 0.045 0.0618056 0.766113
2 0.91875 0.0663715 0.0325 0.0636458 0.744629
0 0.341875 0.0265278 0.03625 0.0508333 0.704102
0 0.228125 0.0384896 0.036875 0.0505208 0.682617
2 0.9925 0.0732639 0.015 0.0584722 0.574707
3 0.123516 0.471111 0.0220313 0.0788889 0.287842
0 0.126328 0.0695833 0.0470313 0.0525 0.245117
0 0.25125 0.0183247 0.0275 0.035434 0.2323
0 0.500313 0.0172222 0.02875 0.0293056 0.230225
0 0.55875 0.00704861 0.0275 0.0140972 0.20813
2 0.123281 0.471111 0.0221875 0.0755556 0.169434
0 0.359375 0.0149306 0.0275 0.029375 0.120422
0 0.335313 0.0295833 0.034375 0.0502778 0.0907593
0 0.275313 0.0840972 0.0384375 0.0659722 0.0698242
0 0.55875 0.0144271 0.0300001 0.0288542 0.0522461
3 0.457813 0.0371528 0.014375 0.0525 0.0514526
0 0.255313 0.015 0.03 0.0291667 0.0347595
0 0.364063 0.0139931 0.025625 0.0271528 0.0333252
2 0.9275 0.0924306 0.015 0.0748611 0.0311432
0 0.499688 0.0133681 0.024375 0.0267361 0.0298767
0 0.500625 0.0226736 0.03 0.0244444 0.0276947
0 0.332422 0.0208247 0.0314062 0.0380729 0.0273743
0 0.00558594 0.0372222 0.0110938 0.0451389 0.0271759
0 0.343125 0.0211806 0.03 0.0423611 0.0213318
0 0.180977 0.0676215 0.0505469 0.0644792 0.0156021
0 0.499375 0.0305208 0.030625 0.036875 0.0154266
2 0.83375 0.0137153 0.02 0.0250694 0.0131226
0 0.00838867 0.043316 0.0167773 0.0464236 0.0115967
0 0.279375 0.0197222 0.03 0.0370833 0.011116
0 0.225938 0.0198611 0.0340625 0.0343056 0.00878143
0 0.21625 0.0204167 0.035625 0.0333333 0.00861359
0 0.274375 0.0228385 0.0421875 0.0434896 0.00763702
0 0.292656 0.0178646 0.0334375 0.0357292 0.00743103
3 0.459375 0.0421528 0.015 0.0626389 0.00706482
0 0.27375 0.0342361 0.0175 0.0465278 0.00698471
0 0.127578 0.0663194 0.0501563 0.0761111 0.00664139
0 0.0488281 0.0494271 0.0460156 0.0408681 0.00595856
2 0.993125 0.0986111 0.0137499 0.0894445 0.00595856
0 0.181563 0.033125 0.0390625 0.0486111 0.00593567
0 0.0438672 0.0552083 0.0395313 0.0373611 0.0055542
0 0.181563 0.0211111 0.0375 0.0345833 0.00536346
0 0.00411133 0.0305208 0.00822266 0.0499306 0.00516129
0 0.0116211 0.03875 0.0232422 0.0488889 0.00494385
0 0.322813 0.0177431 0.036875 0.0308333 0.0049057
0 0.205313 0.104028 0.045625 0.0719445 0.00452042
3 0.3225 0.0635417 0.0275 0.0711111 0.0042305
3 0.4625 0.0342361 0.0175 0.0551389 0.00402451
2 0.990625 0.09375 0.01375 0.0788889 0.00387001
2 0.9025 0.0845833 0.01875 0.0819444 0.00378036
0 0.071875 0.0756944 0.0375 0.0505556 0.00376511
0 0.212813 0.104861 0.035625 0.0694444 0.00362206
2 0.110156 0.468889 0.049375 0.0822222 0.00332451
2 0.926875 0.0849306 0.02 0.08625 0.00328636
0 0.145938 0.0668056 0.0296875 0.0544444 0.00319672
2 0.99125 0.762222 0.00999997 0.0233333 0.0029583
1 0.120313 0.05 0.068125 0.1 0.00286674
0 0.17375 0.0755556 0.036875 0.0594444 0.00284576
2 0.4575 0.0335069 0.0175 0.0472917 0.00282288
7 0.53125 0.205278 0.07125 0.121111 0.00279999
0 0.0499609 0.0413889 0.0474219 0.0577778 0.00277901
0 0.00513672 0.0494444 0.0102734 0.0613889 0.00253105
3 0.97 0.693333 0.00750001 0.0277778 0.0024929
0 0.220469 0.0654861 0.0446875 0.0595833 0.00245285
3 0.994375 0.824444 0.00749995 0.0222222 0.00237846
0 0.55 0.0127257 0.03125 0.0254514 0.00232315
0 0.374063 0.0102778 0.029375 0.0197917 0.00228691
0 0.236406 0.0201736 0.0178125 0.034375 0.00225258
7 0.378125 0.265625 0.08 0.130972 0.00223351
3 0.99125 0.762222 0.00749995 0.0222222 0.00208282
2 0.918125 0.0892361 0.0325 0.0820833 0.00206757
0 0.560625 0.00996528 0.03125 0.0188194 0.00204277
0 0.8275 0.0117969 0.0375 0.0221007 0.00177479
0 0.0412598 0.0396528 0.055918 0.0601389 0.00175476
0 0.349375 0.0283941 0.035625 0.0546007 0.00168705
0 0.0308203 0.0666667 0.0488281 0.0538889 0.00167465
7 0.979375 0.854445 0.00874996 0.0244445 0.00159168
3 0.905625 0.060625 0.00999997 0.0634722 0.00154877
0 0.153906 0.0582118 0.0403125 0.0513542 0.00154305
0 0.0803906 0.478889 0.120781 0.1 0.00141048
0 0.0570703 0.0849306 0.0507031 0.0593056 0.00137806
0 0.190156 0.0472222 0.0396875 0.0619444 0.00136662
0 0.975 0.506667 0.00750001 0.0177778 0.00127411
5 0.126172 0.05125 0.0525 0.0769444 0.00125504
0 0.5575 0.0205903 0.03 0.0382639 0.00123501
3 0.97125 0.828889 0.00750001 0.0288889 0.00123024
0 0.179688 0.0147569 0.03625 0.0265278 0.00122547
0 0.82 0.0156944 0.0375 0.0292361 0.00121117
0 0.0425 0.114479 0.0404688 0.0554861 0.00120163
0 0.183125 0.0592361 0.0375 0.0534722 0.00119686
0 0.0448438 0.0720139 0.0385938 0.0498611 0.0011425
1 0.104688 0.0506076 0.09375 0.100451 0.00112438
0 0.0585156 0.114583 0.0571875 0.0580556 0.00109863
0 0.279688 0.0935417 0.0415625 0.0754167 0.00109005
0 0.0162109 0.0586806 0.0319531 0.0625 0.00106525
0 0.15125 0.0743056 0.02125 0.0561111 0.00105667
3 0.120313 0.446389 0.029375 0.0983333 0.00102425
0 0.0666016 0.0813889 0.0483594 0.0548611 0.00100803
