0 0.945 0.434167 0.11 0.178333 0.943359
0 0.0270313 0.882222 0.0540625 0.228889 0.933594
0 0.0462891 0.167222 0.0846094 0.0844445 0.928711
0 0.579688 0.299722 0.155625 0.136667 0.928711
2 0.62 0.200556 0.0525 0.105556 0.884766
2 0.444063 0.206111 0.058125 0.0961111 0.875977
5 0.202031 0.0536806 0.0425 0.0722222 0.864258
0 0.128281 0.358056 0.164375 0.146111 0.859863
0 0.311875 0.0484549 0.04375 0.0622569 0.852051
0 0.2525 0.0242361 0.036875 0.0484722 0.835449
2 0.77 0.217083 0.05625 0.0891667 0.829102
0 0.339688 0.02625 0.0375 0.0522222 0.810547
2 0.194063 0.448333 0.059375 0.187778 0.80127
0 0.286875 0.0902778 0.0515625 0.0741667 0.795898
2 0.91875 0.0661111 0.0325 0.065 0.660156
0 0.252188 0.0635417 0.0375 0.0616667 0.638672
2 0.194375 0.415 0.05875 0.113333 0.464844
0 0.77 0.217222 0.055 0.0888889 0.317383
3 0.95625 0.0804167 0.0125 0.0608333 0.270508
0 0.98875 0.587778 0.0225 0.0955556 0.215332
0 0.36 0.0133681 0.02875 0.0267361 0.128906
0 0.935 0.0638889 0.065 0.0651389 0.125977
0 0.223438 0.0187847 0.030625 0.0352083 0.0994873
0 0.177188 0.0641667 0.02625 0.0433333 0.085083
2 0.958125 0.0760417 0.01875 0.0704167 0.0841675
0 0.175 0.0624826 0.0296875 0.0536458 0.0830078
0 0.918125 0.0651389 0.035 0.0636111 0.0634766
0 0.366875 0.0105556 0.02625 0.0207639 0.0598755
2 0.96125 0.307778 0.04375 0.0727778 0.0549927
2 0.95375 0.0665972 0.02875 0.0604167 0.0488586
1 0.0650879 0.046684 0.0779492 0.0902431 0.0488586
0 0.199219 0.0425 0.0378125 0.0511111 0.0463867
1 0.0607031 0.0374306 0.0646875 0.0713889 0.0306702
3 0.955 0.086875 0.0125 0.0693056 0.0272675
0 0.2175 0.0280903 0.03625 0.0382639 0.0216217
0 0.229688 0.0715104 0.0346875 0.0680903 0.0213623
0 0.204219 0.0334028 0.038125 0.0404167 0.0195618
2 0.925 0.0716493 0.02 0.0739236 0.0190582
2 0.96 0.345 0.05 0.06 0.0173035
0 0.9675 0.351944 0.065 0.0816667 0.016983
0 0.193438 0.0494444 0.0275 0.0533333 0.0136871
0 0.97625 0.348889 0.0475 0.0877778 0.0116882
2 0.93 0.068125 0.045 0.0690278 0.0112915
2 0.9625 0.296667 0.04 0.0844444 0.0109482
0 0.9825 0.341667 0.035 0.0755556 0.00955963
0 0.170977 0.0688194 0.0342969 0.0515278 0.00737381
2 0.930625 0.0747396 0.01875 0.0763542 0.00737381
2 0.9925 0.753333 0.00750001 0.0211112 0.00709534
0 0.97125 0.340556 0.0575 0.075 0.00671768
2 0.190625 0.432222 0.04875 0.16 0.00651169
0 0.216875 0.043316 0.028125 0.0558681 0.0064888
2 0.188594 0.388889 0.0671875 0.085 0.0064621
0 0.374375 0.00951389 0.02625 0.0180556 0.00624084
0 0.214375 0.0779167 0.029375 0.0575 0.00471878
3 0.99125 0.762222 0.00625 0.0244444 0.00457382
0 0.361875 0.0173958 0.03 0.0324306 0.00453949
0 0.256094 0.0565451 0.0365625 0.0619097 0.00387001
0 0.371563 0.0132292 0.026875 0.0264583 0.00374985
0 0.247188 0.0431771 0.038125 0.0439236 0.00353813
0 0.231563 0.0738889 0.061875 0.0777778 0.00353813
2 0.464063 0.31 0.03875 0.100556 0.00322342
2 0.194688 0.398889 0.05625 0.0911111 0.0030632
0 0.0514063 0.0832639 0.0423438 0.0543056 0.00300407
2 0.94375 0.0733333 0.04 0.0713889 0.0029583
0 0.0555469 0.07625 0.0347656 0.0538889 0.00273705
0 0.222969 0.0786111 0.0296875 0.0598611 0.00259018
2 0.991875 0.745 0.00750001 0.0244445 0.00256157
1 0.0536328 0.0424306 0.0519531 0.0676389 0.00251198
2 0.200781 0.394722 0.0440625 0.0805556 0.00245285
3 0.97 0.735 0.00874996 0.0388889 0.00229645
2 0.190313 0.474444 0.04625 0.137778 0.00191212
3 0.93 0.724444 0.00999997 0.0266667 0.00167465
0 0.20625 0.0250694 0.036875 0.0383333 0.00155449
2 0.9825 0.761111 0.01 0.0222222 0.00152493
3 0.148281 0.0759722 0.015625 0.0519444 0.00150108
2 0.188438 0.385 0.025 0.0811111 0.0014782
0 0.00595215 0.155278 0.0117285 0.0627778 0.00146103
0 0.00734375 0.266181 0.0146875 0.0743056 0.00145531
2 0.183086 0.468889 0.0538281 0.152222 0.00139904
0 0.00446533 0.146528 0.00893066 0.0425 0.00138283
3 0.4625 0.306944 0.04125 0.108889 0.00137806
0 0.0641797 0.0747917 0.0364844 0.0515278 0.00134563
5 0.164844 0.0422049 0.065625 0.0742014 0.00133514
0 0.93375 0.698889 0.0275 0.0244444 0.00128937
0 0.30875 0.0209722 0.0325 0.0320139 0.00124931
2 0.995 0.818889 0.00999997 0.0333333 0.00124454
3 0.0234717 0.535 0.013291 0.0988889 0.0012064
3 0.955 0.705 0.00625 0.0133334 0.00116539
2 0.191094 0.343889 0.0353125 0.0822222 0.00115108
0 0.161875 0.0709722 0.0365625 0.0577778 0.00113392
0 0.199688 0.0793056 0.03375 0.0583333 0.00112438
0 0.98125 0.590556 0.0374999 0.102222 0.00109005
0 0.165469 0.0629167 0.0446875 0.0625 0.00108147
0 0.968125 0.313889 0.06125 0.0888889 0.00105667
2 0.191563 0.37 0.0428125 0.0888889 0.00104809
2 0.20375 0.458333 0.03625 0.0855555 0.00104427
0 0.97625 0.582222 0.0475 0.11 0.00104427
0 0.0608203 0.08375 0.0516406 0.0572222 0.00100803
