0 0.0721875 0.726111 0.143125 0.245556 0.958008
0 0.26625 0.689444 0.17 0.251111 0.955566
0 0.494063 0.611667 0.1375 0.232222 0.952637
0 0.67875 0.641111 0.145 0.227778 0.950684
0 0.505625 0.366667 0.1 0.156667 0.935547
0 0.654375 0.301389 0.0925 0.138889 0.931152
0 0.394375 0.236111 0.0775 0.126111 0.921875
0 0.568125 0.0872222 0.0449999 0.0691667 0.907227
0 0.448125 0.108056 0.05375 0.0794444 0.905762
0 0.5025 0.0207552 0.03 0.0386285 0.824219
0 0.177656 0.133611 0.0621875 0.0844444 0.818848
0 0.461563 0.987222 0.180625 0.0244445 0.816406
0 0.205 0.0286024 0.040625 0.0537674 0.79834
0 0.328438 0.0360417 0.043125 0.0615278 0.796875
5 0.0332617 0.184444 0.0651953 0.113333 0.794434
0 0.247188 0.0684722 0.0446875 0.0729167 0.771973
0 0.278906 0.0790972 0.0478125 0.0718056 0.767578
0 0.0314063 0.0851389 0.04625 0.0566667 0.744629
0 0.255625 0.0240278 0.0371875 0.045 0.716797
0 0.290938 0.0265625 0.0409375 0.0510417 0.705566
0 0.35 0.0208941 0.0325 0.0415451 0.658203
0 0.163594 0.0567361 0.04125 0.0588889 0.622559
0 0.0360156 0.0584722 0.0508594 0.0541667 0.509766
0 0.00873047 0.163889 0.0173828 0.0702778 0.498047
0 0.226094 0.0154948 0.0303125 0.0280382 0.407227
0 0.0294922 0.186111 0.0585156 0.111667 0.37207
0 0.15875 0.0906944 0.0471875 0.0683333 0.303955
0 0.154219 0.0997222 0.0384375 0.0569445 0.250977
0 0.366875 0.0116146 0.025 0.0232292 0.166626
0 0.165586 0.0859722 0.0482031 0.0616667 0.135254
0 0.0125586 0.171667 0.0251172 0.0844445 0.118408
0 0.20375 0.0663889 0.0403125 0.0598611 0.107788
0 0.152656 0.0261458 0.036875 0.0477083 0.0589905
0 0.166875 0.0730556 0.0421875 0.0481944 0.0435181
0 0.31125 0.0139583 0.025 0.0279167 0.042572
0 0.262188 0.0150694 0.033125 0.0299306 0.0402527
2 0.89375 0.0680382 0.015 0.0736458 0.0327148
5 0.0430469 0.162361 0.08375 0.163611 0.0303345
0 0.0504688 0.0604861 0.0467188 0.0506944 0.0266571
0 0.372813 0.0127951 0.0225 0.0255903 0.0182343
0 0.00947754 0.197917 0.0187207 0.0908333 0.0175171
0 0.460625 0.99 0.18125 0.02 0.0166626
2 0.8925 0.0768056 0.015 0.0652778 0.0160217
0 0.25125 0.0622222 0.040625 0.0658333 0.0157166
0 0.220625 0.0183333 0.023125 0.0325 0.0150757
2 0.89375 0.0559028 0.01375 0.0636111 0.0148392
0 0.42625 0.99 0.10875 0.0177777 0.0141144
0 0.0710156 0.0677778 0.0407812 0.0486111 0.013588
0 0.170664 0.0589583 0.0349219 0.0588889 0.0109863
0 0.0628906 0.0670833 0.044375 0.0552778 0.0108566
0 0.209688 0.0601215 0.04125 0.0605903 0.0102921
0 0.15 0.0303125 0.0471875 0.0546528 0.00894928
2 0.89125 0.0465972 0.0175001 0.0518056 0.0088501
3 0.991875 0.761111 0.00625 0.0255556 0.00844574
0 0.297188 0.02 0.036875 0.04 0.00796509
0 0.0585547 0.179444 0.0411719 0.0819444 0.00790405
2 0.894375 0.085 0.0125 0.0622222 0.00772476
0 0.361875 0.0182639 0.03125 0.0352083 0.00723267
0 0.217969 0.0186458 0.03125 0.0372917 0.0069046
0 0.1225 0.0820139 0.0425 0.0629167 0.0068512
0 0.493125 0.988056 0.05625 0.0238888 0.00682449
7 0.98 0.855556 0.00750001 0.0266667 0.00677109
0 0.389688 0.987222 0.045 0.0255555 0.0064621
0 0.0059668 0.132535 0.0119141 0.0677083 0.00641251
0 0.0588281 0.0611111 0.06 0.05375 0.00619125
0 0.00678711 0.209444 0.0134375 0.0916667 0.00598145
0 0.191563 0.0341667 0.0175 0.03625 0.00542831
0 0.124141 0.0944444 0.0473438 0.0677778 0.0051384
0 0.371875 0.0112413 0.02875 0.0211285 0.00510025
0 0.0708984 0.0562326 0.0377344 0.0380903 0.00494385
0 0.139688 0.105139 0.05625 0.0663889 0.00494385
0 0.005625 0.061875 0.01125 0.05875 0.00419998
3 0.0142578 0.0978472 0.0128906 0.0618056 0.0041008
0 0.333438 0.0232292 0.033125 0.0422917 0.00391388
0 0.149688 0.371111 0.093125 0.0788889 0.0037365
0 0.415 0.987778 0.05625 0.0244444 0.00370789
0 0.715 0.0106163 0.025 0.0176562 0.00365067
0 0.199375 0.0173264 0.035 0.0321528 0.00340271
0 0.0216211 0.188889 0.0426953 0.0988889 0.00290108
0 0.0662109 0.0756944 0.0499219 0.0544444 0.00284576
0 0.304688 0.0272135 0.050625 0.0511285 0.00251198
0 0.170977 0.0169097 0.0324219 0.03 0.00235939
0 0.114688 0.0967361 0.0596875 0.0790278 0.00232315
2 0.265781 0.446667 0.0496875 0.116111 0.00225258
0 0.0532422 0.0354861 0.0591406 0.0579167 0.00216484
0 0.344688 0.0257292 0.03125 0.0492361 0.00215721
0 0.154453 0.111944 0.0439063 0.0619444 0.00213242
5 0.0733203 0.135833 0.146641 0.187778 0.00213242
0 0.175313 0.0933333 0.0534375 0.0622222 0.00209999
0 0.498125 0.988333 0.10375 0.0211112 0.00201988
7 0.69875 0.00973958 0.00750001 0.0194792 0.0019722
0 0.0100391 0.0736805 0.0200781 0.0640278 0.00195694
0 0.173906 0.0256597 0.0696875 0.0432639 0.00194931
0 0.723125 0.64125 0.05625 0.224167 0.00186729
0 0.287969 0.0754167 0.0403125 0.0747222 0.00182438
2 0.88375 0.0706771 0.03375 0.0755903 0.00174141
0 0.162344 0.113889 0.0409375 0.0616667 0.0014782
2 0.9925 0.757778 0.00499999 0.0222222 0.00141048
0 0.0036377 0.972222 0.00727539 0.0488889 0.00141048
0 0.395 0.103611 0.05875 0.0811111 0.00133514
5 0.0590625 0.138056 0.0490625 0.0847222 0.00133038
2 0.8825 0.0865278 0.0375 0.0797222 0.00127411
0 0.0655859 0.0290278 0.0482031 0.0519444 0.00123501
0 0.054375 0.632222 0.10875 0.06 0.00122547
3 0.994375 0.767778 0.00500005 0.0311111 0.00122547
0 0.0196582 0.987778 0.0358789 0.0233333 0.00119209
5 0.798125 0.942222 0.12625 0.113333 0.0011692
0 0.0684766 0.145278 0.0461719 0.0694444 0.00116062
0 0.0238477 0.99 0.0348047 0.0177777 0.00115585
3 0.83 0.0143056 0.00750001 0.0229167 0.00112438
2 0.8925 0.104861 0.015 0.0697222 0.00110722
0 0.523438 0.9875 0.05625 0.025 0.00106049
0 0.00589844 0.235833 0.0117969 0.0961111 0.00102806
0 0.995625 0.828333 0.00874996 0.0355556 0.00102425
