0 0.245625 0.757222 0.186875 0.307778 0.955566
0 0.702656 0.697778 0.169687 0.28 0.95166
0 0.155625 0.953889 0.22875 0.0922222 0.945801
0 0.49125 0.703889 0.1475 0.27 0.942871
0 0.524063 0.138646 0.13 0.0927083 0.925781
5 0.201563 0.0540278 0.045 0.0743056 0.918945
0 0.32875 0.115972 0.088125 0.0958333 0.907227
0 0.725 0.0766667 0.085 0.0705556 0.900391
0 0.317969 0.0469444 0.0421875 0.0630556 0.867188
0 0.256563 0.0588194 0.043125 0.06625 0.85791
0 0.230781 0.0366667 0.038125 0.0540278 0.845703
2 0.915 0.0640451 0.035 0.0652431 0.809082
0 0.0374414 0.0518229 0.0421484 0.0532986 0.801758
0 0.341875 0.0250087 0.03375 0.0466493 0.730957
0 0.74125 0.0157986 0.0325 0.030625 0.642578
0 0.274063 0.0825 0.040625 0.0661111 0.586914
2 0.98375 0.0619271 0.0325 0.0617014 0.583984
2 0.157188 0.165 0.040625 0.0938889 0.486328
3 0.90375 0.0437326 0.00999997 0.0530903 0.352295
0 0.98375 0.0620139 0.0325 0.0615278 0.345215
0 0.369375 0.00951389 0.03 0.0190278 0.167236
2 0.815 0.0205903 0.015 0.0389583 0.145142
0 0.37375 0.0115278 0.02125 0.0230556 0.0667114
2 0.97875 0.0550694 0.0199999 0.05375 0.0323486
3 0.7 0.0119097 0.00750001 0.0238194 0.0322266
2 0.9075 0.0515972 0.0275 0.0595833 0.0265503
2 0.8425 0.0218403 0.025 0.0411806 0.0239563
2 0.815 0.0321181 0.015 0.050625 0.0219421
0 0.97 0.346667 0.06 0.0911111 0.0182343
5 0.0119727 0.668333 0.0239453 0.186667 0.0177765
0 0.36125 0.0146528 0.028125 0.0281944 0.016922
2 0.8125 0.0586285 0.02 0.0571875 0.0167847
0 0.355625 0.0179514 0.02625 0.0338889 0.0160217
2 0.9025 0.044566 0.02 0.0555903 0.0149002
0 0.0114551 0.68 0.0228711 0.144444 0.0128708
0 0.199688 0.0469444 0.041875 0.0611111 0.0123367
2 0.81125 0.06625 0.02 0.06 0.0114212
2 0.700625 0.0155469 0.01125 0.0276562 0.011116
2 0.97875 0.0740972 0.0225 0.07625 0.0107803
5 0.0245898 0.655 0.0491797 0.191111 0.0105667
7 0.98 0.854445 0.00750001 0.0244445 0.0103302
0 0.196875 0.0819444 0.034375 0.0566667 0.00981903
0 0.288438 0.0876389 0.04625 0.0733333 0.00926971
0 0.0773438 0.0339583 0.04125 0.05125 0.00912476
0 0.984063 0.115278 0.031875 0.13 0.0088501
2 0.8175 0.0236111 0.02 0.0454167 0.00857544
0 0.0954688 0.0382639 0.0326562 0.0390278 0.00854492
0 0.0875195 0.0346181 0.0446484 0.0427083 0.00809479
0 0.186875 0.0569444 0.02125 0.0676389 0.00803375
0 0.310625 0.02125 0.029375 0.0304167 0.00793457
0 0.0606348 0.0683333 0.0420117 0.0525 0.00734711
0 0.0555469 0.0432639 0.0336719 0.05125 0.00701141
1 0.984063 0.133056 0.031875 0.127778 0.00677109
0 0.0304346 0.0609028 0.0270996 0.0418056 0.00664139
0 0.2675 0.0905556 0.039375 0.0719445 0.00661469
3 0.991875 0.758889 0.00750001 0.0266667 0.00651169
0 0.995 0.08625 0.00999997 0.0708333 0.00614548
0 0.985 0.07375 0.03 0.0747222 0.00591278
2 0.69875 0.0146181 0.01 0.0254861 0.00530243
0 0.117344 0.0279861 0.03625 0.0395833 0.00521851
0 0.0331836 0.0895139 0.0357422 0.0715278 0.00502014
2 0.814375 0.051875 0.01625 0.0515278 0.00502014
2 0.9175 0.0945139 0.03 0.0723611 0.00479126
3 0.90625 0.0425694 0.015 0.0518056 0.00457382
0 0.100625 0.0405729 0.02625 0.0377431 0.00453949
0 0.179375 0.0663194 0.026875 0.0498611 0.00450516
0 0.0482031 0.0873611 0.054375 0.0725 0.00446701
2 0.81625 0.0344444 0.0225 0.0579167 0.00426483
0 0.113281 0.0278819 0.046875 0.0467361 0.00403976
0 0.216875 0.0371528 0.025625 0.04875 0.00383949
0 0.115625 0.0381944 0.035625 0.0390278 0.00380898
0 0.212813 0.0248611 0.030625 0.0341667 0.00376511
0 0.0995313 0.0380382 0.0203125 0.0328125 0.00363541
0 0.0408496 0.0445833 0.046582 0.0522222 0.00312424
2 0.91625 0.0819444 0.0325 0.0927778 0.0029583
0 0.0699219 0.0299306 0.0448438 0.0501389 0.00282288
2 0.8425 0.0284028 0.02125 0.0519444 0.00274658
0 0.173906 0.0704167 0.0284375 0.0505556 0.00273705
0 0.211875 0.0586806 0.025 0.0498611 0.00271416
2 0.84625 0.0232639 0.0225 0.0415278 0.00260162
2 0.991875 0.758889 0.00750001 0.0244445 0.00256157
0 0.0391797 0.0861806 0.0432031 0.0709722 0.00234222
0 0.7425 0.0638889 0.0525 0.0443056 0.00225258
2 0.70125 0.0173611 0.015 0.0309722 0.00223351
2 0.91125 0.0943056 0.0425 0.0738889 0.00220871
2 0.995 0.821111 0.00750001 0.0288889 0.00218201
0 0.111406 0.0409722 0.0459375 0.0495833 0.0020504
2 0.81 0.0795833 0.01875 0.0636111 0.00195694
3 0.196563 0.0769444 0.034375 0.0552778 0.00191212
0 0.9825 0.0990278 0.02875 0.0866667 0.00168133
2 0.275469 0.105208 0.0271875 0.0820833 0.00161648
3 0.46125 0.0669444 0.01875 0.0641667 0.00161076
2 0.8175 0.058125 0.03 0.0640278 0.00150108
3 0.365 0.0847222 0.01125 0.0522222 0.0014782
0 0.0478125 0.0116319 0.0361719 0.0232639 0.00143242
2 0.8175 0.0172569 0.015 0.0345139 0.00139904
0 0.8775 0.0936111 0.0375 0.0666667 0.00132465
2 0.83875 0.0292448 0.0325 0.0552604 0.00131512
3 0.490313 0.0304514 0.011875 0.0417361 0.0012598
0 0.207188 0.0238889 0.034375 0.0338889 0.00124454
3 0.87 0.982222 0.01 0.0311112 0.00109482
3 0.97125 0.828889 0.00750001 0.0266667 0.00108624
0 0.0559766 0.0802778 0.0441406 0.0666667 0.00105286
3 0.97 0.695 0.00750001 0.02 0.00104809
