0 0.478125 0.721111 0.155 0.297778 0.952148
0 0.242031 0.755556 0.177188 0.282222 0.946289
0 0.683594 0.0813194 0.102813 0.0723611 0.922363
0 0.4925 0.0977778 0.12 0.0769444 0.913086
5 0.289844 0.0256163 0.0703125 0.0501563 0.876465
0 0.131875 0.0723611 0.05625 0.0752778 0.859863
0 0.310156 0.0543056 0.0415625 0.0633333 0.819824
0 0.254063 0.0506771 0.045 0.0694792 0.812988
0 0.197813 0.0649306 0.0428125 0.06375 0.795898
0 0.283281 0.0875694 0.0478125 0.0759722 0.78125
0 0.349688 0.0223264 0.035625 0.0446528 0.720215
2 0.02375 0.176944 0.0474219 0.0805556 0.672363
0 0.0238672 0.176667 0.0477344 0.08 0.548828
0 0.126172 0.0215191 0.0360938 0.0414063 0.286865
0 0.22875 0.0555556 0.039375 0.0593056 0.196777
0 0.279063 0.058125 0.03 0.0473611 0.137085
0 0.0690625 0.0736806 0.0426563 0.0590278 0.120422
0 0.369375 0.0103472 0.02875 0.0206944 0.083313
0 0.3275 0.0218403 0.03625 0.0349306 0.0609741
0 0.0641016 0.0750694 0.0516406 0.0698611 0.0539856
0 0.276563 0.0467361 0.0325 0.0458333 0.0520325
0 0.374375 0.0126042 0.02375 0.0252083 0.048584
0 0.329297 0.0158681 0.0276563 0.0308333 0.0367737
0 0.346563 0.02875 0.031875 0.0466667 0.0324707
0 0.358125 0.0159722 0.0275 0.0319444 0.0219421
3 0.491875 0.0340278 0.01 0.0566667 0.0202484
5 0.0248828 0.663889 0.0497656 0.184444 0.0195312
0 0.280625 0.0735938 0.041875 0.0744792 0.0189056
0 0.118594 0.0262587 0.05125 0.049566 0.0175781
0 0.97 0.2425 0.06 0.113333 0.0135345
3 0.490938 0.0288889 0.00999997 0.0451389 0.0105667
0 0.309688 0.0181337 0.0325 0.0335938 0.0101318
2 0.81125 0.0133941 0.00999997 0.025434 0.00941467
0 0.222813 0.0477083 0.041875 0.0538889 0.00898743
0 0.202031 0.0566667 0.036875 0.0522222 0.00806427
0 0.0969531 0.0945833 0.0354688 0.0616667 0.00790405
2 0.660625 0.0419271 0.03875 0.0497569 0.00787354
0 0.127578 0.0164583 0.0348438 0.0329167 0.00763702
0 0.235938 0.0418056 0.050625 0.0470833 0.00651169
2 0.665 0.045816 0.025 0.0430903 0.00638962
0 0.296875 0.0575 0.0421875 0.0601389 0.00544739
2 0.6625 0.0476562 0.035 0.0366319 0.00540543
5 0.9375 0.686667 0.025 0.0266667 0.0050621
0 0.152969 0.0102778 0.031875 0.0196528 0.00432968
2 0.6675 0.0499306 0.0425 0.0445833 0.00421524
7 0.98 0.853333 0.00750001 0.0255555 0.00336266
0 0.0482813 0.0402951 0.0414844 0.0621875 0.00324821
2 0.80875 0.0126302 0.015 0.0237674 0.00307465
0 0.347813 0.0369444 0.035 0.0583333 0.00305176
3 0.99125 0.762222 0.00749995 0.0188889 0.00286674
2 0.84 0.0150694 0.025 0.0286806 0.00217438
0 0.95375 0.247222 0.0925 0.129444 0.00214005
2 0.9925 0.761111 0.00750001 0.0177778 0.00213242
0 0.9675 0.275069 0.065 0.17875 0.00195694
0 0.88125 0.0847917 0.035 0.06625 0.0018177
2 0.843125 0.0129861 0.01875 0.0254167 0.00178242
0 0.304688 0.0494271 0.03625 0.0542014 0.00174141
0 0.0137891 0.209444 0.0275391 0.111667 0.0016489
0 0.2775 0.0268142 0.0453125 0.0494271 0.00163555
0 0.69125 0.0569444 0.0525 0.04375 0.00162315
5 0.289375 0.0250694 0.071875 0.0501389 0.00162315
0 0.8725 0.137361 0.0449999 0.0641667 0.00160408
1 0.0612402 0.0563889 0.070957 0.111389 0.00154877
0 0.113906 0.0490104 0.0626563 0.0644792 0.00151253
7 0.98625 0.0607639 0.00625 0.0190278 0.00148964
0 0.0478906 0.0568229 0.0402344 0.0516319 0.00148392
0 0.0192383 0.442222 0.0384766 0.104444 0.0014782
3 0.48875 0.0338889 0.01125 0.0575 0.00141048
0 0.285625 0.0636806 0.04 0.0576389 0.00138855
0 0.674375 0.0538194 0.0612501 0.0431944 0.00135612
0 0.0190625 0.204722 0.0379297 0.116667 0.00135612
5 0.0196289 0.466111 0.0392578 0.147778 0.00134087
0 0.0541406 0.0886111 0.059375 0.0722222 0.00131512
0 0.0110645 0.22 0.0220508 0.0933333 0.00127411
0 0.0676562 0.065625 0.0360938 0.0504167 0.00112915
0 0.340625 0.0523611 0.03625 0.0702778 0.00109863
0 0.128281 0.0370139 0.05125 0.0498611 0.00107765
0 0.145781 0.0286806 0.0425 0.0515278 0.00106049
2 0.93125 0.0804167 0.0325 0.0616667 0.00106049
0 0.0120703 0.441667 0.0241406 0.103889 0.00105667
0 0.0993945 0.0769444 0.0446484 0.0580556 0.00104809
