0 0.0503125 0.804444 0.100625 0.291111 0.958984
0 0.136719 0.174722 0.0740625 0.11 0.922363
0 0.528125 0.177778 0.06625 0.0980556 0.916504
0 0.4275 0.103194 0.05 0.0708333 0.896973
0 0.53 0.0596528 0.0425 0.0658333 0.867188
0 0.4625 0.0411285 0.0425 0.0594097 0.850098
0 0.168125 0.0476389 0.043125 0.0648611 0.829102
0 0.104668 0.13125 0.0581641 0.0811111 0.813965
0 0.232344 0.0360417 0.0375 0.0527778 0.811523
0 0.235938 0.0767361 0.049375 0.07125 0.78125
0 0.222813 0.0199306 0.03625 0.0398611 0.777344
0 0.29 0.0267014 0.03625 0.0503472 0.751953
0 0.322578 0.0451215 0.0410938 0.0667014 0.746094
2 0.925 0.104444 0.02125 0.0888889 0.649414
0 0.342813 0.0286806 0.034375 0.0515278 0.633301
2 0.946875 0.0596528 0.025 0.0558333 0.596191
0 0.52 0.010625 0.03 0.02125 0.498047
0 0.122031 0.0761806 0.040625 0.0586111 0.370117
0 0.121875 0.0672222 0.0340625 0.0447222 0.166138
0 0.108262 0.0893055 0.0591016 0.0616667 0.145142
0 0.359375 0.0152083 0.02625 0.0304167 0.144165
0 0.323125 0.013125 0.030625 0.0252778 0.115173
0 0.115781 0.0813889 0.0475 0.0672222 0.111267
0 0.00327148 0.178889 0.00647461 0.07 0.076416
0 0.0707422 0.0788889 0.0417969 0.0608333 0.0634766
2 0.8125 0.0186024 0.01 0.0348785 0.0541992
0 0.282188 0.0155208 0.03 0.0303472 0.0451965
0 0.462813 0.0113542 0.025625 0.0180556 0.0446777
0 0.375625 0.01375 0.02375 0.0275 0.0414734
0 0.373125 0.00946181 0.0275 0.0189236 0.0377502
0 0.29125 0.0163889 0.031875 0.0327778 0.0265045
7 0.69875 0.0105556 0.00750001 0.0211111 0.023468
0 0.4625 0.0157639 0.03125 0.02375 0.0210419
0 0.101563 0.090625 0.0479687 0.0529167 0.0191956
2 0.66125 0.0754861 0.01 0.0668056 0.0145569
2 0.81375 0.0308681 0.015 0.056875 0.0142822
0 0.00313965 0.228611 0.0062793 0.0777778 0.0137939
2 0.81375 0.0221181 0.0125 0.0409028 0.0110321
2 0.6625 0.0804861 0.01 0.0629167 0.0102463
2 0.698125 0.0111111 0.00875003 0.0202083 0.0088501
0 0.34375 0.0200347 0.029375 0.0400694 0.00867462
2 0.6525 0.0559722 0.0225 0.0558333 0.00841522
0 0.0671094 0.0647222 0.0392187 0.0536111 0.00821686
0 0.248906 0.00782986 0.02125 0.0156597 0.00809479
0 0.271094 0.0101736 0.0275 0.0203472 0.00803375
2 0.65875 0.0624306 0.015 0.0620833 0.00796509
0 0.104688 0.0801389 0.0484375 0.0652778 0.00787354
3 0.65875 0.0633333 0.0125 0.05 0.00712204
3 0.97125 0.690556 0.00750001 0.0222222 0.00679779
2 0.92625 0.0916667 0.0225 0.0927778 0.00653839
0 0.1175 0.06875 0.0409375 0.0511111 0.0064888
7 0.98 0.853889 0.00750001 0.0233333 0.00641251
2 0.656875 0.0755556 0.01875 0.0702778 0.00595856
2 0.81625 0.0207292 0.0199999 0.0390972 0.00481033
2 0.813125 0.0396007 0.01625 0.0663542 0.00471878
0 0.128594 0.07375 0.035625 0.0527778 0.00421524
0 0.520625 0.0170486 0.02875 0.0340972 0.00365067
2 0.0616406 0.0479861 0.0225 0.0388889 0.00363541
2 0.65625 0.0537326 0.01625 0.0575347 0.00344276
0 0.0639063 0.0699826 0.0439063 0.0689236 0.00337601
5 0.294062 0.316667 0.05375 0.0916667 0.00322342
0 0.3325 0.0430556 0.03125 0.0625 0.00294685
2 0.81125 0.0200347 0.0175 0.0371528 0.00277901
0 0.438438 0.00743056 0.01875 0.0148611 0.00275803
0 0.87875 0.100556 0.0375 0.0611111 0.00243378
0 0.250625 0.0694444 0.0425 0.0669444 0.00242424
0 0.520625 0.023125 0.0275 0.03125 0.00220871
3 0.99125 0.760556 0.00749995 0.0222222 0.00213242
2 0.655 0.047934 0.02 0.0671875 0.00192642
0 0.202813 0.0783333 0.03375 0.0633333 0.00186729
0 0.0589063 0.0484549 0.0285938 0.0444792 0.00181007
0 0.25875 0.0829167 0.034375 0.0608333 0.00178242
0 0.264063 0.0843056 0.033125 0.0586111 0.00178242
0 0.0512598 0.0419618 0.0401367 0.0535764 0.00163555
3 0.99 0.695556 0.00625 0.0222222 0.00161076
0 0.0842969 0.0902083 0.0235937 0.0531944 0.00144386
2 0.95125 0.0590278 0.035 0.0583333 0.00130463
2 0.8125 0.0267448 0.02 0.0498438 0.00124931
0 0.526875 0.0516667 0.039375 0.05375 0.0011692
0 0.45875 0.0181944 0.03375 0.0279167 0.00113392
0 0.0647266 0.0661111 0.0627344 0.0838889 0.00111198
0 0.00416504 0.254722 0.00833008 0.0911111 0.00109863
0 0.391875 0.0751389 0.04875 0.0638889 0.00105667
5 0.73625 0.825 0.065 0.188889 0.00104809
0 0.103672 0.0885417 0.059375 0.0773611 0.00100803
0 0.461875 0.00822917 0.0175 0.0164583 0.00100803
