0 0.298125 0.761111 0.18125 0.291111 0.961426
0 0.0779297 0.758889 0.155078 0.281111 0.957031
0 0.73625 0.824444 0.1825 0.323333 0.952148
0 0.519063 0.694444 0.154375 0.277778 0.944824
0 0.45625 0.167778 0.135 0.102778 0.920898
0 0.093125 0.174722 0.130625 0.0916667 0.908691
0 0.257656 0.0535417 0.0446875 0.0706944 0.888184
0 0.1425 0.07125 0.0478125 0.065 0.882324
0 0.92875 0.171389 0.08375 0.112778 0.875977
0 0.82625 0.124965 0.115 0.085625 0.870605
0 0.768125 0.985556 0.17375 0.0266667 0.85791
0 0.193438 0.0618229 0.0425 0.0691319 0.852051
0 0.32375 0.041684 0.043125 0.0663542 0.838867
0 0.285938 0.0296528 0.0375 0.0544444 0.827637
0 0.0400879 0.0804167 0.0423242 0.0544445 0.82666
0 0.168086 0.0466667 0.0363281 0.0565278 0.81543
0 0.232656 0.0363194 0.0375 0.0568056 0.789062
2 0.5725 0.0961111 0.03125 0.0788889 0.773926
2 0.344063 0.142535 0.040625 0.0860417 0.766113
0 0.195625 0.0305903 0.0359375 0.0459028 0.760742
0 0.342188 0.0255556 0.033125 0.0491667 0.760742
2 0.278438 0.148368 0.040625 0.0810417 0.729492
0 0.9925 0.13559 0.015 0.0704861 0.704102
2 0.935 0.0486806 0.0175001 0.0643056 0.700195
0 0.215938 0.0190625 0.0284375 0.0369444 0.59082
2 0.805625 0.0716667 0.035 0.0684722 0.462891
2 0.98125 0.0688889 0.02125 0.0563889 0.430176
2 0.985625 0.0773611 0.02875 0.0691667 0.271973
0 0.355938 0.0172396 0.026875 0.0344792 0.156128
2 0.344375 0.0873611 0.0425 0.0644445 0.0745239
2 0.983125 0.069375 0.02625 0.0652778 0.0469055
0 0.863125 0.0971528 0.065 0.0601389 0.0391846
2 0.8125 0.0868056 0.0475 0.0622222 0.0327148
0 0.368125 0.0117708 0.02375 0.0235417 0.0268555
0 0.259219 0.0182986 0.0334375 0.0361806 0.0214539
0 0.985 0.0805556 0.03 0.0697222 0.0199432
3 0.328438 0.0739583 0.024375 0.0740278 0.0196381
2 0.975 0.115 0.0275 0.0527778 0.0141754
2 0.271875 0.0918056 0.026875 0.0719444 0.0123825
2 0.269063 0.0784722 0.02625 0.0655556 0.0113297
0 0.0655078 0.0597917 0.0310156 0.0331944 0.0108185
0 0.0705469 0.0694444 0.0384375 0.0527778 0.0107803
2 0.99125 0.0725 0.015 0.0636111 0.00930023
0 0.0545313 0.0563889 0.04375 0.04 0.00891876
2 0.34 0.0960417 0.03625 0.0734722 0.00881195
0 0.7675 0.986667 0.17375 0.0266666 0.00878143
2 0.573125 0.07375 0.030625 0.0525 0.0085144
0 0.36125 0.0171528 0.03125 0.0339583 0.00812531
0 0.99125 0.183889 0.0175 0.0872222 0.0078125
0 0.97625 0.175556 0.045 0.100556 0.00731659
0 0.0676562 0.0619444 0.038125 0.0408333 0.00720596
2 0.996875 0.0118837 0.00624994 0.0230382 0.00701141
2 0.8675 0.0706944 0.05 0.0644444 0.00698471
0 0.69875 0.986111 0.05125 0.0277778 0.00695801
2 0.89375 0.0486806 0.01375 0.04875 0.0069313
0 0.5725 0.0795833 0.028125 0.0586111 0.0069313
0 0.974375 0.127917 0.02875 0.0719444 0.00669098
2 0.270938 0.113194 0.029375 0.0997222 0.00664139
0 0.77125 0.982222 0.1475 0.0222222 0.0064621
2 0.277031 0.102778 0.0296875 0.0744445 0.00629044
5 0.9825 0.176944 0.0325 0.105556 0.00540543
2 0.80625 0.0456944 0.03 0.0502778 0.00488663
2 0.92625 0.0478472 0.035 0.0594444 0.0046463
0 0.849375 0.104167 0.0825 0.0511111 0.00453949
0 0.0444531 0.0618056 0.0490625 0.0433333 0.0041008
0 0.298281 0.0168056 0.02875 0.033125 0.00382423
7 0.979375 0.85 0.00874996 0.0266667 0.00374985
0 0.8575 0.0891667 0.0725 0.0741667 0.00367928
0 0.9225 0.1425 0.0625 0.0572222 0.00365067
2 0.866875 0.0572917 0.0425 0.0681944 0.00362206
3 0.33875 0.0831944 0.03625 0.0725 0.00356483
0 0.98625 0.191389 0.0275 0.0827778 0.00332451
0 0.99125 0.201944 0.0175 0.0711111 0.00312424
0 0.249688 0.115556 0.065 0.0983333 0.00311089
0 0.975 0.108889 0.04625 0.0583333 0.00276756
2 0.86125 0.0880556 0.06 0.0747222 0.00273705
2 0.971875 0.131354 0.03125 0.0728472 0.00259018
0 0.289375 0.0178125 0.0325 0.035625 0.00259018
0 0.975625 0.157639 0.0449999 0.108056 0.00253105
0 0.330547 0.0264931 0.0351562 0.0442361 0.00239754
2 0.885 0.0446007 0.0275 0.0555208 0.00235939
2 0.99625 0.0328125 0.00749995 0.0561806 0.00226974
0 0.7375 0.987778 0.1125 0.0222222 0.00221634
2 0.81 0.0653472 0.0475 0.0719444 0.00220871
0 0.95875 0.113889 0.04875 0.0633333 0.00213242
0 0.0423047 0.0588889 0.0388281 0.0341667 0.00211525
2 0.931875 0.0541667 0.02125 0.07 0.0020752
0 0.201875 0.0429861 0.0359375 0.0518056 0.0020504
2 0.868125 0.0820139 0.0525 0.0659722 0.00189686
0 0.8425 0.0911806 0.095 0.0765278 0.00176811
2 0.884375 0.0586111 0.02625 0.0673611 0.00175476
0 0.0632031 0.0560417 0.0232813 0.0363889 0.00174141
0 0.371875 0.0107552 0.02875 0.0211285 0.00167465
2 0.88625 0.0701563 0.0225 0.0746875 0.00167465
0 0.263594 0.0491667 0.03375 0.0638889 0.00163555
2 0.81 0.0420139 0.02 0.0444444 0.0015974
0 0.976875 0.136354 0.035 0.0867361 0.0015974
0 0.858125 0.109687 0.0725 0.055625 0.00151253
2 0.34125 0.117639 0.03625 0.0716667 0.00150681
2 0.8 0.0738889 0.04875 0.0763889 0.00146675
2 0.985 0.052066 0.0275 0.0655903 0.00143242
2 0.854375 0.05875 0.035 0.0733333 0.00143242
2 0.343125 0.0651389 0.04125 0.0913889 0.00138855
0 0.116484 0.0322222 0.0392188 0.0466667 0.00135612
2 0.88875 0.0492882 0.02 0.0525347 0.0012846
0 0.0516797 0.0406944 0.0507813 0.0488889 0.00126934
0 0.975625 0.199861 0.04625 0.0925 0.00112438
2 0.840625 0.061875 0.0625 0.0826389 0.0011158
0 0.76375 0.0597222 0.1075 0.0658333 0.00111198
2 0.77875 0.602222 0.0275 0.0866666 0.00110722
0 0.0660938 0.0347222 0.0323438 0.045 0.00108624
0 0.0667188 0.0759028 0.0460938 0.0561111 0.00108147
0 0.106719 0.0610938 0.0490625 0.0619792 0.00105667
0 0.94875 0.136667 0.045 0.0611111 0.00100803
