0 0.0965625 0.609444 0.174375 0.222222 0.955078
0 0.33 0.471111 0.12125 0.177778 0.942383
0 0.0389258 0.3025 0.0776953 0.128333 0.909668
0 0.0887695 0.151632 0.0649609 0.0900694 0.908203
0 0.528125 0.154583 0.055625 0.0863889 0.90332
0 0.0559766 0.129861 0.0622656 0.0858333 0.891602
0 0.159453 0.156667 0.0645313 0.0916667 0.889648
0 0.218125 0.0968056 0.051875 0.0786111 0.84375
0 0.175898 0.0447222 0.0425781 0.055 0.831055
0 0.322578 0.0432118 0.0423437 0.0585764 0.800781
0 0.291875 0.0775 0.048125 0.0772222 0.79834
2 0.945 0.0606944 0.02375 0.0575 0.777344
0 0.536875 0.0129167 0.03 0.0258333 0.71875
0 0.232813 0.026875 0.03625 0.0523611 0.716797
0 0.287813 0.0266319 0.036875 0.051875 0.680664
0 0.176875 0.0776389 0.0465625 0.0544445 0.577637
0 0.35 0.0284375 0.03 0.0471528 0.529297
0 0.354063 0.0193403 0.030625 0.0386806 0.455078
0 0.263438 0.0117361 0.03 0.0234722 0.0957031
2 0.795 0.0211806 0.00999997 0.0376389 0.064209
0 0.318125 0.0121875 0.030625 0.024375 0.0558167
0 0.153984 0.0209722 0.0310937 0.0395833 0.0499573
0 0.175977 0.0661806 0.0436719 0.0597222 0.0486755
0 0.37 0.00899306 0.029375 0.0179861 0.0417786
0 0.278125 0.0153646 0.034375 0.0307292 0.0360718
0 0.263906 0.0151389 0.0315625 0.0302778 0.0350647
0 0.37375 0.0128125 0.02625 0.025625 0.0323486
0 0.29125 0.0164583 0.0325 0.0329167 0.0314941
0 0.0965625 0.0247917 0.0325 0.0445833 0.0274811
0 0.87 0.127083 0.04 0.0494445 0.0273743
2 0.79375 0.0257986 0.0125 0.0429861 0.0267639
7 0.69875 0.00927083 0.00750001 0.0185417 0.0255585
0 0.350625 0.017309 0.02875 0.0346181 0.0236511
7 0.98 0.853333 0.00750001 0.0277778 0.0229797
0 0.0521484 0.0495833 0.0388281 0.0452778 0.0179138
0 0.350313 0.0360069 0.028125 0.0471528 0.0134277
2 0.795 0.0325347 0.00999997 0.0535417 0.0125732
0 0.360938 0.0198611 0.03125 0.0357639 0.00912476
0 0.149219 0.0439583 0.041875 0.0640278 0.00901794
0 0.260938 0.0173785 0.03375 0.0347569 0.00888062
0 0.87125 0.135868 0.0425 0.0649306 0.00878143
0 0.276406 0.0788889 0.03 0.0666667 0.0069046
0 0.27875 0.0706944 0.036875 0.0613889 0.00614548
0 0.8725 0.155139 0.0475 0.0919445 0.006073
0 0.93 0.71 0.0275 0.0288889 0.00536346
2 0.805 0.0230556 0.03 0.0434722 0.00403976
0 0.143906 0.0599306 0.0471875 0.0581944 0.00403976
0 0.138516 0.0666667 0.0448437 0.0597222 0.00392914
0 0.230938 0.0192361 0.034375 0.0384722 0.00392914
0 0.82625 0.228889 0.1025 0.0944444 0.0037365
0 0.225781 0.0534549 0.0440625 0.0603125 0.00362206
0 0.0508496 0.0675694 0.042832 0.0615278 0.00358009
0 0.0950781 0.0303472 0.0373438 0.0523611 0.00344276
0 0.0474219 0.0401562 0.0442187 0.0610764 0.00338936
0 0.89 0.687778 0.01875 0.0222222 0.00329781
0 0.0707031 0.510556 0.131719 0.113333 0.00327301
1 0.0594531 0.0333333 0.0634375 0.0619444 0.00309944
0 0.00601563 0.277292 0.0120313 0.08875 0.00265312
2 0.79125 0.0244444 0.0175 0.0433333 0.00257111
5 0.73625 0.831111 0.07 0.172222 0.00247192
2 0.793125 0.0405729 0.01625 0.0716319 0.00240517
2 0.6975 0.0110503 0.00999997 0.0205382 0.00237846
1 0.0663672 0.0403993 0.0950781 0.0800347 0.00234222
0 0.271563 0.0781944 0.025 0.0561111 0.00232315
0 0.0476953 0.0800694 0.0457031 0.0743056 0.00228691
0 0.0729688 0.497778 0.115938 0.102222 0.00225258
0 0.14875 0.0179167 0.0359375 0.0340278 0.00216484
0 0.0744922 0.0741667 0.0357031 0.0516667 0.00214958
2 0.81125 0.0179948 0.02 0.0340104 0.00198746
2 0.795 0.0408507 0.0125 0.0638542 0.00197983
0 0.29375 0.0876389 0.0425 0.0683333 0.00177479
0 0.00733399 0.242083 0.014668 0.0925 0.00176811
0 0.0584766 0.066875 0.0367969 0.05125 0.00176144
0 0.167656 0.0235069 0.0359375 0.0346528 0.00174809
0 0.2275 0.0312847 0.02875 0.0385417 0.0017271
2 0.8075 0.0178646 0.03 0.0357292 0.0017004
0 0.0446094 0.046875 0.0364063 0.0520833 0.00163555
2 0.99125 0.756667 0.00749995 0.0311111 0.00153637
3 0.99125 0.758889 0.00749995 0.0277778 0.00153637
2 0.811875 0.0153819 0.015 0.0286806 0.00137806
0 0.0219336 0.071875 0.0438672 0.0734722 0.00130939
3 0.94 0.785556 0.00875003 0.0311111 0.0012207
5 0.661875 0.278611 0.06375 0.165556 0.00118828
1 0.0629297 0.0588889 0.0825781 0.111667 0.0011692
2 0.85 0.0204167 0.0125 0.03 0.00112438
1 0.0510059 0.0373958 0.0489258 0.0638194 0.00106907
0 0.0271094 0.0806944 0.0542188 0.0841667 0.00104809
0 0.281719 0.089375 0.025625 0.0640278 0.00102425
