0 0.0479688 0.815556 0.0959375 0.295556 0.947754
0 0.170625 0.907778 0.237813 0.184444 0.941895
0 0.480313 0.833333 0.183125 0.328889 0.940918
0 0.494375 0.340278 0.09625 0.146111 0.932129
1 0.799844 0.732778 0.387813 0.53 0.928711
0 0.0357227 0.302778 0.0713672 0.131111 0.913086
0 0.51625 0.172639 0.06875 0.106389 0.893066
0 0.425 0.121632 0.0575 0.0922917 0.88623
0 0.209063 0.113472 0.0584375 0.0813889 0.875
0 0.79 0.0558507 0.0425001 0.0610764 0.873047
0 0.66625 0.467778 0.1175 0.182222 0.872559
0 0.589688 0.0368056 0.040625 0.0636111 0.870605
1 0.650625 0.111944 0.09 0.216389 0.870117
0 0.511875 0.0788889 0.05 0.0661111 0.849121
0 0.84375 0.116146 0.0525 0.0771528 0.842773
0 0.3225 0.0448611 0.040625 0.0666667 0.725098
0 0.167852 0.0903472 0.0499219 0.0701389 0.6875
2 0.959375 0.0758333 0.01875 0.0591667 0.684082
1 0.031582 0.11059 0.0630859 0.155486 0.683594
2 0.98625 0.080625 0.0175 0.06125 0.62793
0 0.164961 0.0489583 0.0463281 0.0626389 0.624512
0 0.229688 0.0392361 0.0371875 0.0490278 0.615234
0 0.343125 0.0277431 0.0325 0.0497917 0.548828
0 0.21375 0.0206597 0.03375 0.0388194 0.494141
2 0.854375 0.0317361 0.01625 0.0415278 0.470703
0 0.317188 0.01625 0.0325 0.0325 0.462891
0 0.101543 0.100278 0.0516016 0.0719444 0.453369
0 0.356875 0.0190972 0.03125 0.0376389 0.245117
0 0.5425 0.00857639 0.01625 0.0171528 0.224731
1 0.0982031 0.0751389 0.0742188 0.137222 0.218628
5 0.0346484 0.111389 0.0688281 0.153611 0.191895
5 0.101953 0.0749826 0.0748438 0.138368 0.190063
0 0.275156 0.0134028 0.0325 0.0255556 0.189575
0 0.468125 0.0102083 0.025 0.0204167 0.178955
2 0.965 0.0753472 0.0325 0.06125 0.156128
0 0.115781 0.0349653 0.03625 0.0547917 0.15564
0 0.277656 0.0616667 0.0321875 0.0597222 0.105957
0 0.470313 0.00682292 0.0275 0.0136458 0.104492
5 0.229375 0.0163542 0.051875 0.0327083 0.100891
0 0.162344 0.0370833 0.044375 0.04625 0.0991211
0 0.278906 0.0178819 0.035 0.0357639 0.088501
0 0.544063 0.00708333 0.0175 0.0141667 0.0836182
5 0.0470313 0.108681 0.0940625 0.165139 0.0761108
1 0.0970313 0.0559549 0.06875 0.0814236 0.0632324
2 0.855 0.0408333 0.01875 0.0425 0.0605164
0 0.375625 0.0123264 0.025625 0.0246528 0.0597534
0 0.109922 0.103403 0.0640625 0.08625 0.0568542
0 0.247031 0.0111111 0.0303125 0.0216667 0.0538025
2 0.86 0.0542361 0.025 0.0565278 0.0458679
0 0.158281 0.0257292 0.0396875 0.0453472 0.0422363
0 0.369688 0.009375 0.02875 0.01875 0.0419312
2 0.976875 0.0759722 0.03375 0.0647222 0.0414734
0 0.0371875 0.0553472 0.05 0.0526389 0.0393372
3 0.985 0.0823611 0.0175001 0.0672222 0.0385437
0 0.0851758 0.0969444 0.0393359 0.065 0.0350037
0 0.515313 0.120694 0.04625 0.0497222 0.0306702
0 0.34375 0.0197917 0.02875 0.0395833 0.0282135
0 0.111797 0.0750694 0.0395312 0.0527778 0.0275879
0 0.274375 0.0509896 0.038125 0.0649653 0.0226288
1 0.69125 0.84 0.0575 0.32 0.0224609
1 0.0660156 0.102986 0.132031 0.172639 0.021286
0 0.546563 0.008125 0.023125 0.0154861 0.0208893
0 0.27875 0.0248264 0.036875 0.0495139 0.0207977
0 0.00391113 0.149687 0.00782227 0.0911806 0.0181885
0 0.269688 0.0675694 0.0471875 0.0681944 0.0173798
1 0.66 0.741667 0.11625 0.512222 0.016983
0 0.213125 0.0286806 0.0321875 0.0411111 0.0163422
0 0.7475 0.0611285 0.04 0.0591319 0.0162201
0 0.543125 0.0129861 0.02 0.025 0.0158997
0 0.2725 0.0199306 0.025625 0.0379167 0.0155411
0 0.47 0.0125521 0.02875 0.0251042 0.0131683
0 0.98875 0.0734722 0.02125 0.0622222 0.01297
0 0.75375 0.0689583 0.0275 0.0456944 0.0127716
2 0.87125 0.0759722 0.0425 0.0738889 0.0125732
0 0.109844 0.0844444 0.045 0.0638889 0.0118713
0 0.106328 0.07125 0.0382813 0.0508333 0.011467
4 0.215938 0.628889 0.0665625 0.0844445 0.0114212
0 0.124531 0.110417 0.040625 0.0788889 0.0112457
0 0.117891 0.041875 0.043125 0.0641667 0.0109482
0 0.289375 0.0123264 0.024375 0.0246528 0.0100098
0 0.168477 0.0701389 0.0430469 0.0708333 0.00955963
2 0.8675 0.0671528 0.0375 0.0645833 0.00933838
0 0.26125 0.0145833 0.025625 0.0291667 0.00919342
0 0.084375 0.0633333 0.061875 0.08125 0.0091629
0 0.0746875 0.0127865 0.0184375 0.023316 0.00841522
2 0.861875 0.0640972 0.0225 0.0566667 0.00800323
0 0.319375 0.0391667 0.035 0.0548611 0.00796509
0 0.0943945 0.0916667 0.0499609 0.0636111 0.0077858
0 0.00435059 0.163333 0.00870117 0.0916667 0.00748825
0 0.250625 0.0635417 0.035625 0.0629167 0.00701141
0 0.115938 0.0961806 0.054375 0.0779167 0.00682449
0 0.253281 0.0502778 0.0409375 0.0659722 0.00666809
0 0.275938 0.0726563 0.0321875 0.0705208 0.00638962
5 0.0696875 0.08875 0.13375 0.159722 0.00629044
0 0.118906 0.0773611 0.0429688 0.05625 0.00619125
0 0.8725 0.0793056 0.0425001 0.0741667 0.00619125
2 0.8575 0.0307639 0.02375 0.04625 0.00602722
0 0.094668 0.0618229 0.0581641 0.0780208 0.00591278
1 0.0432813 0.0690799 0.0854688 0.137674 0.00591278
0 0.51625 0.126667 0.0525 0.0444444 0.00588989
0 0.2825 0.0526389 0.038125 0.0641667 0.00575256
0 0.309844 0.0159375 0.0309375 0.031875 0.00548935
0 0.15 0.0603472 0.048125 0.0666667 0.00536346
0 0.18125 0.0853472 0.04 0.0595833 0.00534439
5 0.745 0.0520139 0.045 0.0768056 0.00516129
0 0.251875 0.0317361 0.036875 0.0456944 0.00492477
0 0.0724219 0.0117274 0.0265625 0.021684 0.00479126
0 0.123438 0.0190278 0.0396875 0.0305556 0.00457382
0 0.079336 0.0177778 0.0349219 0.0323611 0.00450516
2 0.983125 0.0784028 0.0225 0.0656944 0.00418091
0 0.0316797 0.06 0.0611719 0.0588889 0.0039444
0 0.0199414 0.0528472 0.0392188 0.0445833 0.00367928
0 0.0978906 0.112361 0.0432813 0.0738889 0.00365067
0 0.255469 0.0553472 0.0659375 0.0716667 0.00353813
0 0.349375 0.0270747 0.04125 0.0508507 0.00345612
0 0.0427441 0.133472 0.0723242 0.103889 0.00309944
0 0.0643652 0.736667 0.0606445 0.123333 0.00309944
0 0.52 0.123889 0.0375 0.0366667 0.00282288
0 0.0557031 0.14 0.0517188 0.0788889 0.00271416
0 0.624375 0.0282639 0.03375 0.0490278 0.00268364
0 0.115313 0.114028 0.0296875 0.0775 0.00263214
0 0.162227 0.0183681 0.0424219 0.0347222 0.00247192
0 0.0346484 0.0722222 0.0571094 0.0666667 0.00232315
0 0.00365479 0.181944 0.00730957 0.0955556 0.00231361
0 0.66125 0.0276736 0.0375 0.0474306 0.00221634
0 0.80375 0.522778 0.09125 0.107778 0.00219917
0 0.14875 0.0847917 0.0221875 0.0604167 0.00167465
5 0.0710938 0.114201 0.142188 0.188819 0.0016489
0 0.0713281 0.484444 0.111719 0.0783333 0.00163555
0 0.222813 0.0429167 0.05 0.0634722 0.00161076
0 0.0651563 0.11 0.0554688 0.0694444 0.0015974
2 0.864375 0.0465278 0.03625 0.0644445 0.0015192
0 0.650625 0.0296528 0.05375 0.0529167 0.0014782
5 0.0128711 0.166667 0.0255859 0.109444 0.00138855
0 0.0373047 0.0336806 0.0272656 0.0495833 0.00134087
0 0.8025 0.508333 0.0875 0.0777778 0.00133514
0 0.0416016 0.74 0.0824219 0.144444 0.00132465
0 0.622188 0.0209722 0.02625 0.0361111 0.00130939
0 0.596875 0.0161198 0.03125 0.0287326 0.0012846
0 0.00472168 0.129306 0.00944336 0.102222 0.00126934
1 0.0969531 0.0244444 0.055 0.0423611 0.0012598
3 0.115156 0.127361 0.0090625 0.0677778 0.0012598
0 0.79 0.51 0.1375 0.0888889 0.00121593
0 0.0702734 0.020625 0.0313281 0.0325 0.00121117
2 0.8625 0.0349306 0.035 0.0554167 0.00118351
1 0.0497656 0.035625 0.0621875 0.0601389 0.00112915
0 0.65375 0.0363889 0.06125 0.0645833 0.00108147
0 0.0035498 0.206667 0.00709961 0.102778 0.00107765
0 0.665 0.0357986 0.0525 0.0621528 0.00106525
1 0.0320703 0.0703472 0.0635938 0.0776389 0.00106525
0 0.142344 0.0813194 0.03 0.0584722 0.00106525
0 0.222969 0.0185417 0.0525 0.0370833 0.00105286
0 0.682656 0.536667 0.0896875 0.121111 0.00103188
0 0.205469 0.0534722 0.04125 0.0697222 0.00101185
0 0.5375 0.00961806 0.02875 0.0186806 0.00100422
