0 0.297813 0.554306 0.141875 0.229167 0.954102
0 0.0776172 0.757778 0.155078 0.284444 0.948242
0 0.489375 0.476111 0.119375 0.185556 0.941895
0 0.726406 0.880556 0.219688 0.238889 0.936035
0 0.44375 0.962222 0.22 0.0755555 0.927246
0 0.640625 0.304444 0.0875 0.132778 0.923828
0 0.351172 0.301389 0.0826563 0.132222 0.918945
0 0.0922656 0.1975 0.0776563 0.104444 0.914062
0 0.501875 0.223056 0.08125 0.110556 0.901855
0 0.4975 0.110035 0.049375 0.0782639 0.898438
0 0.39375 0.118611 0.05625 0.0780556 0.895508
0 0.575 0.0357292 0.0425 0.055625 0.856934
0 0.451563 0.046875 0.038125 0.06125 0.853027
0 0.247813 0.0595139 0.04875 0.0743056 0.829102
0 0.323203 0.0439583 0.0435938 0.0677778 0.82666
0 0.0401953 0.0784722 0.0433594 0.055 0.818848
0 0.344375 0.0264583 0.03125 0.0501389 0.72168
0 0.153281 0.0965278 0.0615625 0.0813889 0.72168
0 0.132969 0.0701389 0.04125 0.0641667 0.715332
0 0.194375 0.0377083 0.039375 0.0573611 0.70752
0 0.224688 0.0175347 0.0375 0.0340972 0.569824
0 0.46 0.0183333 0.03625 0.03625 0.562012
0 0.00498047 0.373889 0.00992188 0.118889 0.515625
0 0.22875 0.0415972 0.0365625 0.0495833 0.403564
0 0.265625 0.0174653 0.034375 0.0347917 0.397949
0 0.35625 0.016033 0.02375 0.0319618 0.223389
0 0.190625 0.0659722 0.0365625 0.0536111 0.200562
0 0.502188 0.0108507 0.021875 0.0217014 0.13208
0 0.369375 0.0104514 0.023125 0.0209028 0.076416
0 0.192344 0.0560417 0.0371875 0.0481944 0.0700684
0 0.225938 0.0266667 0.0346875 0.0436111 0.0639648
0 0.3475 0.0189497 0.02875 0.0365451 0.0618896
0 0.5025 0.00736111 0.025 0.0135417 0.0589905
0 0.5675 0.0236111 0.0325 0.0348611 0.0383301
1 0.500938 0.278819 0.080625 0.215694 0.03125
0 0.373125 0.0126042 0.02125 0.0252083 0.0307312
0 0.27125 0.0196875 0.03875 0.0372917 0.0245209
0 0.297188 0.0119618 0.019375 0.0239236 0.0199432
0 0.505 0.00868056 0.02875 0.0153472 0.0182648
0 0.5675 0.0314583 0.0325 0.0490278 0.0174408
0 0.230313 0.0163194 0.035 0.0326389 0.0167236
0 0.263594 0.0324306 0.0340625 0.0440278 0.0165253
0 0.188125 0.0736806 0.0375 0.0645833 0.0116425
0 0.332188 0.0320833 0.03875 0.0495833 0.0105667
0 0.320625 0.0315278 0.039375 0.0463889 0.0105286
0 0.309687 0.0115625 0.030625 0.023125 0.0104065
0 0.00505859 0.398333 0.0101172 0.135556 0.00881195
0 0.274844 0.0161285 0.0425 0.0322569 0.00881195
1 0.57625 0.126146 0.03875 0.120486 0.00867462
0 0.18 0.0613194 0.035625 0.0566667 0.008255
0 0.312813 0.0161111 0.03 0.0268056 0.00806427
0 0.00557617 0.338056 0.0111523 0.103333 0.00772476
5 0.57625 0.128576 0.03875 0.0978472 0.00664139
0 0.28625 0.0957639 0.0421875 0.0695833 0.00658798
0 0.155469 0.0896528 0.0490625 0.0718056 0.00638962
0 0.295156 0.00704861 0.0078125 0.0140972 0.00575256
0 0.362188 0.0167274 0.029375 0.032934 0.0055542
0 0.57625 0.133056 0.03875 0.0955556 0.0051384
0 0.0746875 0.0731944 0.0395313 0.0488889 0.00494385
0 0.0562109 0.0622222 0.0264063 0.0380556 0.0049057
2 0.829375 0.0135764 0.00874996 0.0252778 0.00482941
0 0.503125 0.0164583 0.03125 0.0307639 0.00481033
0 0.141484 0.07 0.0382813 0.0586111 0.00468063
0 0.373125 0.01 0.02625 0.02 0.00453949
7 0.351172 0.301667 0.0814063 0.130556 0.00432968
3 0.990625 0.756667 0.00750001 0.0255556 0.00419998
0 0.136328 0.0757639 0.0328125 0.0573611 0.00391388
2 0.875 0.0150608 0.015 0.0287674 0.00385475
0 0.139531 0.0591667 0.0409375 0.0495833 0.00367928
2 0.77125 0.0150608 0.0125 0.0282118 0.00346947
0 0.0495313 0.0547222 0.049375 0.0366667 0.00345612
2 0.0767578 0.398889 0.0667969 0.158889 0.00345612
0 0.282188 0.0888889 0.035625 0.0672222 0.00332451
0 0.145547 0.105347 0.0457813 0.0723611 0.00318527
2 0.99125 0.750556 0.00749995 0.0288888 0.00291252
0 0.0430078 0.0629167 0.0475781 0.0427778 0.00284576
2 0.99125 0.744444 0.00875003 0.0311111 0.0024147
0 0.100469 0.056875 0.0334375 0.0395833 0.00235939
0 0.286875 0.0836806 0.04375 0.0690278 0.00227928
3 0.97 0.737778 0.00750001 0.0288889 0.00221634
2 0.0785156 0.378611 0.0670313 0.116111 0.00203514
0 0.262344 0.0706944 0.0328125 0.065 0.00197983
0 0.160313 0.0494444 0.0396875 0.0502778 0.0019722
0 0.281094 0.0233333 0.0459375 0.0408333 0.00196457
2 0.87 0.0125347 0.0225 0.0249306 0.00194168
0 0.2675 0.0801389 0.0225 0.0583333 0.00188255
0 0.0415527 0.0597222 0.0401758 0.035 0.00183105
0 0.00635742 0.289375 0.0127148 0.103472 0.00181007
0 0.222813 0.0555556 0.03125 0.05625 0.00176811
0 0.00931152 0.371111 0.018623 0.127778 0.00167465
0 0.099375 0.0658333 0.0382813 0.0455556 0.00162315
0 0.145938 0.0391667 0.0521875 0.0486111 0.00151253
0 0.252969 0.0747222 0.0396875 0.0606944 0.00151253
0 0.0239453 0.0609722 0.0446094 0.0447222 0.00148964
0 0.0105957 0.233333 0.020332 0.0677778 0.00143242
2 0.77 0.0190278 0.00999997 0.02875 0.00139904
0 0.9775 0.715556 0.015 0.0222222 0.00137234
2 0.8775 0.102708 0.0325 0.0684722 0.00135612
0 0.177188 0.0688889 0.02375 0.0498611 0.00134087
0 0.272656 0.0822222 0.02125 0.0608333 0.00126934
7 0.63875 0.305556 0.0825 0.133333 0.00124454
0 0.136406 0.0447222 0.03625 0.0405556 0.00123978
0 0.138281 0.0872222 0.0351562 0.0580556 0.00123501
7 0.5025 0.221944 0.07875 0.107778 0.00121593
0 0.0815625 0.44 0.0928125 0.0911111 0.00121593
0 0.0589063 0.0495833 0.0275 0.0319444 0.00120163
0 0.0208398 0.0601215 0.0408203 0.0572569 0.00119209
0 0.00620606 0.251944 0.0124121 0.0794444 0.00116539
0 0.0451172 0.0727083 0.0386719 0.04875 0.00116539
0 0.159297 0.03875 0.0442187 0.0541667 0.00108147
0 0.327578 0.0248958 0.0335938 0.036875 0.00106907
0 0.005 0.228194 0.01 0.0702778 0.00106525
0 0.0698047 0.0823611 0.0478906 0.0566667 0.00102425
