0 0.0723438 0.726667 0.143438 0.246667 0.959473
0 0.246719 0.756667 0.189063 0.305556 0.955078
0 0.490938 0.705 0.146875 0.274444 0.953613
0 0.700625 0.695556 0.1675 0.275556 0.951172
0 0.155703 0.953889 0.229844 0.0922222 0.943848
0 0.795625 0.960278 0.22375 0.0794444 0.933105
0 0.953125 0.145521 0.0937499 0.0900694 0.931152
0 0.59875 0.185833 0.145 0.111111 0.925293
0 0.239844 0.230139 0.148438 0.120833 0.915527
0 0.0378125 0.361111 0.0753125 0.142778 0.893066
5 0.202656 0.0548611 0.045625 0.0727778 0.891113
0 0.308438 0.0525 0.046875 0.0668056 0.88623
0 0.141719 0.0738889 0.0475 0.0647222 0.865234
0 0.25625 0.0587674 0.044375 0.0646875 0.852051
0 0.229063 0.0364583 0.0375 0.0540278 0.835449
0 0.43 0.0703993 0.0675 0.0680903 0.817383
0 0.335938 0.0298958 0.034375 0.0549306 0.803223
0 0.280313 0.035 0.03375 0.0520833 0.789062
0 0.033457 0.0856944 0.0456641 0.0655556 0.78418
0 0.26 0.0204253 0.034375 0.0403993 0.760742
0 0.302969 0.0169792 0.033125 0.0338194 0.759277
2 0.175625 0.189444 0.0609375 0.118333 0.683594
0 0.351875 0.0191667 0.0275 0.0379167 0.556641
0 0.178281 0.048316 0.0334375 0.0525347 0.550781
2 0.246094 0.152222 0.0275 0.0594445 0.511719
0 0.0150195 0.0731944 0.0298828 0.0529167 0.498047
2 0.179336 0.175694 0.0538281 0.0952778 0.343262
0 0.21 0.0189583 0.03125 0.0379167 0.341553
0 0.3675 0.00982639 0.025 0.0196528 0.210815
0 0.262813 0.0254167 0.03625 0.04625 0.206299
2 0.170938 0.199028 0.0503125 0.105278 0.168823
0 0.345313 0.0272569 0.033125 0.049375 0.0913696
0 0.208438 0.0290972 0.0334375 0.0377778 0.0881958
0 0.018418 0.0653472 0.0364063 0.0472222 0.0853882
0 0.00727539 0.0590278 0.0143945 0.0436111 0.0827026
0 0.00603516 0.0823611 0.0120703 0.0527778 0.0800781
0 0.276875 0.0302778 0.033125 0.0511111 0.0783691
7 0.69875 0.01125 0.00750001 0.0225 0.0437622
0 0.0395313 0.961111 0.0789844 0.0755556 0.0321045
0 0.0210742 0.0754167 0.0382422 0.0533333 0.0293121
0 0.340313 0.01875 0.029375 0.0375 0.0278015
0 0.371875 0.0118403 0.024375 0.0236806 0.0259094
0 0.0260938 0.0545833 0.0432812 0.0413889 0.0250854
3 0.97 0.733889 0.00750001 0.0344444 0.0222015
0 0.0257422 0.99 0.0352344 0.02 0.0205688
3 0.99125 0.76 0.00749995 0.0233333 0.0203705
2 0.19625 0.0889583 0.031875 0.0698611 0.0194244
2 0.700625 0.0134375 0.0125 0.0259028 0.0139542
0 0.00493164 0.0495139 0.00986328 0.0552778 0.0136337
2 0.197813 0.0880556 0.0375 0.0552778 0.0131683
2 0.69875 0.0121441 0.00874996 0.0226562 0.0124817
0 0.201094 0.0295833 0.0425 0.04625 0.0112457
2 0.193594 0.098125 0.0365625 0.0729167 0.00912476
2 0.249688 0.120139 0.0225 0.0822222 0.00891876
3 0.93 0.723889 0.00750001 0.0244445 0.00878143
0 0.00490967 0.1 0.00981934 0.0677778 0.00787354
0 0.434375 0.0405556 0.05125 0.0480556 0.00757599
2 0.246875 0.170556 0.034375 0.0772222 0.00695801
0 0.0307422 0.991667 0.049375 0.0155555 0.00664139
0 0.360938 0.0135764 0.029375 0.0271528 0.00664139
2 0.991875 0.76 0.00750001 0.0222222 0.00653839
0 0.432188 0.0476389 0.05375 0.0377778 0.0064621
2 0.250625 0.152778 0.0371875 0.0705556 0.00634003
2 0.250781 0.1 0.020625 0.0697222 0.00575256
0 0.0228125 0.05125 0.043125 0.0533333 0.00559998
2 0.164531 0.203194 0.0375 0.0944444 0.0055542
0 0.0650391 0.0756944 0.0467969 0.0488889 0.00542831
2 0.179102 0.0997222 0.0411719 0.0727778 0.00526047
0 0.0342969 0.054375 0.0394531 0.0379167 0.00448608
2 0.178438 0.156806 0.0325 0.0719445 0.00436401
0 0.176719 0.0180556 0.03625 0.0276389 0.00416565
2 0.8375 0.0175608 0.0275 0.0326563 0.00413513
0 0.19125 0.0190625 0.021875 0.0259028 0.0037365
0 0.0560547 0.630556 0.112109 0.0555556 0.00335121
0 0.354375 0.0265278 0.02625 0.05 0.00322342
2 0.184688 0.159444 0.02375 0.0775 0.00317192
0 0.159844 0.0350347 0.039375 0.0475694 0.00309944
3 0.9475 0.735 0.00875003 0.0277778 0.00293541
0 0.465 0.0124653 0.02625 0.0242361 0.00292397
0 0.0339844 0.0489583 0.05625 0.0566667 0.00270462
0 0.6975 0.99 0.0325 0.0177777 0.00270462
2 0.81125 0.0159722 0.00875003 0.0270833 0.00239754
0 0.7025 0.99 0.0425001 0.02 0.00231361
7 0.98 0.851111 0.00750001 0.0266667 0.00226021
0 0.197188 0.0615451 0.035625 0.0719097 0.00225258
0 0.00443848 0.118056 0.00887695 0.0786111 0.00223351
0 0.985 0.733333 0.015 0.0222222 0.00217438
0 0.0503125 0.0752778 0.0332813 0.0484722 0.00211525
0 0.708125 0.988333 0.05375 0.0222222 0.00206757
3 0.193125 0.14059 0.023125 0.0977083 0.0019722
2 0.172656 0.104722 0.0321875 0.0697222 0.00196457
0 0.440625 0.0331597 0.039375 0.0557639 0.00183868
5 0.46375 0.0159201 0.03625 0.0318403 0.00183868
2 0.244063 0.117743 0.033125 0.0739583 0.00178909
0 0.0478125 0.0485937 0.0423438 0.0430903 0.00167465
2 0.193438 0.08125 0.030625 0.0663889 0.00156689
0 0.0156836 0.968889 0.0311328 0.06 0.0015192
0 0.0460547 0.0379861 0.0447656 0.04875 0.00148964
0 0.0405078 0.0731944 0.04 0.0458333 0.00148964
2 0.173164 0.139583 0.0374219 0.0958333 0.00145531
0 0.460938 0.0168056 0.025 0.0330556 0.00136662
2 0.25625 0.172778 0.0490625 0.0772222 0.00131989
0 0.039043 0.0814583 0.0433984 0.0573611 0.00130463
3 0.2525 0.0866667 0.025 0.0638889 0.00130463
2 0.195469 0.120243 0.0303125 0.0900694 0.00126934
3 0.92625 0.724444 0.00750001 0.0244445 0.00118828
0 0.9325 0.701667 0.02625 0.0277778 0.00116062
2 0.97875 0.717778 0.0112501 0.0222222 0.00115108
0 0.0573438 0.0496528 0.0279688 0.0348611 0.0011425
2 0.995 0.820556 0.00750001 0.0244444 0.00113773
0 0.00429199 0.976111 0.00858399 0.0455555 0.00101185
