0 0.246563 0.756667 0.189375 0.306667 0.956543
0 0.702656 0.696667 0.167188 0.274444 0.95166
0 0.49125 0.703889 0.14625 0.267778 0.950684
0 0.155781 0.953889 0.228438 0.0922222 0.944824
0 0.79375 0.960278 0.22375 0.0794444 0.935547
2 0.385625 0.478889 0.11125 0.168889 0.935059
0 0.69625 0.118924 0.12875 0.079375 0.925293
5 0.200313 0.0562674 0.04625 0.0771875 0.913574
0 0.78625 0.0979861 0.1075 0.0745833 0.898438
2 0.163477 0.353056 0.0867969 0.133333 0.886719
0 0.309063 0.0529167 0.045625 0.0659722 0.875
2 0.98375 0.394444 0.0325 0.145556 0.843262
2 0.561875 0.0640104 0.0268751 0.0611458 0.84082
0 0.332813 0.0309028 0.04 0.0555556 0.816406
2 0.943125 0.0620139 0.0325 0.0556944 0.788086
0 0.0327734 0.0847222 0.0430469 0.0594444 0.782715
0 0.254844 0.0604167 0.0453125 0.0633333 0.78125
0 0.259688 0.02 0.0325 0.0388889 0.767578
2 0.73125 0.0590972 0.0375 0.0588889 0.767578
0 0.284063 0.0320139 0.034375 0.0547222 0.73877
0 0.224063 0.0360417 0.03125 0.0488889 0.702637
0 0.353125 0.0197222 0.02875 0.0394444 0.682617
2 0.0966406 0.102569 0.0392188 0.0579167 0.594727
0 0.259375 0.0547222 0.038125 0.0570833 0.503906
0 0.0139844 0.0676389 0.0279688 0.0577778 0.488281
2 0.775 0.0340278 0.01875 0.0484722 0.338867
0 0.231875 0.0167361 0.0259375 0.0304167 0.313965
0 0.096543 0.1 0.0391016 0.0583333 0.250977
0 0.00535156 0.0805556 0.0106641 0.0519444 0.248047
2 0.77625 0.0422222 0.015 0.0470833 0.247314
3 0.775 0.0427083 0.015 0.0481944 0.223999
2 0.2675 0.458333 0.04625 0.0833333 0.173828
0 0.00855957 0.0593229 0.0169434 0.0524653 0.163452
0 0.265313 0.0869444 0.035625 0.06 0.128906
2 0.89 0.0638889 0.0375 0.0644445 0.121704
0 0.0161133 0.06 0.0319531 0.0456944 0.121277
0 0.335547 0.0256944 0.0339063 0.0483333 0.0966797
2 0.776875 0.0439583 0.02 0.0561111 0.0875854
0 0.3725 0.0103125 0.02625 0.020625 0.0841675
0 0.284844 0.0186198 0.033125 0.0349826 0.0823975
0 0.292188 0.016875 0.030625 0.0326389 0.0739746
2 0.264688 0.0881944 0.0375 0.0616667 0.0621033
2 0.778125 0.0511111 0.02125 0.0597222 0.0510864
2 0.97125 0.307153 0.0575 0.116806 0.0497742
0 0.315938 0.0434896 0.033125 0.0552431 0.0488586
2 0.89625 0.0591667 0.025 0.06 0.0413208
0 0.197344 0.0458507 0.04125 0.0582986 0.0408325
0 0.00610352 0.053125 0.012207 0.05625 0.0375977
0 0.0636719 0.0780556 0.0460938 0.045 0.0358276
2 0.98875 0.315 0.0225 0.103333 0.0350037
0 0.7825 0.0300347 0.035 0.0446528 0.0330811
0 0.0112305 0.0822222 0.0221094 0.0502778 0.03125
2 0.77375 0.0513889 0.025 0.0613889 0.0270691
0 0.97125 0.321667 0.0575 0.112778 0.0208893
0 0.795625 0.0342708 0.05875 0.0561806 0.0196381
0 0.0207031 0.0745139 0.0382813 0.0534722 0.0194244
0 0.3175 0.0374306 0.045625 0.0590278 0.0186157
0 0.0314844 0.0511806 0.04375 0.0425 0.0180511
0 0.0558594 0.075 0.0374219 0.0472222 0.0164032
2 0.264375 0.101458 0.038125 0.0729167 0.0158386
0 0.3425 0.0190278 0.03 0.0380556 0.0154266
0 0.0311523 0.0502083 0.0495703 0.0543056 0.0149536
2 0.9925 0.305556 0.015 0.0961111 0.0147324
2 0.99125 0.321667 0.0175 0.106667 0.0121002
2 0.85125 0.0514583 0.03625 0.0526389 0.00978088
0 0.00429688 0.102222 0.00859375 0.0816667 0.00901794
3 0.951875 0.688889 0.00750001 0.0266667 0.00844574
0 0.0473828 0.0497396 0.0364063 0.0405208 0.00754929
0 0.0378906 0.0470139 0.0520313 0.0504167 0.00751877
2 0.855 0.0577778 0.0425 0.06375 0.00737381
3 0.991875 0.763333 0.00625 0.02 0.0069046
3 0.222188 0.0744444 0.01375 0.06 0.0064621
0 0.0314844 0.0748611 0.0453906 0.0519444 0.0064621
0 0.32375 0.0392361 0.03625 0.05125 0.00572968
2 0.775 0.0276389 0.02125 0.0380556 0.00548935
7 0.98 0.849444 0.00750001 0.0266667 0.00538635
2 0.88375 0.0686806 0.0425 0.0758333 0.00534439
0 0.888125 0.693333 0.0125 0.0177778 0.00526047
0 0.0162988 0.397222 0.0325977 0.0911111 0.00518036
2 0.269063 0.111944 0.02875 0.0813889 0.00484848
2 0.85125 0.0470833 0.025 0.0586111 0.00460815
0 0.0726563 0.0899306 0.0459375 0.0595833 0.00446701
0 0.0451172 0.04375 0.0400781 0.0425 0.00413513
3 0.219375 0.0704167 0.015 0.0572222 0.0041008
0 0.212344 0.0232639 0.0315625 0.0330556 0.0039444
0 0.324688 0.0169444 0.029375 0.0325 0.00379562
2 0.895625 0.0759722 0.01625 0.0672222 0.00370789
2 0.96875 0.285278 0.0525 0.0977778 0.00351143
2 0.991875 0.76 0.00750001 0.0177778 0.00340271
3 0.970625 0.694444 0.00750001 0.02 0.00338936
2 0.985 0.361111 0.03 0.204444 0.00314713
0 0.0646875 0.0846528 0.05375 0.0526389 0.00287819
2 0.96125 0.295 0.0375 0.0766667 0.00277901
0 0.0611328 0.0493229 0.0205469 0.0307986 0.00271416
0 0.0236328 0.597222 0.0472656 0.176667 0.00261116
0 0.00350342 0.122187 0.00700684 0.0722917 0.00257111
0 0.79 0.0276389 0.04 0.0473611 0.0024929
7 0.7 0.01125 0.00750001 0.0225 0.00247192
2 0.875 0.0694618 0.0475 0.0699653 0.00237846
0 0.0648828 0.0579167 0.0366406 0.0383333 0.00235939
2 0.25625 0.460556 0.024375 0.08 0.00225258
0 0.187188 0.0567882 0.028125 0.0578125 0.00201988
0 0.0180566 0.452222 0.0361133 0.125 0.00198746
5 0.0237109 0.604445 0.0474219 0.188889 0.00198746
2 0.263438 0.117361 0.036875 0.0869445 0.00191879
3 0.491563 0.0309722 0.00874999 0.0425 0.00185299
5 0.0190625 0.459444 0.0379688 0.14 0.00183868
2 0.88 0.0636806 0.0325 0.0570833 0.00178242
3 0.995 0.823333 0.00874996 0.0333333 0.00176144
2 0.86875 0.0767361 0.03375 0.06625 0.00174141
2 0.879375 0.0784722 0.0425 0.0677778 0.00174141
0 0.7975 0.07125 0.06 0.0422222 0.0017271
0 0.143828 0.06875 0.0454688 0.0586111 0.00156116
2 0.915 0.702222 0.00750001 0.0211112 0.00155449
2 0.996875 0.00940972 0.00624994 0.0188194 0.00152493
0 0.0642188 0.0347917 0.0401563 0.0456944 0.00149536
5 0.50125 0.537222 0.0925 0.142222 0.00144386
0 0.0960156 0.0831944 0.0367188 0.0513889 0.00141621
0 0.154063 0.0172135 0.0334375 0.0322396 0.00137806
2 0.410625 0.441667 0.05875 0.0955556 0.00133038
0 0.196406 0.0754167 0.0328125 0.0602778 0.00132465
2 0.8725 0.0683333 0.0175001 0.0516667 0.00130463
0 0.152969 0.0690451 0.049375 0.0632986 0.00128937
2 0.95 0.0920833 0.02 0.0636111 0.00120163
0 0.204219 0.0230556 0.036875 0.0336111 0.00118828
0 0.0692285 0.129757 0.0781055 0.0832639 0.00118351
0 0.324063 0.0425 0.026875 0.0583333 0.00116062
2 0.983125 0.285278 0.03125 0.1 0.00115585
2 0.94 0.787778 0.00999997 0.0255555 0.00104427
2 0.865 0.0683333 0.03 0.0572222 0.00103188
2 0.84875 0.174444 0.0475 0.0838889 0.00102806
0 0.7025 0.99 0.0425001 0.02 0.00102425
2 0.8625 0.073125 0.04 0.0675 0.00101662
