0 0.297656 0.762222 0.180937 0.288889 0.961914
0 0.0775391 0.757778 0.154609 0.28 0.956543
0 0.73625 0.825 0.1825 0.323333 0.950195
0 0.519063 0.696667 0.155 0.281111 0.946777
0 0.195273 0.239583 0.154453 0.123056 0.921875
0 0.67875 0.135833 0.13125 0.0938889 0.918945
0 0.2575 0.0522917 0.045625 0.0694444 0.89502
0 0.142188 0.0733333 0.05 0.0680556 0.884766
0 0.1975 0.137361 0.140625 0.107222 0.873047
0 0.768125 0.985556 0.17375 0.0266667 0.862305
0 0.323672 0.0415278 0.0426563 0.0688889 0.84375
0 0.801875 0.14625 0.135 0.105278 0.84375
0 0.19625 0.0609028 0.046875 0.0666667 0.820801
0 0.285625 0.0289497 0.03875 0.0534896 0.818848
0 0.0399219 0.0797917 0.04125 0.0551389 0.81543
2 0.09125 0.233056 0.04875 0.103889 0.8125
0 0.168906 0.045625 0.0359375 0.0548611 0.811523
0 0.233125 0.034375 0.036875 0.0543056 0.801758
2 0.0266357 0.235 0.039541 0.104444 0.800781
2 0.391875 0.21125 0.0475 0.111389 0.778809
2 0.93625 0.0508333 0.0175 0.0666667 0.771973
2 0.495 0.0905556 0.02 0.0597222 0.764648
2 0.97875 0.06875 0.015 0.0586111 0.73584
0 0.195156 0.0302083 0.0334375 0.0441667 0.710449
2 0.7475 0.0410417 0.0225 0.0559722 0.70752
0 0.488125 0.0264931 0.04 0.0529861 0.666992
0 0.34125 0.0257292 0.0325 0.0477083 0.625977
0 0.215938 0.0189497 0.028125 0.0364062 0.507812
2 0.63375 0.0923611 0.0362501 0.0625 0.439697
2 0.634375 0.0583333 0.0475 0.065 0.279785
0 0.197031 0.0232292 0.0346875 0.0410417 0.162354
2 0.74875 0.03125 0.02 0.0483333 0.150513
0 0.715 0.0120226 0.03125 0.0240104 0.113586
0 0.33625 0.0284028 0.03125 0.0481944 0.10376
0 0.259063 0.018316 0.034375 0.0366319 0.103394
2 0.637188 0.0679167 0.049375 0.0604167 0.0766602
2 0.978125 0.0836111 0.01625 0.0830556 0.0723877
2 0.715625 0.0895833 0.0175 0.0580556 0.0651245
0 0.3625 0.0115278 0.02625 0.0230556 0.0637207
0 0.355 0.018559 0.0275 0.0371181 0.0577087
2 0.633125 0.0559549 0.02375 0.0630903 0.0510864
0 0.366563 0.0101997 0.026875 0.0201563 0.0507202
3 0.6575 0.0675 0.0125 0.0475 0.0440063
2 0.715625 0.0836111 0.015 0.0547222 0.0377502
0 0.72375 0.0124306 0.035 0.0248611 0.037323
2 0.65625 0.0654861 0.01625 0.0513889 0.035675
0 0.359375 0.0155035 0.0275 0.0310069 0.0352783
0 0.0502734 0.0458333 0.0417969 0.0408333 0.0344849
2 0.995 0.0714583 0.00999997 0.06125 0.0340881
2 0.88625 0.0477951 0.0275 0.0519097 0.0325928
2 0.62875 0.0782639 0.03625 0.0643056 0.0318604
2 0.65125 0.0732639 0.02625 0.0526389 0.0284424
2 0.7075 0.0810417 0.0325 0.0548611 0.0230713
2 0.72375 0.089375 0.0275 0.06125 0.0178528
2 0.62875 0.0777083 0.02875 0.05625 0.0160217
2 0.8825 0.0517361 0.03 0.0601389 0.0158997
2 0.625 0.090625 0.02125 0.0648611 0.0158386
2 0.0251172 0.607639 0.0496875 0.166944 0.0144501
3 0.0867188 0.197222 0.028125 0.0683333 0.0123825
0 0.332813 0.0248611 0.030625 0.0418056 0.0122375
0 0.7 0.986944 0.0475 0.0261111 0.012146
2 0.7025 0.0911111 0.05125 0.0569445 0.0120544
7 0.980625 0.854445 0.00750001 0.0244445 0.0115509
2 0.0220117 0.570972 0.0429297 0.184722 0.0112915
0 0.7675 0.986389 0.1725 0.0272221 0.0108185
0 0.490313 0.0192361 0.03625 0.0384722 0.0106506
0 0.07125 0.070625 0.0403125 0.0504167 0.00857544
2 0.87375 0.0522396 0.03 0.0624653 0.00854492
0 0.0639844 0.0601389 0.0323438 0.0383333 0.00844574
0 0.765625 0.159167 0.06375 0.07 0.00803375
2 0.66 0.0888889 0.03 0.0580556 0.0078125
2 0.0264453 0.606111 0.0441406 0.124444 0.00766754
0 0.0211914 0.0593229 0.0394141 0.0457986 0.00748825
2 0.0868945 0.196667 0.0271484 0.0705556 0.00720596
0 0.29875 0.0167014 0.02875 0.0334028 0.00712204
2 0.65625 0.0851389 0.02125 0.0630556 0.0064621
0 0.771875 0.981111 0.14375 0.0222222 0.00624084
2 0.658125 0.0715278 0.0175 0.0483333 0.00593567
2 0.6825 0.0959722 0.08 0.0769444 0.00548935
0 0.373125 0.0128993 0.025 0.0257986 0.00547028
2 0.725 0.0791667 0.02875 0.07 0.00518036
3 0.0821094 0.201389 0.0307813 0.0727778 0.00510025
0 0.0482031 0.0395139 0.0424219 0.0529167 0.00502014
0 0.0195313 0.0684722 0.0387109 0.0605556 0.00482941
2 0.996875 0.0114236 0.00624994 0.0228472 0.00462723
0 0.37125 0.0106858 0.0325 0.0202951 0.00450516
2 0.70625 0.0141146 0.02 0.0282292 0.00445175
2 0.991875 0.0686806 0.01625 0.0595833 0.00419998
0 0.7025 0.0133941 0.01625 0.0237674 0.00407028
3 0.0275977 0.557222 0.0336328 0.157778 0.0039444
0 0.738125 0.988333 0.1125 0.0211112 0.00391388
2 0.638125 0.0881944 0.0475 0.0630556 0.00391388
2 0.0896094 0.201667 0.0395313 0.0761111 0.00383949
2 0.7 0.0766667 0.045 0.0541667 0.0037365
0 0.0635156 0.0564583 0.0395313 0.0401389 0.0037365
5 0.48625 0.0263194 0.0375 0.0526389 0.00342941
3 0.970625 0.692222 0.00750001 0.0222222 0.00342941
0 0.71375 0.0167708 0.0275 0.0320139 0.00337601
0 0.00524902 0.0522396 0.010498 0.0446875 0.00329781
2 0.83 0.0163194 0.00999997 0.0257639 0.00319672
0 0.0185254 0.679444 0.0370508 0.126667 0.00312424
2 0.985625 0.0734549 0.02875 0.0714236 0.00307465
0 0.289063 0.0181944 0.033125 0.0363889 0.0030632
2 0.0298242 0.217083 0.0279297 0.0802778 0.00305176
2 0.027207 0.643333 0.0541797 0.133333 0.00273705
0 0.155156 0.132917 0.0590625 0.0658333 0.00263214
1 0.729375 0.633333 0.24375 0.38 0.00263214
2 0.67875 0.0834722 0.065 0.0686111 0.00243378
0 0.0319141 0.675 0.0635156 0.117778 0.00243378
3 0.322422 0.0652083 0.0301562 0.0681944 0.00226021
2 0.0870313 0.214722 0.0403125 0.0861111 0.00225258
0 0.0604688 0.0770833 0.0409375 0.0547222 0.00175476
0 0.353125 0.0278125 0.03375 0.0527083 0.00173378
0 0.159063 0.142778 0.0665625 0.0841667 0.00167465
0 0.145234 0.0828472 0.0470312 0.0573611 0.00163555
0 0.4925 0.0181597 0.0275 0.0363194 0.0015974
2 0.760625 0.160833 0.05375 0.0694444 0.00158501
2 0.0300439 0.612222 0.0349121 0.0911111 0.00157356
2 0.8825 0.068125 0.0325 0.0755556 0.00153637
2 0.0195215 0.552361 0.0374805 0.148611 0.00148392
0 0.0129492 0.462222 0.0258984 0.116667 0.00143814
2 0.65375 0.113576 0.07625 0.0695139 0.00142097
2 0.934375 0.0677604 0.01625 0.0833681 0.00139904
3 0.0265625 0.547778 0.0228906 0.137778 0.00136662
0 0.718125 0.0175 0.0225 0.0327778 0.00133514
2 0.87875 0.0869444 0.0375 0.0716667 0.0012846
0 0.148438 0.126528 0.045625 0.0652778 0.00121117
0 0.0579688 0.131528 0.0609375 0.0897222 0.0012064
2 0.0151465 0.278056 0.0141992 0.0588889 0.00109005
2 0.65875 0.0634028 0.0225 0.0552778 0.00102425
2 0.693125 0.0802778 0.0612501 0.0616667 0.00101662
2 0.934375 0.0574306 0.02 0.0704167 0.00101662
