0 0.478125 0.716667 0.15625 0.288889 0.949707
0 0.213086 0.439444 0.121953 0.161667 0.942871
0 0.161914 0.951111 0.208047 0.0977778 0.929199
0 0.0380078 0.874444 0.0760156 0.211111 0.921387
0 0.143672 0.0677604 0.0495313 0.0739236 0.856934
0 0.317813 0.0470833 0.038125 0.0576389 0.829102
0 0.302969 0.106944 0.0803125 0.0797222 0.818848
0 0.253281 0.0510417 0.0440625 0.0729167 0.81543
0 0.3375 0.0268403 0.0325 0.0504861 0.78418
5 0.296563 0.0255469 0.05625 0.0507118 0.754883
0 0.284375 0.0684722 0.045625 0.0651389 0.647949
0 0.99125 0.546111 0.0175 0.151111 0.605957
0 0.57 0.0141753 0.0325 0.0278993 0.535156
0 0.72875 0.0122917 0.03125 0.0225694 0.519531
0 0.510625 0.00864583 0.0275 0.0168056 0.486328
0 0.352813 0.0183681 0.025625 0.0357639 0.329346
0 0.509375 0.0114583 0.025 0.0229167 0.185913
0 0.190469 0.0697222 0.03625 0.0559722 0.113159
0 0.360313 0.0125781 0.025625 0.0249826 0.100159
5 0.300312 0.0175694 0.050625 0.0351389 0.0566406
0 0.292969 0.0727778 0.0628125 0.0663889 0.0544128
2 0.910625 0.0329167 0.02 0.05125 0.0518494
0 0.310313 0.0331597 0.029375 0.0325694 0.0501404
0 0.364375 0.0115278 0.025 0.0223611 0.0318604
5 0.203438 0.050625 0.0659375 0.0965278 0.0275879
0 0.7225 0.0121528 0.0425 0.0243056 0.0270691
2 0.90875 0.0377951 0.02625 0.0546875 0.0269623
0 0.373438 0.00923611 0.02875 0.0174306 0.0178528
0 0.375 0.0126389 0.02375 0.0252778 0.0153046
0 0.0714844 0.0747222 0.0451563 0.0586111 0.0110321
5 0.27625 0.0264583 0.05875 0.0522222 0.0107346
0 0.0046875 0.193889 0.00933594 0.0791667 0.0104904
3 0.7 0.0108681 0.00750001 0.0217361 0.0102081
0 0.220625 0.064375 0.04 0.0581944 0.00919342
1 0.211563 0.0315278 0.05125 0.0611111 0.00912476
0 0.3525 0.0261892 0.033125 0.0485937 0.00894928
0 0.119688 0.0733333 0.0428125 0.0586111 0.00720596
2 0.90625 0.0434549 0.03 0.0586458 0.00570679
0 0.7175 0.0139931 0.045 0.0270139 0.00561905
2 0.99625 0.0109028 0.00749995 0.0218056 0.0055542
0 0.320078 0.0628472 0.0323438 0.0570833 0.00534439
0 0.0062207 0.197917 0.0124414 0.0758333 0.00503922
5 0.202813 0.0651563 0.07375 0.122465 0.00498199
0 0.260312 0.0252083 0.0340625 0.0381944 0.00460815
0 0.0496484 0.0411806 0.0433594 0.0543056 0.00436401
7 0.98 0.849444 0.00750001 0.0277778 0.00379562
5 0.212969 0.0292361 0.0475 0.0545833 0.00328636
0 0.214688 0.025 0.041875 0.0441667 0.00299263
2 0.69875 0.0135503 0.01 0.0252604 0.00276756
0 0.23875 0.05375 0.03 0.0588889 0.00254059
0 0.359688 0.0178385 0.034375 0.0346007 0.00247192
0 0.226563 0.0220139 0.020625 0.0351389 0.00243378
2 0.98 0.718889 0.00875003 0.0244445 0.00221634
0 0.991875 0.520556 0.01625 0.132222 0.00201988
2 0.90125 0.0379861 0.0275 0.0566667 0.00200272
0 0.1925 0.0589583 0.03375 0.0570833 0.0019722
0 0.231875 0.0350694 0.0209375 0.04625 0.00186729
2 0.99125 0.762222 0.00875003 0.0211111 0.00151253
2 0.914375 0.0394444 0.0325 0.0572222 0.00137234
0 0.87625 0.0848611 0.04 0.0627778 0.00129414
0 0.00736328 0.208333 0.0147266 0.0761111 0.00128937
5 0.98125 0.815556 0.03 0.0322222 0.00113392
0 0.510625 0.0192708 0.028125 0.0361111 0.00112438
0 0.186406 0.0884028 0.0484375 0.0743056 0.00108147
0 0.57875 0.0175694 0.0475 0.0351389 0.00100803
