0 0.0722266 0.726667 0.142734 0.244444 0.956543
0 0.49125 0.705 0.148125 0.273333 0.95459
0 0.246094 0.757778 0.187813 0.308889 0.95459
0 0.701875 0.695556 0.16625 0.274444 0.954102
0 0.155469 0.953889 0.229063 0.0922222 0.945312
0 0.795 0.96 0.2225 0.08 0.93457
0 0.309063 0.0527778 0.046875 0.0663889 0.896484
0 0.140469 0.0733333 0.0475 0.0655556 0.882324
5 0.202969 0.0550174 0.04625 0.0746875 0.876465
0 0.255781 0.0584028 0.044375 0.0641667 0.868652
0 0.23 0.0352083 0.035625 0.0502778 0.84082
2 0.96 0.0675694 0.0300001 0.0616667 0.821777
0 0.280313 0.0338194 0.0365625 0.0519444 0.812988
0 0.333203 0.0319792 0.0385938 0.0536806 0.810547
0 0.0331055 0.0847917 0.0458203 0.06375 0.795898
0 0.260156 0.0206597 0.0340625 0.0399306 0.751953
0 0.351875 0.0188542 0.0275 0.0377083 0.726562
0 0.303125 0.0167708 0.03125 0.0335417 0.654785
0 0.177031 0.0470139 0.0303125 0.0533333 0.629883
0 0.211875 0.0195486 0.03125 0.0389583 0.618652
2 0.83625 0.0524826 0.025 0.0592014 0.59082
0 0.0146777 0.07125 0.0293555 0.0558333 0.276611
0 0.00751953 0.0765972 0.0149609 0.0519444 0.270508
0 0.00541992 0.0819444 0.0107617 0.0508333 0.267334
0 0.210313 0.0259722 0.03375 0.0377778 0.246582
2 0.37625 0.0747222 0.0425 0.0713889 0.218628
0 0.367188 0.011441 0.023125 0.0228819 0.149536
0 0.00847168 0.06875 0.0167871 0.0538889 0.123352
2 0.845 0.0501389 0.03 0.0597222 0.0812378
2 0.88125 0.0861111 0.0325 0.0416667 0.0579224
2 0.855 0.0477951 0.0175 0.0594097 0.0554199
0 0.376875 0.0733333 0.04375 0.0755556 0.0514526
2 0.883125 0.0695139 0.0325 0.06625 0.0476074
2 0.811875 0.0146528 0.01125 0.0261806 0.0408325
0 0.345313 0.0186806 0.02875 0.0373611 0.0278473
0 0.0196875 0.0538889 0.0359375 0.0409722 0.024231
2 0.83 0.0355556 0.0125 0.0383333 0.0224609
0 0.0138281 0.0825 0.0273047 0.0513889 0.0217743
0 0.173125 0.0199306 0.033125 0.0280556 0.0191956
2 0.385625 0.0767361 0.02625 0.0695833 0.0189819
0 0.19625 0.0327778 0.039375 0.0461111 0.0162811
0 0.371563 0.0121528 0.02375 0.0243056 0.0141754
2 0.885625 0.036875 0.015 0.045 0.0141144
0 0.178125 0.0216319 0.024375 0.0271528 0.0139008
2 0.88625 0.0473611 0.02625 0.0566667 0.0125732
0 0.175469 0.0366667 0.0315625 0.0459722 0.0124283
2 0.884375 0.0553993 0.0275 0.0678125 0.0120544
0 0.0242773 0.0501389 0.0391797 0.0502778 0.0111618
2 0.88625 0.0373958 0.025 0.0510417 0.0111618
0 0.02125 0.0770833 0.0385156 0.0540278 0.0109024
0 0.00475586 0.0980556 0.00951172 0.0736111 0.0108566
0 0.373125 0.00982639 0.0275 0.01875 0.0104904
0 0.384375 0.0685937 0.05 0.0664236 0.0102463
0 0.3625 0.0146441 0.0325 0.029184 0.0100555
0 0.156016 0.0206337 0.0376562 0.0390104 0.00989532
2 0.83 0.0501389 0.03625 0.0577778 0.00978088
2 0.0401465 0.539028 0.048457 0.133056 0.00933838
2 0.85625 0.0455556 0.02375 0.0629167 0.00871277
0 0.0632813 0.0795833 0.04625 0.0502778 0.00812531
0 0.226406 0.0415278 0.0325 0.0559722 0.00746155
0 0.88 0.0843056 0.035 0.05 0.00634003
0 0.1575 0.0258333 0.0425 0.0486111 0.006073
7 0.699375 0.0112326 0.00625 0.0224653 0.00498199
2 0.829375 0.0235417 0.015 0.0352778 0.00482941
0 0.0369141 0.0584028 0.0444531 0.0409722 0.00457382
2 0.88125 0.0788889 0.035 0.0552778 0.00450516
2 0.8125 0.0189236 0.0125 0.0309722 0.0042305
2 0.166563 0.0877778 0.01875 0.0555556 0.00395966
2 0.0327148 0.62 0.0651953 0.131111 0.00362206
2 0.9925 0.762222 0.00750001 0.0188889 0.00324821
2 0.81 0.0136458 0.0175001 0.0244444 0.00305176
2 0.885 0.0299306 0.0125 0.0447222 0.00300407
0 0.0339063 0.0472917 0.0560938 0.0568056 0.00298119
0 0.393125 0.0636111 0.05625 0.0622222 0.00252151
0 0.048291 0.0531944 0.0356055 0.0386111 0.0024147
2 0.996875 0.0149653 0.00624994 0.0299306 0.00239754
0 0.0523828 0.0751389 0.0332031 0.04875 0.002388
2 0.0287158 0.531389 0.0241309 0.112778 0.00234222
2 0.031167 0.564583 0.0299316 0.141944 0.00232315
3 0.994375 0.823333 0.00749995 0.0244444 0.00224304
2 0.835 0.0264583 0.025 0.0429167 0.00218201
0 0.0427344 0.0720833 0.0359375 0.0461111 0.00214958
2 0.178125 0.08625 0.034375 0.0586111 0.0019722
2 0.3975 0.0741493 0.046875 0.0742014 0.00192642
0 0.00442871 0.0503472 0.00885742 0.0556944 0.00181007
2 0.0230078 0.581111 0.0452344 0.175556 0.00179577
2 0.170156 0.0978472 0.023125 0.0634722 0.0017004
3 0.176094 0.0625174 0.0309375 0.0638542 0.00167465
0 0.70875 0.986667 0.0525 0.0266666 0.00161076
5 0.50625 0.545 0.09125 0.146667 0.00156116
2 0.0303125 0.612778 0.0325 0.0866667 0.00153637
0 0.00459961 0.118611 0.00919922 0.0711111 0.00149536
0 0.0561719 0.0461806 0.0284375 0.03125 0.00143242
7 0.98 0.852778 0.00750001 0.0255556 0.00137806
2 0.0325781 0.6 0.0266406 0.06 0.00133514
2 0.0565234 0.631111 0.112891 0.08 0.00133514
2 0.266719 0.459722 0.05125 0.112778 0.00124454
0 0.88125 0.101458 0.035 0.0629167 0.00112438
0 0.118047 0.69 0.0507813 0.14 0.00109863
0 0.19625 0.0765278 0.0325 0.0586111 0.00108624
3 0.38125 0.0763889 0.02625 0.0763889 0.00106525
0 0.014668 0.988889 0.0246094 0.02 0.00104427
0 0.0466016 0.0793056 0.0339063 0.0519444 0.00104046
2 0.995 0.818889 0.00750001 0.0222222 0.00104046
