0 0.245469 0.757222 0.188438 0.307778 0.956543
0 0.700625 0.695556 0.16625 0.274444 0.953125
0 0.49125 0.703333 0.1475 0.268889 0.95166
0 0.155625 0.953889 0.22875 0.0922222 0.945312
0 0.79375 0.959444 0.2225 0.0811111 0.936035
5 0.200781 0.0556944 0.0465625 0.0751389 0.898926
0 0.58125 0.0464063 0.0425 0.0602431 0.891602
0 0.308438 0.0527083 0.046875 0.0665278 0.883301
0 0.255781 0.0591667 0.044375 0.0631944 0.870605
0 0.229375 0.0352778 0.0375 0.0527778 0.841797
2 0.9475 0.0640278 0.0300001 0.0568056 0.818848
0 0.26125 0.0205556 0.035625 0.0411111 0.804199
0 0.33375 0.03125 0.03625 0.055 0.790527
0 0.0326367 0.0852083 0.0431641 0.0623611 0.779785
0 0.0153027 0.0697222 0.0306055 0.0525 0.622559
2 0.8975 0.0597396 0.0375 0.0638542 0.515625
0 0.351875 0.0168403 0.0275 0.0331944 0.507812
0 0.172656 0.0690972 0.0303125 0.0495833 0.453369
5 0.0249414 0.649444 0.0498047 0.19 0.415771
0 0.197812 0.0830556 0.03625 0.0572222 0.24939
2 0.890625 0.0640278 0.02875 0.0659722 0.172729
0 0.00523926 0.0795833 0.010459 0.0530556 0.133911
2 0.88375 0.0469444 0.035 0.0570833 0.112
0 0.711875 0.00947917 0.02125 0.0189583 0.0621033
2 0.197813 0.0869444 0.038125 0.0488889 0.0572815
2 0.8825 0.0423611 0.0275 0.0552778 0.0568542
0 0.339063 0.0236198 0.025625 0.0435938 0.0564575
0 0.0145898 0.0798611 0.0288281 0.0526389 0.0401001
2 0.9025 0.0538889 0.02375 0.0569444 0.0269623
0 0.0239648 0.05875 0.0346484 0.0391667 0.024704
0 0.0605566 0.0777778 0.0420117 0.0463889 0.0222931
0 0.197188 0.0443229 0.04 0.0532986 0.0198669
2 0.884375 0.0504167 0.02625 0.0544444 0.018692
0 0.3675 0.00878472 0.02375 0.0175694 0.0186157
0 0.318438 0.043316 0.02875 0.0558681 0.0177765
0 0.0575781 0.08375 0.045 0.0536111 0.0156021
2 0.173594 0.070625 0.03125 0.0529167 0.0154877
2 0.88375 0.075 0.035 0.0727778 0.0139542
2 0.893125 0.0523438 0.03875 0.0547569 0.0130234
0 0.0546875 0.0763889 0.0346094 0.0477778 0.0129242
0 0.175313 0.0638194 0.031875 0.05625 0.0115967
5 0.0241016 0.608889 0.0482031 0.242222 0.00926971
0 0.344375 0.0184375 0.0275 0.036875 0.00919342
0 0.284687 0.0367361 0.0275 0.0519444 0.00874329
2 0.81125 0.013533 0.00999997 0.0252951 0.00787354
2 0.845 0.0142708 0.0125 0.0255556 0.00743103
2 0.81125 0.0147222 0.01375 0.0265278 0.00723267
0 0.00470215 0.0484722 0.0094043 0.0511111 0.0068779
0 0.881875 0.0806944 0.03875 0.0669444 0.00661469
0 0.287344 0.0311458 0.034375 0.0557639 0.00621796
0 0.232969 0.0428472 0.0334375 0.0544444 0.00612259
0 0.314063 0.0415278 0.050625 0.0605556 0.0050621
5 0.289063 0.0220139 0.031875 0.0426389 0.00457382
0 0.288125 0.0222569 0.031875 0.0421528 0.00439835
0 0.70625 0.0111806 0.025 0.0213194 0.00407028
0 0.1875 0.0520833 0.02375 0.0593056 0.00399017
2 0.88625 0.0334375 0.03375 0.0534028 0.00397491
0 0.210625 0.0582639 0.033125 0.0580556 0.00359344
2 0.27 0.449444 0.045625 0.09 0.00333786
0 0.9475 0.0625174 0.0300001 0.0577431 0.00332451
0 0.00425293 0.101181 0.00850586 0.07375 0.00328636
0 0.0448047 0.056875 0.0314062 0.0401389 0.00327301
2 0.808125 0.0111111 0.01625 0.0204861 0.00324821
0 0.0100098 0.907778 0.0200195 0.0933333 0.00321007
0 0.0386133 0.0598611 0.0392578 0.0405556 0.00293541
0 0.0225 0.0503472 0.0414844 0.0523611 0.00286674
7 0.98 0.848889 0.00750001 0.0266667 0.0028553
3 0.491875 0.0275 0.00812499 0.0420833 0.00282288
2 0.84375 0.0148698 0.01875 0.027066 0.00276756
0 0.167344 0.0679167 0.033125 0.0513889 0.0027256
0 0.00922852 0.926667 0.018457 0.0766667 0.00264168
0 0.322188 0.0190365 0.03 0.0365104 0.00263214
2 0.88125 0.0544444 0.035 0.06125 0.00259018
0 0.956875 0.692222 0.01875 0.0155555 0.00259018
2 0.88375 0.0323264 0.02 0.0484028 0.00223351
2 0.845 0.0193663 0.015 0.0346007 0.00218201
0 0.197188 0.0761111 0.04125 0.0722222 0.00218201
0 0.215781 0.0261111 0.0309375 0.0377778 0.00216484
0 0.311875 0.0138281 0.02625 0.0256771 0.00213242
2 0.89625 0.070625 0.03375 0.0776389 0.00183868
0 0.0722266 0.0723611 0.0369531 0.0425 0.00181007
2 0.996875 0.0183681 0.00624994 0.0367361 0.00156116
2 0.83875 0.0159635 0.0275 0.0282118 0.00155449
0 0.0406641 0.0672222 0.0430469 0.0419444 0.0015192
2 0.9025 0.0507639 0.0325 0.0529167 0.00151253
0 0.154844 0.0221528 0.0396875 0.04125 0.00143242
0 0.0330078 0.0447222 0.0547656 0.0583333 0.00137806
0 0.374375 0.00991319 0.0275 0.0198264 0.00135612
0 0.37125 0.0104861 0.025625 0.0209722 0.00129986
0 0.0492969 0.0909722 0.0428125 0.0619445 0.00126457
3 0.493125 0.0238194 0.00874999 0.0418056 0.00124454
0 0.0617188 0.0479167 0.02 0.0333333 0.0012064
0 0.207188 0.0409028 0.045625 0.0531944 0.00117397
0 0.0136719 0.94 0.0273438 0.117778 0.0011692
2 0.80125 0.0123524 0.0175 0.0218229 0.00109005
5 0.905 0.254931 0.11 0.102361 0.00106907
0 0.705 0.0122569 0.015 0.0245139 0.00104809
2 0.99625 0.021875 0.00749995 0.04375 0.00104427
2 0.81125 0.0219444 0.0125 0.0390278 0.00104046
