0 0.0776563 0.757222 0.154531 0.283333 0.954102
0 0.644375 0.471111 0.12625 0.211111 0.942383
0 0.4625 0.419444 0.1125 0.186667 0.938965
0 0.489375 0.218889 0.07375 0.107778 0.933594
0 0.366875 0.233472 0.07875 0.124167 0.928711
0 0.613125 0.155278 0.06 0.0894445 0.919434
0 0.0376953 0.194861 0.0753906 0.1125 0.901367
0 0.400313 0.138854 0.06 0.0817361 0.900391
0 0.508438 0.110139 0.05375 0.0766667 0.898438
0 0.503438 0.0339236 0.036875 0.0532639 0.878906
0 0.429688 0.0437326 0.041875 0.0600347 0.875
0 0.169375 0.130972 0.0653125 0.0833333 0.865234
0 0.192656 0.0382118 0.0415625 0.0574653 0.833496
0 0.144922 0.0742361 0.0485938 0.0698611 0.832031
0 0.324375 0.043125 0.043125 0.0659722 0.830078
0 0.0409375 0.0791667 0.0416406 0.0502778 0.827637
0 0.230313 0.0434722 0.041875 0.0606944 0.760742
0 0.0575 0.124444 0.061875 0.0697222 0.743164
0 0.341875 0.0257639 0.036875 0.0497222 0.694336
0 0.294375 0.0223003 0.0309375 0.0427604 0.503906
1 0.561875 0.0574306 0.03125 0.0884722 0.479492
0 0.56125 0.0078125 0.0325 0.015625 0.451416
2 0.911875 0.0281597 0.015 0.0439583 0.37207
0 0.469375 0.0111458 0.029375 0.0222917 0.327637
0 0.262188 0.0132031 0.02125 0.0237326 0.303955
0 0.465625 0.0137153 0.025 0.0274306 0.168823
0 0.260938 0.0149479 0.021875 0.0298958 0.140869
0 0.360625 0.0141667 0.02625 0.0283333 0.111633
0 0.3375 0.0261111 0.03375 0.0436111 0.106323
0 0.296875 0.0161111 0.02625 0.0322222 0.0872803
0 0.35625 0.0165104 0.02375 0.0330208 0.0797729
0 0.47 0.0171528 0.0275 0.0336111 0.0718384
2 0.423125 0.735556 0.05875 0.131111 0.069519
0 0.37625 0.012691 0.02125 0.0253819 0.0564575
0 0.367188 0.0116319 0.020625 0.0232639 0.0558167
0 0.264219 0.0108333 0.0246875 0.0211111 0.0432129
0 0.232344 0.0166319 0.0403125 0.031875 0.041626
1 0.56125 0.0124826 0.0325 0.0249653 0.0314941
0 0.2925 0.0278819 0.036875 0.0497917 0.0305634
0 0.374375 0.00913194 0.025 0.0182639 0.0274811
3 0.970625 0.733889 0.00875003 0.0388889 0.0212097
0 0.18625 0.0675 0.035625 0.0594444 0.0191956
0 0.310625 0.0119792 0.023125 0.0223611 0.0184784
0 0.00404297 0.237639 0.00808594 0.0908333 0.0148392
0 0.341875 0.0197222 0.03 0.0394444 0.0142822
0 0.241875 0.0165625 0.046875 0.033125 0.0139008
3 0.97 0.693333 0.00750001 0.0222222 0.0116882
0 0.254688 0.0786111 0.03375 0.0594444 0.00963593
0 0.603125 0.0119358 0.015 0.0227951 0.00861359
0 0.222344 0.0145139 0.0340625 0.0236111 0.00847626
0 0.0724219 0.0754167 0.03625 0.0483333 0.00677109
0 0.184063 0.0564583 0.033125 0.0483333 0.006073
0 0.00579102 0.218472 0.011582 0.0947222 0.00591278
3 0.990625 0.76 0.00750001 0.0266667 0.00561905
0 0.0437402 0.0715278 0.0393945 0.0469444 0.0055542
6 0.424375 0.734444 0.05875 0.131111 0.00524139
3 0.94 0.792222 0.00999997 0.04 0.00524139
0 0.599375 0.0114236 0.0125 0.0214583 0.0049057
0 0.607813 0.0119531 0.024375 0.0224826 0.00479126
0 0.56625 0.00873264 0.033125 0.0174653 0.00457382
2 0.91125 0.0358681 0.01875 0.0579861 0.00418091
0 0.47375 0.0127431 0.025 0.0251389 0.00390053
0 0.210313 0.0304167 0.02375 0.0391667 0.00372124
0 0.0491016 0.0499826 0.0510156 0.0392014 0.00369263
0 0.259375 0.0676389 0.039375 0.0605556 0.00352478
0 0.322422 0.0343056 0.0426562 0.0563889 0.00351143
0 0.190938 0.0695139 0.039375 0.0698611 0.00342941
0 0.219063 0.0143056 0.019375 0.0286111 0.00329781
4 0.423438 0.737778 0.056875 0.121111 0.00311089
0 0.0442969 0.0573611 0.0442188 0.0388889 0.00307465
0 0.286563 0.0358681 0.0375 0.0572917 0.00265312
0 0.311406 0.0343056 0.0246875 0.0513889 0.00263214
0 0.68 0.466111 0.05375 0.2 0.0024147
0 0.0436035 0.0541493 0.0368555 0.0328125 0.00235939
0 0.0671094 0.0784722 0.0460938 0.0502778 0.00234222
3 0.828125 0.01625 0.00874996 0.0250694 0.00232315
0 0.055166 0.0663889 0.032168 0.04 0.00218201
1 0.057334 0.0434028 0.0768945 0.0865278 0.0020504
1 0.56125 0.0197222 0.0325 0.0390278 0.00181007
0 0.268125 0.0205903 0.034375 0.036875 0.00176811
0 0.0136719 0.200417 0.0273438 0.0886111 0.00146103
0 0.98875 0.732222 0.01 0.0233333 0.00141621
0 0.0562402 0.0355208 0.059707 0.0614583 0.00138283
0 0.0588281 0.0435417 0.0267188 0.03625 0.00136662
0 0.155078 0.0703472 0.0335938 0.0620833 0.00136662
5 0.7425 0.851111 0.08 0.148889 0.00135612
0 0.252813 0.0448611 0.03375 0.0725 0.00131512
0 0.16125 0.0307986 0.04125 0.0503472 0.00130939
0 0.04875 0.08625 0.0439844 0.0597222 0.00129986
0 0.147734 0.0896528 0.0457813 0.0479167 0.0012846
2 0.991875 0.755 0.00750001 0.0288889 0.00115108
0 0.3475 0.0280469 0.04125 0.0540451 0.00113392
0 0.499688 0.0096875 0.028125 0.019375 0.00106525
0 0.0642578 0.0301042 0.0539844 0.0542361 0.00101662
