0 0.242227 0.755556 0.177422 0.28 0.95166
0 0.47875 0.721111 0.156875 0.297778 0.949707
0 0.741875 0.0609722 0.06625 0.0627778 0.919434
0 0.147969 0.971111 0.21625 0.0577777 0.918945
0 0.5775 0.0860417 0.11375 0.0723611 0.913574
0 0.0181152 0.0847222 0.0362305 0.0713889 0.902832
2 0.60875 0.190694 0.065 0.107778 0.887695
0 0.31 0.0556944 0.043125 0.06 0.831055
0 0.133125 0.0733333 0.05125 0.0730556 0.830078
5 0.288438 0.0270486 0.068125 0.0525694 0.818848
0 0.25375 0.0509722 0.04625 0.0677778 0.801758
0 0.340547 0.0288889 0.0439062 0.0548611 0.785156
0 0.197031 0.0638889 0.045 0.0633333 0.774414
0 0.78 0.0339583 0.04 0.0569444 0.71875
0 0.288281 0.0940278 0.0765625 0.0791667 0.713867
0 0.299688 0.0949306 0.055 0.0754167 0.320801
0 0.0699609 0.0727778 0.0432031 0.0577778 0.250977
0 0.362813 0.0157639 0.03125 0.0306944 0.172729
0 0.275469 0.0916667 0.0521875 0.08 0.172119
0 0.279063 0.0830555 0.038125 0.0769444 0.142212
0 0.279375 0.0606944 0.03125 0.0372222 0.0812378
5 0.0210938 0.68 0.0421875 0.197778 0.0661011
0 0.282031 0.0659722 0.0265625 0.0533333 0.0651245
1 0.849375 0.102986 0.095 0.119306 0.062561
2 0.835625 0.0190625 0.0225 0.0334722 0.0481262
0 0.265 0.0454861 0.02625 0.0556944 0.0430298
0 0.280313 0.0715972 0.034375 0.0606944 0.0389099
5 0.850625 0.1 0.09375 0.112778 0.0174408
0 0.775625 0.0385417 0.03875 0.05125 0.0133743
2 0.8375 0.0211892 0.0275 0.0406771 0.0124817
0 0.84375 0.0711111 0.085 0.0598611 0.0109024
0 0.372813 0.0111111 0.036875 0.0215972 0.00926971
0 0.370625 0.0140625 0.02875 0.028125 0.00878143
0 0.100078 0.0764583 0.04375 0.0584722 0.00731659
7 0.98 0.849444 0.00999997 0.0277778 0.00706482
0 0.0957813 0.0876389 0.0353125 0.0594444 0.00671768
0 0.84875 0.0980556 0.095 0.115556 0.00508118
5 0.0161914 0.678889 0.0323828 0.164444 0.00397491
0 0.0739453 0.02875 0.0394531 0.0505556 0.00376511
0 0.307813 0.0913889 0.041875 0.0666667 0.00337601
0 0.311563 0.0196528 0.034375 0.0381944 0.00325966
2 0.0939844 0.0981944 0.0317188 0.0633333 0.00300407
0 0.303281 0.0639583 0.0434375 0.0631944 0.0028553
2 0.994375 0.818333 0.00875003 0.0233333 0.00261116
3 0.97125 0.83 0.00750001 0.0277778 0.00255013
3 0.618125 0.146528 0.03125 0.0908333 0.00243378
5 0.8675 0.101667 0.05875 0.104444 0.0024147
5 0.288906 0.0267361 0.0696875 0.0534722 0.00230598
0 0.125625 0.0383333 0.04375 0.0495833 0.00210762
0 0.0140723 0.401944 0.0281445 0.0938889 0.00171375
0 0.82875 0.0323611 0.0550001 0.055 0.00169373
0 0.335313 0.022092 0.0375 0.0441493 0.0016613
2 0.83625 0.0293403 0.0325 0.0510417 0.00162315
0 0.3825 0.0119444 0.031875 0.0238889 0.00161648
0 0.15125 0.00949653 0.0346875 0.0189931 0.00161076
0 0.1725 0.0584549 0.04375 0.0519792 0.00156116
0 0.310156 0.0752778 0.0428125 0.0766667 0.00151253
2 0.995 0.822222 0.00750001 0.0222222 0.00151253
0 0.0707422 0.0528993 0.0407031 0.0472569 0.00147247
2 0.99 0.761111 0.00999997 0.0233333 0.00139904
2 0.844375 0.03375 0.0175001 0.0445833 0.00124454
0 0.015957 0.682778 0.0319141 0.158889 0.00123978
2 0.996875 0.0108333 0.00624994 0.0216667 0.00123501
0 0.0503125 0.0514583 0.0407031 0.0529167 0.00112915
0 0.8725 0.140556 0.0449999 0.07 0.00110722
0 0.828125 0.0123611 0.0375 0.02375 0.00109863
2 0.8425 0.0199306 0.0275 0.0386111 0.00107288
0 0.874375 0.0965278 0.04625 0.0791667 0.00105667
0 0.0954492 0.106042 0.0347266 0.07375 0.00105667
