0 0.0721094 0.726667 0.142969 0.246667 0.958984
0 0.246406 0.756667 0.188438 0.306667 0.953125
0 0.49125 0.705556 0.1475 0.275556 0.952148
0 0.701406 0.695556 0.167188 0.275556 0.95166
0 0.155313 0.953889 0.23 0.0922222 0.944336
0 0.795 0.960278 0.2225 0.0794444 0.93457
0 0.48875 0.209028 0.15125 0.119722 0.925781
0 0.078711 0.293333 0.153828 0.142778 0.905273
0 0.95 0.152222 0.085 0.0913889 0.901367
0 0.0644922 0.184306 0.126641 0.0947222 0.898438
0 0.47375 0.0487326 0.0475 0.0630903 0.887207
5 0.202813 0.0563194 0.045625 0.0734722 0.875977
0 0.140469 0.0743056 0.0478125 0.0654167 0.875977
0 0.308125 0.0527604 0.04625 0.0667014 0.868652
0 0.255938 0.0584028 0.043125 0.0629167 0.859863
0 0.229375 0.0365278 0.036875 0.0533333 0.833496
0 0.335703 0.0310417 0.0360937 0.05375 0.796875
0 0.260313 0.0197569 0.0328125 0.039375 0.779785
2 0.343672 0.145833 0.0501562 0.0922222 0.767578
0 0.0340039 0.0834722 0.0473047 0.0613889 0.754883
0 0.3525 0.0208681 0.0275 0.0415972 0.699219
0 0.28 0.0348264 0.0325 0.0484028 0.679199
0 0.1775 0.0477951 0.031875 0.0532986 0.613281
0 0.302813 0.0163889 0.03375 0.0320833 0.584961
0 0.0134766 0.0709722 0.0269531 0.0577778 0.476562
0 0.210938 0.0189236 0.031875 0.0378472 0.46875
2 0.0088916 0.265556 0.0177832 0.0911111 0.336426
0 0.209375 0.0263889 0.0325 0.0390278 0.202393
0 0.00654785 0.0839583 0.0130762 0.0531944 0.140869
0 0.155 0.0126476 0.028125 0.0248438 0.116333
0 0.36625 0.0112153 0.0225 0.0224306 0.0963745
0 0.0109473 0.0790278 0.0218555 0.0566667 0.0812378
0 0.302813 0.0410938 0.046875 0.0564236 0.0651245
0 0.338125 0.0253559 0.03375 0.0467882 0.0648804
0 0.32125 0.0401389 0.02375 0.0522222 0.0596619
0 0.0704297 0.0675 0.0410156 0.0494444 0.0566406
0 0.0394141 0.162083 0.0752344 0.0644445 0.0273743
0 0.153594 0.0254861 0.0346875 0.0481944 0.0225372
0 0.0648438 0.0770833 0.049375 0.0602778 0.0214539
3 0.3325 0.102639 0.02125 0.0677778 0.0202484
2 0.331563 0.113056 0.028125 0.0794444 0.0193481
0 0.0666406 0.0614583 0.0398438 0.0368056 0.0186157
2 0.331328 0.100833 0.0248437 0.0722222 0.0184784
2 0.00859863 0.239861 0.0170605 0.0947222 0.0181274
0 0.0402344 0.1575 0.0590625 0.0633333 0.0168457
0 0.00532715 0.101181 0.0106348 0.0773611 0.0157166
2 0.0158594 0.224583 0.0317188 0.106389 0.0153656
0 0.343125 0.0192014 0.029375 0.0384028 0.0148392
2 0.0151172 0.283403 0.0301563 0.0943055 0.0146713
0 0.360625 0.0148611 0.030625 0.0295139 0.0137939
2 0.0195508 0.270069 0.0391016 0.106528 0.0127716
0 0.0382617 0.0735417 0.0430859 0.0479167 0.0126724
2 0.0172754 0.202222 0.0345508 0.0891667 0.0108566
2 0.0166797 0.238056 0.0333594 0.146667 0.0101318
0 0.171523 0.0192361 0.0307031 0.0279861 0.0100098
0 0.00432129 0.115 0.00862305 0.0772222 0.00818634
0 0.197813 0.035 0.04125 0.0486111 0.0078125
0 0.0548535 0.0488194 0.0373242 0.0406944 0.0077858
0 0.46625 0.0580556 0.03375 0.0456944 0.00669098
0 0.0325 0.0567361 0.0485938 0.0426389 0.00651169
0 0.174219 0.0364583 0.033125 0.0494444 0.00643921
0 0.175469 0.0216667 0.0278125 0.0276389 0.00634003
2 0.33875 0.0961806 0.03375 0.0723611 0.00619125
2 0.31 0.118576 0.029375 0.0834028 0.00619125
0 0.062334 0.0857639 0.0473633 0.0559722 0.00600433
0 0.0425879 0.0559028 0.0499805 0.0434722 0.00568771
0 0.0638672 0.0535938 0.0216406 0.0339236 0.0053215
0 0.3725 0.0122917 0.02375 0.0245833 0.00521851
3 0.97 0.732222 0.00750001 0.0377778 0.00471878
2 0.0230664 0.287847 0.0457422 0.102083 0.00426483
2 0.34375 0.0847222 0.04 0.0697222 0.0042305
0 0.00474121 0.0499306 0.00948242 0.0531944 0.00405502
0 0.0108984 0.215556 0.0216406 0.0733333 0.00391388
0 0.00503906 0.139583 0.0100781 0.0702778 0.00388527
0 0.0124121 0.0985417 0.0238867 0.0618056 0.00372124
2 0.169336 0.09 0.0244531 0.0638889 0.00353813
2 0.312344 0.110417 0.0359375 0.0858333 0.00344276
3 0.33625 0.0956944 0.025 0.0719445 0.00340271
0 0.0632031 0.156528 0.103281 0.055 0.00322342
0 0.0544922 0.0745833 0.0357813 0.05375 0.00318527
0 0.0573438 0.0358333 0.0303125 0.0430556 0.00312424
2 0.177813 0.09 0.0365625 0.0652778 0.00269318
0 0.0516406 0.0360417 0.0417969 0.0475 0.00247192
0 0.00471191 0.160278 0.00942383 0.0605555 0.00247192
2 0.339688 0.0943056 0.046875 0.0863889 0.00245285
0 0.0111719 0.294722 0.0223438 0.108333 0.00234222
0 0.148984 0.0208333 0.0382813 0.04 0.00215721
0 0.473438 0.0170833 0.039375 0.0241667 0.00211525
0 0.0218359 0.12559 0.0432031 0.0838194 0.00200272
0 0.0293359 0.0539583 0.0496094 0.0601389 0.00192642
0 0.03875 0.0491667 0.061875 0.0636111 0.00186729
0 0.0464941 0.0430556 0.0518555 0.0558333 0.00179577
2 0.337422 0.126806 0.0414063 0.0872222 0.00176811
2 0.0210156 0.0985417 0.0291406 0.0606945 0.00175476
2 0.811875 0.0178472 0.00999997 0.0279167 0.00168705
0 0.0567969 0.64 0.113594 0.0755555 0.00162315
0 0.0420703 0.3175 0.0791406 0.0888889 0.00159168
3 0.69875 0.0106944 0.00750001 0.0213889 0.00159168
0 0.37375 0.00986111 0.02625 0.0188889 0.00154877
0 0.175977 0.0606771 0.0330469 0.0678125 0.00152493
0 0.150781 0.0137674 0.0278125 0.0275347 0.00133038
0 0.0131152 0.0544271 0.0258789 0.0605903 0.0011158
0 0.00934082 0.178611 0.0186816 0.0611111 0.00105667
2 0.99125 0.757778 0.00999997 0.03 0.00102806
0 0.3425 0.0921528 0.053125 0.103472 0.00101185
