0 0.0698438 0.727778 0.139688 0.275556 0.957031
0 0.12002 0.172361 0.103086 0.0858333 0.921387
0 0.482188 0.271597 0.148125 0.132361 0.92041
0 0.85625 0.375278 0.1475 0.150556 0.917969
0 0.0597266 0.349444 0.119141 0.133333 0.905762
5 0.202656 0.0540278 0.0471875 0.0754167 0.878906
2 0.221719 0.198611 0.049375 0.095 0.867676
0 0.331875 0.0303125 0.04 0.0550694 0.836426
2 0.194375 0.366667 0.0553125 0.144444 0.834961
2 0.634375 0.201806 0.0625 0.103611 0.819824
0 0.300938 0.0559028 0.045 0.0606944 0.81543
0 0.312031 0.0989583 0.0753125 0.08125 0.813965
0 0.244063 0.0263889 0.0375 0.0522222 0.800781
2 0.505625 0.180556 0.05375 0.0825 0.796875
2 0.91875 0.0659722 0.0325 0.0638889 0.732422
2 0.95625 0.0676389 0.025 0.06375 0.598145
0 0.246406 0.069375 0.0390625 0.0638889 0.341553
3 0.95625 0.0717882 0.0175 0.0700347 0.248047
0 0.3525 0.0180903 0.0325 0.0361806 0.220703
0 0.8975 0.374444 0.065 0.141111 0.146118
0 0.358125 0.01625 0.031875 0.0322222 0.0653687
0 0.3675 0.0102083 0.0275 0.02 0.0545959
1 0.0714844 0.0469444 0.0907813 0.0909722 0.0438538
0 0.115781 0.0201389 0.0409375 0.0397222 0.0367737
0 0.21875 0.0197917 0.029375 0.0359722 0.0319824
0 0.180625 0.0577778 0.0253125 0.0598611 0.0306702
0 0.197812 0.0431771 0.039375 0.0528125 0.0280151
0 0.220625 0.039566 0.0196875 0.0503125 0.0276947
2 0.92625 0.0723438 0.01625 0.0736458 0.0228882
0 0.248281 0.0165451 0.03 0.0330903 0.0220337
0 0.1775 0.0657639 0.026875 0.0456944 0.0212097
0 0.219844 0.0316667 0.02375 0.0455556 0.0207214
1 0.0604688 0.0371181 0.0640625 0.0704861 0.0189056
0 0.193438 0.0472222 0.030625 0.0572222 0.0163422
0 0.3725 0.0119444 0.02375 0.0238889 0.0145035
2 0.190625 0.3375 0.048125 0.0883333 0.0144501
0 0.9325 0.697778 0.0275 0.0266667 0.0131683
0 0.174063 0.0697917 0.0275 0.0513889 0.011116
3 0.955 0.0844444 0.0125 0.0797222 0.0107803
0 0.326797 0.0480382 0.0314062 0.0589236 0.0103302
2 0.92875 0.0746528 0.015 0.0740278 0.00971222
0 0.209844 0.0247569 0.0428125 0.0438194 0.00737381
2 0.9925 0.752778 0.00750001 0.0222222 0.00712204
0 0.0524902 0.0461285 0.0508008 0.0716319 0.0064621
1 0.0531934 0.0425 0.0523633 0.0768056 0.00643921
0 0.343125 0.0194792 0.026875 0.0389583 0.00614548
3 0.99125 0.763333 0.00749995 0.0233333 0.00524139
3 0.97 0.734444 0.01 0.0422223 0.0051384
2 0.878125 0.0342361 0.03 0.05125 0.0050621
0 0.268438 0.0785417 0.03125 0.05625 0.00475693
3 0.93 0.724444 0.00999997 0.0288889 0.00419998
0 0.34625 0.0315278 0.028125 0.0493056 0.00407028
2 0.220938 0.142222 0.033125 0.0908333 0.00407028
2 0.185 0.333333 0.03625 0.0833334 0.00383949
2 0.8775 0.0264583 0.0275 0.0448611 0.00336266
0 0.873125 0.0840278 0.04625 0.0658333 0.00319672
0 0.142422 0.0114236 0.0364063 0.0222917 0.00293541
0 0.37375 0.0101389 0.02625 0.0194444 0.00277901
0 0.330625 0.0554861 0.03625 0.0601389 0.0027256
2 0.0642188 0.0651563 0.0245313 0.0591319 0.00255013
2 0.991875 0.744444 0.00750001 0.0266667 0.00253105
3 0.22375 0.121667 0.015 0.08 0.00250244
0 0.317031 0.0567361 0.0328125 0.0576389 0.0024147
2 0.8825 0.0275694 0.015 0.0420833 0.00234222
1 0.0846094 0.0617882 0.118594 0.121979 0.00226974
0 0.00553711 0.642222 0.0110352 0.126667 0.00222588
5 0.209063 0.0376389 0.04625 0.0547222 0.00211525
2 0.84875 0.0220833 0.015 0.0333333 0.00211525
3 0.216875 0.0572917 0.0209375 0.0538889 0.00201988
3 0.968125 0.691111 0.00999997 0.0222222 0.00191879
2 0.87875 0.0436285 0.0325 0.0549653 0.00179577
2 0.71125 0.0681944 0.0225 0.0438889 0.00178242
2 0.275938 0.307222 0.08 0.0966667 0.00175476
0 0.196563 0.0718056 0.0353125 0.06 0.00168705
0 0.2575 0.0761111 0.061875 0.065 0.00162888
3 0.204063 0.0858333 0.03375 0.0688889 0.00162315
3 0.990625 0.694444 0.00750001 0.0222222 0.00162315
3 0.955 0.702222 0.00750001 0.0155556 0.00161076
2 0.225625 0.148056 0.040625 0.0919444 0.00148392
2 0.9825 0.760556 0.01 0.0233333 0.00145531
0 0.260313 0.0754167 0.02875 0.0583333 0.00143814
0 0.276875 0.0553472 0.033125 0.0548611 0.0014267
2 0.95375 0.0745139 0.025 0.0781944 0.00134087
0 0.87625 0.064375 0.0375 0.0626389 0.00133514
5 0.97125 0.261597 0.0575 0.154583 0.00131512
3 0.219219 0.0872917 0.019375 0.0743056 0.00128937
0 0.215625 0.0496528 0.028125 0.0622222 0.0012207
0 0.317188 0.0822917 0.060625 0.0559722 0.00121593
2 0.875 0.0491493 0.0325 0.0583681 0.00121117
0 0.045625 0.0465972 0.0364063 0.0595833 0.00116062
2 0.9275 0.0905556 0.01375 0.0908333 0.0011425
2 0.87375 0.0382118 0.0225 0.0457986 0.0011158
0 0.00452148 0.626111 0.00896484 0.115556 0.00109863
0 0.92375 0.192778 0.0575 0.0625 0.00106907
2 0.995 0.818889 0.00999997 0.0344445 0.00104046
2 0.87 0.022717 0.0425 0.0434549 0.00102425
