0 0.47875 0.721111 0.1575 0.297778 0.946289
0 0.82625 0.362778 0.1625 0.157778 0.940918
0 0.155859 0.213472 0.143906 0.105833 0.935547
0 0.242148 0.751111 0.177578 0.273333 0.932129
0 0.416563 0.242361 0.153125 0.123056 0.921387
0 0.454375 0.09 0.10625 0.075 0.889648
5 0.289219 0.0255208 0.0696875 0.0510417 0.854004
2 0.956875 0.225833 0.0625 0.115556 0.82373
0 0.254063 0.0515451 0.0459375 0.0735764 0.822266
0 0.300312 0.0970139 0.050625 0.07875 0.809082
0 0.315 0.0508333 0.043125 0.0606944 0.803223
0 0.134688 0.0731944 0.05375 0.0709722 0.800781
0 0.338125 0.0268142 0.03625 0.0506771 0.799316
0 0.54 0.0414583 0.03875 0.0548611 0.777344
0 0.198281 0.0624306 0.0425 0.0615278 0.762207
0 0.0080957 0.181944 0.0161914 0.0877778 0.665527
0 0.519375 0.0096875 0.03 0.019375 0.544922
0 0.356875 0.0148958 0.03 0.0297917 0.492188
0 0.0990625 0.0795833 0.0434375 0.0633333 0.169922
0 0.283438 0.0719444 0.033125 0.06 0.0994873
0 0.52 0.0137847 0.03125 0.0259722 0.0888062
0 0.28375 0.0620139 0.026875 0.0376389 0.0806274
0 0.285313 0.0635417 0.035625 0.0597222 0.0772095
0 0.283125 0.0641667 0.02625 0.055 0.0678101
0 0.36375 0.0135417 0.02875 0.0254861 0.0564575
0 0.0957813 0.0870139 0.038125 0.0626389 0.0264587
5 0.538125 0.0369444 0.0425 0.0641667 0.0224609
0 0.246875 0.0416493 0.03625 0.0530903 0.0184021
0 0.36 0.0184722 0.034375 0.0348611 0.0156708
0 0.310313 0.0447222 0.035625 0.0475 0.0151291
0 0.0657813 0.06625 0.0404688 0.0504167 0.0144501
3 0.9525 0.200694 0.025 0.0672222 0.0127258
3 0.230781 0.0202083 0.0090625 0.0272222 0.0127258
0 0.00744141 0.162361 0.0148047 0.0758333 0.00933838
7 0.7 0.0110069 0.00750001 0.0220139 0.00881195
2 0.955 0.201944 0.03875 0.07 0.00679779
0 0.266563 0.0448785 0.02375 0.0552431 0.0064621
0 0.308438 0.0178125 0.035625 0.035625 0.006073
0 0.86875 0.162778 0.06 0.0466667 0.00582123
0 0.0580371 0.0718056 0.0504883 0.0641667 0.00559998
0 0.0139063 0.180139 0.0275 0.0838889 0.00488663
3 0.991875 0.76 0.00625 0.0222222 0.00457382
0 0.3725 0.010625 0.02875 0.0199306 0.00419998
2 0.2325 0.0167708 0.008125 0.0253472 0.00413513
0 0.373125 0.0142361 0.028125 0.0284722 0.00387001
0 0.0753516 0.0720833 0.0308594 0.0544445 0.00370789
0 0.12375 0.0419271 0.0428125 0.0492014 0.00362206
0 0.242656 0.0301389 0.026875 0.0368056 0.00279999
0 0.24375 0.0170833 0.03125 0.0284722 0.00266266
0 0.120391 0.0494271 0.0373438 0.0472569 0.00265312
0 0.224688 0.0196528 0.021875 0.0331944 0.00243378
0 0.0525391 0.0564583 0.0467969 0.0490278 0.00243378
0 0.168125 0.0547396 0.040625 0.0510764 0.00223351
5 0.209688 0.0283333 0.0596875 0.0566667 0.00216484
0 0.528438 0.00982639 0.029375 0.0196528 0.00204277
0 0.277969 0.0798611 0.043125 0.065 0.00200272
5 0.289375 0.0247569 0.070625 0.0495139 0.0017271
0 0.200938 0.0463889 0.03625 0.0405556 0.0017004
0 0.204375 0.0405382 0.04 0.0439236 0.0017004
0 0.115469 0.0566493 0.0403125 0.0514236 0.00168133
0 0.0516504 0.0650694 0.0449805 0.0568056 0.0016489
3 0.75625 0.431667 0.025 0.0866666 0.00161076
5 0.2175 0.0295486 0.041875 0.0502083 0.00158501
0 0.266719 0.0752778 0.0475 0.0566667 0.00156116
0 0.217188 0.0268403 0.039375 0.0479861 0.0014782
2 0.8125 0.0173611 0.0125 0.0291667 0.0014782
2 0.9925 0.760556 0.00750001 0.0222222 0.00144958
0 0.100625 0.07 0.0448438 0.0566667 0.00143242
0 0.236563 0.0555382 0.0425 0.0642014 0.00129414
0 0.0577734 0.0734896 0.0627344 0.0780208 0.00126457
0 0.0650684 0.0753472 0.0504883 0.0654167 0.00121593
0 0.00811035 0.218611 0.0162207 0.159444 0.00120163
0 0.0717188 0.0630556 0.038125 0.0455556 0.00107288
0 0.00603516 0.133611 0.0120703 0.0627778 0.00105286
