0 0.246094 0.756667 0.188438 0.306667 0.956055
0 0.700625 0.695556 0.16625 0.275556 0.953125
0 0.490938 0.705556 0.146875 0.275556 0.95166
0 0.155781 0.953889 0.228438 0.0922222 0.944824
0 0.7925 0.959444 0.22375 0.0811111 0.934082
0 0.96 0.116146 0.08 0.0710417 0.915527
5 0.199375 0.0554167 0.046875 0.0729167 0.897461
0 0.309063 0.0521007 0.045625 0.0669097 0.870605
0 0.255938 0.0590972 0.0440625 0.0618056 0.861328
2 0.8575 0.460556 0.1025 0.15 0.80127
0 0.229063 0.0382118 0.036875 0.0544097 0.794434
0 0.0320703 0.0859028 0.0436719 0.0609722 0.794434
0 0.260938 0.0199913 0.033125 0.0398785 0.788086
0 0.333438 0.0311806 0.03625 0.0554167 0.779785
2 0.725625 0.0573611 0.03 0.0626389 0.777344
2 0.848125 0.0507118 0.02625 0.0560764 0.654785
2 0.88875 0.0645833 0.0275 0.0686111 0.608398
0 0.35125 0.0185417 0.03125 0.0370833 0.560059
0 0.0958594 0.105278 0.0403125 0.06 0.519531
0 0.0144531 0.0707639 0.0289063 0.0554167 0.437744
0 0.00865234 0.0778472 0.0172852 0.0531944 0.319092
2 0.81375 0.0249653 0.0125 0.0411806 0.27832
0 0.235313 0.0171181 0.026875 0.0288889 0.246582
3 0.81375 0.0379167 0.0125 0.0520833 0.246582
2 0.814375 0.0323264 0.01375 0.054375 0.162964
0 0.00723633 0.0559722 0.0142773 0.0461111 0.124207
0 0.290625 0.0255556 0.035625 0.0436111 0.111633
2 0.095957 0.11125 0.0383984 0.0616667 0.0888062
0 0.222031 0.0392361 0.028125 0.0513889 0.0875854
0 0.494375 0.546528 0.0725 0.135833 0.0866089
0 0.0403125 0.0510937 0.0326563 0.0419792 0.0823975
2 0.985 0.0669444 0.02875 0.0530556 0.0789185
0 0.0132324 0.0826389 0.0262695 0.0511111 0.0710449
0 0.0168164 0.0596528 0.0332422 0.0438889 0.0648804
0 0.310313 0.0156163 0.023125 0.030434 0.0545959
2 0.8375 0.02125 0.0225 0.0369444 0.0534058
5 0.0186914 0.64 0.0373828 0.206667 0.0495911
0 0.0185352 0.0758333 0.0353125 0.0530556 0.0444336
2 0.263281 0.456667 0.0409375 0.0822222 0.0417786
0 0.31375 0.0312847 0.04125 0.054375 0.0397949
7 0.69875 0.0106597 0.00750001 0.0213194 0.0391846
0 0.0640234 0.07375 0.0441406 0.0461111 0.0381775
2 0.84875 0.0379167 0.025 0.05 0.0377502
2 0.89375 0.0601389 0.025 0.0661111 0.0352783
5 0.49375 0.548889 0.069375 0.142222 0.0348816
0 0.57 0.00777778 0.02625 0.0140972 0.033844
0 0.28375 0.0320833 0.02875 0.0461111 0.0305634
0 0.37125 0.00875 0.024375 0.0175 0.029541
0 0.569375 0.00944445 0.02625 0.0188889 0.0294189
0 0.1975 0.0403472 0.04125 0.0445833 0.0285492
0 0.00526367 0.0502604 0.0105273 0.0508681 0.0276947
2 0.89125 0.0524826 0.0225 0.0533681 0.0235138
0 0.21375 0.0245833 0.031875 0.0390278 0.0226288
2 0.845 0.0254514 0.01625 0.0409028 0.0173035
0 0.344375 0.0189583 0.02875 0.0379167 0.0167236
2 0.255625 0.458611 0.024375 0.0783333 0.016098
5 0.0237109 0.598889 0.0474219 0.264444 0.0145035
2 0.898125 0.0552083 0.01875 0.0591667 0.012825
2 0.81875 0.0267708 0.0225 0.0457639 0.0121002
2 0.101719 0.116424 0.0296875 0.0749306 0.0119629
0 0.0571484 0.0757639 0.0366406 0.0495833 0.0119629
2 0.814375 0.0510417 0.015 0.0719444 0.0118256
0 0.0301953 0.0496528 0.0463281 0.0495833 0.00933838
0 0.85625 0.104097 0.0425 0.0698611 0.00933838
2 0.8125 0.0243056 0.0175 0.0409722 0.00891876
0 0.031582 0.0672222 0.0471484 0.05 0.0086441
0 0.98375 0.07875 0.03 0.0555556 0.00828552
0 0.371875 0.0116319 0.025 0.0232639 0.00751877
0 0.57 0.014592 0.0275 0.0280382 0.00698471
0 0.00560547 0.0933333 0.0112109 0.0627778 0.00664139
2 0.988125 0.0525 0.0225 0.0591667 0.00629044
0 0.195625 0.0777778 0.035 0.0655556 0.00624084
0 0.9925 0.0740972 0.015 0.0604167 0.00588989
0 0.00925293 0.0499306 0.0185059 0.04875 0.00579834
2 0.7 0.0145052 0.0125 0.0282118 0.00502014
3 0.685 0.0602083 0.0125 0.0876389 0.00482941
2 0.846875 0.0319444 0.0225 0.0486111 0.0046463
2 0.81875 0.0369444 0.0225 0.055 0.00460815
0 0.0476465 0.0460417 0.0418945 0.0454167 0.00450516
0 0.212188 0.0379861 0.0371875 0.0476389 0.00426483
0 0.0990625 0.0796528 0.0395313 0.0520833 0.00416565
2 0.107969 0.12375 0.013125 0.0733333 0.00397491
2 0.811875 0.0342708 0.015 0.0536806 0.00376511
0 0.19375 0.0684028 0.033125 0.0631945 0.00345612
0 0.0611328 0.0568229 0.0289844 0.0413542 0.00314713
2 0.699375 0.0119444 0.00999997 0.0222917 0.00284576
3 0.49125 0.0248264 0.01 0.0424306 0.00284576
2 0.0965625 0.123611 0.0390625 0.0833333 0.00281143
3 0.89 0.0445139 0.02 0.0506944 0.00277901
0 0.9725 0.35 0.055 0.0844444 0.00263214
0 0.0610547 0.0829167 0.0471094 0.0525 0.00259018
3 0.9525 0.688889 0.00999997 0.0222222 0.00259018
2 0.88625 0.0707639 0.03375 0.0665278 0.00244331
3 0.685 0.0735417 0.00999997 0.0626389 0.00227928
3 0.991875 0.761111 0.00625 0.0233333 0.00220871
0 0.185938 0.0620139 0.025 0.0498611 0.00211525
2 0.99375 0.0422917 0.0124999 0.0534722 0.00206757
0 0.8625 0.108194 0.0525 0.0777778 0.0020504
0 0.06875 0.0573611 0.0334375 0.0369444 0.00195694
0 0.299688 0.0170139 0.0325 0.0340278 0.00189686
2 0.81125 0.045 0.0175 0.0711111 0.00176811
2 0.110781 0.121667 0.0128125 0.0763889 0.00167465
0 0.9275 0.0782639 0.0875 0.0601389 0.00154877
0 0.0631641 0.0644445 0.0452344 0.0477778 0.00150108
2 0.995 0.825 0.00874996 0.0311111 0.00148964
0 0.0558203 0.0378472 0.0342188 0.0426389 0.00145531
2 0.490938 0.0257639 0.011875 0.0402778 0.00141048
2 0.991875 0.758889 0.00750001 0.0222222 0.00135136
2 0.84875 0.0657639 0.0325 0.0759722 0.00126457
0 0.205 0.0270139 0.0371875 0.0415278 0.0012598
0 0.214063 0.055625 0.023125 0.0516667 0.00125504
2 0.253438 0.454167 0.0425 0.0888889 0.00123501
7 0.98 0.850556 0.00750001 0.0255555 0.00113773
5 0.0203906 0.669444 0.0407813 0.228889 0.00106049
0 0.35625 0.0203559 0.03875 0.0406771 0.00104046
