0 0.9375 0.463889 0.125 0.181111 0.950195
0 0.176406 0.532778 0.159063 0.204444 0.943359
0 0.308906 0.0539063 0.0484375 0.0732986 0.875
2 0.980625 0.24375 0.03875 0.109167 0.871582
0 0.33875 0.0277778 0.0375 0.0520833 0.837402
2 0.0339648 0.807222 0.0677734 0.316667 0.825195
2 0.91875 0.0631944 0.0325 0.0690278 0.803223
5 0.224844 0.0377431 0.0425 0.0640972 0.713867
0 0.475938 0.0132726 0.03125 0.0252604 0.604004
3 0.98375 0.0986111 0.01375 0.0633333 0.523438
0 0.35625 0.0149306 0.0275 0.0298611 0.420654
2 0.811875 0.0141753 0.00999997 0.0278993 0.189575
0 0.224688 0.0355556 0.0425 0.0605556 0.154541
0 0.284063 0.0302778 0.0328125 0.0472222 0.126343
0 0.200938 0.0390972 0.03 0.0388889 0.120422
2 0.81125 0.0223524 0.00999997 0.0421007 0.0875854
0 0.345938 0.0222917 0.02875 0.0427778 0.0723877
0 0.365 0.0113542 0.02625 0.0224306 0.0708008
0 0.311875 0.0173611 0.0275 0.0319444 0.0698242
0 0.199844 0.0421528 0.0246875 0.0340278 0.0651245
2 0.9825 0.0942361 0.01625 0.0640278 0.0372009
0 0.285156 0.0189583 0.03 0.03375 0.033844
0 0.285625 0.0108333 0.03 0.020625 0.0294189
0 0.312969 0.0249653 0.0359375 0.0379861 0.0244293
7 0.699375 0.0110764 0.00749995 0.0221528 0.0231018
0 0.235313 0.0144792 0.02625 0.0261806 0.0228882
0 0.197813 0.0506944 0.0303125 0.0415278 0.0219421
2 0.985 0.0883333 0.01625 0.0636111 0.0212097
0 0.00579102 0.693333 0.0115039 0.124444 0.0209656
3 0.110547 0.782222 0.0226563 0.0822222 0.019989
3 0.110469 0.757778 0.025 0.136667 0.0135345
0 0.359375 0.0172917 0.035 0.0325 0.0123825
2 0.9525 0.326111 0.0275 0.06 0.00861359
2 0.00791504 0.697778 0.0156738 0.103333 0.008255
0 0.2725 0.0334722 0.05625 0.0588889 0.0078125
0 0.292188 0.0128472 0.0259375 0.0256944 0.0078125
0 0.198125 0.0679167 0.0325 0.0491667 0.00695801
0 0.262188 0.0274306 0.034375 0.0484722 0.00671768
2 0.81 0.0170139 0.0125 0.0319444 0.00656509
0 0.264063 0.0371181 0.0465625 0.0609028 0.00619125
2 0.99375 0.274167 0.0124999 0.121111 0.00471878
0 0.213438 0.064375 0.02625 0.0470833 0.00436401
0 0.218281 0.06 0.0284375 0.0448611 0.0041008
2 0.69875 0.0123611 0.01 0.0230556 0.00407028
0 0.0514063 0.0453472 0.0447656 0.0497222 0.00400543
0 0.256875 0.0743056 0.0375 0.0572222 0.0039444
0 0.260625 0.0818056 0.0415625 0.0633333 0.00385475
0 0.0114258 0.689444 0.0228516 0.118889 0.00382423
0 0.262813 0.0143663 0.03125 0.0248785 0.00356483
2 0.70125 0.0136806 0.01375 0.0263889 0.00353813
2 0.809375 0.0282639 0.015 0.0531944 0.00342941
5 0.265625 0.0440278 0.05875 0.0816667 0.00333786
0 0.223594 0.0680556 0.038125 0.0538889 0.00332451
0 0.340937 0.0206944 0.036875 0.0413889 0.00301552
2 0.9825 0.0771528 0.02 0.0470833 0.00264168
2 0.109844 0.776667 0.0253125 0.0977778 0.0026207
2 0.994375 0.292847 0.01125 0.102083 0.00259018
2 0.81125 0.0360417 0.00999997 0.0659722 0.00218201
2 0.9925 0.277222 0.015 0.0972222 0.00209045
0 0.0697656 0.0589583 0.0278125 0.0459722 0.00182438
2 0.926875 0.0797917 0.015 0.0815278 0.00176811
2 0.98875 0.0951389 0.02 0.0716667 0.00171375
2 0.0598047 0.0537326 0.0267188 0.0436458 0.0017004
2 0.8375 0.0199913 0.0225 0.0377951 0.00163555
0 0.220625 0.0759028 0.035625 0.0626389 0.00157356
0 0.370938 0.0131424 0.029375 0.0262847 0.00144958
2 0.0653125 0.0638889 0.0332813 0.0530556 0.00143814
2 0.81875 0.0140972 0.025 0.0279861 0.00138855
2 0.955 0.322778 0.035 0.0811111 0.00138855
0 0.481875 0.0102431 0.03125 0.0188194 0.00136662
0 0.073125 0.0638194 0.0354688 0.0522222 0.00134563
0 0.00557129 0.661111 0.0111426 0.102222 0.00131512
0 0.474375 0.0282726 0.03375 0.0537326 0.00122547
0 0.9875 0.0820833 0.0225 0.0597222 0.0011692
0 0.0561621 0.06375 0.0368945 0.0555556 0.00113773
2 0.9275 0.0965972 0.01125 0.0731944 0.00113773
7 0.4725 0.864444 0.00749998 0.02 0.00112438
0 0.373125 0.0122917 0.03 0.0230556 0.00102425
0 0.95875 0.401667 0.0675 0.0644444 0.00101185
