0 0.0504688 0.805556 0.100781 0.293333 0.958008
0 0.514688 0.380833 0.10125 0.151667 0.943848
0 0.200938 0.931111 0.206875 0.137778 0.937988
0 0.3775 0.206944 0.07125 0.0988889 0.926758
0 0.543125 0.193611 0.07 0.114167 0.918457
0 0.0775 0.183056 0.0659375 0.0977778 0.903809
0 0.435313 0.108924 0.0525 0.0799306 0.88623
0 0.0271484 0.248611 0.0542969 0.118333 0.884766
0 0.5125 0.0459028 0.045 0.0583333 0.849121
0 0.44625 0.0276389 0.04 0.0551389 0.839844
0 0.322188 0.0448611 0.04125 0.0675 0.839844
2 0.945 0.0599306 0.02375 0.0620833 0.834473
0 0.0822656 0.114167 0.0579688 0.0666667 0.770508
0 0.344375 0.0269444 0.031875 0.0505556 0.764648
0 0.185 0.0739583 0.045625 0.0593056 0.725098
0 0.176914 0.0434028 0.0405469 0.0534722 0.700684
0 0.24125 0.0264931 0.034375 0.0486806 0.680664
0 0.305938 0.0192014 0.026875 0.0344444 0.625977
0 0.4625 0.0144444 0.02625 0.0288889 0.533203
0 0.227344 0.0182726 0.033125 0.0360937 0.523438
0 0.18625 0.121806 0.058125 0.0866667 0.498047
5 0.186094 0.120833 0.0590625 0.0872222 0.294189
0 0.258125 0.0614583 0.045625 0.0663889 0.190674
0 0.52375 0.0084375 0.0275 0.0163194 0.185303
0 0.285625 0.00767361 0.020625 0.0153472 0.183594
0 0.358125 0.0158507 0.02625 0.0317014 0.167725
2 0.997188 0.07375 0.00562496 0.0694444 0.11438
0 0.143359 0.0901389 0.0439063 0.0580556 0.0755615
2 0.99625 0.0715278 0.00749995 0.0658333 0.0742188
0 0.313125 0.0175087 0.03375 0.0306771 0.0651245
0 0.0835156 0.101389 0.0584375 0.0672222 0.0594177
0 0.344375 0.0205556 0.03 0.0411111 0.055603
0 0.075 0.0742361 0.0378125 0.0515278 0.033844
0 0.5225 0.0167361 0.02875 0.0281944 0.0293121
0 0.36875 0.0096875 0.0275 0.0193056 0.0280151
0 0.61125 0.00894097 0.029375 0.0178819 0.0196075
0 0.262188 0.00819444 0.02625 0.0163889 0.0189819
0 0.3725 0.00829861 0.03 0.0165972 0.0174408
0 0.0467188 0.0704167 0.0385938 0.0522222 0.0173035
0 0.143906 0.07625 0.044375 0.0594444 0.0154877
0 0.076875 0.0803472 0.0459375 0.0548611 0.0142288
0 0.608125 0.00750868 0.03375 0.0148437 0.0134277
2 0.85125 0.0185069 0.00750001 0.0347917 0.0130234
0 0.373438 0.0133333 0.026875 0.0266667 0.00997162
0 0.273125 0.065816 0.0378125 0.0689236 0.0091629
2 0.65875 0.0716667 0.015 0.0611111 0.00834656
0 0.0526172 0.0541667 0.0442969 0.0491667 0.00717545
7 0.699375 0.00993056 0.00749995 0.0198611 0.0069046
0 0.156016 0.0136198 0.0323438 0.0252604 0.00629044
0 0.52875 0.00777778 0.0275 0.0155556 0.00559998
0 0.239063 0.0335417 0.045625 0.0568056 0.00557709
0 0.0472266 0.0830556 0.0398438 0.0625 0.00536346
0 0.611875 0.00895833 0.0375 0.0158333 0.00534439
0 0.0166504 0.320556 0.032793 0.0977778 0.00502014
0 0.292813 0.014375 0.026875 0.02875 0.00498199
0 0.117031 0.0722917 0.0390625 0.0483333 0.00460815
0 0.448125 0.0533333 0.03375 0.0422222 0.00434875
0 0.0717969 0.0834722 0.0364063 0.065 0.0042305
0 0.276094 0.0861806 0.0359375 0.0593056 0.00416565
0 0.0586328 0.0533507 0.0276563 0.0405208 0.0039444
0 0.157422 0.0278125 0.0467187 0.0472917 0.00392914
0 0.3025 0.0298611 0.02875 0.0477778 0.00379562
2 0.8525 0.0129948 0.00999997 0.0251215 0.00370789
0 0.272031 0.0808333 0.0371875 0.0641667 0.00363541
2 0.6575 0.0615278 0.0175 0.0566667 0.0036068
0 0.00406738 0.206944 0.00813477 0.0611111 0.00346947
0 0.317969 0.0346875 0.0353125 0.0503472 0.00344276
0 0.258125 0.045816 0.0546875 0.0630903 0.00335121
0 0.518438 0.0144444 0.033125 0.0250694 0.00323486
0 0.150391 0.0451562 0.0407813 0.0555208 0.00279045
2 0.8525 0.0331944 0.00999997 0.0568056 0.00277901
0 0.61 0.0154861 0.04125 0.030625 0.00277901
0 0.997188 0.101667 0.00562496 0.0886111 0.00275803
0 0.149688 0.0553993 0.0421875 0.0628125 0.00261116
3 0.66125 0.0686111 0.02 0.0558333 0.00255013
0 0.183125 0.0769444 0.0540625 0.0775 0.00250244
3 0.99 0.696667 0.00750001 0.0222222 0.00223351
0 0.956875 0.687778 0.0175001 0.0266667 0.00206757
0 0.109375 0.0719444 0.035625 0.0477778 0.00205803
0 0.0693359 0.0625 0.0389844 0.0454167 0.0020504
0 0.238125 0.0428993 0.040625 0.0675347 0.00194168
3 0.969375 0.688889 0.0125 0.0244444 0.00190449
0 0.184688 0.0676389 0.03875 0.0573611 0.00183105
0 0.266563 0.0742361 0.049375 0.0748611 0.00181007
2 0.142266 0.410556 0.0754687 0.165556 0.00181007
0 0.0754688 0.118021 0.0440625 0.0589583 0.00178242
0 0.269375 0.0407639 0.045625 0.0604167 0.00176811
2 0.85125 0.0406771 0.01 0.0675347 0.0017271
2 0.66125 0.0785417 0.0125 0.0631944 0.0017004
0 0.0958594 0.0730556 0.03625 0.0519444 0.00151253
0 0.126719 0.0844444 0.029375 0.0569444 0.00142097
0 0.0867188 0.0920139 0.05 0.0581944 0.00134563
0 0.98875 0.583333 0.0225 0.0688889 0.00133514
0 0.0258008 0.699444 0.0514453 0.0822223 0.00133514
1 0.0721094 0.0636806 0.0970313 0.115417 0.00127888
0 0.170313 0.0220139 0.036875 0.0318056 0.00126457
0 0.201875 0.0174306 0.026875 0.02625 0.00126457
0 0.00646973 0.215139 0.0129395 0.0669444 0.00126457
0 0.130156 0.0692882 0.071875 0.116424 0.00124931
0 0.155156 0.0349653 0.0453125 0.0575695 0.00123978
0 0.2225 0.0266667 0.0246875 0.0468056 0.0011425
0 0.0780469 0.0672222 0.04375 0.0536111 0.00106525
5 0.116016 0.0552778 0.0860938 0.110278 0.00106525
2 0.84875 0.0118056 0.00999997 0.0221528 0.00105667
0 0.101719 0.0723611 0.0340625 0.0486111 0.00105667
0 0.260625 0.0179514 0.064375 0.0359028 0.00105667
0 0.143594 0.414722 0.078125 0.156667 0.00102806
