1 0.738594 0.578333 0.277813 0.758889 0.952148
0 0.048125 0.817778 0.0960938 0.295556 0.946777
0 0.232148 0.763333 0.188828 0.313333 0.942871
0 0.489688 0.462778 0.11875 0.184444 0.941895
0 0.385 0.223889 0.08125 0.127222 0.918945
0 0.530313 0.195278 0.069375 0.108333 0.911133
0 0.974375 0.264375 0.05125 0.125694 0.908691
0 0.439375 0.0838889 0.05125 0.0822222 0.879883
0 0.171563 0.142535 0.061875 0.0899306 0.859863
0 0.46375 0.866667 0.195 0.266667 0.859863
0 0.284687 0.0295226 0.0415625 0.0590104 0.810547
0 0.0117285 0.174028 0.0233398 0.08 0.809082
0 0.323047 0.0443056 0.0414063 0.0652778 0.788086
0 0.252188 0.0244097 0.038125 0.0478472 0.750488
0 0.34375 0.0284028 0.03125 0.0506944 0.740234
0 0.237656 0.075 0.051875 0.0725 0.723145
0 0.20875 0.0526389 0.0440625 0.0694444 0.710449
0 0.82125 0.0696528 0.0425001 0.0690278 0.682617
0 0.356875 0.0158681 0.031875 0.0317361 0.560059
0 0.317969 0.0144097 0.0309375 0.0288194 0.313965
0 0.00472412 0.234167 0.00944824 0.0888889 0.294189
0 0.65625 0.216111 0.06875 0.0738889 0.265869
0 0.0458984 0.0536285 0.0490625 0.0521875 0.250977
0 0.00538574 0.0775 0.0107129 0.0619444 0.240723
0 0.197188 0.0171354 0.040625 0.0342708 0.221313
0 0.166875 0.0393229 0.0375 0.0538542 0.186523
0 0.0571191 0.0831944 0.0524805 0.0680556 0.180664
0 0.0264844 0.0480382 0.0465625 0.0555903 0.169434
0 0.0210156 0.0445833 0.0420313 0.0558333 0.156616
0 0.00530274 0.0566667 0.0104297 0.0680556 0.130249
0 0.0166895 0.0485417 0.0332617 0.0651389 0.118774
0 0.170625 0.0933333 0.055 0.0691667 0.118774
0 0.653594 0.23125 0.0753125 0.104167 0.0786133
0 0.166719 0.0521007 0.04375 0.0669097 0.0611877
0 0.191875 0.0232292 0.038125 0.0428472 0.0574951
0 0.228438 0.0196181 0.036875 0.0378472 0.0516663
0 0.255 0.0199306 0.03625 0.0398611 0.0445251
0 0.00622559 0.2225 0.0124512 0.108889 0.0433655
2 0.80625 0.0529167 0.0125001 0.0445833 0.0409851
0 0.81875 0.0467361 0.0375001 0.0504167 0.0405273
0 0.160977 0.0570833 0.0486719 0.0733333 0.0405273
0 0.159453 0.0384028 0.0532813 0.0604167 0.0367737
1 0.153438 0.0375347 0.0603125 0.0688194 0.0283356
0 0.0678906 0.0751389 0.0451563 0.0620833 0.0273743
0 0.176289 0.0318056 0.0417969 0.0488889 0.0240479
0 0.0622656 0.0654861 0.0395312 0.0506944 0.0227966
0 0.0114648 0.191111 0.0229297 0.111667 0.0214539
0 0.00478516 0.0926389 0.00957031 0.0644445 0.0210419
2 0.819375 0.0450694 0.04 0.0481944 0.0200958
0 0.3625 0.0146528 0.028125 0.0285417 0.0184021
0 0.206563 0.0275694 0.044375 0.0444444 0.0158997
0 0.152891 0.0436806 0.0567187 0.0693056 0.0138474
0 0.152813 0.0273611 0.0475 0.0509722 0.0108185
0 0.87125 0.143646 0.045 0.0760417 0.0106964
0 0.344375 0.0206944 0.03 0.0413889 0.0100098
0 0.150938 0.0622222 0.053125 0.0668056 0.00952148
0 0.0120703 0.225 0.0241406 0.0988889 0.00937653
0 0.00525391 0.0311111 0.0105078 0.0548611 0.0086441
0 0.00881348 0.370278 0.0175684 0.151667 0.00831604
0 0.82125 0.0552778 0.0425001 0.0576389 0.00796509
0 0.150156 0.0196181 0.0375 0.0371528 0.00769424
0 0.0183984 0.0328125 0.0367969 0.056875 0.00674438
0 0.82625 0.0819444 0.035 0.0536111 0.0064621
0 0.147734 0.0509896 0.0510938 0.0677431 0.00636292
0 0.0400781 0.066875 0.05 0.0616667 0.00577545
7 0.384688 0.223611 0.08125 0.125 0.00572968
0 0.0177051 0.0255208 0.034668 0.0428472 0.00561905
0 0.00483154 0.266944 0.00966309 0.122222 0.00542831
0 0.248594 0.0682118 0.0425 0.0694097 0.00538635
0 0.00861328 0.408333 0.0171484 0.102222 0.00508118
0 0.339297 0.0318403 0.0389063 0.054375 0.0049057
0 0.0538281 0.0733333 0.0589063 0.0702778 0.00453949
0 0.0552734 0.0952083 0.0519531 0.0659722 0.00382423
0 0.00928223 0.0638889 0.0180566 0.0581944 0.00367928
5 0.0181738 0.453333 0.0361523 0.156667 0.00353813
0 0.191406 0.0802083 0.025625 0.0623611 0.00286674
0 0.0206055 0.0620833 0.0389453 0.0520833 0.00283432
0 0.145156 0.01375 0.0459375 0.0275 0.00279999
0 0.372813 0.0150347 0.03 0.0300694 0.00271416
0 0.141094 0.0110069 0.0390625 0.0220139 0.00269318
0 0.130625 0.0497222 0.061875 0.0636111 0.00269318
0 0.143516 0.0675 0.0489062 0.0672222 0.00259018
0 0.73875 0.238889 0.0625 0.0783333 0.00253105
0 0.985625 0.230556 0.02875 0.0711111 0.0024147
0 0.741875 0.251944 0.05 0.102778 0.00240517
0 0.201875 0.0761111 0.035 0.0669444 0.00233269
0 0.00966309 0.433611 0.0193262 0.127222 0.00229645
0 0.66625 0.218889 0.0525 0.0788889 0.00209999
0 0.293906 0.0169097 0.03375 0.0338194 0.0020752
1 0.71375 0.878333 0.34125 0.243333 0.00204277
0 0.0120703 0.15875 0.0241406 0.0725 0.00203514
0 0.650156 0.244444 0.0946875 0.123333 0.00202751
1 0.143281 0.0521528 0.0746875 0.101528 0.00186062
0 0.251875 0.0340625 0.038125 0.0560417 0.0018177
0 0.00855469 0.0803472 0.0164258 0.0620833 0.00173378
0 0.189531 0.0164931 0.0296875 0.0329861 0.00168705
0 0.445625 0.00881945 0.035 0.0176389 0.00164223
0 0.134375 0.0298264 0.0628125 0.0522917 0.00154305
0 0.263906 0.0770833 0.03625 0.0652778 0.0014782
0 0.642656 0.245278 0.0621875 0.103889 0.00144386
0 0.424375 0.87 0.1175 0.26 0.00142097
0 0.158594 0.0768056 0.0396875 0.0658333 0.00140476
5 0.154922 0.0680729 0.0607813 0.121354 0.00139904
0 0.00910156 0.340556 0.0182031 0.119444 0.00127411
0 0.0945313 0.0711111 0.0373438 0.0547222 0.00123501
0 0.0340625 0.0713889 0.05 0.0616667 0.00120163
5 0.0128711 0.448889 0.0257422 0.143333 0.00118828
0 0.11875 0.0515278 0.0478125 0.0559722 0.00113392
0 0.372813 0.0116667 0.02875 0.023125 0.0011158
0 0.253281 0.0769444 0.0390625 0.0697222 0.00109863
0 0.0449219 0.0897222 0.0382813 0.0616667 0.00109005
0 0.66375 0.242083 0.0625 0.125278 0.00103188
0 0.108125 0.0588194 0.045625 0.0548611 0.00102806
