0 0.241719 0.751111 0.177188 0.273333 0.956543
0 0.47875 0.715556 0.15625 0.286667 0.950684
0 0.94125 0.443333 0.1175 0.176667 0.94873
0 0.291875 0.221528 0.153125 0.109167 0.931641
0 0.55875 0.269514 0.16 0.12875 0.927734
0 0.0476172 0.275833 0.0952344 0.108333 0.918457
2 0.77 0.200833 0.065 0.108333 0.89502
0 0.349063 0.0979167 0.0975 0.0658333 0.853027
0 0.134063 0.0736111 0.05125 0.0725 0.844727
0 0.528125 0.0672917 0.06875 0.07125 0.841797
5 0.29 0.02625 0.07 0.0511111 0.836426
0 0.25375 0.0525 0.045 0.0720833 0.822266
0 0.325547 0.0410417 0.0426562 0.05875 0.816406
0 0.291719 0.070434 0.0459375 0.0674653 0.81543
0 0.519063 0.0206597 0.035 0.0413194 0.813965
0 0.198594 0.0621007 0.0403125 0.0616319 0.777344
0 0.343125 0.0234028 0.035 0.0468056 0.663574
0 0.176563 0.184861 0.0546875 0.0758333 0.596191
0 0.0977344 0.0890278 0.0425 0.0611111 0.155029
2 0.950625 0.334444 0.025 0.0644445 0.055603
0 0.355 0.0160069 0.02375 0.0315972 0.0531921
0 0.35125 0.0178819 0.0325 0.0357639 0.0495911
0 0.335625 0.0241319 0.034375 0.0425694 0.0256653
0 0.0945313 0.0942361 0.0342188 0.06125 0.0213623
2 0.96125 0.338611 0.0525 0.0816667 0.0154266
5 0.21375 0.023125 0.045625 0.0461111 0.0147324
0 0.0711328 0.0729167 0.0394531 0.0558333 0.0141754
0 0.240938 0.0445833 0.0365625 0.0543056 0.0120087
0 0.37 0.0110069 0.02875 0.0209722 0.0109024
0 0.359375 0.0181944 0.0375 0.0359722 0.00989532
0 0.22 0.0190191 0.030625 0.0340451 0.0091629
2 0.9475 0.346111 0.0275 0.0683333 0.00854492
0 0.101113 0.0809722 0.0465234 0.06 0.00847626
0 0.0496094 0.0487326 0.0416406 0.0461458 0.00821686
2 0.230469 0.0197917 0.0103125 0.0284722 0.00800323
0 0.9675 0.321944 0.065 0.101667 0.00748825
0 0.0494531 0.0386111 0.0427344 0.0593056 0.00669098
0 0.0644141 0.0625 0.0425781 0.0483333 0.00591278
2 0.95125 0.353333 0.035 0.0877778 0.00577545
2 0.134141 0.365556 0.0498438 0.0811111 0.00566483
0 0.9675 0.342778 0.06375 0.0855556 0.00559998
5 0.217188 0.0223611 0.035625 0.0394444 0.00524139
0 0.0553906 0.0611806 0.0551563 0.0656944 0.0051384
2 0.965 0.325833 0.0575 0.0866667 0.00494385
0 0.307344 0.0204167 0.0434375 0.0375 0.00468063
0 0.0535547 0.0573785 0.0358594 0.0466319 0.00468063
0 0.23375 0.0551215 0.045 0.0633681 0.00457382
0 0.28 0.0256944 0.0490625 0.0495833 0.00418091
0 0.9875 0.589444 0.0249999 0.117778 0.00372124
7 0.0694531 0.664444 0.00703125 0.0288889 0.0036068
0 0.995 0.378056 0.00999997 0.121111 0.00351143
0 0.231094 0.0504861 0.0359375 0.0584722 0.00293541
0 0.97875 0.343889 0.0425 0.0811111 0.00257111
0 0.00574219 0.219167 0.0114844 0.0861111 0.00253105
0 0.21125 0.0303819 0.045 0.0529861 0.0024929
0 0.515938 0.0597049 0.046875 0.0578125 0.00245285
0 0.065 0.0767361 0.0604688 0.0790278 0.00243378
1 0.209063 0.0280903 0.050625 0.0547917 0.00239754
0 0.99125 0.328889 0.0175 0.0872222 0.00239754
2 0.95375 0.313889 0.0300001 0.0933333 0.00235939
0 0.995 0.344722 0.00999997 0.0788889 0.00230598
0 0.239688 0.0373611 0.0271875 0.0416667 0.00228691
0 0.705 0.902222 0.05625 0.126667 0.00211525
0 0.99625 0.355556 0.00749995 0.0877778 0.00204277
0 0.980625 0.357222 0.03875 0.0988889 0.00203514
0 0.260781 0.0428993 0.03375 0.0569792 0.00176811
0 0.050791 0.0620833 0.0426367 0.0543056 0.00176811
0 0.985 0.565556 0.03 0.155556 0.00158501
0 0.100078 0.0706944 0.0442187 0.0569444 0.00151253
0 0.0125586 0.218472 0.0251172 0.0908333 0.00146675
0 0.0642969 0.0715972 0.0514062 0.0618056 0.00145531
0 0.200313 0.0461806 0.0390625 0.0415278 0.00135612
2 0.93875 0.311111 0.055 0.104444 0.00126934
0 0.994375 0.408889 0.01125 0.147222 0.00124454
0 0.0607129 0.0904167 0.0651367 0.100556 0.0012064
0 0.0557031 0.0332986 0.0509375 0.0600694 0.00118828
2 0.810625 0.0207031 0.01875 0.0376215 0.00112438
0 0.0633594 0.0602083 0.070625 0.100694 0.00104427
