0 0.0722266 0.726667 0.143359 0.244444 0.958984
0 0.245625 0.756111 0.188125 0.305556 0.95752
0 0.701875 0.695556 0.16625 0.276667 0.953613
0 0.49125 0.706111 0.1475 0.274444 0.952148
0 0.155625 0.953889 0.22875 0.0922222 0.945801
0 0.68 0.183194 0.14125 0.111944 0.935547
0 0.795 0.960278 0.2225 0.0794444 0.933594
0 0.845 0.198194 0.1525 0.115833 0.913086
5 0.201563 0.0543056 0.0475 0.0740278 0.876465
0 0.255938 0.0585417 0.04375 0.0636111 0.858887
0 0.141563 0.0723611 0.048125 0.0652778 0.847168
0 0.229688 0.0351736 0.036875 0.0515972 0.831055
0 0.279844 0.0335764 0.0353125 0.049375 0.809082
0 0.31125 0.0502778 0.041875 0.0608333 0.808105
0 0.0335938 0.0846528 0.0448438 0.0615278 0.803223
0 0.334375 0.0303472 0.034375 0.0520833 0.754883
0 0.26 0.0201389 0.0334375 0.0393056 0.741699
2 0.89 0.0629167 0.03 0.0619444 0.676758
0 0.3025 0.0180903 0.0325 0.0349306 0.613281
0 0.351563 0.0180208 0.02625 0.0352778 0.455078
2 0.34 0.0877778 0.04625 0.0597222 0.434082
0 0.0130176 0.0699306 0.025918 0.0556944 0.42627
0 0.82625 0.1625 0.10375 0.0505555 0.413086
0 0.010957 0.0763194 0.0217578 0.0534722 0.286133
0 0.1775 0.0459028 0.035 0.0540278 0.21936
0 0.00818359 0.0788889 0.0162891 0.0527778 0.216064
0 0.00688477 0.0567361 0.0136133 0.0488889 0.174927
2 0.332188 0.0853472 0.031875 0.0629167 0.174438
0 0.174531 0.0528472 0.0321875 0.0518056 0.0700684
0 0.00568359 0.0488194 0.0113672 0.0493056 0.0579224
0 0.340625 0.0840972 0.048125 0.06125 0.0342407
0 0.0155176 0.0644445 0.0310352 0.0463889 0.033844
0 0.889375 0.0632118 0.03125 0.0555208 0.0290375
2 0.327188 0.0952778 0.024375 0.0572222 0.0227966
7 0.699375 0.0103472 0.00625 0.0206944 0.0208893
2 0.333438 0.0944444 0.035 0.0580556 0.0162201
0 0.00875977 0.0502604 0.0175195 0.0497569 0.0139008
3 0.97125 0.74 0.00750001 0.0311111 0.0138474
0 0.369375 0.0084375 0.02375 0.016875 0.0128708
0 0.0358545 0.0620833 0.0337598 0.0411111 0.0109863
0 0.0179883 0.0741667 0.0352734 0.0555556 0.00878143
2 0.337813 0.0988889 0.045 0.0733333 0.00847626
0 0.34125 0.0178472 0.025625 0.0356944 0.0078125
2 0.996875 0.0119792 0.00624994 0.0239583 0.00701141
0 0.222656 0.0370833 0.02875 0.05 0.0069046
2 0.164727 0.0977778 0.0155469 0.0633333 0.0068779
2 0.162461 0.0884722 0.0144531 0.0586111 0.00674438
0 0.0385742 0.958889 0.0767578 0.08 0.00669098
3 0.97 0.694444 0.00750001 0.0244444 0.00643921
2 0.83875 0.0202778 0.02625 0.0354167 0.00634003
0 0.00470215 0.0323611 0.0094043 0.0522222 0.00598145
0 0.00927246 0.928889 0.0184473 0.0466666 0.00595856
2 0.7 0.0145833 0.0125 0.0270833 0.00575256
0 0.175469 0.0546007 0.046875 0.0560764 0.00575256
2 0.185625 0.0825 0.033125 0.0588889 0.00566483
0 0.195313 0.07375 0.0325 0.0661111 0.0050621
0 0.00683106 0.0369444 0.0136621 0.0463889 0.00498199
0 0.160781 0.0276389 0.0434375 0.0515278 0.00494385
0 0.174844 0.0167361 0.0315625 0.0291667 0.00488663
0 0.07 0.0747222 0.0473438 0.0444444 0.00477219
0 0.3575 0.0172917 0.03 0.0340278 0.00471878
0 0.326563 0.0543056 0.0275 0.0609722 0.00439835
0 0.157188 0.0114236 0.03625 0.0227083 0.00424957
0 0.198125 0.0253819 0.035625 0.0365972 0.00416565
0 0.0393164 0.0719444 0.0417578 0.0470833 0.0037365
6 0.495313 0.543194 0.06875 0.140278 0.00351143
0 0.8875 0.692222 0.015 0.0177778 0.00318527
0 0.0470703 0.0542361 0.0400781 0.0401389 0.00281143
0 0.159531 0.0158333 0.040625 0.0313889 0.00273705
0 0.026582 0.958333 0.0529297 0.0811111 0.00273705
0 0.374063 0.00888021 0.028125 0.0175174 0.00263214
2 0.324375 0.0994444 0.020625 0.0647222 0.00254059
2 0.69875 0.0128559 0.01 0.0231771 0.00251198
2 0.190469 0.07625 0.0275 0.0644444 0.00248146
5 0.49625 0.543333 0.06875 0.134444 0.0024147
0 0.00501953 0.0952083 0.0100391 0.0704167 0.00225258
2 0.95375 0.685556 0.0125 0.0233333 0.00201988
2 0.176406 0.0863889 0.03125 0.0608333 0.00198746
2 0.158203 0.0985417 0.0182813 0.0609722 0.00181007
0 0.0631641 0.0715278 0.0377344 0.0490278 0.00176144
0 0.360313 0.0236806 0.035625 0.0430556 0.0017271
2 0.324063 0.117083 0.018125 0.0808333 0.0017004
0 0.98875 0.730556 0.0125 0.0233333 0.0017004
7 0.98 0.852222 0.00750001 0.0266667 0.0017004
0 0.372813 0.0119097 0.025625 0.0238194 0.00169373
2 0.114609 0.365 0.0167187 0.0555556 0.00166798
2 0.99 0.732778 0.01125 0.0233333 0.0015974
2 0.938125 0.706667 0.00875003 0.0222222 0.00157928
2 0.814375 0.126979 0.01125 0.0554861 0.00157356
0 0.355313 0.0291667 0.026875 0.0495833 0.00153637
0 0.207188 0.0399306 0.04625 0.0533333 0.00148392
0 0.496875 0.536667 0.06875 0.121111 0.00146675
2 0.324922 0.0849306 0.0239063 0.0656944 0.00145531
3 0.95375 0.685556 0.0125 0.0266667 0.00137806
0 0.0725 0.0325 0.039375 0.05125 0.00136662
0 0.0633594 0.0442361 0.0148438 0.0306944 0.00134563
2 0.813125 0.0214583 0.035 0.0395833 0.00125504
3 0.190313 0.069184 0.0275 0.0691319 0.00115108
0 0.188125 0.0592882 0.025625 0.0503125 0.0011034
5 0.200313 0.0384722 0.04875 0.0588889 0.00107765
2 0.163438 0.108472 0.0134375 0.0672222 0.00101185
