0 0.0775 0.755556 0.154375 0.277778 0.955078
0 0.329375 0.461944 0.11625 0.181667 0.946777
0 0.65375 0.495556 0.1225 0.194444 0.942871
0 0.485625 0.527778 0.12625 0.228889 0.931641
0 0.75125 0.933056 0.2125 0.133889 0.929199
0 0.436875 0.137257 0.059375 0.0799306 0.916016
0 0.615 0.291944 0.0825 0.139444 0.915527
0 0.0417188 0.130868 0.0579688 0.0721528 0.878906
0 0.185313 0.130972 0.06375 0.0875 0.878418
0 0.031875 0.200278 0.0635938 0.101111 0.865234
0 0.52125 0.0868056 0.045 0.0683333 0.861328
0 0.986875 0.343889 0.02625 0.107778 0.854004
0 0.214063 0.0513889 0.046875 0.0706944 0.853027
0 0.0236719 0.292222 0.0472656 0.132778 0.841797
0 0.257188 0.0558333 0.04625 0.0708333 0.831055
0 0.324063 0.0409896 0.04375 0.0638542 0.813965
0 0.130156 0.117188 0.0615625 0.0772917 0.813965
0 0.193125 0.0361111 0.0375 0.0519444 0.777344
0 0.0414844 0.0770139 0.041875 0.0477778 0.749023
0 0.151094 0.0627951 0.0428125 0.0524653 0.747559
0 0.342188 0.0272309 0.034375 0.0524826 0.725098
0 0.85875 0.147778 0.0675 0.0813889 0.660156
0 0.260781 0.0169444 0.0371875 0.0323611 0.498047
0 0.1 0.0134375 0.0353125 0.025625 0.484375
0 0.294688 0.0380729 0.034375 0.0477431 0.44165
0 0.0964844 0.0355556 0.0340625 0.0466667 0.309082
0 0.297031 0.0197569 0.0365625 0.0395139 0.295898
0 0.295938 0.0308333 0.035625 0.0508333 0.295898
2 0.95625 0.0975 0.0225 0.0808333 0.158203
0 0.101172 0.0352778 0.0414063 0.0520833 0.139404
0 0.220938 0.0170747 0.036875 0.0337674 0.10376
2 0.93875 0.0647222 0.0225 0.06375 0.0903931
0 0.098125 0.0144965 0.0278125 0.0289931 0.0872803
2 0.96 0.0936806 0.0175001 0.0851389 0.0863037
0 0.359688 0.013967 0.0275 0.0276215 0.0736694
2 0.95375 0.0905556 0.0300001 0.0905556 0.0535889
2 0.9425 0.065434 0.03125 0.0688542 0.0512695
0 0.0438281 0.0403472 0.0349219 0.0481944 0.0387573
0 0.36375 0.0124653 0.0275 0.0245833 0.0375977
0 0.044209 0.0476215 0.037832 0.0408681 0.0334778
2 0.9575 0.0819444 0.025 0.0802778 0.0332031
0 0.355 0.0162153 0.02875 0.0324306 0.0318604
3 0.99125 0.757778 0.00749995 0.0288889 0.0301056
2 0.94875 0.0693056 0.04125 0.0702778 0.0298767
0 0.106719 0.0192361 0.044375 0.0334722 0.0237732
0 0.0467969 0.035 0.0409375 0.0588889 0.0233307
0 0.099668 0.0716667 0.0428516 0.0547222 0.0229797
1 0.0520215 0.035625 0.0539258 0.0651389 0.0205688
2 0.94875 0.0844618 0.0375 0.0966319 0.0200653
0 0.220781 0.0355556 0.0365625 0.0452778 0.0177765
0 0.106875 0.0289236 0.046875 0.0489583 0.0165863
0 0.259844 0.0390451 0.0409375 0.0419097 0.0128708
0 0.102344 0.044184 0.0421875 0.0619097 0.0109863
0 0.0512109 0.0648611 0.0375 0.04 0.00978088
0 0.343125 0.0203472 0.03125 0.0406944 0.00926971
0 0.0804883 0.0461806 0.0390234 0.0401389 0.00881195
0 0.065 0.085 0.039375 0.0622222 0.00874329
0 0.361875 0.0173611 0.03 0.0336111 0.00806427
0 0.0816406 0.0379861 0.0460938 0.0502778 0.00720596
2 0.81125 0.0588715 0.0175 0.0603125 0.0069313
0 0.0961719 0.0811111 0.045625 0.0661111 0.00629044
0 0.065 0.07625 0.0367188 0.0538889 0.00593567
0 0.190313 0.0656944 0.0353125 0.0511111 0.005867
0 0.255469 0.0273264 0.0409375 0.0311806 0.00557709
0 0.182031 0.0703472 0.0453125 0.0568056 0.00498199
0 0.151484 0.0718056 0.0404687 0.0627778 0.00473785
2 0.933125 0.0638889 0.02 0.0602778 0.00429916
2 0.8125 0.0530382 0.0125 0.0528125 0.00413513
3 0.0739844 0.0891667 0.0189063 0.0597222 0.0039444
0 0.310938 0.0138194 0.019375 0.0240972 0.00379562
0 0.189688 0.0649306 0.0475 0.0625 0.00348282
0 0.0507031 0.0544444 0.04375 0.0401389 0.00345612
0 0.0792578 0.0701389 0.0414844 0.0519444 0.00335121
0 0.0476953 0.0698611 0.0359375 0.0472222 0.00302696
0 0.188438 0.0505729 0.0340625 0.0569097 0.00263214
2 0.0392188 0.0847222 0.0325 0.0422222 0.00256157
3 0.69875 0.0131597 0.00750001 0.0263194 0.00235939
0 0.098418 0.0923611 0.0478516 0.0736111 0.00229645
0 0.8475 0.147743 0.0449999 0.0800694 0.00218201
2 0.0341992 0.024783 0.0150391 0.0462674 0.00198746
0 0.8725 0.186667 0.04125 0.0861111 0.00198746
2 0.8475 0.0214583 0.00999997 0.0336111 0.00183868
3 0.970625 0.74 0.00875003 0.0311111 0.00179577
0 0.125 0.0795833 0.0398437 0.0622222 0.00174809
2 0.811875 0.0733333 0.01625 0.0688889 0.00174141
0 0.122031 0.0901389 0.0421875 0.0619444 0.0017004
0 0.0176855 0.350556 0.0350195 0.095 0.00168133
3 0.97 0.698889 0.00750001 0.0222222 0.00167465
0 0.0322266 0.0522049 0.0407813 0.0483681 0.00144386
0 0.162188 0.041875 0.041875 0.04625 0.00141621
2 0.99125 0.756667 0.00749995 0.0288889 0.00137234
0 0.020708 0.0320833 0.0399121 0.0554167 0.00135612
0 0.1525 0.0461111 0.0375 0.0430556 0.00130463
0 0.091875 0.0220139 0.0453125 0.0418056 0.00125504
2 0.96625 0.0902778 0.0325 0.0916667 0.00125504
0 0.145625 0.0944444 0.035625 0.0552778 0.00124454
7 0.614063 0.291736 0.081875 0.13875 0.00121593
0 0.371875 0.0117361 0.03375 0.0234722 0.00115108
2 0.8875 0.065625 0.0225 0.07125 0.00112915
3 0.4925 0.0410938 0.00750001 0.0411458 0.00106907
0 0.107051 0.10625 0.055586 0.0644444 0.00103188
0 0.86375 0.138056 0.055 0.065 0.00102806
0 0.447813 0.0259722 0.039375 0.0494444 0.00100422
