0 0.0721484 0.726111 0.142891 0.246667 0.958496
0 0.245938 0.756111 0.188125 0.305556 0.956543
0 0.7025 0.695556 0.16875 0.277778 0.953125
0 0.490938 0.706667 0.146875 0.273333 0.950195
0 0.155156 0.953889 0.229688 0.0922222 0.942871
0 0.230938 0.137778 0.11125 0.0863889 0.933105
0 0.796875 0.960278 0.22375 0.0794444 0.933105
0 0.310313 0.261042 0.164375 0.139028 0.926758
0 0.308906 0.0523438 0.0471875 0.0658681 0.887207
0 0.141563 0.0748611 0.0490625 0.0683333 0.870605
0 0.0387891 0.185139 0.0775781 0.0925 0.859863
0 0.229375 0.0348611 0.03625 0.0516667 0.858887
0 0.256563 0.058125 0.044375 0.0613889 0.85498
5 0.203438 0.0524306 0.044375 0.0668056 0.829102
2 0.476875 0.123194 0.0375 0.0808333 0.825684
0 0.335625 0.0303819 0.034375 0.0514583 0.823242
0 0.49375 0.0242448 0.035 0.0473437 0.818848
0 0.96875 0.171667 0.0624999 0.104444 0.801758
0 0.0330859 0.0836111 0.0457031 0.0619445 0.794434
0 0.260313 0.0195139 0.033125 0.0390278 0.78418
2 0.521563 0.0939583 0.0375 0.0740278 0.78125
0 0.281406 0.0341667 0.0340625 0.0522222 0.777344
0 0.352813 0.0191319 0.0275 0.0382639 0.733887
0 0.98 0.12941 0.04 0.0634028 0.624512
0 0.178125 0.0439583 0.031875 0.0491667 0.588867
0 0.210625 0.0187153 0.03125 0.0374306 0.586914
0 0.0140918 0.0722917 0.0281836 0.0540278 0.413086
0 0.202969 0.0526563 0.0453125 0.0660764 0.410156
0 0.304063 0.0161458 0.03125 0.0322917 0.390381
0 0.2075 0.0253125 0.036875 0.0389583 0.379395
0 0.367813 0.0109375 0.02375 0.021875 0.19873
0 0.011123 0.0654167 0.022168 0.0513889 0.168823
2 0.169023 0.106111 0.0400781 0.0669444 0.149536
0 0.0115234 0.079375 0.0228906 0.0540278 0.149048
0 0.486875 0.0894445 0.06 0.0619444 0.123779
0 0.00622559 0.0994444 0.0124316 0.0644445 0.0960083
0 0.96875 0.146111 0.06 0.0555556 0.0888062
0 0.0082666 0.0565104 0.0163379 0.0455903 0.0830078
0 0.478438 0.0920139 0.0425 0.06625 0.053009
2 0.163125 0.109583 0.03 0.0633333 0.0524292
0 0.016709 0.0643056 0.0332227 0.0436111 0.0441895
0 0.0059375 0.112222 0.0118359 0.0711111 0.0441895
2 0.479375 0.182639 0.0275 0.0744445 0.0390625
2 0.484375 0.177361 0.02625 0.0786111 0.0304413
0 0.3425 0.0182986 0.02875 0.0365972 0.026001
0 0.00471436 0.116944 0.00937988 0.0683333 0.0223694
0 0.173711 0.101806 0.0482031 0.0736111 0.02211
2 0.00758301 0.114722 0.015166 0.0722222 0.0201416
2 0.490313 0.17125 0.043125 0.0927778 0.0186157
0 0.372188 0.0122222 0.023125 0.0244444 0.0177155
0 0.182813 0.0335417 0.034375 0.0434722 0.0176392
0 0.0698828 0.0751389 0.0425781 0.0505556 0.0135345
0 0.00650391 0.0510937 0.0130078 0.0533681 0.0100937
0 0.361563 0.0151389 0.030625 0.0296528 0.00888062
0 0.00626465 0.14 0.0125293 0.0747222 0.00757599
2 0.497188 0.157778 0.054375 0.111111 0.00757599
0 0.155625 0.0136458 0.03 0.0261806 0.00754929
0 0.3725 0.0103472 0.0275 0.0195833 0.00669098
0 0.475625 0.0869445 0.0375 0.0466667 0.00591278
2 0.487188 0.180694 0.039375 0.0786111 0.005867
2 0.00905273 0.130556 0.0181055 0.0772222 0.00536346
0 0.0289453 0.0579167 0.04125 0.0383333 0.00502014
0 0.0183887 0.178611 0.0367773 0.0938889 0.00475693
0 0.180156 0.0259028 0.021875 0.0336111 0.00431442
0 0.176875 0.0268056 0.0321875 0.0377778 0.00419998
2 0.8125 0.0202778 0.0125 0.0336111 0.00413513
0 0.170938 0.0869444 0.03875 0.0647222 0.00391388
0 0.0383594 0.0736111 0.0427344 0.0475 0.00387001
0 0.160781 0.0327083 0.033125 0.0490278 0.00324821
2 0.01 0.112917 0.019707 0.0611111 0.00288963
0 0.156094 0.0198264 0.0325 0.0352083 0.00256157
0 0.995 0.108333 0.00999997 0.0658333 0.00237846
2 0.481875 0.172778 0.04 0.0944444 0.00226021
2 0.0251758 0.144167 0.0444922 0.0697222 0.00211525
0 0.039375 0.0554861 0.0475 0.0415278 0.00197983
0 0.0289063 0.0471528 0.0526563 0.0604167 0.0019722
2 0.85 0.0244097 0.0125 0.0365972 0.00196457
0 0.71375 0.010842 0.03 0.0187326 0.00169373
0 0.0644531 0.0831944 0.0460938 0.0530556 0.00167465
0 0.0535938 0.0736111 0.0349219 0.0516667 0.00166798
0 0.9725 0.133889 0.055 0.0580556 0.00165462
0 0.994375 0.194444 0.01125 0.105556 0.00165462
0 0.191094 0.0923611 0.0578125 0.0825 0.00162315
0 0.0609375 0.0467361 0.0203125 0.03125 0.00156116
0 0.0527344 0.0460417 0.0392188 0.0468056 0.00155449
1 0.0484375 0.0376389 0.0884375 0.0716667 0.00151253
0 0.0692969 0.0367361 0.0420313 0.0509722 0.00145531
0 0.225313 0.0417361 0.03625 0.0554167 0.00145531
2 0.96 0.176944 0.0475 0.09 0.00135612
0 0.0559375 0.628333 0.111875 0.0522222 0.00129986
2 0.144063 0.0902083 0.04375 0.05375 0.00122547
0 0.018418 0.442222 0.0368359 0.1 0.00122547
2 0.47625 0.176528 0.033125 0.0813889 0.0012064
2 0.86 0.226944 0.0237501 0.0672222 0.00119686
2 0.478438 0.194444 0.028125 0.0772222 0.00118828
1 0.0581348 0.0321181 0.0724805 0.0599306 0.00115585
0 0.285 0.0413889 0.033125 0.0586111 0.00102043
