0 0.298125 0.761667 0.18125 0.29 0.959961
0 0.0780859 0.758333 0.155391 0.281111 0.956055
0 0.73625 0.824444 0.1825 0.322222 0.951172
0 0.52 0.693889 0.15125 0.276667 0.941895
0 0.74 0.133611 0.12875 0.0913889 0.912598
0 0.333672 0.199583 0.135156 0.1175 0.909668
0 0.9625 0.192361 0.0749999 0.118611 0.894043
0 0.208789 0.143924 0.111172 0.0865972 0.893066
0 0.257812 0.0539583 0.045 0.0722222 0.892578
0 0.142031 0.0720833 0.0484375 0.0661111 0.889648
0 0.768125 0.985556 0.17375 0.0266667 0.85791
0 0.324063 0.0413889 0.043125 0.0658333 0.841797
0 0.193438 0.0616667 0.0421875 0.0681944 0.835449
0 0.285938 0.0288194 0.0375 0.0529167 0.830078
0 0.168906 0.0460417 0.0375 0.0575 0.82666
0 0.232813 0.0368403 0.0375 0.056875 0.820801
0 0.0401563 0.0797222 0.041875 0.0540278 0.820801
0 0.97 0.127465 0.06 0.075625 0.810547
0 0.3425 0.0252778 0.033125 0.0486111 0.778809
2 0.0435156 0.216667 0.0328125 0.09 0.778809
2 0.496875 0.111979 0.0325 0.0765972 0.774414
0 0.195156 0.0307292 0.035625 0.0478472 0.613281
2 0.94125 0.0493056 0.02875 0.0595833 0.597168
0 0.215781 0.0201736 0.0290625 0.0399306 0.552734
2 0.96 0.0684722 0.0375 0.0583333 0.539062
0 0.374375 0.118646 0.114375 0.084375 0.478516
2 0.264375 0.1725 0.046875 0.085 0.462891
2 0.413125 0.11875 0.03625 0.0680556 0.42627
0 0.74125 0.0854861 0.0825 0.0651389 0.350342
2 0.91 0.123194 0.0199999 0.0555556 0.34082
2 0.97875 0.0657639 0.0237501 0.0518056 0.320801
2 0.9675 0.0679167 0.03375 0.0561111 0.240723
2 0.72 0.0893056 0.03625 0.0652778 0.174927
0 0.259688 0.0159722 0.034375 0.0319444 0.14856
2 0.950625 0.0638194 0.02125 0.0530556 0.14563
0 0.89375 0.1175 0.055 0.0708333 0.137573
2 0.943125 0.0593056 0.02625 0.0591667 0.110474
2 0.93625 0.0488194 0.03 0.0605556 0.108215
2 0.89625 0.118576 0.0475 0.0661805 0.092041
2 0.8925 0.0521528 0.015 0.0529167 0.0715942
2 0.89 0.055 0.0225 0.0576389 0.069519
0 0.35625 0.0160503 0.0225 0.0316493 0.0592041
2 0.715 0.0858333 0.0300001 0.0586111 0.0377502
0 0.334922 0.0313194 0.0351562 0.0572222 0.0375977
2 0.71375 0.0922222 0.025 0.0591667 0.0374756
2 0.404063 0.115694 0.053125 0.0763889 0.0339661
0 0.740625 0.0753472 0.08625 0.0544444 0.0321045
2 0.8875 0.0501389 0.025 0.055 0.0302124
3 0.945 0.0843056 0.01125 0.0758333 0.0282135
2 0.88375 0.0631944 0.0325 0.0675 0.0247955
0 0.359375 0.0184809 0.03 0.0366493 0.0244293
2 0.268594 0.1575 0.0434375 0.0866667 0.0243378
2 0.945 0.0911111 0.0125 0.0688889 0.0224609
2 0.9625 0.0772917 0.045 0.0698611 0.0174408
2 0.813125 0.0440451 0.0112501 0.0427431 0.0157166
2 0.995625 0.0795833 0.00874996 0.0755556 0.013588
0 0.89 0.105556 0.0575 0.0794444 0.0134811
2 0.815 0.0480729 0.015 0.0505208 0.0133286
0 0.368125 0.0115972 0.025 0.0227778 0.0132751
2 0.971875 0.0648611 0.02375 0.0556944 0.0132217
0 0.329375 0.0329861 0.038125 0.0536111 0.0124817
0 0.0534375 0.051875 0.0470313 0.0398611 0.0109482
0 0.740625 0.065 0.0825 0.0516667 0.00952148
2 0.279375 0.15 0.0225 0.0819445 0.00831604
0 0.768125 0.986944 0.17375 0.0261111 0.00800323
2 0.8825 0.0495139 0.0325 0.0615278 0.00746155
2 0.92625 0.0494444 0.0325 0.0558333 0.00714874
2 0.345625 0.0824306 0.045 0.0623611 0.00709534
0 0.7425 0.0908333 0.10625 0.0902778 0.00674438
0 0.699375 0.986111 0.05125 0.0277778 0.00664139
2 0.71125 0.0763889 0.0425 0.0536111 0.00658798
0 0.994375 0.100139 0.01125 0.0763889 0.00621796
0 0.0703125 0.0705556 0.0403125 0.0522222 0.00605011
5 0.83875 0.225 0.08 0.118889 0.005867
2 0.946875 0.0565451 0.0275 0.0527431 0.00564194
0 0.335313 0.0223611 0.029375 0.0383333 0.00544739
2 0.25125 0.177222 0.02125 0.0805556 0.00540543
0 0.066875 0.0518229 0.0342188 0.0413542 0.00536346
2 0.29625 0.243889 0.033125 0.101111 0.00530243
0 0.770625 0.982222 0.14125 0.0233333 0.00519943
0 0.41125 0.119583 0.0425 0.0769444 0.00510025
2 0.375313 0.114965 0.11125 0.0750695 0.00486755
0 0.046875 0.0569618 0.0504688 0.0424653 0.00482941
2 0.895 0.0952778 0.045 0.101111 0.0046463
0 0.299375 0.0162847 0.0275 0.0322917 0.00443268
0 0.153125 0.00989583 0.0271875 0.0197917 0.0042305
0 0.0613281 0.06125 0.0334375 0.0416667 0.00421524
7 0.979375 0.85 0.00874996 0.0277778 0.00421524
1 0.059209 0.0383333 0.0781445 0.0745833 0.00407028
2 0.3525 0.0823611 0.056875 0.0686111 0.00405502
2 0.275938 0.263889 0.074375 0.12 0.00400543
0 0.84 0.227778 0.0775 0.111667 0.0039444
2 0.906875 0.0951389 0.02875 0.1 0.00370789
2 0.295 0.224583 0.036875 0.101389 0.00353813
0 0.289844 0.0171528 0.0325 0.0343056 0.00349617
2 0.8125 0.0468056 0.02125 0.0477778 0.00288963
1 0.7025 0.617778 0.19875 0.328889 0.00269318
2 0.87875 0.0789583 0.0375 0.0695833 0.00258064
2 0.90125 0.0506944 0.0225 0.0541667 0.00255013
0 0.375313 0.106736 0.103125 0.0868056 0.00254059
0 0.0543359 0.0366667 0.0569531 0.0556944 0.00243378
2 0.87 0.055625 0.0375 0.0679167 0.00235939
0 0.87625 0.0813194 0.0375 0.0620833 0.00232315
0 0.7375 0.987778 0.11 0.0222222 0.00230598
0 0.0609375 0.0530556 0.02375 0.035 0.00221634
0 0.148594 0.00958333 0.0182813 0.0190972 0.00212479
2 0.720625 0.0518056 0.0275 0.03125 0.00201988
2 0.29 0.260833 0.045 0.105556 0.0019722
2 0.899375 0.0552083 0.02875 0.0598611 0.00195694
2 0.996875 0.0195833 0.00624994 0.0372222 0.00194168
0 0.0434375 0.05625 0.0386719 0.0330556 0.00194168
2 0.69625 0.0825 0.0275 0.0575 0.00187492
1 0.0666406 0.0288194 0.051875 0.0545833 0.00176811
2 0.69875 0.0736111 0.03 0.0544444 0.00176811
2 0.99625 0.0501563 0.00749995 0.0535764 0.00173378
0 0.292188 0.0725694 0.03125 0.0651389 0.00172043
2 0.87375 0.0650694 0.0475 0.0831944 0.00171375
2 0.81875 0.0460417 0.025 0.0527778 0.00170708
2 0.86 0.205 0.0375 0.0711111 0.0017004
6 0.836875 0.225833 0.07625 0.132778 0.00166798
2 0.93 0.0465278 0.045 0.0552778 0.00163555
2 0.8625 0.216667 0.04125 0.0838889 0.00160408
0 0.208906 0.0423611 0.023125 0.0505556 0.0015974
2 0.74 0.0940972 0.0825 0.0618056 0.00159168
3 0.97 0.739444 0.01 0.03 0.00159168
2 0.8175 0.0495139 0.0325 0.0584722 0.00157356
2 0.700625 0.0926389 0.03875 0.0644445 0.0015192
2 0.81125 0.0505556 0.0325 0.0554167 0.00150108
2 0.99625 0.0294444 0.00749995 0.0519444 0.0014782
2 0.720625 0.119688 0.0875 0.0672917 0.00142097
0 0.895 0.130313 0.05125 0.074375 0.00139904
3 0.97 0.691111 0.00750001 0.0244445 0.00139427
0 0.0664844 0.0810417 0.0492188 0.0618056 0.00136662
1 0.0737109 0.0355208 0.0810156 0.0709028 0.00136185
2 0.42125 0.128646 0.02125 0.0810417 0.00134563
0 0.994375 0.224722 0.01125 0.111667 0.00134563
0 0.0694922 0.0289583 0.0439844 0.0529167 0.00133038
0 0.885 0.119583 0.065 0.0780556 0.00132465
2 0.364688 0.0865278 0.075625 0.0758333 0.00131512
2 0.9425 0.103333 0.02 0.0647222 0.00129414
2 0.715625 0.1075 0.0725 0.0513889 0.00127888
2 0.7175 0.0543056 0.03125 0.0334722 0.00119209
2 0.8875 0.0960417 0.065 0.0943056 0.00117874
2 0.805 0.0667882 0.04 0.0730903 0.00115108
0 0.156016 0.0430382 0.0348438 0.0475347 0.00110722
2 0.410938 0.0959028 0.033125 0.0779167 0.00110722
0 0.375 0.0158333 0.02375 0.0316667 0.00107288
0 0.995625 0.244722 0.00874996 0.0977778 0.00105667
