0 0.23625 0.800556 0.193125 0.292222 0.958984
0 0.0721484 0.726667 0.142891 0.244444 0.958496
0 0.490313 0.694444 0.151875 0.257778 0.958008
0 0.700156 0.774444 0.172188 0.273333 0.956543
0 0.504688 0.41 0.1075 0.164444 0.939453
0 0.666875 0.353889 0.09875 0.157778 0.928223
0 0.385313 0.279514 0.0875 0.142083 0.922852
0 0.571875 0.109306 0.05 0.075 0.908691
0 0.441875 0.129444 0.0575 0.0822222 0.901367
5 0.0649317 0.166667 0.0732617 0.108889 0.88623
0 0.500313 0.0273264 0.0325 0.0513194 0.855957
0 0.207188 0.0271181 0.04 0.0513194 0.796875
0 0.329688 0.0333333 0.041875 0.0575 0.785156
0 0.2525 0.0645833 0.0471875 0.0719444 0.779785
0 0.0332031 0.0854861 0.0495313 0.0568056 0.774414
0 0.175156 0.079375 0.0490625 0.0706944 0.746094
0 0.259063 0.0229253 0.03625 0.0451215 0.684082
0 0.285313 0.0731944 0.048125 0.0690278 0.647949
0 0.295 0.0260417 0.04 0.0513889 0.624512
0 0.192813 0.11625 0.0625 0.0819444 0.59082
0 0.35125 0.0211806 0.02875 0.0415278 0.588867
0 0.165586 0.0525694 0.0425781 0.0598611 0.331055
0 0.345 0.0229514 0.0325 0.0438194 0.20813
0 0.366563 0.0117535 0.025625 0.0235069 0.169434
0 0.172969 0.0680556 0.0425 0.0544444 0.124634
0 0.298906 0.0214583 0.03625 0.0429167 0.122925
0 0.229063 0.0135069 0.0275 0.0270139 0.119995
2 0.913125 0.0881944 0.01625 0.0616667 0.112427
2 0.90875 0.0866667 0.025 0.065 0.105957
0 0.172031 0.0418056 0.0334375 0.0411111 0.0639648
0 0.209063 0.0628472 0.03625 0.0654167 0.0322266
0 0.126875 0.0763889 0.046875 0.0586111 0.0284424
0 0.0676563 0.0586111 0.0434375 0.0440278 0.026062
0 0.293125 0.04375 0.0425 0.0701389 0.0181885
0 0.371875 0.0129514 0.02375 0.0259028 0.0171814
0 0.170938 0.0877083 0.0459375 0.0720833 0.0136337
0 0.126094 0.0936111 0.0528125 0.0791667 0.00959778
0 0.905 0.0855556 0.0325 0.0633333 0.00948334
0 0.17875 0.0214583 0.035625 0.0375 0.00941467
0 0.227031 0.0174479 0.0271875 0.0348958 0.00878143
3 0.991875 0.761111 0.00625 0.0255556 0.0086441
0 0.360938 0.0181944 0.0325 0.0354167 0.0077858
0 0.292969 0.063125 0.03875 0.0622222 0.00772476
0 0.37125 0.0115972 0.03 0.0218056 0.00629044
0 0.085625 0.162083 0.03125 0.0802778 0.00619125
0 0.204375 0.0739063 0.0434375 0.0788542 0.00544739
0 0.0522266 0.185833 0.0474219 0.0772222 0.00530243
7 0.980625 0.855556 0.00875003 0.0288889 0.00530243
0 0.163594 0.0693056 0.0384375 0.0666667 0.00498199
0 0.213125 0.0184722 0.034375 0.0369444 0.0049057
0 0.0604297 0.0614583 0.0446094 0.0520833 0.00438309
0 0.180039 0.0968056 0.0467969 0.0769444 0.00431442
0 0.165469 0.0903472 0.0353125 0.0643056 0.00388527
0 0.15875 0.0357639 0.0525 0.05375 0.00382423
0 0.0598828 0.052934 0.0539844 0.0488542 0.00376511
0 0.208125 0.0389583 0.0425 0.0602778 0.00367928
0 0.349375 0.0262153 0.035 0.0490972 0.00365067
0 0.715 0.0106597 0.025 0.0177778 0.00325966
0 0.0446973 0.0513889 0.0406055 0.045 0.00319672
2 0.265938 0.442222 0.0515625 0.11 0.00309944
0 0.49125 0.0142708 0.01625 0.0263194 0.0029583
0 0.242969 0.0552778 0.029375 0.0552778 0.00239754
0 0.035625 0.0540972 0.0383594 0.0501389 0.00237846
0 0.0661328 0.0672222 0.0508594 0.0573611 0.00224304
0 0.0540625 0.631111 0.108125 0.0577778 0.00221634
0 0.0424316 0.0378993 0.036543 0.0553125 0.00212479
2 0.260156 0.0834722 0.0340625 0.0586111 0.00210762
7 0.69875 0.00989583 0.00750001 0.0197917 0.00209999
0 0.0539941 0.0346181 0.0562305 0.0607639 0.00206757
0 0.29875 0.0690972 0.044375 0.0711111 0.00198746
0 0.00471924 0.153889 0.00943848 0.0772222 0.00183105
0 0.00447266 0.141389 0.00894531 0.0772222 0.00181007
0 0.0814844 0.164167 0.0390625 0.0972222 0.00167465
0 0.99625 0.827778 0.00749995 0.0344445 0.00163555
1 0.0590625 0.0345139 0.060625 0.06375 0.00162315
0 0.122578 0.104792 0.0592188 0.0879167 0.00158501
0 0.129844 0.0670833 0.0425 0.0544444 0.00154305
2 0.1725 0.0229861 0.024375 0.0416667 0.0015192
2 0.9925 0.757778 0.00625 0.0222222 0.0014782
0 0.156797 0.0272917 0.0510937 0.04875 0.00143242
3 0.994375 0.767778 0.00500005 0.0311111 0.00135612
0 0.0762109 0.157361 0.0492969 0.0869444 0.00135136
0 0.499063 0.0216319 0.03125 0.0432639 0.00118351
1 0.150391 0.0423611 0.0695312 0.0694444 0.00115108
0 0.0513672 0.168889 0.0458594 0.101667 0.00112057
0 0.141094 0.0782639 0.0239062 0.0604167 0.0011158
0 0.271875 0.07875 0.0275 0.0633333 0.0011158
2 0.259063 0.437222 0.04 0.11 0.00106525
