0 0.478125 0.72 0.15625 0.295556 0.952148
0 0.242031 0.755556 0.178438 0.282222 0.951172
0 0.192656 0.456111 0.147813 0.201111 0.9375
0 0.459375 0.963611 0.246875 0.0727778 0.928223
0 0.595 0.166389 0.15375 0.119722 0.918457
0 0.420625 0.0977778 0.12875 0.0772222 0.913574
0 0.145156 0.971111 0.216563 0.0577777 0.913574
0 0.95125 0.0834028 0.09625 0.0704167 0.913086
0 0.586875 0.0808333 0.11 0.0680556 0.908203
0 0.75875 0.0694444 0.0975 0.0659722 0.894043
0 0.133203 0.0754861 0.0535938 0.0754167 0.841797
0 0.193906 0.0661806 0.04125 0.0651389 0.811523
0 0.251875 0.0506944 0.04375 0.0675 0.773438
5 0.289688 0.0259722 0.0725 0.0519444 0.656738
0 0.0106738 0.914445 0.0211914 0.162222 0.638672
0 0.28 0.0841667 0.05125 0.0752778 0.638672
0 0.311563 0.0430556 0.0375 0.0508333 0.511719
0 0.7675 0.0360069 0.0375 0.0488194 0.455078
0 0.280313 0.0562674 0.040625 0.0555208 0.437744
0 0.280313 0.06625 0.0434375 0.0683333 0.300781
0 0.77375 0.0462326 0.05 0.0364236 0.250977
0 0.765 0.0281944 0.0325 0.0455556 0.213379
0 0.775 0.0438715 0.0575 0.0544792 0.213379
0 0.78 0.0540104 0.06625 0.0569792 0.150513
0 0.335 0.0192014 0.031875 0.0382639 0.130737
5 0.290625 0.0349306 0.075 0.0476389 0.0953369
0 0.142422 0.371111 0.0685938 0.0644445 0.0943604
0 0.0656641 0.0759028 0.0441406 0.0656944 0.093689
0 0.0680859 0.0677778 0.0405469 0.0526389 0.0463867
2 0.83625 0.020217 0.03 0.039566 0.041626
0 0.770625 0.0352431 0.045 0.0600694 0.0354004
0 0.288594 0.0779167 0.0384375 0.0730556 0.0289764
0 0.294531 0.0577083 0.04125 0.0529167 0.0222931
0 0.340625 0.0173264 0.03875 0.0336806 0.0216217
2 0.141563 0.372222 0.069375 0.0677778 0.0214539
0 0.282188 0.0278385 0.0565625 0.0547396 0.0179901
0 0.79125 0.0565972 0.07 0.0548611 0.0148392
6 0.83 0.0189236 0.0425 0.0378472 0.0134277
0 0.312188 0.0165625 0.029375 0.031875 0.0100098
3 0.718125 0.812222 0.03125 0.195556 0.00566483
0 0.334063 0.0624306 0.03625 0.0619445 0.0055542
7 0.98 0.85 0.00750001 0.0266667 0.00486755
2 0.0174805 0.477222 0.0349609 0.125556 0.00471878
2 0.720625 0.0260417 0.01375 0.0356944 0.00455475
0 0.326875 0.0625 0.03625 0.0609722 0.00443268
5 0.290156 0.0251389 0.0746875 0.0502778 0.00355148
0 0.76625 0.0442882 0.0475 0.0442014 0.00301552
0 0.795625 0.0423611 0.09875 0.0772222 0.00293541
2 0.72125 0.0175694 0.0125 0.0325 0.0027256
0 0.323828 0.0523437 0.0460938 0.0678125 0.0024929
0 0.123984 0.0405556 0.0410937 0.0494444 0.00247192
2 0.0207031 0.493333 0.0203906 0.0955556 0.00243378
5 0.83 0.0203472 0.0425 0.0406944 0.00242424
6 0.809375 0.0257986 0.08625 0.0515972 0.00240517
2 0.0146973 0.490556 0.0283789 0.107778 0.00234222
2 0.8925 0.0353472 0.0125 0.05375 0.00226974
0 0.100547 0.0715972 0.0453125 0.0601389 0.0019722
0 0.0560938 0.050434 0.0490625 0.0521875 0.00167465
0 0.270313 0.0170833 0.0425 0.0330556 0.00148964
0 0.290469 0.0896528 0.0328125 0.0715278 0.0014782
0 0.0498828 0.0454167 0.0479688 0.0536111 0.00144386
0 0.286406 0.0210764 0.0703125 0.0421528 0.00138855
2 0.86625 0.141944 0.0475 0.0627778 0.00136662
0 0.99625 0.159306 0.00749995 0.0658333 0.00132465
3 0.49125 0.029375 0.01125 0.0476389 0.00131512
0 0.985 0.613333 0.00749995 0.0133334 0.00129414
0 0.0583203 0.08375 0.0577344 0.0683333 0.00126457
0 0.86625 0.141528 0.0475 0.0613889 0.00119209
3 0.99375 0.822778 0.00499999 0.0211112 0.00103664
2 0.128438 0.372222 0.0446875 0.0633333 0.00103188
0 0.195469 0.0478993 0.035625 0.0411458 0.00102806
2 0.711875 0.0252083 0.03375 0.0444444 0.00102425
2 0.0221875 0.503333 0.0161328 0.0922222 0.00101662
0 0.107344 0.0591493 0.053125 0.0536458 0.00100803
