0 0.195469 0.497222 0.142813 0.196667 0.946777
0 0.91375 0.438889 0.17125 0.173333 0.932129
2 0.0501563 0.742222 0.099375 0.276667 0.893555
2 0.94625 0.236806 0.055 0.106944 0.873535
0 0.337188 0.0293142 0.03625 0.0551215 0.84375
0 0.305 0.0565278 0.04625 0.0727778 0.84082
2 0.91875 0.0631944 0.0325 0.0690278 0.800781
5 0.221563 0.0399306 0.0425 0.0611111 0.79834
2 0.99375 0.271944 0.0124999 0.0861111 0.751465
0 0.475 0.00796875 0.02875 0.0159375 0.521484
2 0.9825 0.0885417 0.01875 0.0684722 0.517578
0 0.28 0.03125 0.0328125 0.0543056 0.37207
0 0.353125 0.0177778 0.02625 0.0336806 0.346924
5 0.28125 0.0204167 0.0340625 0.0391667 0.23938
2 0.98625 0.554444 0.0275 0.156667 0.23938
5 0.280156 0.02875 0.0334375 0.0547222 0.155029
0 0.252656 0.0677604 0.0403125 0.0650347 0.14856
0 0.195938 0.0461285 0.028125 0.0402431 0.123352
0 0.310469 0.0187413 0.0296875 0.0346007 0.109314
5 0.282188 0.0152083 0.034375 0.0304167 0.0587769
0 0.310625 0.0261806 0.0325 0.0323611 0.0574951
0 0.365625 0.0122917 0.025 0.0240278 0.0462036
2 0.99125 0.275069 0.0175 0.0898611 0.0453491
2 0.984375 0.0829167 0.01875 0.0627778 0.0413208
0 0.358125 0.016875 0.030625 0.0331944 0.0363464
0 0.475 0.0111458 0.02875 0.021875 0.0299835
0 0.25375 0.0540278 0.04 0.0761111 0.028656
0 0.194844 0.0675694 0.02875 0.05625 0.0253754
2 0.976563 0.268264 0.0468749 0.103472 0.025177
0 0.210625 0.0437674 0.02375 0.0516319 0.024231
2 0.9925 0.252222 0.015 0.120556 0.0222931
0 0.98625 0.554444 0.0275 0.166667 0.0210419
0 0.32875 0.0335417 0.02625 0.0534722 0.0181274
5 0.279375 0.0338889 0.04125 0.0593056 0.0171051
2 0.821875 0.0116667 0.02 0.0229167 0.0162811
0 0.232813 0.0156597 0.0240625 0.0270833 0.0153656
0 0.220313 0.0393229 0.040625 0.0563542 0.0147858
3 0.699375 0.0119792 0.00749995 0.0239583 0.0134277
2 0.979375 0.548889 0.04125 0.162222 0.0115509
0 0.307813 0.0327778 0.0325 0.0325 0.0113297
0 0.26 0.0426389 0.045 0.0659722 0.011116
0 0.470313 0.0105208 0.025 0.0210417 0.0104065
2 0.0291748 0.977778 0.0244629 0.0422222 0.00821686
0 0.0517578 0.044375 0.0455469 0.0531944 0.00775528
3 0.066875 0.617222 0.01625 0.0788889 0.00740433
5 0.253281 0.0444618 0.0390625 0.0657986 0.00706482
2 0.0569531 0.664444 0.0740625 0.125556 0.0069046
0 0.222031 0.0297222 0.0403125 0.0481944 0.00651169
2 0.0433203 0.642778 0.0428906 0.0822222 0.00631332
0 0.214375 0.0799306 0.03625 0.0640278 0.00612259
2 0.0338281 0.643889 0.0309375 0.0833333 0.00602722
0 0.204688 0.0772222 0.050625 0.0638889 0.00572968
2 0.82375 0.0136979 0.0225 0.0273958 0.00553513
2 0.69875 0.0136024 0.01 0.0247396 0.00551224
2 0.0462891 0.662222 0.0511719 0.118889 0.00551224
1 0.0624609 0.558333 0.123203 0.201111 0.00526047
2 0.0244971 0.972778 0.0328809 0.0544444 0.00510025
2 0.9525 0.278611 0.0475 0.085 0.00508118
3 0.0719141 0.623333 0.0308594 0.0911111 0.0049057
2 0.70125 0.0158333 0.0125 0.0293056 0.00445175
5 0.07125 0.559861 0.102969 0.2025 0.00436401
2 0.970625 0.544306 0.05875 0.186944 0.00428009
0 0.217813 0.0629861 0.036875 0.0484722 0.00356483
2 0.98125 0.281389 0.03 0.0872222 0.00351143
2 0.550625 0.595 0.05375 0.114444 0.00340271
0 0.215938 0.0516667 0.031875 0.0509722 0.00322342
2 0.196094 0.409444 0.0446875 0.0411111 0.00314713
2 0.0743359 0.623333 0.0449219 0.0933333 0.00313568
2 0.205156 0.413333 0.0290625 0.0388889 0.00312424
0 0.276875 0.0451563 0.036875 0.0627431 0.00270462
3 0.0764844 0.613889 0.0403125 0.0777778 0.00256157
2 0.0650781 0.0622917 0.0332813 0.0538889 0.00239754
0 0.293281 0.0145486 0.025625 0.0290972 0.00233269
2 0.0585547 0.050625 0.0310156 0.0476389 0.00226974
2 0.994375 0.233611 0.01125 0.132778 0.00214958
2 0.96625 0.286389 0.05 0.0894445 0.00195694
3 0.0349609 0.653333 0.0335156 0.102222 0.00194168
0 0.0692188 0.0531944 0.0320313 0.0508333 0.00188255
7 0.979375 0.852222 0.00874996 0.0266667 0.00188255
0 0.339688 0.0206597 0.035 0.0413194 0.00186062
0 0.061875 0.0362847 0.0495313 0.0597917 0.00182438
0 0.99375 0.313333 0.0124999 0.166667 0.00165462
2 0.92625 0.0847222 0.015 0.0777778 0.00155449
2 0.948125 0.280556 0.04625 0.06 0.00148964
2 0.9575 0.301111 0.065 0.103333 0.00148964
3 0.037207 0.674444 0.0413672 0.142222 0.00148964
0 0.87375 0.107014 0.0525 0.0926389 0.0014267
2 0.9275 0.100139 0.0125 0.065 0.00141048
2 0.0734766 0.641111 0.0471094 0.113333 0.00139904
0 0.0723828 0.0617361 0.0358594 0.0540278 0.00132465
0 0.374375 0.0111111 0.02625 0.0208333 0.00131512
0 0.470938 0.00913194 0.035 0.0172222 0.00124454
0 0.234375 0.0779167 0.02 0.0622222 0.00123024
2 0.98625 0.0861111 0.025 0.0661111 0.00122547
2 0.195156 0.414167 0.0565625 0.055 0.00122547
0 0.253125 0.0803472 0.044375 0.0665278 0.0012064
2 0.19375 0.396111 0.040625 0.0533333 0.00117874
0 0.990625 0.423611 0.0187499 0.128889 0.00112915
2 0.550625 0.571111 0.0575 0.157778 0.00109863
0 0.271719 0.0801389 0.0353125 0.0608333 0.00103188
