0 0.0721875 0.726111 0.143125 0.244444 0.955078
0 0.675 0.56875 0.1425 0.240278 0.946777
0 0.27375 0.669444 0.166875 0.291111 0.946777
0 0.488125 0.428611 0.10375 0.181667 0.944336
0 0.157031 0.948333 0.231563 0.103333 0.94043
0 0.793125 0.96 0.2225 0.08 0.930664
0 0.468438 0.978333 0.185625 0.0433333 0.90332
0 0.137109 0.0756944 0.0479688 0.0655556 0.892578
0 0.308594 0.0521528 0.0471875 0.0668056 0.876465
0 0.255313 0.0577778 0.045 0.0644445 0.873047
5 0.198438 0.0580382 0.049375 0.0736458 0.824219
0 0.335313 0.0315972 0.035 0.0543056 0.809082
0 0.228594 0.0372222 0.0378125 0.0530556 0.804199
0 0.279375 0.0342361 0.035 0.0505556 0.800781
0 0.0330859 0.0847222 0.0478125 0.0611111 0.760742
0 0.302813 0.0171875 0.03125 0.0342361 0.729492
0 0.352188 0.0200347 0.02875 0.0395139 0.713867
0 0.0125586 0.0763889 0.025 0.0577778 0.699219
0 0.210313 0.0213889 0.0334375 0.0420833 0.679199
0 0.1975 0.0578472 0.046875 0.0706944 0.584961
0 0.259688 0.0194097 0.035625 0.0388194 0.521484
0 0.180313 0.0461111 0.03625 0.0490278 0.401611
0 0.081875 0.0164583 0.0351563 0.0313889 0.367432
0 0.188281 0.055625 0.04125 0.0688889 0.157104
0 0.367188 0.0111111 0.02375 0.0222222 0.105957
0 0.00741699 0.0665278 0.0147754 0.05 0.0913696
0 0.33875 0.0257986 0.0325 0.0467361 0.0734253
0 0.87125 0.131354 0.04125 0.0589583 0.0678101
0 0.01625 0.0699306 0.0325 0.0552778 0.0481262
0 0.206563 0.0420833 0.0378125 0.0519444 0.0458679
3 0.170156 0.0904167 0.0190625 0.0591667 0.0360718
0 0.0303516 0.0516667 0.0427344 0.0459722 0.0358276
0 0.04 0.961111 0.0797656 0.0755556 0.024231
0 0.361875 0.0189236 0.03 0.0347917 0.0240479
0 0.34375 0.0190625 0.03 0.038125 0.0218658
7 0.69875 0.0106944 0.00750001 0.0213889 0.0165253
0 0.371875 0.0127951 0.02375 0.0255903 0.014061
0 0.0384766 0.0725 0.0438281 0.0494444 0.00993347
0 0.199375 0.0303819 0.045 0.0499306 0.00978088
3 0.166875 0.0925694 0.0171875 0.0629167 0.00955963
0 0.0704688 0.0353819 0.0378125 0.0415972 0.00937653
0 0.0857813 0.0142708 0.0353125 0.0285417 0.00731659
2 0.8125 0.0154167 0.00874996 0.0265278 0.00619125
0 0.00399902 0.0452083 0.00799805 0.0434722 0.00577545
0 0.00984863 0.926111 0.0195801 0.0488889 0.00518036
0 0.0905469 0.0148611 0.030625 0.0293056 0.00488663
0 0.0663281 0.0359028 0.0260938 0.0430556 0.0046463
0 0.157578 0.0145052 0.0339063 0.0282118 0.00450516
3 0.99125 0.761667 0.00625 0.02 0.0041008
0 0.0388281 0.0448611 0.0535938 0.0551389 0.00376511
0 0.374375 0.00922743 0.025625 0.0172396 0.00372124
0 0.0755859 0.0365972 0.0308594 0.0379167 0.00351143
0 0.158594 0.0232726 0.038125 0.0430382 0.00319672
2 0.991875 0.76 0.00750001 0.02 0.00312424
0 0.17 0.0170226 0.041875 0.0297049 0.00253105
0 0.0202344 0.0443056 0.0389453 0.0476389 0.00227928
0 0.0301758 0.0679167 0.0523047 0.06 0.00217438
0 0.0496094 0.0464063 0.0353906 0.0449653 0.00213242
0 0.0552344 0.0341667 0.0427344 0.0515278 0.00211525
2 0.79125 0.01875 0.0175 0.03125 0.00192642
0 0.182813 0.0207639 0.018125 0.0281944 0.00183868
0 0.177461 0.0362153 0.0382031 0.0509028 0.00183868
2 0.953125 0.685556 0.01 0.0244445 0.00171375
3 0.95375 0.685556 0.0125 0.0277778 0.00168705
2 0.698125 0.0121875 0.00875003 0.020625 0.00162888
2 0.74625 0.0144444 0.00999997 0.0254167 0.0014782
0 0.177344 0.0848611 0.0328125 0.0588889 0.0014782
0 0.469375 0.966667 0.185 0.0666666 0.00147247
0 0.0526953 0.0769444 0.0332031 0.0544445 0.00129414
0 0.495625 0.978889 0.1325 0.0377778 0.00129414
0 0.154688 0.0286806 0.04 0.0469444 0.0012207
0 0.0521875 0.63 0.104375 0.0544445 0.00112438
0 0.0638281 0.0219792 0.0453125 0.039375 0.0011158
3 0.970625 0.695556 0.00750001 0.0222222 0.00110722
2 0.178438 0.0840278 0.036875 0.0608333 0.00101662
