0 0.0721094 0.725556 0.142969 0.244444 0.95752
0 0.245625 0.756111 0.186875 0.305556 0.956543
0 0.490625 0.704444 0.1475 0.273333 0.95459
0 0.699844 0.696667 0.165313 0.277778 0.953125
0 0.155781 0.953889 0.229063 0.0922222 0.944824
0 0.795 0.96 0.225 0.08 0.935059
0 0.308438 0.0543229 0.046875 0.0652431 0.884766
5 0.201875 0.0551389 0.045 0.0740278 0.877441
0 0.255938 0.0583333 0.043125 0.0630556 0.864258
0 0.141328 0.0733333 0.0482813 0.065 0.861328
2 0.555313 0.0654167 0.0325 0.0643056 0.847168
0 0.229063 0.0356944 0.0384375 0.0513889 0.842773
0 0.334453 0.0315972 0.0373437 0.0543056 0.817383
0 0.280313 0.0344097 0.035 0.0525694 0.810547
0 0.260313 0.0199653 0.033125 0.0397917 0.779785
2 0.88875 0.0674306 0.0275 0.0701389 0.76709
0 0.303125 0.0173524 0.03125 0.034184 0.690918
0 0.0350977 0.0836111 0.0423047 0.0608333 0.684082
0 0.1775 0.0455729 0.031875 0.0513542 0.613281
0 0.015791 0.0722222 0.031582 0.0538889 0.571777
0 0.351875 0.0189236 0.0275 0.0378472 0.523438
0 0.202813 0.0882639 0.0371875 0.05875 0.366699
0 0.266875 0.0265972 0.0403125 0.0475 0.230225
0 0.0120801 0.0652778 0.0241602 0.0527778 0.205566
0 0.0078711 0.0805556 0.0157031 0.0563889 0.167725
0 0.36625 0.0113542 0.02375 0.0227083 0.154541
0 0.00815918 0.0555729 0.0162012 0.0485764 0.137939
0 0.325312 0.0355903 0.024375 0.0497917 0.0690308
0 0.354688 0.0141753 0.025625 0.0277604 0.0572815
2 0.180938 0.0926389 0.035 0.0619444 0.0534058
0 0.196719 0.0845833 0.034375 0.0630556 0.0328369
0 0.362813 0.0127778 0.030625 0.0255556 0.0309143
2 0.191875 0.0945833 0.043125 0.0613889 0.0250854
0 0.0421875 0.958889 0.084375 0.0777778 0.0249939
0 0.955 0.692222 0.015 0.0166667 0.0243378
0 0.0390234 0.0710417 0.0409375 0.04125 0.0193481
2 0.17625 0.08875 0.030625 0.06 0.0183411
3 0.490625 0.0287847 0.01 0.0414583 0.0179901
0 0.179688 0.0820833 0.03625 0.0597222 0.0153656
0 0.703125 0.989444 0.04125 0.02 0.0101318
0 0.0281201 0.0888889 0.0344629 0.0638889 0.00981903
0 0.0703906 0.0760417 0.0425 0.0520833 0.00967407
0 0.166094 0.0347917 0.0328125 0.0454167 0.00796509
0 0.00521484 0.09625 0.0104297 0.0683333 0.00790405
2 0.845625 0.0270833 0.00999997 0.0502778 0.00775528
0 0.0319141 0.0752778 0.0499219 0.0533333 0.00740433
0 0.039668 0.0549826 0.0431641 0.0386458 0.00712204
2 0.845625 0.0157639 0.00875003 0.0311111 0.00706482
0 0.6975 0.991111 0.02875 0.0177777 0.00621796
0 0.361875 0.0196875 0.03 0.0365972 0.00614548
0 0.177969 0.0713889 0.0359375 0.0605556 0.00595856
2 0.0287695 0.626667 0.0572266 0.137778 0.00588989
0 0.34125 0.0184028 0.03 0.0368056 0.00564194
2 0.0271875 0.618889 0.04375 0.102222 0.00524139
0 0.370625 0.0121181 0.025 0.0242361 0.00484848
5 0.19625 0.0391667 0.044375 0.0515278 0.00446701
0 0.0471484 0.0544618 0.0347656 0.0382986 0.00439835
7 0.979375 0.848889 0.00874996 0.0244445 0.00432968
0 0.31125 0.0436806 0.04875 0.0536111 0.00416565
0 0.0168555 0.0963889 0.0288281 0.0602778 0.00376511
2 0.8975 0.0557639 0.0225 0.0583333 0.00374985
0 0.0490234 0.0725 0.0336719 0.0486111 0.00366402
2 0.0272852 0.585694 0.0443359 0.146389 0.00348282
2 0.0293555 0.613889 0.0384766 0.0811111 0.00336266
3 0.490625 0.0338889 0.01125 0.0572222 0.00305176
3 0.990625 0.760556 0.00750001 0.02 0.00284576
0 0.355625 0.0270833 0.0225 0.0491667 0.00275803
0 0.0537109 0.0526563 0.030625 0.0385764 0.00273705
0 0.0606641 0.0745139 0.0367188 0.0506944 0.00257111
0 0.0652344 0.0802083 0.046875 0.0551389 0.00251198
2 0.95125 0.295556 0.02625 0.09 0.0024147
0 0.0375391 0.0441667 0.0547656 0.0555556 0.00239754
2 0.89375 0.0502951 0.02375 0.0507986 0.00221634
2 0.199375 0.0989583 0.041875 0.0706944 0.00219917
7 0.699375 0.0114236 0.00625 0.0228472 0.00216484
0 0.174961 0.0215972 0.0332031 0.0309722 0.00213242
0 0.00500977 0.112917 0.0100195 0.0755556 0.0020752
2 0.0275781 0.0948611 0.0239844 0.0541667 0.00192642
2 0.0230859 0.0954167 0.02375 0.0569444 0.00179577
2 0.18125 0.104167 0.036875 0.0633333 0.00168705
0 0.20875 0.0815278 0.0425 0.0666667 0.0015974
2 0.05625 0.635556 0.112188 0.0844444 0.00156116
0 0.0229297 0.0472917 0.0432031 0.0531944 0.00150681
0 0.0521875 0.636667 0.104375 0.0688889 0.00133514
0 0.93625 0.783333 0.0175 0.0233333 0.00124454
2 0.0441797 0.615556 0.0814844 0.0844445 0.00119686
0 0.185313 0.0626389 0.030625 0.0561111 0.00119209
0 0.0143164 0.928333 0.0284375 0.0533333 0.00108624
3 0.8875 0.0419444 0.01625 0.0536111 0.00106049
0 0.199375 0.0257639 0.03875 0.0365278 0.00105667
0 0.00975098 0.929444 0.0194434 0.0433334 0.00104809
0 0.0485547 0.041875 0.0444531 0.0533333 0.00102425
