0 0.0717578 0.726667 0.142422 0.245556 0.957031
0 0.2825 0.584444 0.16625 0.276667 0.950684
0 0.6675 0.362778 0.09875 0.152222 0.932617
0 0.390938 0.191389 0.070625 0.101667 0.927246
0 0.966875 0.275556 0.06625 0.13 0.925781
0 0.352188 0.319444 0.091875 0.134444 0.924316
0 0.52 0.311944 0.089375 0.136667 0.913574
0 0.603125 0.114722 0.054375 0.0811111 0.903809
0 0.0373633 0.149306 0.0657422 0.0836111 0.901367
0 0.501875 0.168611 0.06625 0.103333 0.901367
0 0.029375 0.318333 0.05875 0.136111 0.874023
0 0.51125 0.093125 0.04625 0.0681944 0.871582
0 0.147188 0.152535 0.0665625 0.0927083 0.863281
0 0.42875 0.0759722 0.04875 0.07 0.862305
0 0.5075 0.0407118 0.04 0.0505208 0.852051
0 0.2425 0.0644618 0.046875 0.0749653 0.817383
0 0.301875 0.0561806 0.05125 0.0665278 0.808105
0 0.170781 0.0502951 0.04125 0.0594097 0.806641
0 0.579688 0.0281597 0.03375 0.0396528 0.803223
0 0.288906 0.103819 0.0628125 0.0793056 0.796875
0 0.180938 0.0758333 0.0478125 0.0713889 0.788086
0 0.0311133 0.0823611 0.0438672 0.0594444 0.749023
0 0.218438 0.0448611 0.036875 0.0558333 0.746094
0 0.248906 0.0237847 0.03625 0.0450694 0.684082
0 0.349375 0.0201042 0.035 0.0402083 0.672363
0 0.121719 0.125833 0.0525 0.0733333 0.660156
0 0.122891 0.0827083 0.0501563 0.0604167 0.638672
0 0.293594 0.0224653 0.0365625 0.0439583 0.355713
0 0.465625 0.00911458 0.02125 0.0182292 0.193115
0 0.36625 0.01125 0.02875 0.0225 0.151001
0 0.224531 0.017092 0.03375 0.0330382 0.139893
0 0.0296094 0.574444 0.0590625 0.11 0.133423
0 0.296563 0.0163889 0.0325 0.0327778 0.132568
0 0.124063 0.107361 0.055 0.0797222 0.119995
0 0.46875 0.00633681 0.0275 0.0126736 0.0907593
0 0.0675 0.0959028 0.05375 0.0723611 0.0607605
0 0.371875 0.0115104 0.025 0.0230208 0.057373
0 0.00704102 0.132778 0.013457 0.0611111 0.0352783
0 0.0601563 0.0638889 0.035625 0.0433333 0.0332031
0 0.250469 0.0174653 0.0325 0.0349306 0.0289307
0 0.0698438 0.0755556 0.0429688 0.0563889 0.0194244
0 0.24625 0.0347222 0.0425 0.0522222 0.0190582
0 0.0641406 0.070625 0.0460938 0.0527778 0.0179901
0 0.291875 0.0123003 0.0375 0.0241493 0.0164032
0 0.221875 0.024375 0.035625 0.0426389 0.0162811
0 0.0112012 0.131806 0.0198633 0.0636111 0.0160217
0 0.0522656 0.0590104 0.0421875 0.0433681 0.0153656
0 0.0148438 0.139965 0.0242969 0.065625 0.0139542
0 0.371563 0.0106597 0.03 0.0199306 0.0134277
0 0.00860352 0.151111 0.0125 0.065 0.012291
0 0.300625 0.0153472 0.0375 0.0295833 0.0118713
0 0.469375 0.0143403 0.028125 0.0253472 0.0104904
0 0.00698242 0.200694 0.0130273 0.0680556 0.00888062
0 0.295 0.03375 0.0415625 0.0475 0.00881195
0 0.0590625 0.05875 0.0290625 0.0388889 0.00874329
0 0.00526856 0.118194 0.0105371 0.065 0.00775528
0 0.319688 0.00934028 0.023125 0.0186806 0.00701141
3 0.970625 0.74 0.00875003 0.0333333 0.00679779
0 0.114688 0.0840278 0.0390625 0.0577778 0.00609589
0 0.343438 0.0204167 0.036875 0.0380556 0.00609589
0 0.0447754 0.0565972 0.0432617 0.04625 0.00588989
0 0.361875 0.0210069 0.03 0.0363194 0.00564194
0 0.00571777 0.209722 0.0114355 0.075 0.00510025
0 0.0575391 0.0802778 0.0389063 0.0561111 0.00492477
0 0.348438 0.0285069 0.03375 0.0489583 0.00466537
0 0.0387695 0.0538889 0.0430859 0.045 0.00387001
0 0.0778906 0.103889 0.0425 0.0677778 0.00340271
0 0.0719531 0.0633333 0.0375 0.0463889 0.00305176
3 0.953125 0.689444 0.01 0.03 0.0029583
0 0.0511621 0.0758333 0.0320508 0.0494444 0.00277901
0 0.5075 0.0625694 0.040625 0.0375 0.00250244
3 0.955 0.700556 0.00499999 0.0166667 0.00243378
3 0.186563 0.0870139 0.03125 0.0754167 0.00226974
0 0.0929688 0.493611 0.142813 0.101667 0.00208282
0 0.00520508 0.412778 0.0104102 0.122222 0.00203514
2 0.92625 0.797778 0.01375 0.0355556 0.00199509
3 0.951875 0.694444 0.00875003 0.0311111 0.00196457
3 0.970625 0.697778 0.00875003 0.0177778 0.00191212
0 0.0034082 0.428889 0.00681641 0.105556 0.00186729
0 0.0190527 0.413056 0.0377539 0.121667 0.00185299
0 0.98625 0.696667 0.02 0.0233333 0.00172043
0 0.311719 0.0407118 0.0321875 0.0457986 0.00171375
0 0.00529785 0.227222 0.0105957 0.0933333 0.00171375
0 0.49875 0.0153125 0.019375 0.0211111 0.00157356
0 0.0842188 0.170278 0.03 0.0794444 0.00156116
0 0.145625 0.056875 0.0284375 0.0425 0.00150108
0 0.0333203 0.99 0.0586719 0.02 0.0014782
7 0.353047 0.320556 0.0914063 0.136667 0.00137234
0 0.993125 0.235556 0.0137499 0.08 0.00130463
0 0.129844 0.0747222 0.039375 0.0561111 0.00130463
0 0.0108423 0.201111 0.0179639 0.0688889 0.00128937
0 0.0584375 0.102639 0.0383594 0.0747222 0.00126457
0 0.297813 0.0720139 0.0475 0.0834722 0.00124931
0 0.173594 0.0683333 0.039375 0.0605556 0.0012064
3 0.99 0.763333 0.00750001 0.0222222 0.00119686
0 0.0475879 0.0619618 0.0623242 0.0594097 0.00119209
3 0.96375 0.691667 0.00750001 0.0211111 0.00110722
2 0.97125 0.742222 0.00999997 0.0355556 0.00109482
7 0.532813 0.3125 0.056875 0.137222 0.00108624
0 0.0443848 0.0455556 0.0470117 0.0572222 0.00108147
0 0.00832031 0.664444 0.0165234 0.126667 0.00107765
0 0.0062793 0.261042 0.0125586 0.0845833 0.00104809
