0 0.246094 0.756667 0.189688 0.306667 0.953613
0 0.155625 0.953889 0.22875 0.0922222 0.945312
0 0.701875 0.701111 0.1675 0.285556 0.943359
0 0.490938 0.702222 0.1475 0.271111 0.941895
0 0.474375 0.135417 0.12375 0.0902778 0.927734
0 0.70625 0.0794444 0.0925 0.0708333 0.90918
0 0.309375 0.109583 0.07375 0.0852778 0.907227
5 0.200313 0.0548611 0.04625 0.0733333 0.877441
0 0.257188 0.0580729 0.041875 0.0649653 0.872559
0 0.321563 0.0436806 0.040625 0.0611111 0.859863
0 0.229375 0.0358681 0.04 0.0534028 0.848145
0 0.345625 0.0225694 0.03125 0.0444444 0.81543
2 0.9175 0.0631944 0.0325 0.0633333 0.813965
0 0.0452344 0.0472222 0.0486719 0.0554167 0.769043
2 0.99 0.0608333 0.0199999 0.0640278 0.748535
2 0.201094 0.162222 0.043125 0.0941667 0.672363
0 0.744375 0.0162847 0.035 0.0313194 0.637207
0 0.282344 0.0825 0.04625 0.0694444 0.616699
0 0.045166 0.0906944 0.0499805 0.0677778 0.424316
0 0.122344 0.0263194 0.03625 0.0455556 0.271973
0 0.285 0.0731944 0.03875 0.0608333 0.259766
0 0.990625 0.0590972 0.0187499 0.0659722 0.256836
0 0.273125 0.0840278 0.02875 0.0647222 0.142212
0 0.2775 0.0878472 0.0375 0.0645833 0.126831
0 0.36 0.0145486 0.0225 0.0290972 0.117188
0 0.172813 0.0734028 0.030625 0.05625 0.083313
0 0.356875 0.0163542 0.02375 0.0327083 0.0668335
0 0.19625 0.0438715 0.0403125 0.0536458 0.0646362
0 0.3625 0.0156944 0.0325 0.0313889 0.0639648
0 0.99 0.117083 0.0199999 0.1 0.0538025
0 0.366875 0.0134375 0.025 0.026875 0.0440063
2 0.82375 0.0259375 0.025 0.046875 0.0380249
0 0.990625 0.0872396 0.0187499 0.106632 0.0235138
0 0.17625 0.0646528 0.033125 0.0479167 0.0205688
2 0.82 0.0270833 0.0175 0.0445833 0.02034
0 0.197031 0.0854167 0.039375 0.0697222 0.0182648
3 0.905 0.0429167 0.01125 0.0501389 0.0178528
0 0.0473047 0.0155469 0.0364844 0.0302951 0.0177765
0 0.37375 0.0132986 0.0225 0.0265972 0.0175781
0 0.178438 0.0609028 0.025 0.0594444 0.0173035
5 0.0251758 0.654444 0.0503516 0.168889 0.0171814
2 0.460625 0.0788889 0.0125 0.0486111 0.0155411
2 0.9125 0.0490104 0.02 0.0514236 0.0147858
2 0.465313 0.0956944 0.03125 0.0561111 0.0139008
2 0.460625 0.0934028 0.04875 0.0573611 0.011467
2 0.199375 0.0855556 0.039375 0.0561111 0.0109024
0 0.311094 0.0352431 0.0315625 0.0486806 0.00993347
0 0.338203 0.0311806 0.0373438 0.0473611 0.00775528
0 0.375 0.0113281 0.0225 0.022066 0.0069313
2 0.173438 0.0740972 0.03125 0.0581944 0.00638962
0 0.114219 0.0354861 0.0415625 0.0469444 0.00579834
0 0.327422 0.0184028 0.0226563 0.0286111 0.00566483
7 0.98 0.855556 0.00750001 0.0211111 0.00536346
0 0.35 0.0305903 0.03375 0.0467361 0.00530243
2 0.459375 0.0738889 0.015 0.0527778 0.00502014
0 0.244688 0.0186111 0.0175 0.0293056 0.00498199
0 0.0666406 0.0250694 0.0375 0.0440278 0.00498199
3 0.7 0.0105208 0.00750001 0.0210417 0.00481033
0 0.24875 0.0197569 0.021875 0.0292361 0.00448608
0 0.874375 0.0920139 0.0425 0.0706944 0.00446701
2 0.991875 0.76 0.00750001 0.0222222 0.00416565
0 0.0643359 0.0430556 0.0338281 0.0451389 0.00385475
0 0.312188 0.0247569 0.034375 0.0370139 0.00370789
0 0.0552246 0.0184115 0.047207 0.0342882 0.00356483
5 0.197344 0.0712326 0.045625 0.0839236 0.00335121
3 0.9925 0.76 0.00750001 0.0222222 0.00335121
2 0.70625 0.138056 0.0125 0.0527778 0.00324821
3 0.93875 0.703333 0.00625 0.0266667 0.00321007
0 0.0496484 0.0579167 0.0464063 0.0529167 0.00312424
0 0.93375 0.682222 0.0175 0.02 0.00302696
0 0.18875 0.0511111 0.038125 0.0569444 0.00299263
2 0.252344 0.468333 0.0209375 0.0577778 0.00298119
0 0.0413965 0.0758333 0.0451758 0.0522222 0.00279999
3 0.905625 0.05125 0.01125 0.06 0.00274658
2 0.9525 0.686667 0.00999997 0.0222222 0.00268364
3 0.354375 0.0791667 0.02125 0.0577778 0.0026722
0 0.87375 0.10875 0.04375 0.0822222 0.00261116
0 0.31 0.0261111 0.035 0.0488889 0.00260162
0 0.0626172 0.0643056 0.0396094 0.0525 0.00257111
2 0.704375 0.137222 0.0175 0.0538889 0.00257111
0 0.258438 0.0484028 0.039375 0.0472222 0.00253105
3 0.351875 0.070625 0.025 0.0723611 0.0024147
0 0.74625 0.0320139 0.03125 0.0426389 0.00227928
0 0.210156 0.0390278 0.0478125 0.0541667 0.00227928
0 0.202188 0.0769444 0.039375 0.0683333 0.00225258
3 0.97 0.69 0.00750001 0.0244445 0.00201988
2 0.0137305 0.668889 0.0272266 0.14 0.00197983
0 0.180273 0.0909722 0.0407031 0.0686111 0.00192642
0 0.0885938 0.0298264 0.0571875 0.049375 0.00188255
2 0.83 0.0311806 0.04 0.0551389 0.00187492
0 0.224375 0.0274653 0.0325 0.0413194 0.00185299
2 0.99625 0.0267014 0.00749995 0.0447917 0.00179577
0 0.211875 0.0591493 0.0246875 0.0522569 0.00174141
3 0.46125 0.0722222 0.01375 0.0488889 0.00162315
0 0.0407031 0.0236111 0.0446875 0.0408333 0.00161076
0 0.87375 0.129757 0.04875 0.0715972 0.00160408
2 0.33875 0.0802083 0.036875 0.0573611 0.00150681
7 0.99125 0.871111 0.00625 0.0177778 0.00144386
2 0.830625 0.0231163 0.0375 0.0426562 0.00143242
0 0.0764063 0.0280556 0.0409375 0.0480556 0.00141048
3 0.194375 0.0784722 0.035 0.0697222 0.00136662
2 0.82 0.0436806 0.0225 0.0663889 0.00133514
0 0.199375 0.221528 0.035625 0.0813889 0.00131512
0 0.182187 0.0648611 0.02375 0.0536111 0.00128937
0 0.0734766 0.0661111 0.0358594 0.0536111 0.00126457
0 0.99 0.11875 0.0199999 0.13 0.00124454
0 0.0429297 0.0552778 0.0435156 0.0406944 0.00123501
0 0.211094 0.0253472 0.040625 0.0375 0.00113392
0 0.165 0.06625 0.0365625 0.0508333 0.00112438
0 0.093457 0.0422917 0.0449609 0.0502778 0.00109005
2 0.355 0.0768056 0.03 0.0594444 0.00107288
0 0.161719 0.0723611 0.0296875 0.0544444 0.00106525
