0 0.297813 0.761111 0.180625 0.288889 0.963379
0 0.0776563 0.757778 0.154688 0.28 0.956543
0 0.73625 0.824444 0.18375 0.322222 0.951172
0 0.519063 0.697222 0.154375 0.282222 0.942871
0 0.054375 0.325 0.10875 0.171667 0.932617
0 0.504375 0.176667 0.1525 0.107222 0.92627
0 0.141953 0.0722222 0.0489062 0.0663889 0.884766
0 0.2575 0.0521528 0.044375 0.0670833 0.879883
0 0.324063 0.042066 0.043125 0.069757 0.85791
0 0.7675 0.985556 0.1725 0.0266667 0.85498
0 0.194531 0.0627951 0.044375 0.0705208 0.837402
0 0.285938 0.0289236 0.0390625 0.0535417 0.811523
2 0.935 0.0488194 0.0175001 0.06625 0.811035
0 0.167852 0.0455729 0.0367969 0.0557986 0.804199
0 0.0397656 0.0795833 0.0407813 0.0533333 0.789062
0 0.232969 0.0365972 0.0378125 0.0561111 0.78418
0 0.485625 0.0201302 0.035 0.0393229 0.782715
0 0.215625 0.0194531 0.02875 0.0372049 0.704102
2 0.9825 0.0731944 0.02375 0.0611111 0.700684
0 0.341875 0.0255903 0.03375 0.0496528 0.682617
2 0.546875 0.0226476 0.018125 0.0410938 0.606934
0 0.195313 0.0303472 0.035625 0.0490278 0.604004
2 0.7725 0.0142535 0.0125 0.0285069 0.150513
0 0.354688 0.0184549 0.026875 0.0369097 0.0713501
0 0.8775 0.0923611 0.04 0.0577778 0.0592041
0 0.0641016 0.0333333 0.0474219 0.0502778 0.0587769
0 0.36 0.0140972 0.02625 0.0276389 0.0453491
0 0.366563 0.0117361 0.025625 0.0228472 0.0417786
2 0.876875 0.0923611 0.03875 0.0525 0.0334778
2 0.995 0.0754167 0.00999997 0.0652778 0.0200195
0 0.143438 0.00987847 0.0284375 0.0197569 0.018692
2 0.869375 0.0605382 0.0325 0.0580903 0.0155411
0 0.259063 0.0179861 0.03375 0.0354167 0.0142822
0 0.4875 0.0161806 0.0325 0.0323611 0.0141754
7 0.98 0.852222 0.00875003 0.0244445 0.0122375
0 0.699375 0.986667 0.0487501 0.0266666 0.0109024
0 0.333828 0.0212413 0.0298437 0.0380729 0.0103683
2 0.77125 0.0180903 0.015 0.0347222 0.01017
2 0.98125 0.0869445 0.02 0.0805556 0.00971222
0 0.7675 0.982222 0.15 0.0244444 0.00888062
2 0.875 0.0577778 0.035 0.0672222 0.00844574
2 0.87625 0.0518056 0.0275 0.0636111 0.00746155
2 0.0266211 0.623333 0.0437109 0.102222 0.00746155
0 0.0705469 0.0270486 0.0395313 0.0490972 0.00728989
0 0.148438 0.0107986 0.0334375 0.0214583 0.00714874
1 0.72125 0.63 0.23125 0.363333 0.00695801
0 0.361875 0.0185417 0.03 0.0359028 0.0068779
0 0.7675 0.986667 0.1725 0.0266666 0.00653839
2 0.544375 0.01875 0.02125 0.0344444 0.0064621
2 0.930625 0.723889 0.01125 0.0266667 0.00605011
2 0.978125 0.0906944 0.015 0.0833333 0.00593567
2 0.996875 0.0160069 0.00624994 0.0310417 0.00510025
0 0.93625 0.0553472 0.02 0.0491667 0.00455475
0 0.371875 0.0116319 0.0325 0.0219444 0.00452042
0 0.299063 0.0171354 0.0278125 0.0342708 0.00429916
2 0.884375 0.0618229 0.02875 0.0749653 0.00419998
0 0.209688 0.0434028 0.021875 0.0469444 0.00418091
0 0.0244531 0.611111 0.0489063 0.162222 0.00411606
7 0.699375 0.0111285 0.00749995 0.0222569 0.00380898
2 0.99625 0.051875 0.00749995 0.0618056 0.00365067
0 0.37375 0.0138194 0.024375 0.0276389 0.00363541
2 0.0238672 0.603472 0.0477344 0.139722 0.00353813
0 0.88125 0.0998611 0.0325 0.0619444 0.00296974
0 0.289375 0.0180208 0.03375 0.0360417 0.00288963
0 0.87125 0.100278 0.05 0.0736111 0.0026207
0 0.72 0.0100694 0.02 0.0175694 0.00256157
0 0.0533203 0.0404861 0.0591406 0.0529167 0.00253105
0 0.161914 0.0362153 0.0392969 0.0497917 0.00247192
2 0.8125 0.0160417 0.01125 0.0275 0.00246239
0 0.87375 0.0795139 0.0425 0.0701389 0.00186062
0 0.7375 0.988889 0.1125 0.02 0.00184631
3 0.995 0.823333 0.00750001 0.0288889 0.00169373
0 0.84375 0.160972 0.055 0.0827778 0.0016613
2 0.0386133 0.583194 0.0769141 0.140278 0.0016489
2 0.84875 0.0256944 0.01875 0.0433333 0.00157928
2 0.8825 0.0494271 0.0325 0.0611458 0.00154877
0 0.144375 0.0107812 0.0234375 0.0215625 0.00154877
7 0.585625 0.738889 0.01625 0.0866667 0.00152493
0 0.531875 0.0215278 0.041875 0.0391667 0.00148392
2 0.89 0.0484028 0.02 0.0527778 0.00143242
0 0.0255664 0.64 0.0511328 0.162222 0.00142097
2 0.815625 0.0138976 0.015 0.0262326 0.00115108
0 0.77625 0.357778 0.03 0.045 0.00112915
2 0.78 0.0181597 0.0325 0.035 0.00111198
0 0.0623438 0.0214583 0.0482813 0.0376389 0.00109005
3 0.99125 0.762222 0.00749995 0.0177778 0.00109005
0 0.0426172 0.0610417 0.0385938 0.04125 0.00102806
3 0.96875 0.697778 0.00750001 0.02 0.00100803
