0 0.241875 0.755556 0.1775 0.282222 0.957031
0 0.478438 0.717778 0.1575 0.291111 0.952637
0 0.205313 0.458611 0.131875 0.175 0.947266
0 0.120703 0.288056 0.119219 0.119444 0.929199
0 0.838125 0.372222 0.16875 0.154444 0.928711
0 0.426875 0.101944 0.12875 0.0827778 0.910645
0 0.0816406 0.156944 0.105781 0.0838889 0.905762
2 0.72125 0.237222 0.0575 0.116111 0.899414
0 0.138203 0.0701389 0.0510938 0.0736111 0.879883
2 0.528125 0.19375 0.06 0.114167 0.854492
5 0.289688 0.0252083 0.0675 0.0495833 0.837402
0 0.310313 0.0555556 0.040625 0.0598611 0.837402
0 0.33375 0.029375 0.035 0.0522222 0.831055
0 0.0168555 0.961111 0.0335156 0.0755556 0.81543
0 0.252188 0.0491667 0.0425 0.0706944 0.782715
0 0.284844 0.0758333 0.0478125 0.0747222 0.753418
0 0.991875 0.313333 0.01625 0.09 0.602051
0 0.35125 0.0202083 0.028125 0.0401389 0.57959
0 0.222813 0.0646528 0.03875 0.0556944 0.399902
0 0.280938 0.0686111 0.04 0.0644444 0.229492
0 0.35875 0.0157118 0.0275 0.0314236 0.109314
0 0.194531 0.0715972 0.0315625 0.0606944 0.0435181
0 0.36625 0.0113802 0.025 0.0223785 0.0285492
0 0.33875 0.0197569 0.02875 0.0395139 0.0207672
2 0.8375 0.0197309 0.0275 0.0360938 0.0157166
0 0.304844 0.0480382 0.0321875 0.0494792 0.0132751
0 0.3725 0.00992187 0.02875 0.0187674 0.0110703
3 0.97125 0.741111 0.00875003 0.0333333 0.0110703
0 0.94375 0.0481597 0.1125 0.0963194 0.0110321
0 0.34625 0.0261458 0.033125 0.0496528 0.0100937
2 0.990625 0.310556 0.0187499 0.0966667 0.00978088
2 0.475 0.0740278 0.02 0.0383333 0.00948334
0 0.37375 0.0130903 0.0225 0.0261806 0.00919342
2 0.93125 0.725556 0.00750001 0.0244445 0.00746155
0 0.195 0.0565278 0.0290625 0.0434722 0.00598145
0 0.8875 0.385 0.0675 0.116667 0.00570679
0 0.354375 0.0263542 0.0275 0.0488194 0.0053215
0 0.993125 0.355556 0.0137499 0.147222 0.00482941
2 0.47375 0.07625 0.03 0.0452778 0.00450516
3 0.23125 0.0214583 0.009375 0.0266667 0.00432968
0 0.049375 0.0452778 0.0422656 0.0602778 0.00374985
2 0.954375 0.695556 0.01375 0.0222222 0.00348282
0 0.3075 0.0209375 0.0375 0.0396528 0.00338936
5 0.289531 0.0245486 0.0696875 0.0490972 0.00332451
0 0.189844 0.0845139 0.044375 0.0698611 0.00329781
3 0.990625 0.698889 0.00625 0.0188889 0.00327301
3 0.946875 0.735556 0.01 0.0333333 0.00258064
7 0.9125 0.318333 0.01 0.0222222 0.00248146
0 0.00506836 0.207917 0.0101367 0.0675 0.0019722
0 0.93125 0.0396528 0.0825 0.0679167 0.00191212
2 0.89375 0.0425694 0.0125 0.0516667 0.00185299
0 0.98625 0.579444 0.0275 0.0933333 0.00185299
0 0.196719 0.0677778 0.0425 0.0677778 0.00178242
0 0.985 0.311667 0.03 0.0955556 0.00174809
2 0.53 0.156389 0.026875 0.0627778 0.00171375
0 0.234688 0.0171528 0.0115625 0.0248611 0.0016489
0 0.99625 0.393056 0.00749995 0.0972222 0.0015974
2 0.8375 0.0288542 0.04 0.0536806 0.00158501
2 0.533125 0.160556 0.034375 0.0638889 0.00149536
0 0.255 0.0198611 0.049375 0.0333333 0.00148964
0 0.249375 0.0343056 0.038125 0.0436111 0.00142097
0 0.00634766 0.269167 0.0126953 0.0788889 0.00138855
0 0.99 0.348333 0.0199999 0.143333 0.00138855
0 0.287188 0.0606771 0.0575 0.0533681 0.00138855
0 0.995313 0.384444 0.00937494 0.107778 0.00132465
0 0.0514844 0.0538194 0.0388281 0.0504167 0.00129986
2 0.473438 0.0624306 0.029375 0.0648611 0.00123024
2 0.95375 0.686667 0.00999997 0.0244445 0.00121593
2 0.93375 0.725556 0.00625 0.0188889 0.00118828
0 0.324375 0.0463715 0.02625 0.0564236 0.00117874
0 0.9125 0.0399306 0.0475 0.0618056 0.00115108
2 0.0349219 0.0584722 0.0133594 0.0525 0.00114727
2 0.0949805 0.0955556 0.0372266 0.0661111 0.00102425
