0 0.0773828 0.758889 0.154297 0.282222 0.952637
0 0.325 0.531389 0.133125 0.200556 0.948242
0 0.52125 0.341111 0.09375 0.145556 0.932617
0 0.365313 0.266111 0.08625 0.146667 0.928711
0 0.434375 0.158889 0.06625 0.0961111 0.905762
0 0.466875 0.0480729 0.04375 0.0682986 0.891113
0 0.032793 0.280278 0.0655859 0.134444 0.882324
0 0.0386133 0.193472 0.0724609 0.0875 0.868164
0 0.32375 0.0409549 0.045625 0.0639236 0.839844
2 0.92 0.0648611 0.0325 0.0613889 0.808105
0 0.5175 0.0205556 0.034375 0.0391667 0.805664
0 0.0407422 0.0780556 0.0404688 0.0522222 0.799316
0 0.100645 0.1 0.0496484 0.0722222 0.777344
5 0.1475 0.171528 0.066875 0.0972222 0.743164
0 0.344063 0.0252865 0.0325 0.0487326 0.725098
5 0.199688 0.0323611 0.043125 0.0563889 0.65332
0 0.150234 0.102153 0.0585938 0.0693056 0.631836
0 0.258906 0.0298611 0.0375 0.0527778 0.539062
0 0.147578 0.171389 0.0660938 0.0977778 0.53125
0 0.26 0.0150608 0.035 0.0276563 0.310791
0 0.196563 0.0691667 0.036875 0.0602778 0.287842
0 0.3575 0.0146875 0.02125 0.0285417 0.144653
0 0.229531 0.0158681 0.0346875 0.0317361 0.113159
2 0.994375 0.138472 0.01125 0.0644444 0.0838623
0 0.465625 0.0152778 0.025625 0.0225 0.0710449
3 0.970625 0.733333 0.00875003 0.0444445 0.069519
3 0.855 0.724444 0.00999997 0.0533333 0.0675659
0 0.271875 0.0108681 0.015 0.0207639 0.0541992
0 0.368125 0.0108247 0.023125 0.0208507 0.0435181
2 0.873125 0.727778 0.01375 0.04 0.0350037
0 0.360625 0.0151042 0.029375 0.0302083 0.033844
0 0.461875 0.00901042 0.0175 0.0180208 0.0279083
0 0.99375 0.133333 0.0124999 0.0761111 0.0269623
0 0.343438 0.0192361 0.028125 0.0384722 0.0267639
0 0.2 0.0279861 0.0425 0.0479167 0.0249939
0 0.374375 0.0121875 0.02125 0.024375 0.0231018
2 0.711875 0.0129514 0.0125 0.0241667 0.0188293
3 0.97 0.693333 0.00625 0.0244444 0.0177155
2 0.99625 0.143472 0.00749995 0.0680556 0.0173035
0 0.0498438 0.0489063 0.0457031 0.0444097 0.0150757
5 0.75 0.556667 0.0825 0.178889 0.0148392
3 0.99125 0.761111 0.00749995 0.0288889 0.0120544
0 0.144453 0.0681944 0.0489063 0.0533333 0.0104523
0 0.373125 0.0097309 0.0275 0.0180382 0.0101318
4 0.753125 0.553194 0.07875 0.171389 0.00901794
0 0.155625 0.0688889 0.0409375 0.0511111 0.00834656
7 0.0128125 0.616667 0.0084375 0.0222222 0.00821686
2 0.87375 0.734444 0.02 0.0533334 0.0077858
0 0.0984375 0.111354 0.0454688 0.0572917 0.006073
0 0.161836 0.0697222 0.0375781 0.0488889 0.00559998
2 0.9025 0.0809028 0.01375 0.0629167 0.0051384
0 0.0468066 0.0565278 0.0426367 0.0444444 0.00510025
0 0.145469 0.115868 0.0578125 0.0738194 0.00508118
5 0.825625 0.2325 0.0862501 0.116111 0.00498199
0 0.161875 0.09875 0.0371875 0.0633333 0.00473785
0 0.289063 0.0610938 0.04125 0.0617014 0.00453949
0 0.0539844 0.0567882 0.0325 0.047257 0.00453949
0 0.257969 0.0501563 0.0390625 0.0702431 0.00418091
2 0.84875 0.0238889 0.0125 0.0361111 0.0039444
0 0.145938 0.127361 0.051875 0.0666667 0.00385475
0 0.044209 0.0539063 0.0345508 0.0355208 0.00314713
0 0.458438 0.0146181 0.0325 0.0253472 0.00291252
2 0.990625 0.736667 0.00874996 0.0222222 0.00286674
0 0.255156 0.0719444 0.034375 0.0666667 0.00273705
3 0.99 0.702222 0.00750001 0.0244445 0.00271416
2 0.99125 0.753333 0.00749995 0.0266667 0.0026207
2 0.139531 0.405556 0.0709375 0.14 0.00259018
0 0.253281 0.0618056 0.03125 0.0640278 0.00255013
0 0.164219 0.0872917 0.03375 0.0581944 0.00252151
2 0.875 0.74 0.025 0.0655555 0.00245285
0 0.46625 0.0363889 0.041875 0.0541667 0.00240517
2 0.99125 0.742222 0.00875003 0.0288888 0.00239754
0 0.50875 0.015 0.02375 0.03 0.00231361
2 0.846875 0.0215972 0.01125 0.0375 0.00216484
0 0.0614844 0.0488889 0.0210938 0.0391667 0.00194168
0 0.71 0.0121441 0.02 0.0234896 0.00183868
0 0.0741406 0.0763889 0.0342188 0.0458333 0.00182438
2 0.98625 0.134688 0.0275 0.0800694 0.00179577
0 0.721875 0.0091059 0.0225 0.0181771 0.00178909
1 0.0596875 0.042934 0.0798438 0.0849653 0.0017004
0 0.285625 0.00987847 0.029375 0.0197569 0.00162888
2 0.87 0.725 0.0125 0.0366667 0.00160408
0 0.290625 0.0535938 0.0725 0.0736458 0.00153637
2 0.9175 0.0554861 0.035 0.0615278 0.0014782
0 0.2275 0.0917361 0.046875 0.0709722 0.00146675
0 0.312188 0.0610417 0.02875 0.0638889 0.00144386
0 0.4625 0.0298611 0.04375 0.0545833 0.00144386
4 0.728125 0.583889 0.1275 0.236667 0.00138855
0 0.291719 0.0416667 0.036875 0.0480556 0.00136662
2 0.9 0.0966667 0.02 0.0636111 0.00136662
0 0.503438 0.00989583 0.02375 0.0188889 0.00110722
0 0.356563 0.0307292 0.020625 0.0507639 0.0011034
0 0.185313 0.0607639 0.025 0.0484722 0.00109482
0 0.0522266 0.0390278 0.0474219 0.0620833 0.00108624
3 0.8575 0.723333 0.015 0.0466667 0.00108624
0 0.250469 0.075 0.036875 0.0559722 0.00103188
0 0.296563 0.0663715 0.0375 0.0625347 0.00102425
