0 0.500625 0.754444 0.1625 0.3 0.95166
0 0.156074 0.51 0.153789 0.221111 0.949219
0 0.94125 0.436667 0.1175 0.206667 0.944824
0 0.215469 0.317778 0.0859375 0.131111 0.92041
0 0.505 0.0297309 0.0425 0.0594271 0.888672
0 0.137266 0.0741667 0.0489062 0.0661111 0.888672
0 0.336172 0.0280642 0.0426563 0.055816 0.842773
0 0.1925 0.0605382 0.0375 0.0658681 0.822266
2 0.945 0.0589583 0.025 0.0561111 0.810547
0 0.259375 0.0547917 0.0434375 0.0631944 0.795898
0 0.22375 0.0443056 0.038125 0.0591667 0.78418
0 0.449688 0.0183681 0.035625 0.0367361 0.730957
0 0.246563 0.0225694 0.0375 0.0447222 0.6875
0 0.281563 0.0756944 0.04375 0.0577778 0.629883
0 0.287344 0.122187 0.0590625 0.0917361 0.57373
0 0.302813 0.0179861 0.031875 0.0340278 0.395996
0 0.2775 0.0838889 0.044375 0.0697222 0.300781
5 0.2875 0.122917 0.05875 0.0891667 0.269043
0 0.3525 0.0149826 0.0275 0.0299653 0.217285
0 0.0726172 0.0215885 0.0378906 0.0409896 0.177246
1 0.0600391 0.0587674 0.0711719 0.100799 0.122498
0 0.276563 0.0125174 0.028125 0.0250347 0.107056
0 0.249375 0.0170139 0.031875 0.0340278 0.0619812
0 0.394375 0.0824306 0.0575 0.09625 0.0394897
0 0.273594 0.0907639 0.0340625 0.0784722 0.036499
3 0.99125 0.76 0.00749995 0.0244445 0.0358276
0 0.366875 0.0116059 0.025 0.0228993 0.0310211
0 0.278125 0.0198264 0.025625 0.0371528 0.0309143
0 0.0416797 0.040816 0.0385156 0.0475347 0.0289764
0 0.298125 0.0351042 0.026875 0.0459028 0.0285492
0 0.156094 0.0106163 0.0296875 0.0196007 0.0248871
0 0.271875 0.0166667 0.03 0.0269444 0.0201721
0 0.0896875 0.0594444 0.0409375 0.0566667 0.0181885
0 0.0623438 0.0519618 0.0639063 0.0741319 0.0176392
0 0.156406 0.0281597 0.0325 0.0467361 0.0166626
7 0.98 0.85 0.00999997 0.0266667 0.016098
0 0.361563 0.0151215 0.033125 0.0302431 0.0140076
0 0.0670313 0.0398437 0.053125 0.0569792 0.0107803
0 0.0539063 0.0392361 0.06125 0.0593056 0.00912476
0 0.288125 0.0513889 0.0425 0.0580556 0.00901794
0 0.083125 0.0232986 0.0460938 0.043125 0.00874329
0 0.0786719 0.0711806 0.0745313 0.0968056 0.00828552
0 0.87375 0.123368 0.04375 0.0849306 0.0069046
0 0.0707422 0.0599826 0.0835156 0.0964236 0.00568771
0 0.0848242 0.0776389 0.0597266 0.0716667 0.00534439
0 0.341563 0.0209722 0.039375 0.0419444 0.0049057
0 0.240469 0.0227431 0.0453125 0.0392361 0.00475693
0 0.0723438 0.056684 0.05875 0.0710764 0.00466537
0 0.09 0.0938194 0.0496875 0.0698611 0.00385475
2 0.9925 0.759444 0.00750001 0.0255556 0.00376511
0 0.0318359 0.0513194 0.0405469 0.04875 0.00346947
0 0.0948242 0.0772222 0.0481641 0.0669444 0.00337601
3 0.970625 0.693333 0.00750001 0.0177778 0.00314713
3 0.970625 0.735556 0.00750001 0.0311111 0.00293541
1 0.0565527 0.0580382 0.0554883 0.0744792 0.00282288
0 0.96625 0.352222 0.0675 0.0977778 0.00273705
0 0.0709375 0.0185069 0.031875 0.0370139 0.00271416
2 0.994375 0.826667 0.00999997 0.0355556 0.00268364
0 0.162344 0.0195139 0.040625 0.0344444 0.00268364
0 0.374063 0.0112847 0.03 0.0215972 0.00257111
0 0.0967383 0.0890972 0.0449609 0.0593055 0.00239754
0 0.97625 0.561667 0.0475 0.163333 0.00216484
0 0.0501953 0.0588889 0.0522656 0.0636111 0.00211525
0 0.047334 0.0133681 0.035957 0.0267361 0.00206757
7 0.215469 0.318333 0.0840625 0.131111 0.00202751
0 0.466875 0.0194444 0.06625 0.0388889 0.00191879
0 0.99625 0.696667 0.00749995 0.0277778 0.00190449
0 0.97375 0.341667 0.0525 0.0833334 0.00184631
2 0.96125 0.311667 0.0475 0.0644445 0.00169373
0 0.37125 0.0126389 0.026875 0.0252778 0.00162888
2 0.996875 0.7 0.00624994 0.0233333 0.00157928
0 0.300313 0.0442361 0.046875 0.0711111 0.00156116
0 0.21625 0.0231597 0.0340625 0.0315972 0.00151253
0 0.0649609 0.0715972 0.0653906 0.0722222 0.0014782
2 0.135313 0.00746528 0.0071875 0.0149306 0.00147247
2 0.95875 0.338889 0.0425 0.0588889 0.00146675
0 0.0924219 0.0213802 0.0473438 0.0400174 0.00131512
0 0.168906 0.0462326 0.04 0.0555903 0.00129414
0 0.00921387 0.218333 0.0184277 0.0844445 0.0011692
0 0.185938 0.0569271 0.0375 0.0597569 0.00116062
0 0.31625 0.0337153 0.02875 0.044375 0.0011158
0 0.0272656 0.0800694 0.0545313 0.0620833 0.00110722
0 0.394063 0.0977083 0.054375 0.0829167 0.00107765
0 0.50875 0.019375 0.03625 0.03875 0.00106525
0 0.00794434 0.208889 0.0158887 0.0694444 0.00105667
0 0.0707031 0.0927083 0.0425 0.0676389 0.00104809
0 0.965 0.371389 0.07 0.0938889 0.00101185
