0 0.170977 0.462778 0.131172 0.181111 0.950195
0 0.0384766 0.841111 0.0769531 0.311111 0.941895
0 0.1075 0.215972 0.078125 0.113611 0.933105
0 0.427813 0.263333 0.093125 0.141667 0.927734
0 0.42 0.1375 0.058125 0.0833333 0.90332
0 0.495938 0.980556 0.174375 0.0377777 0.891113
0 0.139531 0.0724306 0.0475 0.0675 0.869629
0 0.0711328 0.175 0.0696094 0.0911111 0.864258
0 0.985 0.531111 0.03 0.168889 0.858887
0 0.279063 0.0963889 0.05125 0.085 0.854004
0 0.303594 0.0627083 0.0440625 0.06625 0.850098
0 0.263125 0.0510417 0.041875 0.0629167 0.808105
0 0.523438 0.0284722 0.034375 0.0544444 0.803223
2 0.945 0.0603993 0.02375 0.0592014 0.800781
0 0.0129297 0.344167 0.0255859 0.150556 0.785156
0 0.202188 0.0500694 0.0375 0.0593056 0.777344
0 0.237813 0.0345139 0.04 0.0579167 0.771973
0 0.348125 0.0206163 0.0325 0.0401562 0.733887
5 0.271406 0.0154167 0.0390625 0.0294444 0.5
0 0.32875 0.0123611 0.024375 0.0247222 0.357666
0 0.344688 0.0181944 0.029375 0.0363889 0.160767
0 0.370625 0.00916667 0.02875 0.0183333 0.101257
0 0.375 0.0117361 0.0225 0.0234722 0.0970459
0 0.324375 0.0188889 0.01875 0.0339583 0.0589905
0 0.0976563 0.0873611 0.043125 0.0605556 0.0520325
2 0.0638281 0.0539583 0.0178125 0.04625 0.0445251
2 0.0613281 0.0594444 0.0279688 0.0438889 0.0411377
0 0.0117969 0.321111 0.0235938 0.106667 0.0265503
0 0.0110938 0.306389 0.0221875 0.0761111 0.0263519
0 0.049834 0.0505729 0.044082 0.0510764 0.0222015
0 0.3625 0.0150521 0.029375 0.0301042 0.0156708
0 0.0712109 0.0719444 0.0372656 0.0541667 0.0155411
0 0.0653125 0.0623611 0.0321875 0.0475 0.0145035
0 0.0964844 0.0973611 0.0425 0.0605556 0.0141754
5 0.269688 0.0215625 0.04125 0.0375694 0.0138474
0 0.191563 0.0514583 0.028125 0.0404167 0.0118713
0 0.323438 0.0239236 0.0275 0.0396528 0.011734
0 0.268438 0.0168056 0.033125 0.0336111 0.0109863
0 0.326563 0.015408 0.025 0.0290451 0.01017
2 0.699375 0.0114583 0.00875003 0.0229167 0.00937653
2 0.0419922 0.0511285 0.0301563 0.0524653 0.00867462
0 0.310313 0.0258333 0.055625 0.0431944 0.00806427
0 0.00849121 0.222778 0.0169824 0.0755556 0.00609589
0 0.00419434 0.202639 0.00838867 0.0613889 0.005867
2 0.699375 0.0122569 0.0137499 0.0228472 0.00540543
2 0.0370703 0.0531944 0.0225781 0.0488889 0.0051384
0 0.00576172 0.207222 0.0115234 0.0666667 0.00510025
0 0.234375 0.0818056 0.035 0.0619444 0.00411606
0 0.0102441 0.210556 0.0204492 0.0738889 0.00370789
0 0.00651367 0.272222 0.0130273 0.0861111 0.00367928
0 0.0598828 0.06875 0.0333594 0.0541667 0.00340271
0 0.199531 0.0409722 0.03375 0.0413889 0.00329781
0 0.517813 0.0113108 0.030625 0.0218229 0.00322342
0 0.77 0.104444 0.095 0.0819444 0.00302696
0 0.0102734 0.227778 0.0205469 0.0905556 0.00279999
0 0.35 0.0273611 0.0375 0.0476389 0.00277901
0 0.0620313 0.0613889 0.02625 0.0576389 0.00277901
0 0.154688 0.0125608 0.0334375 0.0239062 0.00275803
0 0.097168 0.122743 0.0416016 0.0700694 0.00269318
0 0.0997656 0.134688 0.043125 0.0684028 0.00257111
0 0.495625 0.980556 0.17625 0.0388889 0.00224304
0 0.182656 0.0546528 0.0225 0.0395833 0.00219917
0 0.182656 0.056684 0.01625 0.0460764 0.00209999
2 0.8125 0.0169444 0.0125 0.0288889 0.00199509
5 0.289688 0.0229514 0.06375 0.044375 0.0018177
0 0.303906 0.0310069 0.0409375 0.0495139 0.00159168
0 0.152344 0.0266667 0.0375 0.0494444 0.00153637
0 0.270625 0.0520833 0.039375 0.0634722 0.00150108
2 0.84875 0.021875 0.0125 0.0348611 0.00148964
5 0.308438 0.0213542 0.04375 0.0411806 0.00127411
0 0.311875 0.0470833 0.03 0.0534722 0.00126457
0 0.495 0.967778 0.17375 0.0622222 0.0012598
5 0.264844 0.0156944 0.0590625 0.0313889 0.0011692
0 0.71375 0.01125 0.02875 0.0203472 0.0011425
2 0.685 0.034375 0.0125 0.0436111 0.00108147
0 0.985 0.483889 0.03 0.0877778 0.00104427
