1 0.789375 0.650556 0.39375 0.694445 0.960938
0 0.502188 0.731111 0.159375 0.288889 0.953125
0 0.55 0.266597 0.16875 0.126806 0.921875
0 0.138125 0.074375 0.04875 0.0668056 0.894043
0 0.473125 0.0286111 0.04125 0.0563889 0.86084
0 0.317188 0.115521 0.07625 0.0800694 0.854004
0 0.308281 0.0570833 0.0490625 0.0681944 0.832031
0 0.337578 0.0292361 0.0360938 0.0491667 0.829102
2 0.945 0.0577778 0.025 0.0568056 0.829102
0 0.26 0.0547917 0.04625 0.0656944 0.820801
0 0.192031 0.0596007 0.0378125 0.0735764 0.81543
2 0.0657031 0.163611 0.0357812 0.0866667 0.777344
0 0.281875 0.0302778 0.035 0.0508333 0.767578
0 0.306875 0.0187587 0.034375 0.0373438 0.713867
0 0.225313 0.0443056 0.03875 0.0543056 0.684082
0 0.247813 0.0212153 0.035 0.0421528 0.656738
0 0.530625 0.0136111 0.03875 0.0272222 0.631836
0 0.00314941 0.0751389 0.00625 0.0713889 0.284668
0 0.356875 0.0126302 0.03 0.0234896 0.136108
0 0.363438 0.0071875 0.03 0.014375 0.0248871
0 0.355625 0.0182552 0.0325 0.0344618 0.0223694
0 0.0683594 0.0697222 0.04375 0.0509722 0.0210419
0 0.60875 0.399444 0.04 0.14 0.0210419
0 0.179219 0.0494271 0.04875 0.0558681 0.0164032
0 0.2425 0.0378993 0.030625 0.0497569 0.0159607
0 0.610313 0.410556 0.0425001 0.194444 0.0121002
1 0.0601465 0.0603993 0.0631445 0.117535 0.00723267
0 0.0631348 0.0848611 0.0554492 0.0663889 0.00579834
0 0.0662891 0.0604167 0.0424219 0.0422222 0.00530243
0 0.00341309 0.0525 0.00682617 0.0594444 0.00429916
0 0.174102 0.054375 0.0361719 0.0579167 0.00413513
0 0.47 0.01875 0.0325 0.0375 0.00382423
0 0.0624219 0.0767361 0.0617188 0.107639 0.00322342
0 0.316875 0.0484549 0.039375 0.0678125 0.00245285
0 0.0474219 0.0840278 0.0326563 0.0608333 0.00233269
0 0.0521875 0.0859722 0.043125 0.0658333 0.00206757
0 0.78375 0.652222 0.39 0.688889 0.00200272
0 0.6675 0.375 0.11625 0.138889 0.00195694
2 0.38875 0.0983333 0.05875 0.085 0.00189686
0 0.38625 0.102292 0.0575 0.08375 0.0018034
1 0.0611328 0.0324653 0.0616406 0.0600694 0.00167465
0 0.0600879 0.0541667 0.0554492 0.0463889 0.00163555
0 0.0497559 0.0738889 0.0414258 0.0586111 0.00163555
0 0.00774414 0.0738889 0.0154883 0.0658333 0.00161648
0 0.36875 0.0102257 0.02875 0.0204514 0.00138855
2 0.56375 0.559444 0.046875 0.137778 0.00136662
0 0.0608984 0.100347 0.0550781 0.0765278 0.00131512
0 0.00383057 0.108854 0.00766113 0.0811806 0.00123024
0 0.0559766 0.042066 0.0538281 0.0617014 0.00121593
0 0.0121289 0.0745139 0.0242578 0.0759722 0.0011692
0 0.23125 0.0275 0.038125 0.04125 0.00107288
0 0.297813 0.0390104 0.06125 0.0586458 0.00101662
