1 0.793125 0.651111 0.40125 0.693333 0.962891
0 0.074375 0.694444 0.147031 0.277778 0.960449
0 0.225586 0.851111 0.201953 0.297778 0.951172
0 0.501875 0.732778 0.160625 0.292222 0.949219
5 0.457813 0.822778 0.188125 0.351111 0.924805
0 0.112344 0.284375 0.175625 0.140139 0.913574
0 0.28 0.237778 0.1575 0.114444 0.912598
0 0.78375 0.193333 0.15625 0.0991667 0.90332
0 0.680625 0.0986111 0.13375 0.0780556 0.897461
0 0.03375 0.173472 0.0675 0.0969445 0.890137
0 0.8425 0.110799 0.115 0.0784028 0.88623
0 0.137813 0.0756944 0.0490625 0.0702778 0.884277
0 0.192813 0.0633333 0.0375 0.0680556 0.849121
2 0.929375 0.324167 0.06 0.122778 0.847168
0 0.281719 0.0340625 0.0375 0.0542361 0.841797
0 0.322188 0.0460417 0.04 0.0606944 0.838867
0 0.26 0.0561111 0.045625 0.0669444 0.833496
0 0.224375 0.0461806 0.036875 0.0558333 0.770508
0 0.24625 0.0231858 0.035625 0.045434 0.749023
0 0.30875 0.0194097 0.034375 0.038125 0.649414
0 0.345 0.0175694 0.03625 0.0351389 0.611328
5 0.206875 0.0226389 0.054375 0.0452778 0.203735
0 0.0693359 0.0718056 0.0432031 0.0597222 0.105225
0 0.341875 0.0254514 0.039375 0.0427083 0.0866089
0 0.355625 0.0124306 0.02625 0.0243056 0.0570679
2 0.0327539 0.0210764 0.0196484 0.0399306 0.044342
1 0.205625 0.0217014 0.053125 0.0434028 0.0303345
0 0.6375 0.371667 0.09 0.124444 0.0299835
2 0.72375 0.167778 0.0275 0.0627778 0.0289764
0 0.247813 0.0178819 0.03375 0.0357639 0.0275879
0 0.0304492 0.0204167 0.0257422 0.0406944 0.0181274
0 0.0623535 0.0786806 0.0543555 0.0754167 0.0159607
0 0.355625 0.0160503 0.03625 0.0315104 0.0114212
0 0.68875 0.157917 0.1 0.0825 0.01017
2 0.265625 0.175 0.0321875 0.0822222 0.00844574
3 0.254688 0.469722 0.02 0.0588889 0.00775528
0 0.00284668 0.0838889 0.00569336 0.0741667 0.00751877
2 0.72375 0.161667 0.0225 0.0527778 0.00714874
2 0.72875 0.171111 0.045 0.0655556 0.00712204
2 0.153906 0.0945833 0.016875 0.0622222 0.00698471
2 0.26125 0.171667 0.0228125 0.0691667 0.0069313
0 0.214688 0.0163108 0.035 0.031684 0.00626373
0 0.68 0.161389 0.0725 0.0783333 0.00612259
0 0.0182031 0.441667 0.03625 0.122222 0.00595856
0 0.00352295 0.0720139 0.0070459 0.0623611 0.00593567
2 0.705 0.308333 0.035 0.0977778 0.00582123
0 0.630313 0.355833 0.079375 0.0922222 0.00524139
2 0.14375 0.0925 0.035 0.0625 0.00508118
0 0.00985352 0.0591667 0.019668 0.0675 0.0050621
0 0.263438 0.04125 0.04 0.0475 0.00439835
0 0.00881348 0.0675 0.017627 0.0638889 0.00388527
2 0.0543066 0.120556 0.0598242 0.0822222 0.00367928
2 0.72875 0.163333 0.03125 0.0583333 0.00342941
0 0.373125 0.00927083 0.0325 0.0185417 0.00338936
0 0.00458008 0.0576389 0.00916016 0.0594444 0.00337601
0 0.368125 0.00999132 0.0325 0.0189063 0.00319672
2 0.73375 0.178333 0.0575 0.0755556 0.00300407
0 0.295313 0.0658333 0.035 0.0647222 0.00286674
2 0.269688 0.163472 0.03875 0.0733333 0.00279999
2 0.70375 0.321389 0.0325 0.0822222 0.00250244
0 0.0191992 0.0522049 0.0366016 0.0680903 0.00243378
2 0.220625 0.08625 0.02125 0.0647222 0.0024147
2 0.271094 0.183333 0.041875 0.09 0.00239754
2 0.123047 0.35 0.0195313 0.0677778 0.00218201
0 0.0226367 0.0230208 0.0398828 0.0460417 0.00211525
2 0.0639453 0.0904861 0.0416406 0.0568056 0.00209045
2 0.89375 0.0452604 0.015 0.0522569 0.00201035
2 0.72375 0.143889 0.0175 0.055 0.00198746
0 0.011543 0.0745833 0.0230859 0.0736111 0.00191212
0 0.311875 0.0416667 0.0375 0.0530556 0.00189686
2 0.7 0.333889 0.045 0.09 0.00189686
3 0.253906 0.471667 0.0140625 0.06 0.00188255
1 0.185273 0.0291667 0.0913281 0.0583333 0.00184631
2 0.9475 0.352778 0.025 0.0822222 0.00182438
0 0.194688 0.045625 0.03375 0.04375 0.00179577
0 0.24875 0.0415278 0.03 0.05375 0.00176811
3 0.699375 0.0124306 0.00749995 0.0248611 0.00170708
2 0.68 0.0681944 0.03625 0.0511111 0.0017004
2 0.159375 0.0952083 0.0184375 0.0659722 0.0016613
2 0.813125 0.0290278 0.02125 0.0520833 0.00157928
0 0.785 0.652222 0.39 0.688889 0.00146675
3 0.251875 0.480556 0.0225 0.08 0.00144386
2 0.275625 0.1625 0.0265625 0.0727778 0.00141048
0 0.0650781 0.0609549 0.040625 0.0625347 0.00131989
2 0.81375 0.0323958 0.01375 0.056875 0.00131512
2 0.263438 0.162778 0.0275 0.0733333 0.00130939
2 0.623125 0.354444 0.06625 0.0888889 0.00130463
2 0.7 0.310069 0.0475 0.122083 0.00126457
2 0.7025 0.285833 0.035 0.0961111 0.00122547
2 0.71375 0.287153 0.055 0.103472 0.00122547
0 0.00479981 0.0472917 0.00959961 0.0593056 0.00116062
0 0.8 0.0770139 0.09125 0.0679167 0.00109863
2 0.815 0.0395139 0.01625 0.0593056 0.00106525
7 0.39625 0.688889 0.00625 0.02 0.00105667
2 0.0824805 0.11941 0.0262891 0.0839583 0.00105286
2 0.8125 0.0230642 0.0125 0.0424826 0.00104809
0 0.0447754 0.126354 0.0757617 0.0772917 0.00104809
3 0.457188 0.0546528 0.015625 0.0693056 0.00102043
2 0.818125 0.0770833 0.09125 0.0713889 0.00101662
