1 0.791875 0.656667 0.39875 0.682222 0.962891
0 0.095 0.646528 0.17125 0.229167 0.960449
0 0.50125 0.732222 0.15875 0.291111 0.952148
0 0.224844 0.85 0.202188 0.297778 0.95166
0 0.150781 0.301736 0.11875 0.143194 0.933105
0 0.449375 0.08875 0.11625 0.0786111 0.92041
0 0.138125 0.0743056 0.049375 0.0675 0.907227
0 0.1925 0.0611111 0.0375 0.0676389 0.872559
0 0.28125 0.0328819 0.03625 0.051875 0.853027
2 0.47 0.181806 0.044375 0.0961111 0.836426
0 0.259375 0.0538889 0.044375 0.0647222 0.827637
2 0.945625 0.059375 0.02625 0.0583333 0.756348
0 0.224688 0.0452778 0.0384375 0.05625 0.751953
0 0.307969 0.018559 0.0346875 0.0371181 0.713867
5 0.443125 0.892222 0.185 0.213333 0.705566
0 0.244688 0.0215191 0.035 0.0418229 0.6875
0 0.531875 0.00748264 0.03 0.0149653 0.466797
0 0.175977 0.0389583 0.0380469 0.0576389 0.445557
0 0.533125 0.0110764 0.02625 0.0221528 0.188965
0 0.00308594 0.0855556 0.00617188 0.065 0.081543
0 0.531563 0.0123264 0.030625 0.024375 0.0501404
0 0.276094 0.0364236 0.0328125 0.050625 0.0408325
2 0.995625 0.0227778 0.00874996 0.0377778 0.0280151
0 0.254688 0.02 0.0265625 0.0394444 0.0268555
0 0.50625 0.990556 0.075 0.0177777 0.0262604
0 0.248438 0.0181944 0.0315625 0.0363889 0.0259094
0 0.0687891 0.0786111 0.0442969 0.0572222 0.0204163
0 0.333125 0.0204253 0.03375 0.0398437 0.0200195
0 0.0039209 0.0660417 0.0078418 0.0552778 0.018692
2 0.99375 0.0242361 0.0124999 0.0356944 0.0149002
0 0.47625 0.988889 0.10875 0.02 0.0120087
2 0.95125 0.0590972 0.0375 0.06125 0.0100937
2 0.485625 0.126146 0.035 0.0660417 0.00963593
0 0.33625 0.0162153 0.025625 0.0324306 0.00941467
0 0.492188 0.990556 0.08875 0.0166667 0.00763702
5 0.975 0.125417 0.0499999 0.117222 0.00698471
0 0.345 0.0599306 0.0475 0.0779167 0.00479126
2 0.995625 0.0394444 0.00874996 0.06875 0.00475693
0 0.0655859 0.0613889 0.0375781 0.0438889 0.00436401
2 0.00822266 0.0676389 0.0164453 0.0584722 0.00376511
2 0.480313 0.123194 0.045 0.0763889 0.00359344
0 0.0523828 0.0495139 0.0449219 0.0494444 0.00345612
0 0.327422 0.0211458 0.0489063 0.041875 0.00341606
0 0.0646484 0.0833333 0.0500781 0.0705556 0.00329781
2 0.00756836 0.0793056 0.0151367 0.0658333 0.00291252
0 0.278438 0.0688889 0.026875 0.0683333 0.00251198
0 0.966875 0.0635417 0.06625 0.0788889 0.0024929
0 0.171602 0.0435417 0.0417969 0.0559722 0.00230598
0 0.0364063 0.0725 0.0485938 0.0530556 0.00217438
2 0.0632813 0.0513889 0.0182812 0.0383333 0.00208282
5 0.4025 0.892222 0.10375 0.215556 0.0020752
0 0.995 0.0648438 0.00999997 0.0572569 0.00184631
0 0.0498828 0.076875 0.0447656 0.0618056 0.00181007
3 0.185938 0.0751389 0.019375 0.0538889 0.00178242
0 0.023667 0.0601389 0.0340723 0.0459722 0.00176811
0 0.785 0.653889 0.39 0.684444 0.00174141
0 0.0373047 0.0416667 0.0536719 0.0580556 0.00157356
0 0.971875 0.0727604 0.0562499 0.103646 0.00155449
0 0.0567188 0.0874306 0.0554688 0.0751389 0.00148964
7 0.699375 0.0109722 0.00625 0.0219444 0.00148392
0 0.267813 0.0696007 0.0325 0.0735764 0.00146675
0 0.285938 0.0691667 0.034375 0.0701389 0.00141621
0 0.0232031 0.0451563 0.0330469 0.0546875 0.00137806
0 0.34375 0.0114931 0.038125 0.0220833 0.00136662
0 0.0396875 0.08125 0.0519531 0.0602778 0.00133514
0 0.280625 0.0771528 0.026875 0.0648611 0.00133514
2 0.79375 0.367222 0.065 0.103333 0.00133038
0 0.0183203 0.0586806 0.0286719 0.0477778 0.00132465
0 0.275625 0.059184 0.030625 0.0696875 0.00124454
0 0.187852 0.853333 0.128047 0.291111 0.00115585
0 0.538438 0.0166667 0.041875 0.0333333 0.00115108
0 0.973125 0.343333 0.05375 0.0994445 0.00109482
2 0.77875 0.361944 0.075 0.0988889 0.00109482
0 0.87 0.132465 0.0425 0.0611806 0.00104809
0 0.0503125 0.0409549 0.0472656 0.0572569 0.00101662
2 0.00855469 0.206389 0.0171094 0.0722222 0.00100422
