1 0.795 0.659028 0.3925 0.6775 0.962891
0 0.0744922 0.696667 0.147734 0.282222 0.952148
0 0.501563 0.733333 0.16 0.293333 0.946777
0 0.225586 0.85 0.201328 0.297778 0.941406
5 0.458125 0.824444 0.19 0.346667 0.931152
0 0.425625 0.205278 0.17125 0.108333 0.922363
0 0.9675 0.110313 0.065 0.0815972 0.918457
0 0.660156 0.105417 0.122187 0.0775 0.911133
0 0.464375 0.117778 0.15 0.104167 0.901855
0 0.137656 0.0738889 0.0471875 0.0663889 0.88623
0 0.0582031 0.275556 0.116406 0.108889 0.884277
2 0.0842383 0.373611 0.0646484 0.140556 0.880371
2 0.8125 0.314444 0.07625 0.12 0.879395
0 0.282344 0.03375 0.0371875 0.0552778 0.831055
0 0.1925 0.0619444 0.038125 0.0691667 0.818848
0 0.98125 0.232917 0.0374999 0.1025 0.811523
0 0.260625 0.055816 0.0465625 0.0672569 0.803223
0 0.33125 0.0403472 0.03875 0.0586111 0.788086
0 0.224063 0.0440451 0.036875 0.0541319 0.73584
0 0.246406 0.023125 0.0390625 0.045 0.715332
0 0.307813 0.0197569 0.03375 0.0395139 0.692871
2 0.196875 0.0925 0.028125 0.0683333 0.525391
2 0.604375 0.445 0.05625 0.161667 0.470703
0 0.0827344 0.112917 0.0654688 0.0902778 0.309082
2 0.0678125 0.116979 0.0367188 0.0799306 0.282959
0 0.29875 0.0266667 0.0475 0.0480556 0.27832
2 0.6125 0.435278 0.0725 0.178889 0.262939
1 0.201875 0.02375 0.048125 0.0475 0.210083
0 0.605625 0.431111 0.0575 0.19 0.176636
5 0.0833594 0.112465 0.0654688 0.0900694 0.14856
5 0.2025 0.0221875 0.04875 0.0436806 0.148071
0 0.61875 0.429167 0.08375 0.192778 0.133423
0 0.196406 0.0869444 0.0303125 0.0691667 0.0847778
2 0.00730469 0.456389 0.0145703 0.162778 0.0786133
0 0.355625 0.0139583 0.03375 0.0251389 0.0745239
2 0.0766016 0.115417 0.0546094 0.0822222 0.0643921
2 0.00471924 0.496111 0.00939941 0.09 0.0538025
0 0.00294922 0.0827778 0.00589844 0.0583333 0.0422363
0 0.351875 0.0155469 0.036875 0.0297396 0.037323
0 0.361875 0.0111719 0.03375 0.0201563 0.0246124
5 0.20625 0.0171528 0.04375 0.0343056 0.0230713
2 0.90125 0.0535938 0.025 0.0550347 0.0205688
0 0.00400147 0.322222 0.00800293 0.0744444 0.0194244
2 0.0101172 0.456667 0.0202344 0.153333 0.0171051
0 0.00485107 0.518889 0.00965332 0.106667 0.0161591
2 0.0116797 0.482222 0.0233594 0.122222 0.0156021
0 0.335625 0.0132986 0.030625 0.0257639 0.0146713
0 0.048125 0.045 0.0464063 0.0541667 0.0128708
0 0.168281 0.0568229 0.0271875 0.0544097 0.0124817
2 0.835 0.401944 0.0775 0.117222 0.0120544
2 0.196875 0.106042 0.026875 0.0729167 0.0117798
0 0.87375 0.142639 0.0475 0.0802778 0.0109482
0 0.24875 0.0193056 0.034375 0.0386111 0.0106964
2 0.0974219 0.373889 0.09 0.144444 0.00941467
2 0.8975 0.0520833 0.0175001 0.0533333 0.00933838
2 0.901875 0.0627778 0.0225 0.0668056 0.00926971
0 0.214375 0.0150868 0.031875 0.0301736 0.00743103
0 0.0043457 0.335278 0.00867188 0.0977778 0.00669098
0 0.189063 0.0473611 0.046875 0.0491667 0.00636292
0 0.3475 0.017908 0.035 0.0323785 0.00624084
0 0.641875 0.424722 0.13125 0.202778 0.00572968
0 0.37 0.010816 0.038125 0.0216319 0.00561905
0 0.87375 0.0806944 0.0475 0.0619445 0.00548935
0 0.165625 0.0575694 0.0290625 0.0448611 0.00426483
2 0.200938 0.0876389 0.035 0.0708333 0.00419998
1 0.19125 0.0299913 0.0690625 0.0564062 0.00403976
0 0.0762109 0.103194 0.0522656 0.0897222 0.00400543
3 0.310469 0.0604861 0.015625 0.0690278 0.00378036
2 0.71 0.320278 0.0275 0.0761111 0.00321007
0 0.194688 0.044375 0.03625 0.0401389 0.00319672
0 0.178125 0.0586111 0.02375 0.0556944 0.00299263
0 0.219375 0.0540278 0.041875 0.0583333 0.0029583
0 0.00379395 0.0652778 0.00758789 0.05625 0.00282288
0 0.0669922 0.128333 0.0352344 0.0555556 0.00269318
0 0.051709 0.0910417 0.043457 0.06875 0.00268364
1 0.0579297 0.0342448 0.0664844 0.0651215 0.00248146
2 0.910625 0.0622396 0.0425 0.0671875 0.00234985
0 0.63125 0.378056 0.07875 0.133889 0.00232315
0 0.0125195 0.438889 0.0250391 0.178889 0.00232315
0 0.00772461 0.43 0.0154492 0.214444 0.00228691
2 0.624375 0.426389 0.095 0.196667 0.00226974
2 0.823125 0.393889 0.1075 0.154444 0.00208282
2 0.0508594 0.0934722 0.0371875 0.0647222 0.00206757
0 0.0686719 0.0977083 0.0395313 0.0815278 0.0019722
0 0.99 0.213056 0.0199999 0.132778 0.00195694
0 0.97 0.101597 0.0575 0.06625 0.00191212
0 0.24875 0.0348958 0.033125 0.0496528 0.00189686
2 0.0146875 0.502778 0.029375 0.13 0.00189686
2 0.83125 0.385 0.0675 0.132222 0.00188255
0 0.0724219 0.0727778 0.038125 0.055 0.00185299
2 0.82375 0.277708 0.02875 0.0679167 0.00181007
0 0.915 0.0673611 0.05 0.0665278 0.00178242
3 0.451875 0.0521528 0.02 0.0645833 0.00172043
0 0.00883789 0.6 0.0176172 0.124444 0.00170708
0 0.97625 0.0938889 0.0475 0.0508333 0.00168705
0 0.00717774 0.572361 0.0143164 0.1375 0.0016613
0 0.209063 0.0500694 0.053125 0.0590278 0.00157356
0 0.0673828 0.0545833 0.0255469 0.0376389 0.00156116
0 0.00411865 0.353889 0.00823731 0.102222 0.00154877
0 0.179063 0.0843056 0.034375 0.0641667 0.0014782
0 0.8825 0.0713889 0.04 0.0598611 0.00136185
0 0.98375 0.0915972 0.0325 0.0579167 0.00134087
2 0.0635156 0.0502778 0.0182812 0.0415278 0.00131989
0 0.648594 0.376111 0.117812 0.127778 0.00131512
0 0.370938 0.0121181 0.030625 0.0242361 0.00130939
0 0.192188 0.0611806 0.0315625 0.0566667 0.00129986
2 0.7075 0.310833 0.0325 0.0788889 0.0012598
0 0.182813 0.09125 0.03875 0.0641667 0.00119686
0 0.316719 0.0475 0.0134375 0.0623611 0.00116539
0 0.0946094 0.114132 0.0423438 0.0828472 0.0011034
0 0.0444434 0.0610417 0.0354883 0.0581944 0.00108624
0 0.0521875 0.0368403 0.0553906 0.0646528 0.00104809
0 0.923125 0.0711111 0.07125 0.0638889 0.00103664
2 0.82875 0.276944 0.04 0.0761111 0.00103188
0 0.0395703 0.055625 0.0286719 0.0548611 0.00102425
0 0.172813 0.0629861 0.0521875 0.0558333 0.00100803
