1 0.791094 0.650556 0.397813 0.694445 0.960938
0 0.501875 0.731667 0.16 0.291111 0.950195
0 0.225781 0.850833 0.202188 0.298333 0.942383
5 0.459063 0.824444 0.189375 0.346667 0.928711
0 0.0743359 0.694444 0.145547 0.28 0.902832
0 0.138125 0.074375 0.04875 0.06625 0.898438
0 0.192656 0.0605382 0.0378125 0.0680903 0.868164
0 0.322578 0.0466493 0.0410938 0.0594792 0.853027
2 0.92875 0.0594271 0.025 0.0547569 0.84082
0 0.281563 0.0335417 0.035625 0.0534722 0.838867
0 0.26125 0.0547049 0.044375 0.0644792 0.838867
2 0.9575 0.0558333 0.0325 0.0593056 0.838867
0 0.0186816 0.064566 0.0373633 0.0578125 0.806641
0 0.224063 0.0448611 0.03625 0.0533333 0.789062
0 0.34375 0.0249219 0.035625 0.0480729 0.751953
0 0.246563 0.0220052 0.036875 0.0434896 0.750488
0 0.307813 0.0197917 0.035 0.03875 0.620605
0 0.174219 0.0427778 0.036875 0.055 0.287842
5 0.204063 0.0202083 0.05375 0.0404167 0.184204
0 0.244063 0.0277431 0.03875 0.0528472 0.173828
1 0.200625 0.0203125 0.049375 0.040625 0.165039
0 0.00338379 0.0819444 0.00676758 0.0566667 0.0866089
0 0.3575 0.0169531 0.0275 0.033316 0.0596619
1 0.207344 0.0163802 0.0490625 0.0319618 0.053009
0 0.248438 0.0182639 0.034375 0.0365278 0.037323
0 0.218281 0.0142014 0.0275 0.0284028 0.0335999
0 0.00331787 0.0936111 0.00663574 0.0738889 0.0180511
0 0.193438 0.0299306 0.0328125 0.0326389 0.0175781
2 0.818125 0.0135069 0.0225 0.02625 0.0173035
0 0.245625 0.0300347 0.0325 0.0438194 0.0132217
0 0.3625 0.0155556 0.02875 0.0301389 0.012291
0 0.193594 0.0239583 0.0359375 0.03875 0.0100937
0 0.0440625 0.0738195 0.0357031 0.0473611 0.00602722
2 0.82875 0.0137413 0.0425001 0.026684 0.00544739
0 0.0705469 0.0722222 0.0404687 0.0513889 0.00432968
0 0.313125 0.0364931 0.03375 0.0496528 0.00332451
0 0.301875 0.328889 0.033125 0.0411111 0.00293541
0 0.00847656 0.604445 0.0168555 0.108889 0.00288963
2 0.8375 0.01375 0.02625 0.0247222 0.00275803
3 0.180938 0.0825694 0.029375 0.0545833 0.00245285
0 0.658125 0.371944 0.11625 0.123889 0.00243378
0 0.189375 0.0315278 0.05625 0.0475 0.00229645
0 0.348125 0.0288542 0.04 0.0482639 0.00199509
0 0.785 0.652778 0.39 0.687778 0.0018177
1 0.206563 0.0200694 0.0665625 0.0401389 0.00165462
0 0.0153906 0.605 0.0307813 0.0988889 0.00130463
0 0.0574609 0.0552604 0.0478906 0.0533681 0.00127411
0 0.637813 0.376944 0.084375 0.132778 0.00124931
0 0.06125 0.0777083 0.049375 0.06 0.00118351
0 0.0357422 0.0728472 0.0452344 0.0556944 0.00113392
0 0.045 0.0372569 0.0545313 0.0578472 0.00112438
2 0.81 0.0143142 0.015 0.0260938 0.0011158
0 0.00428711 0.107708 0.00857422 0.0776389 0.00107288
0 0.82875 0.0143403 0.0425001 0.0266667 0.00104809
0 0.00683594 0.585556 0.0136719 0.114444 0.00102806
