1 0.790625 0.65 0.40125 0.695556 0.961426
0 0.501563 0.732222 0.16 0.291111 0.94873
0 0.0739453 0.694444 0.146484 0.277778 0.946777
0 0.225625 0.85 0.2025 0.3 0.941895
5 0.458125 0.822778 0.1875 0.351111 0.924316
0 0.848125 0.208056 0.1675 0.108889 0.921387
0 0.1375 0.0744445 0.0484375 0.0677778 0.897461
0 0.323438 0.0470139 0.039375 0.0604167 0.862305
0 0.193125 0.0619444 0.0375 0.0675 0.859863
3 0.241875 0.499444 0.0525 0.155556 0.855469
0 0.281875 0.0339583 0.035 0.0540278 0.817383
0 0.260938 0.0546528 0.044375 0.0643056 0.810547
0 0.224375 0.0466667 0.0375 0.0575 0.801758
0 0.0286914 0.0625 0.0494141 0.0583333 0.779785
0 0.24625 0.0234722 0.0378125 0.0461111 0.744629
0 0.306563 0.0216667 0.03375 0.0413889 0.651367
0 0.341563 0.0227778 0.036875 0.0455556 0.625977
0 0.174727 0.0426389 0.0367969 0.0563889 0.312256
5 0.206406 0.0203819 0.0496875 0.0403472 0.294922
2 0.7925 0.0459028 0.0175 0.0480556 0.14563
2 0.7975 0.0431944 0.0275 0.0545833 0.112427
0 0.35875 0.0138542 0.02875 0.0268056 0.0687866
5 0.21 0.0155208 0.0409375 0.0310417 0.0562439
2 0.791875 0.0432639 0.025 0.0534722 0.0528259
3 0.251406 0.489167 0.0290625 0.148333 0.0477905
0 0.355 0.0203559 0.02875 0.0403993 0.0476074
0 0.248125 0.0182292 0.03375 0.0364583 0.0323486
0 0.010332 0.0560938 0.0203906 0.0511458 0.0302124
0 0.365 0.0111111 0.025 0.0215278 0.0294189
0 0.00765137 0.0602778 0.0150293 0.0531944 0.0189056
0 0.214531 0.0144792 0.0334375 0.0289583 0.0165253
0 0.0204639 0.05875 0.0366504 0.0533333 0.0137939
0 0.00365479 0.0818056 0.00728027 0.0508333 0.00888062
0 0.361875 0.0208247 0.02875 0.0382118 0.00790405
2 0.799375 0.0427083 0.03375 0.0654167 0.0068512
0 0.31 0.0288194 0.033125 0.0468056 0.00674438
0 0.00568359 0.0518056 0.0113672 0.0526389 0.00661469
2 0.179219 0.0866667 0.03375 0.06 0.00656509
0 0.0296094 0.0476562 0.0484375 0.0469097 0.00561905
0 0.0660156 0.0660417 0.0464063 0.0516667 0.00510025
0 0.0381641 0.0499306 0.0428125 0.04625 0.00492477
0 0.349375 0.0295833 0.0375 0.0511111 0.00468063
0 0.183125 0.0327083 0.041875 0.0505556 0.00407028
3 0.235 0.493889 0.035 0.142222 0.00309944
0 0.491563 0.548333 0.083125 0.152222 0.0026722
0 0.37125 0.0128819 0.03125 0.0240972 0.00243378
5 0.5025 0.568889 0.16125 0.193333 0.00204277
2 0.0158105 0.478889 0.0316211 0.127778 0.00201988
0 0.00356934 0.0947222 0.00708008 0.0586111 0.00195694
0 0.785 0.652222 0.3925 0.687778 0.00192642
3 0.321328 0.0595833 0.0285938 0.0704167 0.00162315
2 0.7975 0.0625174 0.035 0.0782986 0.0015974
2 0.014043 0.461389 0.0280859 0.138333 0.00150681
2 0.252813 0.479444 0.035 0.15 0.00138855
0 0.0108301 0.95 0.0216602 0.0977778 0.00138855
3 0.235313 0.473333 0.03125 0.0966667 0.00137806
0 0.0455078 0.0636111 0.0300781 0.0541667 0.0012064
0 0.0398828 0.0325 0.0488281 0.04875 0.00120163
2 0.771875 0.0436285 0.0575 0.0541319 0.00116539
2 0.133906 0.0104514 0.0121875 0.0195139 0.00113773
2 0.789375 0.371111 0.07 0.117778 0.00108624
0 0.188438 0.853333 0.128125 0.291111 0.00107288
2 0.79 0.037934 0.04625 0.0624653 0.00105667
2 0.805 0.376111 0.0775 0.112222 0.00104809
3 0.245156 0.461944 0.0334375 0.113889 0.00100803
0 0.0490625 0.0297222 0.0416406 0.0520833 0.00100422
