1 0.7925 0.65 0.3975 0.695556 0.961426
0 0.501563 0.733333 0.160625 0.293333 0.94873
0 0.0740625 0.694444 0.146719 0.276667 0.94043
0 0.225625 0.851111 0.201875 0.297778 0.927734
5 0.458438 0.825556 0.190625 0.344444 0.927246
0 0.137891 0.0739583 0.0489063 0.0676389 0.904785
0 0.192813 0.0617882 0.0375 0.0686458 0.873047
0 0.322813 0.0483333 0.041875 0.0604167 0.863281
0 0.281719 0.0336806 0.0353125 0.0541667 0.838867
0 0.260938 0.0542361 0.045 0.0640278 0.822266
0 0.224063 0.0457639 0.036875 0.0547222 0.812988
3 0.539688 0.473889 0.02875 0.164444 0.772461
0 0.244375 0.0226389 0.035 0.0438889 0.763672
0 0.0186719 0.0628993 0.0373047 0.0597569 0.760742
2 0.93125 0.0530556 0.02875 0.0570833 0.758301
0 0.344375 0.0230903 0.035 0.0461806 0.744629
0 0.3075 0.0197569 0.03375 0.0386806 0.640625
1 0.225781 0.851111 0.200938 0.297778 0.467773
5 0.207344 0.0221181 0.0553125 0.0442361 0.264404
0 0.172969 0.043316 0.0396875 0.0558681 0.105225
0 0.93 0.0556944 0.0325 0.0488889 0.0566406
0 0.35875 0.0151042 0.02625 0.0302083 0.0495911
0 0.359375 0.0170139 0.035 0.033125 0.0495911
5 0.209219 0.0173264 0.04625 0.0346528 0.0453491
0 0.353125 0.0178819 0.03 0.0357639 0.0408325
0 0.247969 0.0181597 0.0325 0.0363194 0.0340271
0 0.00301758 0.0827083 0.00603516 0.0595833 0.0197144
0 0.257969 0.0184375 0.0234375 0.0363889 0.0192719
5 0.198438 0.0229861 0.0409375 0.0434722 0.0181885
0 0.331563 0.0183681 0.0325 0.0367361 0.0106506
0 0.00327148 0.0730556 0.00654297 0.0513889 0.00952148
0 0.177852 0.0378472 0.0399219 0.0529167 0.00891876
0 0.312031 0.0349653 0.0346875 0.0492361 0.0069046
3 0.5325 0.433611 0.035 0.0827778 0.00631332
3 0.535 0.42 0.03875 0.0866667 0.00579834
0 0.0407715 0.0740972 0.0376758 0.0463889 0.00575256
0 0.216406 0.0156944 0.0325 0.0313889 0.00547028
2 0.8125 0.0206597 0.0125 0.0352083 0.00536346
0 0.0710938 0.0765278 0.0403125 0.0501389 0.00496292
0 0.245 0.0309028 0.033125 0.0436111 0.0042305
0 0.0313477 0.0487674 0.0398047 0.0463542 0.00402451
0 0.0032373 0.09375 0.00647461 0.0725 0.0037365
0 0.0279688 0.0725 0.0479688 0.0527778 0.00300407
3 0.539688 0.442778 0.029375 0.0988889 0.00299263
2 0.99 0.597222 0.0199999 0.127778 0.00268364
0 0.0072168 0.05 0.0144336 0.0519444 0.00265312
2 0.531875 0.431111 0.03875 0.0855555 0.00257111
0 0.659375 0.368889 0.11 0.118333 0.00251198
0 0.0237891 0.0515972 0.0467969 0.0568056 0.00230598
2 0.996875 0.0132639 0.00624994 0.0265278 0.00223351
2 0.81375 0.0506944 0.0175 0.0556944 0.00216484
0 0.0447656 0.0364583 0.0573438 0.0558333 0.00201988
2 0.6775 0.0343056 0.025 0.0570833 0.00189686
2 0.0170508 0.531944 0.0341016 0.158333 0.00189686
0 0.785625 0.652361 0.39 0.688611 0.00189686
2 0.0146387 0.559028 0.0292773 0.130833 0.00187492
2 0.925 0.0491667 0.0425 0.0547222 0.00176811
3 0.5275 0.421389 0.03 0.0805556 0.00137806
0 0.0503027 0.0429861 0.0476758 0.0481944 0.00135612
0 0.87125 0.136528 0.0425 0.0636111 0.0012846
0 0.3475 0.0287847 0.03875 0.0499306 0.00115108
2 0.0139453 0.579028 0.0278906 0.121944 0.00112438
2 0.81375 0.0338194 0.0125 0.0586111 0.00109863
0 0.27625 0.0434549 0.026875 0.0542014 0.00108624
0 0.0188867 0.408611 0.0377734 0.151111 0.00104809
0 0.98875 0.602222 0.0225 0.115556 0.00102043
