1 0.7925 0.648889 0.39 0.697778 0.959961
0 0.283281 0.656667 0.157813 0.244444 0.951172
0 0.07375 0.694444 0.145938 0.277778 0.949707
0 0.5025 0.65 0.143125 0.264444 0.932129
5 0.46 0.823333 0.1925 0.351111 0.923828
0 0.334375 0.188333 0.15 0.113889 0.919434
0 0.602188 0.0855556 0.100625 0.0738889 0.918945
0 0.779375 0.151528 0.14125 0.0958333 0.910645
0 0.137188 0.07375 0.0484375 0.0669444 0.901367
0 0.0389453 0.28 0.0778906 0.113889 0.898926
0 0.192188 0.0625 0.03625 0.0688889 0.866211
0 0.259688 0.0580556 0.045625 0.07 0.831055
0 0.322578 0.046875 0.0398438 0.0601389 0.831055
0 0.282031 0.0341667 0.0365625 0.0551389 0.818848
0 0.224375 0.0469444 0.0375 0.0586111 0.785156
0 0.0179688 0.07125 0.0359375 0.065 0.749023
0 0.312813 0.109688 0.103125 0.085625 0.743164
0 0.246875 0.0229861 0.03875 0.0448611 0.73877
2 0.950625 0.0571528 0.0175001 0.0623611 0.675781
0 0.339063 0.0259115 0.038125 0.0503993 0.618652
0 0.305469 0.0195052 0.0303125 0.0377951 0.537109
0 0.96125 0.358056 0.0775 0.118889 0.520508
0 0.176719 0.0430729 0.0378125 0.0588542 0.519531
5 0.20375 0.0214931 0.049375 0.0420139 0.248657
0 0.29375 0.109687 0.063125 0.080625 0.182983
2 0.244063 0.405 0.036875 0.112222 0.137939
0 0.36875 0.00861111 0.02875 0.0172222 0.135742
3 0.490625 0.0335069 0.00874999 0.0435417 0.0966797
0 0.350938 0.0143056 0.02375 0.028125 0.0853882
0 0.359688 0.0119792 0.0275 0.02375 0.0836182
2 0.775625 0.012092 0.01375 0.0231771 0.0789185
0 0.370625 0.0113194 0.02625 0.0226389 0.0670776
0 0.460938 0.00909722 0.03 0.0181944 0.0658569
2 0.3575 0.128194 0.0175 0.0611111 0.0572815
0 0.00314697 0.3925 0.00629395 0.145 0.0552063
0 0.342188 0.0207986 0.03375 0.0415972 0.0549927
2 0.430625 0.0622222 0.02125 0.0726389 0.0450134
0 0.459063 0.0137847 0.028125 0.0275694 0.0401001
2 0.2875 0.115313 0.049375 0.0749305 0.0387573
3 0.49125 0.0359028 0.01125 0.0522222 0.0351562
0 0.00362793 0.408889 0.00725586 0.128889 0.0342407
0 0.35375 0.0163889 0.02875 0.0327778 0.0297546
0 0.970625 0.348056 0.05875 0.0972222 0.028656
2 0.359063 0.121667 0.0175 0.0647222 0.0245209
2 0.357188 0.109861 0.019375 0.0666667 0.0240479
0 0.248438 0.0178125 0.034375 0.035625 0.022583
2 0.349688 0.140556 0.0325 0.0666667 0.0216217
2 0.811875 0.0170833 0.00875003 0.030625 0.0216217
5 0.210781 0.016875 0.0384375 0.03375 0.018692
2 0.4275 0.0608333 0.03 0.0726389 0.0180511
2 0.35125 0.127222 0.03125 0.0683333 0.0153656
0 0.31125 0.0338542 0.031875 0.0459028 0.0140076
0 0.634375 0.378333 0.08 0.136667 0.0104904
0 0.286406 0.0997222 0.05 0.0794444 0.00971222
2 0.80375 0.09 0.035 0.0566667 0.00828552
2 0.775625 0.0180208 0.01375 0.0325 0.00737381
2 0.275156 0.0902083 0.02875 0.0645833 0.00701141
2 0.99125 0.567222 0.0175 0.0922222 0.00701141
0 0.645 0.368889 0.105 0.115556 0.00674438
0 0.0208984 0.0613889 0.0414844 0.0541667 0.00656509
2 0.271719 0.0849306 0.028125 0.0693056 0.00612259
2 0.361875 0.131944 0.041875 0.0833333 0.00582123
3 0.36 0.105278 0.016875 0.0702778 0.00572968
0 0.184063 0.0330556 0.045625 0.0495833 0.00557709
2 0.28125 0.11125 0.039375 0.0752778 0.00551224
2 0.301875 0.121111 0.019375 0.0686111 0.00516129
0 0.00424805 0.381111 0.00849609 0.133333 0.00479126
0 0.00486816 0.421667 0.00973633 0.145556 0.00450516
2 0.299531 0.160556 0.0434375 0.0866667 0.00443268
2 0.235469 0.390556 0.0203125 0.0977778 0.00415039
3 0.493125 0.0247917 0.0125 0.0458333 0.00407028
2 0.432813 0.0682639 0.016875 0.0777778 0.00362206
2 0.95125 0.0726563 0.01625 0.0949653 0.00345612
2 0.285156 0.17 0.0490625 0.085 0.00319672
2 0.77875 0.0134028 0.02 0.0252778 0.00279045
2 0.422813 0.0657639 0.039375 0.0765278 0.00273705
0 0.0700391 0.0666667 0.0419531 0.0563889 0.00261116
2 0.338125 0.105278 0.05625 0.0733333 0.00261116
2 0.80375 0.098125 0.0575 0.0654167 0.00251198
0 0.159141 0.0324653 0.0492188 0.0521528 0.00239754
2 0.27375 0.0983333 0.033125 0.075 0.002388
0 0.151563 0.0154167 0.039375 0.030625 0.00227928
2 0.433438 0.0326389 0.01875 0.0477778 0.00219917
0 0.0435254 0.0462326 0.036543 0.0486458 0.00217438
0 0.0388232 0.0490972 0.038916 0.0445833 0.00214958
0 0.621563 0.357778 0.054375 0.0955556 0.00209999
2 0.81375 0.0860417 0.015 0.0515278 0.00201988
2 0.986875 0.0451389 0.0125 0.0518056 0.0019722
0 0.785625 0.651667 0.38625 0.688889 0.00189686
0 0.145938 0.0253472 0.0321875 0.0443056 0.00183868
2 0.35875 0.137222 0.029375 0.0616667 0.00178242
2 0.323125 0.120278 0.09625 0.0844444 0.00178242
0 0.254531 0.0354514 0.040625 0.0447917 0.00176811
2 0.248594 0.416111 0.03375 0.0977778 0.0017271
0 0.018418 0.613333 0.0368359 0.122222 0.0017271
2 0.274688 0.110278 0.030625 0.0763889 0.0017004
0 0.423125 0.0598785 0.039375 0.0699653 0.00168705
0 0.0146289 0.413333 0.0292578 0.166667 0.0016613
2 0.990625 0.54125 0.0187499 0.108611 0.00161076
0 0.122813 0.0248958 0.041875 0.0461806 0.00156689
2 0.308906 0.169167 0.0578125 0.0805556 0.00150681
2 0.835 0.0967361 0.0425001 0.07625 0.00139904
0 0.9775 0.337778 0.0449999 0.0811111 0.00133038
0 0.0126074 0.611111 0.0251367 0.126667 0.00130939
0 0.1425 0.0153472 0.0334375 0.0290278 0.0012846
0 0.460938 0.0185764 0.025625 0.03625 0.00123501
2 0.9575 0.0563194 0.0325 0.0626389 0.00123501
3 0.489375 0.0329861 0.00999997 0.0481944 0.00118351
0 0.668125 0.39 0.0625 0.118889 0.00115585
2 0.82875 0.0936806 0.04 0.0704167 0.00114727
2 0.8125 0.075625 0.02 0.06375 0.00112438
2 0.80625 0.0734722 0.03 0.0627778 0.00110722
2 0.78125 0.0195833 0.02 0.0355556 0.00104427
1 0.441875 0.743333 0.05875 0.193333 0.00104046
