1 0.791875 0.650139 0.3975 0.695278 0.961914
0 0.0739063 0.693333 0.14625 0.277778 0.959961
0 0.501875 0.734444 0.16 0.295556 0.951172
0 0.226406 0.851111 0.203437 0.297778 0.928223
5 0.45875 0.823333 0.18875 0.348889 0.927734
0 0.211836 0.289444 0.166953 0.15 0.925293
0 0.471875 0.0473611 0.06125 0.0854167 0.901855
0 0.138125 0.0741667 0.0484375 0.0658333 0.89502
0 0.163125 0.245556 0.141875 0.120556 0.883301
0 0.0315039 0.196528 0.0627734 0.0808333 0.864258
0 0.192188 0.0625 0.0375 0.0672222 0.854004
0 0.321875 0.0459722 0.04 0.0601389 0.848145
0 0.26 0.055625 0.045625 0.0656944 0.841797
0 0.281406 0.0333681 0.0365625 0.0546528 0.819824
0 0.8075 0.137361 0.125 0.0955556 0.809082
2 0.656875 0.0684722 0.02125 0.0658333 0.794434
2 0.95 0.0573438 0.0175 0.0603125 0.793945
0 0.015498 0.0709028 0.0308398 0.0613889 0.753418
2 0.224219 0.169583 0.044375 0.0941667 0.746094
0 0.224063 0.0452604 0.03625 0.0553125 0.743164
0 0.338047 0.0253472 0.0414063 0.0506944 0.71875
0 0.246563 0.0211111 0.03375 0.0406944 0.702637
0 0.305313 0.0207552 0.03125 0.0393229 0.562012
0 0.174219 0.0419444 0.0365625 0.0566667 0.560059
5 0.205469 0.0187587 0.0496875 0.0373438 0.27832
0 0.232813 0.0392361 0.053125 0.0586111 0.245117
0 0.244375 0.0280556 0.035 0.0406944 0.125122
0 0.35625 0.0153472 0.02375 0.0302778 0.0809326
0 0.248125 0.0170486 0.033125 0.0340972 0.0586548
5 0.211563 0.0147917 0.04 0.0295833 0.0377502
0 0.366875 0.0113889 0.02375 0.0216667 0.0360718
2 0.216875 0.0990278 0.0290625 0.0719444 0.0305634
0 0.341875 0.0218056 0.036875 0.0436111 0.0297089
2 0.150938 0.376111 0.046875 0.0922222 0.0230713
0 0.0471777 0.0965972 0.0514258 0.0709722 0.0224609
2 0.8125 0.0155208 0.01 0.0289583 0.0183411
2 0.99375 0.162639 0.0124999 0.0736111 0.0110321
0 0.7725 0.0923611 0.0975 0.0602778 0.00751877
2 0.2025 0.0924306 0.034375 0.0665278 0.0068779
0 0.37125 0.0127431 0.025 0.0254861 0.00679779
0 0.0391016 0.0419618 0.0403906 0.0460764 0.00674438
0 0.0425781 0.0903472 0.0470313 0.0626389 0.00643921
0 0.78125 0.0996528 0.115 0.0715278 0.00600433
0 0.371875 0.0117014 0.03 0.0224306 0.00566483
0 0.202344 0.0185417 0.045625 0.0308333 0.00551224
0 0.654375 0.372778 0.115 0.127778 0.00471878
2 0.154688 0.355556 0.0540625 0.14 0.0042305
0 0.0335107 0.0404167 0.0396191 0.0522222 0.00413513
2 0.227188 0.155 0.039375 0.0727778 0.00327301
2 0.157422 0.375556 0.0579688 0.104444 0.00324821
0 0.361563 0.0181944 0.03125 0.0346528 0.00273705
0 0.00514648 0.0539583 0.010293 0.0623611 0.0026722
0 0.176563 0.03375 0.03625 0.0484722 0.00261116
2 0.231563 0.0997917 0.0509375 0.0709722 0.00254059
2 0.995 0.152361 0.00999997 0.0758333 0.00253105
2 0.225313 0.180278 0.0375 0.0838889 0.00226974
2 0.6775 0.307222 0.0625 0.114444 0.00205803
0 0.785 0.652222 0.39 0.688889 0.00185299
0 0.0485547 0.0369444 0.0464844 0.0563889 0.00183868
0 0.6325 0.356944 0.0725 0.095 0.00167465
0 0.7975 0.0984028 0.075 0.0695833 0.00156116
2 0.224219 0.146944 0.0365625 0.0605556 0.00153637
2 0.81375 0.0196875 0.0125 0.035625 0.00152493
2 0.989375 0.161944 0.02125 0.0861111 0.00152493
2 0.98875 0.1775 0.0225 0.0980556 0.00151253
0 0.274688 0.0411285 0.02875 0.0566319 0.0014782
0 0.469375 0.0207639 0.05625 0.0351389 0.00137806
0 0.79 0.091875 0.06375 0.0615278 0.00130463
0 0.0393555 0.0720139 0.0418359 0.0509722 0.0012064
0 0.0056543 0.169861 0.0113086 0.0666667 0.0011425
0 0.24875 0.0404861 0.028125 0.0518056 0.00112057
2 0.21125 0.0863194 0.026875 0.06375 0.0011158
0 0.0232813 0.0536111 0.0450781 0.0698611 0.00110722
2 0.996875 0.0139236 0.00624994 0.0275694 0.00109863
0 0.0471484 0.113194 0.0580469 0.0886111 0.00103188
0 0.795 0.123194 0.15 0.123056 0.00102043
2 0.81 0.014375 0.0175001 0.0269444 0.00100803
