0 0.07375 0.693333 0.146094 0.275556 0.95166
0 0.289063 0.580972 0.135 0.211389 0.945801
0 0.370625 0.349444 0.10125 0.15 0.943848
1 0.675625 0.353889 0.17375 0.452222 0.941895
0 0.735 0.947222 0.2325 0.105555 0.925781
0 0.40125 0.203333 0.07125 0.1 0.925293
5 0.48 0.513889 0.11875 0.355556 0.911621
0 0.53 0.158333 0.058125 0.0922222 0.908691
0 0.0922656 0.148611 0.0523438 0.0919444 0.879883
0 0.323438 0.0476389 0.040625 0.0613889 0.842773
0 0.263125 0.0487326 0.0434375 0.0597569 0.834473
0 0.222813 0.0392361 0.043125 0.055 0.819824
0 0.058125 0.125139 0.054375 0.0772222 0.811523
0 0.91875 0.231528 0.0925 0.114722 0.796875
0 0.0719141 0.322222 0.141172 0.12 0.794434
0 0.224688 0.0859722 0.050625 0.0730556 0.788086
0 0.0144922 0.0682639 0.0289844 0.0572222 0.767578
0 0.75375 0.0160069 0.0325 0.0320139 0.73877
2 0.9725 0.0747222 0.0225 0.0597222 0.695801
0 0.180313 0.07875 0.05 0.0688889 0.695801
0 0.295156 0.0261198 0.035 0.0502604 0.682617
0 0.155547 0.0575174 0.0435937 0.0630208 0.605957
0 0.340937 0.0269792 0.036875 0.0499306 0.596191
0 0.255625 0.0186111 0.034375 0.0372222 0.584961
0 0.0416016 0.0911111 0.0467969 0.0680556 0.270508
0 0.0190137 0.463333 0.0379102 0.121111 0.213989
0 0.192969 0.0346875 0.0371875 0.0517361 0.125977
0 0.223906 0.0137847 0.0303125 0.0255556 0.0994873
1 0.19625 0.0299306 0.045625 0.0551389 0.0933228
0 0.89375 0.231667 0.14 0.115 0.088501
0 0.364063 0.0123958 0.0325 0.0247917 0.0878906
2 0.7025 0.0788889 0.0375 0.0533333 0.0827026
0 0.370625 0.0124653 0.025 0.0249306 0.0720825
0 0.361875 0.0156771 0.031875 0.0313542 0.0611877
0 0.35625 0.0174306 0.028125 0.0348611 0.0605164
2 0.019043 0.466667 0.0378906 0.117778 0.0420837
0 0.196875 0.0238542 0.04 0.0459028 0.0318604
0 0.0696094 0.355556 0.139219 0.188889 0.0202179
0 0.297813 0.0203125 0.03625 0.040625 0.0195007
0 0.0479688 0.0411285 0.0363281 0.0435764 0.0192719
5 0.0715625 0.363889 0.142031 0.205556 0.0153656
0 0.224844 0.0174306 0.03375 0.0316667 0.01297
0 0.0593359 0.0351389 0.0566406 0.0544445 0.0129242
1 0.0517188 0.0323264 0.0792188 0.0620139 0.012291
0 0.322578 0.0141493 0.0273438 0.0282986 0.0106506
0 0.0336328 0.0390278 0.0558594 0.045 0.0100937
0 0.185781 0.0340972 0.0346875 0.0454167 0.00989532
0 0.62375 0.165278 0.06 0.08 0.00901794
0 0.69875 0.161111 0.0725 0.065 0.00793457
2 0.642656 0.143611 0.0246875 0.05 0.00790405
2 0.701875 0.107222 0.03625 0.0822222 0.00706482
0 0.00474121 0.0788889 0.00942383 0.0561111 0.00698471
0 0.0709766 0.0802778 0.0480469 0.0516667 0.00656509
0 0.258906 0.0811111 0.0315625 0.0622222 0.00612259
0 0.0186035 0.401667 0.037207 0.0894444 0.00600433
3 0.99 0.758889 0.00750001 0.0244445 0.00591278
2 0.655625 0.0302083 0.00999997 0.0470833 0.00572968
1 0.0226758 0.0405556 0.0443359 0.0591667 0.00551224
0 0.122656 0.0855556 0.0371875 0.0641667 0.00540543
0 0.00403076 0.0473437 0.00806152 0.0539236 0.0050621
0 0.0089209 0.397778 0.0178027 0.0866667 0.00502014
2 0.155547 0.405556 0.0898438 0.11 0.0046463
0 0.703125 0.151944 0.065 0.05 0.00462723
1 0.0243945 0.0291667 0.0476172 0.0583333 0.00457382
0 0.84625 0.957778 0.07 0.0833333 0.00436401
0 0.18625 0.0676389 0.04375 0.0525 0.00434875
5 0.785 0.515556 0.05125 0.131111 0.00421524
1 0.156875 0.0284028 0.051875 0.0502778 0.00418091
0 0.0336523 0.0472396 0.0515234 0.0452431 0.00400543
1 0.0494434 0.0414063 0.0618945 0.0749653 0.00385475
1 0.183398 0.0316667 0.0632031 0.0547222 0.00366402
1 0.0621484 0.0310764 0.0575781 0.0592361 0.00359344
3 0.97 0.725556 0.00750001 0.0311111 0.00337601
0 0.0706641 0.0706944 0.0425781 0.0522222 0.00322342
0 0.137969 0.0961806 0.0371875 0.0640278 0.00302696
0 0.0569922 0.0514583 0.0446094 0.0445833 0.00299263
1 0.0395313 0.0208333 0.0679688 0.0416667 0.0029583
1 0.0584277 0.0500174 0.0706445 0.0969097 0.00269318
2 0.64 0.135417 0.03125 0.0647222 0.0026207
7 0.98 0.851667 0.00750001 0.0277778 0.00248146
0 0.0150684 0.416667 0.0301367 0.135556 0.00244331
0 0.62625 0.1775 0.07375 0.102222 0.0024147
0 0.011084 0.405556 0.0220508 0.0855555 0.00239754
0 0.117344 0.0918056 0.043125 0.0711111 0.00235939
0 0.0763281 0.075625 0.0367188 0.0476389 0.00234222
0 0.265625 0.0785417 0.038125 0.0618056 0.00234222
2 0.643125 0.152222 0.0375 0.0633333 0.00230598
0 0.128594 0.0897917 0.0378125 0.0673611 0.00227928
0 0.634375 0.170833 0.05 0.0927778 0.00227928
0 0.117578 0.0810417 0.0473438 0.0601389 0.00209045
0 0.0575781 0.0847917 0.0598437 0.0640278 0.00202751
2 0.644375 0.132222 0.02625 0.0597222 0.00201035
0 0.0689844 0.055816 0.0389063 0.0450347 0.00194931
0 0.180938 0.0129948 0.039375 0.0259549 0.00188255
0 0.715 0.0809722 0.06 0.0619444 0.0018034
0 0.0044043 0.158056 0.00880859 0.0711111 0.00176811
0 0.0648047 0.0694444 0.0471094 0.0597222 0.00174809
0 0.612188 0.1525 0.043125 0.0527778 0.00174141
0 0.149844 0.038316 0.0484375 0.0567014 0.0017004
1 0.147344 0.0320833 0.068125 0.0641667 0.00158501
3 0.0248389 0.475 0.0243848 0.117778 0.00150108
2 0.84875 0.954444 0.06125 0.0877778 0.0014782
0 0.0077832 0.428889 0.0155273 0.09 0.00144386
0 0.173477 0.0146181 0.0399219 0.0292361 0.00133514
1 0.00868164 0.0299306 0.0173633 0.0579167 0.00132465
0 0.0324805 0.348333 0.0641016 0.116667 0.00130463
0 0.83625 0.962222 0.045 0.0733333 0.00129986
2 0.65375 0.142222 0.04375 0.0638889 0.00123978
2 0.9925 0.755556 0.00625 0.0244444 0.00120163
0 0.106719 0.0916667 0.0415625 0.0680556 0.00119686
0 0.785 0.515278 0.0525 0.130556 0.0011692
0 0.107109 0.08 0.0421875 0.0543056 0.00115585
0 0.148672 0.0545833 0.0376563 0.0520833 0.00112057
0 0.39375 0.0652083 0.0525 0.0809722 0.0011158
0 0.72 0.0100694 0.03 0.0186111 0.00108147
0 0.0147461 0.38 0.0294922 0.0822222 0.00105286
5 0.084375 0.384444 0.16875 0.25 0.00104809
0 0.0494922 0.0738889 0.0399219 0.0530556 0.00104427
1 0.148359 0.0266667 0.0473438 0.0533333 0.00104046
0 0.2375 0.0440104 0.02375 0.0555903 0.00103664
