1 0.790625 0.650556 0.40125 0.694445 0.961914
0 0.0741016 0.694444 0.146641 0.277778 0.956055
0 0.257656 0.746667 0.178438 0.275556 0.954102
0 0.500938 0.734444 0.159375 0.295556 0.946289
5 0.458125 0.823333 0.188125 0.348889 0.928711
0 0.745 0.14191 0.135 0.0950694 0.924805
0 0.329375 0.226528 0.144375 0.129167 0.919434
0 0.518125 0.172361 0.146875 0.105278 0.918457
0 0.202773 0.156111 0.128203 0.0877778 0.916504
0 0.137813 0.0751389 0.04875 0.0680556 0.888184
0 0.3225 0.0469618 0.039375 0.0624653 0.868652
0 0.192344 0.0598785 0.0371875 0.0674653 0.85498
0 0.259688 0.0548611 0.045625 0.0638889 0.831055
0 0.281563 0.0332639 0.035625 0.055 0.817383
0 0.0155762 0.069375 0.0310352 0.05875 0.812988
0 0.445 0.0561111 0.04875 0.0638889 0.790527
0 0.224375 0.0461806 0.0378125 0.0543056 0.771973
2 0.949375 0.0572396 0.01625 0.0649653 0.760742
0 0.246406 0.0213542 0.0346875 0.0422917 0.73584
0 0.34 0.0261806 0.0375 0.0515278 0.702637
0 0.173281 0.041875 0.0365625 0.0586111 0.673828
5 0.209375 0.0188976 0.04375 0.0372049 0.575684
0 0.305 0.0195833 0.03125 0.0381944 0.569824
2 0.78 0.0311806 0.0125 0.0531944 0.464844
0 0.0362891 0.0454167 0.0417969 0.0505556 0.150513
0 0.356875 0.0147917 0.02625 0.0295833 0.0853882
0 0.273125 0.0394444 0.03 0.0515278 0.0428772
0 0.973125 0.334722 0.05375 0.0822222 0.0350037
0 0.04 0.0417882 0.0428125 0.0644792 0.0220337
0 0.654844 0.375 0.110313 0.13 0.021286
0 0.193438 0.0294792 0.0325 0.0349306 0.0198669
0 0.207031 0.0219444 0.04875 0.0402778 0.0193481
0 0.361875 0.0147222 0.02875 0.0288889 0.0184784
0 0.9825 0.33 0.035 0.0877778 0.0173798
0 0.0472656 0.0403472 0.0541406 0.0593056 0.0162201
2 0.859375 0.397222 0.045 0.102222 0.0147324
2 0.8675 0.393611 0.025 0.0972222 0.0125275
3 0.869375 0.393611 0.0199999 0.0994444 0.00898743
0 0.96375 0.317222 0.07 0.101111 0.00818634
0 0.242813 0.980556 0.121875 0.0377777 0.00766754
0 0.199844 0.0210417 0.0375 0.0305556 0.00737381
3 0.183438 0.0832639 0.02125 0.0570833 0.00524139
0 0.217188 0.0507639 0.055 0.0579167 0.00471878
3 0.86625 0.386389 0.0275 0.102778 0.00457382
2 0.865 0.417222 0.035 0.106667 0.00455475
0 0.31375 0.0365972 0.0325 0.0490278 0.00397491
2 0.78 0.0202083 0.0125 0.0404167 0.00340271
0 0.83 0.0157031 0.045 0.0305382 0.00307465
2 0.8325 0.0154514 0.0425 0.0292361 0.00307465
2 0.785 0.0320833 0.0225 0.0586111 0.00275803
0 0.0522559 0.0164931 0.0411133 0.0302083 0.00271416
0 0.169531 0.0519444 0.0403125 0.0523611 0.00250244
0 0.0580859 0.00986979 0.0282031 0.0180382 0.00218201
0 0.784375 0.652222 0.3925 0.687778 0.00204277
3 0.1775 0.0886806 0.03375 0.0668056 0.00203514
0 0.171602 0.366667 0.125547 0.123333 0.00201988
0 0.0317578 0.0540278 0.0452344 0.0491667 0.00200272
2 0.775625 0.0284375 0.02 0.0504861 0.0018177
0 0.0468848 0.0128125 0.0356055 0.0248611 0.00181007
2 0.8275 0.0201736 0.0550001 0.0402083 0.00162888
0 0.424063 0.0611285 0.04875 0.0605208 0.00161076
0 0.0585156 0.0120486 0.0325 0.02125 0.00156116
0 0.635 0.383611 0.0825 0.145556 0.00144958
3 0.299688 0.0615451 0.0225 0.0707986 0.00135136
2 0.844375 0.0217708 0.01625 0.0417361 0.00126457
2 0.863125 0.385 0.03375 0.0988889 0.00126457
0 0.0432129 0.0902778 0.0401367 0.0683333 0.00121117
0 0.214375 0.0188194 0.0375 0.0376389 0.00118351
0 0.0253125 0.0491667 0.0445313 0.0633333 0.00117397
0 0.956875 0.797222 0.07 0.15 0.00108147
0 0.4475 0.021467 0.04 0.0398437 0.00107288
2 0.86625 0.375556 0.0300001 0.104444 0.00100422
