0 0.0739063 0.695 0.14625 0.278889 0.950195
0 0.320625 0.570139 0.17125 0.270833 0.942871
0 0.52125 0.396111 0.0975 0.163889 0.930176
0 0.224375 0.442222 0.11125 0.177778 0.925781
0 0.638125 0.294375 0.08125 0.134583 0.925293
0 0.386563 0.273056 0.086875 0.133333 0.923828
0 0.695 0.792778 0.19625 0.356667 0.922363
0 0.521875 0.151076 0.0625 0.107292 0.915039
0 0.608125 0.118611 0.053125 0.0811111 0.910645
0 0.42125 0.117361 0.0525 0.0825 0.907227
0 0.0354297 0.272778 0.0708594 0.142222 0.89502
0 0.50125 0.063316 0.04 0.0614236 0.893066
0 0.580625 0.0450174 0.048125 0.0719097 0.864258
0 0.323125 0.0484722 0.04 0.0627778 0.841797
0 0.291875 0.0261806 0.04 0.0523611 0.816406
2 0.94 0.109201 0.02 0.0827083 0.789062
0 0.137422 0.112639 0.0648438 0.0844444 0.789062
0 0.240625 0.0639583 0.05125 0.0898611 0.785156
0 0.0273633 0.185833 0.0547266 0.0933333 0.754883
0 0.204063 0.0253472 0.0375 0.0506944 0.725098
0 0.337813 0.0252431 0.04 0.0504861 0.716797
0 0.22 0.0403472 0.039375 0.0579167 0.680664
0 0.515625 0.00934028 0.02375 0.0186806 0.615234
0 0.112031 0.0161892 0.0271875 0.0312326 0.583008
0 0.0173438 0.106597 0.0346875 0.0715278 0.581543
0 0.124531 0.0809722 0.0514063 0.0666667 0.560059
0 0.019707 0.148194 0.0394141 0.0663889 0.539062
0 0.00633789 0.0834722 0.0125586 0.0608333 0.252441
0 0.354063 0.0153646 0.02625 0.0307292 0.167236
0 0.240938 0.05 0.0490625 0.0647222 0.161865
0 0.249375 0.0108247 0.030625 0.0214063 0.131592
0 0.250313 0.0119271 0.026875 0.0238542 0.117554
0 0.162461 0.057934 0.0425781 0.0563542 0.104126
0 0.24625 0.0125174 0.0375 0.0250347 0.0648804
0 0.113906 0.0341319 0.031875 0.0364583 0.0614319
0 0.118594 0.0952083 0.0425 0.0634722 0.0607605
0 0.370625 0.0101389 0.025 0.0196528 0.0594177
0 0.00561523 0.07 0.0112305 0.0594444 0.0587769
2 0.9475 0.053316 0.0125 0.0705903 0.0587769
0 0.117656 0.0427778 0.0385938 0.0409722 0.0417786
0 0.0195508 0.07625 0.0389453 0.0666667 0.0360718
0 0.122656 0.0549826 0.0434375 0.0455903 0.024704
0 0.0700781 0.0742361 0.0425 0.0548611 0.0244293
2 0.94625 0.0429167 0.01125 0.0620833 0.0243378
0 0.0188965 0.0665104 0.0366602 0.0586458 0.0229797
1 0.0572266 0.0426389 0.0674219 0.0830556 0.0229797
0 0.116406 0.0187847 0.0357812 0.0371528 0.0186157
0 0.359375 0.0160417 0.0275 0.0320833 0.0143356
0 0.0453516 0.0493229 0.0421094 0.0455208 0.01297
0 0.221563 0.0146615 0.04 0.0287326 0.0108566
0 0.240938 0.0829167 0.046875 0.0597222 0.0104523
0 0.0426953 0.0847222 0.04375 0.0572222 0.0101318
0 0.103984 0.0713194 0.044375 0.0530556 0.00891876
0 0.295156 0.0193056 0.0390625 0.0386111 0.00888062
1 0.0486621 0.0405729 0.049707 0.0710764 0.0088501
0 0.0144824 0.0852778 0.0280664 0.0522222 0.00837708
0 0.135938 0.0647917 0.0285938 0.0438889 0.00775528
0 0.373125 0.0131076 0.02375 0.0262153 0.00731659
0 0.247813 0.0734722 0.046875 0.0705556 0.00723267
1 0.0608984 0.0311806 0.0585156 0.0581944 0.0069313
0 0.0338867 0.0902778 0.0526953 0.06 0.00679779
0 0.0191992 0.127083 0.0383984 0.0652778 0.00679779
3 0.99125 0.763889 0.00749995 0.0211111 0.00669098
0 0.0988867 0.388333 0.0744141 0.113889 0.00636292
0 0.0713281 0.0840278 0.0446875 0.0575 0.00614548
0 0.87125 0.137083 0.04125 0.0680556 0.00591278
0 0.20875 0.0167361 0.0315625 0.0334722 0.00564194
5 0.0982813 0.378611 0.0739063 0.130556 0.00557709
0 0.312031 0.0144618 0.0221875 0.0289236 0.00448608
0 0.0342578 0.0589583 0.0540625 0.0547222 0.00429916
0 0.0547754 0.0394618 0.0610742 0.0624653 0.00407028
2 0.941875 0.0552951 0.025 0.0641319 0.00403976
0 0.0152344 0.551111 0.0304688 0.168889 0.0039444
0 0.202188 0.0409722 0.0375 0.0495833 0.00335121
0 0.94 0.113611 0.02125 0.0858333 0.00314713
7 0.98 0.848889 0.00750001 0.0311111 0.0030632
0 0.0426953 0.0567361 0.0405469 0.0533333 0.00302696
3 0.96875 0.692778 0.01 0.0211111 0.00292397
0 0.509375 0.0107292 0.024375 0.0214583 0.0028553
3 0.99 0.7 0.00625 0.0222222 0.00279045
0 0.0721094 0.0270486 0.0385938 0.0503472 0.00273705
0 0.253594 0.08375 0.0371875 0.0569444 0.00256157
0 0.0251953 0.1725 0.0496094 0.0911111 0.0024929
0 0.167813 0.063316 0.0409375 0.0639236 0.00247192
0 0.026543 0.151389 0.0518359 0.0711111 0.00237846
0 0.106328 0.0528472 0.0435938 0.05125 0.00230598
0 0.2475 0.0436111 0.041875 0.0530556 0.00226974
0 0.262813 0.0840278 0.034375 0.0569444 0.00223351
0 0.0696484 0.0375694 0.0407031 0.0504167 0.00202751
0 0.199219 0.0175 0.0303125 0.0331944 0.00192642
0 0.0465723 0.321111 0.0435742 0.0888889 0.00189686
0 0.00472168 0.05375 0.00944336 0.0616667 0.00186729
0 0.107969 0.0226042 0.03625 0.0421528 0.00186062
0 0.160781 0.0699306 0.0415625 0.0579167 0.00181007
7 0.638125 0.294444 0.07875 0.135 0.00178909
2 0.0163086 0.508611 0.0326172 0.123889 0.00174141
0 0.120469 0.0226042 0.0420313 0.0422917 0.0017004
0 0.012666 0.571667 0.025332 0.164444 0.00163555
0 0.0480078 0.0985417 0.061875 0.125139 0.00157928
0 0.519375 0.013125 0.03 0.0261806 0.00143814
2 0.949375 0.0720139 0.02 0.0801389 0.00143242
0 0.0323047 0.172222 0.0446094 0.0744445 0.00139904
2 0.9825 0.761667 0.0125 0.0222222 0.00136662
2 0.995 0.822222 0.00750001 0.0311111 0.00134563
0 0.0799219 0.0261458 0.0845313 0.0522917 0.00134563
0 0.0328906 0.0590451 0.0610156 0.0755208 0.00133038
0 0.14125 0.073125 0.08 0.0918056 0.00130463
0 0.0150684 0.517778 0.0301367 0.154444 0.00129414
2 0.99375 0.757222 0.00499999 0.0211111 0.00123978
0 0.149219 0.0834722 0.0428125 0.0638889 0.00115585
2 0.631875 0.0377431 0.01125 0.0361806 0.0011425
3 0.95125 0.698889 0.00750001 0.0277778 0.00113773
0 0.986875 0.735 0.015 0.0233333 0.00112438
7 0.386875 0.272778 0.08375 0.132222 0.00108147
0 0.384688 0.104722 0.038125 0.0686111 0.00104046
0 0.260938 0.0808333 0.053125 0.0738889 0.00102806
0 0.0487109 0.302708 0.045625 0.106806 0.00102425
