0 0.074375 0.695 0.147188 0.278889 0.960449
0 0.706094 0.682222 0.162813 0.257778 0.952148
0 0.400938 0.293611 0.081875 0.120556 0.924316
5 0.5425 0.292778 0.0975 0.193889 0.924316
0 0.0342383 0.285833 0.0684766 0.141111 0.911133
0 0.6075 0.114306 0.055 0.0763889 0.909668
0 0.519375 0.152222 0.06 0.0861111 0.896973
0 0.224688 0.442778 0.111875 0.178889 0.894043
0 0.4275 0.108056 0.055 0.0755556 0.892578
0 0.3225 0.0475694 0.039375 0.0605556 0.839844
0 0.565625 0.0315191 0.043125 0.0611285 0.808105
0 0.00954102 0.155139 0.0189844 0.0747222 0.769043
0 0.180898 0.125799 0.0594531 0.0817361 0.741699
0 0.264219 0.0477083 0.03625 0.0551389 0.730957
0 0.338047 0.0254861 0.0401563 0.0509722 0.726562
0 0.162031 0.0533507 0.035625 0.0549653 0.705566
0 0.102969 0.0893056 0.0526563 0.0747222 0.700684
0 0.2375 0.0332639 0.04125 0.0526389 0.647949
0 0.149453 0.0927778 0.0445313 0.0688889 0.577637
2 0.995 0.0695139 0.00999997 0.0727778 0.411133
0 0.276875 0.0145486 0.0309375 0.026875 0.359375
0 0.2425 0.0128559 0.03125 0.0242882 0.355713
3 0.95375 0.061684 0.0125 0.0638542 0.312256
0 0.455 0.0129861 0.03625 0.0259722 0.291016
2 0.953125 0.0658333 0.0125 0.0673611 0.222656
2 0.9875 0.0514583 0.0225 0.0629167 0.220703
0 0.0101465 0.22 0.020293 0.0772222 0.211426
0 0.307813 0.0193403 0.03 0.0374306 0.182373
2 0.99125 0.0469444 0.0125 0.0586111 0.168823
2 0.99 0.0615278 0.0199999 0.0729167 0.0888062
0 0.107813 0.0822917 0.049375 0.0601389 0.0794678
0 0.35625 0.0163889 0.02375 0.0313194 0.0634766
3 0.9525 0.0698785 0.00999997 0.0777431 0.0621033
0 0.273438 0.0177083 0.03 0.0325 0.053009
2 0.9575 0.0604861 0.02 0.0738889 0.0451965
0 0.283438 0.0116146 0.0275 0.0232292 0.041626
0 0.189375 0.0761111 0.038125 0.0593056 0.0367737
0 0.161563 0.068316 0.0390625 0.0658681 0.0358276
0 0.34125 0.0209375 0.03625 0.041875 0.0327148
2 0.9625 0.0590451 0.03 0.0641319 0.0302124
0 0.289688 0.976111 0.053125 0.0411111 0.0235138
0 0.0291797 0.561111 0.0583594 0.141111 0.0233307
0 0.205469 0.0615278 0.0328125 0.0530556 0.0181885
0 0.369375 0.0102431 0.02375 0.0192361 0.0164032
3 0.970625 0.736667 0.00875003 0.0311111 0.0153046
0 0.119844 0.0822222 0.0371875 0.0591667 0.0145569
0 0.138359 0.0904861 0.0695313 0.0809722 0.0145035
2 0.9525 0.079184 0.0125 0.0899653 0.0138474
0 0.235313 0.0402778 0.0365625 0.0541667 0.0125732
0 0.162969 0.0880556 0.040625 0.0661111 0.0117798
0 0.195938 0.069184 0.044375 0.0630208 0.0113754
0 0.0979688 0.0295139 0.035 0.0530556 0.0103302
0 0.255625 0.0167014 0.030625 0.0334028 0.00930023
0 0.460938 0.0122309 0.03 0.0240104 0.00867462
0 0.318594 0.0382639 0.0340625 0.0476389 0.00806427
0 0.0200781 0.223889 0.0401563 0.0811111 0.0078125
1 0.0676563 0.0515972 0.0857813 0.100833 0.00763702
0 0.96875 0.326944 0.0624999 0.103333 0.00717545
1 0.455 0.0160069 0.03625 0.0320139 0.00695801
0 0.269062 0.038125 0.036875 0.0468056 0.00626373
0 0.169219 0.0932639 0.03625 0.0615278 0.00616837
0 0.214063 0.0270833 0.0340625 0.0397222 0.00588989
1 0.0783594 0.0638715 0.0945313 0.120035 0.00496292
7 0.98 0.852778 0.00750001 0.0266667 0.00486755
1 0.0889844 0.0397049 0.0523438 0.0744792 0.00479126
0 0.202188 0.0610417 0.04125 0.0645833 0.00468063
0 0.260625 0.054375 0.038125 0.05625 0.00432968
2 0.0927344 0.0988889 0.031875 0.0591667 0.0036068
5 0.194688 0.0608333 0.048125 0.0691667 0.00332451
0 0.160273 0.100972 0.0482031 0.0602778 0.00323486
0 0.372188 0.0127257 0.02625 0.0254514 0.00291252
0 0.09875 0.0238194 0.0303125 0.04375 0.00273705
0 0.296563 0.919445 0.048125 0.0966667 0.00270462
0 0.0182324 0.587222 0.0364648 0.117778 0.00248146
0 0.190938 0.0847917 0.03875 0.0590278 0.00230598
0 0.255 0.0723611 0.036875 0.0636111 0.00195694
0 0.0967188 0.0963889 0.0396875 0.0633333 0.00194168
0 0.203281 0.0328472 0.035 0.0486111 0.00192642
2 0.98625 0.0606771 0.025 0.0730903 0.00191212
2 0.9925 0.754444 0.00499999 0.0266667 0.00188255
3 0.981875 0.0652083 0.0225 0.075 0.00188255
0 0.0674609 0.0748611 0.0449219 0.06 0.00186062
0 0.159531 0.0459028 0.038125 0.0448611 0.00178909
2 0.973125 0.0577778 0.03125 0.0729167 0.00168705
7 0.4 0.294167 0.08125 0.12 0.0016613
0 0.167852 0.1125 0.0374219 0.0644444 0.00162315
0 0.46625 0.0388194 0.01875 0.0641667 0.00158501
0 0.361875 0.0218403 0.0325 0.0407639 0.00156689
5 0.178594 0.0596528 0.0596875 0.0675 0.00156116
0 0.0108691 0.243333 0.0217383 0.08 0.00155449
0 0.97 0.309444 0.06 0.106667 0.00154877
3 0.99 0.701111 0.00750001 0.0222222 0.00150108
2 0.97 0.0526215 0.045 0.0705903 0.00148964
2 0.95125 0.0615278 0.015 0.0605556 0.00144958
2 0.0156543 0.529167 0.0313086 0.117222 0.00135612
0 0.223594 0.0651389 0.0365625 0.0625 0.00133514
0 0.149219 0.111667 0.0440625 0.0611111 0.00130939
0 0.2125 0.02 0.043125 0.03625 0.00130463
0 0.182852 0.0911111 0.0480469 0.0533333 0.00123501
2 0.960625 0.0761806 0.0275 0.0990278 0.00118828
0 0.0185938 0.21 0.0371875 0.0786111 0.00117874
0 0.95625 0.700556 0.0175 0.02 0.00108624
0 0.0508984 0.0446528 0.0482031 0.0570833 0.00106907
1 0.0690234 0.0304514 0.0483594 0.0574306 0.00105286
2 0.0155957 0.501667 0.0310742 0.0922222 0.00103188
