0 0.0739844 0.693333 0.146406 0.275556 0.952637
0 0.354375 0.461389 0.13875 0.225 0.944824
0 0.658125 0.573194 0.1525 0.264722 0.944336
0 0.39875 0.203889 0.07375 0.101111 0.935059
0 0.625625 0.217083 0.07125 0.108611 0.935059
0 0.223906 0.442222 0.112188 0.174444 0.935059
0 0.521875 0.303611 0.085 0.135 0.925293
0 0.519375 0.109965 0.05625 0.0878472 0.919434
0 0.0982813 0.139583 0.0728125 0.100833 0.894043
0 0.6 0.0848611 0.0475 0.0716667 0.888184
0 0.43375 0.0726389 0.045 0.0719444 0.868652
0 0.499375 0.0337847 0.03875 0.0552083 0.868164
0 0.323125 0.0490451 0.04 0.0621875 0.861328
0 0.57375 0.0305556 0.04125 0.0591667 0.86084
2 0.9275 0.0970833 0.0175 0.0736111 0.829102
0 0.214688 0.0844444 0.056875 0.0941667 0.813965
0 0.274688 0.0354167 0.0384375 0.0538889 0.751953
0 0.239063 0.0130382 0.0275 0.0260764 0.747559
0 0.0797656 0.0286111 0.0315625 0.0455556 0.72168
2 0.95125 0.0591493 0.015 0.0619792 0.700684
0 0.185156 0.0334028 0.0396875 0.055 0.699219
0 0.34 0.0267708 0.03625 0.0528472 0.67041
0 0.201563 0.0538194 0.04125 0.0666667 0.586914
0 0.307969 0.0149306 0.0265625 0.0298611 0.546875
0 0.0890625 0.0954167 0.055625 0.0658333 0.242188
0 0.275313 0.0273264 0.035 0.0453472 0.181885
0 0.256719 0.095625 0.041875 0.0718056 0.114746
0 0.35625 0.0156337 0.0225 0.0302604 0.11084
0 0.2225 0.324444 0.06 0.0688889 0.105957
0 0.180313 0.996389 0.120625 0.00722215 0.0639648
0 0.214219 0.993611 0.0490625 0.0127777 0.0507202
0 0.173164 0.993889 0.0611719 0.0122222 0.0492249
0 0.277031 0.016875 0.0309375 0.02625 0.0406799
0 0.361563 0.0156424 0.029375 0.0312847 0.0403748
0 0.369375 0.0112153 0.021875 0.0218056 0.0390625
0 0.089375 0.0235417 0.0353125 0.0402778 0.0350037
0 0.306563 0.02 0.030625 0.0380556 0.028656
0 0.0461719 0.0386806 0.0429688 0.0577778 0.0284424
0 0.374375 0.0124653 0.02125 0.0249306 0.0281677
0 0.341875 0.0201389 0.0325 0.0402778 0.0276337
0 0.160586 0.0275694 0.0432031 0.0477778 0.0259552
0 0.0774219 0.057066 0.0304688 0.0464236 0.0245209
0 0.0945508 0.0168056 0.0299609 0.0311111 0.0215302
0 0.0542188 0.0377778 0.0471875 0.0580556 0.0179901
0 0.055625 0.0870139 0.0471875 0.0715278 0.0171814
0 0.123594 0.0760417 0.04625 0.0570833 0.0168457
0 0.0845117 0.075 0.0453516 0.0630556 0.0167847
0 0.21125 0.0658333 0.045625 0.0622222 0.0158386
3 0.99125 0.755556 0.00749995 0.0288889 0.0156021
0 0.0699609 0.0948611 0.0719531 0.0658333 0.0150757
0 0.144531 0.0733333 0.0465625 0.0594444 0.0108185
0 0.447188 0.00940972 0.031875 0.0185417 0.0101318
0 0.582813 0.0131597 0.026875 0.0263194 0.00945282
0 0.260938 0.0807639 0.040625 0.0829167 0.00857544
0 0.157344 0.0347917 0.0421875 0.0566667 0.00854492
0 0.0757813 0.064375 0.038125 0.0623611 0.00847626
0 0.318438 0.0379861 0.035625 0.0495833 0.00828552
0 0.153125 0.0494444 0.0409375 0.0648611 0.00790405
0 0.0105469 0.241944 0.0207031 0.0755555 0.00740433
0 0.375938 0.00913195 0.023125 0.0174306 0.00725937
0 0.130156 0.0789583 0.06 0.0684722 0.00712204
0 0.0544141 0.0239583 0.0486719 0.0426389 0.00605011
0 0.0753906 0.0188889 0.0360938 0.0318056 0.005867
3 0.68625 0.0398785 0.00750001 0.0527431 0.00570679
0 0.0438379 0.04625 0.0379492 0.0511111 0.00547028
0 0.00919922 0.262847 0.0180469 0.103194 0.00481033
0 0.0542969 0.0989583 0.0446875 0.06125 0.00468063
0 0.171719 0.0175 0.034375 0.0308333 0.00450516
0 0.186719 0.996111 0.112188 0.00777769 0.00426483
0 0.18625 0.993889 0.11375 0.0122222 0.00402451
0 0.137188 0.0702778 0.051875 0.0598611 0.00353813
0 0.257812 0.108194 0.041875 0.0722222 0.00351143
0 0.065 0.0121875 0.0371875 0.0223611 0.00317192
0 0.0522266 0.0703472 0.0397656 0.0643056 0.00314713
0 0.214688 0.0113889 0.030625 0.0211806 0.00288963
0 0.446563 0.0242361 0.035625 0.0473611 0.00277901
0 0.0566797 0.0285417 0.0649219 0.0490278 0.00271416
7 0.00494629 0.595556 0.00980469 0.0666667 0.00263214
2 0.121875 0.423333 0.024375 0.0844445 0.00259018
0 0.0982617 0.0766667 0.0453516 0.0569444 0.00255013
7 0.521875 0.303958 0.08125 0.134306 0.00244331
2 0.95125 0.0479861 0.0175 0.06875 0.00243378
0 0.433438 0.0624306 0.041875 0.0551389 0.00235939
0 0.00418945 0.170833 0.00837891 0.0572222 0.00223351
0 0.270156 0.0536806 0.0309375 0.0531944 0.0020504
2 0.99125 0.751667 0.00875003 0.0322222 0.00186729
0 0.43625 0.0369444 0.045 0.0519444 0.00178242
2 0.119297 0.432222 0.03125 0.0788889 0.00176811
0 0.0964063 0.0134375 0.0190625 0.026875 0.00166798
3 0.68625 0.0440972 0.01 0.0643056 0.00161076
0 0.439688 0.0302431 0.045625 0.0570139 0.00157356
0 0.183125 0.0190972 0.03375 0.0381944 0.00156116
0 0.0812305 0.098125 0.0703516 0.0990278 0.00154877
0 0.980625 0.737778 0.02625 0.0311111 0.00149536
0 0.244688 0.0667361 0.03875 0.0576389 0.0014782
0 0.193125 0.0636111 0.04875 0.0688889 0.00146103
0 0.00323242 0.161111 0.00646484 0.0572222 0.00143242
0 0.0480078 0.0146181 0.0382031 0.0271528 0.00141048
0 0.00905273 0.605556 0.0180859 0.108889 0.00135612
2 0.9775 0.0530729 0.01125 0.0482986 0.00133514
0 0.141953 0.0819444 0.0410937 0.0669444 0.00131512
0 0.236563 0.0390972 0.0275 0.0506945 0.00121593
0 0.00561523 0.200417 0.0112305 0.0713889 0.00114727
0 0.0899219 0.0579167 0.0407813 0.0486111 0.00113392
0 0.881875 0.0825 0.0325 0.0652778 0.00112438
0 0.492188 0.0256597 0.025625 0.0442361 0.00104046
0 0.575938 0.0181597 0.0331251 0.0363194 0.00103664
0 0.0435254 0.0763889 0.0443555 0.0630556 0.00101662
