0 0.173281 0.5175 0.163438 0.231667 0.953613
0 0.2925 0.782222 0.186875 0.297778 0.95166
0 0.6625 0.2825 0.17625 0.153889 0.934082
0 0.96 0.168611 0.08 0.108889 0.915039
0 0.174648 0.203611 0.141953 0.115 0.913086
0 0.02875 0.925556 0.0575 0.148889 0.89502
0 0.208125 0.344444 0.108125 0.152222 0.883301
0 0.141875 0.0720139 0.048125 0.0665278 0.877441
0 0.197813 0.061684 0.04625 0.0719097 0.858887
0 0.255469 0.0502083 0.0409375 0.0645833 0.84082
0 0.66625 0.0463889 0.085 0.0680556 0.84082
0 0.336797 0.120833 0.0876563 0.0827778 0.837402
0 0.274219 0.0717361 0.0521875 0.0818055 0.812988
0 0.5175 0.0238889 0.0325 0.0452778 0.803223
0 0.16875 0.0477778 0.039375 0.0586111 0.799316
0 0.3425 0.0213542 0.03625 0.0427083 0.73877
0 0.86375 0.0797222 0.11375 0.0711111 0.732422
2 0.98375 0.274167 0.0325 0.120556 0.677246
0 0.233438 0.0315278 0.036875 0.0534722 0.625977
0 0.314688 0.0433333 0.03375 0.0486111 0.548828
0 0.89 0.0760417 0.06 0.0651389 0.418701
0 0.309375 0.0469444 0.039375 0.0513889 0.364746
2 0.81875 0.0879861 0.02 0.0570833 0.206909
0 0.983125 0.271389 0.03375 0.125556 0.0963745
0 0.365625 0.0101389 0.03375 0.0197917 0.0943604
0 0.369375 0.0090191 0.02875 0.0175174 0.0766602
2 0.82 0.0794444 0.02375 0.0641667 0.0598755
0 0.37375 0.0105903 0.02 0.0211806 0.0552063
0 0.255938 0.0397396 0.040625 0.0477431 0.0465393
2 0.90625 0.0544444 0.02375 0.0561111 0.026062
0 0.35875 0.0134722 0.031875 0.0269444 0.021286
0 0.83125 0.0819445 0.045 0.0694444 0.0211182
0 0.355625 0.0195486 0.0275 0.0365972 0.0202484
0 0.84375 0.0795833 0.0725 0.0716667 0.0194244
2 0.192813 0.233889 0.0421875 0.0683333 0.0171814
0 0.898125 0.0802778 0.04625 0.0611111 0.0133743
0 0.0501465 0.0425 0.0454883 0.0594444 0.0126266
0 0.3 0.0463194 0.025 0.0456944 0.0123367
2 0.197188 0.239722 0.0565625 0.0911111 0.0121002
2 0.905 0.0570833 0.0325 0.0583333 0.0111618
3 0.9925 0.758889 0.00750001 0.0311111 0.00941467
2 0.69625 0.0219444 0.015 0.0302083 0.00937653
2 0.6975 0.0237847 0.02 0.0345139 0.00847626
0 0.0805469 0.119028 0.0748438 0.0841667 0.00834656
0 0.819375 0.0928472 0.02125 0.0623611 0.00809479
0 0.34 0.0279167 0.031875 0.04375 0.00714874
2 0.90375 0.0686111 0.04 0.0606944 0.00651169
0 0.313906 0.075 0.0484375 0.0636111 0.00577545
0 0.906875 0.0731944 0.06625 0.0633333 0.00547028
3 0.9925 0.745 0.00750001 0.0288888 0.0050621
0 0.318281 0.0246181 0.0340625 0.0414583 0.00466537
2 0.88625 0.0529167 0.02875 0.0558333 0.00457382
2 0.368125 0.126632 0.0275 0.0795139 0.00453949
0 0.317188 0.0670139 0.043125 0.06375 0.00441742
1 0.0724219 0.0796528 0.0935938 0.157361 0.00436401
2 0.203906 0.0875 0.0359375 0.0586111 0.00419998
2 0.200781 0.224028 0.0465625 0.0747222 0.00413513
0 0.91625 0.0715278 0.0525 0.0613889 0.00388527
0 0.221875 0.0372917 0.035625 0.0476389 0.00379562
3 0.97 0.732222 0.00750001 0.0422223 0.00376511
0 0.330938 0.0320139 0.02125 0.0425 0.00317192
0 0.246563 0.0264931 0.029375 0.0392361 0.00282288
2 0.8975 0.0866667 0.0275 0.0547222 0.00282288
2 0.885 0.0363889 0.015 0.0536111 0.00275803
0 0.259688 0.0563194 0.043125 0.0654167 0.00265312
2 0.363125 0.118194 0.03875 0.0811111 0.00221634
0 0.199375 0.0904167 0.038125 0.0566667 0.00217438
2 0.893125 0.0446528 0.02375 0.0536111 0.00213242
0 0.0524121 0.0432118 0.0520508 0.0766319 0.00205803
0 0.715 0.271944 0.07 0.12 0.00204277
0 0.89875 0.0997222 0.03125 0.0847222 0.00192642
2 0.896875 0.0500174 0.01375 0.0455208 0.00178242
0 0.886875 0.0851389 0.05375 0.0583333 0.00178242
2 0.207031 0.216389 0.0534375 0.085 0.00168705
0 0.0942383 0.113611 0.0487109 0.0825 0.00161076
0 0.312188 0.0215972 0.03625 0.0368056 0.0015974
3 0.99 0.696667 0.00499999 0.0244445 0.00158501
0 0.906875 0.0872222 0.07 0.0794444 0.00154877
0 0.835 0.0941667 0.05125 0.0841667 0.00154877
0 0.3625 0.0218056 0.03 0.0356944 0.00145531
0 0.690625 0.0241319 0.0325 0.0336806 0.00142097
0 0.0653125 0.0726389 0.0420313 0.0525 0.00129414
0 0.100938 0.0606944 0.0390625 0.0536111 0.00124454
0 0.0645703 0.0527951 0.0392969 0.0507986 0.00122547
0 0.0484277 0.0591493 0.040957 0.0578125 0.00119686
7 0.0289453 0.924444 0.0577344 0.148889 0.00116062
7 0.99125 0.736667 0.00625 0.0222222 0.00115585
1 0.0534375 0.0137847 0.0475 0.0275694 0.00111198
2 0.945625 0.128194 0.03375 0.0477778 0.00110722
0 0.239063 0.0477083 0.020625 0.05625 0.0011034
0 0.0632813 0.114757 0.0582813 0.0860417 0.00106525
1 0.0541016 0.0191059 0.0478906 0.0360937 0.00104046
2 0.9075 0.0459028 0.045 0.0573611 0.00104046
0 0.94875 0.107639 0.0775 0.0755556 0.00100422
