0 0.298125 0.761111 0.180625 0.291111 0.958984
0 0.52 0.863333 0.1875 0.273333 0.95752
0 0.234688 0.377222 0.1025 0.16 0.92041
0 0.49 0.0932639 0.12625 0.0898611 0.915527
0 0.609688 0.042934 0.076875 0.0630208 0.898926
0 0.0390625 0.282153 0.0775781 0.143472 0.898926
0 0.141094 0.073125 0.0490625 0.06625 0.878418
0 0.256719 0.0517361 0.0434375 0.0681944 0.868164
0 0.197813 0.0615972 0.04625 0.0706944 0.847168
0 0.32875 0.0328472 0.0425 0.0541667 0.827637
0 0.168906 0.0472917 0.0396875 0.0583333 0.816406
0 0.2925 0.0589583 0.04875 0.0684722 0.800781
0 0.314219 0.100069 0.0715625 0.0754167 0.764648
0 0.231875 0.0329861 0.0371875 0.0543056 0.760742
0 0.349063 0.0196615 0.031875 0.0387326 0.649414
0 0.528125 0.0118403 0.03125 0.0236806 0.59082
0 0.00646484 0.178056 0.012832 0.0763889 0.515625
3 0.97 0.734444 0.00750001 0.0377778 0.053009
0 0.00606934 0.203611 0.0120801 0.100556 0.0440063
0 0.34125 0.021467 0.02875 0.0397049 0.0435181
0 0.00946777 0.195 0.0189355 0.107222 0.0235138
3 0.56875 0.574444 0.0325 0.203333 0.0185852
0 0.526875 0.0162153 0.03375 0.0317361 0.0170441
0 0.310313 0.0192969 0.03375 0.0376563 0.00831604
0 0.0492188 0.0436111 0.0453906 0.0572222 0.00809479
2 0.9925 0.761111 0.00750001 0.02 0.00634003
2 0.81125 0.0202083 0.0125 0.0356944 0.00619125
0 0.0157129 0.193056 0.0314258 0.0988889 0.005867
3 0.99125 0.762222 0.00749995 0.02 0.00572968
0 0.313125 0.0238889 0.03125 0.0436111 0.00551224
0 0.0069043 0.233472 0.0137305 0.0869444 0.00387001
0 0.011123 0.224306 0.022207 0.101944 0.00362206
2 0.835 0.0217361 0.02625 0.0377778 0.00351143
0 0.201875 0.0895833 0.0375 0.0602778 0.00322342
0 0.295313 0.0468056 0.044375 0.0493056 0.0028553
0 0.0162598 0.180833 0.0280664 0.0772222 0.00247192
0 0.20875 0.0966667 0.04875 0.0775 0.00218201
0 0.017998 0.228889 0.035918 0.0811111 0.00216484
0 0.36625 0.0152865 0.0275 0.0298437 0.00214958
0 0.0464063 0.0499306 0.0389844 0.0561111 0.00209999
0 0.00520508 0.141632 0.0104102 0.0761806 0.00208282
3 0.493125 0.0372569 0.00812499 0.0504861 0.0020504
0 0.207344 0.0811111 0.0328125 0.06 0.00195694
3 0.9475 0.738333 0.00875003 0.03 0.00176144
0 0.049375 0.0129861 0.0359375 0.0259722 0.0014782
2 0.44875 0.115868 0.03625 0.0621528 0.00116062
0 0.21625 0.0959722 0.0421875 0.0808333 0.00115585
1 0.0672656 0.0869444 0.0889063 0.171111 0.00106049
2 0.8075 0.0165972 0.0175 0.0306944 0.00103664
0 0.530625 0.0209375 0.0325 0.0360417 0.00103664
