0 0.0694531 0.815556 0.138906 0.351111 0.95752
0 0.93875 0.428333 0.1225 0.203333 0.95166
0 0.215938 0.466944 0.134688 0.201667 0.95166
0 0.55 0.253403 0.16875 0.136528 0.930176
0 0.14125 0.0725694 0.0490625 0.0669444 0.888672
0 0.257813 0.0531771 0.045625 0.0700347 0.878418
0 0.109219 0.287153 0.131563 0.122361 0.878418
0 0.197188 0.0638194 0.045 0.0751389 0.865234
0 0.561875 0.132917 0.1475 0.108889 0.856934
0 0.125859 0.220139 0.152969 0.0997222 0.852051
0 0.274688 0.0924306 0.049375 0.0784722 0.836426
0 0.50125 0.0465278 0.03625 0.0627778 0.817383
0 0.331875 0.0322569 0.033125 0.0520139 0.810547
0 0.169063 0.0463889 0.0375 0.0588889 0.809082
0 0.849375 0.0736805 0.0975 0.0668056 0.689453
0 0.30125 0.0553472 0.04 0.0738889 0.651367
2 0.0546484 0.17625 0.0373438 0.0866667 0.62793
2 0.185938 0.162222 0.0353125 0.0738889 0.575684
0 0.55125 0.0104514 0.03 0.0195833 0.565918
0 0.240625 0.0307552 0.039375 0.0583507 0.541016
5 0.075 0.121076 0.0851563 0.0928472 0.480469
0 0.354375 0.0146181 0.03125 0.0292361 0.377441
0 0.310938 0.0426563 0.03625 0.0552431 0.242188
0 0.8375 0.0774306 0.0750001 0.06125 0.216675
0 0.54875 0.0131944 0.025 0.0263889 0.134277
0 0.0757422 0.381111 0.0635156 0.117778 0.0562439
0 0.364375 0.0113542 0.02625 0.0224306 0.0334778
2 0.587188 0.169167 0.050625 0.0733333 0.032959
2 0.88 0.0690278 0.04 0.0616667 0.0313721
2 0.59625 0.171389 0.02875 0.0638889 0.0306702
0 0.55125 0.0177083 0.030625 0.0327083 0.0284424
2 0.231563 0.3325 0.065625 0.0916667 0.0206451
2 0.406563 0.0601215 0.035625 0.0592014 0.0200195
0 0.231875 0.0458333 0.035 0.0590278 0.0196381
0 0.325547 0.0359722 0.0389063 0.0518056 0.0161591
0 0.308125 0.0191667 0.028125 0.0327778 0.0154877
0 0.88 0.0697222 0.04 0.0608333 0.0134277
0 0.224219 0.0386111 0.0325 0.0477778 0.0127716
7 0.98 0.854445 0.00750001 0.0244445 0.0124817
2 0.0573828 0.193611 0.0420313 0.0922222 0.0115967
0 0.319531 0.0529167 0.0365625 0.0515278 0.00959778
1 0.06625 0.0561285 0.0775 0.109965 0.00941467
3 0.48875 0.0488889 0.01 0.0563889 0.00901794
0 0.0507715 0.0688889 0.040332 0.0577778 0.0086441
1 0.0716797 0.0768056 0.0844531 0.151389 0.00854492
5 0.0762891 0.0840278 0.0919531 0.165833 0.00831604
2 0.0503125 0.170556 0.0367188 0.0769444 0.00812531
0 0.235938 0.0364236 0.0425 0.0599306 0.00712204
2 0.8925 0.0602083 0.0325 0.0576389 0.00703812
0 0.0500391 0.0415104 0.0435937 0.0633681 0.0069313
0 0.371875 0.0109375 0.03125 0.021875 0.00612259
0 0.589688 0.33 0.07125 0.0933333 0.00612259
0 0.96625 0.13191 0.0675 0.106736 0.00582123
0 0.373438 0.0119097 0.023125 0.0238194 0.00572968
0 0.36 0.0182292 0.03375 0.0351389 0.0053215
0 0.248438 0.0422049 0.028125 0.0497569 0.0051384
1 0.0613672 0.0436111 0.0680469 0.0830556 0.00479126
0 0.314063 0.0622222 0.035625 0.0609722 0.00475693
2 0.0838281 0.188194 0.0634375 0.108611 0.00475693
0 0.4 0.0590972 0.045 0.0618056 0.0042305
0 0.98 0.345278 0.04 0.0938889 0.00413513
2 0.91125 0.0536285 0.015 0.0485764 0.00376511
0 0.230313 0.0302083 0.04125 0.0495833 0.00329781
2 0.906875 0.0506771 0.0225 0.0480903 0.00321007
2 0.180625 0.171111 0.045 0.0861111 0.00305176
1 0.0603516 0.0328125 0.0608594 0.0613194 0.00300407
0 0.249063 0.0147222 0.02875 0.0294444 0.00294685
2 0.0638672 0.173056 0.0503906 0.0944444 0.00287819
2 0.88625 0.0856944 0.0275 0.0494444 0.00275803
0 0.974375 0.355 0.05125 0.112222 0.00275803
0 0.0567188 0.07625 0.0492188 0.0644444 0.00271416
2 0.915 0.0560938 0.025 0.0500347 0.00270462
0 0.384375 0.0588889 0.08 0.0911111 0.00268364
2 0.1325 0.162222 0.0196875 0.0772222 0.00265312
0 0.0698828 0.0718056 0.0407031 0.0544444 0.00263214
0 0.0453125 0.0730556 0.0322656 0.0527778 0.00251198
2 0.8125 0.0815278 0.0250001 0.0494444 0.0024147
2 0.084043 0.172361 0.0559766 0.1 0.0024147
0 0.347188 0.0177083 0.025625 0.0354167 0.00230598
0 0.0625 0.0704167 0.0476563 0.0547222 0.00217438
0 0.0726465 0.125972 0.0779883 0.0766667 0.00214958
0 0.198438 0.0527083 0.036875 0.0545833 0.00213242
0 0.062041 0.0855556 0.0579492 0.07 0.00206757
0 0.0441016 0.0543056 0.0314844 0.0605556 0.00198746
0 0.304375 0.072066 0.04 0.0728125 0.00198746
2 0.0693066 0.147917 0.0629492 0.0783333 0.00194168
2 0.0792188 0.149167 0.0740625 0.0633333 0.00194168
0 0.965625 0.37 0.0687499 0.0977778 0.00192642
0 0.968125 0.352778 0.0625 0.0672222 0.00179577
2 0.145938 0.171389 0.0459375 0.09 0.00178909
2 0.90375 0.0447917 0.03125 0.0520833 0.00174809
0 0.00345947 0.18 0.00691895 0.0438889 0.00174141
0 0.044375 0.68 0.0834375 0.0888889 0.00174141
0 0.5925 0.321667 0.08875 0.11 0.00154305
0 0.394375 0.0581944 0.05875 0.0686111 0.00153637
0 0.0646094 0.0522222 0.0409375 0.0477778 0.00150108
2 0.0451953 0.154028 0.0258594 0.0622222 0.00148964
0 0.280313 0.0213194 0.0296875 0.0330556 0.00147247
0 0.0130078 0.708333 0.0260156 0.144444 0.00139904
2 0.92 0.0551215 0.0325 0.0503125 0.00136185
0 0.93875 0.0441667 0.0625 0.0701389 0.00135612
0 0.0558691 0.11625 0.047793 0.0805556 0.00134563
0 0.87875 0.0865972 0.0425001 0.0576389 0.00134563
2 0.4925 0.0473785 0.0175 0.0577431 0.00132465
2 0.410625 0.0648611 0.02625 0.0494444 0.00132465
2 0.9125 0.0646528 0.0375 0.0595833 0.00131989
2 0.82375 0.0756944 0.0475 0.0519444 0.00129414
2 0.4075 0.0803472 0.035 0.0795833 0.00126457
2 0.90375 0.0531944 0.0300001 0.0516667 0.00124454
0 0.825 0.0808333 0.0500001 0.0527778 0.0012064
2 0.265625 0.106319 0.03 0.0801389 0.00119686
2 0.8575 0.0706771 0.085 0.065868 0.00119686
0 0.592188 0.139132 0.08625 0.095625 0.0011158
0 0.0470703 0.0605382 0.036875 0.0619792 0.00109863
2 0.132813 0.149167 0.0204688 0.0702778 0.00107288
2 0.259531 0.114861 0.0259375 0.0772222 0.00104809
0 0.00719727 0.296667 0.0142969 0.06 0.00103664
