0 0.138281 0.544583 0.164688 0.226389 0.955566
0 0.943125 0.430556 0.11375 0.191111 0.950195
0 0.126172 0.296944 0.131406 0.129444 0.931641
0 0.976875 0.0884028 0.04625 0.0643056 0.898926
0 0.197656 0.0609896 0.0459375 0.0702431 0.863281
0 0.16 0.058125 0.043125 0.0623611 0.839844
0 0.277188 0.0327083 0.041875 0.0579167 0.837402
0 0.3175 0.0422917 0.04875 0.0731944 0.835449
0 0.28375 0.0888889 0.0425 0.0738889 0.79834
0 0.345625 0.0226389 0.035 0.045 0.78125
2 0.92 0.294722 0.075 0.123333 0.657715
0 0.365313 0.0113889 0.0275 0.0227778 0.307373
0 0.00663086 0.944444 0.0132617 0.111111 0.251709
0 0.00503418 0.0611806 0.0100488 0.0545833 0.176636
2 0.885 0.257847 0.0725 0.0820833 0.0827026
0 0.00447998 0.0508507 0.00895996 0.0571875 0.0596619
2 0.884375 0.280833 0.07125 0.116667 0.053009
0 0.00447266 0.0777778 0.00894531 0.0633333 0.0524292
2 0.946875 0.244306 0.02625 0.0913889 0.0379028
0 0.00806152 0.928333 0.0159668 0.143333 0.0289764
2 0.93875 0.252292 0.0425 0.105417 0.0222931
0 0.192656 0.0436111 0.0325 0.0393056 0.0194244
0 0.257656 0.0288889 0.03125 0.0506944 0.0171814
0 0.90125 0.286111 0.105 0.136667 0.012825
0 0.286563 0.0153125 0.0271875 0.0289583 0.0125275
0 0.363438 0.0174653 0.026875 0.0333333 0.00985718
0 0.243125 0.0304167 0.019375 0.0516667 0.00769424
2 0.9275 0.245972 0.065 0.0836111 0.00712204
0 0.312344 0.0152431 0.0303125 0.0267361 0.0068512
0 0.0166797 0.0557118 0.0332031 0.0546875 0.00664139
2 0.8125 0.0171875 0.01 0.0303472 0.00643921
2 0.90125 0.288403 0.10625 0.136528 0.00612259
0 0.00636719 0.0731944 0.0127344 0.0666667 0.00572968
0 0.37 0.0135069 0.0275 0.0270139 0.0055542
0 0.0705469 0.0705556 0.0420313 0.0519444 0.00553513
2 0.145625 0.427778 0.016875 0.0622222 0.00538635
2 0.90875 0.317222 0.05625 0.0911111 0.00526047
0 0.257188 0.0261458 0.0375 0.0411806 0.00519943
0 0.101641 0.0739583 0.0420313 0.0534722 0.0046463
2 0.94875 0.233611 0.01875 0.0738889 0.00450516
0 0.23125 0.0328472 0.03375 0.0536111 0.0037365
0 0.214375 0.0300694 0.028125 0.0440278 0.00274658
0 0.903125 0.243611 0.11125 0.0872222 0.00269318
0 0.0689844 0.0623611 0.0378125 0.045 0.00253105
0 0.0118262 0.0748611 0.023418 0.0630556 0.00225258
0 0.23125 0.0210503 0.031875 0.0390104 0.00214958
0 0.274375 0.0266667 0.035 0.0477778 0.00209999
0 0.0510938 0.0417361 0.0465625 0.0538889 0.00209045
2 0.815 0.015408 0.01375 0.0289063 0.00208282
2 0.150078 0.445556 0.0235938 0.065 0.00200272
0 0.00376953 0.104514 0.00753906 0.0704167 0.00164223
2 0.901875 0.299444 0.05375 0.118333 0.00151253
0 0.371875 0.0120486 0.035 0.023125 0.0014782
0 0.297188 0.0148264 0.0209375 0.0296528 0.00146103
0 0.0117773 0.907778 0.0235547 0.184444 0.00138855
0 0.254688 0.07375 0.0325 0.0683333 0.00132465
0 0.2125 0.0242014 0.0275 0.0371528 0.00125504
2 0.81375 0.0509028 0.0175 0.0683333 0.0012064
0 0.139453 0.0594444 0.0442188 0.05 0.00110722
2 0.93875 0.337222 0.0325 0.0655555 0.00102043
0 0.0583203 0.0510937 0.036875 0.0433681 0.00101662
2 0.81375 0.0199306 0.01125 0.0358333 0.00100803
