0 0.0490625 0.87 0.0978125 0.26 0.946289
0 0.203398 0.444444 0.133203 0.178889 0.944824
0 0.657656 0.304722 0.182188 0.138889 0.930664
0 0.96625 0.479167 0.0675 0.210556 0.926758
0 0.305625 0.2375 0.156875 0.130556 0.918945
0 0.257656 0.054566 0.0446875 0.0661458 0.872559
0 0.142031 0.0715278 0.0475 0.0672222 0.855957
0 0.465625 0.0791667 0.086875 0.0705556 0.848145
0 0.196875 0.063125 0.046875 0.0743056 0.847168
2 0.471875 0.186111 0.053125 0.0927778 0.841797
2 0.71625 0.219444 0.0525 0.100556 0.822266
2 0.214688 0.188194 0.043125 0.0877778 0.799316
0 0.591875 0.0220486 0.03875 0.0429861 0.770508
0 0.743125 0.0547049 0.1025 0.0775347 0.766113
0 0.28625 0.0909722 0.0671875 0.0922222 0.751953
0 0.179648 0.040816 0.0400781 0.0558681 0.749023
0 0.31 0.055816 0.0425 0.0594792 0.744629
0 0.258125 0.0184028 0.038125 0.0363889 0.692871
2 0.113438 0.13309 0.0290625 0.0699305 0.692871
0 0.335313 0.0238889 0.03875 0.0461111 0.6875
0 0.279063 0.0855556 0.0525 0.0811111 0.556641
0 0.00855469 0.202778 0.0169531 0.0761111 0.401611
0 0.357188 0.0131424 0.031875 0.0262847 0.37207
0 0.214688 0.189028 0.0428125 0.0869444 0.290283
0 0.9675 0.3575 0.065 0.113889 0.112793
0 0.966875 0.342222 0.06625 0.0805556 0.0589905
0 0.9675 0.326111 0.065 0.107778 0.0368958
0 0.338438 0.0311806 0.03875 0.0481944 0.0351562
0 0.6125 0.0186806 0.02875 0.0373611 0.0335999
0 0.365 0.0119358 0.029375 0.022934 0.0275879
0 0.00730957 0.228056 0.0146191 0.113889 0.0275879
3 0.991875 0.757778 0.00750001 0.0288889 0.0160217
0 0.31125 0.025625 0.0375 0.0451389 0.0157776
0 0.82 0.0645833 0.0925 0.0555556 0.0152512
0 0.290938 0.105694 0.058125 0.0802778 0.0151291
2 0.814375 0.104722 0.0125 0.0536111 0.0144501
0 0.0989844 0.0886111 0.0457813 0.0630556 0.0131226
0 0.605625 0.0192361 0.0425001 0.0384722 0.0126266
2 0.288906 0.113472 0.053125 0.0686111 0.012146
0 0.00628906 0.241389 0.0125781 0.123333 0.0118256
2 0.280469 0.1175 0.0396875 0.0633333 0.00993347
0 0.76625 0.0487326 0.05625 0.0617014 0.00919342
0 0.00542969 0.271597 0.0108594 0.0934722 0.00905609
1 0.0625391 0.0563889 0.0707031 0.109722 0.00905609
3 0.97125 0.737778 0.00750001 0.0355556 0.00891876
0 0.196563 0.0827778 0.043125 0.0502778 0.00841522
0 0.80375 0.0658333 0.0625 0.0472222 0.00815582
3 0.312656 0.112639 0.0146875 0.0808333 0.00790405
2 0.107578 0.130521 0.0410938 0.0795139 0.00769424
0 0.0689063 0.0801389 0.0439063 0.0558333 0.00731659
0 0.788125 0.0630382 0.18125 0.0839236 0.00706482
0 0.282656 0.07375 0.0409375 0.0616667 0.0069046
0 0.306563 0.0207552 0.033125 0.0396007 0.00671768
0 0.360625 0.0172569 0.03375 0.0335417 0.00568771
0 0.195 0.0534028 0.038125 0.0581944 0.00551224
3 0.31375 0.138333 0.01375 0.0883333 0.0050621
0 0.820625 0.0736111 0.085 0.065 0.00460815
3 0.115234 0.101181 0.0154687 0.05375 0.00460815
0 0.815 0.0638715 0.1175 0.0767014 0.0041008
5 0.308125 0.0192274 0.034375 0.0382118 0.00382423
2 0.8125 0.0168056 0.01 0.0244444 0.00341606
0 0.796875 0.0571528 0.0687501 0.0609722 0.00305176
2 0.995 0.824444 0.00999997 0.0377778 0.00300407
0 0.0083252 0.175 0.0166504 0.0733333 0.00298119
0 0.80875 0.0522917 0.0725 0.0529167 0.00296974
0 0.9775 0.330833 0.0449999 0.09 0.0028553
5 0.73875 0.848889 0.0725 0.14 0.00273705
2 0.813125 0.0798611 0.01625 0.0513889 0.00257111
0 0.0610547 0.0856944 0.0564844 0.0594444 0.00251198
0 0.8725 0.0804167 0.04625 0.0622222 0.00243378
1 0.0561621 0.0386806 0.0561133 0.0680556 0.00228691
2 0.9925 0.756667 0.00750001 0.03 0.00225258
0 0.79 0.0611111 0.04 0.0597222 0.00218201
0 0.0515234 0.0421007 0.0469531 0.0602431 0.00214958
0 0.836875 0.0616667 0.0625 0.0572222 0.00214958
0 0.77625 0.0799306 0.1575 0.116528 0.00209999
1 0.0779688 0.0595833 0.102656 0.117778 0.0020752
0 0.304688 0.0418056 0.041875 0.0416667 0.0020504
1 0.0590234 0.0298958 0.0569531 0.0557639 0.00198746
0 0.0609375 0.0863194 0.0625 0.0848611 0.00191212
0 0.37125 0.0142708 0.030625 0.0285417 0.00184631
0 0.00892578 0.188889 0.0178516 0.110556 0.00181007
2 0.91875 0.0645833 0.02125 0.0602778 0.00179577
0 0.101172 0.0742361 0.0445313 0.0618056 0.00175476
0 0.295625 0.065625 0.04375 0.0604167 0.0016613
2 0.8075 0.1125 0.025 0.0658333 0.00156116
0 0.00661133 0.266944 0.0132227 0.110556 0.00153065
2 0.266875 0.123576 0.03125 0.0717361 0.0014782
0 0.0040625 0.342222 0.008125 0.0777778 0.00146675
2 0.83375 0.0193403 0.025 0.0328472 0.00140476
2 0.813125 0.115139 0.0137499 0.0633333 0.00136662
2 0.273125 0.148646 0.041875 0.113819 0.00136662
2 0.8225 0.0183333 0.0125 0.0316667 0.00135612
0 0.83625 0.0431944 0.055 0.06 0.00135612
2 0.100449 0.0909028 0.0456641 0.0748611 0.00135136
0 0.0720703 0.481111 0.101328 0.0844444 0.00130463
0 0.00550781 0.324167 0.0110156 0.0905556 0.0012846
0 0.00517578 0.336667 0.0103516 0.08 0.00127411
2 0.82375 0.02 0.0275 0.0354861 0.00126457
0 0.00885742 0.249167 0.0174414 0.113333 0.00123501
0 0.37375 0.0105556 0.0325 0.0195833 0.00119686
3 0.46375 0.165694 0.028125 0.0547222 0.00114727
2 0.99375 0.752222 0.00750001 0.0377778 0.00113392
0 0.968125 0.303056 0.0625 0.121667 0.00112438
2 0.273438 0.0934722 0.0421875 0.0841667 0.00110722
0 0.0536816 0.096875 0.0431055 0.0584722 0.0011034
2 0.915 0.0525694 0.015 0.0531944 0.00109863
0 0.9625 0.698889 0.025 0.0255556 0.00106049
0 0.0497559 0.0108681 0.0367383 0.0217361 0.00103188
2 0.85125 0.0352778 0.0175 0.0527778 0.00103188
0 0.100762 0.0983333 0.0450391 0.0636111 0.00103188
