2 0.476875 0.460833 0.105 0.178333 0.958496
0 0.297813 0.761111 0.180625 0.288889 0.958008
0 0.520625 0.752222 0.16125 0.306667 0.951172
0 0.73625 0.826667 0.185 0.326667 0.950684
0 0.7875 0.094375 0.11 0.0834722 0.914062
0 0.35625 0.120139 0.12 0.0936111 0.904785
0 0.1975 0.0625 0.04625 0.0725 0.884766
0 0.258125 0.0511806 0.0453125 0.0679167 0.878418
0 0.141953 0.0720833 0.0476563 0.0663889 0.877441
0 0.915 0.113472 0.105 0.0752778 0.864258
0 0.606875 0.0186458 0.035625 0.0372917 0.841797
0 0.769375 0.986667 0.16875 0.0244445 0.834473
0 0.755 0.0251476 0.035 0.0491493 0.818848
0 0.168398 0.0465104 0.0382031 0.0572569 0.810547
2 0.584375 0.0770833 0.035625 0.0630556 0.809082
2 0.433125 0.429722 0.080625 0.161667 0.768555
0 0.0241602 0.295486 0.0482422 0.0890278 0.762207
0 0.233125 0.0321528 0.039375 0.0544444 0.733887
2 0.509375 0.073125 0.045 0.0718056 0.726562
0 0.298438 0.0272222 0.041875 0.0529167 0.697754
2 0.9875 0.0646528 0.0249999 0.0669444 0.632324
2 0.7175 0.061875 0.03875 0.0595833 0.562988
2 0.4275 0.446111 0.06875 0.128889 0.523438
0 0.9875 0.0948611 0.0249999 0.0738889 0.5
0 0.7575 0.065 0.0425 0.0533333 0.368408
0 0.00698242 0.0563889 0.0138477 0.0522222 0.352295
0 0.024668 0.316111 0.0493359 0.128889 0.339844
2 0.88125 0.76 0.02 0.0433333 0.188354
0 0.329688 0.0186111 0.035 0.0370139 0.125488
0 0.33125 0.0247135 0.03375 0.0461285 0.11084
2 0.81125 0.0183333 0.00750001 0.0305556 0.107788
0 0.761875 0.06625 0.05875 0.0541667 0.0974121
2 0.440313 0.402222 0.053125 0.116667 0.0907593
0 0.71875 0.065 0.0425 0.05875 0.0869141
0 0.75875 0.063125 0.0475 0.0394445 0.0538025
2 0.473125 0.408889 0.0325 0.0944444 0.0450134
2 0.8125 0.0207639 0.00750001 0.0344444 0.0417786
0 0.345938 0.0102083 0.025625 0.0202778 0.0379028
0 0.34375 0.0125694 0.03 0.0251389 0.0248871
0 0.0448047 0.0440972 0.0372656 0.0506944 0.024704
0 0.725 0.0096875 0.035 0.0174306 0.0201721
0 0.336875 0.0147396 0.0275 0.0294792 0.0192719
3 0.9925 0.761111 0.00750001 0.0222222 0.0175781
2 0.834375 0.0152083 0.01875 0.0247222 0.0170441
0 0.230938 0.0743056 0.031875 0.0591667 0.0142288
0 0.74375 0.0182465 0.0525 0.0364931 0.0124283
2 0.99125 0.0558333 0.0175 0.0636111 0.012291
0 0.0482422 0.0386806 0.0328906 0.0519444 0.012146
0 0.76875 0.989444 0.17 0.021111 0.0108185
2 0.71375 0.0425 0.015 0.0405556 0.0100098
3 0.87125 0.726667 0.00625 0.0288889 0.00923157
0 0.736875 0.00951389 0.02625 0.0190278 0.00857544
0 0.298906 0.0606944 0.0434375 0.0644445 0.00790405
3 0.589375 0.0616667 0.023125 0.0629167 0.00701141
2 0.470313 0.394444 0.035625 0.0866667 0.00682449
0 0.00508301 0.0761111 0.010166 0.0713889 0.00609589
2 0.449688 0.388333 0.048125 0.0966667 0.00598145
0 0.75125 0.987778 0.13 0.0211112 0.00584412
0 0.00697266 0.0720139 0.0139453 0.0716667 0.00584412
3 0.968125 0.694444 0.00875003 0.0288889 0.00559998
2 0.7175 0.04625 0.03 0.0522222 0.00551224
0 0.0576172 0.0431944 0.0424219 0.0551389 0.00524139
0 0.99125 0.102847 0.0175 0.0798611 0.00488663
0 0.7275 0.0614583 0.0550001 0.0584722 0.00482941
0 0.700625 0.986667 0.05125 0.0266666 0.00482941
5 0.0249609 0.655556 0.0499219 0.166667 0.00479126
0 0.749375 0.0191667 0.0300001 0.0383333 0.00471878
2 0.78 0.642778 0.0225 0.0855556 0.00436401
0 0.299063 0.0199306 0.038125 0.0398611 0.00428009
2 0.785 0.651111 0.0375 0.0933333 0.0042305
2 0.45375 0.377222 0.035 0.0777778 0.0037365
2 0.9925 0.762222 0.00750001 0.02 0.0037365
2 0.7 0.0116667 0.00750001 0.0233333 0.00366402
3 0.448125 0.396667 0.01875 0.111111 0.00342941
0 0.736875 0.0897222 0.04375 0.0511111 0.00314713
3 0.45125 0.376667 0.02375 0.0766667 0.00307465
0 0.300156 0.0724306 0.0390625 0.0790278 0.00300407
2 0.513438 0.0808333 0.03875 0.0616667 0.00300407
0 0.010293 0.0676389 0.0205078 0.0627778 0.0029583
0 0.0163574 0.0624826 0.0327148 0.0583681 0.00277901
3 0.939375 0.707778 0.00625 0.0222222 0.00276756
0 0.791875 0.987778 0.1225 0.0222222 0.00275803
0 0.327188 0.0315278 0.040625 0.0541667 0.0027256
0 0.300938 0.0368056 0.039375 0.0609722 0.00269318
0 0.714375 0.0113194 0.0325 0.02125 0.00268364
0 0.875 0.125139 0.05 0.0497222 0.00237846
0 0.0178125 0.0503993 0.0345703 0.0483681 0.00228691
2 0.749375 0.09 0.0612501 0.0519444 0.00228691
2 0.454375 0.433889 0.118125 0.173333 0.00227928
2 0.8375 0.0128125 0.0225 0.02375 0.00226974
3 0.451875 0.346667 0.01625 0.0711111 0.00226974
3 0.446875 0.372222 0.015 0.0666667 0.00226974
2 0.4775 0.421111 0.036875 0.102222 0.00226021
2 0.78125 0.657222 0.0275 0.0955556 0.00219917
0 0.0248828 0.348056 0.0497656 0.196111 0.00219917
0 0.342188 0.0243142 0.035 0.0462326 0.00214005
0 0.730625 0.0831944 0.0425001 0.0530556 0.00209999
0 0.00851563 0.0504167 0.0170313 0.0538889 0.00192642
2 0.81375 0.0319444 0.0125 0.0483333 0.00189686
3 0.97625 0.876667 0.00625 0.0222222 0.00171375
2 0.809375 0.0226389 0.0125 0.0365278 0.00169373
2 0.77625 0.651111 0.03625 0.0888889 0.00157356
2 0.995 0.823333 0.00750001 0.0288889 0.00148964
7 0.98 0.853333 0.00750001 0.0266667 0.0014782
2 0.521875 0.101181 0.02125 0.0756944 0.00144386
0 0.983125 0.732222 0.02 0.0255555 0.00144386
3 0.9475 0.738889 0.00875003 0.0266667 0.00139427
2 0.81 0.0179167 0.0125 0.0305556 0.00137806
2 0.94625 0.735556 0.00750001 0.02 0.00130463
0 0.585 0.0738889 0.0325 0.0636111 0.00123501
2 0.147969 0.423889 0.0809375 0.142222 0.00121593
5 0.0244727 0.365278 0.0489453 0.235 0.00120163
0 0.6025 0.0158507 0.03875 0.0317014 0.00118828
7 0.58875 0.8 0.0225 0.0888889 0.00118828
2 0.43125 0.497222 0.046875 0.112222 0.00117874
2 0.953125 0.69 0.00874996 0.0277778 0.00117874
0 0.258125 0.0734028 0.040625 0.05125 0.0011692
3 0.954375 0.697778 0.0125 0.0333333 0.00112915
3 0.99375 0.77 0.00625 0.0333333 0.00107288
2 0.59 0.0916667 0.02625 0.0669444 0.00106525
3 0.93 0.726667 0.00750001 0.0222222 0.00104809
