0 0.298281 0.760556 0.180313 0.287778 0.959961
0 0.0778516 0.757778 0.155078 0.28 0.954102
0 0.736875 0.824444 0.1825 0.322222 0.95166
2 0.44375 0.451111 0.09875 0.16 0.945801
0 0.520625 0.748889 0.16125 0.304444 0.944336
0 0.711875 0.112465 0.125 0.0878472 0.928223
2 0.375625 0.412222 0.073125 0.15 0.916016
0 0.413438 0.114757 0.12875 0.084375 0.902832
0 0.141797 0.0718056 0.0489063 0.0666667 0.882324
0 0.2575 0.0522222 0.045 0.0691667 0.881836
0 0.196875 0.0635417 0.045625 0.0722222 0.859863
0 0.768125 0.985556 0.17375 0.0266667 0.855957
0 0.287188 0.030625 0.0384375 0.0541667 0.825684
0 0.531875 0.223194 0.17625 0.114167 0.794434
0 0.232813 0.0370486 0.038125 0.0550694 0.791992
0 0.169844 0.0467882 0.035625 0.0575347 0.779785
0 0.98125 0.101944 0.0374999 0.0680556 0.762207
0 0.307813 0.0176736 0.035 0.0353472 0.649414
2 0.9875 0.0616667 0.0225 0.0431944 0.368408
0 0.0917188 0.0145052 0.0410937 0.0277951 0.32251
0 0.443438 0.449444 0.098125 0.16 0.313232
0 0.219844 0.023125 0.0359375 0.0431944 0.299072
0 0.0736719 0.0321528 0.0375 0.0440278 0.177246
0 0.267813 0.0177778 0.029375 0.0338194 0.157715
0 0.9875 0.0611111 0.0249999 0.0438889 0.0970459
2 0.808125 0.0140799 0.015 0.0281597 0.0875854
2 0.98875 0.0527951 0.0225 0.0605208 0.0863037
0 0.0939844 0.0154514 0.0329688 0.0309028 0.0820923
2 0.753125 0.0150087 0.01125 0.027066 0.069519
2 0.0261719 0.611667 0.0517188 0.13 0.0474243
2 0.0274023 0.627222 0.0470703 0.0877778 0.0302124
2 0.0271484 0.646667 0.0528906 0.126667 0.0282135
2 0.7525 0.0186111 0.015 0.0340278 0.0280151
2 0.4575 0.588333 0.055 0.116667 0.0266571
0 0.0876563 0.0192361 0.0379688 0.0345139 0.0246124
2 0.455 0.0759028 0.033125 0.0425 0.0232391
2 0.0316992 0.617778 0.0546484 0.0911111 0.0181274
0 0.0671484 0.0383507 0.0428906 0.0549653 0.0158997
2 0.75125 0.0130208 0.01625 0.0228472 0.0130234
0 0.0610059 0.0470139 0.0558008 0.0665278 0.0108185
0 0.985 0.0820833 0.02875 0.0516667 0.0106964
2 0.0273828 0.590556 0.0459375 0.136667 0.0105286
2 0.80875 0.0221181 0.015 0.0428472 0.0104065
0 0.031875 0.678889 0.0628906 0.124444 0.01017
2 0.0303906 0.616667 0.0401563 0.0866667 0.00894928
0 0.7 0.986111 0.0475 0.0277778 0.00821686
2 0.35 0.0813889 0.053125 0.0747222 0.00803375
0 0.87375 0.14059 0.0475 0.069375 0.00796509
0 0.2625 0.0462674 0.035625 0.0616319 0.0078125
2 0.75375 0.0284635 0.0125 0.0525174 0.00734711
0 0.026582 0.657778 0.0487109 0.0933334 0.0068512
0 0.9925 0.103889 0.015 0.0738889 0.00682449
0 0.7675 0.986111 0.1725 0.0277778 0.00682449
3 0.45875 0.388333 0.02 0.0488889 0.00653839
0 0.35375 0.0104514 0.026875 0.0202778 0.0064888
0 0.97625 0.322778 0.0475 0.0927778 0.00553513
0 0.349063 0.0155469 0.0375 0.0294618 0.00534439
0 0.0812695 0.0353819 0.0399609 0.0527083 0.00503922
2 0.513125 0.272778 0.02375 0.0627778 0.00468063
2 0.350078 0.351111 0.0810937 0.0944444 0.00462723
0 0.991875 0.152778 0.01625 0.0761111 0.00448608
2 0.456875 0.0684722 0.02625 0.0541667 0.00446701
2 0.600625 0.250556 0.035 0.0788889 0.00416565
2 0.0316406 0.598889 0.0429688 0.108889 0.00407028
2 0.809375 0.0313889 0.0125 0.0563889 0.00402451
2 0.5125 0.266944 0.03625 0.075 0.0039444
2 0.47 0.370833 0.0425 0.085 0.00392914
2 0.454375 0.563333 0.05625 0.146667 0.00388527
0 0.7725 0.981667 0.14375 0.0233333 0.00379562
0 0.0104395 0.743333 0.0208789 0.233333 0.00337601
0 0.0633594 0.0145226 0.0375 0.0280382 0.00317192
3 0.99125 0.76 0.00749995 0.0255555 0.00312424
0 0.0655469 0.0182986 0.0457813 0.0335417 0.00305176
2 0.348125 0.0680382 0.045625 0.0780903 0.00291252
0 0.332813 0.0165278 0.029375 0.0326389 0.00261116
0 0.985 0.153056 0.03 0.0794445 0.00259018
2 0.441875 0.351389 0.07625 0.0866667 0.00259018
2 0.4675 0.381111 0.04 0.0711111 0.00245285
0 0.232031 0.0786111 0.0265625 0.0577778 0.00236893
3 0.232813 0.0765278 0.0275 0.0608333 0.00232315
2 0.74875 0.0287153 0.025 0.0538194 0.00227928
0 0.0140918 0.731111 0.0281836 0.211111 0.00221634
0 0.098457 0.05 0.0427734 0.0638889 0.00219917
2 0.598125 0.238472 0.044375 0.0908333 0.00219917
0 0.0633691 0.0304514 0.0595117 0.054375 0.00219917
0 0.77125 0.0879167 0.0925001 0.0536111 0.00201988
0 0.101094 0.0246875 0.0409375 0.0410417 0.00195694
2 0.58875 0.226389 0.061875 0.111111 0.00194168
2 0.759375 0.0228472 0.02875 0.0416667 0.00188255
2 0.44625 0.0813889 0.05625 0.0423611 0.00188255
2 0.59375 0.247639 0.04125 0.0830556 0.00186729
0 0.215625 0.045 0.0125 0.0523611 0.00182438
0 0.217969 0.02 0.0309375 0.04 0.00182438
0 0.347813 0.3525 0.075 0.0822222 0.00176144
2 0.448125 0.0652083 0.040625 0.05375 0.00171375
2 0.0414941 0.584306 0.0724805 0.1425 0.00171375
0 0.996875 0.00923611 0.00624994 0.0184722 0.0017004
3 0.462188 0.4075 0.030625 0.08 0.00167465
2 0.43375 0.3625 0.053125 0.0866667 0.00165462
0 0.350313 0.0440278 0.04375 0.0652778 0.0016489
0 0.738125 0.987778 0.1125 0.0222222 0.00162315
0 0.37 0.0751563 0.09875 0.107743 0.00160408
2 0.0371289 0.0575174 0.0198047 0.0555208 0.00154877
2 0.783125 0.33 0.03625 0.0622222 0.00151253
0 0.565625 0.190556 0.05125 0.0666667 0.00150108
0 0.353125 0.0306597 0.0375 0.0538194 0.00145531
2 0.345625 0.0884722 0.045 0.0686111 0.00144386
2 0.469063 0.417778 0.04875 0.0944444 0.00144386
3 0.490938 0.0277431 0.00999997 0.0375694 0.00144386
2 0.8075 0.0122743 0.015 0.0245486 0.00137806
0 0.745 0.0128472 0.03 0.0232639 0.00135612
3 0.489375 0.0373611 0.010625 0.0598611 0.00135612
0 0.0951758 0.0715278 0.0408984 0.0541667 0.00134563
0 0.93375 0.701111 0.02625 0.0266667 0.00134087
0 0.94875 0.0675 0.0975 0.0752778 0.00130463
2 0.354063 0.0903472 0.058125 0.0701389 0.00130463
2 0.78125 0.664444 0.0325 0.0955556 0.00127888
2 0.399375 0.377222 0.0575 0.09 0.00125504
0 0.97 0.309444 0.06 0.114444 0.00124454
2 0.44875 0.432222 0.08375 0.14 0.0012207
0 0.332578 0.0290278 0.0335938 0.0522222 0.00121593
0 0.98 0.0873611 0.03875 0.0494444 0.00117397
0 0.453438 0.0821528 0.049375 0.0526389 0.00112915
0 0.355 0.016875 0.0325 0.0305556 0.00112438
2 0.7825 0.651111 0.0325 0.0877778 0.00112438
0 0.0651563 0.0555556 0.0473438 0.06625 0.00108147
0 0.33375 0.0379167 0.029375 0.0543056 0.00107288
2 0.80875 0.0425 0.01625 0.0654167 0.00107288
2 0.357813 0.354444 0.050625 0.0822222 0.00106907
0 0.358125 0.0951389 0.069375 0.0661111 0.00105667
0 0.194844 0.0503472 0.0390625 0.0481944 0.00104809
2 0.0409766 0.0678472 0.0235156 0.0543056 0.00104427
0 0.3425 0.0631944 0.041875 0.0766667 0.00101662
