0 0.298125 0.761111 0.18125 0.288889 0.960938
0 0.0766406 0.761111 0.152188 0.282222 0.959473
0 0.52 0.746667 0.16125 0.302222 0.94873
0 0.7375 0.825 0.1825 0.323333 0.947754
0 0.95 0.0977083 0.0999999 0.0681944 0.91748
0 0.46625 0.11 0.12625 0.0808333 0.916504
0 0.700156 0.212222 0.167188 0.121111 0.915527
2 0.0494434 0.455 0.0726758 0.1 0.899414
0 0.257188 0.0522222 0.044375 0.0694444 0.894043
0 0.196875 0.0634722 0.0459375 0.0733333 0.874023
0 0.142031 0.0719444 0.0484375 0.0661111 0.865234
0 0.7675 0.985556 0.175 0.0266667 0.853027
0 0.285625 0.0308333 0.038125 0.0566667 0.852051
0 0.234063 0.0335417 0.035625 0.0540278 0.809082
0 0.167852 0.0473611 0.0386719 0.0577778 0.743164
2 0.685625 0.0620139 0.03 0.0584722 0.729492
3 0.173086 0.478333 0.0350781 0.154444 0.646973
0 0.0125293 0.1625 0.0250586 0.095 0.645996
3 0.165664 0.472778 0.0199219 0.164444 0.443604
0 0.305938 0.0192361 0.036875 0.0384722 0.42627
2 0.99 0.0486806 0.0199999 0.0631944 0.218018
3 0.0272266 0.486111 0.0200781 0.0655556 0.216064
0 0.3475 0.0120833 0.036875 0.0238889 0.129395
0 0.251563 0.0160417 0.02875 0.03 0.0903931
0 0.0126367 0.186944 0.0252344 0.105 0.0881958
0 0.00534668 0.115035 0.0106543 0.049375 0.0800781
0 0.00820801 0.118021 0.0163965 0.0595139 0.0731812
2 0.029458 0.481389 0.0256934 0.0838889 0.0675659
0 0.0112109 0.132222 0.0224219 0.0827778 0.0587769
0 0.31 0.0246528 0.03375 0.0479167 0.0535889
2 0.80625 0.0608333 0.0312501 0.0825 0.0479431
3 0.0285156 0.479444 0.0247656 0.0822222 0.0476074
2 0.0232617 0.644444 0.0457422 0.117778 0.0446777
3 0.0244727 0.483889 0.0150391 0.0538889 0.0391235
2 0.80875 0.0220486 0.02875 0.043125 0.032959
2 0.80875 0.0296528 0.0325 0.0568056 0.0287628
0 0.344688 0.0155903 0.03125 0.0311806 0.0276337
3 0.0270117 0.496389 0.0164453 0.0838889 0.0257568
0 0.31125 0.0336111 0.03125 0.0447222 0.0234222
0 0.99125 0.0582118 0.0175 0.0727431 0.0197144
0 0.29125 0.0709722 0.0375 0.0613889 0.0195618
0 0.337188 0.0157292 0.0575 0.0314583 0.019455
2 0.99125 0.0391667 0.0175 0.0705556 0.0184784
3 0.165313 0.486944 0.0153125 0.142778 0.0173035
2 0.029043 0.665 0.0580859 0.153333 0.0162811
0 0.0591406 0.0376389 0.0451563 0.0527778 0.0151291
2 0.808125 0.0423611 0.0325 0.0755556 0.014389
0 0.137656 0.0175608 0.0278125 0.0334896 0.0139542
2 0.81375 0.0176736 0.01375 0.0340972 0.0136871
0 0.0692187 0.0124392 0.04125 0.0223438 0.0133743
0 0.0648438 0.00999132 0.03125 0.0183507 0.0120544
2 0.450625 0.0716667 0.026875 0.0538889 0.0118713
2 0.7975 0.0274653 0.0125 0.0503472 0.0102921
0 0.98875 0.0648611 0.0225 0.0583333 0.0102921
0 0.7675 0.986667 0.175 0.0266666 0.00952148
0 0.269062 0.03875 0.02125 0.05375 0.00937653
0 0.71 0.291667 0.12 0.0688889 0.00912476
2 0.15 0.436667 0.07375 0.15 0.00905609
0 0.142109 0.0251389 0.034375 0.0433333 0.00861359
0 0.0660156 0.0154167 0.044375 0.0288889 0.00857544
0 0.241563 0.0400174 0.023125 0.0499653 0.00834656
2 0.0271875 0.618889 0.05125 0.0955555 0.00815582
0 0.0161426 0.154028 0.0322852 0.0825 0.00812531
0 0.012373 0.143056 0.0243164 0.0655556 0.00790405
2 0.0263086 0.483333 0.0251953 0.0666666 0.00671768
3 0.165 0.460556 0.0309375 0.113333 0.0064621
2 0.810625 0.0540104 0.0325 0.0878125 0.00619125
2 0.426875 0.0575 0.049375 0.0709722 0.00605011
0 0.00641602 0.101597 0.012832 0.05625 0.00593567
0 0.0675 0.0136806 0.0303125 0.0273611 0.0051384
0 0.775625 0.982222 0.13875 0.0244444 0.0050621
0 0.69875 0.985556 0.05625 0.0288888 0.00502014
0 0.334375 0.0169618 0.034375 0.0339236 0.00486755
0 0.34625 0.0164583 0.04125 0.0323611 0.00457382
2 0.15 0.457222 0.0671875 0.108889 0.00443268
3 0.0308984 0.523056 0.0240625 0.149444 0.00379562
0 0.0659766 0.0402778 0.0355469 0.0483333 0.00378036
3 0.162773 0.474444 0.0232031 0.133333 0.00348282
2 0.0155664 0.599861 0.0311328 0.166944 0.00337601
0 0.0676172 0.0322222 0.0408594 0.0519444 0.00327301
0 0.00674805 0.213194 0.0134961 0.0936111 0.00327301
2 0.80625 0.07625 0.0325 0.0847222 0.00324821
2 0.685625 0.07375 0.03 0.0669444 0.00317192
0 0.0589063 0.0213281 0.043125 0.0384549 0.00302696
1 0.713125 0.625 0.2225 0.356667 0.0029583
7 0.98 0.849444 0.00999997 0.0333333 0.00286674
0 0.630625 0.339167 0.025 0.0961111 0.00284576
0 0.16375 0.0343056 0.04 0.0455556 0.00282288
3 0.0301172 0.536111 0.0511719 0.172222 0.00277901
2 0.685 0.0551562 0.025 0.0596875 0.00274658
0 0.139063 0.0191667 0.045 0.0361806 0.00263214
0 0.0489453 0.0438889 0.0423438 0.0522222 0.00255013
3 0.0327734 0.495 0.0317969 0.0933333 0.00244331
2 0.0299414 0.558889 0.0590234 0.175556 0.00244331
2 0.9925 0.745556 0.00750001 0.0311111 0.00242424
0 0.0592285 0.0324653 0.0629492 0.0607639 0.00232315
2 0.0404688 0.626667 0.0701563 0.0888889 0.00227928
0 0.736875 0.987778 0.11 0.0222222 0.00223351
0 0.0725 0.0243056 0.0359375 0.0434722 0.00216484
3 0.9925 0.752222 0.00625 0.0266667 0.00211525
0 0.696875 0.286389 0.0925 0.0872222 0.00205803
2 0.98125 0.0705556 0.03625 0.0565278 0.0020504
3 0.158281 0.455556 0.05125 0.121111 0.00200272
0 0.134609 0.0145833 0.0317188 0.028125 0.00188255
2 0.984375 0.0625694 0.0312499 0.0581944 0.00186062
3 0.186875 0.503333 0.01 0.0988889 0.00185299
0 0.315313 0.0472917 0.02875 0.0597222 0.00181007
3 0.99125 0.758889 0.00749995 0.0266667 0.00168705
0 0.129688 0.0202778 0.0415625 0.0372222 0.00158501
0 0.0152441 0.201944 0.0304883 0.113889 0.00156116
2 0.63125 0.338889 0.025 0.0988889 0.00156116
0 0.28375 0.0775 0.021875 0.0644445 0.00153637
2 0.435938 0.0783333 0.036875 0.0491667 0.00146675
3 0.155859 0.4675 0.0645313 0.157222 0.00145531
0 0.75875 0.227222 0.0525 0.085 0.00137806
0 0.0429688 0.0521007 0.0301563 0.0538542 0.00136185
0 0.995 0.539444 0.00999997 0.02 0.00134563
2 0.439375 0.0502604 0.04125 0.0742014 0.00133038
0 0.0209766 0.664444 0.0419531 0.148889 0.00130463
0 0.061416 0.0527778 0.0668555 0.0977778 0.00126457
2 0.457188 0.0729167 0.035 0.0563889 0.00121593
0 0.0527441 0.0461111 0.0588867 0.0840278 0.00121593
0 0.294844 0.0413194 0.0353125 0.05625 0.00118828
0 0.0183203 0.131389 0.0358984 0.0833333 0.0011158
0 0.0129297 0.109861 0.0258594 0.0947222 0.0011158
0 0.0289453 0.687778 0.0578906 0.146667 0.00109863
2 0.0291016 0.652222 0.055625 0.0977778 0.00109005
0 0.28625 0.0746528 0.0525 0.0795833 0.00109005
