0 0.298125 0.761111 0.181875 0.288889 0.960449
0 0.519688 0.777778 0.17 0.313333 0.95166
0 0.493125 0.122465 0.12875 0.0800694 0.932617
0 0.966875 0.0838194 0.06625 0.0701389 0.92041
0 0.257188 0.0508333 0.044375 0.06875 0.900391
0 0.141641 0.0720833 0.0495312 0.0669444 0.884766
0 0.765 0.0580729 0.105 0.0913542 0.872559
0 0.197188 0.062066 0.046875 0.0730903 0.871582
0 0.234063 0.0321181 0.038125 0.055625 0.817383
0 0.167969 0.0457118 0.0375 0.0566319 0.806641
2 0.2275 0.152222 0.03875 0.0844445 0.662109
0 0.00976563 0.175417 0.0195313 0.0775 0.583008
0 0.00980469 0.241667 0.0196094 0.0888889 0.240723
0 0.0109961 0.222778 0.0219922 0.120556 0.0827026
2 0.839375 0.0122222 0.0225 0.0235417 0.0437012
0 0.345703 0.0219097 0.0535937 0.0425694 0.0323486
0 0.333047 0.0439583 0.0351562 0.0498611 0.024704
0 0.334375 0.0217708 0.058125 0.0415972 0.024704
0 0.322813 0.0588715 0.046875 0.0650347 0.0215302
0 0.334375 0.0186806 0.0325 0.0368056 0.0187683
0 0.31875 0.0654861 0.04125 0.0609722 0.0146713
5 0.0222852 0.623333 0.0445703 0.264444 0.011734
0 0.327578 0.0269792 0.0473438 0.0524306 0.0104065
0 0.00806641 0.161667 0.0160742 0.0733333 0.00967407
0 0.32125 0.0303125 0.055625 0.0574306 0.00818634
2 0.180625 0.415 0.0515625 0.116667 0.00757599
0 0.87625 0.0844444 0.04 0.0591667 0.00746155
0 0.324922 0.0482639 0.0439062 0.0615278 0.00723267
0 0.8175 0.869444 0.0575 0.101111 0.00720596
3 0.226875 0.229861 0.03125 0.0908333 0.006073
0 0.319063 0.0502778 0.0475 0.0691667 0.0053215
0 0.0145117 0.2325 0.0287891 0.106111 0.00503922
3 0.490625 0.0295833 0.010625 0.0431944 0.00482941
2 0.813125 0.0120226 0.00999997 0.0223437 0.0046463
0 0.313281 0.0450694 0.0409375 0.0629167 0.00413513
0 0.355 0.0226476 0.034375 0.0444271 0.00388527
2 0.136563 0.00826389 0.00875 0.0154861 0.00370789
0 0.789375 0.0414583 0.06375 0.0584722 0.00363541
0 0.73375 0.0166319 0.0325 0.0294444 0.00359344
2 0.179102 0.407222 0.0386719 0.0966667 0.00345612
0 0.322578 0.0221181 0.0535938 0.0424306 0.00328636
3 0.99125 0.763333 0.00625 0.02 0.00309944
2 0.224375 0.231944 0.0359375 0.0938889 0.00284576
2 0.9925 0.76 0.00750001 0.02 0.00282288
0 0.279219 0.027717 0.0425 0.0526215 0.0024929
0 0.0730469 0.0746528 0.039375 0.0523611 0.002388
0 0.371875 0.0100781 0.02875 0.0188715 0.00226974
2 0.841875 0.0201042 0.02 0.0374306 0.00226021
0 0.34375 0.0321528 0.0475 0.0527778 0.00211525
0 0.0498828 0.0572049 0.0433594 0.0583681 0.0020752
2 0.80875 0.0143056 0.02 0.0232639 0.0020504
0 0.00464355 0.138576 0.00926758 0.060625 0.00198746
0 0.0535547 0.08875 0.0419531 0.0575 0.00196457
0 0.72125 0.0104774 0.0225 0.0194618 0.00191212
0 0.00897461 0.263056 0.0179492 0.0916667 0.00183868
0 0.743125 0.025625 0.0575 0.0426389 0.00168133
2 0.189688 0.411111 0.068125 0.108889 0.00157356
0 0.80625 0.0296875 0.0325 0.0375694 0.00152493
0 0.0555566 0.0753472 0.0470117 0.0581944 0.00146675
2 0.490625 0.0260417 0.011875 0.0373611 0.00143814
0 0.795 0.0561111 0.055 0.0677778 0.00139904
0 0.306094 0.0372917 0.0359375 0.0570833 0.00129414
2 0.206875 0.0809722 0.03125 0.0577778 0.00127888
2 0.79 0.0816667 0.0275 0.0513889 0.00125504
7 0.589375 0.822222 0.0275 0.115556 0.0011692
0 0.0639453 0.0750694 0.0469531 0.0573611 0.00116062
2 0.4825 0.0775 0.009375 0.0319444 0.0011425
5 0.514375 0.577778 0.15125 0.206667 0.0011034
3 0.488125 0.0356597 0.01 0.0517361 0.00107288
