0 0.297813 0.762222 0.180625 0.288889 0.958008
0 0.5175 0.746667 0.16625 0.304444 0.950684
0 0.7375 0.826667 0.1825 0.324444 0.946777
0 0.35 0.21 0.150625 0.113333 0.932129
0 0.600938 0.239167 0.173125 0.131667 0.92627
0 0.134375 0.146701 0.118125 0.104931 0.922852
0 0.9525 0.205278 0.095 0.11 0.915527
0 0.387422 0.13191 0.138906 0.0845139 0.885742
0 0.2575 0.0502778 0.044375 0.0679167 0.865234
0 0.8825 0.103333 0.1325 0.103889 0.862305
0 0.76875 0.985556 0.1725 0.0266667 0.854004
0 0.198125 0.0615278 0.045625 0.0688889 0.830078
0 0.140938 0.0706944 0.04375 0.0611111 0.796875
0 0.29 0.0291667 0.039375 0.0547222 0.788086
0 0.168086 0.048125 0.0369531 0.0569445 0.773438
0 0.23375 0.034375 0.038125 0.0559722 0.757812
0 0.735 0.0131858 0.0275 0.0258507 0.740234
0 0.97 0.0686111 0.0575 0.0622222 0.645996
0 0.0115625 0.963333 0.023125 0.0711111 0.36377
0 0.845 0.11875 0.0625 0.0744445 0.350342
0 0.33125 0.0207552 0.03875 0.0393229 0.299072
0 0.317813 0.0472917 0.0325 0.0625 0.208862
0 0.102656 0.01125 0.030625 0.0208333 0.168335
0 0.0122656 0.948889 0.0245313 0.1 0.162354
0 0.9625 0.0686111 0.04 0.0611111 0.149536
2 0.248594 0.143368 0.033125 0.094375 0.140381
2 0.441875 0.0800694 0.03375 0.0604167 0.119995
0 0.103281 0.012934 0.023125 0.0258681 0.118408
0 0.329297 0.0269531 0.0414063 0.0513715 0.104492
0 0.229531 0.0820833 0.0325 0.0658333 0.0838623
0 0.321172 0.0149306 0.0339062 0.0292361 0.078064
2 0.9275 0.134167 0.015 0.0325 0.0758667
0 0.84375 0.175417 0.03875 0.0719444 0.0742188
2 0.248438 0.130972 0.029375 0.0802778 0.0570679
0 0.9925 0.0610417 0.015 0.0572222 0.0465393
0 0.98 0.0659549 0.04 0.0589236 0.0438538
0 0.340937 0.020842 0.036875 0.0399826 0.0435181
0 0.3575 0.0138108 0.03375 0.0262674 0.0409851
3 0.250625 0.151944 0.02875 0.0986111 0.0390625
0 0.985 0.0684722 0.03 0.06 0.0366211
0 0.70875 0.0128559 0.0275 0.0240104 0.0340881
2 0.439375 0.0720139 0.03875 0.0709722 0.0313721
0 0.99 0.0670833 0.0199999 0.0583333 0.0297546
0 0.85375 0.171111 0.06 0.0822222 0.028656
0 0.2575 0.0173958 0.034375 0.0302083 0.0261536
0 0.319688 0.0209375 0.04 0.0395139 0.0249939
0 0.261406 0.0759722 0.050625 0.0686111 0.0241394
2 0.434688 0.0805556 0.043125 0.0725 0.0234222
0 0.361563 0.131979 0.125625 0.0982639 0.019165
2 0.929375 0.154444 0.02125 0.0677778 0.0173035
0 0.0979688 0.00996528 0.0328125 0.019375 0.0168457
0 0.8675 0.170694 0.085 0.0847222 0.0164642
0 0.725 0.0126476 0.04 0.0244271 0.0160217
0 0.838125 0.122222 0.04625 0.0686111 0.0159607
2 0.230469 0.0828472 0.0365625 0.0659722 0.0148392
3 0.991875 0.758889 0.00625 0.0244445 0.0146179
2 0.593438 0.0109028 0.018125 0.0213194 0.0144501
0 0.339453 0.115972 0.0660937 0.0647222 0.0141144
0 0.269063 0.0866667 0.045625 0.0658333 0.014061
0 0.779375 0.395 0.065 0.124444 0.0134811
0 0.84375 0.165833 0.0425 0.0944444 0.0130234
0 0.1 0.107847 0.05 0.0673611 0.012825
2 0.240938 0.1075 0.019375 0.0630556 0.011467
3 0.7525 0.439444 0.0275 0.136111 0.0112
0 0.307188 0.056875 0.041875 0.0658333 0.0106506
0 0.713125 0.0138542 0.035 0.0259722 0.0105667
0 0.591875 0.0102431 0.0225 0.0202083 0.0103302
0 0.86875 0.149861 0.10125 0.123056 0.0103302
0 0.7 0.986389 0.0475 0.0272221 0.00974274
2 0.92625 0.146111 0.0125 0.0488889 0.00905609
2 0.905 0.117465 0.08 0.0634028 0.00861359
0 0.101797 0.0183681 0.0385938 0.034375 0.00831604
0 0.097832 0.0136458 0.0396484 0.0264583 0.00812531
0 0.7675 0.986667 0.1725 0.0266666 0.00812531
0 0.276719 0.0821528 0.0321875 0.0640278 0.00809479
0 0.233438 0.0881944 0.033125 0.0708333 0.00787354
0 0.227969 0.07125 0.0396875 0.0705556 0.00740433
2 0.0342969 0.0446528 0.0147656 0.0498611 0.00737381
2 0.97375 0.075625 0.02125 0.0613889 0.00737381
2 0.0326953 0.0486285 0.0111719 0.0457986 0.0068512
3 0.756875 0.449444 0.04125 0.135556 0.0064888
0 0.22375 0.0789583 0.033125 0.0631944 0.00616837
0 0.289375 0.0749306 0.034375 0.0709722 0.00600433
2 0.76875 0.471667 0.065 0.161111 0.00579834
0 0.9925 0.0736111 0.015 0.0613889 0.00577545
0 0.240781 0.0411111 0.0228125 0.0525 0.00572968
0 0.338672 0.0290278 0.0414063 0.0523611 0.00561905
2 0.961875 0.0678472 0.0425 0.0598611 0.00526047
2 0.280938 0.0915278 0.0228125 0.0675 0.00526047
0 0.775 0.981111 0.1375 0.0222222 0.00471878
0 0.70375 0.0121701 0.015 0.0243403 0.00424957
0 0.293438 0.0685417 0.03875 0.0748611 0.00416565
3 0.763125 0.431389 0.05375 0.165556 0.00416565
0 0.775 0.366111 0.0525 0.0744444 0.00388527
0 0.97 0.0566667 0.06 0.0704167 0.00385475
2 0.773125 0.495 0.075 0.138889 0.00367928
3 0.770625 0.446667 0.07125 0.188889 0.00366402
3 0.25375 0.162778 0.021875 0.108056 0.00359344
2 0.931875 0.133056 0.035 0.0636111 0.00356483
0 0.84625 0.138021 0.055 0.0972917 0.00348282
0 0.938125 0.702222 0.0199999 0.0244445 0.00327301
0 0.111172 0.0144792 0.0407813 0.0263889 0.00321007
2 0.235781 0.0864583 0.038125 0.0679167 0.0030632
2 0.9125 0.152083 0.0275 0.0491667 0.00302696
2 0.91875 0.116389 0.0575 0.065 0.00300407
0 0.738125 0.988333 0.11125 0.0211112 0.00277901
0 0.91875 0.506111 0.01125 0.0183333 0.00256157
0 0.9325 0.525833 0.0125 0.0238889 0.00252151
0 0.0107031 0.913333 0.0214063 0.166667 0.00243378
0 0.324922 0.104306 0.0664062 0.0780556 0.00230598
2 0.437188 0.0615451 0.035625 0.0682986 0.00217438
1 0.0611719 0.0338194 0.0692188 0.0659722 0.00210762
0 0.27375 0.0315625 0.0165625 0.0514583 0.00210762
5 0.518125 0.572778 0.135 0.196667 0.0019722
2 0.77 0.442778 0.07 0.202222 0.00190449
0 0.330703 0.12059 0.0723438 0.0682639 0.00186062
0 0.257344 0.0990972 0.0425 0.0893055 0.00185299
5 0.0247852 0.654444 0.0495703 0.163333 0.00185299
0 0.895 0.491111 0.01 0.02 0.00183868
0 0.294219 0.0183681 0.0325 0.0367361 0.0018177
0 0.848125 0.181389 0.03125 0.0683333 0.00177479
2 0.0344727 0.0303472 0.0144141 0.0480556 0.00175476
2 0.27625 0.0817361 0.0525 0.07375 0.00174141
0 0.79125 0.986111 0.125 0.0255555 0.00170708
0 0.98875 0.175833 0.0225 0.0611111 0.00167465
2 0.8125 0.0215972 0.01875 0.0383333 0.0016613
0 0.198125 0.0523611 0.040625 0.0552778 0.0016613
2 0.334688 0.126076 0.05875 0.0672917 0.00163555
2 0.995 0.0497917 0.00999997 0.0608333 0.00162888
2 0.251563 0.0905556 0.038125 0.0755556 0.00162315
0 0.29375 0.0829861 0.039375 0.0731944 0.00162315
0 0.35875 0.0174913 0.038125 0.0333507 0.00150108
1 0.0671875 0.0570139 0.0903125 0.11375 0.00150108
0 0.788125 0.395556 0.0925001 0.134444 0.0014782
0 0.9075 0.503889 0.01 0.0166667 0.00143242
0 0.596875 0.0111024 0.023125 0.0212674 0.00134563
0 0.928125 0.525 0.01375 0.02 0.00131989
0 0.884375 0.164861 0.12375 0.126389 0.00131989
3 0.220313 0.0590972 0.020625 0.0563889 0.00131989
2 0.9925 0.754444 0.00750001 0.0244445 0.00126457
0 0.261406 0.0378472 0.04625 0.055 0.00124931
0 0.227813 0.0267361 0.038125 0.0434722 0.00124454
0 0.298281 0.656111 0.154688 0.0788889 0.00124454
2 0.98875 0.051875 0.02 0.0579167 0.00123501
0 0.54 0.316111 0.0525 0.0877778 0.00122547
2 0.252188 0.150833 0.0296875 0.103889 0.00119686
2 0.81125 0.0194444 0.015 0.0302778 0.00112057
0 0.671875 0.3 0.03875 0.0877778 0.00109482
2 0.349375 0.0933333 0.053125 0.0702778 0.00109005
7 0.979375 0.85 0.00874996 0.0288889 0.00108624
5 0.490938 0.543889 0.061875 0.137778 0.00104809
0 0.0418359 0.0453472 0.0300781 0.0533333 0.00104046
5 0.527188 0.537778 0.05 0.121111 0.00104046
3 0.197812 0.0765278 0.03625 0.0602778 0.00102425
