0 0.298125 0.761111 0.180625 0.288889 0.960449
0 0.0776953 0.756111 0.154766 0.278889 0.955078
0 0.73625 0.825 0.185 0.323333 0.945312
0 0.519375 0.695 0.15375 0.278889 0.944824
0 0.640625 0.137778 0.1375 0.0927778 0.924316
0 0.257344 0.0524306 0.044375 0.0680556 0.891602
0 0.141875 0.0719444 0.04875 0.0666667 0.889648
0 0.324375 0.0406771 0.044375 0.0683681 0.864258
0 0.768125 0.985556 0.17375 0.0266667 0.85791
0 0.194844 0.0629167 0.04375 0.0716667 0.844727
0 0.285781 0.0307986 0.0384375 0.0561806 0.832031
0 0.168125 0.0452604 0.038125 0.0555903 0.805664
0 0.233125 0.035625 0.036875 0.0554167 0.789062
0 0.92375 0.144306 0.085 0.0830556 0.789062
2 0.738125 0.0678472 0.0375 0.06125 0.771973
0 0.344375 0.0238976 0.03375 0.047066 0.730957
0 0.0687109 0.0596528 0.0413281 0.0534722 0.692871
0 0.97875 0.126146 0.0425 0.0654861 0.673828
2 0.26125 0.176111 0.0315625 0.0883333 0.672363
0 0.195313 0.0304861 0.035625 0.0479167 0.67041
0 0.215625 0.0205642 0.02875 0.0391493 0.668945
2 0.965 0.0641667 0.03375 0.0555556 0.583008
2 0.98625 0.0719444 0.0225 0.0519444 0.569824
0 0.91375 0.0551389 0.0575 0.0551389 0.313232
0 0.73875 0.067934 0.0375 0.0605208 0.167725
2 0.89125 0.039566 0.015 0.0347569 0.135742
0 0.0149609 0.465 0.0298047 0.145556 0.132568
2 0.8875 0.0395139 0.02125 0.0375 0.0917358
2 0.193594 0.325 0.056875 0.0961111 0.0900879
2 0.186719 0.314722 0.0353125 0.0783333 0.0856934
0 0.259688 0.0166059 0.034375 0.0330382 0.0766602
2 0.253125 0.336111 0.09125 0.112222 0.0766602
2 0.98375 0.0775 0.02375 0.0555556 0.0745239
2 0.198594 0.337222 0.0696875 0.122222 0.0643921
2 0.93625 0.0503472 0.0125 0.0581944 0.0607605
2 0.88625 0.0339583 0.02125 0.0475 0.0577087
0 0.0651563 0.0908333 0.0470312 0.0641667 0.0499573
3 0.93625 0.0477604 0.00999997 0.0611458 0.042572
2 0.95125 0.0765278 0.0125 0.0627778 0.0327148
2 0.9075 0.0535417 0.0525 0.0531944 0.0314941
2 0.94 0.0519444 0.025 0.0619444 0.0301056
2 0.736875 0.0816667 0.03125 0.0544444 0.0293121
0 0.905 0.0691667 0.0775 0.0716667 0.0271759
0 0.3575 0.0151042 0.02125 0.0299306 0.0220337
2 0.255625 0.226667 0.0334375 0.0777778 0.0208893
0 0.010752 0.451667 0.0213086 0.131111 0.0185394
2 0.971875 0.0685417 0.0425 0.0583333 0.0182953
2 0.95 0.0672222 0.0175 0.0552778 0.0170441
2 0.2575 0.201667 0.036875 0.117222 0.0167847
2 0.883125 0.0375694 0.02875 0.0515278 0.0166626
2 0.213438 0.333056 0.08875 0.116667 0.0162201
2 0.262969 0.165556 0.024375 0.0716667 0.0139008
0 0.753125 0.0770833 0.06375 0.0652778 0.0137939
0 0.0189844 0.451111 0.0379688 0.123889 0.01297
2 0.88375 0.0557118 0.03 0.0510764 0.012825
0 0.699375 0.986944 0.04625 0.0261111 0.0127258
2 0.0347656 0.608889 0.0320313 0.0733333 0.0123825
0 0.359375 0.018125 0.0325 0.03625 0.0113297
2 0.9525 0.075 0.0125 0.0483333 0.0107346
0 0.99375 0.103819 0.0124999 0.0673611 0.0102463
2 0.946875 0.0895833 0.0225 0.0569445 0.0100098
0 0.00963867 0.422778 0.0191797 0.105556 0.00908661
2 0.92375 0.0522222 0.05 0.0566667 0.00772476
0 0.7675 0.986389 0.1725 0.0272221 0.00734711
2 0.1975 0.313333 0.045625 0.0777778 0.00701141
7 0.979375 0.854445 0.00750001 0.0222222 0.0068779
0 0.9025 0.057934 0.055 0.0566319 0.00619125
0 0.915 0.0752083 0.0625 0.0723611 0.00591278
2 0.88625 0.0309028 0.015 0.0479167 0.00577545
0 0.253438 0.334167 0.0925 0.118333 0.00570679
2 0.224688 0.338889 0.1275 0.126667 0.00518036
2 0.93625 0.0676389 0.0125 0.0461111 0.0051384
0 0.36875 0.0107552 0.02625 0.0209896 0.00502014
2 0.83625 0.946667 0.03125 0.0966667 0.00494385
0 0.0703516 0.0363194 0.0382031 0.0456944 0.00475693
3 0.938125 0.0593056 0.015 0.0480556 0.00475693
2 0.236719 0.339444 0.0584375 0.104444 0.00455475
0 0.956875 0.686111 0.0175001 0.0222222 0.00421524
2 0.229531 0.318889 0.0384375 0.07 0.00419998
0 0.0615625 0.104167 0.0542188 0.0705556 0.00391388
2 0.0281836 0.582778 0.0423047 0.136667 0.00385475
0 0.293281 0.0186111 0.0375 0.0354167 0.00379562
0 0.955625 0.132465 0.07 0.0578472 0.00366402
0 0.181719 0.0507639 0.0184375 0.0538889 0.00345612
2 0.935 0.0336458 0.00999997 0.0490972 0.00340271
0 0.0671094 0.0713194 0.0453125 0.0695833 0.00323486
2 0.256094 0.31 0.0771875 0.0833333 0.00314713
2 0.225313 0.353333 0.035625 0.0755556 0.00304031
0 0.263125 0.0474306 0.03375 0.06375 0.0029583
0 0.204375 0.0449306 0.031875 0.0497222 0.00269318
0 0.7375 0.988333 0.1125 0.0211112 0.0026722
2 0.968125 0.0751389 0.0375 0.0647222 0.00257111
2 0.94 0.0959722 0.02625 0.0472222 0.00247192
2 0.811875 0.0164931 0.00875003 0.0263194 0.00245285
2 0.0293164 0.615556 0.0302734 0.08 0.00242424
0 0.328125 0.0294097 0.03875 0.0500694 0.00237846
2 0.0245117 0.601667 0.0489453 0.141111 0.00226974
2 0.24125 0.3075 0.046875 0.0761111 0.00225258
0 0.78625 0.982222 0.115 0.0244444 0.00219917
2 0.81125 0.0645833 0.01625 0.045 0.00198746
2 0.207188 0.318611 0.058125 0.0883333 0.00191879
0 0.0628027 0.0397049 0.0511133 0.0461458 0.0017271
2 0.235625 0.311667 0.040625 0.0655555 0.00168705
2 0.0398828 0.612222 0.0224219 0.0644444 0.00168705
2 0.97375 0.0507639 0.0375 0.0534722 0.00168133
0 0.0714063 0.0839583 0.046875 0.0673611 0.00166798
0 0.0111328 0.398889 0.0222266 0.1 0.00159168
0 0.8875 0.0693056 0.04875 0.0620833 0.00158501
0 0.996875 0.0119792 0.00624994 0.0229861 0.00154877
2 0.880625 0.0603472 0.0325 0.0505556 0.00154877
2 0.9925 0.758889 0.00750001 0.02 0.00145531
2 0.190781 0.356389 0.05875 0.0938889 0.00144386
0 0.0499609 0.0524306 0.0499219 0.0454167 0.00141621
0 0.00322998 0.0693056 0.00641113 0.06 0.00138855
0 0.915 0.0967361 0.0875 0.0704167 0.00138855
2 0.81375 0.0672917 0.0125 0.0468056 0.00137806
0 0.9125 0.123472 0.0775 0.0466667 0.00137806
2 0.230938 0.3125 0.028125 0.0566666 0.00129986
2 0.880625 0.0514063 0.0375 0.0630208 0.0012846
0 0.0153906 0.502778 0.0307422 0.111111 0.0012207
0 0.765625 0.0705556 0.0875001 0.0641667 0.00116062
0 0.95125 0.117361 0.0375 0.0419444 0.00116062
0 0.0168164 0.433889 0.0336328 0.0988889 0.00115108
2 0.230469 0.307222 0.0334375 0.0711111 0.00106049
2 0.0264453 0.628889 0.0521875 0.124444 0.00104427
0 0.239375 0.101389 0.041875 0.0786111 0.00103188
0 0.761875 0.0580556 0.0525 0.0529167 0.00102425
