0 0.297969 0.761111 0.180938 0.288889 0.961914
0 0.0776172 0.757778 0.154609 0.28 0.956543
0 0.73625 0.826111 0.185 0.325556 0.950195
0 0.519375 0.746667 0.1625 0.301111 0.946777
0 0.626875 0.216667 0.16625 0.113333 0.925781
0 0.142031 0.0722917 0.04875 0.0659722 0.888672
0 0.257813 0.0522222 0.044375 0.0686111 0.888184
3 0.7175 0.418333 0.045 0.17 0.884277
0 0.76875 0.985556 0.175 0.0266667 0.853027
0 0.194688 0.0635417 0.0425 0.0705556 0.820801
0 0.232813 0.0352431 0.0371875 0.0524306 0.816406
2 0.715 0.0543229 0.035 0.0585764 0.808105
0 0.168477 0.0472222 0.0380469 0.0573611 0.796875
0 0.323125 0.0395833 0.043125 0.0629167 0.766113
0 0.195 0.0309375 0.03625 0.0467361 0.747559
2 0.86 0.310486 0.06625 0.125694 0.725586
0 0.282813 0.0328472 0.034375 0.0529167 0.725098
2 0.9825 0.0719444 0.025 0.0577778 0.720215
0 0.215938 0.0192448 0.028125 0.0372049 0.700684
2 0.93875 0.0570139 0.0225 0.0781944 0.595703
2 0.93625 0.0477604 0.0175 0.0603125 0.476562
2 0.9825 0.059375 0.025 0.0659722 0.422607
0 0.262031 0.0169792 0.0365625 0.0339583 0.284668
0 0.272188 0.0367708 0.016875 0.0509028 0.1427
0 0.30125 0.0197917 0.0309375 0.0373611 0.127686
3 0.711875 0.4175 0.02875 0.165 0.0603027
0 0.326875 0.0250694 0.036875 0.0431944 0.0589905
2 0.84625 0.306111 0.0375 0.119444 0.0552063
0 0.331875 0.0297917 0.03 0.0470833 0.0297546
2 0.996875 0.0150781 0.00624994 0.0285938 0.0263519
0 0.324375 0.0170139 0.035 0.0294444 0.0262604
0 0.302813 0.0163542 0.024375 0.0327083 0.018158
2 0.8525 0.299722 0.0525 0.107222 0.0171051
2 0.845 0.335 0.035 0.09 0.0164032
2 0.991875 0.0848611 0.01375 0.06 0.0119629
0 0.319375 0.0289931 0.0425 0.0499306 0.0100937
2 0.939375 0.066875 0.025 0.0622222 0.00997162
0 0.768125 0.986667 0.17375 0.0266666 0.00818634
0 0.203906 0.0406944 0.034375 0.0469444 0.00809479
0 0.699375 0.986389 0.05 0.0272221 0.00714874
0 0.0723047 0.0742361 0.0388281 0.0504167 0.00712204
2 0.591875 0.0194097 0.02125 0.0372917 0.00695801
0 0.00304443 0.063125 0.00608887 0.05375 0.0049057
2 0.87125 0.353333 0.05 0.0766667 0.0049057
7 0.979375 0.852778 0.00874996 0.0233333 0.00455475
0 0.77375 0.982222 0.135 0.0222222 0.00397491
3 0.71375 0.393889 0.0225 0.119444 0.00380898
2 0.0258594 0.585417 0.0515625 0.151389 0.00359344
5 0.359375 0.0189931 0.04375 0.0375694 0.00335121
3 0.991875 0.763889 0.00625 0.0177778 0.00324821
0 0.353125 0.0182986 0.03375 0.0365278 0.00322342
0 0.349063 0.0194792 0.061875 0.0389583 0.00322342
2 0.713125 0.0119097 0.0125 0.0209028 0.00318527
2 0.868125 0.339167 0.055 0.0938889 0.00300407
0 0.341875 0.0193056 0.0275 0.0363889 0.00282288
3 0.994375 0.823333 0.00749995 0.0244444 0.00237846
2 0.93625 0.046875 0.025 0.0554167 0.00236893
1 0.0629688 0.0313542 0.0528125 0.0577083 0.00221634
2 0.99 0.0902083 0.0175 0.0843056 0.0019722
0 0.7425 0.987778 0.1225 0.0222222 0.00186729
0 0.7925 0.986111 0.1275 0.0255555 0.00171375
0 0.295938 0.066875 0.033125 0.0613889 0.0016489
0 0.114766 0.0624306 0.0429688 0.0543056 0.00156689
2 0.0162891 0.496667 0.0325781 0.127778 0.00154305
2 0.0281445 0.607778 0.0480859 0.0922222 0.00153637
2 0.0375 0.0607639 0.0196875 0.0563889 0.00146675
2 0.99125 0.763333 0.00749995 0.0177778 0.00145531
0 0.0658594 0.0734028 0.0465625 0.0568056 0.00131989
0 0.122266 0.0648611 0.0376563 0.0577778 0.00109005
2 0.715 0.0292448 0.035 0.0572049 0.00108147
0 0.368125 0.0124306 0.025 0.0242361 0.00105667
0 0.175625 0.0278472 0.026875 0.0409722 0.00102425
0 0.062334 0.0785417 0.0564258 0.0597222 0.00100803
0 0.71125 0.0616667 0.0275 0.0469444 0.00100803
