0 0.298125 0.761111 0.18125 0.288889 0.959961
0 0.0777734 0.757778 0.154766 0.282222 0.955078
0 0.736875 0.825 0.18375 0.323333 0.950195
0 0.519688 0.746111 0.1625 0.302222 0.949219
0 0.219531 0.147639 0.126875 0.0980556 0.930664
3 0.266563 0.426667 0.04625 0.165556 0.922852
0 0.750625 0.11441 0.13 0.0850694 0.901855
0 0.257812 0.0526215 0.0446875 0.0689236 0.892578
0 0.141719 0.0723611 0.0490625 0.0658333 0.884277
0 0.768125 0.985556 0.17375 0.0277778 0.858887
0 0.305469 0.112222 0.104063 0.0852778 0.853027
0 0.196563 0.0614583 0.044375 0.0695833 0.829102
0 0.286094 0.0297569 0.0378125 0.0550694 0.816406
0 0.168125 0.0486111 0.0375 0.0577778 0.801758
0 0.233594 0.0337153 0.035 0.054375 0.779785
0 0.323672 0.0370486 0.0439062 0.0552083 0.766113
2 0.9825 0.0670833 0.025 0.0579167 0.754395
2 0.93875 0.0499306 0.025 0.0670833 0.711426
0 0.215625 0.0191753 0.02875 0.0363715 0.602051
0 0.553125 0.00931424 0.02875 0.0184549 0.577637
0 0.193281 0.0302431 0.0340625 0.0450694 0.535156
0 0.26 0.0167708 0.03375 0.0335417 0.168335
2 0.94625 0.0579167 0.0125 0.0786111 0.138916
0 0.321875 0.0155556 0.028125 0.0271528 0.137939
0 0.550625 0.012066 0.025625 0.0241319 0.127197
0 0.328438 0.0338194 0.03625 0.0501389 0.122131
0 0.324375 0.0257986 0.03625 0.0436806 0.0841675
2 0.0112134 0.0512674 0.0140186 0.0596875 0.0718384
2 0.0092627 0.0545833 0.0155762 0.0623611 0.0476074
0 0.346875 0.017309 0.03375 0.0346181 0.0379028
2 0.0133496 0.473333 0.026582 0.125556 0.0292053
0 0.755 0.0801389 0.105 0.0591667 0.0207977
0 0.321875 0.0457639 0.044375 0.0677778 0.0207214
0 0.55375 0.0169444 0.02875 0.0322917 0.0115051
0 0.0135645 0.467222 0.0271289 0.135556 0.00989532
0 0.7675 0.986667 0.1725 0.0266666 0.00971222
0 0.0475 0.0867361 0.0425 0.0615278 0.00926971
0 0.576875 0.00857639 0.020625 0.0171528 0.0086441
0 0.589688 0.00961806 0.01875 0.0190278 0.00847626
0 0.771875 0.981667 0.14125 0.0222222 0.00743103
2 0.94 0.0585417 0.025 0.0568056 0.00723267
0 0.00801758 0.0573611 0.015918 0.0630556 0.00671768
0 0.69875 0.986111 0.0525 0.0277778 0.00619125
0 0.200781 0.0522049 0.04 0.0542014 0.00588989
0 0.305469 0.0164931 0.0309375 0.0317361 0.00568771
3 0.77625 0.641111 0.015 0.0722222 0.00536346
2 0.265 0.0678472 0.033125 0.0711111 0.00534439
2 0.94625 0.0548437 0.0225 0.0725347 0.00496292
2 0.0131055 0.496667 0.0262109 0.106667 0.00468063
2 0.948125 0.0625174 0.0175 0.0738542 0.00460815
3 0.2675 0.390556 0.03125 0.105556 0.00446701
0 0.9675 0.342778 0.055 0.0633334 0.00429916
3 0.78125 0.638333 0.0225 0.0711112 0.00397491
0 0.320938 0.0666667 0.04625 0.0525 0.00395966
1 0.675625 0.642778 0.23125 0.358889 0.00365067
0 0.56125 0.0139583 0.040625 0.0277778 0.00363541
0 0.0218164 0.0495833 0.0385547 0.0661111 0.00353813
2 0.358125 0.0790278 0.01875 0.0566667 0.00351143
3 0.96875 0.691111 0.00750001 0.0211112 0.00337601
0 0.258438 0.06625 0.0453125 0.0698611 0.00332451
0 0.0171191 0.0564063 0.030918 0.0657986 0.00325966
0 0.7375 0.988889 0.11125 0.02 0.00314713
2 0.7825 0.653889 0.0275 0.09 0.00299263
5 0.0159277 0.464444 0.0317383 0.141111 0.00279045
2 0.55625 0.0491667 0.02625 0.0619444 0.0026722
2 0.558438 0.0561806 0.021875 0.0498611 0.00265312
0 0.58875 0.0144444 0.025 0.0278472 0.00231361
0 0.995625 0.0916667 0.00874996 0.0486111 0.00219917
3 0.200781 0.0961111 0.0246875 0.0644445 0.00216484
3 0.194375 0.0886111 0.0275 0.0575 0.00212479
2 0.35375 0.0727778 0.031875 0.0675 0.00200272
2 0.7825 0.636111 0.0275 0.0777778 0.00185299
2 0.5625 0.0565278 0.015 0.0479167 0.00178242
3 0.97125 0.736667 0.00999997 0.0333333 0.00176811
3 0.265938 0.406944 0.030625 0.133889 0.00167465
3 0.267813 0.375 0.02875 0.08 0.00154877
1 0.741875 0.355 0.04625 0.0711111 0.00150108
2 0.864375 0.17625 0.02875 0.0702778 0.00147247
2 0.71875 0.083125 0.02 0.0404167 0.00146675
2 0.7925 0.643333 0.0425 0.0933333 0.00143242
2 0.79 0.675556 0.045 0.0955556 0.00139427
0 0.7925 0.981667 0.1075 0.0233333 0.00138283
0 0.756875 0.0869445 0.11375 0.0436111 0.00136662
5 0.74125 0.356111 0.0475 0.0733333 0.00135612
0 0.290625 0.0181771 0.0325 0.0363542 0.00133038
2 0.0152344 0.527222 0.0304688 0.148889 0.00132465
2 0.77875 0.658889 0.02 0.0933333 0.00130463
2 0.94 0.0637326 0.025 0.0844792 0.0012846
0 0.018252 0.0727083 0.0245898 0.0690278 0.0012598
0 0.95625 0.685556 0.0175 0.0288888 0.00119686
2 0.95375 0.687778 0.0125 0.0244444 0.00119209
0 0.124219 0.0110417 0.0278125 0.0220833 0.0011692
3 0.699375 0.0107639 0.00749995 0.0215278 0.0011692
2 0.0107202 0.0452604 0.0169971 0.0564236 0.00101185
