0 0.298125 0.761111 0.18 0.288889 0.958984
0 0.0777344 0.758889 0.154531 0.282222 0.958496
0 0.736875 0.825 0.18375 0.323333 0.950195
0 0.519375 0.747222 0.1625 0.306667 0.947754
2 0.520625 0.327222 0.07875 0.132222 0.92334
3 0.594688 0.425833 0.0487501 0.177222 0.895996
0 0.142344 0.0723611 0.0484375 0.0669444 0.894043
0 0.258125 0.053125 0.045 0.0691667 0.876465
0 0.768125 0.985556 0.17375 0.0266667 0.856934
0 0.233906 0.0359375 0.03625 0.0559028 0.823242
0 0.195313 0.0627083 0.0425 0.0719444 0.813965
0 0.168438 0.0460938 0.0371875 0.0569792 0.803223
0 0.32375 0.0398785 0.044375 0.0682986 0.796875
2 0.93875 0.0525 0.0225 0.0677778 0.773926
0 0.286406 0.0314931 0.038125 0.0547917 0.769043
2 0.980625 0.0707639 0.0275 0.0601389 0.740723
0 0.195469 0.0316667 0.0346875 0.0455556 0.679199
0 0.575 0.0618056 0.03125 0.0629167 0.581543
0 0.215156 0.0197917 0.0278125 0.03625 0.434082
2 0.595938 0.369722 0.030625 0.07 0.312256
0 0.574063 0.0353472 0.030625 0.0359722 0.282959
0 0.260938 0.0161719 0.03375 0.0322396 0.202393
0 0.326563 0.0311111 0.04 0.0545833 0.169434
0 0.300938 0.0163889 0.02875 0.0302778 0.108215
0 0.199063 0.0245833 0.034375 0.0425 0.105225
2 0.981875 0.0570833 0.0275 0.065 0.0974121
0 0.342813 0.0170833 0.030625 0.0330556 0.0917358
0 0.3375 0.0207639 0.0325 0.03875 0.0503235
0 0.574375 0.0258681 0.03125 0.0464583 0.0267639
2 0.504688 0.306944 0.046875 0.0894445 0.0130234
0 0.996875 0.0139583 0.00624994 0.0270833 0.01017
7 0.98 0.851111 0.00875003 0.0244444 0.01017
0 0.0451953 0.0913194 0.0414844 0.0631944 0.00997162
0 0.69875 0.986111 0.05 0.0277778 0.00888062
0 0.201406 0.0478993 0.0371875 0.0486458 0.00818634
1 0.0619922 0.0323264 0.0553906 0.0600694 0.00812531
0 0.7675 0.986944 0.175 0.0261111 0.00800323
2 0.980625 0.0831944 0.02375 0.0825 0.0077858
7 0.7 0.00963542 0.00750001 0.0192708 0.00661469
0 0.714375 0.0096441 0.02875 0.0168229 0.00582123
0 0.0508594 0.0379167 0.0441406 0.0608333 0.00446701
3 0.52375 0.283333 0.0175 0.0544445 0.00426483
0 0.353125 0.0185069 0.0475 0.0364583 0.0042305
3 0.59625 0.373889 0.035 0.0877778 0.00328636
0 0.578125 0.0713715 0.02375 0.0769792 0.00319672
0 0.56375 0.0294792 0.05125 0.0484028 0.00317192
0 0.359375 0.0127778 0.0275 0.0238889 0.00291252
0 0.774375 0.981111 0.13 0.0222222 0.00277901
2 0.503438 0.336389 0.043125 0.0744445 0.00265312
0 0.0188574 0.676667 0.0377149 0.117778 0.00237846
0 0.5875 0.0118403 0.01375 0.0225694 0.00235939
3 0.5025 0.300278 0.03625 0.0833333 0.00235939
1 0.704375 0.64125 0.2425 0.395278 0.00226974
1 0.0584277 0.0529167 0.0645508 0.101806 0.00201035
0 0.99625 0.0319097 0.00749995 0.0542361 0.0019722
0 0.0584766 0.0353472 0.0514844 0.06125 0.00189686
0 0.0541504 0.0806944 0.0587305 0.0869445 0.00186062
2 0.524375 0.29 0.03 0.0627778 0.00185299
2 0.993125 0.0826389 0.01125 0.0552778 0.00179577
0 0.0255078 0.664444 0.0505469 0.0955556 0.0017004
2 0.601875 0.370556 0.04375 0.0766667 0.00166798
0 0.7375 0.988333 0.1125 0.0211112 0.0016489
0 0.295 0.0171875 0.02625 0.034375 0.00161648
0 0.7075 0.0111198 0.02 0.0198437 0.00150108
0 0.791875 0.986667 0.12625 0.0244445 0.00144386
3 0.970625 0.692778 0.00750001 0.0244445 0.00133038
0 0.589688 0.0105208 0.01625 0.0204167 0.00125504
3 0.95375 0.688889 0.00999997 0.0322222 0.00124931
0 0.0446484 0.0436806 0.0319531 0.0486111 0.00119686
2 0.0120508 0.628889 0.0241016 0.12 0.00118828
2 0.811875 0.0153472 0.01125 0.02625 0.00116539
0 0.23125 0.0748611 0.0228125 0.0536111 0.00107765
2 0.0274414 0.627778 0.0548047 0.12 0.00105667
0 0.0571875 0.0819445 0.0545313 0.0666667 0.00102425
