0 0.298438 0.762222 0.18125 0.286667 0.958496
0 0.0779297 0.759444 0.155078 0.283333 0.956055
0 0.7375 0.825 0.1825 0.323333 0.950195
0 0.520625 0.745556 0.16 0.3 0.944824
0 0.96875 0.110972 0.0624999 0.0741667 0.885742
0 0.2575 0.05125 0.045 0.0665278 0.880859
0 0.396563 0.130799 0.128125 0.0884028 0.875977
0 0.142031 0.0735417 0.048125 0.0679167 0.867188
0 0.768125 0.985556 0.17375 0.0266667 0.855957
0 0.286875 0.0298611 0.038125 0.0541667 0.851074
5 0.245313 0.196528 0.2225 0.218056 0.844727
0 0.169375 0.0459896 0.0346875 0.0555208 0.810547
0 0.232813 0.039566 0.0371875 0.0569792 0.779785
0 0.194375 0.0597917 0.04375 0.0654167 0.726562
0 0.0499902 0.0316667 0.0417383 0.0544444 0.625977
0 0.194688 0.031875 0.03375 0.0447222 0.546875
0 0.307813 0.0173958 0.033125 0.0347917 0.539062
0 0.0038501 0.0568229 0.0077002 0.0588542 0.434082
2 0.98625 0.0592361 0.02625 0.0522222 0.395996
0 0.260625 0.0171528 0.033125 0.0343056 0.346924
0 0.35375 0.0133247 0.02875 0.0255729 0.341553
0 0.235 0.0154514 0.0309375 0.0282639 0.258301
2 0.89625 0.0394444 0.02 0.0580556 0.243652
0 0.98625 0.0594444 0.02625 0.0511111 0.237915
0 0.234375 0.0310069 0.034375 0.0502083 0.217285
0 0.2625 0.0924306 0.0475 0.0690278 0.118774
0 0.35375 0.0181944 0.03 0.0352083 0.0875854
0 0.260625 0.0227865 0.0353125 0.0438715 0.0775146
0 0.0755469 0.0216667 0.0357813 0.0422222 0.0736694
0 0.342188 0.0365972 0.045 0.0630556 0.062561
0 0.36625 0.00864583 0.0275 0.0172917 0.0514526
0 0.350625 0.0150694 0.02875 0.0301389 0.0508118
0 0.985625 0.0695833 0.02625 0.0616667 0.0420837
0 0.197813 0.0523785 0.043125 0.0560764 0.0370483
0 0.35875 0.0143403 0.03375 0.0286806 0.0339661
0 0.190469 0.0535417 0.036875 0.0618056 0.0321045
2 0.89125 0.0391493 0.0300001 0.0600347 0.0254669
0 0.238438 0.0425694 0.0275 0.05625 0.02034
0 0.205938 0.0322569 0.024375 0.0396528 0.0196381
0 0.00355225 0.0702083 0.00710449 0.0781944 0.0192719
0 0.0742969 0.0294444 0.0335938 0.0491667 0.0151291
0 0.0475098 0.0682639 0.0391992 0.0648611 0.0143356
0 0.31 0.0233333 0.034375 0.0445833 0.0132751
0 0.337422 0.126111 0.0639063 0.0783333 0.0104523
0 0.225781 0.0885417 0.04625 0.05625 0.0104065
0 0.769375 0.982222 0.1475 0.0244444 0.00881195
0 0.7 0.986111 0.05 0.0277778 0.00861359
0 0.218125 0.0190278 0.0303125 0.0307639 0.00821686
0 0.7675 0.986389 0.1725 0.0272221 0.00769424
0 0.59 0.0196528 0.02125 0.0393056 0.00763702
2 0.885 0.0431944 0.0375 0.0634722 0.0069046
0 0.255938 0.102222 0.04875 0.0675 0.00658798
0 0.0124707 0.209028 0.0249414 0.0702778 0.00658798
0 0.337188 0.0212413 0.0375 0.0393229 0.00653839
0 0.323203 0.1675 0.0610937 0.104444 0.00609589
0 0.36625 0.00996528 0.0325 0.0199306 0.00572968
7 0.699375 0.0107292 0.00625 0.0214583 0.00534439
0 0.324063 0.198333 0.06625 0.175556 0.00446701
0 0.28875 0.0815278 0.039375 0.0761111 0.00413513
0 0.333203 0.0262587 0.0473437 0.0492882 0.00403976
0 0.334063 0.108889 0.055 0.0622222 0.00390053
0 0.217656 0.0944444 0.0490625 0.0630556 0.00388527
0 0.192188 0.093125 0.054375 0.0584722 0.00362206
0 0.30625 0.0341319 0.031875 0.048125 0.00351143
0 0.239219 0.106528 0.0678125 0.0725 0.00336266
0 0.283438 0.655556 0.1175 0.0766667 0.00322342
0 0.229063 0.105417 0.05375 0.0713889 0.00298119
0 0.301563 0.0354861 0.040625 0.05375 0.00296974
5 0.32375 0.200833 0.06625 0.178889 0.00287819
2 0.99625 0.0106597 0.00749995 0.0213194 0.00271416
0 0.315469 0.0330556 0.0334375 0.05375 0.00263214
0 0.045166 0.0771528 0.033418 0.0579167 0.00234222
0 0.0120703 0.221944 0.0241406 0.0711111 0.00221634
0 0.2 0.103264 0.0675 0.0768056 0.00213242
0 0.359375 0.0295139 0.0375 0.0506944 0.00206757
0 0.0583203 0.01875 0.0310156 0.0375 0.00202751
0 0.295 0.0700694 0.035 0.0758333 0.00201988
0 0.328125 0.125868 0.0425 0.0577083 0.00200272
2 0.00589356 0.0599826 0.0117871 0.0608681 0.00189686
0 0.0202734 0.427222 0.0405469 0.128889 0.00179577
0 0.21875 0.103819 0.05375 0.0756944 0.0017004
0 0.329688 0.139722 0.05125 0.0711111 0.00156116
0 0.729375 0.988889 0.095 0.02 0.00148964
0 0.0836133 0.0250694 0.0471484 0.0484722 0.00143242
2 0.98875 0.0341319 0.0225 0.0625694 0.00143242
0 0.7425 0.987222 0.1225 0.0233333 0.00141048
2 0.358125 0.101667 0.03875 0.0611111 0.00135612
0 0.00361816 0.0381944 0.00723633 0.0625 0.00133514
4 0.322422 0.200278 0.0689062 0.178333 0.00130939
3 0.412188 0.0773611 0.019375 0.0536111 0.00130463
3 0.97 0.696667 0.00750001 0.0266667 0.0012846
5 0.0740234 0.06125 0.0866406 0.117222 0.00125504
0 0.174063 0.0270833 0.03 0.0390278 0.00124931
0 0.318438 0.112188 0.04875 0.0667361 0.00124931
5 0.195039 0.204306 0.126172 0.205278 0.00124454
7 0.587188 0.778333 0.025 0.0988889 0.00115108
3 0.409063 0.0809028 0.024375 0.06375 0.00113392
0 0.309219 0.111701 0.0371875 0.0771528 0.00112438
0 0.31625 0.122222 0.055 0.0744445 0.00109005
2 0.9525 0.687222 0.00750001 0.0288889 0.00107288
2 0.355625 0.0911111 0.04 0.0738889 0.00106525
3 0.990625 0.761111 0.00625 0.0222222 0.00103188
0 0.87125 0.142813 0.04875 0.0765972 0.00101662
