0 0.298125 0.761111 0.180625 0.288889 0.961426
0 0.0776563 0.759444 0.154375 0.283333 0.95752
2 0.62125 0.453333 0.0975 0.156667 0.950684
0 0.73625 0.824444 0.18375 0.322222 0.949707
0 0.519375 0.72 0.154375 0.291111 0.94043
0 0.2575 0.0536111 0.045625 0.0708333 0.889648
0 0.1425 0.0721528 0.048125 0.0658333 0.877441
0 0.7675 0.985556 0.17375 0.0266667 0.85791
0 0.196406 0.0624306 0.045 0.07125 0.825684
0 0.232813 0.0354167 0.038125 0.0548611 0.813965
0 0.285625 0.0299653 0.0371875 0.0521528 0.801758
0 0.167969 0.0468056 0.038125 0.0558333 0.800781
0 0.3225 0.040625 0.04125 0.0640278 0.779785
3 0.926875 0.404444 0.02625 0.161111 0.772461
2 0.98125 0.0708333 0.02625 0.0594444 0.73584
2 0.8575 0.053125 0.0275 0.0601389 0.6875
2 0.935625 0.0501563 0.0225 0.0671875 0.663574
2 0.0721484 0.117222 0.0375781 0.0622222 0.654785
0 0.215625 0.0200694 0.028125 0.0369444 0.637207
0 0.194375 0.0315972 0.03375 0.045 0.509766
0 0.0719531 0.118924 0.0376563 0.0615972 0.317383
0 0.325312 0.0329861 0.038125 0.0558333 0.163452
0 0.259531 0.0161458 0.0346875 0.0322917 0.1427
0 0.33 0.0238889 0.033125 0.0429167 0.122925
2 0.995 0.0796528 0.00999997 0.0577778 0.0830078
0 0.290938 0.0264583 0.0325 0.0447222 0.0531921
0 0.300625 0.0176389 0.028125 0.0331944 0.0472412
2 0.147422 0.358889 0.0804688 0.0933333 0.0435181
2 0.93125 0.0559896 0.0175 0.0713542 0.0344849
0 0.343125 0.0193142 0.0425 0.038316 0.0298767
0 0.336797 0.021033 0.0339062 0.040434 0.0292053
0 0.368438 0.00902778 0.025 0.0172917 0.0256653
0 0.87125 0.102083 0.05 0.0630556 0.0223694
0 0.359375 0.0165885 0.03625 0.0327951 0.02211
0 0.358125 0.0153125 0.02875 0.0284028 0.0210419
2 0.92875 0.379444 0.025 0.113333 0.0210419
2 0.0142285 0.466667 0.028457 0.127778 0.0173035
2 0.71 0.416111 0.0225 0.0844445 0.0155411
0 0.109063 0.014375 0.04 0.0275 0.0138474
0 0.101719 0.0136719 0.0296875 0.0269618 0.0129242
2 0.0264063 0.636667 0.0523438 0.102222 0.00963593
2 0.0271875 0.6 0.054375 0.153333 0.00937653
2 0.9825 0.0543056 0.0225 0.0555556 0.00923157
0 0.0158594 0.466111 0.0317188 0.128889 0.00793457
0 0.699375 0.986111 0.05125 0.0277778 0.00766754
3 0.49125 0.0271181 0.01 0.0438194 0.00717545
0 0.7675 0.986667 0.1725 0.0266666 0.0069313
3 0.97 0.74 0.00750001 0.03 0.00638962
0 0.102656 0.0156944 0.039375 0.0298611 0.00582123
2 0.71125 0.429444 0.02 0.0666667 0.00524139
0 0.0289453 0.661667 0.0569531 0.0922222 0.0049057
2 0.0265234 0.616111 0.0448438 0.0877778 0.00445175
3 0.969375 0.691111 0.00749995 0.0222222 0.00443268
7 0.98 0.853889 0.00750001 0.0233333 0.00441742
0 0.106719 0.01875 0.0415625 0.0334722 0.00432968
0 0.37125 0.0123958 0.025 0.0247917 0.00388527
2 0.68625 0.408333 0.0725 0.114444 0.00382423
2 0.99375 0.737778 0.00750001 0.0222222 0.00356483
0 0.7375 0.988333 0.11125 0.0211112 0.00243378
0 0.201875 0.0497049 0.03875 0.0517014 0.002388
3 0.3225 0.066875 0.035 0.0630556 0.00232315
2 0.0352344 0.626667 0.0617188 0.102222 0.00232315
3 0.490313 0.0332986 0.01125 0.0559028 0.00230598
0 0.7725 0.982222 0.13375 0.0222222 0.00204277
0 0.3375 0.0174653 0.020625 0.0349306 0.00194931
2 0.98125 0.727778 0.0125 0.0266667 0.00194168
2 0.71125 0.403889 0.025 0.0938889 0.00189686
0 0.102031 0.0208333 0.033125 0.0329167 0.00187492
3 0.95375 0.692778 0.0125 0.0288889 0.00174141
2 0.953125 0.688333 0.01 0.0266667 0.00148964
2 0.9925 0.755556 0.00750001 0.0266667 0.00145531
0 0.845625 0.152361 0.06125 0.0705556 0.00142097
3 0.928125 0.38 0.02375 0.112222 0.00141621
2 0.978125 0.716667 0.01 0.0244444 0.00141621
3 0.98875 0.733333 0.00750001 0.0222222 0.00140476
0 0.106875 0.0622396 0.0478125 0.0580208 0.00139904
2 0.94625 0.0510417 0.0375 0.0695833 0.00133038
2 0.0315625 0.575 0.063125 0.144444 0.00133038
0 0.290313 0.0168924 0.030625 0.0337847 0.00131512
2 0.0195117 0.591111 0.0390234 0.171111 0.00129414
1 0.678125 0.647222 0.21375 0.372222 0.00128937
0 0.0964063 0.0159635 0.0367188 0.0314062 0.00121593
0 0.79875 0.985556 0.11 0.0266667 0.0012064
0 0.0725391 0.122257 0.0525781 0.0799306 0.00116062
2 0.894375 0.0456944 0.0125 0.0419444 0.0011425
0 0.371875 0.0106337 0.03 0.0198438 0.00113392
0 0.86 0.0552778 0.0275 0.0541667 0.00113392
0 0.485 0.0117361 0.0275 0.0234722 0.00112057
0 0.339375 0.0301476 0.04125 0.0581771 0.00109005
0 0.0514941 0.0983333 0.0548242 0.0686111 0.00107288
2 0.846875 0.0218056 0.01 0.0336111 0.00105667
2 0.0167383 0.498889 0.0334766 0.152222 0.00104809
3 0.328438 0.0744444 0.021875 0.0627778 0.00102425
2 0.66375 0.412222 0.11875 0.148889 0.00100422
