0 0.298594 0.761111 0.180937 0.288889 0.958984
0 0.51875 0.747778 0.165 0.305556 0.94873
0 0.7375 0.825 0.1825 0.323333 0.948242
0 0.0780078 0.758889 0.155391 0.28 0.938965
0 0.4475 0.127743 0.1525 0.085625 0.905762
0 0.0320117 0.14941 0.0640234 0.0967361 0.89502
0 0.257813 0.0522917 0.045625 0.0695833 0.882324
3 0.349063 0.429444 0.0525 0.17 0.880371
0 0.142813 0.0716667 0.048125 0.065 0.86084
0 0.768125 0.985556 0.17375 0.0266667 0.854004
0 0.195 0.0616493 0.0428125 0.0714236 0.844727
0 0.233281 0.0338194 0.0365625 0.0511111 0.805664
0 0.167656 0.0465278 0.03625 0.0568056 0.792969
0 0.286875 0.0304861 0.036875 0.0545833 0.785156
0 0.324063 0.0400694 0.04375 0.0658333 0.764648
2 0.9825 0.07 0.02375 0.0597222 0.698242
2 0.94 0.0523611 0.0225 0.0701389 0.680664
0 0.215 0.0204948 0.028125 0.0385938 0.679199
0 0.121719 0.113299 0.034375 0.0639583 0.550781
0 0.193438 0.025625 0.03125 0.0413889 0.357666
0 0.302188 0.0165278 0.025 0.0319444 0.281494
0 0.259688 0.0161806 0.035 0.0323611 0.137939
0 0.325 0.0261458 0.035625 0.0453472 0.100891
0 0.322578 0.0140972 0.0285938 0.0254167 0.0957031
0 0.369375 0.00836806 0.025 0.0163194 0.0623169
0 0.017373 0.103889 0.0347461 0.0594444 0.0389099
2 0.0040625 0.0524306 0.008125 0.0573611 0.0375977
0 0.00429688 0.0582639 0.00851563 0.0613889 0.0321045
0 0.291875 0.0222569 0.035625 0.0399306 0.0319824
3 0.0318945 0.562778 0.0366797 0.175556 0.0293121
2 0.983125 0.059566 0.02375 0.0653125 0.0283356
2 0.994375 0.0798611 0.00875003 0.0594444 0.0227966
2 0.99 0.0749306 0.0125 0.0631944 0.0224609
0 0.0939063 0.0947222 0.0396875 0.0627778 0.0176392
2 0.0259766 0.603889 0.0517188 0.133333 0.0173035
0 0.097168 0.108472 0.0475391 0.0708333 0.0168457
0 0.332578 0.028125 0.0298437 0.0429167 0.0163422
2 0.99 0.732222 0.00750001 0.0222222 0.0161591
0 0.340625 0.0111024 0.0275 0.0221007 0.0152512
0 0.7675 0.986944 0.1725 0.0261111 0.0137405
2 0.121719 0.117639 0.0345313 0.0616667 0.0133743
0 0.3675 0.0119097 0.02625 0.0238194 0.0124817
0 0.369375 0.0101215 0.02625 0.0202431 0.0112457
2 0.78 0.641111 0.0225 0.0711112 0.00948334
0 0.341875 0.0176389 0.0375 0.0320139 0.00891876
2 0.0283203 0.611111 0.0463281 0.0866667 0.00874329
3 0.991875 0.762778 0.00750001 0.0222222 0.0086441
0 0.7 0.986111 0.0475 0.0277778 0.00812531
3 0.78125 0.638333 0.0225 0.0666667 0.00809479
3 0.0306689 0.55125 0.0245996 0.170833 0.00725937
2 0.0246484 0.564583 0.0492969 0.1775 0.00723267
0 0.0205469 0.110312 0.0407813 0.0471528 0.00656509
0 0.212813 0.0402778 0.0159375 0.0430556 0.00538635
2 0.94625 0.0611111 0.0125 0.07375 0.0051384
3 0.0305078 0.608889 0.0416406 0.0977778 0.00510025
2 0.99125 0.763333 0.00749995 0.0211111 0.00488663
2 0.0270117 0.627778 0.0537891 0.122222 0.00486755
0 0.0230078 0.118611 0.0448438 0.0536111 0.00441742
3 0.97125 0.731111 0.00999997 0.0366666 0.00314713
2 0.99375 0.735556 0.00625 0.0222222 0.00284576
0 0.0189063 0.111806 0.0375391 0.0797222 0.00283432
2 0.345625 0.372222 0.02875 0.0661111 0.00282288
0 0.273594 0.0314236 0.0465625 0.051875 0.00269318
2 0.118438 0.125799 0.028125 0.0684028 0.0026722
3 0.969375 0.69 0.00749995 0.0266667 0.00259018
0 0.33875 0.0141319 0.0225 0.0282639 0.00251198
3 0.9525 0.692222 0.00750001 0.0288889 0.0024147
0 0.259688 0.0726389 0.03375 0.0527778 0.00239754
2 0.94875 0.0640972 0.01625 0.075 0.00232315
2 0.00841309 0.0613889 0.0168262 0.0590278 0.00225258
3 0.350625 0.390556 0.025 0.0955556 0.00216484
0 0.7375 0.988333 0.11 0.0211112 0.00209999
0 0.22875 0.0375694 0.0284375 0.0590278 0.0020504
3 0.0220313 0.555556 0.0440625 0.175556 0.00202751
2 0.7925 0.646111 0.045 0.09 0.00191212
0 0.99625 0.0939583 0.00749995 0.0779167 0.00186729
0 0.0167383 0.0698785 0.0334766 0.0716319 0.00176811
0 0.79125 0.985556 0.12625 0.0244445 0.00174141
2 0.0143652 0.0560938 0.0287305 0.065868 0.00167465
2 0.994375 0.823333 0.00875003 0.0311111 0.0016613
2 0.98375 0.728889 0.00999997 0.0244444 0.00146675
2 0.35 0.380556 0.025 0.0788889 0.00141048
0 0.07375 0.0745833 0.0378125 0.0475 0.00134563
0 0.662344 0.293264 0.0603125 0.127917 0.00133514
2 0.995 0.730556 0.00750001 0.0255556 0.00132465
0 0.264375 0.0719444 0.03375 0.0588889 0.00131512
2 0.036875 0.582222 0.05 0.125556 0.00124931
2 0.945625 0.734444 0.00625 0.02 0.00122547
3 0.98 0.718889 0.00750001 0.0244445 0.00118351
2 0.341875 0.361111 0.03125 0.0566666 0.00116062
0 0.4075 0.128021 0.08375 0.0784028 0.00115108
0 0.0200391 0.686667 0.0400781 0.137778 0.00110722
0 0.133281 0.111424 0.0578125 0.0727083 0.00106049
