0 0.180156 0.665556 0.149063 0.273333 0.961426
0 0.316406 0.666111 0.145312 0.283333 0.958008
0 0.526875 0.550556 0.1125 0.243333 0.952148
0 0.301563 0.935 0.19125 0.13 0.946289
0 0.222188 0.393611 0.093125 0.125 0.941895
0 0.115859 0.618889 0.128281 0.215556 0.939453
0 0.376875 0.463333 0.108125 0.193333 0.933105
0 0.62375 0.1775 0.05375 0.0644445 0.930176
0 0.59125 0.108194 0.03375 0.0438889 0.890137
0 0.55375 0.131389 0.035625 0.0494444 0.889648
0 0.4725 0.108472 0.029375 0.0461111 0.88623
0 0.27375 0.160556 0.03375 0.0438889 0.882324
0 0.202656 0.252708 0.0528125 0.07125 0.871582
0 0.174063 0.243056 0.04875 0.0666666 0.868652
0 0.556563 0.0463889 0.020625 0.0272222 0.867188
0 0.240625 0.165556 0.03625 0.0416667 0.85791
0 0.50375 0.0695833 0.02125 0.025 0.856934
0 0.0722656 0.262292 0.0314063 0.0331944 0.855957
0 0.353438 0.0973611 0.02125 0.0283333 0.845703
0 0.75625 0.0638889 0.04 0.0263889 0.835449
0 0.0414063 0.501944 0.0807813 0.147222 0.835449
5 0.0360938 0.275 0.045 0.0622222 0.834473
0 0.3325 0.101667 0.02125 0.0297222 0.82666
0 0.273438 0.131667 0.02375 0.0305556 0.824219
0 0.309063 0.114306 0.023125 0.0288889 0.820801
0 0.00703125 0.325556 0.0140625 0.0283333 0.813965
0 0.52375 0.0397917 0.01625 0.0227778 0.805664
1 0.155 0.216944 0.075 0.112222 0.803711
0 0.421875 0.0604167 0.015 0.0216667 0.791992
0 0.503125 0.0492882 0.01625 0.0250347 0.790527
1 0.0446094 0.94 0.08875 0.12 0.780762
0 0.530625 0.0291667 0.013125 0.0163889 0.775879
7 0.743125 0.173194 0.00625 0.0225 0.770508
0 0.0337305 0.301944 0.0337891 0.0461111 0.769043
7 0.2425 0.281667 0.0075 0.0255555 0.754883
7 0.256719 0.263889 0.00718749 0.0227778 0.747559
0 0.0186523 0.905556 0.0370313 0.186667 0.741699
0 0.400625 0.0643056 0.01375 0.0227778 0.700684
0 0.374375 0.07 0.016875 0.0202778 0.697754
2 0.244219 0.130556 0.00843751 0.0194444 0.642578
0 0.430313 0.0515278 0.013125 0.0209722 0.638672
7 0.94375 0.220278 0.00499999 0.0152778 0.62793
0 0.3075 0.100486 0.018125 0.02375 0.625977
0 0.374375 0.0492361 0.01125 0.0161111 0.604004
2 0.61375 0.0370139 0.0125 0.0208333 0.59082
7 0.0280859 0.38 0.00496094 0.0188889 0.584961
0 0.35625 0.0659722 0.014375 0.0222222 0.57373
0 0.334688 0.081875 0.01625 0.0248611 0.556641
0 0.503125 0.0101042 0.00874999 0.010625 0.550781
7 0.75125 0.162222 0.00499999 0.02 0.546875
0 0.390313 0.0576389 0.013125 0.0168056 0.526367
0 0.428125 0.403333 0.04 0.0766667 0.515625
2 0.65625 0.0390278 0.00625 0.0202778 0.511719
0 0.514375 0.0189583 0.00999997 0.0134722 0.510742
0 0.321563 0.0836806 0.015 0.0229167 0.5
7 0.0428906 0.360556 0.005625 0.0177778 0.496094
0 0.41 0.0568056 0.01375 0.0197222 0.473633
7 0.768125 0.129722 0.00500005 0.0177778 0.46582
0 0.79375 0.794167 0.29375 0.411667 0.461914
7 0.70375 0.0794444 0.00250003 0.0133333 0.449463
0 0.525 0.0369444 0.015 0.02375 0.439697
0 0.479375 0.0240278 0.010625 0.0154861 0.437744
5 0.79125 0.793889 0.29 0.412222 0.433105
2 0.67 0.0525 0.00625 0.0241667 0.428223
0 0.36125 0.0659722 0.011875 0.0219444 0.42627
0 0.37125 0.0520139 0.01 0.0140278 0.425293
0 0.418125 0.031875 0.01 0.0143056 0.403564
0 0.4125 0.0504167 0.01125 0.0169444 0.397949
0 0.355 0.0606944 0.0125 0.0172222 0.377441
0 0.393125 0.04875 0.0125 0.0183333 0.361084
0 0.41 0.0608333 0.0125 0.0230556 0.355713
0 0.406875 0.0451389 0.01125 0.0159722 0.338135
2 0.65875 0.0382639 0.00999997 0.0213889 0.336426
0 0.390625 0.0639583 0.0125 0.0234722 0.324219
2 0.74625 0.125 0.00749995 0.0283333 0.320801
0 0.34375 0.0861111 0.015 0.0256945 0.294189
0 0.42875 0.0317361 0.010625 0.0163889 0.289307
0 0.49625 0.0140278 0.00874999 0.0119444 0.286133
7 0.06625 0.298333 0.00421875 0.0144444 0.276611
7 0.753125 0.1625 0.00625 0.02 0.267334
7 0.70125 0.197222 0.00750001 0.025 0.24939
0 0.434063 0.0265625 0.00812499 0.0145139 0.248047
0 0.389063 0.0502083 0.010625 0.0156944 0.237915
2 0.0555469 0.288611 0.00875 0.03 0.235107
7 0.70125 0.0777778 0.00499999 0.0163889 0.223389
0 0.482813 0.00944445 0.00749998 0.0102778 0.218628
0 0.315 0.100556 0.01625 0.0233333 0.205566
0 0.338125 0.0751389 0.01375 0.0220833 0.204956
2 0.745 0.126667 0.00750001 0.0266667 0.182373
7 0.754375 0.159444 0.00625 0.0183333 0.180664
0 0.44375 0.0134028 0.00749998 0.0111111 0.178955
0 0.366875 0.0508333 0.00750001 0.0123611 0.178955
2 0.68375 0.0384722 0.00999997 0.0227778 0.174438
0 0.00592774 0.274444 0.0118555 0.0261111 0.171021
3 0.68625 0.0405382 0.00625 0.0244792 0.158203
0 0.405625 0.0338194 0.00874999 0.0127778 0.136597
7 0.7 0.200278 0.00750001 0.035 0.12854
0 0.42875 0.024375 0.010625 0.0147222 0.126831
7 0.68625 0.0790278 0.00499999 0.0119444 0.125977
7 0.94375 0.213056 0.00499999 0.0166667 0.125488
7 0.7675 0.132083 0.00499999 0.0147222 0.122925
0 0.421875 0.0514583 0.01375 0.0209722 0.121704
0 0.494688 0.0202778 0.01125 0.0143056 0.119629
0 0.495625 0.0227083 0.01125 0.0154167 0.11676
0 0.35625 0.0809028 0.01625 0.0188889 0.116333
5 0.422813 0.0145833 0.009375 0.0148611 0.107788
7 0.0754687 0.292778 0.00375 0.0111111 0.102661
0 0.17875 0.218611 0.031875 0.0505556 0.102295
0 0.339688 0.0698611 0.015 0.0161111 0.0974121
1 0.79375 0.794444 0.2925 0.411111 0.0910645
0 0.529375 0.0248264 0.0125 0.0145139 0.0872803
0 0.3425 0.0707639 0.01625 0.0201389 0.0856934
0 0.00546875 0.268333 0.0108984 0.0222222 0.0742188
3 0.675 0.0360764 0.00499999 0.0202083 0.0698242
0 0.429688 0.0558333 0.013125 0.0205556 0.0616455
7 0.94125 0.219167 0.00500005 0.015 0.0585632
7 0.085 0.2825 0.005625 0.0138889 0.0574951
2 0.66375 0.0364931 0.00499999 0.0196528 0.0566406
3 0.195 0.150972 0.004375 0.0208333 0.0535889
7 0.7725 0.147222 0.00499999 0.0163889 0.0528259
2 0.671875 0.0464063 0.00750001 0.0263542 0.0518494
0 0.43625 0.014375 0.00750001 0.0119444 0.0488586
0 0.453438 0.00993056 0.00625 0.00861111 0.0488586
2 0.244063 0.127917 0.0075 0.0216667 0.0453491
0 0.00981934 0.2725 0.0172363 0.0266667 0.0448608
3 0.204375 0.1525 0.00687501 0.0238889 0.0401001
0 0.17875 0.186667 0.0275 0.0491667 0.0375977
0 0.5525 0.0188889 0.0112501 0.01375 0.0362244
3 0.68875 0.0440972 0.00499999 0.0255556 0.0358276
0 0.0248242 0.275833 0.0269922 0.0472222 0.033844
2 0.583125 0.0125 0.00874996 0.0138889 0.0327148
0 0.0299023 0.293333 0.0303516 0.0366667 0.0321045
2 0.72625 0.0361806 0.00499999 0.0180556 0.0313721
0 0.309688 0.0939583 0.01875 0.02625 0.029541
2 0.609375 0.040816 0.015625 0.0205903 0.0272675
0 0.0140039 0.268889 0.0184375 0.0411111 0.0270691
2 0.237188 0.137361 0.00625 0.0191667 0.024231
7 0.594688 0.0455556 0.00374997 0.0133333 0.0241394
0 0.0398438 0.91 0.0796875 0.175556 0.0237732
3 0.247188 0.130556 0.00687499 0.0194444 0.0235138
7 0.76625 0.125694 0.00499999 0.0186111 0.0227203
3 0.7175 0.0345139 0.00499999 0.0165278 0.02211
0 0.53375 0.00875 0.00625 0.00861111 0.0216217
2 0.0520313 0.277222 0.0154688 0.0388889 0.021286
7 0.69125 0.186389 0.00750001 0.0244445 0.0210419
3 0.884375 0.0627778 0.00499999 0.0233333 0.0204163
0 0.528125 0.0159028 0.00874999 0.0145833 0.0202484
7 0.765 0.150556 0.00500005 0.0161111 0.0202484
3 0.18875 0.168333 0.005 0.0233333 0.0179138
0 0.0180078 0.304444 0.0167969 0.0355555 0.0171814
0 0.499375 0.00559028 0.00750001 0.0111806 0.016983
0 0.303281 0.102986 0.0196875 0.0223611 0.0166626
2 0.434688 0.403611 0.0275 0.075 0.0159607
0 0.413125 0.0229167 0.0125 0.0126389 0.0156708
0 0.36 0.0770139 0.0125 0.0213889 0.0156021
7 0.19625 0.193611 0.00625 0.0166667 0.0139542
7 0.253438 0.265556 0.00999999 0.0244444 0.0132751
7 0.0684375 0.298056 0.00609375 0.0172222 0.0125275
5 0.42 0.0186806 0.0125 0.0186111 0.012291
0 0.449063 0.0161806 0.00625 0.0122222 0.0121918
2 0.744375 0.116528 0.00750001 0.0452778 0.0118713
2 0.668125 0.0491667 0.00749995 0.0216667 0.011467
0 0.68875 0.0277431 0.02 0.0158333 0.0114212
7 0.73 0.121667 0.00499999 0.0233333 0.0104904
0 0.5525 0.0133333 0.00812505 0.0105556 0.0101318
3 0.729375 0.0916667 0.00499999 0.0288889 0.0100937
3 0.214375 0.135556 0.00406251 0.0161111 0.00997162
3 0.175469 0.171389 0.0184375 0.0255556 0.00930023
2 0.74625 0.127257 0.00875003 0.0388194 0.00905609
7 0.585625 0.0464583 0.00374997 0.0133333 0.00901794
3 0.229063 0.131806 0.00562499 0.0211111 0.0086441
0 0.515625 0.0226389 0.01 0.0170833 0.00861359
0 0.269844 0.15125 0.03375 0.0380556 0.00844574
0 0.00545898 0.298889 0.0101367 0.0266667 0.00831604
2 0.203125 0.143472 0.00875001 0.0219444 0.00828552
3 0.89 0.0629861 0.00374997 0.0241667 0.00746155
0 0.399375 0.0701389 0.01875 0.0275 0.00723267
2 0.738125 0.120799 0.01375 0.0372917 0.00669098
7 0.209063 0.155833 0.005 0.0216667 0.00669098
0 0.39375 0.0323264 0.00749998 0.00972222 0.00643921
3 0.00620972 0.379167 0.00726807 0.0272222 0.00582123
7 0.694375 0.0466667 0.00374997 0.01875 0.00577545
3 0.196094 0.165417 0.00687499 0.0361111 0.0055542
3 0.00501465 0.378611 0.00723633 0.0311111 0.0055542
0 0.00650391 0.521667 0.0130078 0.0988889 0.00548935
0 0.178125 0.176667 0.02625 0.035 0.00542831
0 0.99625 0.125833 0.00749995 0.0294444 0.0051384
0 0.479375 0.0179861 0.01 0.0163889 0.00510025
2 0.196563 0.144306 0.008125 0.0225 0.0050621
7 0.214688 0.156944 0.00406249 0.015 0.0050621
0 0.755 0.0540972 0.035 0.0218056 0.00500107
0 0.524375 0.0447222 0.01625 0.0268056 0.00500107
0 0.182813 0.215833 0.030625 0.0327778 0.00498199
0 0.995625 0.136667 0.00874996 0.0311111 0.00494385
2 0.7125 0.0461806 0.00750001 0.0129167 0.00453949
0 0.0152148 0.306667 0.0290625 0.0355556 0.00446701
7 0.00667114 0.38 0.00814209 0.0266667 0.00434875
1 0.3425 0.0588889 0.020625 0.0336111 0.00429916
7 0.688125 0.183333 0.00625 0.0211111 0.0042305
3 0.0553516 0.296667 0.00757812 0.0388889 0.00421524
7 0.11625 0.228472 0.00421875 0.0166667 0.00413513
0 0.162031 0.206667 0.059375 0.0905556 0.0039444
0 0.129375 0.224722 0.02625 0.0283333 0.0039444
0 0.47375 0.0225 0.01125 0.0138889 0.00388527
0 0.459063 0.00460069 0.00687501 0.00920139 0.00385475
0 0.538125 0.00510417 0.009375 0.0102083 0.00383949
0 0.3875 0.0338194 0.00749998 0.0127778 0.00366402
3 0.89375 0.0643056 0.00499999 0.0208333 0.00365067
7 0.08375 0.29 0.005 0.0144444 0.00365067
0 0.169063 0.17375 0.0175 0.0277778 0.00356483
2 0.925 0.0856944 0.00750001 0.0208333 0.00346947
0 0.41875 0.0644445 0.0125 0.0247222 0.00341606
0 0.172969 0.180972 0.0265625 0.0425 0.00328636
3 0.715 0.167222 0.00999997 0.0811111 0.00318527
3 0.4225 0.402778 0.0275 0.08 0.00317192
7 0.0946875 0.278333 0.0034375 0.0111111 0.00312424
2 0.62375 0.0330556 0.00625 0.0140278 0.003088
2 0.73375 0.109132 0.00999997 0.0467361 0.0030632
7 0.94375 0.234167 0.00625 0.0238889 0.00302696
0 0.355313 0.0541667 0.009375 0.0169444 0.00298119
3 0.41875 0.388889 0.010625 0.0511111 0.00288963
3 0.420625 0.42 0.0325 0.108889 0.00286674
2 0.735 0.119479 0.00750001 0.0327083 0.00284576
2 0.884375 0.0530556 0.00625 0.0180556 0.00275803
2 0.277188 0.105278 0.01125 0.0177778 0.00273705
0 0.96 0.104236 0.015 0.0159722 0.00257111
3 0.204063 0.163056 0.010625 0.0383333 0.00250244
0 0.301094 0.112535 0.01625 0.0232639 0.00236893
7 0.72625 0.131389 0.00499999 0.015 0.00232315
0 0.139688 0.1825 0.0140625 0.0266667 0.00232315
3 0.22625 0.140278 0.004375 0.0177778 0.00227928
0 0.556875 0.0384722 0.01875 0.0219444 0.00226974
3 0.429063 0.425556 0.01625 0.109444 0.00223351
2 0.422188 0.401389 0.01875 0.0761111 0.00218201
2 0.64375 0.0277083 0.00499999 0.0114583 0.00217438
2 0.6125 0.0468056 0.0125 0.0258333 0.00216484
0 0.32375 0.0734722 0.0125 0.0202778 0.00206757
3 0.428125 0.423056 0.03375 0.109444 0.00202751
0 0.97625 0.114306 0.015 0.0186111 0.00201988
0 0.44375 0.0241667 0.00625 0.0126389 0.00200272
0 0.00474609 0.331667 0.00939453 0.04 0.00198746
2 0.7275 0.0414062 0.00625 0.0169097 0.00195694
2 0.284375 0.105139 0.00656252 0.0186111 0.00185299
3 0.715 0.170417 0.00749995 0.06 0.00183868
0 0.00483398 0.531389 0.00966797 0.085 0.00182438
0 0.498125 0.0535938 0.02375 0.0342014 0.00178242
3 0.0754687 0.227083 0.00523438 0.0138889 0.00174141
0 0.273438 0.986667 0.1475 0.0244445 0.00160408
5 0.00395264 0.2475 0.00790527 0.03 0.00159168
0 0.527188 0.0398785 0.018125 0.0238542 0.00151253
3 0.430938 0.406667 0.035625 0.0788889 0.00150108
0 0.00598633 0.546667 0.0117969 0.0566666 0.00150108
2 0.715 0.0673611 0.00999997 0.0269444 0.00148964
0 0.7675 0.070625 0.045 0.0256944 0.00138855
3 0.0847656 0.212639 0.005625 0.0169444 0.00134087
3 0.214219 0.293889 0.00906251 0.0544445 0.00133038
0 0.29625 0.0897222 0.00749998 0.0191667 0.00132465
3 0.213438 0.123333 0.00562499 0.0191667 0.00132465
3 0.167344 0.160278 0.00718749 0.0205556 0.00131512
0 0.0455469 0.228333 0.009375 0.0172222 0.00125504
2 0.79375 0.0773611 0.01125 0.0275 0.00123978
0 0.152891 0.239167 0.0679688 0.0677778 0.00122547
0 0.138125 0.2375 0.0384375 0.0488889 0.00121117
0 0.00421875 0.498889 0.00842774 0.115556 0.0012064
0 0.00786133 0.475556 0.0157031 0.1 0.00119209
0 0.29625 0.0956944 0.021875 0.0288889 0.00117874
1 0.0455078 0.91 0.0910156 0.18 0.0011425
3 0.0569922 0.291111 0.0108594 0.0266667 0.00113392
3 0.65 0.0255903 0.00750001 0.0217361 0.00112915
2 0.90375 0.0670833 0.00500005 0.0213889 0.00112057
0 0.504375 0.0336458 0.0125 0.0182639 0.00109863
2 0.175313 0.159167 0.0075 0.02 0.00107765
0 0.186406 0.158056 0.00625 0.0205556 0.00106525
0 0.439375 0.0467361 0.01375 0.0208333 0.00103664
2 0.124219 0.191667 0.005625 0.0177778 0.00103188
0 0.163281 0.196389 0.0521875 0.0697222 0.00101662
0 0.988125 0.120833 0.01875 0.0222222 0.00100422
