0 0.333672 0.311111 0.0776562 0.106667 0.961426
0 0.106875 0.615417 0.133125 0.220278 0.953613
0 0.26125 0.487778 0.121875 0.19 0.951172
0 0.220781 0.409722 0.101563 0.141111 0.936523
0 0.199688 0.256111 0.05125 0.0688889 0.906738
0 0.287344 0.1625 0.0403125 0.0594444 0.895508
0 0.0296484 0.470833 0.0592969 0.128333 0.888184
0 0.33625 0.118889 0.02625 0.0386111 0.887207
0 0.0800781 0.2575 0.0351562 0.0355555 0.871582
0 0.254063 0.158611 0.031875 0.0416667 0.862305
0 0.060166 0.376111 0.0613867 0.09 0.85791
0 0.503125 0.0334028 0.0125 0.0184722 0.842773
7 0.7025 0.198889 0.00749995 0.0238889 0.837402
0 0.0259424 0.308889 0.0312402 0.0383333 0.832031
7 0.244063 0.280833 0.0078125 0.0233333 0.813965
3 0.72125 0.177222 0.0125 0.0655556 0.782715
0 0.425 0.0588889 0.015 0.0211111 0.778809
1 0.322422 0.0822917 0.0464063 0.0651389 0.758301
7 0.257812 0.262778 0.00718751 0.0233333 0.756348
2 0.27625 0.114479 0.015 0.0215972 0.754883
0 0.405938 0.0615278 0.014375 0.0213889 0.751953
0 0.390625 0.0650694 0.015625 0.0223611 0.750488
7 0.7425 0.172778 0.00750001 0.0205556 0.708984
7 0.0284375 0.378333 0.00515625 0.02 0.702637
2 0.622188 0.0241667 0.009375 0.0158333 0.699219
0 0.50125 0.0103472 0.01 0.0127083 0.697754
0 0.36875 0.0811111 0.02 0.0318056 0.697754
7 0.76875 0.129722 0.00375004 0.0166667 0.640625
0 0.243438 0.158889 0.0325 0.0372222 0.625977
0 0.432188 0.0495833 0.01375 0.0188889 0.592773
3 0.114688 0.236389 0.006875 0.0277778 0.59082
0 0.394063 0.0470833 0.011875 0.0175 0.563965
7 0.751875 0.163333 0.00499999 0.0194444 0.539062
7 0.945 0.219444 0.00499999 0.0166667 0.515625
0 0.4125 0.0508333 0.01125 0.0183333 0.511719
0 0.426563 0.0566667 0.015625 0.0211111 0.495117
0 0.38 0.0534722 0.0125 0.0216667 0.455078
7 0.16375 0.202778 0.00374999 0.0122222 0.445557
0 0.0392383 0.28 0.0376172 0.0444444 0.411133
2 0.67125 0.0426563 0.00875003 0.0257986 0.394287
0 0.434375 0.0247222 0.00874999 0.0122222 0.37207
0 0.404063 0.0438194 0.009375 0.0161111 0.343262
7 0.94625 0.214167 0.00499999 0.0175 0.341553
5 0.485 0.0110417 0.009375 0.0161806 0.331055
2 0.67 0.0443056 0.00750001 0.0256944 0.317383
5 0.0385352 0.281667 0.0371484 0.0466667 0.294922
2 0.588125 0.0206944 0.00875003 0.015 0.291016
0 0.315 0.103889 0.02 0.0322222 0.282959
0 0.379375 0.0591667 0.0125 0.0211111 0.275146
7 0.700625 0.0783333 0.00374997 0.0165278 0.270508
0 0.0417969 0.288056 0.0332031 0.0377778 0.267334
0 0.426875 0.0322222 0.00875003 0.0131944 0.255371
0 0.412813 0.0583333 0.01375 0.0219444 0.252441
7 0.7725 0.146389 0.00499999 0.0172222 0.235107
2 0.659375 0.0308333 0.01125 0.0152778 0.213379
7 0.705 0.0792361 0.00375004 0.0116667 0.212769
7 0.145313 0.211944 0.00374999 0.0122222 0.206299
0 0.43375 0.0228819 0.01 0.0120139 0.199341
7 0.0664844 0.298889 0.00414062 0.0122222 0.192505
0 0.428125 0.0426215 0.01375 0.0205903 0.147583
7 0.0445703 0.315 0.00398438 0.0144444 0.142212
2 0.66125 0.029375 0.0125 0.0152778 0.141724
7 0.7525 0.161806 0.00500005 0.0188889 0.125977
0 0.5 0.00670139 0.00812502 0.0134028 0.118408
0 0.4525 0.0105208 0.00750001 0.00930556 0.11676
7 0.0748438 0.293333 0.0034375 0.0111111 0.10968
0 0.404688 0.0340278 0.00874999 0.0131944 0.104126
7 0.74625 0.125 0.00500005 0.0183333 0.0963745
0 0.0126172 0.440833 0.0252344 0.0872222 0.0943604
7 0.65625 0.0504167 0.00375004 0.0113889 0.0939941
7 0.0846875 0.276111 0.004375 0.00999999 0.0841675
7 0.94125 0.219167 0.00500005 0.0155556 0.0820923
5 0.0180371 0.245 0.0179102 0.0255556 0.0731812
0 0.0256836 0.298333 0.0300391 0.0338889 0.0720825
2 0.586563 0.0158681 0.00999997 0.0185417 0.0685425
0 0.310313 0.0934722 0.023125 0.0322222 0.0675659
0 0.413125 0.0336111 0.00749998 0.0140278 0.0614319
7 0.145781 0.221111 0.0034375 0.0102778 0.0611877
7 0.69125 0.183611 0.00750001 0.0222222 0.0583496
0 0.365625 0.0765278 0.0175 0.0277778 0.0577087
7 0.0436719 0.357778 0.00734375 0.0311111 0.0539856
7 0.7325 0.183333 0.00999997 0.0238889 0.0522461
0 0.445625 0.0143056 0.00750001 0.0118056 0.0501404
7 0.06875 0.3 0.0046875 0.0144444 0.042572
3 0.196563 0.151944 0.005 0.0230555 0.0411377
7 0.76375 0.150972 0.00499999 0.0169444 0.0409851
2 0.66875 0.0336806 0.015 0.0165278 0.0375977
7 0.140156 0.215556 0.003125 0.0122222 0.037384
0 0.0385156 0.291667 0.0388281 0.0355555 0.0330811
0 0.309219 0.0893056 0.0196875 0.0358333 0.0322266
0 0.440625 0.0459549 0.01125 0.0186458 0.0276947
0 0.0177441 0.458333 0.0354883 0.117778 0.0271759
0 0.48625 0.0152431 0.00999997 0.0134722 0.0261536
0 0.43 0.0568056 0.0125 0.0190278 0.0257568
2 0.28375 0.104861 0.00562499 0.015 0.0255585
2 0.205938 0.151111 0.00687501 0.025 0.0249939
0 0.45875 0.00496528 0.00625 0.00993056 0.0242767
0 0.336875 0.0690278 0.01875 0.0369444 0.0231476
0 0.201406 0.233889 0.0403125 0.0533334 0.0220337
7 0.695 0.050625 0.00250003 0.0105556 0.021698
0 0.45 0.0159722 0.00687501 0.0119444 0.0204926
0 0.0280811 0.287222 0.0296191 0.0422222 0.0197144
3 0.112813 0.237083 0.0071875 0.0280556 0.0195312
0 0.361875 0.0794444 0.01625 0.0252778 0.0190582
0 0.200313 0.236111 0.033125 0.0411111 0.0173035
3 0.184531 0.158333 0.005 0.025 0.0170441
0 0.43625 0.0138889 0.00687497 0.00930556 0.016922
7 0.690625 0.0533333 0.00249996 0.0105556 0.0166626
7 0.00758911 0.380556 0.00685303 0.0205555 0.0151901
7 0.595 0.0466667 0.00374997 0.0125 0.0146179
7 0.0332422 0.379722 0.00695312 0.02 0.0141144
0 0.375625 0.0677778 0.01625 0.0252778 0.0125275
7 0.245625 0.134167 0.0075 0.015 0.012291
7 0.135312 0.223611 0.0028125 0.01 0.012291
0 0.37375 0.0579167 0.01375 0.0238889 0.0118713
3 0.00958008 0.269444 0.00873047 0.0211111 0.0112457
0 0.340625 0.0522222 0.01 0.0155556 0.00959778
0 0.3975 0.0325694 0.00812502 0.0106944 0.00945282
7 0.0278516 0.377222 0.00691406 0.0227778 0.0091629
7 0.615938 0.0484722 0.00375004 0.0116667 0.00871277
2 0.0567578 0.242639 0.00914063 0.0202778 0.00861359
2 0.66875 0.0436806 0.01 0.0231944 0.00821686
7 0.249219 0.129444 0.0065625 0.0138889 0.00818634
0 0.210625 0.387222 0.0775 0.0822222 0.00809479
0 0.33875 0.0800694 0.01625 0.0368056 0.00800323
7 0.125156 0.222778 0.00281251 0.0138889 0.00714874
7 0.65 0.0513194 0.00375004 0.0130556 0.00664139
0 0.995313 0.131667 0.00937494 0.0327778 0.00653839
2 0.734375 0.0352083 0.00499999 0.0188889 0.00651169
0 0.0243359 0.45 0.0486719 0.09 0.0064888
2 0.6225 0.0209722 0.009375 0.0218056 0.00629044
2 0.620625 0.0247917 0.0125 0.0168056 0.00629044
3 0.885 0.061875 0.00374997 0.0201389 0.00600433
7 0.253281 0.139722 0.00687501 0.0141667 0.00575256
0 0.0529297 0.362222 0.0294531 0.0477778 0.00559998
7 0.730625 0.0961111 0.00374997 0.0277778 0.00521851
0 0.99625 0.126389 0.00749995 0.0322222 0.00498199
0 0.275469 0.117222 0.0159375 0.0230556 0.00498199
7 0.0835938 0.29 0.0046875 0.0155555 0.00479126
0 0.499063 0.0103472 0.01125 0.0126389 0.00475693
7 0.685 0.048125 0.00250003 0.00861111 0.00471878
0 0.355313 0.0722222 0.015 0.0222222 0.00471878
3 0.00567871 0.263889 0.00603516 0.0166667 0.00453949
7 0.74875 0.128889 0.00499999 0.0188889 0.00450516
3 0.167344 0.158611 0.00625 0.0175 0.00426483
2 0.295781 0.102847 0.00562503 0.0143056 0.00416565
5 0.0141309 0.250139 0.0224414 0.0291667 0.0041008
3 0.580312 0.00678819 0.00499999 0.0135764 0.00407028
0 0.326875 0.0722917 0.034375 0.0334722 0.0039444
2 0.5775 0.015 0.00875003 0.0169444 0.00362206
3 0.182813 0.164583 0.0059375 0.0266667 0.00348282
3 0.208438 0.154306 0.00625 0.0280556 0.00346947
0 0.668125 0.0259722 0.0199999 0.0173611 0.00341606
7 0.71375 0.0490278 0.00499999 0.0119444 0.00335121
2 0.60375 0.0411806 0.00625 0.0204167 0.00327301
3 0.705625 0.0303472 0.00374997 0.0141667 0.00324821
7 0.00558106 0.378333 0.00850586 0.0283333 0.00319672
0 0.0140332 0.453056 0.0279883 0.0905555 0.00309944
5 0.3625 0.0371875 0.0275 0.0302083 0.00286674
2 0.716875 0.0698611 0.00875003 0.0297222 0.00286674
0 0.0605078 0.361111 0.0436719 0.0622222 0.00286674
3 0.230781 0.130417 0.0059375 0.0227778 0.00284576
7 0.16875 0.197917 0.004375 0.0113889 0.00274658
2 0.00493652 0.275278 0.00696289 0.0183333 0.00255013
0 0.199063 0.241111 0.04375 0.0477778 0.00253105
5 0.359688 0.0414063 0.04 0.0446875 0.00247192
2 0.60375 0.0344097 0.00562503 0.0178472 0.00247192
2 0.7325 0.109167 0.00999997 0.0380556 0.00247192
7 0.0561719 0.307778 0.005 0.0155556 0.00245285
3 0.0662891 0.270556 0.00484375 0.0255555 0.00235939
3 0.731875 0.117222 0.00750001 0.0513889 0.00234985
3 0.115156 0.244167 0.006875 0.0394444 0.00234222
2 0.7275 0.0352083 0.00625 0.0169444 0.00214958
0 0.29625 0.09 0.00812502 0.0222222 0.00211525
0 0.39 0.0702778 0.015 0.0269444 0.00211525
0 0.0156738 0.243889 0.0197461 0.0327778 0.00211525
7 0.0661719 0.307222 0.00390625 0.0155555 0.00203514
0 0.207188 0.23875 0.0325 0.0602778 0.00200272
7 0.645 0.0629167 0.00250003 0.01 0.0019722
0 0.425625 0.0143056 0.00500002 0.0100694 0.00195694
7 0.095 0.273333 0.00375 0.0144444 0.00189686
3 0.89375 0.065 0.00499999 0.0190278 0.00186729
3 0.733125 0.0411111 0.00625 0.0204167 0.00181007
0 0.96125 0.104444 0.0175 0.0172222 0.00181007
2 0.73375 0.112778 0.00749995 0.0361111 0.00181007
0 0.347813 0.09375 0.03 0.0372222 0.00173378
0 0.99 0.125278 0.0199999 0.0283333 0.00171375
3 0.190313 0.155833 0.00625 0.0277778 0.0017004
2 0.71625 0.0741667 0.00750001 0.0241667 0.0016489
3 0.122891 0.190972 0.00640625 0.02 0.00163555
7 0.29375 0.116111 0.00500002 0.0122222 0.00162315
0 0.208438 0.406389 0.07625 0.124444 0.00161076
0 0.3675 0.0479167 0.01 0.015 0.00151253
7 0.655 0.0618056 0.00249996 0.00916667 0.00149536
0 0.00318604 0.366111 0.00637207 0.0388889 0.00148964
0 0.986875 0.133611 0.02625 0.0327778 0.0014267
2 0.00296875 0.355 0.0059375 0.0405556 0.00139904
3 0.196563 0.167222 0.0046875 0.0238889 0.00135612
7 0.0323438 0.375556 0.00816406 0.0211111 0.00135612
0 0.0464063 0.228333 0.01 0.0191667 0.00132465
2 0.168438 0.16 0.00687499 0.0188889 0.00132465
3 0.0149512 0.253333 0.0138086 0.0244444 0.00131989
7 0.766875 0.135417 0.00499999 0.0161111 0.00126457
0 0.47125 0.0207639 0.01 0.0147222 0.00118351
2 0.204688 0.143333 0.010625 0.0233333 0.00117874
7 0.76625 0.124444 0.00374997 0.0177778 0.0011692
2 0.0757813 0.230278 0.00765625 0.0205556 0.00115108
3 0.235156 0.139028 0.0059375 0.0163889 0.00107288
0 0.443125 0.0278472 0.00750001 0.0125 0.00106525
2 0.244375 0.125556 0.0059375 0.0188889 0.00103664
0 0.0530469 0.286667 0.0173438 0.0255556 0.00103664
3 0.5325 0.0454167 0.00687497 0.0209722 0.00102425
