0 0.511875 0.858333 0.17125 0.28 0.961914
0 0.6725 0.623472 0.15125 0.299722 0.958984
0 0.81375 0.515 0.1525 0.24 0.956543
0 0.948125 0.898333 0.10375 0.201111 0.956543
0 0.346563 0.541111 0.11875 0.221111 0.95166
0 0.709375 0.307847 0.09625 0.119861 0.945312
0 0.4975 0.466389 0.09125 0.179444 0.943359
0 0.249063 0.94 0.159375 0.12 0.940918
0 0.40625 0.342222 0.078125 0.127778 0.932617
0 0.507188 0.322222 0.069375 0.116667 0.932129
5 0.6 0.283403 0.1075 0.190972 0.931641
0 0.595625 0.0711111 0.04625 0.0315278 0.891602
0 0.440938 0.07875 0.038125 0.03 0.871582
0 0.735 0.0520139 0.0375 0.0252778 0.84375
5 0.0858008 0.241944 0.0549609 0.0688889 0.832031
0 0.0319336 0.303056 0.0321484 0.0438889 0.82666
7 0.2425 0.281667 0.00687499 0.0244445 0.813965
2 0.1825 0.212361 0.015625 0.0341667 0.792969
7 0.743125 0.173194 0.00625 0.0219444 0.788086
0 0.00671875 0.325556 0.0133984 0.0277778 0.788086
0 0.766875 0.0623611 0.04125 0.0258333 0.782715
7 0.256875 0.263611 0.00687501 0.0211111 0.777344
0 0.344375 0.0811806 0.018125 0.0243056 0.753418
0 0.424375 0.0563194 0.016875 0.02375 0.737305
0 0.365 0.07375 0.018125 0.0225 0.733887
0 0.326172 0.0890278 0.0164063 0.0230556 0.710449
2 0.272656 0.117917 0.010625 0.0186111 0.692871
0 0.51125 0.0221528 0.00999997 0.0136111 0.6875
1 0.360625 0.0540972 0.02625 0.0393056 0.663574
0 0.0422754 0.278889 0.030293 0.0283333 0.65332
7 0.94375 0.22 0.00499999 0.0155556 0.554688
7 0.751875 0.161389 0.00625 0.0197222 0.546875
2 0.613125 0.0352778 0.0125 0.02125 0.544922
7 0.0281641 0.379167 0.00460938 0.0172222 0.537109
0 0.382188 0.0686111 0.0175 0.0244444 0.529297
0 0.400313 0.05 0.011875 0.0183333 0.498047
0 0.346563 0.0829167 0.019375 0.0255556 0.476562
0 0.393125 0.0580556 0.01375 0.0215278 0.470703
0 0.0399023 0.284167 0.0347266 0.0383333 0.464844
0 0.378125 0.050625 0.01375 0.0219444 0.457031
0 0.00331543 0.321389 0.00663086 0.0333333 0.449463
0 0.34 0.0804167 0.015 0.0236111 0.44751
7 0.7675 0.130556 0.00499999 0.0163889 0.442627
0 0.431875 0.0220833 0.00874999 0.0120833 0.393311
0 0.411875 0.042934 0.01 0.0171875 0.392334
0 0.432188 0.0276389 0.01 0.0159722 0.377441
7 0.70375 0.0784722 0.00250003 0.0130556 0.350342
7 0.164219 0.205556 0.00406249 0.0136111 0.336426
0 0.39875 0.0475 0.0125 0.0161111 0.334473
7 0.74625 0.127778 0.00500005 0.0180556 0.313965
7 0.745 0.125278 0.00499999 0.0166667 0.307373
0 0.34125 0.0780556 0.01375 0.02 0.287842
7 0.75375 0.159861 0.00750001 0.0194444 0.282959
7 0.701875 0.198194 0.00750001 0.0252778 0.27832
7 0.70125 0.0781944 0.00499999 0.0166667 0.269043
2 0.633125 0.0385938 0.02125 0.0192014 0.255371
7 0.753125 0.162361 0.00625 0.0202778 0.250977
7 0.945 0.212639 0.00499999 0.0161111 0.245117
0 0.379375 0.0668056 0.015 0.0252778 0.241455
0 0.63375 0.0389583 0.0225 0.0191667 0.233765
0 0.375 0.0547222 0.01375 0.0252778 0.206299
2 0.6075 0.040625 0.01375 0.0197222 0.205566
0 0.405 0.0318056 0.00875003 0.01125 0.204956
7 0.0667969 0.295556 0.0046875 0.0166667 0.203735
0 0.0362305 0.291389 0.0355078 0.0472222 0.202393
3 0.67 0.0473785 0.00499999 0.0199653 0.195557
1 0.3575 0.0604167 0.02 0.0347222 0.193726
0 0.424375 0.0338194 0.00874999 0.01625 0.188354
0 0.00698242 0.275 0.0138867 0.0288889 0.182983
0 0.524375 0.00798611 0.00625 0.00944445 0.182373
7 0.69 0.0543056 0.00250003 0.0111111 0.179565
0 0.418125 0.0336458 0.01 0.0149306 0.169922
0 0.451875 0.00819444 0.00750001 0.00986111 0.168823
7 0.7 0.201667 0.00750001 0.0322222 0.145142
0 0.526875 0.0249653 0.00750001 0.0158333 0.137939
0 0.38625 0.0501389 0.01125 0.0222222 0.134766
7 0.145391 0.221528 0.0034375 0.0108333 0.129395
7 0.65625 0.0481944 0.00375004 0.00777778 0.122131
0 0.528125 0.0244444 0.00749998 0.015 0.119995
0 0.0305469 0.297778 0.0284375 0.0333333 0.118774
7 0.144688 0.211667 0.00359375 0.0127778 0.117554
7 0.0427344 0.359444 0.00546875 0.0166667 0.11554
0 0.430625 0.0488889 0.01125 0.0188889 0.112
0 0.4475 0.0110417 0.00874999 0.0108333 0.105591
0 0.00944824 0.324167 0.0184277 0.03 0.103394
7 0.0839063 0.291667 0.004375 0.0133333 0.0977173
0 0.34375 0.075 0.0175 0.0245833 0.0891113
6 0.633438 0.0377778 0.021875 0.0202778 0.0881958
7 0.94125 0.218889 0.00500005 0.015 0.0853882
2 0.27 0.117778 0.01125 0.0191667 0.0761108
3 0.205156 0.151667 0.0059375 0.0227778 0.0700684
7 0.773125 0.146389 0.00499999 0.0166667 0.0692749
7 0.255938 0.266667 0.008125 0.0255556 0.0653687
0 0.436875 0.0128472 0.00750001 0.0125 0.0628052
3 0.362188 0.384444 0.02375 0.0644445 0.0616455
0 0.410938 0.0491667 0.01125 0.0177778 0.0419312
2 0.72625 0.0350694 0.00499999 0.0154167 0.0360718
0 0.369063 0.0722917 0.020625 0.0252778 0.0321045
0 0.00297119 0.306389 0.00594238 0.0355555 0.0321045
2 0.0350781 0.263889 0.00710938 0.0166667 0.0307922
0 0.447188 0.0741667 0.029375 0.0319444 0.0307922
3 0.375313 0.3825 0.015625 0.0483333 0.0303345
3 0.365 0.389444 0.0325 0.0688889 0.0293121
2 0.604375 0.0669444 0.03 0.0283333 0.0281067
2 0.610625 0.0370833 0.01625 0.0206944 0.0276947
7 0.285625 0.116667 0.00374997 0.0122222 0.0269623
2 0.295938 0.102083 0.00625 0.015 0.0237732
7 0.0739063 0.293333 0.00515625 0.0166667 0.0232391
2 0.27375 0.105278 0.00687501 0.0177778 0.0230713
7 0.254063 0.134583 0.00437501 0.00888889 0.0220337
7 0.650625 0.0548611 0.00250003 0.0108333 0.0216217
2 0.11125 0.249167 0.010625 0.0211111 0.0200195
0 0.0466406 0.271111 0.0284375 0.0333333 0.0196381
0 0.589375 0.0701389 0.035 0.0311111 0.0187683
7 0.76625 0.125556 0.00499999 0.0177778 0.0175781
7 0.215625 0.155278 0.00374999 0.0127778 0.0175781
0 0.45875 0.00444444 0.00750001 0.00888889 0.0167236
3 0.53125 0.0453472 0.00874999 0.0261111 0.0165253
0 0.400313 0.0566667 0.0125 0.0198611 0.0156708
7 0.123906 0.219444 0.00406249 0.0161111 0.0147858
2 0.596875 0.0476389 0.00625 0.0152778 0.0142288
7 0.0684375 0.296389 0.0065625 0.0188889 0.0131683
0 0.450625 0.0151389 0.00749998 0.0138889 0.0126266
0 0.0745313 0.241667 0.0320313 0.0577778 0.0116882
1 0.358125 0.0591667 0.03 0.0388889 0.0116425
0 0.39375 0.0322222 0.00874999 0.0100694 0.0113297
7 0.68625 0.07875 0.00375004 0.0113889 0.0112457
0 0.7675 0.0577083 0.04 0.0241667 0.0112
7 0.73 0.123056 0.00499999 0.0186111 0.0106125
3 0.364375 0.402222 0.03125 0.0833333 0.0105667
2 0.195938 0.154028 0.00531251 0.0247222 0.0104065
3 0.88375 0.0604167 0.00499999 0.0236111 0.0100098
0 0.410313 0.0218056 0.00750001 0.00986111 0.00963593
7 0.225 0.1525 0.003125 0.00888888 0.00952148
2 0.6725 0.0422917 0.00499999 0.0213889 0.00926971
2 0.903125 0.0616667 0.00750001 0.0186111 0.00923157
7 0.690625 0.186944 0.00625 0.0238889 0.00919342
0 0.591875 0.211944 0.0475 0.0511111 0.0091629
0 0.00968262 0.266667 0.0138379 0.0266667 0.00878143
3 0.696875 0.0262153 0.00499999 0.0145139 0.0086441
0 0.00570313 0.380278 0.0077832 0.0272222 0.00831604
1 0.359688 0.0411111 0.036875 0.0627778 0.00818634
7 0.00623169 0.381389 0.00866943 0.025 0.0078125
0 0.552813 0.0124306 0.00750001 0.00986111 0.00775528
2 0.65625 0.0330903 0.00499999 0.0135417 0.00775528
7 0.295313 0.113889 0.00375001 0.0113889 0.00751877
2 0.0047583 0.379444 0.00755371 0.0311111 0.00725937
0 0.99625 0.126111 0.00749995 0.0272222 0.00720596
0 0.775 0.0659028 0.04375 0.0251389 0.00717545
0 0.73875 0.0629167 0.045 0.0302778 0.00717545
7 0.235625 0.139167 0.004375 0.0127778 0.00643921
7 0.76375 0.149861 0.00499999 0.0166667 0.00634003
2 0.112188 0.253056 0.00984375 0.025 0.00631332
7 0.25 0.125556 0.003125 0.0105555 0.00614548
2 0.73375 0.0356944 0.00749995 0.0170833 0.00575256
3 0.16875 0.159444 0.00562501 0.015 0.00551224
0 0.426875 0.0128472 0.00750001 0.0105556 0.00511932
7 0.7775 0.146111 0.00999997 0.0216667 0.00510025
0 0.0904688 0.219167 0.0417188 0.0283333 0.00482941
7 0.72625 0.132222 0.00499999 0.0144444 0.00475693
0 0.0126367 0.313889 0.0250391 0.0333333 0.00471878
2 0.184375 0.20625 0.0175 0.0419444 0.00443268
2 0.8825 0.0526389 0.00750001 0.0188889 0.00436401
7 0.14 0.217083 0.0065625 0.0161111 0.00431442
0 0.00356689 0.334444 0.00713379 0.0333333 0.00429916
0 0.601875 0.209722 0.03125 0.0477778 0.00419998
0 0.550625 0.0170833 0.00625 0.0113889 0.0041008
7 0.685 0.0483333 0.00250003 0.00888889 0.00400543
0 0.99625 0.136111 0.00749995 0.03 0.00388527
3 0.89 0.0622222 0.00499999 0.0238889 0.00365067
3 0.895 0.0670833 0.00375004 0.0186111 0.0036068
3 0.3775 0.378889 0.01875 0.0555556 0.00358009
7 0.0952344 0.2775 0.00406249 0.0105556 0.00342941
0 0.103906 0.259514 0.018125 0.0331944 0.00335121
0 0.0921875 0.221944 0.0165625 0.0338889 0.00333786
2 0.570625 0.021875 0.00874996 0.0106944 0.00323486
7 0.58625 0.0492361 0.00499999 0.0140278 0.00322342
0 0.51375 0.0171528 0.00625 0.0148611 0.00317192
2 0.77 0.0575 0.0375 0.0236111 0.00300407
0 0.579063 0.217222 0.056875 0.0611111 0.00300407
2 0.18875 0.209583 0.02875 0.0413889 0.00299263
7 0.245 0.138056 0.003125 0.00944446 0.0029583
2 0.115156 0.193056 0.0075 0.0191667 0.00279999
0 0.0826758 0.233611 0.0474609 0.0505555 0.00271416
7 0.694375 0.0484722 0.00374997 0.0111111 0.00270462
0 0.720625 0.0558333 0.03125 0.0201389 0.00257111
7 0.74875 0.126944 0.00375004 0.0188889 0.00255013
7 0.655625 0.0630556 0.00250003 0.0075 0.00253105
0 0.498125 0.00397569 0.00750001 0.00795139 0.00248146
3 0.269375 0.0983333 0.00687502 0.025 0.00246239
7 0.253438 0.266667 0.0096875 0.0222222 0.00245285
0 0.0947656 0.235139 0.0371875 0.0530556 0.0024147
2 0.204063 0.144444 0.008125 0.0227778 0.00235939
2 0.3 0.0984028 0.0125 0.0177778 0.00234985
7 0.688125 0.183472 0.00625 0.0208333 0.00234222
0 0.54625 0.01125 0.00625 0.00791667 0.00230598
0 0.768125 0.0679167 0.04375 0.0316667 0.00223351
7 0.405625 0.343056 0.078125 0.128333 0.00219154
3 0.67375 0.0369444 0.00499999 0.0236111 0.00218201
0 0.9775 0.11625 0.0125 0.0183333 0.00216484
3 0.203594 0.161528 0.010625 0.0352778 0.00216484
7 0.104453 0.274444 0.0071875 0.0122222 0.00209999
0 0.44125 0.0636111 0.03875 0.0397222 0.00208282
2 0.179063 0.206389 0.013125 0.0394445 0.00204277
0 0.484375 0.008125 0.00500002 0.00916667 0.00203514
0 0.625625 0.296389 0.0575 0.113333 0.00198746
0 0.574375 0.879444 0.0475 0.241111 0.0019722
7 0.0553516 0.303889 0.00539062 0.0244445 0.00195694
2 0.715625 0.060625 0.01 0.0245833 0.00194168
3 0.715 0.169167 0.00999997 0.0827778 0.00186729
0 0.53875 0.00451389 0.00625 0.00902778 0.00186062
7 0.220313 0.146389 0.005 0.0166667 0.00183105
5 0.00601563 0.255833 0.0120313 0.0383333 0.00181007
0 0.0628516 0.281111 0.013125 0.025 0.00181007
2 0.79375 0.0772222 0.01125 0.0277778 0.00178909
0 0.96 0.104792 0.015 0.0159722 0.00172043
3 0.715 0.174722 0.00749995 0.0622222 0.0017004
0 0.9875 0.119167 0.015 0.0194445 0.00168133
0 0.3875 0.033125 0.00874999 0.0118056 0.00167465
2 0.132969 0.176111 0.00625001 0.0166667 0.0016489
0 0.084043 0.223333 0.0387891 0.0369445 0.0015974
3 0.166875 0.158472 0.00562501 0.0169444 0.00159168
7 0.709375 0.309167 0.09625 0.120556 0.00151253
0 0.598125 0.228889 0.04875 0.0833333 0.00148964
0 0.0529688 0.256667 0.0353906 0.0405556 0.00145531
2 0.925 0.0882639 0.00750001 0.0195833 0.00144958
3 0.516563 0.0484722 0.00750001 0.0183333 0.00144386
7 0.255156 0.121389 0.00406249 0.0138889 0.00144386
2 0.61375 0.0305556 0.01125 0.0234722 0.0014267
3 0.376875 0.3725 0.040625 0.0711111 0.00138855
0 0.81125 0.07625 0.05 0.0272222 0.00137234
3 0.733125 0.0804167 0.00750001 0.0272222 0.00128937
3 0.2675 0.106667 0.00687499 0.0186111 0.0012846
2 0.275 0.0906944 0.00687501 0.0211111 0.00123501
3 0.37 0.405556 0.0225 0.0866667 0.00123501
3 0.469375 0.0609028 0.01 0.0272222 0.00121593
3 0.67 0.0289583 0.00750001 0.0275 0.00121117
7 0.17 0.204028 0.008125 0.0241667 0.00118351
0 0.471875 0.0202778 0.00749998 0.0103472 0.00117397
3 0.73 0.0898611 0.00750001 0.0383333 0.00116539
0 0.425 0.0708333 0.0275 0.0290278 0.0011425
0 0.60875 0.210278 0.0225 0.05 0.00110722
0 0.0289844 0.269722 0.0186719 0.03 0.00109863
5 0.0486328 0.258611 0.0308594 0.0427778 0.00101662
