0 0.6175 0.746667 0.11125 0.193333 0.958984
0 0.5825 0.585694 0.075 0.113056 0.95166
0 0.290938 0.595 0.07875 0.103333 0.950195
0 0.740625 0.736667 0.12875 0.184444 0.950195
1 0.167227 0.793333 0.223672 0.406667 0.945801
0 0.661094 0.557778 0.0778125 0.101111 0.944824
0 0.9025 0.946111 0.1675 0.107778 0.942383
0 0.383125 0.586667 0.07375 0.111111 0.94043
5 0.0282031 0.431111 0.0428906 0.0633333 0.931152
0 0.320938 0.774444 0.11375 0.203333 0.929199
0 0.69125 0.965556 0.145 0.0688889 0.924316
5 0.455625 0.78 0.18 0.44 0.918945
0 0.0737891 0.436111 0.0333594 0.0311111 0.874023
0 0.508125 0.294167 0.013125 0.0161111 0.868652
0 0.64 0.332778 0.04625 0.0288889 0.84375
0 0.118125 0.402222 0.029375 0.0266667 0.84082
2 0.65375 0.456111 0.03375 0.0611111 0.839844
0 0.229375 0.578889 0.07875 0.08 0.835449
2 0.0735938 0.518056 0.0225 0.0472222 0.834473
0 0.305156 0.338889 0.018125 0.0211111 0.824219
0 0.481875 0.578333 0.070625 0.0855556 0.811523
0 0.7025 0.325556 0.0325 0.0244444 0.810547
0 0.218438 0.364444 0.033125 0.0255556 0.810547
0 0.325312 0.333333 0.015 0.0222222 0.809082
2 0.36875 0.365833 0.018125 0.0327778 0.797363
5 0.4075 0.31 0.02125 0.0433333 0.789062
0 0.0885156 0.408333 0.0314063 0.0227778 0.779785
7 0.234219 0.502778 0.00718749 0.0222222 0.779785
0 0.775 0.324444 0.0375 0.0244444 0.760742
0 0.799375 0.330833 0.035 0.0244444 0.760742
7 0.0233594 0.528333 0.005 0.0155555 0.743164
0 0.656875 0.314444 0.03625 0.02 0.741699
2 0.663125 0.433889 0.0225 0.05 0.692871
0 0.363125 0.327778 0.01625 0.0222222 0.679199
2 0.73375 0.392778 0.00999997 0.0394445 0.677246
7 0.925625 0.4575 0.00374997 0.0161111 0.675781
0 0.384063 0.31 0.010625 0.0155555 0.65332
7 0.221563 0.517778 0.0075 0.0244445 0.635254
0 0.375313 0.320556 0.0125 0.02 0.618652
2 0.589063 0.313889 0.011875 0.02 0.562012
5 0.345625 0.327222 0.02 0.03 0.537109
7 0.6775 0.478889 0.00749995 0.0244444 0.515625
7 0.75 0.415556 0.00499999 0.0166667 0.515625
0 0.47875 0.280556 0.00874999 0.0144444 0.490234
7 0.145469 0.415556 0.00375001 0.0133334 0.458984
0 0.360938 0.314722 0.01125 0.0177778 0.451416
7 0.92375 0.466667 0.00499999 0.0155556 0.435791
0 0.336875 0.320556 0.0125 0.02 0.399902
2 0.7325 0.392222 0.015 0.0422222 0.367432
0 0.351875 0.311667 0.01 0.0133333 0.361084
0 0.39375 0.305 0.01125 0.0172222 0.350342
0 0.404688 0.279167 0.00812502 0.00888889 0.346924
7 0.73875 0.425556 0.00499999 0.0211111 0.338867
7 0.74625 0.403889 0.00500005 0.0166667 0.325928
0 0.00651367 0.438611 0.0122852 0.025 0.307373
7 0.0636328 0.471944 0.00476563 0.0138889 0.299072
7 0.74375 0.421389 0.00499999 0.0155556 0.294189
2 0.65875 0.441111 0.0300001 0.0577778 0.286133
0 0.394375 0.301111 0.01 0.0188889 0.279785
0 0.465 0.284167 0.01 0.015 0.276611
0 0.3925 0.306111 0.01 0.02 0.2323
0 0.353125 0.308611 0.00874999 0.0133333 0.213989
0 0.483438 0.263611 0.00625 0.0133334 0.208862
0 0.385313 0.299444 0.00749998 0.0127778 0.203125
0 0.307813 0.336667 0.01625 0.0194444 0.203125
7 0.0465625 0.476111 0.0040625 0.0116666 0.177856
7 0.7375 0.427778 0.00499999 0.0188889 0.171631
0 0.502188 0.257778 0.00625 0.0111111 0.164551
0 0.463125 0.286389 0.01 0.0127778 0.162354
7 0.72875 0.438333 0.00499999 0.02 0.15918
7 0.68375 0.352778 0.00500005 0.0144444 0.158203
7 0.0486719 0.476111 0.00421875 0.0155556 0.157104
7 0.725 0.401111 0.00499999 0.0222222 0.150513
0 0.480313 0.279722 0.010625 0.0138889 0.144653
3 0.54875 0.313333 0.00625 0.0255556 0.139404
0 0.0835156 0.41 0.0242188 0.0255555 0.138916
0 0.497188 0.282778 0.009375 0.0183333 0.13208
7 0.73625 0.430556 0.00499999 0.0177778 0.113953
0 0.341875 0.326111 0.0175 0.0277778 0.105225
0 0.37375 0.306111 0.01125 0.0133333 0.101929
0 0.423125 0.278056 0.00750001 0.0111111 0.101562
2 0.55125 0.316111 0.00999997 0.0233333 0.0977173
3 0.81 0.301111 0.00749995 0.0211111 0.0927124
7 0.726875 0.440278 0.00499999 0.0188889 0.0827026
0 0.70125 0.329444 0.0375 0.0266667 0.0820923
7 0.00808594 0.542361 0.0065625 0.0197222 0.0800781
0 0.476875 0.263056 0.00625 0.0116667 0.0726318
2 0.730625 0.394444 0.01625 0.0355555 0.0668335
0 0.498438 0.288333 0.01 0.0166667 0.0646362
3 0.549063 0.313889 0.009375 0.0255556 0.0630493
0 0.465313 0.288333 0.01 0.0155556 0.058136
0 0.449063 0.265556 0.00500002 0.00999999 0.0549927
0 0.490625 0.267222 0.00500002 0.00999999 0.0544128
7 0.127188 0.413333 0.0075 0.0194444 0.0462036
7 0.266094 0.362222 0.0034375 0.0122222 0.0325928
0 0.435 0.278611 0.00500002 0.00888889 0.0276947
0 0.495 0.261389 0.00687501 0.00999999 0.0266571
0 0.454375 0.263333 0.00437501 0.01 0.0253754
0 0.44625 0.261667 0.00437501 0.00777777 0.0222015
0 0.375313 0.3 0.00687501 0.0133333 0.02211
7 0.14875 0.413333 0.00375001 0.0122222 0.0207214
7 0.565625 0.317778 0.00375004 0.0133334 0.0162201
0 0.470313 0.267778 0.00500002 0.00888887 0.0153046
7 0.275 0.352222 0.00375001 0.0111111 0.0151901
7 0.221563 0.508333 0.00687501 0.0255556 0.0148392
0 0.41875 0.283889 0.00625 0.0122222 0.0141754
0 0.7775 0.328333 0.0375 0.0266667 0.0135345
0 0.00625 0.431111 0.0117773 0.03 0.0132217
0 0.413125 0.281111 0.0125 0.0122222 0.0128708
2 0.6925 0.343056 0.015 0.0311111 0.0120087
3 0.105 0.409722 0.0053125 0.0244444 0.0115051
2 0.811875 0.3 0.00875003 0.0188889 0.0110321
0 0.326563 0.318056 0.010625 0.0138889 0.0104904
0 0.394375 0.33 0.01375 0.02 0.00981903
7 0.146094 0.408889 0.00406251 0.0155556 0.00937653
2 0.664375 0.441111 0.02375 0.0588889 0.00898743
0 0.425938 0.614444 0.056875 0.106667 0.00847626
7 0.67125 0.470556 0.0175001 0.0355555 0.00812531
0 0.42375 0.625556 0.0675 0.124444 0.00809479
0 0.379063 0.289444 0.00687501 0.0111111 0.0068779
7 0.285469 0.348333 0.00437501 0.0133334 0.00643921
2 0.685 0.290556 0.00499999 0.0166667 0.00638962
2 0.7325 0.387778 0.00999997 0.045 0.00609589
7 0.573125 0.318056 0.00562503 0.0133333 0.00593567
0 0.64625 0.326389 0.0487501 0.0261111 0.00591278
3 0.865625 0.310556 0.00499999 0.0205555 0.00584412
0 0.6575 0.322222 0.04125 0.0266667 0.00582123
0 0.00738281 0.446111 0.0129688 0.0333333 0.00548935
2 0.595937 0.302222 0.00499999 0.0166667 0.0053215
0 0.53375 0.277222 0.00562503 0.00888889 0.00524139
0 0.0264795 0.424444 0.0350879 0.0516667 0.00521851
7 0.66625 0.352778 0.00499999 0.0116667 0.00498199
0 0.79875 0.335 0.0375 0.03 0.00453949
0 0.442188 0.601111 0.024375 0.0822222 0.00416565
3 0.189688 0.372222 0.00437501 0.0188889 0.00400543
0 0.422188 0.313889 0.009375 0.015 0.00376511
2 0.585625 0.303611 0.00750001 0.0205555 0.00327301
7 0.65875 0.355556 0.00999997 0.0255556 0.00316048
0 0.41125 0.270556 0.00812499 0.00999999 0.0029583
0 0.43 0.269722 0.00499999 0.00777777 0.00286674
7 0.0753906 0.737778 0.00671876 0.0211111 0.00282288
2 0.728125 0.386667 0.01375 0.045 0.00279045
0 0.646875 0.321944 0.02875 0.0216667 0.00273705
7 0.265938 0.354167 0.0034375 0.0127778 0.0026722
7 0.9275 0.453611 0.00499999 0.0183333 0.00264168
3 0.865625 0.300556 0.00499999 0.0166667 0.0026207
7 0.655 0.485556 0.00750001 0.0233333 0.00247192
0 0.364688 0.281111 0.00499999 0.0133333 0.00232315
0 0.325625 0.337778 0.015625 0.0244444 0.00216484
0 0.458125 0.575 0.02375 0.0711111 0.00211525
0 0.4225 0.294444 0.00749998 0.0127778 0.00197983
7 0.753125 0.415556 0.00499999 0.0166667 0.00195694
2 0.116016 0.372222 0.00640625 0.0177778 0.00191879
7 0.56625 0.326111 0.00437501 0.0133334 0.00190449
2 0.176719 0.370278 0.00562499 0.0166667 0.00185299
2 0.185938 0.382778 0.00999999 0.0238889 0.0018177
0 0.345 0.283611 0.00750001 0.0194444 0.00179577
0 0.985 0.334722 0.015 0.0166667 0.0017271
7 0.245313 0.366111 0.0034375 0.00999999 0.00170708
7 0.165938 0.417778 0.0034375 0.0122222 0.00157928
0 0.806875 0.333611 0.04125 0.0227778 0.00151253
2 0.23125 0.358889 0.0090625 0.0216667 0.00148964
7 0.65625 0.362778 0.00499999 0.0133334 0.00146103
2 0.71625 0.301111 0.00499999 0.02 0.00143242
2 0.704375 0.3125 0.02875 0.0227778 0.00137806
7 0.194063 0.384722 0.004375 0.0155556 0.00136662
3 0.874375 0.314444 0.00499999 0.0144444 0.00129986
0 0.468125 0.564444 0.043125 0.0555556 0.00123501
3 0.548125 0.268889 0.00625 0.0166667 0.00122547
7 0.574688 0.325556 0.00437501 0.0144444 0.00117874
3 0.16375 0.381667 0.0046875 0.0222222 0.00117397
0 0.0172949 0.448889 0.0191602 0.0294444 0.00112915
7 0.0552344 0.474444 0.00359375 0.0122222 0.00109863
0 0.97625 0.335833 0.025 0.0183333 0.00108147
7 0.7175 0.449444 0.00750001 0.0233333 0.00105667
0 0.673125 0.984444 0.0925 0.0311111 0.00105667
6 0.21875 0.362778 0.0325 0.03 0.00104046
3 0.77625 0.346667 0.00875003 0.03 0.00102806
2 0.67375 0.302222 0.01 0.0188889 0.00102425
3 0.55125 0.319167 0.01125 0.0266667 0.00102425
