0 0.307344 0.831111 0.130938 0.224444 0.958984
0 0.486875 0.801111 0.11125 0.231111 0.956543
0 0.684375 0.882222 0.17375 0.234444 0.95459
0 0.277813 0.615556 0.099375 0.131111 0.949219
0 0.87125 0.934444 0.1775 0.131111 0.946777
0 0.59 0.625556 0.08375 0.126667 0.939453
0 0.678125 0.583333 0.0875 0.112222 0.934082
0 0.377813 0.634444 0.078125 0.126667 0.924805
0 0.48625 0.595417 0.06875 0.126944 0.920898
0 0.359375 0.368056 0.0425 0.0344444 0.854004
0 0.73875 0.327778 0.0425 0.0344444 0.848145
7 0.236094 0.504722 0.00718749 0.0238889 0.827637
0 0.170313 0.414167 0.04625 0.0305556 0.82666
0 0.0265625 0.469444 0.036875 0.0288889 0.805664
0 0.220469 0.3925 0.023125 0.0316667 0.801758
0 0.135313 0.428333 0.0440625 0.0327778 0.790527
0 0.388125 0.353333 0.04125 0.0294445 0.78125
0 0.448125 0.341111 0.03625 0.0333333 0.778809
7 0.0248438 0.529444 0.005625 0.0177778 0.751953
0 0.71625 0.324722 0.03875 0.0266667 0.743164
7 0.725 0.401667 0.00499999 0.0177778 0.743164
0 0.0398438 0.446667 0.03125 0.025 0.743164
0 0.77625 0.321111 0.02875 0.0222222 0.730957
7 0.222813 0.52 0.00750001 0.0244445 0.728027
2 0.0334766 0.510556 0.0116406 0.0433334 0.72168
7 0.6675 0.463889 0.00625 0.0238889 0.716797
0 0.789375 0.327778 0.03375 0.0227778 0.702637
7 0.729375 0.439444 0.00625 0.0194444 0.700684
2 0.579375 0.336667 0.015 0.03 0.668945
0 0.329063 0.331667 0.01375 0.0194444 0.65332
0 0.366563 0.328333 0.01625 0.0222222 0.647949
5 0.47 0.309444 0.018125 0.0333333 0.616699
7 0.925 0.458611 0.00499999 0.0166667 0.600098
7 0.73875 0.428889 0.00499999 0.0211111 0.585938
0 0.395625 0.306667 0.0125 0.0166667 0.575684
0 0.46 0.2975 0.01125 0.0183333 0.569824
0 0.385313 0.310833 0.013125 0.0194444 0.560059
0 0.344375 0.328333 0.016875 0.0222222 0.556641
0 0.377813 0.316667 0.011875 0.02 0.552734
0 0.482188 0.29 0.01 0.0166667 0.511719
7 0.7475 0.399444 0.00499999 0.0155555 0.496094
7 0.75 0.417778 0.00499999 0.0177778 0.495117
0 0.405938 0.281111 0.00750001 0.0111111 0.484375
0 0.41125 0.295556 0.00999997 0.0155555 0.458984
7 0.678125 0.481667 0.00750001 0.0288889 0.458984
0 0.351875 0.316111 0.01 0.0166667 0.457031
0 0.371875 0.305278 0.010625 0.015 0.455078
0 0.481875 0.28 0.00874999 0.0155556 0.430176
0 0.4075 0.2975 0.01 0.015 0.418701
0 0.385938 0.298889 0.00874999 0.0122222 0.413086
7 0.0106738 0.544583 0.00625 0.0197223 0.412109
0 0.363125 0.317222 0.01125 0.02 0.373779
0 0.395 0.296389 0.00999997 0.0127778 0.315674
7 0.0501563 0.481667 0.00390625 0.0166667 0.309082
0 0.388125 0.306944 0.01125 0.0188889 0.286133
7 0.7375 0.427778 0.00625 0.0211111 0.226807
7 0.65375 0.326389 0.00374997 0.0127778 0.213379
7 0.635625 0.328333 0.00374997 0.0122222 0.196777
0 0.374375 0.323889 0.015 0.0211111 0.183594
7 0.92375 0.466389 0.00499999 0.0161111 0.158691
0 0.459688 0.288333 0.00875003 0.0144444 0.156616
7 0.684375 0.352778 0.00375004 0.0144444 0.10968
0 0.484375 0.263333 0.00562499 0.0122222 0.0963745
0 0.37375 0.300278 0.00874999 0.0122222 0.0957031
7 0.0641016 0.475556 0.00445313 0.0133334 0.0923462
7 0.674375 0.328333 0.00374997 0.0133333 0.0910645
0 0.343438 0.331944 0.018125 0.0227778 0.0869141
0 0.475313 0.275556 0.00625 0.0133333 0.0830078
0 0.41875 0.285556 0.00874999 0.0144444 0.0809326
0 0.37125 0.335556 0.025 0.0211111 0.0794678
0 0.418125 0.279167 0.00750001 0.01 0.0761108
0 0.48875 0.267222 0.00499999 0.00999999 0.0758667
0 0.494375 0.263056 0.00625 0.0105555 0.0742188
0 0.78125 0.324444 0.03625 0.0255556 0.0742188
0 0.475625 0.261667 0.00625 0.00999999 0.069519
0 0.358438 0.326111 0.015625 0.02 0.0552063
0 0.424375 0.278333 0.00562499 0.00999999 0.0531921
0 0.382188 0.351944 0.038125 0.0338889 0.0505981
7 0.265781 0.365 0.0034375 0.00999999 0.0440063
0 0.45875 0.31 0.01125 0.0222222 0.0433655
7 0.7375 0.430556 0.00499999 0.02 0.0368958
3 0.190313 0.373333 0.005 0.0216667 0.035553
3 0.251563 0.334444 0.004375 0.0211111 0.033844
0 0.423125 0.302778 0.01125 0.0255556 0.0328369
0 0.351875 0.310556 0.01 0.0155556 0.0322266
0 0.46375 0.28 0.00625 0.01 0.0289764
2 0.575313 0.320556 0.00874996 0.0177778 0.0273743
0 0.3475 0.319167 0.01125 0.0166667 0.0271759
0 0.402188 0.305 0.009375 0.0177778 0.0258636
2 0.0625391 0.425 0.0071875 0.0161111 0.0216217
0 0.37125 0.342222 0.0225 0.0244444 0.0214539
0 0.45 0.345 0.03125 0.035 0.0206909
7 0.02375 0.535 0.00523438 0.0211111 0.0206451
7 0.485938 0.595556 0.06875 0.128889 0.0204163
2 0.253125 0.329444 0.00687499 0.0211111 0.0200195
2 0.0315039 0.512222 0.0152344 0.0466667 0.0182648
0 0.44875 0.266667 0.00625 0.0111111 0.0177765
0 0.47125 0.270833 0.00750001 0.0105555 0.016922
7 0.665 0.315556 0.00250003 0.00888889 0.0167236
7 0.751875 0.417222 0.00750001 0.0177778 0.016098
2 0.5775 0.334722 0.01625 0.0294445 0.0146179
0 0.79625 0.331111 0.04125 0.0244444 0.0142822
7 0.0553906 0.476944 0.00359375 0.0144444 0.0129242
0 0.446563 0.263611 0.00562499 0.0105556 0.0125732
0 0.329375 0.341111 0.015 0.0222222 0.0123825
5 0.425625 0.302778 0.01625 0.0305556 0.0121002
7 0.66875 0.471389 0.00499999 0.0261111 0.0118713
0 0.525625 0.276111 0.00562499 0.00888887 0.0117798
0 0.434375 0.277222 0.00500002 0.00777777 0.0113297
7 0.65375 0.320556 0.00374997 0.0144444 0.0102921
0 0.45125 0.32 0.016875 0.0205556 0.00937653
2 0.34125 0.350556 0.02 0.0283333 0.00867462
0 0.00587402 0.475 0.0112207 0.0255556 0.00837708
7 0.223438 0.368611 0.00562501 0.0144444 0.00796509
7 0.636875 0.319722 0.00500005 0.0155555 0.00793457
7 0.0117383 0.543889 0.00712891 0.0188889 0.00784302
0 0.350625 0.360556 0.0375 0.0255556 0.00775528
7 0.7275 0.443333 0.00625 0.0211111 0.00769424
0 0.339063 0.319444 0.0125 0.0166667 0.00701141
2 0.155391 0.387222 0.00375001 0.0155555 0.0068512
2 0.0305469 0.506389 0.0203906 0.0505555 0.00677109
7 0.285625 0.351111 0.00437501 0.00999999 0.00656509
0 0.38 0.29 0.00874999 0.0155555 0.00636292
3 0.219688 0.360556 0.00562499 0.0177778 0.00564194
0 0.495 0.276111 0.00625 0.00999999 0.00544739
7 0.66625 0.354444 0.00499999 0.0144444 0.00468063
5 0.421875 0.305556 0.01125 0.0222222 0.00452042
7 0.745 0.423611 0.00250003 0.0172222 0.00450516
7 0.615625 0.330556 0.00375004 0.0122222 0.00446701
7 0.135469 0.403333 0.00406249 0.01 0.00443268
0 0.429063 0.271389 0.00562499 0.00944446 0.00419998
7 0.378125 0.635556 0.076875 0.126667 0.00403976
0 0.866875 0.341667 0.0225 0.0166667 0.0036068
0 0.39625 0.282778 0.00749998 0.0122222 0.00356483
0 0.350625 0.358333 0.03125 0.0322222 0.00333786
0 0.365625 0.300556 0.00749998 0.0144444 0.00321007
0 0.450625 0.308333 0.0325 0.0344444 0.00317192
7 0.630313 0.336667 0.00437501 0.0133333 0.00291252
7 0.0603125 0.426111 0.00546875 0.0155555 0.00268364
7 0.665625 0.361667 0.00375004 0.0133333 0.00261116
7 0.59 0.625556 0.0825 0.126667 0.00255013
3 0.290156 0.341111 0.00406249 0.0144444 0.00240517
7 0.14625 0.406667 0.00562499 0.0188889 0.00234985
7 0.928125 0.453333 0.00499999 0.0177778 0.00225258
0 0.78875 0.335 0.04 0.0322222 0.00219917
3 0.253438 0.348889 0.005 0.02 0.00200272
2 0.345 0.357222 0.025625 0.0266667 0.00199509
7 0.7225 0.449167 0.00750001 0.0222222 0.00195694
7 0.675 0.353889 0.00375004 0.0155555 0.00182438
7 0.743125 0.428333 0.00625 0.0211111 0.00182438
3 0.270469 0.342222 0.00437498 0.0188889 0.00177479
3 0.86625 0.308056 0.00500005 0.0188889 0.0017271
0 0.00527832 0.482778 0.00952149 0.03 0.00162315
7 0.7775 0.3525 0.0125 0.0294444 0.0015192
0 0.517188 0.274167 0.00687501 0.0105555 0.00146675
7 0.244844 0.366944 0.003125 0.00888887 0.00146675
7 0.6675 0.459444 0.00750001 0.03 0.00143242
7 0.0461719 0.485278 0.0065625 0.0211111 0.00138283
0 0.380938 0.323333 0.013125 0.02 0.00134087
3 0.665625 0.295556 0.00375004 0.0166667 0.00130463
0 0.718125 0.311389 0.03375 0.0211111 0.00123978
5 0.429688 0.297222 0.016875 0.0266667 0.0011158
7 0.265625 0.3525 0.00375001 0.0116667 0.00109005
2 0.579688 0.321667 0.01375 0.0211111 0.00108624
3 0.86625 0.300556 0.00500005 0.015 0.00106907
7 0.254688 0.49 0.00687499 0.0188889 0.00106049
0 0.484688 0.243611 0.00437501 0.00999999 0.00102425
7 0.675625 0.318056 0.00374997 0.0127778 0.00102043
