0 0.464375 0.868333 0.12375 0.258889 0.958008
0 0.7775 0.758889 0.1375 0.197778 0.95752
0 0.616563 0.742778 0.109375 0.188889 0.952148
0 0.307031 0.865 0.122813 0.214444 0.95166
0 0.360078 0.657778 0.0923438 0.141111 0.946777
0 0.696875 0.959444 0.16125 0.0811111 0.939941
0 0.679375 0.558333 0.10125 0.16 0.935059
0 0.57875 0.566528 0.08125 0.135833 0.930176
0 0.48 0.612222 0.07125 0.133333 0.926758
0 0.916875 0.963889 0.1525 0.0722222 0.925781
1 0.76625 0.315833 0.11125 0.0594445 0.859375
0 0.30875 0.336389 0.01625 0.0233333 0.851074
0 0.60625 0.331944 0.045 0.0294445 0.837402
7 0.235938 0.505278 0.00718751 0.0233333 0.825684
0 0.535 0.341111 0.05375 0.0322222 0.806641
0 0.0580469 0.455556 0.0385938 0.0355555 0.782715
0 0.6225 0.309444 0.033125 0.0211111 0.779785
0 0.4025 0.323889 0.01625 0.0233333 0.774414
0 0.4625 0.299444 0.01125 0.0188889 0.757812
7 0.0247266 0.531667 0.00523438 0.0177778 0.756348
0 0.342188 0.333889 0.0175 0.0233333 0.737305
7 0.222813 0.519444 0.00812499 0.0244444 0.73584
0 0.324922 0.326111 0.0151562 0.02 0.732422
0 0.84625 0.330556 0.0325 0.0233333 0.715332
3 0.0638281 0.515278 0.0096875 0.0483333 0.715332
7 0.72875 0.441111 0.00499999 0.0177778 0.715332
0 0.355625 0.325 0.015 0.0222222 0.704102
7 0.6675 0.465833 0.00625 0.0216667 0.6875
2 0.0341016 0.476667 0.0170313 0.0377778 0.673828
2 0.211563 0.366667 0.01125 0.0233333 0.649414
7 0.724375 0.400556 0.00374997 0.0177778 0.645996
0 0.386563 0.314722 0.013125 0.0194444 0.548828
7 0.746875 0.401111 0.00499999 0.0155555 0.517578
7 0.925 0.456111 0.00499999 0.0144444 0.515625
7 0.739375 0.43 0.00499999 0.02 0.489258
0 0.369375 0.305 0.01 0.0144444 0.455078
0 0.3425 0.318333 0.013125 0.0144444 0.453369
0 0.411563 0.315 0.014375 0.0255555 0.44751
0 0.369375 0.3275 0.019375 0.0216667 0.435791
0 0.411563 0.306667 0.01375 0.0211111 0.430176
0 0.391875 0.305556 0.00999997 0.0155556 0.429199
0 0.401875 0.298333 0.01 0.0166667 0.422607
0 0.820625 0.322778 0.03 0.0233333 0.422607
0 0.4125 0.2925 0.01 0.0127778 0.416748
0 0.365625 0.313056 0.0125 0.0166667 0.413086
0 0.374063 0.322778 0.015625 0.0188889 0.375732
0 0.39375 0.297222 0.009375 0.0155556 0.37207
0 0.354688 0.321667 0.013125 0.02 0.363037
0 0.375625 0.320556 0.01125 0.0177778 0.352295
7 0.126094 0.421667 0.00390625 0.00999999 0.310791
0 0.47125 0.288889 0.01 0.0161111 0.307373
0 0.392188 0.310278 0.009375 0.0155555 0.295898
7 0.92375 0.466667 0.00499999 0.0166666 0.287842
7 0.75 0.416389 0.00499999 0.0161111 0.271973
0 0.3825 0.297778 0.00875003 0.00999999 0.23938
0 0.418125 0.285556 0.00874999 0.0122222 0.233765
0 0.413125 0.281111 0.00749998 0.00999999 0.2323
7 0.146172 0.418333 0.00406251 0.0122222 0.2323
2 0.19625 0.408333 0.013125 0.0355555 0.222656
0 0.339375 0.318333 0.01125 0.0133333 0.191284
3 0.00269775 0.521667 0.00539551 0.0433334 0.190063
7 0.67875 0.48 0.00750001 0.0244445 0.186523
0 0.379375 0.302222 0.010625 0.0155556 0.167236
2 0.653125 0.319722 0.00499999 0.0166667 0.158691
0 0.471563 0.271111 0.00687501 0.00999999 0.151978
2 0.0433594 0.4675 0.0101563 0.0255556 0.145142
3 0.0614844 0.513333 0.00765625 0.05 0.142212
7 0.7375 0.426667 0.00499999 0.0211111 0.132568
0 0.471875 0.281667 0.00812502 0.0116666 0.12854
0 0.432813 0.276111 0.00687501 0.00833333 0.11676
7 0.685 0.353056 0.00250003 0.0133334 0.113159
0 0.46625 0.28 0.00625 0.0111111 0.106323
0 0.46125 0.289444 0.00999997 0.0144444 0.100159
7 0.743125 0.424722 0.00500005 0.0183333 0.085083
7 0.0487891 0.478333 0.00617188 0.0166667 0.0830078
0 0.48125 0.273056 0.00874999 0.0127778 0.0761108
7 0.67875 0.483889 0.00999997 0.0205555 0.0761108
0 0.484375 0.262222 0.00500002 0.00999999 0.0637207
0 0.37875 0.289722 0.00750001 0.0122222 0.0616455
0 0.495 0.2625 0.00499999 0.00888889 0.0564575
7 0.67 0.340278 0.00250003 0.0116667 0.0538025
0 0.42375 0.281389 0.00625 0.0111111 0.0501404
0 0.4875 0.268056 0.00625 0.00888889 0.0438538
0 0.4225 0.295556 0.00874999 0.0155555 0.0419312
2 0.193438 0.410556 0.01875 0.0344445 0.0417786
0 0.61875 0.312778 0.03 0.0244444 0.0409851
0 0.335625 0.335 0.02 0.0222222 0.0393372
7 0.73375 0.435556 0.00500005 0.0188889 0.0377502
7 0.206563 0.382222 0.004375 0.0116666 0.0368958
3 0.115313 0.501389 0.0078125 0.0388889 0.036499
2 0.0633203 0.423333 0.005625 0.0155555 0.0319824
7 0.0109668 0.544444 0.00558594 0.02 0.0317383
0 0.804375 0.327778 0.035 0.0277778 0.0310211
0 0.32625 0.303889 0.010625 0.02 0.0301056
0 0.475625 0.2625 0.00500002 0.00944443 0.0290833
0 0.73625 0.333889 0.04375 0.0233333 0.0288696
7 0.0127051 0.541667 0.00544922 0.0155555 0.0267639
0 0.0408203 0.467778 0.0303906 0.0277778 0.0262604
7 0.7525 0.419722 0.00625 0.0166667 0.0254669
7 0.148594 0.411389 0.004375 0.0127778 0.0240479
0 0.404375 0.281389 0.00750001 0.01 0.0219421
7 0.7425 0.428611 0.00499999 0.02 0.0209656
0 0.183125 0.410556 0.038125 0.0344445 0.0195618
7 0.605 0.365278 0.00499999 0.015 0.0188293
0 0.725 0.306111 0.035 0.0233333 0.018692
0 0.325547 0.321944 0.0139063 0.0183333 0.0183411
7 0.195469 0.385 0.005 0.0166667 0.0165863
0 0.3675 0.331944 0.0175 0.0211111 0.0156708
0 0.793125 0.316944 0.0575 0.0377778 0.0154877
0 0.420625 0.309444 0.01125 0.0172222 0.0151291
0 0.4725 0.298889 0.00874999 0.0155555 0.0150146
7 0.0262109 0.504444 0.00445312 0.0222222 0.013588
2 0.0446875 0.477778 0.00515625 0.0344445 0.0132751
7 0.265938 0.366667 0.00312502 0.00777777 0.012825
3 0.19125 0.377778 0.00625 0.0244444 0.012825
7 0.255313 0.388889 0.005 0.0188889 0.012291
0 0.329063 0.343889 0.01625 0.0222222 0.0110703
0 0.3275 0.308056 0.0125 0.0172222 0.0108185
7 0.0247656 0.534444 0.00574219 0.0222222 0.0104904
0 0.729375 0.301111 0.03625 0.0177778 0.00989532
7 0.7225 0.45 0.00750001 0.02 0.00971222
7 0.224688 0.37 0.003125 0.0122222 0.00952148
0 0.334375 0.340833 0.01625 0.0216667 0.00857544
7 0.7275 0.445 0.00625 0.0216667 0.00857544
7 0.269375 0.371111 0.00375001 0.0133334 0.00748825
7 0.23 0.374444 0.0034375 0.0111111 0.0068512
0 0.410625 0.321111 0.01625 0.0233333 0.00653839
0 0.97625 0.334444 0.0225 0.0166667 0.00631332
0 0.0361328 0.469444 0.0263281 0.0322222 0.00631332
7 0.709375 0.403056 0.00499999 0.0222222 0.00629044
0 0.365938 0.3 0.009375 0.0111111 0.00591278
0 0.74125 0.318889 0.06125 0.05 0.005867
0 0.96625 0.333889 0.0125 0.0166667 0.00584412
0 0.449375 0.268056 0.00625 0.0105555 0.00559998
0 0.384375 0.322778 0.01625 0.0216667 0.0055542
0 0.340625 0.3375 0.01875 0.025 0.00538635
0 0.791875 0.307222 0.06 0.0411111 0.00530243
0 0.745625 0.292222 0.0125 0.0133333 0.00521851
7 0.65375 0.323333 0.00499999 0.0177778 0.00518036
7 0.274688 0.366111 0.00343749 0.00999999 0.00500107
7 0.63625 0.33 0.00499999 0.0155556 0.00494385
3 0.65625 0.297778 0.00499999 0.0166667 0.00468063
3 0.549688 0.267222 0.00625 0.0166667 0.0046463
0 0.430938 0.271389 0.00562499 0.00888889 0.00453949
0 0.984375 0.333333 0.01875 0.0183333 0.00441742
3 0.250469 0.339444 0.0034375 0.0205556 0.00432968
0 0.495625 0.275 0.00625 0.01 0.00416565
7 0.48 0.611667 0.07125 0.132222 0.00400543
7 0.245156 0.368889 0.0028125 0.00888889 0.00391388
0 0.733125 0.296667 0.035 0.0166667 0.00376511
0 0.00330566 0.417222 0.00661133 0.0216667 0.00365067
0 0.35375 0.308056 0.011875 0.0161111 0.00353813
3 0.255156 0.396944 0.0065625 0.0311111 0.00337601
3 0.0233984 0.436667 0.00601562 0.0222222 0.00335121
7 0.57875 0.566528 0.07875 0.135833 0.00332451
2 0.211875 0.361389 0.00968749 0.0283333 0.00317192
0 0.7325 0.3275 0.04625 0.0338889 0.00305176
0 0.7675 0.315833 0.1075 0.0483333 0.00287819
7 0.928125 0.450833 0.00499999 0.0155555 0.00281143
1 0.784375 0.302778 0.07375 0.0355555 0.00279999
7 0.65875 0.471667 0.00999997 0.0266667 0.00271416
0 0.805 0.315556 0.0675 0.0311111 0.00265312
0 0.503438 0.259722 0.00562503 0.00777777 0.00263214
3 0.72125 0.55 0.0199999 0.132222 0.00254059
7 0.665625 0.482222 0.0125 0.0311111 0.00247192
5 0.00515625 0.404444 0.00984375 0.0188889 0.00243378
7 0.128906 0.414722 0.005 0.015 0.00232315
2 0.7125 0.306111 0.0125 0.0211111 0.00228691
0 0.724375 0.302222 0.02625 0.0177778 0.00219154
7 0.0326563 0.5125 0.0078125 0.02 0.00216484
7 0.359297 0.658889 0.0914063 0.14 0.00211525
2 0.00308838 0.509444 0.00617676 0.0505555 0.0020504
3 0.27 0.341944 0.00437501 0.02 0.00204277
3 0.0616406 0.516111 0.0147656 0.0488889 0.00201035
7 0.294219 0.344444 0.00531247 0.0155556 0.00200272
0 0.929375 0.986111 0.06 0.0277778 0.00186729
3 0.109063 0.415 0.005 0.0222222 0.00185299
3 0.253594 0.330556 0.00625 0.02 0.00182438
7 0.68125 0.488889 0.01 0.0288889 0.00178909
7 0.683125 0.363056 0.00625 0.0216667 0.00178242
2 0.0234326 0.404444 0.00727539 0.02 0.00172043
2 0.1925 0.372222 0.00625 0.0211111 0.0017004
7 0.0948438 0.424444 0.00406249 0.0127778 0.0016613
3 0.162813 0.37 0.00625 0.0227778 0.00161076
0 0.527188 0.277222 0.00749998 0.0122222 0.00158501
7 0.245938 0.383333 0.00375001 0.0133333 0.00158501
3 0.0667578 0.533333 0.0175781 0.0877778 0.00158501
7 0.155 0.406667 0.00390625 0.0155555 0.00153637
3 0.6125 0.382778 0.00625 0.0311111 0.00152493
2 0.69375 0.330556 0.01 0.0255556 0.00148964
0 0.78 0.300833 0.08 0.0316666 0.00143242
7 0.265313 0.351111 0.0034375 0.0111111 0.00142097
3 0.114531 0.513611 0.015625 0.0916667 0.00139904
2 0.18625 0.380556 0.013125 0.0244444 0.00138855
0 0.403438 0.328333 0.018125 0.0288889 0.00137234
2 0.213594 0.373333 0.0096875 0.0277778 0.00136662
3 0.291406 0.343056 0.00562499 0.0177778 0.00135612
7 0.259844 0.358333 0.005 0.0138889 0.00133514
0 0.99625 0.326667 0.00749995 0.0288889 0.00131512
7 0.14625 0.408889 0.00406249 0.0155556 0.00129414
0 0.80125 0.31 0.055 0.0355555 0.00121593
0 0.0561719 0.4325 0.0165625 0.0222222 0.00116062
7 0.28625 0.351111 0.00437501 0.0111111 0.0011425
7 0.67375 0.330556 0.00375004 0.0133333 0.00110722
7 0.00420349 0.54 0.00484497 0.0166667 0.00109005
3 0.0544531 0.487222 0.00546875 0.0266667 0.00106049
0 0.7225 0.3075 0.0275 0.0205556 0.00102425
7 0.254063 0.3525 0.00437501 0.0133334 0.00102425
7 0.235313 0.369444 0.003125 0.00888889 0.00102425
0 0.865625 0.298889 0.00750001 0.015 0.00101662
