0 0.18 0.675556 0.15125 0.276667 0.961914
0 0.278438 0.4325 0.100625 0.146667 0.926758
0 0.0342383 0.88 0.0681641 0.237778 0.920898
0 0.23125 0.382778 0.088125 0.122222 0.914062
0 0.108203 0.314722 0.0576563 0.0811111 0.877441
0 0.0630078 0.409722 0.0667969 0.105 0.863281
0 0.119141 0.582778 0.120781 0.192222 0.86084
0 0.311719 0.139167 0.0321875 0.0516667 0.85498
7 0.703125 0.201111 0.00750001 0.025 0.853027
5 0.3725 0.407778 0.13125 0.264444 0.847168
0 0.478125 0.0769444 0.0225 0.0330556 0.844727
0 0.07375 0.258333 0.0359375 0.0344444 0.795898
7 0.245313 0.279722 0.008125 0.0238889 0.792969
2 0.69 0.155556 0.0225 0.0594444 0.791992
7 0.744375 0.175833 0.00625 0.0216667 0.78125
0 0.515 0.0466667 0.0175 0.0229167 0.774414
0 0.348125 0.0990278 0.02375 0.0336111 0.766113
0 0.76 0.0558333 0.03 0.0227778 0.754883
0 0.407813 0.0619444 0.018125 0.0244444 0.740234
0 0.895 0.0873611 0.03625 0.0263889 0.726562
7 0.0447656 0.3625 0.00484375 0.0138889 0.723145
7 0.0304688 0.378333 0.00492188 0.0177778 0.708984
0 0.294062 0.124306 0.025625 0.0397222 0.70752
0 0.0339063 0.293056 0.0289844 0.0322222 0.705566
0 0.0145898 0.313333 0.0280078 0.035 0.700684
2 0.6525 0.0478472 0.00999997 0.0261111 0.677246
0 0.426875 0.0599306 0.015 0.0229167 0.673828
0 0.275 0.114722 0.026875 0.0258333 0.672363
0 0.84875 0.0740278 0.0325 0.0286111 0.666992
7 0.77 0.128333 0.00499999 0.0166667 0.666992
0 0.81625 0.0628472 0.0325 0.0265278 0.662109
0 0.77875 0.0655556 0.0375 0.0238889 0.651367
0 0.0517285 0.287222 0.0288867 0.0344445 0.649414
3 0.0230664 0.343333 0.0084375 0.0355556 0.62793
0 0.500313 0.039375 0.01375 0.0181944 0.607422
7 0.773125 0.145556 0.00625 0.0177778 0.605957
0 0.77875 0.0509722 0.02875 0.0211111 0.577637
0 0.475625 0.0496528 0.01875 0.0231944 0.569824
7 0.7525 0.163611 0.00500005 0.0197222 0.563965
0 0.481875 0.0242361 0.010625 0.0147222 0.525391
0 0.497188 0.0332639 0.01125 0.0173611 0.515625
3 0.224688 0.140556 0.005 0.0233333 0.494141
7 0.6925 0.183889 0.00750001 0.0216667 0.488281
7 0.94625 0.219583 0.00499999 0.0175 0.482422
0 0.82125 0.0676389 0.035 0.0283333 0.476562
0 0.509688 0.0221875 0.00875003 0.0147917 0.473633
0 0.520625 0.0264931 0.010625 0.0152083 0.455078
7 0.165469 0.205833 0.003125 0.0111111 0.435791
3 0.830625 0.129583 0.00875003 0.0427778 0.427246
3 0.683125 0.0523437 0.00499999 0.0300347 0.42627
3 0.68375 0.0543056 0.00500005 0.0295833 0.405518
3 0.675 0.0486111 0.00499999 0.0286111 0.397949
7 0.7625 0.154167 0.00750001 0.0183333 0.392334
0 0.423438 0.0299306 0.01 0.014375 0.386719
2 0.251875 0.115694 0.008125 0.0183333 0.348633
0 0.514375 0.0301736 0.0125 0.0167361 0.329346
0 0.78 0.0563194 0.03375 0.0251389 0.326904
1 0.358125 0.0602083 0.0175 0.02 0.320801
3 0.232813 0.137222 0.005 0.0227778 0.312256
0 0.356875 0.0611111 0.0175 0.02 0.310791
2 0.122656 0.194167 0.00890625 0.02 0.305664
0 0.435625 0.0495833 0.01375 0.0194444 0.294189
0 0.441875 0.0435938 0.01125 0.0175347 0.29248
0 0.476875 0.0307292 0.0125 0.0152083 0.281494
0 0.49 0.0181944 0.00874999 0.0123611 0.279785
0 0.4925 0.0111806 0.00750001 0.0127778 0.27832
5 0.384375 0.0496528 0.015625 0.0280556 0.276611
0 0.429375 0.0583333 0.01625 0.0202778 0.267334
7 0.7525 0.16625 0.00749995 0.0202778 0.263672
7 0.75375 0.162222 0.00499999 0.0194444 0.255371
0 0.425 0.044375 0.01125 0.0177778 0.24939
3 0.146406 0.212083 0.005 0.0238889 0.243652
7 0.258125 0.266111 0.008125 0.0233333 0.240723
0 0.5025 0.00875 0.00874999 0.01125 0.235107
5 0.435 0.0248958 0.01375 0.0229861 0.235107
0 0.276875 0.110521 0.028125 0.0267361 0.223389
0 0.515 0.0121528 0.01125 0.015 0.21936
3 0.215625 0.150694 0.00562501 0.0227778 0.210815
7 0.74875 0.1275 0.00499999 0.0222222 0.204956
0 0.508125 0.0323611 0.01125 0.0176389 0.203735
7 0.946875 0.215 0.00499999 0.0191667 0.201782
2 0.830625 0.129583 0.00999997 0.0425 0.181885
0 0.415313 0.0502778 0.011875 0.0138889 0.17334
2 0.6625 0.037934 0.00874996 0.0230208 0.154541
0 0.434375 0.0206944 0.0125 0.0172917 0.154541
2 0.665 0.0479167 0.00749995 0.0308333 0.153076
7 0.705 0.08 0.00499999 0.0147222 0.145142
0 0.392188 0.0437674 0.01125 0.0177431 0.139404
0 0.489375 0.0117361 0.00999997 0.0125 0.136108
0 0.420313 0.0323611 0.013125 0.0165278 0.136108
3 0.215625 0.143194 0.004375 0.02 0.135254
2 0.0463281 0.301667 0.0109375 0.04 0.134766
3 0.6675 0.0490278 0.00499999 0.0291667 0.12854
0 0.45375 0.00899306 0.00874999 0.0111806 0.122925
7 0.7475 0.126389 0.00499999 0.0211111 0.122498
2 0.0704688 0.2375 0.00984375 0.0188889 0.119629
0 0.4725 0.0518056 0.01875 0.0258333 0.112427
3 0.666875 0.0522222 0.00499999 0.0276389 0.109314
7 0.0703906 0.3 0.0046875 0.0155556 0.101929
0 0.89875 0.0903472 0.035 0.0272222 0.0950317
2 0.6575 0.0395139 0.00875003 0.0251389 0.0923462
3 0.210469 0.153056 0.0065625 0.0266667 0.0900879
2 0.0510156 0.291111 0.0204688 0.0338889 0.0891113
0 0.4025 0.0645833 0.01625 0.0247222 0.0878906
0 0.0271094 0.293889 0.0231641 0.0322222 0.0863037
7 0.0750391 0.293333 0.00492187 0.0155555 0.0844727
2 0.105781 0.200556 0.00515625 0.0211111 0.0820923
0 0.82375 0.0711111 0.035 0.0293056 0.0794678
0 0.38625 0.0493229 0.02 0.0285764 0.076416
3 0.220625 0.139444 0.005 0.0233333 0.0754395
3 0.145781 0.218472 0.00421875 0.0152778 0.0747681
0 0.41 0.059375 0.016875 0.0280556 0.0739746
7 0.9475 0.224722 0.00500005 0.0213889 0.072876
0 0.895 0.0820139 0.0275 0.02375 0.0685425
0 0.00549316 0.282222 0.0109863 0.0277778 0.0673218
5 0.433438 0.0201389 0.0125 0.0215278 0.064209
0 0.499375 0.005 0.00625 0.01 0.0632324
3 0.0540625 0.3 0.00703125 0.0322222 0.0614319
7 0.262188 0.263889 0.008125 0.0211111 0.0600891
3 0.0851563 0.275556 0.0078125 0.0266667 0.0594177
3 0.675625 0.0512326 0.00499999 0.0305903 0.0564575
7 0.68625 0.183889 0.00499999 0.0183333 0.0505066
3 0.146641 0.196389 0.00515625 0.02 0.0499573
0 0.460625 0.00559028 0.00625 0.0111806 0.0473328
7 0.693125 0.0783333 0.00374997 0.01375 0.0470886
0 0.309687 0.133194 0.030625 0.0466667 0.0447693
0 0.47125 0.0556944 0.01875 0.0291667 0.0446777
7 0.123594 0.236944 0.0046875 0.0177778 0.044342
0 0.364063 0.0577778 0.015625 0.02 0.0380249
0 0.44375 0.0321875 0.01 0.0163194 0.0374756
2 0.251094 0.117257 0.0065625 0.0221528 0.0363464
2 0.58375 0.0136806 0.009375 0.0138889 0.0343628
7 0.6925 0.185833 0.00874996 0.0272222 0.0342407
7 0.945 0.233056 0.00499999 0.0216667 0.0325928
3 0.231875 0.136944 0.00531251 0.025 0.0323486
7 0.243906 0.135 0.00437501 0.0141667 0.0321045
2 0.0719531 0.233611 0.00890625 0.0225 0.0304413
3 0.123359 0.200833 0.00640625 0.0244444 0.028656
0 0.486875 0.0552778 0.019375 0.0222222 0.0282135
0 0.446875 0.0122222 0.00749998 0.0106944 0.0274811
7 0.69125 0.0838194 0.00499999 0.0169444 0.0273743
0 0.378438 0.0482639 0.01125 0.0172222 0.0268555
3 0.234844 0.141667 0.0046875 0.0255555 0.0267639
0 0.461875 0.00743056 0.00874999 0.0113194 0.0262604
3 0.169063 0.161667 0.004375 0.0194444 0.0262604
3 0.709375 0.0641667 0.00499999 0.0238889 0.0259552
0 0.7825 0.0695833 0.0425 0.0301389 0.0250854
3 0.71625 0.169167 0.00750001 0.06 0.0240479
3 0.233438 0.125833 0.0046875 0.0211111 0.0236053
0 0.00287842 0.323889 0.00575684 0.0255556 0.0231476
0 0.755 0.0513889 0.02625 0.0197222 0.0227203
0 0.40375 0.0293056 0.00874999 0.0106944 0.0223694
3 0.885 0.0620139 0.00500005 0.0208333 0.0214539
5 0.00539063 0.270556 0.0107813 0.0288889 0.0213623
3 0.711875 0.1325 0.00875003 0.0461111 0.0194244
7 0.59625 0.0465278 0.00374997 0.0113889 0.0190582
2 0.675 0.0430382 0.00499999 0.0303125 0.0189819
0 0.535 0.00895833 0.00749998 0.00930556 0.0184021
0 0.0087207 0.275556 0.0174414 0.025 0.0178528
2 0.301094 0.105556 0.0125 0.0155556 0.0175781
7 0.615625 0.0480556 0.00375004 0.0108333 0.0170441
0 0.0271289 0.303333 0.0237109 0.0377778 0.0167236
3 0.197031 0.156667 0.00531251 0.0188889 0.0164642
3 0.148125 0.201667 0.00531249 0.025 0.0152512
0 0.52125 0.0136111 0.01 0.0122222 0.0148392
0 0.00894531 0.28 0.0178906 0.0266667 0.0140076
7 0.014834 0.345 0.00513672 0.0305556 0.0132751
7 0.0092627 0.375556 0.00385742 0.0155556 0.0130234
3 0.0256836 0.350556 0.00679688 0.0488889 0.0126724
7 0.70625 0.0716667 0.00499999 0.0197222 0.0119629
3 0.123125 0.232222 0.005 0.0188889 0.0118256
0 0.0741406 0.261111 0.0253125 0.0383333 0.0105667
2 0.73625 0.0792361 0.00750001 0.0277778 0.0104904
0 0.97 0.106181 0.0175 0.0184722 0.0103302
7 0.164688 0.193056 0.003125 0.0116667 0.0102463
7 0.256563 0.270833 0.0125 0.0377778 0.00993347
7 0.0841406 0.287778 0.00609375 0.0211111 0.00989532
2 0.309688 0.0934028 0.00625 0.0161111 0.00971222
2 0.105156 0.1975 0.00687501 0.0230556 0.00963593
0 0.341875 0.0936806 0.018125 0.0301389 0.00952148
7 0.625 0.0483333 0.00375004 0.00944445 0.00923157
0 0.376563 0.0574306 0.009375 0.0179167 0.00919342
7 0.73125 0.122535 0.00499999 0.0349306 0.00919342
0 0.74125 0.0446528 0.025 0.0188889 0.0091629
1 0.354688 0.0627083 0.020625 0.02 0.00912476
2 0.7125 0.1275 0.00874996 0.0427778 0.00881195
0 0.573125 0.0218056 0.01875 0.0127778 0.0086441
3 0.82875 0.13125 0.00999997 0.0486111 0.00854492
2 0.20625 0.150833 0.00999999 0.0241667 0.00821686
3 0.511563 0.1925 0.009375 0.0419444 0.00812531
3 0.97 0.163056 0.00874996 0.0436111 0.00806427
7 0.0279102 0.38 0.00640625 0.0166667 0.00775528
7 0.7725 0.143611 0.00499999 0.0188889 0.00760651
0 0.450625 0.0176736 0.00749998 0.0135417 0.00757599
0 0.965 0.10625 0.0225 0.0188889 0.00748825
3 0.166406 0.159167 0.00531249 0.0194444 0.00740433
0 0.295 0.113611 0.023125 0.0302778 0.00734711
4 0.119219 0.582361 0.120313 0.193056 0.00717545
7 0.00339356 0.381944 0.00581055 0.0188889 0.0068512
5 0.0090332 0.266667 0.0167773 0.0238889 0.00664139
3 0.885 0.0540278 0.00625 0.0186111 0.00661469
7 0.16875 0.199722 0.00406251 0.0130556 0.00653839
2 0.9025 0.0721528 0.015 0.0201389 0.00636292
3 0.72125 0.167639 0.00999997 0.0725 0.00626373
7 0.709375 0.0819444 0.00499999 0.0225 0.00619125
3 0.165156 0.169444 0.0034375 0.0166667 0.00577545
0 0.553125 0.0193056 0.015 0.0151389 0.00577545
2 0.249375 0.118889 0.01125 0.0191667 0.00553513
7 0.94125 0.216389 0.00500005 0.0155556 0.00548935
3 0.0206299 0.343333 0.00639648 0.0377778 0.00538635
2 0.0378125 0.245139 0.00851562 0.0202778 0.0053215
7 0.0953125 0.283333 0.00359375 0.0211111 0.0053215
3 0.510625 0.189722 0.009375 0.035 0.00526047
3 0.108281 0.201389 0.0075 0.0216667 0.0050621
7 0.7 0.0771528 0.00499999 0.0169444 0.0050621
4 0.37625 0.54 0.14 0.54 0.00469971
5 0.0047876 0.250139 0.0095752 0.0313889 0.0046463
7 0.695 0.05125 0.00250003 0.0163889 0.00457382
2 0.965625 0.148611 0.01125 0.0344444 0.00457382
0 0.820625 0.0790278 0.03875 0.0352778 0.00453949
2 0.71375 0.0704167 0.00750001 0.0301389 0.00448608
2 0.9675 0.152361 0.00999997 0.0386111 0.00441742
3 0.99 0.186111 0.00750001 0.0605556 0.00436401
2 0.135625 0.192222 0.006875 0.0205556 0.00413513
2 0.5775 0.0155903 0.0112501 0.015 0.00403976
0 0.99625 0.124167 0.00749995 0.0288889 0.00391388
7 0.64875 0.554444 0.00625 0.0177778 0.00391388
0 0.345625 0.0765278 0.01875 0.0288889 0.00379562
0 0.0354883 0.286389 0.0326953 0.0411111 0.00378036
0 0.735 0.0490278 0.025 0.0208333 0.00367928
0 0.97375 0.110694 0.01875 0.0219444 0.00363541
7 0.248281 0.275556 0.0078125 0.0272222 0.0036068
2 0.208438 0.144306 0.0121875 0.0222222 0.00359344
0 0.9675 0.110139 0.0275 0.0244444 0.00322342
3 0.705 0.0478472 0.00375004 0.0173611 0.00318527
3 0.7325 0.123056 0.00750001 0.0266667 0.00305176
3 0.8875 0.0604167 0.0125 0.0255556 0.00294685
3 0.184219 0.169167 0.00406249 0.0197222 0.00286674
5 0.0107031 0.249444 0.0207813 0.0294444 0.00286674
7 0.555625 0.0463194 0.00437495 0.0105556 0.00281143
3 0.715 0.168056 0.00749995 0.0644444 0.00279999
3 0.154375 0.17375 0.0046875 0.0158333 0.00275803
2 0.69375 0.158472 0.03 0.0647222 0.00273705
5 0.3725 0.504444 0.134375 0.471111 0.00271416
2 0.73375 0.0367361 0.0125 0.0206944 0.00263214
0 0.538125 0.00451389 0.00750001 0.00902778 0.00258064
3 0.683125 0.0420833 0.00499999 0.0290278 0.00257111
7 0.189531 0.198472 0.0046875 0.0158333 0.00253105
0 0.38375 0.105903 0.03375 0.0401389 0.00246239
0 0.489375 0.0579167 0.018125 0.025 0.00243378
2 0.6525 0.0514063 0.00875003 0.0282986 0.00243378
7 0.154688 0.191944 0.0034375 0.0138889 0.00232315
7 0.546875 0.04875 0.00625 0.0130556 0.00226974
7 0.615 0.0322222 0.00374997 0.0123611 0.00222588
0 0.91 0.0957639 0.04 0.0276389 0.00219917
7 0.0138965 0.384722 0.00572266 0.0138889 0.00219917
2 0.71 0.139722 0.0125 0.0527778 0.00215721
2 0.89625 0.0709722 0.00999997 0.0191667 0.00214958
2 0.733125 0.0883333 0.01125 0.0380556 0.00214958
5 0.374688 0.551667 0.17375 0.576667 0.00210762
0 0.105547 0.299444 0.040625 0.0433333 0.00208282
3 0.51125 0.200417 0.010625 0.0594444 0.00206757
7 0.175625 0.206111 0.00375001 0.01 0.00203514
7 0.261875 0.267222 0.00906251 0.0261111 0.00203514
3 0.604375 0.0414583 0.00374997 0.0195833 0.00201035
2 0.0854688 0.243056 0.015 0.025 0.00200272
3 0.0230273 0.256667 0.00707031 0.0166667 0.00195694
0 0.7325 0.0521528 0.00999997 0.02 0.00191212
3 0.026333 0.341667 0.0128809 0.0477778 0.00190449
3 0.0655859 0.304444 0.00609375 0.0233333 0.00189686
3 0.190313 0.161667 0.00562501 0.0233333 0.00186729
2 0.252031 0.110972 0.008125 0.0263889 0.0018177
7 0.7675 0.137222 0.00499999 0.0166667 0.00181007
7 0.64625 0.0622222 0.00250003 0.0105556 0.00175476
3 0.224375 0.130556 0.00562499 0.0305555 0.0017271
7 0.7775 0.144028 0.00749995 0.0216667 0.00170708
0 0.360625 0.0561111 0.0175 0.0205556 0.00168705
2 0.119688 0.194583 0.015 0.0230555 0.00168705
3 0.855 0.0469444 0.00750001 0.0220833 0.00166798
0 0.98875 0.119306 0.015 0.02 0.0016613
7 0.66625 0.0784722 0.00499999 0.0161111 0.00165462
2 0.72 0.0725 0.02 0.0336111 0.00160408
0 0.0488672 0.27 0.0257031 0.0311111 0.00158501
2 0.74625 0.112083 0.00749995 0.0463889 0.00157356
3 0.134375 0.175 0.0075 0.0222222 0.00151253
2 0.705625 0.0300347 0.00500005 0.0127778 0.00149536
7 0.0319922 0.377778 0.00691406 0.0183333 0.00146675
7 0.0558203 0.352222 0.00484375 0.0177778 0.0014267
0 0.526875 0.0211458 0.0175 0.0209028 0.00139904
7 0.185625 0.205 0.004375 0.015 0.00139427
7 0.635 0.0486111 0.00374997 0.0116667 0.00137806
3 0.735 0.0719444 0.00750001 0.0277778 0.00137806
5 0.545 0.00972222 0.00875003 0.0126389 0.00135612
5 0.0633984 0.238333 0.0452344 0.0422222 0.00131989
2 0.735 0.105069 0.00999997 0.0518056 0.0012846
3 0.145469 0.1775 0.00531251 0.0194444 0.00123501
7 0.695 0.0651389 0.00250003 0.0101389 0.00122547
2 0.174531 0.158056 0.00531251 0.0211111 0.00118828
7 0.73375 0.124722 0.00500005 0.0288889 0.00117874
7 0.771875 0.126944 0.00750001 0.0205556 0.00116539
