0 0.745 0.858889 0.1925 0.28 0.955078
0 0.653125 0.442778 0.11875 0.21 0.95459
0 0.349688 0.495 0.113125 0.194444 0.95459
0 0.42 0.295556 0.07 0.116111 0.952148
0 0.506875 0.558333 0.10875 0.252222 0.95166
0 0.59875 0.273611 0.07 0.105 0.948242
0 0.7125 0.283264 0.11 0.174583 0.940918
0 0.35875 0.250556 0.05875 0.0872222 0.938965
0 0.82 0.281181 0.0675 0.100972 0.933594
0 0.508125 0.3225 0.07 0.131667 0.928711
0 0.565 0.184167 0.05 0.0711111 0.925781
0 0.90875 0.117083 0.035 0.0344444 0.905762
0 0.4025 0.16 0.03625 0.0544444 0.896973
0 0.470938 0.09375 0.046875 0.0347222 0.88623
0 0.364063 0.0755556 0.01875 0.0225 0.882324
0 0.294844 0.131806 0.0396875 0.0377778 0.874023
0 0.54375 0.0252778 0.016875 0.0165278 0.868652
0 0.0373047 0.303333 0.0324219 0.0366667 0.855957
0 0.225 0.163333 0.033125 0.0327778 0.848145
0 0.128281 0.210833 0.0323437 0.0325 0.84375
0 0.414375 0.0825 0.03 0.03 0.82666
7 0.243906 0.28 0.0078125 0.0227778 0.824219
0 0.75875 0.0638889 0.035 0.0241667 0.823242
0 0.387188 0.0686806 0.019375 0.0229167 0.803223
0 0.0059082 0.326111 0.0118164 0.0266667 0.803223
0 0.746875 0.0527778 0.03125 0.0244444 0.777344
7 0.257656 0.262778 0.00687501 0.0227778 0.773438
1 0.875 0.06625 0.08625 0.0588889 0.772461
0 0.07125 0.27 0.035 0.0377778 0.770508
0 0.81125 0.0627778 0.0325 0.0227778 0.769043
2 0.644375 0.0478472 0.00999997 0.0243056 0.766113
0 0.0220898 0.3 0.03 0.0366667 0.760742
7 0.0285156 0.377778 0.00515625 0.0177778 0.760742
7 0.743125 0.173194 0.00625 0.0205556 0.753418
0 0.379375 0.0430729 0.01125 0.0146875 0.720215
0 0.0678125 0.260556 0.0296875 0.0333333 0.656738
7 0.769375 0.129722 0.00374997 0.0155555 0.644043
7 0.0432422 0.359722 0.00539062 0.0172222 0.62793
7 0.7525 0.163611 0.00500005 0.0197222 0.62793
0 0.396875 0.0426389 0.01125 0.0151389 0.596191
0 0.397813 0.0679167 0.0175 0.0275 0.577637
7 0.944375 0.219583 0.00500005 0.0175 0.550781
0 0.380625 0.044566 0.01125 0.0150347 0.537109
0 0.0660938 0.275833 0.0264062 0.0333333 0.515625
0 0.433125 0.0513889 0.013125 0.0220833 0.479492
5 0.418125 0.0460417 0.01375 0.0233333 0.457031
7 0.7025 0.198333 0.00749995 0.025 0.350342
7 0.705 0.0777778 0.00499999 0.0119444 0.334473
7 0.773125 0.146667 0.00499999 0.0161111 0.331055
5 0.433125 0.0498611 0.01375 0.0225 0.319092
0 0.41375 0.0257986 0.00750001 0.0117361 0.317383
7 0.94625 0.214583 0.00499999 0.0177778 0.264404
0 0.433438 0.0295833 0.00874999 0.0119444 0.252441
7 0.674375 0.0501389 0.00374997 0.0111111 0.240723
7 0.164063 0.202361 0.00374999 0.0113889 0.23938
0 0.499375 0.00388889 0.00750001 0.00777778 0.23584
7 0.74625 0.128056 0.00500005 0.0183333 0.193115
2 0.275313 0.1075 0.015 0.0186111 0.191895
7 0.70125 0.0775 0.00499999 0.0155556 0.182983
0 0.41125 0.0239931 0.00875003 0.0114583 0.170532
0 0.39125 0.0689583 0.02625 0.0284722 0.168335
7 0.94125 0.220556 0.00500005 0.0166667 0.167236
0 0.459375 0.00524306 0.00625 0.0104861 0.15979
7 0.7025 0.204167 0.00875003 0.0316667 0.1427
5 0.0188696 0.243333 0.0182373 0.0244444 0.133911
0 0.423125 0.06125 0.01125 0.0186111 0.132568
0 0.428125 0.0359722 0.01 0.0177778 0.124634
7 0.655625 0.0497222 0.00374997 0.0133333 0.11438
7 0.0747266 0.291111 0.00382813 0.0138889 0.113953
0 0.385 0.0663889 0.015 0.0238889 0.113159
7 0.164844 0.193611 0.0034375 0.0116667 0.11084
0 0.407813 0.0287153 0.00812502 0.009375 0.108948
7 0.74625 0.124722 0.00500005 0.0183333 0.105225
0 0.4125 0.0786111 0.0275 0.0322222 0.102295
0 0.275938 0.110556 0.0146875 0.0186111 0.093689
2 0.135391 0.176111 0.01 0.0161111 0.0930176
7 0.6925 0.183611 0.00499999 0.0227778 0.0923462
2 0.431563 0.0552778 0.013125 0.0218056 0.0856934
0 0.396875 0.0322569 0.00874999 0.010625 0.0755615
7 0.0666406 0.295556 0.00484375 0.0111111 0.0596619
0 0.4075 0.0577778 0.0125 0.015 0.0579224
7 0.068125 0.298333 0.0059375 0.0166667 0.053009
7 0.69 0.186944 0.00749995 0.0255556 0.0516663
0 0.455 0.00819444 0.00499999 0.00916667 0.0484924
0 0.389375 0.0630556 0.015625 0.0225 0.0417786
7 0.67125 0.0513889 0.00250003 0.0116667 0.0414734
0 0.438125 0.0136806 0.00749998 0.0105556 0.037323
3 0.30875 0.0961111 0.00562499 0.0158333 0.0363464
0 0.751875 0.0630556 0.03875 0.0272222 0.035675
2 0.307188 0.0971528 0.00812502 0.0156944 0.035553
2 0.196875 0.15375 0.00625 0.0233333 0.0343628
0 0.21875 0.1625 0.0384375 0.0333333 0.0324707
0 0.75875 0.0580556 0.035 0.025 0.0321045
0 0.431563 0.0229861 0.00875003 0.0115278 0.0313721
5 0.0151367 0.252847 0.02375 0.0343056 0.0303345
0 0.44375 0.0133333 0.00625 0.00986111 0.0301056
7 0.257031 0.265556 0.00718751 0.0266667 0.0296478
7 0.094375 0.278611 0.0040625 0.0122222 0.0272675
7 0.0080957 0.382778 0.00513672 0.0211111 0.0248871
2 0.73375 0.0341667 0.00749995 0.0148611 0.0232391
0 0.0242969 0.291111 0.0298047 0.0333333 0.0229797
7 0.76375 0.152083 0.00499999 0.0169444 0.0220337
7 0.249844 0.127778 0.0028125 0.0119445 0.0218658
0 0.803125 0.0605556 0.0375001 0.0244444 0.0214539
2 0.6025 0.0415972 0.00875003 0.0218056 0.018692
0 0.81125 0.0688889 0.0375 0.0315278 0.018692
0 0.848125 0.0459722 0.03125 0.0190278 0.0182648
0 0.4175 0.0620139 0.015 0.0173611 0.0175171
0 0.277188 0.107222 0.018125 0.0183333 0.0158997
3 0.236563 0.14 0.00562499 0.0188889 0.0158386
2 0.00829224 0.27 0.00882568 0.0211111 0.0157166
7 0.69625 0.200694 0.00999997 0.0202778 0.0149002
0 0.00481445 0.335278 0.00949219 0.0394445 0.0142288
0 0.0616406 0.265556 0.0278125 0.0266667 0.014061
0 0.0714844 0.255556 0.0301563 0.03 0.0137939
0 0.369375 0.0709028 0.01625 0.0209722 0.0127258
7 0.69 0.0551389 0.00250003 0.00861111 0.012146
2 0.733125 0.107431 0.01 0.03875 0.011734
7 0.933125 0.235278 0.00625 0.0202778 0.011734
0 0.0254688 0.288056 0.0260547 0.025 0.0110321
0 0.850625 0.04375 0.0362501 0.0169444 0.0102081
7 0.695 0.049375 0.00250003 0.0119444 0.01017
7 0.0062793 0.383889 0.00701172 0.0233333 0.00963593
0 0.0080127 0.321667 0.0155371 0.0311111 0.00948334
2 0.00408691 0.274444 0.00755859 0.0188889 0.00941467
0 0.404375 0.04875 0.00812499 0.0180556 0.00912476
7 0.254531 0.133611 0.0034375 0.00944444 0.00888062
2 0.645 0.0379167 0.00999997 0.0216667 0.00881195
0 0.995 0.132639 0.00999997 0.0311111 0.00881195
0 0.443125 0.0276389 0.00874999 0.0129167 0.00803375
2 0.00654175 0.266944 0.00808838 0.0188889 0.00796509
2 0.2975 0.0993056 0.011875 0.0144444 0.0077858
3 0.5325 0.0484722 0.00750005 0.0194444 0.00766754
0 0.45 0.0171528 0.01 0.01375 0.00725937
0 0.86125 0.0472917 0.0575 0.0226389 0.0068779
0 0.900625 0.0870833 0.0300001 0.02375 0.0068779
1 0.89625 0.0698611 0.05 0.0505556 0.00679779
2 0.72625 0.0347222 0.00499999 0.0155556 0.00671768
3 0.795625 0.0755556 0.00750001 0.0275 0.00671768
2 0.124141 0.190833 0.0109375 0.015 0.00664139
0 0.9075 0.0856944 0.0275 0.0222222 0.00643921
3 0.230625 0.131389 0.00499999 0.02 0.00643921
0 0.7575 0.0684028 0.04 0.0306944 0.00641251
7 0.5075 0.323333 0.07 0.132222 0.00641251
3 0.167188 0.157639 0.0059375 0.0169444 0.00626373
0 0.85 0.0770833 0.035 0.0298611 0.00614548
0 0.99625 0.126667 0.00749995 0.0305556 0.00609589
7 0.930625 0.230278 0.00499999 0.0188889 0.00595856
0 0.821875 0.065 0.04 0.0211111 0.00591278
7 0.74875 0.127917 0.00375004 0.0180556 0.00591278
7 0.595625 0.0470833 0.00499999 0.0138889 0.00579834
2 0.615625 0.0289931 0.00437501 0.0127083 0.00510025
0 0.84625 0.0789583 0.03125 0.0240278 0.00503922
2 0.205625 0.154722 0.009375 0.0272222 0.00494385
0 0.44125 0.0442361 0.010625 0.0175 0.00482941
2 0.65375 0.0330208 0.00750001 0.0145139 0.00436401
0 0.84625 0.0590278 0.0375 0.0276389 0.00419998
7 0.084375 0.288889 0.0046875 0.0166667 0.00418091
3 0.705625 0.0288194 0.00374997 0.0111806 0.00416565
2 0.603125 0.035625 0.00625 0.0183333 0.00408554
7 0.0279492 0.376389 0.00703125 0.0222222 0.00407028
7 0.713125 0.206667 0.00875003 0.0272222 0.00402451
7 0.688125 0.185 0.00750001 0.0236111 0.00395966
7 0.0658984 0.308056 0.00421875 0.015 0.00379562
2 0.69625 0.0327778 0.00500005 0.0119444 0.00374985
7 0.105547 0.241667 0.00421875 0.015 0.00369263
0 0.95875 0.105694 0.02 0.0172222 0.00365067
3 0.276563 0.134722 0.00406249 0.0294444 0.00359344
0 0.38625 0.0329514 0.00750001 0.0117361 0.00344276
0 0.76875 0.0669444 0.045 0.0248611 0.00342941
2 0.130078 0.178194 0.015625 0.0191667 0.00338936
7 0.134922 0.216528 0.0223437 0.0219444 0.00337601
0 0.74 0.0525 0.0325 0.0219444 0.00332451
0 0.221875 0.154861 0.024375 0.0280556 0.00324821
5 0.0166211 0.247222 0.0212109 0.0361111 0.00307465
0 0.9 0.08 0.0475 0.0438889 0.0030632
2 0.196406 0.170556 0.00531251 0.0238889 0.00300407
0 0.485 0.00784722 0.00375001 0.00909722 0.00292397
7 0.6925 0.181944 0.00625 0.0233333 0.00290108
7 0.665625 0.0491667 0.00249996 0.00833333 0.00287819
4 0.0178027 0.25 0.0210742 0.0316667 0.00284576
7 0.155781 0.206389 0.0034375 0.0102778 0.00282288
0 0.76875 0.0615278 0.04 0.0236111 0.00266266
7 0.93625 0.228889 0.00499999 0.0169444 0.00255013
1 0.886875 0.0606944 0.05 0.045 0.00235939
1 0.8725 0.0605556 0.0737501 0.0480556 0.00228691
0 0.47 0.0194097 0.00750001 0.0115972 0.00227928
2 0.59 0.0229167 0.0112501 0.0122222 0.00223351
0 0.98875 0.124444 0.02 0.0255556 0.00221634
0 0.954375 0.105556 0.0175 0.0180556 0.00218201
7 0.7725 0.1425 0.00499999 0.0183333 0.00216484
0 0.464063 0.00954861 0.00562499 0.00868056 0.00215721
3 0.169375 0.156111 0.00562499 0.0194444 0.00215721
3 0.0343359 0.258889 0.00609375 0.02 0.00213242
7 0.168438 0.196667 0.005 0.0138889 0.00209045
2 0.7125 0.0490278 0.01 0.0158333 0.00206757
2 0.134688 0.192222 0.0121875 0.0147222 0.00202751
0 0.0698047 0.246667 0.0283594 0.0355555 0.00198746
0 0.81625 0.06375 0.04 0.0259722 0.0019722
2 0.142031 0.175139 0.00750001 0.0152778 0.00192642
0 0.0461621 0.285 0.019707 0.0244444 0.00192642
0 0.858125 0.0820833 0.02375 0.0236111 0.00189686
7 0.655 0.0626389 0.00249996 0.00944444 0.00182438
0 0.58125 0.0238889 0.02875 0.0147222 0.00181007
2 0.198281 0.143611 0.00906251 0.0219445 0.00181007
7 0.69875 0.209167 0.01625 0.0466667 0.00179577
0 0.8375 0.0756944 0.0325 0.0247222 0.00178242
0 0.9875 0.134722 0.0249999 0.0322222 0.00174141
0 0.0459375 0.243056 0.0196875 0.0205556 0.00174141
0 0.425938 0.0128819 0.00562499 0.00888889 0.00167465
2 0.570312 0.0197222 0.00874996 0.0123611 0.00163555
3 0.71625 0.157083 0.00750001 0.0791667 0.00156689
0 0.0457031 0.228611 0.0090625 0.0188889 0.00151253
0 0.273438 0.106806 0.018125 0.0191667 0.00150108
0 0.705 0.0470833 0.015 0.0151389 0.00143242
3 0.190781 0.159167 0.00718749 0.0241667 0.00142097
4 0.0145508 0.251667 0.0166797 0.0294444 0.00141048
0 0.495625 0.00756944 0.00499999 0.00861111 0.00138283
2 0.275 0.0908333 0.01 0.0227778 0.00138283
2 0.214375 0.139861 0.005 0.0155556 0.00131512
2 0.205313 0.142778 0.0125 0.0244445 0.0012846
3 0.715 0.170833 0.00749995 0.0605556 0.0012846
0 0.9475 0.104236 0.015 0.0179167 0.00127411
2 0.065625 0.2275 0.0109375 0.0183333 0.00127411
7 0.304375 0.921667 0.00750001 0.0266667 0.00126457
0 0.454688 0.0552951 0.045625 0.0371875 0.00124454
7 0.73125 0.118854 0.00625 0.0334028 0.00121593
7 0.625625 0.0301389 0.00374997 0.0109722 0.00118828
0 0.0231592 0.243056 0.0205566 0.0277778 0.00106049
2 0.444375 0.063125 0.01 0.0180556 0.00102043
