0 0.656875 0.867778 0.15625 0.262222 0.95752
0 0.282656 0.898056 0.155313 0.203889 0.957031
0 0.0506641 0.882222 0.101328 0.208889 0.95166
0 0.23125 0.728889 0.11625 0.166667 0.94873
0 0.192344 0.642778 0.0984375 0.117778 0.942383
0 0.311875 0.471111 0.0525 0.0688889 0.928223
0 0.364375 0.4775 0.055 0.0783333 0.928223
0 0.47625 0.498333 0.048125 0.0811111 0.921387
0 0.159375 0.505278 0.056875 0.0783333 0.914062
0 0.0340625 0.585417 0.068125 0.118056 0.914062
0 0.121563 0.480278 0.05125 0.0605555 0.90332
0 0.429688 0.425556 0.036875 0.06 0.901855
0 0.485 0.423333 0.03625 0.0555556 0.897461
0 0.192969 0.427222 0.0384375 0.0411111 0.883301
0 0.51125 0.364444 0.02625 0.0383333 0.871582
0 0.347188 0.343889 0.020625 0.0244444 0.869629
0 0.320625 0.369444 0.02625 0.0322222 0.868164
0 0.266875 0.412778 0.0375 0.0433333 0.856934
1 0.77 0.318056 0.105 0.0594444 0.845215
0 0.309375 0.329444 0.01625 0.0194444 0.844727
0 0.4775 0.325278 0.0175 0.0255556 0.836426
0 0.44875 0.330278 0.01875 0.025 0.835449
0 0.223125 0.395 0.026875 0.035 0.831055
0 0.027207 0.465556 0.0371484 0.0344445 0.829102
0 0.254688 0.348889 0.031875 0.0294444 0.824219
0 0.0460254 0.441389 0.0329492 0.0288889 0.823242
0 0.383125 0.323611 0.020625 0.0227778 0.819824
2 0.0812305 0.451667 0.0134766 0.0288889 0.813965
3 0.865625 0.462778 0.01375 0.0655555 0.811523
0 0.505625 0.331111 0.02 0.0277778 0.810547
0 0.450625 0.363889 0.0225 0.0366667 0.810547
0 0.302656 0.362778 0.0246875 0.0294444 0.799316
0 0.404688 0.322778 0.0175 0.0238889 0.788086
0 0.285469 0.338889 0.02125 0.0222222 0.779785
3 0.229375 0.489444 0.014375 0.0655555 0.778809
0 0.5175 0.298611 0.0125 0.0194444 0.777344
3 0.75375 0.441111 0.0125 0.0583333 0.771973
7 0.6675 0.463333 0.00499999 0.0238889 0.764648
0 0.718125 0.324722 0.035 0.025 0.741699
0 0.495625 0.273333 0.00875003 0.0116666 0.712402
2 0.0465625 0.476111 0.0140625 0.0366666 0.708984
3 0.261563 0.471111 0.009375 0.0611111 0.70752
2 0.64625 0.319444 0.00749995 0.0277778 0.699219
3 0.935 0.486389 0.00875003 0.065 0.684082
0 0.336875 0.3375 0.01625 0.0216667 0.673828
7 0.72375 0.4 0.00375004 0.0166667 0.668945
0 0.85875 0.331667 0.0325 0.0244445 0.668945
0 0.455625 0.302778 0.0125 0.0183333 0.65332
0 0.465 0.291389 0.00874999 0.0161111 0.645996
0 0.259063 0.388333 0.03375 0.0477778 0.642578
0 0.411875 0.314444 0.0125 0.0177778 0.640625
0 0.90625 0.332222 0.0225 0.0166667 0.640625
0 0.93625 0.326667 0.02375 0.0188889 0.633301
0 0.171602 0.468611 0.0392969 0.0511111 0.618652
0 0.339375 0.311111 0.0125 0.0155556 0.615234
2 0.222188 0.364444 0.00875001 0.0222222 0.602051
7 0.925 0.458889 0.00499999 0.0155556 0.602051
2 0.602188 0.315 0.00999997 0.0233333 0.581543
0 0.51125 0.277222 0.00875003 0.0122222 0.57959
0 0.00570313 0.405556 0.0112891 0.0288889 0.571777
0 0.323438 0.321111 0.0125 0.0188889 0.565918
0 0.37125 0.298611 0.01 0.0138889 0.563965
7 0.729375 0.4375 0.00625 0.0222222 0.562012
2 0.6275 0.313611 0.0112501 0.0205556 0.550781
0 0.481563 0.295833 0.01125 0.0188889 0.548828
7 0.02375 0.528333 0.0046875 0.0122222 0.542969
2 0.0677344 0.409722 0.0096875 0.02 0.527344
0 0.0245313 0.565694 0.0486719 0.0819444 0.519531
0 0.465938 0.280556 0.00875003 0.0133333 0.513672
2 0.61375 0.313611 0.00812499 0.0216667 0.503906
0 0.0141602 0.452222 0.0267969 0.0255556 0.486328
7 0.74625 0.4025 0.00500005 0.0166667 0.478516
0 0.382188 0.291111 0.009375 0.0144444 0.46875
0 0.0178906 0.457222 0.0273438 0.0311111 0.453369
2 0.218281 0.365556 0.0115625 0.0244445 0.44751
7 0.222813 0.521667 0.00750001 0.0255555 0.443604
7 0.68375 0.353333 0.00500005 0.0133333 0.411133
0 0.9225 0.329444 0.0199999 0.0155555 0.405518
2 0.0655469 0.413889 0.0110937 0.0188889 0.399902
7 0.738125 0.430833 0.00625 0.0283333 0.387695
3 0.130625 0.382778 0.0059375 0.02 0.38501
0 0.435 0.274167 0.00687501 0.00999999 0.379395
0 0.38125 0.289444 0.00749998 0.0122222 0.377441
2 0.173438 0.381667 0.0075 0.0244444 0.37207
0 0.504375 0.258889 0.00625 0.00888889 0.359375
0 0.41125 0.306667 0.01125 0.0177778 0.355713
2 0.70625 0.391667 0.01 0.04 0.348633
0 0.48125 0.28 0.01 0.0133333 0.343262
0 0.4125 0.296944 0.01125 0.0155555 0.343262
2 0.65625 0.31 0.00750001 0.0211111 0.339844
0 0.905 0.334444 0.0225 0.0166667 0.338867
0 0.395625 0.315556 0.01125 0.02 0.332764
0 0.369375 0.298889 0.01 0.0133333 0.327637
0 0.405625 0.281111 0.00750001 0.00999999 0.324219
2 0.58125 0.314444 0.019375 0.0188889 0.310791
7 0.678125 0.48 0.00750001 0.0255556 0.305664
3 0.935 0.479722 0.00749995 0.0527778 0.255371
2 0.59875 0.313889 0.0125 0.0227778 0.252441
0 0.339688 0.3325 0.015625 0.0255556 0.24939
0 0.425938 0.276944 0.00625 0.0105555 0.240723
0 0.489375 0.271389 0.00625 0.0111111 0.237915
3 0.157969 0.394444 0.00718749 0.0283333 0.229492
2 0.19625 0.381667 0.00687501 0.0244444 0.220703
0 0.413125 0.280556 0.00749998 0.0111111 0.214722
3 0.70625 0.391667 0.01 0.04 0.211426
3 0.14875 0.376667 0.0046875 0.02 0.209473
0 0.484375 0.261111 0.00500002 0.0111111 0.204956
0 0.0202344 0.578889 0.0404688 0.0755555 0.19812
0 0.96125 0.332222 0.01875 0.0166667 0.194336
2 0.614375 0.313333 0.0125 0.0222222 0.186523
7 0.63375 0.329167 0.00374997 0.0116667 0.185913
0 0.41875 0.285278 0.00874999 0.0133333 0.184204
0 0.479688 0.296111 0.01125 0.0166667 0.180054
0 0.80375 0.331111 0.03875 0.0244444 0.166138
2 0.143594 0.375 0.00750001 0.0177778 0.162964
2 0.172031 0.381389 0.00687501 0.0255556 0.15918
0 0.0463672 0.435556 0.0324219 0.0277778 0.147583
2 0.58375 0.312222 0.018125 0.02 0.141724
0 0.469375 0.272222 0.00625 0.0111111 0.140869
0 0.0142285 0.582222 0.0283398 0.0688889 0.140381
0 0.261563 0.378889 0.02875 0.0333333 0.138428
0 0.429375 0.272778 0.00499999 0.00999999 0.135254
0 0.47875 0.320833 0.015 0.0244444 0.133423
0 0.0158008 0.571667 0.0315234 0.0655556 0.13208
0 0.40875 0.299444 0.01 0.0166667 0.131226
2 0.203125 0.368889 0.00625002 0.0233333 0.130249
0 0.00436523 0.408333 0.00873047 0.0311111 0.128906
7 0.67 0.341389 0.00374997 0.0127778 0.128906
2 0.194688 0.373889 0.00562499 0.0255555 0.125977
7 0.145078 0.418056 0.00296876 0.00944443 0.125488
0 0.325078 0.323333 0.0135937 0.02 0.124634
0 0.475313 0.261389 0.00625 0.0105555 0.123779
0 0.0372266 0.461667 0.0309375 0.03 0.123779
0 0.476875 0.278333 0.00687497 0.0122222 0.12085
0 0.255 0.350278 0.025 0.0244445 0.11676
2 0.0357422 0.414444 0.0071875 0.0177778 0.114746
7 0.126406 0.418333 0.0040625 0.00999999 0.113586
2 0.211406 0.367222 0.00843751 0.0233333 0.111633
0 0.511875 0.2725 0.00625 0.0116667 0.106323
0 0.49375 0.261667 0.00500002 0.00777777 0.105957
3 0.93375 0.498333 0.00999997 0.0733334 0.102295
7 0.7375 0.427222 0.00499999 0.0188889 0.100891
0 0.445625 0.263889 0.00625 0.01 0.0991211
2 0.00274414 0.493333 0.00548828 0.0288889 0.0980835
2 0.631563 0.315556 0.00812499 0.0188889 0.0927124
0 0.723125 0.321111 0.04125 0.0361111 0.0913696
3 0.190938 0.380833 0.00625 0.0266667 0.0910645
0 0.263125 0.403889 0.03875 0.0377778 0.0872803
2 0.213594 0.3575 0.0078125 0.0194444 0.085083
0 0.448125 0.266667 0.00625 0.0111111 0.0836182
0 0.00297607 0.469444 0.00595215 0.0311111 0.083313
3 0.00816406 0.546528 0.0111523 0.0336111 0.0817871
2 0.131875 0.381944 0.00687501 0.02 0.0766602
0 0.39375 0.281944 0.00749998 0.01 0.076416
0 0.0141309 0.448333 0.0282227 0.0244444 0.0753174
0 0.5075 0.361389 0.02 0.0366667 0.0739746
2 0.173438 0.374722 0.00687499 0.0238889 0.0713501
2 0.21875 0.361667 0.0103125 0.02 0.0699463
0 0.175273 0.458889 0.0438281 0.0611111 0.0661011
0 0.285781 0.350556 0.0221875 0.0344445 0.0656128
0 0.95625 0.330278 0.01125 0.0161111 0.0628052
2 0.0369336 0.408333 0.00753906 0.0183333 0.0616455
0 0.42125 0.295556 0.009375 0.0144444 0.0528259
7 0.128672 0.414722 0.00359375 0.0161111 0.0499573
7 0.0653125 0.472778 0.00375 0.0144444 0.0497742
2 0.65625 0.303889 0.00874996 0.0194444 0.0495911
2 0.69375 0.331111 0.01 0.0266667 0.049408
2 0.715 0.306111 0.0199999 0.02 0.0476074
2 0.7125 0.301111 0.00750001 0.0166667 0.0474243
3 0.749375 0.432778 0.00625 0.0522222 0.0472412
0 0.73875 0.298889 0.0325 0.02 0.0450134
0 0.26375 0.416667 0.03 0.0411111 0.0448608
2 0.595625 0.301667 0.00625 0.0166667 0.0446777
2 0.71 0.392778 0.0175 0.0372222 0.0441895
3 0.995625 0.595 0.00874996 0.07 0.0394897
0 0.42 0.307222 0.01125 0.0188889 0.0387573
0 0.803125 0.317778 0.04 0.03 0.0386047
7 0.92375 0.466111 0.00499999 0.0166667 0.0375977
0 0.180938 0.375 0.020625 0.0261111 0.0360718
7 0.654375 0.328056 0.00374997 0.0116667 0.035553
0 0.180625 0.381111 0.021875 0.0244444 0.035553
0 0.18 0.453333 0.036875 0.0622222 0.0344849
0 0.73375 0.300833 0.0225 0.0194444 0.0335999
0 0.73875 0.296667 0.0375 0.0172222 0.0333252
0 0.411875 0.272778 0.00874999 0.00999999 0.0330811
0 0.966875 0.335556 0.0225 0.0166667 0.0323486
0 0.454688 0.305 0.011875 0.0177778 0.0304413
0 0.458125 0.287222 0.00875003 0.0144444 0.0299835
2 0.64875 0.313889 0.00750001 0.0255556 0.0296478
3 0.26 0.482778 0.009375 0.0377778 0.0295868
3 0.165 0.382778 0.00375001 0.0255556 0.029541
0 0.82 0.330278 0.045 0.0238889 0.0292053
2 0.58375 0.297778 0.00687497 0.0155555 0.0281067
0 0.0299219 0.555417 0.0397656 0.0625 0.0279083
0 0.0182593 0.445 0.0183643 0.0222222 0.0259552
0 0.392188 0.303056 0.01125 0.0166667 0.0259552
0 0.514375 0.298889 0.0125 0.0188889 0.0249939
7 0.149688 0.411111 0.0034375 0.01 0.0246124
7 0.745 0.423889 0.00250003 0.0222222 0.0236053
2 0.0305859 0.411111 0.00875 0.0222222 0.0229797
0 0.80125 0.329444 0.04375 0.0327778 0.0227203
0 0.0285742 0.851111 0.0571484 0.14 0.0216217
2 0.145313 0.376944 0.0059375 0.02 0.0212097
3 0.162656 0.371667 0.0065625 0.0233333 0.0210419
2 0.69125 0.337222 0.00875003 0.0322222 0.0207214
0 0.92125 0.332778 0.02 0.0166667 0.0197906
0 0.9 0.338333 0.025 0.0144444 0.0190582
7 0.00824341 0.554306 0.00886475 0.0380555 0.018692
3 0.7 0.346667 0.00499999 0.0288889 0.0184784
2 0.0263281 0.419167 0.00609375 0.015 0.0183411
2 0.105781 0.388889 0.00625 0.02 0.0164642
7 0.011543 0.547778 0.00949219 0.0366666 0.0139542
2 0.220313 0.360556 0.011875 0.0255556 0.0130692
0 0.964375 0.335278 0.01625 0.0155555 0.0127258
7 0.73625 0.431111 0.00499999 0.0211111 0.0125732
0 0.81375 0.32 0.035 0.0211111 0.0121918
0 0.393125 0.296111 0.01 0.0166667 0.0120544
3 0.205625 0.355 0.00437501 0.0166667 0.0116882
0 0.44875 0.326111 0.02 0.03 0.0113754
3 0.99375 0.589444 0.0124999 0.09 0.0113297
0 0.745625 0.3 0.0525 0.0238889 0.0106506
0 0.751875 0.313611 0.085 0.0394444 0.0105667
3 0.265313 0.468333 0.01375 0.0683333 0.00952148
0 0.90625 0.340556 0.02875 0.0211111 0.00933838
0 0.320625 0.318889 0.014375 0.0144444 0.00905609
3 0.0263477 0.408333 0.00722656 0.02 0.00878143
3 0.694375 0.348333 0.00499999 0.0244445 0.00871277
7 0.72625 0.443056 0.00499999 0.0188889 0.00854492
3 0.00277832 0.497222 0.00555664 0.03 0.00847626
0 0.454375 0.262778 0.00375001 0.00777777 0.00803375
2 0.6625 0.313611 0.00625 0.0183333 0.00790405
0 0.83375 0.33 0.035 0.0244444 0.00766754
0 0.73625 0.323333 0.0425 0.0433333 0.00712204
0 0.533125 0.275556 0.00499999 0.00888889 0.0069046
3 0.204844 0.378333 0.0046875 0.0244444 0.0068779
7 0.125313 0.436667 0.005 0.0155556 0.00629044
0 0.7925 0.316111 0.06 0.0411111 0.00602722
0 0.52875 0.270278 0.00625 0.0105555 0.00588989
0 0.255781 0.342778 0.02625 0.0266667 0.00584412
0 0.507188 0.275556 0.00750001 0.0111111 0.00579834
3 0.70625 0.385 0.00750001 0.0466667 0.00577545
3 0.26 0.468889 0.0115625 0.0644445 0.00547028
2 0.574063 0.292222 0.00625 0.0133333 0.00538635
0 0.0168848 0.433889 0.0206836 0.0266667 0.00521851
0 0.696875 0.321389 0.00750001 0.0205556 0.00518036
7 0.694375 0.361667 0.00499999 0.0194444 0.00498199
3 0.175 0.392778 0.00562501 0.0333333 0.00453949
2 0.155469 0.376111 0.005 0.0255556 0.00446701
0 0.965 0.341111 0.02 0.0244444 0.00439835
2 0.57875 0.312222 0.0225 0.0222222 0.00432968
0 0.170625 0.483333 0.035625 0.05 0.00429916
0 0.00905762 0.407778 0.017998 0.0244444 0.00426483
0 0.514375 0.261667 0.00374997 0.00777777 0.00416565
2 0.676875 0.288889 0.00625 0.0177778 0.0041008
2 0.127031 0.385278 0.005 0.0172222 0.00397491
0 0.484375 0.306111 0.01625 0.0222222 0.00397491
0 0.858125 0.337222 0.03375 0.0266667 0.0039444
2 0.57875 0.286389 0.00750001 0.0138889 0.00392914
3 0.162813 0.3925 0.0059375 0.0277778 0.00382423
3 0.936875 0.497222 0.01125 0.0666666 0.00367928
2 0.183438 0.354444 0.00562499 0.0144444 0.00356483
7 0.67125 0.470556 0.00749995 0.0277778 0.00356483
7 0.170938 0.406667 0.00687501 0.0244444 0.00345612
2 0.0828125 0.450556 0.0178125 0.0322222 0.00340271
7 0.075625 0.467778 0.00398438 0.0155556 0.00327301
0 0.95 0.333333 0.0125 0.0177778 0.00322342
7 0.67625 0.318056 0.00374997 0.0144444 0.00311089
0 0.4725 0.303056 0.014375 0.0205556 0.00305176
7 0.723125 0.449167 0.00499999 0.0222222 0.00293541
0 0.526563 0.276667 0.00749998 0.0111111 0.00275803
0 0.38625 0.281667 0.00625 0.00944446 0.00273705
0 0.252188 0.376667 0.02375 0.04 0.00273705
0 0.91625 0.339167 0.02875 0.025 0.00269318
3 0.7575 0.440556 0.02 0.0577778 0.00261116
0 0.46625 0.264444 0.00500002 0.0111111 0.00251198
0 0.98375 0.332778 0.015 0.0161111 0.00251198
3 0.99625 0.603889 0.00749995 0.07 0.00248146
3 0.247188 0.413333 0.0078125 0.0344445 0.00247192
7 0.0374219 0.474722 0.00867188 0.0377778 0.00243378
3 0.194688 0.391389 0.011875 0.0316667 0.0024147
7 0.134766 0.418333 0.0034375 0.00944446 0.002388
5 0.72 0.310556 0.035 0.0344444 0.00237846
3 0.69375 0.444444 0.00750001 0.0683334 0.00232315
0 0.00521973 0.398889 0.0104395 0.0355556 0.00228691
7 0.145156 0.405 0.00343749 0.015 0.00226974
7 0.165625 0.42 0.004375 0.0144444 0.00225258
0 0.322813 0.351111 0.02 0.0211111 0.00219917
7 0.5675 0.316944 0.00750001 0.015 0.00213242
2 0.605 0.318333 0.010625 0.0277778 0.00203514
0 0.0582813 0.423889 0.0117188 0.0177778 0.00194168
7 0.92875 0.453333 0.00500005 0.0233333 0.00192642
0 0.444063 0.273333 0.00499999 0.0111111 0.00190449
0 0.523438 0.262778 0.00562499 0.00888889 0.00189686
3 0.263438 0.435278 0.026875 0.07 0.00189686
0 0.77375 0.352222 0.0175 0.0177778 0.00188255
0 0.00918945 0.852222 0.0183789 0.135556 0.00183868
3 0.6975 0.384444 0.00999997 0.0438889 0.00182438
3 0.69 0.308889 0.00625 0.02 0.00178242
0 0.768125 0.315556 0.1075 0.0466667 0.00176144
7 0.72375 0.394167 0.00499999 0.0216667 0.00174141
