0 0.50625 0.314167 0.0675 0.118333 0.958496
0 0.891875 0.728333 0.18 0.363333 0.958496
0 0.0696094 0.722222 0.133125 0.247778 0.95752
0 0.489063 0.886111 0.17375 0.225556 0.95752
0 0.351563 0.552222 0.130625 0.252222 0.956543
0 0.2575 0.907778 0.181875 0.182222 0.955078
0 0.269063 0.448333 0.11125 0.167778 0.954102
0 0.508125 0.492222 0.105 0.228889 0.950195
0 0.755625 0.402222 0.12875 0.189444 0.949707
0 0.6875 0.267222 0.075 0.101667 0.947266
0 0.210781 0.417222 0.0990625 0.137778 0.944824
0 0.344688 0.280833 0.0775 0.112778 0.941895
0 0.61125 0.352778 0.09 0.144444 0.938477
0 0.41375 0.323333 0.07375 0.12 0.929199
0 0.6075 0.0913194 0.06875 0.0498611 0.889648
0 0.182461 0.212917 0.0482031 0.0472222 0.877441
0 0.392813 0.126146 0.066875 0.049375 0.876465
0 0.263281 0.144722 0.0421875 0.0361111 0.875977
0 0.66625 0.0576389 0.045 0.0280556 0.865234
0 0.75875 0.0633333 0.035 0.0252778 0.841797
5 0.606875 0.0476389 0.06 0.0359722 0.838867
0 0.334063 0.110556 0.040625 0.035 0.838867
0 0.0437402 0.297222 0.0343945 0.04 0.837402
7 0.244063 0.280556 0.008125 0.0222222 0.825684
0 0.110313 0.214306 0.030625 0.0344444 0.819824
0 0.689375 0.630972 0.16875 0.344722 0.801758
7 0.701875 0.198472 0.00750001 0.0252778 0.796875
7 0.743125 0.173056 0.00625 0.0205556 0.790527
0 0.365313 0.0732639 0.01875 0.0243056 0.789062
0 0.405938 0.0589583 0.014375 0.0230556 0.786621
7 0.257812 0.262778 0.00687499 0.0222222 0.760742
7 0.0285156 0.377222 0.00523437 0.0188889 0.756348
2 0.0417969 0.316111 0.0160938 0.04 0.743164
0 0.383438 0.07 0.014375 0.0208333 0.71875
0 0.3925 0.0633333 0.01375 0.0194444 0.697754
2 0.307813 0.105208 0.0125 0.0218056 0.673828
7 0.76875 0.130694 0.00375004 0.0169444 0.645996
1 0.350625 0.0590278 0.0275 0.0402778 0.62793
7 0.7525 0.163333 0.00500005 0.0197222 0.609375
0 0.425 0.0568056 0.01625 0.0205556 0.596191
0 0.3475 0.0770139 0.015625 0.0219444 0.537109
1 0.331563 0.0738195 0.031875 0.0452778 0.536133
7 0.944375 0.22 0.00500005 0.0172222 0.53125
0 0.431875 0.02875 0.00874999 0.0133333 0.507812
0 0.414063 0.0501389 0.010625 0.0177778 0.492188
0 0.390625 0.0571528 0.0125 0.0184722 0.466797
0 0.375938 0.0651389 0.011875 0.0179167 0.403564
7 0.94625 0.214167 0.00499999 0.0172222 0.401611
0 0.424375 0.0324306 0.01 0.01375 0.348633
7 0.0666406 0.296667 0.004375 0.0127778 0.341553
7 0.705 0.0786111 0.00499999 0.0122222 0.334473
0 0.4325 0.0508333 0.0125 0.0186111 0.329346
7 0.0430469 0.359167 0.00523438 0.0172222 0.325928
0 0.431875 0.0226736 0.00874999 0.0122222 0.31665
0 0.39125 0.0490278 0.01125 0.015 0.315674
0 0.38625 0.0511806 0.010625 0.0151389 0.303955
5 0.409688 0.0298611 0.011875 0.0177778 0.300781
0 0.40375 0.0493056 0.01 0.0183333 0.295898
7 0.773125 0.146111 0.00499999 0.0172222 0.284668
0 0.424688 0.0493056 0.0125 0.0177778 0.256836
0 0.38 0.0680556 0.0125 0.0208333 0.240112
5 0.41 0.0329167 0.0125 0.0222222 0.237915
7 0.0845313 0.282778 0.004375 0.0133333 0.233765
2 0.7375 0.0360417 0.01 0.0180556 0.228149
7 0.144531 0.211944 0.004375 0.0122222 0.228149
7 0.74625 0.125278 0.00500005 0.0183333 0.215332
0 0.3675 0.0590278 0.01125 0.0136111 0.212036
0 0.501875 0.00467014 0.00750001 0.00934028 0.195557
7 0.0685938 0.298056 0.00453125 0.0161111 0.171631
0 0.309688 0.105069 0.015625 0.0245833 0.169434
7 0.94125 0.219722 0.00500005 0.0161111 0.157715
7 0.70125 0.0775 0.00499999 0.0145833 0.121277
5 0.0181836 0.245556 0.0193359 0.0238889 0.119629
7 0.145313 0.218889 0.00421875 0.0138889 0.0943604
0 0.41375 0.0577083 0.0125 0.0222222 0.0907593
7 0.162656 0.202222 0.00562499 0.0172222 0.083313
0 0.453125 0.00940972 0.00625 0.00958333 0.0708008
7 0.140938 0.215556 0.004375 0.0155556 0.0703125
0 0.590625 0.0330556 0.03 0.0161111 0.0658569
5 0.0126465 0.252778 0.0202539 0.0288889 0.0648804
5 0.445938 0.0128472 0.00812502 0.0113889 0.0603027
2 0.704375 0.0337153 0.00625 0.0157639 0.0583496
0 0.335625 0.0988889 0.0375 0.0283333 0.0562439
0 0.360625 0.0516667 0.01125 0.0172222 0.0481262
2 0.3075 0.101389 0.016875 0.0244444 0.0438538
7 0.76375 0.152083 0.00499999 0.0172222 0.0427246
0 0.378125 0.0511111 0.01125 0.0127778 0.042572
0 0.760625 0.0548611 0.0325 0.0205556 0.0396423
0 0.60375 0.0532118 0.04875 0.0310764 0.0330811
2 0.20625 0.149861 0.0065625 0.0241667 0.0325928
0 0.0450781 0.290833 0.0332813 0.0272222 0.0307312
7 0.6925 0.183333 0.00499999 0.0222222 0.0281067
0 0.4875 0.00805556 0.00625 0.00930556 0.0278015
7 0.0752344 0.245 0.0040625 0.0133333 0.0278015
3 0.885625 0.0618056 0.00375004 0.0205556 0.0272675
5 0.4375 0.0145833 0.00749998 0.0122222 0.0263519
7 0.69 0.187083 0.00749995 0.0244445 0.0256653
3 0.196406 0.152361 0.00531251 0.0252778 0.0232391
2 0.30125 0.100139 0.01875 0.0213889 0.0214539
2 0.122656 0.191806 0.00765625 0.0175 0.0204926
0 0.332813 0.0755556 0.025625 0.0297222 0.0197144
7 0.0279297 0.376111 0.00695313 0.0227778 0.0187683
7 0.0430859 0.357222 0.00617187 0.0188889 0.018692
5 0.0114258 0.256181 0.0173047 0.0265278 0.0184021
5 0.0163867 0.2525 0.0228516 0.0283333 0.0176392
2 0.7375 0.0398611 0.0125 0.0183333 0.0173035
2 0.4275 0.0569444 0.0175 0.0205556 0.0171814
7 0.68875 0.183889 0.00750001 0.0233333 0.0171814
0 0.596875 0.0451563 0.04125 0.031632 0.0167236
2 0.273906 0.112917 0.00687497 0.0161111 0.0158997
0 0.409063 0.0296181 0.011875 0.0217361 0.0152512
0 0.398125 0.0319444 0.00875003 0.0109722 0.0149536
2 0.70375 0.0423438 0.00750001 0.0197569 0.0149536
7 0.135625 0.222778 0.00406251 0.0125 0.0148392
7 0.294688 0.115278 0.00437498 0.0122222 0.0134277
7 0.00821289 0.382222 0.00519531 0.0222222 0.0110703
0 0.294375 0.0971528 0.02 0.0213889 0.0105667
2 0.0100195 0.260486 0.0104297 0.0245833 0.0105286
3 0.89375 0.0673611 0.00499999 0.0190278 0.00989532
0 0.45 0.0169444 0.00625 0.0125 0.00978088
0 0.593125 0.0412326 0.03125 0.0303125 0.00919342
2 0.617813 0.029375 0.00750001 0.015 0.00919342
2 0.665 0.0327778 0.00500005 0.0134722 0.00861359
0 0.60375 0.0575 0.05375 0.0211111 0.00854492
0 0.470313 0.0202083 0.00562499 0.00881945 0.00837708
0 0.995 0.131389 0.00999997 0.0344444 0.00812531
7 0.257188 0.265833 0.00750001 0.0266667 0.00790405
0 0.4275 0.0150347 0.009375 0.0114583 0.00766754
7 0.74875 0.12875 0.00375004 0.0202778 0.00763702
7 0.695625 0.0477778 0.00375004 0.0143056 0.00737381
2 0.7425 0.0361806 0.00750001 0.0172222 0.00725937
2 0.625313 0.0280556 0.00437501 0.0104167 0.00666809
7 0.765625 0.124028 0.00375004 0.0175 0.00624084
2 0.276094 0.107083 0.010625 0.0191667 0.00602722
2 0.696875 0.0340278 0.00499999 0.0152778 0.00584412
7 0.6925 0.1825 0.00750001 0.0241667 0.00557709
0 0.751875 0.0651389 0.03625 0.0258333 0.00553513
0 0.99625 0.125278 0.00749995 0.0311111 0.0051384
7 0.93375 0.235278 0.00750001 0.0216667 0.0049057
7 0.285625 0.116111 0.003125 0.0111111 0.00484848
0 0.459375 0.00465278 0.00625 0.00930556 0.00482941
0 0.0569141 0.256042 0.0163281 0.0234722 0.00473785
0 0.691094 0.721111 0.172813 0.525556 0.00443268
7 0.0832813 0.288889 0.00546875 0.0166667 0.00441742
0 0.7275 0.0408333 0.025 0.0184722 0.00436401
7 0.0739063 0.293333 0.00460938 0.0122222 0.0041008
3 0.208438 0.153889 0.00562499 0.0252778 0.0041008
2 0.7325 0.0364583 0.0225 0.0188889 0.0039444
7 0.766875 0.134722 0.00499999 0.015 0.00335121
3 0.195625 0.171667 0.00406249 0.0177778 0.00329781
2 0.117188 0.197361 0.01375 0.0211111 0.00323486
0 0.494688 0.00739583 0.00562499 0.00909722 0.00317192
3 0.73 0.0976389 0.00499999 0.0291667 0.00298119
2 0.267969 0.120417 0.00968752 0.0163889 0.00293541
0 0.440625 0.0459549 0.01125 0.0169792 0.00284576
0 0.38 0.115694 0.04125 0.0322222 0.00282288
2 0.7325 0.10875 0.00999997 0.0394444 0.0026722
2 0.71125 0.0473611 0.01125 0.015 0.00261116
2 0.7325 0.111146 0.00750001 0.0365972 0.00259018
2 0.205 0.143611 0.01 0.0227778 0.00258064
2 0.0544531 0.248889 0.0114063 0.0183333 0.00253105
0 0.610625 0.0795833 0.04875 0.0336111 0.00252151
3 0.167188 0.158889 0.00625 0.0177778 0.00245285
1 0.363125 0.0359722 0.0175 0.0258333 0.00244331
2 0.291563 0.101667 0.016875 0.0180556 0.00240517
3 0.73125 0.112917 0.00625 0.0416667 0.00234222
7 0.235938 0.138611 0.004375 0.0161111 0.00228691
7 0.165156 0.196806 0.00375001 0.0180556 0.00219917
0 0.5025 0.00645833 0.00750001 0.0104167 0.00218201
0 0.99 0.123889 0.0199999 0.0261111 0.00218201
3 0.0349805 0.261111 0.00683594 0.0205555 0.00214958
7 0.93625 0.228333 0.00499999 0.0172222 0.00213242
3 0.5775 0.0423611 0.00625 0.0191667 0.00211525
0 0.745 0.05125 0.02 0.0211111 0.00208282
0 0.9875 0.134722 0.0249999 0.0322222 0.0020752
2 0.124219 0.177778 0.006875 0.0177778 0.00201988
5 0.0416016 0.228611 0.01875 0.0227778 0.00192642
7 0.68625 0.0813889 0.00499999 0.01 0.00186729
7 0.0658594 0.306667 0.00421875 0.0166667 0.00184631
0 0.960625 0.104722 0.01875 0.0169444 0.00183868
7 0.69 0.0829167 0.00500005 0.0191667 0.00183868
3 0.230781 0.130972 0.0059375 0.0225 0.00183105
5 0.0151855 0.245417 0.022832 0.0352778 0.00168705
7 0.225 0.1525 0.003125 0.00944444 0.00168133
7 0.105313 0.234167 0.010625 0.0338889 0.00167465
5 0.0411621 0.228333 0.0270508 0.0341667 0.00163555
0 0.295313 0.0895833 0.011875 0.0197222 0.00161076
0 0.758125 0.0679861 0.0375 0.0315278 0.00157356
7 0.0842969 0.244167 0.00453126 0.0127778 0.00152493
3 0.89 0.06375 0.00499999 0.0255556 0.00147247
0 0.593125 0.0825 0.04 0.0369444 0.00146675
1 0.34625 0.0694444 0.03125 0.0491667 0.00145531
7 0.7775 0.145417 0.00999997 0.0202778 0.00135612
0 0.44375 0.0252778 0.00874999 0.0148611 0.00134563
5 0.0227148 0.230278 0.0150781 0.0216667 0.0012846
0 0.76625 0.0681944 0.04 0.0273611 0.00119686
0 0.766875 0.06125 0.045 0.0247222 0.0011692
7 0.69375 0.0779861 0.00375004 0.0126389 0.00114727
0 0.301563 0.0905556 0.0175 0.0213889 0.0011425
7 0.183438 0.169444 0.00499999 0.0188889 0.0011425
3 0.00339356 0.274444 0.00662109 0.02 0.00112438
0 0.104063 0.210694 0.0417188 0.0397222 0.00110722
2 0.196563 0.143333 0.008125 0.0216667 0.0011034
7 0.215 0.155139 0.00343749 0.0136111 0.00108147
3 0.92625 0.0863889 0.00625 0.0188889 0.00105667
7 0.115469 0.233611 0.0101563 0.0277778 0.00105667
2 0.0637109 0.248194 0.0110938 0.0202778 0.00104809
0 0.993438 0.139722 0.013125 0.0394445 0.00104046
7 0.157031 0.225833 0.00625 0.0172222 0.00102806
