0 0.49 0.683333 0.125 0.337778 0.956543
0 0.69625 0.601111 0.14875 0.284444 0.953125
0 0.34625 0.563333 0.126875 0.243333 0.952637
0 0.606875 0.293889 0.08625 0.144444 0.939941
0 0.705 0.2875 0.08375 0.113889 0.9375
0 0.410313 0.319167 0.075 0.130556 0.930176
5 0.51 0.377778 0.078125 0.187778 0.924805
0 0.0467578 0.4625 0.0757031 0.132778 0.918945
0 0.600313 0.0681944 0.054375 0.0372222 0.896973
0 0.303438 0.136944 0.055 0.0427778 0.88623
0 0.118594 0.244444 0.0410938 0.0405556 0.876465
0 0.376875 0.112222 0.05875 0.0486111 0.875977
0 0.234063 0.182222 0.051875 0.04 0.861328
0 0.89125 0.103889 0.0375 0.0341667 0.854004
0 0.463125 0.0714583 0.03875 0.0318056 0.841797
7 0.245313 0.280278 0.0075 0.0227778 0.829102
7 0.744375 0.173611 0.00625 0.0208333 0.820801
1 0.7775 0.0497049 0.1175 0.0628125 0.819336
7 0.703125 0.199167 0.00625 0.0244444 0.812988
0 0.0380908 0.298889 0.0362402 0.0477778 0.812988
2 0.0221094 0.365556 0.0171094 0.0427778 0.806641
5 0.426875 0.0475694 0.01875 0.0408333 0.794434
0 0.47875 0.0478472 0.01875 0.025 0.778809
5 0.402188 0.0449306 0.01875 0.035 0.759277
0 0.3275 0.0886806 0.01375 0.0209722 0.73877
0 0.199219 0.187778 0.0421875 0.0427778 0.737305
0 0.945 0.0963889 0.025 0.0222222 0.70752
0 0.368125 0.0740278 0.01875 0.0225 0.702637
5 0.84 0.0640278 0.045 0.0340278 0.677246
7 0.6925 0.184167 0.00499999 0.0211111 0.673828
7 0.753125 0.163056 0.00625 0.02 0.662109
0 0.91625 0.0886111 0.0275 0.0211111 0.65332
0 0.384375 0.0682639 0.0175 0.0220833 0.651367
0 0.00465576 0.325556 0.00928223 0.0266667 0.644043
0 0.395 0.06125 0.01375 0.0202778 0.640625
1 0.356875 0.0536806 0.02625 0.0404167 0.620605
7 0.77 0.129167 0.00499999 0.0161111 0.620605
7 0.945 0.222778 0.00499999 0.0172222 0.609375
0 0.89 0.0784028 0.0325 0.0229167 0.605957
0 0.386875 0.09375 0.041875 0.0258333 0.602051
0 0.0361328 0.290833 0.0357813 0.0366667 0.592773
1 0.345625 0.0714583 0.0275 0.0423611 0.563965
0 0.87875 0.0751389 0.0300001 0.0219444 0.552734
1 0.35 0.0619444 0.031875 0.0444444 0.535156
0 0.506875 0.00677083 0.00749998 0.0103472 0.523438
7 0.70625 0.0784722 0.00375004 0.0122222 0.5
7 0.773125 0.145833 0.00499999 0.0183333 0.453369
0 0.885 0.0768056 0.04 0.0227778 0.44165
0 0.113438 0.240139 0.0328125 0.0358333 0.428223
7 0.0441406 0.359444 0.00515625 0.0161111 0.401611
0 0.3775 0.102083 0.05875 0.0408333 0.392334
7 0.675 0.05 0.00375004 0.0111111 0.390381
7 0.163906 0.203333 0.00375001 0.0127778 0.381104
0 0.370625 0.0704167 0.020625 0.0219444 0.355713
0 0.375 0.0520833 0.01125 0.0152778 0.350342
0 0.386563 0.060625 0.01625 0.0220833 0.319092
0 0.91375 0.0908333 0.03 0.0233333 0.312256
0 0.372813 0.0618056 0.015 0.0241667 0.29248
0 0.376875 0.0672222 0.02 0.0275 0.254639
0 0.386875 0.0528472 0.0125 0.0172222 0.235107
0 0.445625 0.0146528 0.00750001 0.0115278 0.21936
7 0.144922 0.210278 0.003125 0.0116667 0.204956
0 0.435 0.0304167 0.01 0.0208333 0.194946
0 0.41375 0.0419444 0.00874999 0.0252778 0.193726
0 0.295469 0.134444 0.0390625 0.0369444 0.192505
0 0.434375 0.0221875 0.01 0.0115972 0.160767
0 0.4525 0.00850694 0.00750001 0.00930556 0.149048
5 0.346563 0.0704167 0.026875 0.0461111 0.147583
7 0.746875 0.128056 0.00499999 0.0177778 0.144653
7 0.06625 0.298889 0.004375 0.0122222 0.140869
7 0.74875 0.128056 0.00375004 0.0166667 0.136108
7 0.0835938 0.288889 0.005 0.015 0.127686
7 0.0692969 0.299167 0.00484375 0.0133333 0.123352
2 0.0254883 0.365833 0.0150781 0.0433333 0.119995
7 0.258438 0.263333 0.0078125 0.0222222 0.117554
7 0.0849219 0.283889 0.004375 0.0133333 0.112793
7 0.65625 0.0516667 0.00375004 0.0125 0.0997925
0 0.574375 0.0215278 0.0137499 0.013125 0.0803833
0 0.41375 0.0348611 0.01125 0.0201389 0.0794678
0 0.433125 0.0136111 0.00750001 0.0111111 0.0769653
0 0.343125 0.0745833 0.023125 0.0345833 0.0739746
7 0.254531 0.133333 0.0034375 0.01 0.0698242
7 0.250156 0.128333 0.00343749 0.0116667 0.0675659
0 0.383125 0.0765278 0.02375 0.0255556 0.0661011
0 0.84625 0.0691667 0.035 0.0213889 0.062561
5 0.42375 0.0115278 0.009375 0.0138889 0.0600891
2 0.114219 0.2 0.0071875 0.0188889 0.0570679
0 0.0320703 0.287778 0.0288281 0.0388889 0.0570679
7 0.7625 0.153056 0.00625 0.0194444 0.0566406
5 0.0209033 0.246111 0.0188184 0.0238889 0.0534058
0 0.468438 0.056875 0.0325 0.0279167 0.0512695
0 0.44 0.0413889 0.0125 0.0195833 0.0490417
0 0.475625 0.0496528 0.026875 0.02375 0.0453491
0 0.8375 0.0608333 0.045 0.0358333 0.0417786
7 0.65125 0.0533333 0.00250003 0.0105556 0.0333252
0 0.45875 0.0040625 0.00625 0.008125 0.0325317
0 0.500625 0.00510417 0.00749998 0.0102083 0.0291443
0 0.443125 0.0296528 0.00874999 0.01375 0.0276947
2 0.117344 0.197222 0.010625 0.0188889 0.0273743
1 0.75125 0.0280556 0.0625 0.0219444 0.0272675
0 0.45 0.0161806 0.00749998 0.0124306 0.0270691
0 0.73625 0.0315972 0.035 0.0184722 0.0256653
7 0.946875 0.214722 0.00499999 0.0191667 0.0255585
0 0.81625 0.06375 0.04 0.0294444 0.0240479
5 0.0178906 0.247361 0.0148438 0.0247222 0.0233307
0 0.74 0.0290972 0.0425001 0.0205556 0.0232391
3 0.0104272 0.273333 0.0102002 0.0255555 0.0229797
7 0.6925 0.186667 0.00750001 0.025 0.0189056
7 0.69625 0.0506944 0.00250003 0.0123611 0.0186157
2 0.183125 0.179028 0.008125 0.0263889 0.0184784
7 0.70375 0.0472222 0.00499999 0.0116667 0.0182648
0 0.94125 0.0923611 0.0225 0.0216667 0.0182648
2 0.112422 0.200278 0.009375 0.0183333 0.0178528
2 0.28875 0.128056 0.015 0.0255556 0.0158997
0 0.0120801 0.277778 0.0139258 0.0222222 0.0157776
0 0.41625 0.0148264 0.00687501 0.0125694 0.0157166
7 0.7725 0.142222 0.00499999 0.0191667 0.0152512
7 0.70125 0.0779167 0.00499999 0.0161111 0.0149536
0 0.73625 0.0405556 0.0425 0.0284722 0.0146713
3 0.0159961 0.262222 0.00757813 0.0188889 0.0142822
7 0.6925 0.0772917 0.00499999 0.0130556 0.0137939
2 0.195313 0.155694 0.00562501 0.0188889 0.012291
1 0.7575 0.0303472 0.0725 0.02625 0.0116882
7 0.292031 0.120833 0.0125 0.0166667 0.0115509
0 0.00888672 0.281667 0.0145703 0.0222222 0.0115051
5 0.00485352 0.253056 0.00933594 0.0272222 0.0111618
0 0.82875 0.0681944 0.0375 0.0227778 0.0111618
3 0.153047 0.170556 0.00546875 0.0172222 0.0108185
7 0.2775 0.133611 0.00625 0.0222222 0.0105286
0 0.994375 0.132778 0.01125 0.0361111 0.0103683
7 0.115625 0.272778 0.0040625 0.0172222 0.0103302
7 0.145313 0.223194 0.0034375 0.00972222 0.0101318
7 0.725 0.0816667 0.00375004 0.0113889 0.00952148
7 0.0955469 0.278611 0.0034375 0.01 0.00941467
7 0.67125 0.0527083 0.00250003 0.0109722 0.0091629
7 0.9475 0.225833 0.00500005 0.0188889 0.00898743
0 0.995 0.126667 0.00999997 0.0363889 0.00871277
7 0.595625 0.0498611 0.00375004 0.0116667 0.00867462
0 0.73 0.0446528 0.04 0.0229167 0.00857544
0 0.485625 0.00965278 0.00499999 0.00902778 0.00854492
0 0.580625 0.0229514 0.0275 0.0148611 0.00806427
0 0.75625 0.0487326 0.07625 0.0455903 0.00661469
7 0.164219 0.197778 0.00406249 0.0188889 0.00634003
7 0.940625 0.220833 0.00499999 0.0183333 0.00602722
0 0.202813 0.151111 0.0165625 0.0255555 0.00591278
2 0.7025 0.0244444 0.00749995 0.0138889 0.005867
0 0.00638184 0.329444 0.0123145 0.0316667 0.00557709
7 0.244688 0.136944 0.00375001 0.0113889 0.00547028
2 0.6525 0.0347917 0.00875003 0.0156944 0.0053215
2 0.574063 0.0185417 0.011875 0.0169444 0.00521851
0 0.813125 0.0537326 0.0487501 0.0444792 0.00502014
0 0.200313 0.167222 0.0425 0.0311111 0.00502014
0 0.74375 0.05875 0.0475 0.0341667 0.00498199
7 0.0141504 0.373889 0.0105273 0.0283333 0.00494385
0 0.8 0.0615278 0.0625001 0.0327778 0.00481033
0 0.99 0.124028 0.0199999 0.0305556 0.0046463
5 0.402813 0.0498785 0.015625 0.0324653 0.00457382
7 0.69375 0.0641667 0.00249996 0.00805555 0.00452042
0 0.0384375 0.285556 0.0364063 0.0388889 0.00446701
1 0.765 0.0319444 0.0925001 0.0301389 0.00443268
7 0.0320313 0.377778 0.00671875 0.0183333 0.00443268
0 0.7775 0.0528993 0.1175 0.0508681 0.00429916
0 0.88375 0.0858333 0.04 0.0233333 0.00419998
7 0.0849219 0.242917 0.0040625 0.0152778 0.00379562
2 0.62625 0.0309722 0.00499999 0.0120833 0.00366402
3 0.151484 0.171389 0.00562499 0.0236111 0.00342941
2 0.055625 0.244583 0.0084375 0.0175 0.00335121
0 0.987813 0.136944 0.024375 0.0316667 0.00332451
2 0.0349414 0.268333 0.0159766 0.0244444 0.00325966
2 0.185938 0.158194 0.00687499 0.0244444 0.00322342
2 0.108516 0.210556 0.0125 0.0211111 0.00317192
7 0.715 0.0503472 0.00500005 0.0134722 0.00305176
1 0.7925 0.0501563 0.0825 0.0541319 0.00302696
0 0.590625 0.0676389 0.03875 0.0311111 0.00294685
1 0.35375 0.0439583 0.0475 0.0759722 0.00288963
7 0.0751563 0.243056 0.004375 0.015 0.00286674
7 0.104219 0.271667 0.004375 0.0211111 0.00284576
0 0.476563 0.0345139 0.01375 0.01875 0.00275803
7 0.414375 0.0810417 0.00499999 0.01125 0.0026722
7 0.2475 0.277222 0.009375 0.0255556 0.00265312
0 0.7425 0.0659722 0.04 0.0205556 0.00261116
2 0.20625 0.145 0.013125 0.0238889 0.00253105
3 0.235469 0.133333 0.0046875 0.0213889 0.0024929
7 0.260469 0.262222 0.0096875 0.0227778 0.0024929
7 0.41 0.319444 0.075 0.131111 0.00219917
7 0.138594 0.2125 0.00640624 0.0175 0.00210762
2 0.121094 0.193611 0.0114063 0.0211111 0.00209999
7 0.76625 0.12375 0.00499999 0.0177778 0.00198746
0 0.4125 0.0302083 0.015 0.0288889 0.00198746
0 0.99375 0.139444 0.0124999 0.0422222 0.00191212
5 0.0284375 0.273333 0.0278125 0.0427778 0.00186729
5 0.82875 0.0517361 0.065 0.05125 0.00179577
1 0.345 0.0705556 0.04375 0.0502778 0.00178909
0 0.775 0.0693056 0.03375 0.0227778 0.00172043
2 0.616875 0.0320139 0.00625 0.0133333 0.00171375
0 0.79375 0.0540104 0.0812501 0.0480903 0.00168705
7 0.169063 0.197222 0.00625 0.0177778 0.0016613
0 0.945 0.105139 0.0275 0.0322222 0.00164223
0 0.215 0.178056 0.0675 0.0488889 0.00159168
3 0.233438 0.12375 0.004375 0.0208333 0.00157928
0 0.00464111 0.289444 0.00895996 0.0255556 0.00157356
2 0.214063 0.141111 0.004375 0.015 0.00153065
0 0.0349219 0.278611 0.0282813 0.0422222 0.00152493
3 0.23125 0.128056 0.00625 0.0241667 0.0015192
7 0.224375 0.159028 0.00687501 0.0183333 0.00145531
0 0.00425293 0.337222 0.00817383 0.0377778 0.00136662
0 0.8175 0.0349653 0.0125 0.0195139 0.00131512
7 0.606875 0.293889 0.08375 0.143889 0.00130463
0 0.00485352 0.4275 0.00970703 0.0594445 0.00129414
7 0.0742969 0.292222 0.004375 0.0133333 0.00119209
0 0.36 0.113472 0.025 0.0436111 0.00117874
0 0.73875 0.0673611 0.0275 0.0244444 0.00116062
7 0.65625 0.0601389 0.00249996 0.0111111 0.0011425
2 0.0630859 0.244444 0.00882813 0.0194444 0.00113392
7 0.0133423 0.330278 0.00819824 0.0172222 0.00112438
0 0.731875 0.0608333 0.02625 0.0263889 0.00112057
7 0.945625 0.233611 0.00499999 0.0241667 0.00112057
7 0.155313 0.220833 0.00375001 0.0116667 0.0011158
7 0.675 0.0611111 0.00249996 0.00916667 0.00105667
0 0.0469141 0.26 0.021875 0.0272222 0.00105667
