5 0.49625 0.109028 0.04125 0.0905556 0.944824
0 0.284844 0.409444 0.0971875 0.143333 0.944824
0 0.228438 0.3825 0.09 0.120556 0.923828
0 0.120938 0.837778 0.188125 0.324444 0.915039
0 0.138438 0.280556 0.053125 0.07 0.887207
0 0.0661328 0.355 0.0552344 0.0811111 0.884277
0 0.0191992 0.315278 0.0326953 0.0383333 0.880859
0 0.46625 0.0656944 0.018125 0.0263889 0.871582
0 0.0860938 0.258611 0.034375 0.035 0.85791
0 0.245625 0.192778 0.040625 0.0522222 0.853027
0 0.47625 0.0411806 0.01375 0.01875 0.848145
4 0.122012 0.598333 0.126602 0.2 0.833008
5 0.541875 0.0647049 0.03 0.0653125 0.831055
7 0.70375 0.199444 0.00750001 0.0238889 0.831055
7 0.745 0.176389 0.00750001 0.0211111 0.795898
0 0.514688 0.0445139 0.01625 0.0231944 0.778809
0 0.103438 0.220556 0.030625 0.0311111 0.766113
0 0.870625 0.0790278 0.035 0.0236111 0.762207
7 0.245938 0.283333 0.009375 0.0272222 0.757812
2 0.86 0.201111 0.015 0.0577778 0.754883
7 0.7525 0.164583 0.00500005 0.0191667 0.753418
0 0.503125 0.0279861 0.01125 0.0166667 0.733887
0 0.82 0.0686806 0.03625 0.0265278 0.730957
0 0.28375 0.150833 0.03125 0.0416667 0.730957
0 0.5025 0.0602778 0.01625 0.0208333 0.723145
7 0.6925 0.184722 0.00750001 0.0233333 0.716797
0 0.380625 0.0927778 0.019375 0.0280556 0.713867
0 0.3 0.120868 0.024375 0.0299306 0.704102
0 0.0435938 0.283611 0.0333594 0.0366667 0.702637
0 0.360625 0.0938889 0.01875 0.0283333 0.692871
0 0.318906 0.135556 0.0278125 0.0438889 0.689453
0 0.533438 0.0114583 0.01 0.0138889 0.684082
0 0.556563 0.0583333 0.02125 0.0236111 0.666992
0 0.41125 0.0784722 0.0175 0.0266667 0.660156
0 0.334375 0.0921528 0.01875 0.02125 0.660156
0 0.284063 0.107153 0.025 0.0198611 0.65332
7 0.770625 0.126667 0.00499999 0.0161111 0.645996
0 0.9525 0.0954167 0.025 0.0211111 0.640625
0 0.909375 0.08125 0.03 0.0247222 0.637207
0 0.75625 0.0429861 0.025 0.0166667 0.633301
5 0.235625 0.165 0.044375 0.0675 0.625977
0 0.773125 0.0648611 0.035 0.025 0.615234
7 0.7725 0.146944 0.00499999 0.0183333 0.605957
0 0.58 0.0485938 0.016875 0.0233681 0.586914
2 0.0467969 0.31 0.0115625 0.0355555 0.552734
0 0.41875 0.0663889 0.01875 0.0254167 0.53125
7 0.94625 0.219306 0.00499999 0.0172222 0.525391
0 0.7725 0.0606944 0.035 0.025 0.518555
7 0.675 0.05125 0.00375004 0.0138889 0.480469
2 0.0542188 0.309722 0.0140625 0.0394445 0.478516
0 0.50125 0.0104861 0.01 0.0123611 0.422607
0 0.293125 0.0988889 0.0196875 0.0197222 0.403564
0 0.91125 0.0923611 0.0325 0.0247222 0.390381
0 0.91125 0.0883333 0.03 0.0236111 0.37207
0 0.491563 0.0195833 0.00812499 0.0143056 0.347656
7 0.258438 0.265 0.00874999 0.025 0.343262
0 0.386875 0.0610417 0.015 0.0209722 0.341553
0 0.236563 0.165139 0.044375 0.0647222 0.338135
0 0.906875 0.0788889 0.02625 0.0222222 0.303223
0 0.434375 0.0505556 0.014375 0.0188889 0.300781
0 0.401875 0.042066 0.015 0.0180903 0.286133
2 0.74875 0.0876389 0.0125 0.035 0.286133
0 0.398438 0.0435417 0.01375 0.0176389 0.27832
0 0.491563 0.0116319 0.00812499 0.0117361 0.259766
0 0.379375 0.0642361 0.015 0.0215278 0.242188
0 0.494063 0.0261806 0.00999997 0.0138889 0.237915
7 0.14625 0.220556 0.0034375 0.0116667 0.237915
2 0.0499219 0.310556 0.0146094 0.0355555 0.233032
0 0.4175 0.0711111 0.019375 0.0272222 0.233032
0 0.488125 0.00965278 0.00874999 0.0105556 0.230957
3 0.189063 0.186111 0.0075 0.0366667 0.214722
0 0.34 0.073125 0.0125 0.0176389 0.203735
7 0.74875 0.124722 0.00375004 0.0177778 0.19873
2 0.164063 0.185833 0.0078125 0.0288889 0.186523
0 0.5 0.00576389 0.00749998 0.0115278 0.180664
7 0.946875 0.215139 0.00499999 0.0191667 0.169922
0 0.416875 0.0330556 0.01125 0.0184722 0.165649
3 0.190313 0.171389 0.00718751 0.0277778 0.157715
0 0.422188 0.0332292 0.00999997 0.0182639 0.155029
7 0.704375 0.0838889 0.00499999 0.0152778 0.154053
2 0.580625 0.0357639 0.0125 0.0183333 0.151001
7 0.7525 0.167222 0.00625 0.0194444 0.133911
7 0.00853516 0.378889 0.00458984 0.0161111 0.13208
0 0.421875 0.0440278 0.0125 0.0169444 0.131226
0 0.388125 0.0521528 0.01125 0.0165278 0.126343
0 0.367813 0.0709722 0.018125 0.0219444 0.126343
3 0.751875 0.0890972 0.00750001 0.0295833 0.124634
2 0.0446191 0.315 0.0106055 0.0355556 0.122131
7 0.65625 0.0527778 0.00249996 0.0148611 0.120422
2 0.75125 0.0890278 0.00999997 0.0320833 0.120422
0 0.00700684 0.277778 0.0140137 0.0255556 0.117188
0 0.4175 0.0452778 0.015 0.0186111 0.111633
7 0.00607422 0.383056 0.00614258 0.02 0.110474
0 0.51375 0.0381944 0.01375 0.02125 0.108582
0 0.378125 0.0777778 0.0175 0.0225 0.106323
0 0.336875 0.0885417 0.02 0.0263889 0.104858
0 0.41625 0.0597917 0.01625 0.02125 0.102295
3 0.18625 0.188056 0.00531251 0.0377778 0.0923462
0 0.39625 0.0592361 0.015625 0.0204167 0.092041
7 0.746875 0.127222 0.00499999 0.0194445 0.0891113
3 0.210313 0.154167 0.00625 0.0294444 0.0853882
3 0.215625 0.151667 0.005 0.0294444 0.083313
3 0.214375 0.146667 0.005 0.0255556 0.0823975
0 0.58 0.0352778 0.0125 0.0181944 0.0820923
3 0.194688 0.173889 0.00625 0.0361111 0.0820923
2 0.234844 0.135 0.0075 0.0186111 0.081543
0 0.779375 0.0619444 0.03875 0.0241667 0.0812378
7 0.085 0.2925 0.00390625 0.0133333 0.0797729
7 0.0316406 0.377222 0.0071875 0.0233333 0.0797729
3 0.130938 0.193056 0.0053125 0.0211111 0.0789185
2 0.250625 0.13 0.00687501 0.015 0.0772095
2 0.046416 0.295833 0.0276367 0.03 0.0747681
0 0.759375 0.0494444 0.03 0.0208333 0.0745239
0 0.874375 0.0811111 0.03625 0.0261111 0.0726318
0 0.345 0.07 0.01625 0.0188889 0.0700684
0 0.98125 0.110833 0.0225 0.0219444 0.0661011
0 0.443125 0.0332639 0.01 0.0173611 0.0653687
3 0.123594 0.211528 0.00593751 0.025 0.0643921
0 0.341563 0.0713889 0.018125 0.0211111 0.0609741
0 0.985 0.107708 0.015 0.0190278 0.0609741
3 0.186563 0.173333 0.00750001 0.0294444 0.0607605
7 0.0758594 0.293889 0.00390625 0.0133333 0.0572815
7 0.77875 0.146389 0.00750001 0.0183333 0.0514526
0 0.432813 0.0572222 0.01625 0.0238889 0.0495911
7 0.155313 0.222083 0.00375001 0.0102778 0.0488586
2 0.252813 0.133056 0.008125 0.0216667 0.0472412
7 0.124297 0.243333 0.0034375 0.0136111 0.0470886
7 0.257812 0.2725 0.00999999 0.0366667 0.0460205
7 0.69375 0.0791667 0.00499999 0.0152778 0.0453491
7 0.73125 0.126111 0.00499999 0.0205556 0.0446777
0 0.77375 0.0711111 0.0375 0.0272222 0.0433655
0 0.505 0.0213194 0.0125 0.0144444 0.0428772
0 0.985625 0.111701 0.01375 0.0199306 0.0427246
2 0.299375 0.103819 0.015 0.0184722 0.0406799
0 0.9725 0.104931 0.015 0.0184722 0.0401001
0 0.515313 0.0569444 0.015625 0.0233333 0.0394897
2 0.0978906 0.253333 0.0157813 0.0305556 0.0393372
0 0.45375 0.0103819 0.00749998 0.00951389 0.0390625
0 0.433125 0.0315278 0.01125 0.0175 0.0384521
3 0.132969 0.190833 0.005625 0.0197222 0.0379028
2 0.122969 0.194167 0.0075 0.0177778 0.0377502
3 0.709375 0.0659722 0.00499999 0.0255556 0.036499
2 0.71375 0.12875 0.0125 0.0533333 0.0358276
7 0.94375 0.233056 0.00499999 0.0233333 0.0347595
7 0.76125 0.154306 0.00750001 0.0191667 0.0344849
0 0.43 0.0222569 0.009375 0.0111111 0.0342407
0 0.501875 0.0541667 0.02 0.0230556 0.0342407
7 0.065 0.298889 0.00453125 0.0188889 0.0339661
3 0.605625 0.0398785 0.00500005 0.0205208 0.0335999
7 0.771875 0.125556 0.00750001 0.0177778 0.0333252
0 0.4475 0.0140278 0.00812502 0.01125 0.0323486
0 0.0488184 0.286667 0.0264258 0.03 0.0323486
3 0.195 0.16 0.005 0.0211111 0.0322266
7 0.74625 0.125 0.00500005 0.0188889 0.0318604
0 0.532813 0.0132292 0.00812502 0.0154167 0.0298767
7 0.0692188 0.3025 0.005625 0.0155555 0.0297546
0 0.349375 0.0666667 0.01375 0.0180556 0.028656
0 0.9175 0.0894445 0.03375 0.0241667 0.0276947
0 0.00929688 0.273333 0.0184766 0.0277778 0.0265503
3 0.186719 0.193056 0.005 0.0327778 0.0261536
7 0.164375 0.202222 0.005 0.0211111 0.0258636
5 0.00864258 0.276389 0.0172461 0.0311111 0.0257568
0 0.575313 0.0527083 0.018125 0.0213889 0.0256653
3 0.604688 0.0338889 0.00499999 0.0194444 0.0248871
3 0.19625 0.179444 0.00625 0.0377778 0.0244293
7 0.146172 0.213611 0.00406251 0.0161111 0.0233307
3 0.70875 0.0783333 0.00749995 0.0325 0.021698
0 0.3175 0.106944 0.015 0.0247222 0.0214539
0 0.449375 0.0177778 0.00874999 0.0113889 0.0212097
0 0.993125 0.11375 0.0125 0.0205556 0.0209656
0 0.323672 0.115694 0.0251562 0.0330556 0.0204163
0 0.95875 0.107153 0.025 0.02875 0.0204163
0 0.469063 0.0473611 0.0125 0.0166667 0.0200958
0 0.74625 0.0448785 0.0300001 0.0174653 0.0189819
0 0.781875 0.0563889 0.035 0.0244444 0.0183411
0 0.408438 0.0360764 0.01125 0.0184028 0.0181274
3 0.715 0.152361 0.00749995 0.0697222 0.0171814
3 0.231094 0.133889 0.00562499 0.0194444 0.0171814
0 0.183594 0.173194 0.0284375 0.0322222 0.016983
2 0.715 0.0715278 0.00999997 0.0336111 0.0160217
0 0.272813 0.157778 0.0225 0.0338889 0.0157166
3 0.0632031 0.244444 0.00625 0.0166667 0.0146713
7 0.246875 0.291111 0.00999999 0.0355555 0.0146179
7 0.65125 0.0534722 0.00250003 0.0119444 0.0142822
7 0.94125 0.218889 0.00500005 0.0188889 0.0141754
7 0.69125 0.0842361 0.00499999 0.0173611 0.0140076
0 0.460625 0.00597222 0.00687501 0.0119444 0.0138474
0 0.98875 0.107639 0.02 0.0222222 0.0136337
2 0.71375 0.0755556 0.00999997 0.0416667 0.0134811
5 0.00379883 0.265833 0.00759766 0.0227778 0.0129242
7 0.135312 0.248889 0.004375 0.0205556 0.0127716
5 0.540313 0.07375 0.03375 0.0530556 0.0121002
0 0.0105933 0.307778 0.0195557 0.0333333 0.0120087
2 0.03625 0.245833 0.00695312 0.0205556 0.0119171
0 0.463125 0.00892361 0.00749998 0.0100694 0.0118713
7 0.065 0.313333 0.00640626 0.0227778 0.0118256
0 0.938125 0.0969444 0.02125 0.025 0.0115051
0 0.953125 0.104792 0.0275 0.0334722 0.0113754
3 0.308594 0.232917 0.0153125 0.0430556 0.0113754
2 0.708125 0.0747222 0.00750001 0.0291667 0.0111618
0 0.5375 0.00538194 0.00874999 0.0107639 0.0109482
3 0.185313 0.160417 0.0075 0.0227778 0.0102081
7 0.9475 0.224167 0.00500005 0.0222222 0.00993347
0 0.5225 0.0581944 0.0125 0.0254167 0.00989532
0 0.37375 0.0634028 0.0175 0.0226389 0.00955963
2 0.0133398 0.263056 0.00900391 0.0244444 0.00948334
7 0.695625 0.0317361 0.00375004 0.0111111 0.00926971
7 0.0346484 0.378889 0.00898438 0.0222222 0.00923157
0 0.443125 0.0414583 0.011875 0.0186111 0.00912476
2 0.8775 0.0541667 0.00999997 0.0193056 0.00894928
3 0.71375 0.139167 0.0125 0.06 0.00891876
2 0.858125 0.202222 0.02 0.0622222 0.00871277
7 0.655625 0.0579861 0.00374997 0.0145833 0.00867462
7 0.154688 0.21125 0.00374999 0.0161111 0.0085144
3 0.124297 0.215833 0.0046875 0.0277778 0.0085144
0 0.43625 0.0118403 0.00750001 0.0104861 0.00809479
3 0.103359 0.253889 0.00578125 0.0305556 0.00790405
2 0.8625 0.2025 0.02 0.0638889 0.00775528
0 0.3825 0.05625 0.01875 0.0230556 0.00766754
0 0.740625 0.0590278 0.05625 0.0306944 0.00757599
2 0.0463281 0.374722 0.0195313 0.0433333 0.00720596
0 0.147344 0.256389 0.023125 0.045 0.00706482
2 0.0509375 0.328333 0.0176563 0.045 0.0069313
3 0.254844 0.125694 0.0046875 0.0186111 0.00682449
2 0.859375 0.211111 0.01625 0.0738889 0.00651169
0 0.0174805 0.293056 0.0294922 0.03 0.0064888
2 0.0353516 0.260069 0.00859375 0.01875 0.00629044
7 0.73375 0.122778 0.00500005 0.0197222 0.00614548
0 0.386563 0.0851389 0.02125 0.0229167 0.00593567
2 0.88375 0.0547222 0.00750001 0.0197222 0.005867
7 0.175 0.206111 0.00374999 0.0119444 0.00547028
7 0.67125 0.0511111 0.00374997 0.0141667 0.00542831
3 0.22375 0.122222 0.005 0.0211111 0.00534439
2 0.743125 0.095625 0.025 0.0459722 0.00530243
3 0.206406 0.150417 0.00843751 0.0263889 0.00516129
3 0.595625 0.0347917 0.00437501 0.0163889 0.00502014
2 0.73375 0.0358333 0.0125 0.0173611 0.00498199
2 0.71125 0.135972 0.015 0.0547222 0.00496292
0 0.99125 0.118056 0.00999997 0.025 0.00486755
0 0.7425 0.0654167 0.035 0.0297222 0.00479126
0 0.507188 0.0823611 0.0175 0.035 0.00479126
0 0.92625 0.08875 0.025 0.0227778 0.00479126
2 0.205938 0.143194 0.0078125 0.0208333 0.00457382
3 0.168594 0.193333 0.00531251 0.0216667 0.00439835
0 0.74375 0.0868056 0.02625 0.0377778 0.00436401
0 0.322813 0.12875 0.026875 0.0363889 0.00431442
0 0.96 0.0977778 0.0325 0.0236111 0.0042305
7 0.675 0.0580556 0.00499999 0.0147222 0.00421524
0 0.87125 0.0849306 0.0375 0.0343056 0.00418091
3 0.271563 0.0975694 0.00687497 0.0202778 0.0041008
7 0.69625 0.0501389 0.00500005 0.0144444 0.00397491
0 0.8725 0.0726389 0.0300001 0.0222222 0.00388527
0 0.400625 0.0381944 0.015 0.0216667 0.00379562
2 0.595313 0.0466667 0.00437501 0.0166667 0.00376511
0 0.225313 0.140833 0.0075 0.0277778 0.00367928
7 0.70125 0.0772222 0.00499999 0.0194444 0.00362206
7 0.706875 0.0943056 0.00625 0.0166667 0.00356483
3 0.79625 0.107778 0.00749995 0.0413889 0.00356483
3 0.71375 0.114167 0.00999997 0.0511111 0.00351143
7 0.253438 0.267778 0.0125 0.0394444 0.00346947
0 0.736875 0.0719444 0.0425001 0.04 0.00342941
0 0.055 0.266667 0.00984375 0.0222222 0.00337601
7 0.7725 0.1425 0.00625 0.0183333 0.00335121
0 0.0935156 0.230556 0.0201562 0.0255556 0.00309944
2 0.0560938 0.245 0.0078125 0.0183333 0.00309944
0 0.0453125 0.271667 0.0284375 0.0266667 0.00309944
7 0.0278516 0.38 0.0071875 0.0188889 0.00292397
7 0.7675 0.133056 0.00499999 0.0183333 0.00291252
5 0.00385254 0.251944 0.00770508 0.0288889 0.00284576
0 0.204063 0.169722 0.014375 0.0416667 0.00279045
3 0.99 0.1875 0.00750001 0.0527778 0.00276756
7 0.75375 0.162778 0.00625 0.0205556 0.00274658
3 0.155938 0.190694 0.00453124 0.0175 0.0026207
0 0.498125 0.0559028 0.01375 0.0273611 0.00256157
2 0.714375 0.0339583 0.00499999 0.01625 0.0024929
0 0.739375 0.0827083 0.03625 0.03875 0.0024929
2 0.65625 0.0365972 0.00499999 0.0216667 0.00245285
0 0.50375 0.0565278 0.0175 0.0252778 0.00236893
0 0.83 0.0671528 0.03375 0.0248611 0.00235939
3 0.924375 0.223611 0.00875003 0.0494445 0.00231361
0 0.154063 0.259167 0.015625 0.0427778 0.00226974
0 0.73125 0.0497222 0.0275 0.0208333 0.00208282
7 0.695 0.0948611 0.00374997 0.0169444 0.00205803
5 0.00942871 0.255 0.0188574 0.0327778 0.0020504
0 0.295469 0.0916667 0.0140625 0.0209722 0.00203514
7 0.238281 0.288333 0.0090625 0.0244444 0.00201988
7 0.615 0.0457639 0.00374997 0.0123611 0.00201035
0 0.218281 0.164306 0.0096875 0.0502778 0.00201035
7 0.260469 0.267778 0.0096875 0.0277778 0.00198746
0 0.520313 0.045 0.014375 0.0219444 0.00193405
0 0.58 0.0523611 0.01875 0.0266667 0.00183868
0 0.541875 0.0689583 0.02875 0.0673611 0.00179577
0 0.541875 0.073125 0.02625 0.0409722 0.00179577
0 0.180938 0.17 0.028125 0.035 0.00177479
0 0.54625 0.035 0.00875003 0.0154167 0.00174809
7 0.140469 0.216944 0.00531251 0.015 0.00174809
2 0.064375 0.331111 0.0485937 0.0488889 0.00170708
7 0.685625 0.0656944 0.00374997 0.00916667 0.0016613
7 0.705625 0.0304861 0.00500005 0.0122917 0.0015974
0 0.87125 0.0621528 0.02625 0.0277778 0.00155449
