0 0.12375 0.583472 0.135 0.213056 0.958496
0 0.330313 0.320556 0.075625 0.105556 0.954102
0 0.605 0.303403 0.07625 0.119861 0.942383
0 0.387813 0.197222 0.048125 0.0655556 0.927734
0 0.340313 0.196389 0.04625 0.0688889 0.90918
0 0.292344 0.143889 0.0359375 0.0336111 0.903809
5 0.808125 0.0526389 0.0475 0.0466667 0.899902
0 0.385938 0.136667 0.03375 0.0422222 0.899902
0 0.410625 0.09125 0.0375 0.0344444 0.896973
0 0.650156 0.0809722 0.0571875 0.0363889 0.891113
0 0.083125 0.255833 0.0334375 0.0327778 0.855957
0 0.75 0.0575 0.04 0.0283333 0.85498
7 0.7025 0.198889 0.00625 0.0244445 0.854004
0 0.0117383 0.937778 0.0233203 0.122222 0.852051
2 0.121563 0.301389 0.0253125 0.0544445 0.845703
7 0.245313 0.281111 0.0075 0.0233333 0.833496
0 0.033125 0.307222 0.0339063 0.0344445 0.811523
7 0.74375 0.1725 0.00625 0.0211111 0.790527
7 0.03 0.376667 0.0053125 0.0188889 0.770508
2 0.0485547 0.321667 0.0169531 0.0366667 0.726562
3 0.151328 0.204306 0.0059375 0.0302778 0.719238
0 0.0379102 0.279167 0.0307422 0.0372222 0.618652
7 0.945 0.220278 0.00499999 0.0166667 0.615234
7 0.6925 0.184167 0.00625 0.0205556 0.613281
0 0.00706055 0.323611 0.0140625 0.0288889 0.548828
0 0.00904297 0.309444 0.0180859 0.0294444 0.546875
7 0.04375 0.360556 0.00546875 0.0166667 0.542969
7 0.7525 0.162917 0.00500005 0.0194444 0.511719
7 0.773125 0.145972 0.00499999 0.0175 0.503906
7 0.70625 0.0780556 0.00375004 0.0127778 0.44751
7 0.769375 0.1325 0.00374997 0.0177778 0.425293
0 0.040625 0.287222 0.0311719 0.0327778 0.411133
7 0.00895508 0.378889 0.00384766 0.0166667 0.381104
7 0.258281 0.263056 0.0075 0.0233333 0.379395
7 0.675 0.0508333 0.00249996 0.0119444 0.27832
7 0.164063 0.203333 0.00374999 0.0133333 0.267334
0 0.4025 0.0275 0.00750001 0.0102778 0.264404
0 0.4525 0.0075 0.00625 0.00958333 0.258301
7 0.75375 0.161528 0.00499999 0.0188889 0.216675
0 0.49875 0.00392361 0.00750001 0.00784722 0.194946
0 0.00807129 0.32 0.0161426 0.0333333 0.177856
7 0.946875 0.214167 0.00499999 0.0172222 0.169434
0 0.417813 0.0336806 0.00812502 0.01375 0.157715
7 0.748125 0.128889 0.00374997 0.0172222 0.151978
0 0.83375 0.0743056 0.03 0.0241667 0.137085
2 0.045625 0.314444 0.0192188 0.0388889 0.117188
0 0.4225 0.0329167 0.00874999 0.0134722 0.11084
7 0.250313 0.128056 0.003125 0.0111111 0.110107
0 0.036958 0.312222 0.0378027 0.0422222 0.100525
5 0.0173047 0.246667 0.0196094 0.0261111 0.0917358
7 0.0665625 0.297778 0.00421875 0.0133333 0.0903931
7 0.7625 0.152778 0.00499999 0.0186111 0.0878906
7 0.0691797 0.299444 0.00523438 0.0144444 0.081543
0 0.445938 0.0122917 0.00687501 0.00958333 0.0775146
7 0.746875 0.125278 0.00499999 0.0188889 0.0715942
0 0.4375 0.0146181 0.00749998 0.0126389 0.0663452
0 0.830625 0.071875 0.02625 0.02375 0.0614319
7 0.285938 0.119444 0.00437498 0.0113889 0.0592041
0 0.0628516 0.258889 0.0271094 0.0272222 0.0572815
7 0.294063 0.115278 0.00437501 0.0119445 0.0535889
0 0.431875 0.0178472 0.00749998 0.0102083 0.0524292
7 0.67125 0.0519444 0.00500005 0.0122222 0.0401001
7 0.254531 0.133056 0.003125 0.00944444 0.0391846
2 0.31125 0.094375 0.00750001 0.0159722 0.0346069
2 0.441563 0.0414583 0.01 0.0215278 0.0330811
7 0.65625 0.0502778 0.00499999 0.0127778 0.0322266
0 0.0299219 0.294167 0.0273438 0.0294444 0.0261993
7 0.145313 0.222639 0.0028125 0.00916666 0.026062
7 0.94125 0.219167 0.00500005 0.0161111 0.026001
5 0.012373 0.250139 0.0227539 0.0263889 0.02034
7 0.0846875 0.274722 0.00484374 0.0116666 0.0202484
7 0.0549219 0.342222 0.005 0.0183333 0.0197144
0 0.840625 0.0777083 0.03875 0.0240278 0.0190582
2 0.205156 0.1525 0.0090625 0.0255555 0.0187683
4 0.0163184 0.252222 0.018457 0.0255556 0.0186157
7 0.27 0.126111 0.00374997 0.0133333 0.0179901
7 0.125313 0.221944 0.00296875 0.0122222 0.0166626
7 0.69 0.0542361 0.00250003 0.0104167 0.0162811
7 0.59375 0.0445833 0.00499999 0.0122222 0.0158386
7 0.700625 0.0777778 0.00499999 0.0177778 0.0154877
7 0.0282422 0.377778 0.00695312 0.0188889 0.0150757
2 0.312188 0.0958333 0.00750001 0.0169444 0.0146713
0 0.459375 0.00536458 0.00562499 0.0107292 0.0146179
3 0.152344 0.208611 0.0075 0.0355556 0.0145035
2 0.571875 0.0206597 0.01 0.0135417 0.0141144
3 0.140547 0.202083 0.00484374 0.0311111 0.0131683
3 0.47 0.0586806 0.00437501 0.0198611 0.012825
3 0.0107788 0.265556 0.0116064 0.02 0.0127258
7 0.7725 0.143611 0.00499999 0.0194444 0.0122375
2 0.73375 0.0339931 0.00500005 0.0160417 0.0121002
7 0.695 0.0513889 0.00250003 0.0122222 0.0104065
7 0.704375 0.0486806 0.00374997 0.0122222 0.00974274
7 0.00629395 0.381944 0.00540039 0.0161111 0.00974274
7 0.77875 0.146111 0.00750001 0.0177778 0.00955963
2 0.0227539 0.267778 0.00996094 0.0244445 0.00923157
0 0.45125 0.0161111 0.00874999 0.0141667 0.00905609
7 0.0839844 0.291667 0.00421875 0.0133333 0.0086441
0 0.995625 0.127361 0.00874996 0.0372222 0.00847626
7 0.7675 0.1375 0.00499999 0.0166667 0.008255
3 0.19 0.161389 0.005 0.0225 0.00775528
2 0.715625 0.0694444 0.00750001 0.0275 0.00760651
2 0.4425 0.0322569 0.00875003 0.0182639 0.00737381
7 0.168438 0.199444 0.004375 0.0133333 0.00734711
3 0.209375 0.155833 0.005 0.0227778 0.00728989
5 0.00572754 0.254167 0.0107324 0.0205555 0.0069313
0 0.9925 0.1325 0.015 0.035 0.0069046
7 0.265 0.133611 0.00375001 0.0111111 0.0068512
0 0.485625 0.00885417 0.00375001 0.00854167 0.00682449
3 0.183125 0.165972 0.005 0.0230556 0.00679779
7 0.69375 0.0775 0.00499999 0.0127778 0.0064888
2 0.616875 0.0297569 0.00562503 0.0136111 0.00643921
3 0.885 0.0647222 0.00500005 0.0169444 0.00598145
0 0.00413574 0.281111 0.00813477 0.0222222 0.00575256
0 0.399063 0.0288194 0.010625 0.00972222 0.00561905
2 0.70375 0.0283681 0.00499999 0.0111111 0.00557709
2 0.603125 0.0428472 0.00625 0.0165278 0.00551224
7 0.0736719 0.294444 0.00476563 0.01 0.0053215
7 0.164688 0.196389 0.00375001 0.0166667 0.00498199
0 0.304531 0.0961806 0.016875 0.0179167 0.00446701
2 0.0158984 0.278889 0.0108594 0.02 0.00446701
0 0.492813 0.00819444 0.00687501 0.00861111 0.00429916
3 0.197188 0.154444 0.00687501 0.0227778 0.00429916
0 0.7475 0.0626389 0.04 0.0305556 0.00426483
7 0.675 0.0634722 0.00499999 0.0111111 0.00419998
7 0.691875 0.186667 0.00625 0.0244444 0.0039444
0 0.989375 0.125833 0.02125 0.0327778 0.00390053
0 0.015752 0.245278 0.0206836 0.0311111 0.00388527
2 0.574063 0.0172222 0.010625 0.0163889 0.00382423
7 0.0435156 0.357778 0.0053125 0.0188889 0.00379562
2 0.445938 0.0552778 0.01625 0.0244444 0.00370789
0 0.789375 0.0652083 0.015 0.0220833 0.00365067
3 0.89375 0.0666667 0.00499999 0.0211111 0.00362206
7 0.257812 0.266667 0.008125 0.0255556 0.00359344
7 0.69375 0.0630556 0.00375004 0.00958333 0.00348282
0 0.186875 0.15625 0.0103125 0.0280556 0.00337601
0 0.00416504 0.34 0.00821289 0.0455556 0.00336266
0 0.438438 0.0286111 0.00874999 0.0144444 0.00312424
0 0.98625 0.135556 0.0275 0.0319444 0.00286674
7 0.714375 0.0509722 0.00375004 0.015 0.00279999
2 0.23625 0.136389 0.004375 0.0183333 0.00279045
7 0.254531 0.123056 0.0034375 0.0144444 0.00275803
0 0.43625 0.0491667 0.013125 0.0158333 0.0026722
0 0.0595703 0.248611 0.0159375 0.0222222 0.00263214
0 0.0696875 0.256181 0.0229688 0.0298611 0.00261116
2 0.745 0.115139 0.00750001 0.0408333 0.00243378
0 0.411875 0.0227083 0.0125 0.0130556 0.00242424
0 0.0701172 0.251944 0.016875 0.0266667 0.00239754
7 0.9475 0.224722 0.00625 0.0216667 0.00219154
0 0.814375 0.0697917 0.03625 0.0233333 0.00219154
0 0.7875 0.0508333 0.00750001 0.0236111 0.00201035
2 0.0414746 0.316111 0.0179883 0.0377778 0.00200272
3 0.329375 0.0630556 0.00687497 0.0226389 0.00198746
3 0.122969 0.19375 0.00625 0.0197222 0.00189686
2 0.285313 0.103472 0.00437498 0.0141667 0.00188255
7 0.144766 0.207361 0.00343749 0.0230555 0.00188255
7 0.135469 0.222222 0.0028125 0.0105556 0.00179577
7 0.245 0.1375 0.003125 0.0111111 0.00176811
0 0.85 0.0770833 0.0325 0.0213889 0.0017271
7 0.765625 0.124306 0.00375004 0.0183333 0.0016489
7 0.225 0.153333 0.00374999 0.00944446 0.00161076
2 0.21375 0.141111 0.004375 0.0161111 0.0015974
2 0.3275 0.0690278 0.00749998 0.0144444 0.00158501
2 0.6975 0.0315972 0.00625 0.0106944 0.00156116
2 0.152891 0.174722 0.00578125 0.0138889 0.00153637
0 0.0249658 0.242222 0.0224902 0.0283334 0.00150681
3 0.15125 0.214028 0.00843749 0.0547222 0.00143242
2 0.207188 0.145694 0.014375 0.0266667 0.00136662
0 0.418125 0.0415104 0.01 0.0150347 0.00135612
0 0.43625 0.0565278 0.020625 0.02875 0.00131989
7 0.215 0.155833 0.00375001 0.0144444 0.00131512
7 0.248125 0.276667 0.01 0.0255556 0.00131512
0 0.0511719 0.281667 0.0222656 0.0255555 0.00123978
5 0.0293359 0.245 0.0179688 0.02 0.00117397
2 0.433125 0.0598611 0.01125 0.0202778 0.00116062
0 0.98375 0.139444 0.0275 0.0266667 0.00116062
2 0.585938 0.0152778 0.00687504 0.0155556 0.00115108
0 0.84 0.0729167 0.03875 0.0281944 0.00115108
3 0.212813 0.115868 0.00562501 0.0171528 0.0011425
7 0.11375 0.229306 0.004375 0.0130556 0.0011425
2 0.60375 0.03375 0.00499999 0.0155556 0.00113773
5 0.450625 0.0323264 0.01875 0.0261806 0.00113392
0 0.408438 0.0422222 0.010625 0.015 0.00113392
7 0.710625 0.0563194 0.00625 0.0155556 0.00112057
3 0.230781 0.130833 0.00406251 0.0211111 0.00106525
0 0.993125 0.139861 0.0137499 0.0391667 0.00105667
3 0.88875 0.0635417 0.00499999 0.0254167 0.00104427
0 0.8175 0.0723611 0.03 0.0286111 0.00103664
7 0.195313 0.166528 0.00374999 0.0183333 0.00102425
