0 0.637813 0.795556 0.126875 0.228889 0.95752
0 0.319375 0.831667 0.139375 0.252222 0.95752
0 0.76875 0.774444 0.14 0.206667 0.955566
0 0.48 0.88 0.12875 0.238889 0.95459
0 0.211406 0.753333 0.125 0.177778 0.953613
0 0.0808594 0.950556 0.1575 0.0988889 0.945801
0 0.475938 0.620556 0.074375 0.145556 0.942871
0 0.685 0.590556 0.08875 0.117778 0.939941
0 0.380938 0.613889 0.0775 0.118889 0.937988
0 0.290469 0.584583 0.0865625 0.115278 0.936035
5 0.78625 0.305833 0.0475 0.0561111 0.913086
0 0.20625 0.61 0.09 0.104444 0.893066
0 0.590313 0.527778 0.07125 0.122222 0.891113
0 0.42625 0.390556 0.06625 0.0444444 0.885742
0 0.504063 0.339444 0.04625 0.0311111 0.85498
0 0.5875 0.337222 0.04875 0.0322222 0.853027
0 0.104043 0.762778 0.124727 0.168889 0.850098
0 0.665 0.326667 0.04125 0.0261111 0.844727
0 0.295 0.369444 0.0415625 0.0333334 0.842773
0 0.241719 0.377778 0.045 0.0311111 0.825684
0 0.0248828 0.462222 0.0333594 0.0305556 0.795898
0 0.354375 0.359167 0.045 0.0361111 0.788086
3 0.43875 0.46 0.0225 0.06 0.779785
7 0.235313 0.504444 0.00750001 0.025 0.767578
3 0.330625 0.483333 0.01625 0.0666666 0.764648
0 0.388125 0.324444 0.015 0.0227778 0.740234
2 0.210938 0.373333 0.011875 0.0244444 0.724121
5 0.173125 0.429167 0.054375 0.05 0.71875
2 0.87625 0.426944 0.01625 0.0422222 0.705566
5 0.57875 0.526667 0.095 0.175556 0.697754
0 0.73 0.354722 0.04875 0.0305556 0.663574
0 0.785625 0.357222 0.04625 0.0311111 0.660156
7 0.221875 0.518889 0.0075 0.0255555 0.654785
0 0.305625 0.339167 0.021875 0.0227778 0.647949
0 0.37125 0.324444 0.015 0.0211111 0.645996
0 0.131172 0.404444 0.0360937 0.0311111 0.637207
0 0.323203 0.335278 0.0160937 0.0216667 0.633301
0 0.76375 0.336389 0.0325 0.0238889 0.620605
0 0.173125 0.429444 0.0540625 0.0511111 0.598145
3 0.128828 0.4975 0.0129688 0.06 0.598145
0 0.82875 0.335556 0.0325 0.0211111 0.584961
0 0.353125 0.3275 0.01875 0.0238889 0.575684
2 0.73375 0.396111 0.015 0.0422222 0.568848
5 0.391875 0.297778 0.01875 0.03 0.565918
7 0.925 0.462222 0.00499999 0.0216667 0.563965
2 0.194063 0.376389 0.01 0.0216667 0.527344
2 0.0384766 0.476667 0.0160938 0.0333334 0.527344
0 0.333125 0.327222 0.015 0.0188889 0.511719
0 0.40875 0.318889 0.015 0.0244444 0.509766
0 0.0469922 0.422222 0.0272656 0.0244444 0.486328
3 0.67625 0.46 0.00999997 0.0622222 0.46875
0 0.831875 0.331944 0.0325 0.0216667 0.464844
3 0.0133496 0.498889 0.00794922 0.0366667 0.464844
7 0.023418 0.531667 0.00433594 0.0144444 0.453369
7 0.729375 0.439444 0.00499999 0.0188889 0.436768
0 0.394375 0.317778 0.01125 0.0222222 0.411133
7 0.666875 0.465556 0.00625 0.0222223 0.403564
2 0.731875 0.392778 0.0175 0.0455556 0.395996
0 0.0430469 0.4275 0.033125 0.0266667 0.390381
2 0.415 0.329167 0.01375 0.0216667 0.38501
2 0.75 0.396389 0.0175 0.0427778 0.38501
2 0.192188 0.375833 0.00875001 0.025 0.365723
0 0.4125 0.314444 0.01625 0.0244444 0.363037
3 0.675625 0.432222 0.01125 0.0555556 0.357666
2 0.75 0.401389 0.015 0.0422222 0.346924
7 0.73875 0.431389 0.00499999 0.0188889 0.336426
0 0.374063 0.293889 0.010625 0.0133333 0.329346
2 0.75125 0.390556 0.015 0.0433333 0.327637
0 0.34125 0.318333 0.01125 0.0166667 0.319092
2 0.8775 0.421667 0.015 0.05 0.317383
0 0.35375 0.317778 0.01625 0.0177778 0.312256
0 0.421875 0.298889 0.010625 0.0188889 0.305664
3 0.676875 0.438056 0.01375 0.0572222 0.30249
3 0.6725 0.446667 0.015 0.0577778 0.294189
3 0.0122363 0.495556 0.00964844 0.0366666 0.262939
0 0.0501563 0.418889 0.0247656 0.0211111 0.262207
3 0.0108813 0.491944 0.00894043 0.0272222 0.255371
0 0.3725 0.320833 0.01375 0.0233333 0.250977
0 0.433125 0.276389 0.00875003 0.0122222 0.240723
7 0.634375 0.330278 0.00375004 0.0111111 0.23938
0 0.42125 0.306111 0.01125 0.0177778 0.236572
7 0.73625 0.433056 0.00499999 0.0177778 0.233765
3 0.0846875 0.399444 0.00531251 0.0188889 0.221313
7 0.92375 0.466667 0.00499999 0.0211111 0.218628
0 0.8275 0.340556 0.035 0.0211111 0.216675
0 0.4125 0.292222 0.0125 0.0177778 0.210083
0 0.409375 0.310556 0.015625 0.0222222 0.20813
3 0.675 0.423889 0.01 0.0477778 0.206299
0 0.406875 0.297222 0.01125 0.0166667 0.205566
3 0.111094 0.514444 0.01125 0.0788889 0.203735
0 0.102031 0.411667 0.0284375 0.0272222 0.199951
3 0.67875 0.461111 0.00999997 0.0633333 0.195557
0 0.366875 0.318889 0.01375 0.02 0.193115
7 0.64625 0.468611 0.00500005 0.0194445 0.191895
0 0.369375 0.303611 0.01125 0.0161111 0.174438
0 0.77875 0.358333 0.04 0.0355555 0.169922
2 0.427813 0.329444 0.028125 0.0233333 0.169434
2 0.735625 0.388889 0.01875 0.0455555 0.157715
2 0.75375 0.403056 0.00999997 0.0444444 0.147583
0 0.419375 0.286111 0.01 0.0144444 0.143677
0 0.00730469 0.49 0.0145313 0.03 0.141724
2 0.70625 0.419167 0.0175 0.0438889 0.139893
2 0.750625 0.383889 0.01375 0.0338889 0.137573
7 0.0111938 0.544306 0.00476074 0.0180556 0.125488
3 0.685 0.418056 0.01125 0.0422222 0.122498
0 0.77875 0.350556 0.035 0.0333333 0.122131
3 0.66875 0.461111 0.00750001 0.0527777 0.119995
3 0.00368164 0.498889 0.00670898 0.0355555 0.116333
0 0.338125 0.32 0.015 0.0155555 0.113159
2 0.0528125 0.473889 0.0065625 0.0277778 0.108948
2 0.87375 0.428889 0.02 0.0422222 0.108582
3 0.681875 0.461389 0.00875003 0.0683333 0.104858
2 0.0357813 0.472778 0.0140625 0.0294444 0.0991211
0 0.485625 0.257778 0.00499999 0.00888889 0.0987549
2 0.714375 0.415833 0.01625 0.0416667 0.0960083
2 0.15 0.374444 0.00718751 0.0222222 0.0953369
0 0.80125 0.333056 0.0325 0.0233333 0.0930176
0 0.44625 0.264444 0.00874999 0.0122222 0.0923462
0 0.00730957 0.483889 0.0144434 0.0322222 0.0923462
0 0.41375 0.279444 0.01 0.0111111 0.0910645
3 0.7025 0.42 0.0112501 0.0433333 0.0903931
3 0.0528125 0.473333 0.00796875 0.0266667 0.0878906
0 0.354063 0.333333 0.02625 0.0266667 0.0836182
2 0.41875 0.333333 0.02125 0.0255556 0.0766602
0 0.42375 0.28 0.00875003 0.0144444 0.0731812
3 0.0530469 0.467778 0.005625 0.0311111 0.0720825
2 0.195313 0.43 0.010625 0.0422222 0.0700684
0 0.84125 0.331667 0.0325 0.02 0.0628052
7 0.684375 0.352222 0.00375004 0.0122222 0.0609741
2 0.70875 0.417778 0.0125 0.04 0.0594177
3 0.666875 0.457778 0.00750001 0.0344444 0.0592041
3 0.111328 0.495 0.01125 0.0622222 0.0592041
7 0.0695703 0.475556 0.0059375 0.0177778 0.0583496
7 0.736875 0.418333 0.00625 0.0194444 0.055603
0 0.78125 0.335 0.0375 0.02 0.0510864
0 0.22625 0.376389 0.0125 0.0277778 0.0505066
3 0.683125 0.464444 0.00750001 0.0666667 0.0499573
3 0.54875 0.265556 0.00499999 0.0211111 0.049408
7 0.74375 0.430556 0.00499999 0.0188889 0.0451965
0 0.71875 0.320278 0.0425 0.0194444 0.0430298
0 0.431875 0.2725 0.00874999 0.0116667 0.0430298
2 0.74375 0.407778 0.00750001 0.0422222 0.041626
2 0.6725 0.439722 0.02 0.0577778 0.0414734
3 0.6875 0.419444 0.01 0.0411111 0.0411377
0 0.0660938 0.475 0.00765625 0.0177778 0.0399475
2 0.424375 0.331667 0.03125 0.0233333 0.0377502
0 0.47625 0.259444 0.00499999 0.00666668 0.0374756
3 0.250313 0.338333 0.004375 0.0188889 0.0348816
0 0.366563 0.3 0.009375 0.0133333 0.033844
0 0.0377539 0.428889 0.0315234 0.0266667 0.03125
2 0.463125 0.34 0.01875 0.0316667 0.0310211
0 0.49375 0.260556 0.00500002 0.00888889 0.0307922
3 0.430938 0.456111 0.014375 0.0544444 0.0304413
3 0.112969 0.487778 0.0125 0.0511111 0.0299835
2 0.698125 0.419444 0.015 0.0433333 0.0292053
2 0.188594 0.37 0.0125 0.0222222 0.0253754
0 0.052041 0.421667 0.0301367 0.0244444 0.0247955
0 0.134688 0.391667 0.02875 0.0177778 0.0230713
7 0.00726685 0.545556 0.00581787 0.0155555 0.0228882
7 0.0125366 0.542778 0.00570801 0.0188889 0.0228882
3 0.191406 0.488056 0.0103125 0.0883334 0.021698
3 0.714375 0.425556 0.00750001 0.0533333 0.0216217
0 0.504375 0.257222 0.00499999 0.00999999 0.0214539
2 0.46 0.338611 0.02 0.03 0.0214539
3 0.68125 0.435278 0.01 0.0622222 0.0213623
3 0.21375 0.353889 0.005 0.0155555 0.0207214
3 0.20875 0.346944 0.00562499 0.0216667 0.0204926
3 0.433125 0.460278 0.01875 0.0494445 0.0196381
2 0.18875 0.377222 0.0175 0.0233333 0.0192719
0 0.325703 0.321111 0.0123438 0.0177778 0.0185394
3 0.00315186 0.418889 0.00594238 0.0166667 0.0184021
3 0.365 0.455 0.025 0.065 0.0180511
7 0.71625 0.451944 0.00499999 0.0216667 0.0178528
0 0.83625 0.333333 0.0325 0.0211111 0.0178528
0 0.0314893 0.435278 0.0264746 0.025 0.0163422
7 0.725625 0.441944 0.00374997 0.0172222 0.016098
2 0.715625 0.384444 0.0125 0.0361111 0.0156708
0 0.32625 0.339444 0.015 0.0211111 0.0155411
0 0.0705078 0.475 0.0235156 0.0205556 0.0150146
0 0.725 0.325 0.04 0.0222222 0.0149536
2 0.428125 0.324444 0.025625 0.0311111 0.0147858
3 0.255156 0.332222 0.0046875 0.02 0.0142822
2 0.562813 0.282222 0.01125 0.02 0.0142288
2 0.534688 0.274722 0.00562499 0.0133334 0.014061
0 0.32 0.319722 0.013125 0.0188889 0.0132217
3 0.923125 0.473333 0.00625 0.0394444 0.0132217
0 0.353438 0.31 0.013125 0.0155555 0.0132217
7 0.146953 0.439444 0.00531249 0.02 0.0127716
7 0.67375 0.351111 0.00499999 0.0133334 0.0118713
3 0.219688 0.36 0.00437501 0.0166667 0.0112457
3 0.19375 0.4975 0.00875001 0.0783333 0.011116
0 0.74625 0.365556 0.025 0.0344445 0.0110703
2 0.456875 0.349444 0.025 0.0422222 0.0107803
3 0.768125 0.3575 0.0125 0.0283333 0.0105286
3 0.48625 0.490278 0.01125 0.0505556 0.00993347
3 0.205 0.349722 0.00374999 0.0166667 0.00985718
0 0.169375 0.409444 0.03375 0.0266667 0.00981903
3 0.90625 0.453333 0.01 0.0466667 0.00967407
2 0.691875 0.4175 0.0125 0.0427778 0.00955963
3 0.0542969 0.478889 0.00570313 0.0272222 0.00955963
3 0.547188 0.263333 0.00562496 0.0211111 0.00905609
0 0.0723047 0.473889 0.0361719 0.0233333 0.00894928
0 0.725 0.320278 0.04 0.0183333 0.00867462
0 0.731875 0.327222 0.05 0.0222222 0.00831604
7 0.785625 0.401111 0.00499999 0.0133333 0.008255
3 0.6625 0.437222 0.01125 0.0511111 0.00818634
2 0.0224268 0.407778 0.00709961 0.02 0.00812531
3 0.195625 0.446667 0.009375 0.0422222 0.00803375
0 0.122734 0.408889 0.0228125 0.0277778 0.00796509
3 0.163281 0.366667 0.005 0.0272222 0.00784302
7 0.654375 0.363889 0.00374997 0.0111111 0.0078125
0 0.710625 0.318889 0.03375 0.0172222 0.00775528
7 0.685 0.36 0.00250003 0.0166667 0.00772476
5 0.5675 0.48 0.074375 0.0722222 0.00763702
0 0.490625 0.265 0.00500002 0.0111111 0.00763702
3 0.71875 0.373611 0.025 0.0361111 0.00751877
4 0.579063 0.527778 0.09375 0.168889 0.00734711
0 0.529688 0.269167 0.00687501 0.0111111 0.00725937
0 0.500625 0.0825 0.02375 0.0352778 0.00701141
7 0.595 0.297222 0.00374997 0.01 0.00682449
7 0.6125 0.331111 0.00625 0.0166667 0.00638962
3 0.544688 0.272778 0.00437495 0.0222222 0.00626373
0 0.173281 0.405833 0.0459375 0.0311111 0.00621796
0 0.176875 0.406389 0.02 0.025 0.00602722
3 0.192969 0.499722 0.0146875 0.105 0.00602722
2 0.76625 0.317778 0.0125 0.0155555 0.00582123
2 0.147813 0.373056 0.01 0.0233333 0.00577545
2 0.460313 0.343889 0.0225 0.0355555 0.00566483
3 0.47 0.308889 0.00625 0.0222222 0.00559998
2 0.535625 0.264444 0.00437501 0.0122222 0.00544739
7 0.7225 0.449444 0.00625 0.0188889 0.00534439
3 0.36375 0.449167 0.02 0.0616667 0.00530243
0 0.156406 0.419722 0.01875 0.0311111 0.0050621
0 0.0768359 0.398889 0.0205469 0.0244445 0.00479126
3 0.8525 0.439167 0.00999997 0.0444444 0.00475693
3 0.153281 0.371667 0.00531251 0.0227778 0.00468063
2 0.721875 0.409444 0.00874996 0.0477778 0.00460815
2 0.00990723 0.410556 0.0112793 0.0211111 0.00446701
0 0.526875 0.277222 0.00750001 0.0111111 0.00432968
3 0.8525 0.433889 0.00750001 0.04 0.00432968
7 0.231875 0.516111 0.00625 0.0255555 0.00419998
0 0.0749219 0.402222 0.0251562 0.0222222 0.00403976
0 0.815 0.319444 0.01125 0.02 0.00391388
2 0.265625 0.347222 0.004375 0.0133333 0.00382423
0 0.526875 0.263889 0.00562503 0.0116667 0.00379562
0 0.505313 0.244722 0.00500002 0.0108333 0.00376511
2 0.244375 0.349444 0.00406249 0.0122222 0.00372124
2 0.109766 0.485 0.0115625 0.0488889 0.00372124
7 0.56625 0.317778 0.00625 0.0155555 0.00367928
3 0.90875 0.457222 0.0125 0.06 0.00365067
3 0.48625 0.477222 0.00875003 0.0416667 0.00351143
3 0.485625 0.505 0.01375 0.0677778 0.00351143
0 0.00384277 0.442778 0.00720703 0.0205556 0.00348282
0 0.153438 0.403889 0.01 0.0216667 0.00345612
7 0.926875 0.471944 0.00750001 0.0294445 0.00340271
3 0.689375 0.3075 0.00499999 0.0144444 0.00337601
3 0.460625 0.349444 0.01 0.0311111 0.00333786
2 0.159375 0.4425 0.024375 0.0466667 0.00332451
3 0.360938 0.451111 0.033125 0.0677778 0.00324821
7 0.635625 0.468889 0.00499999 0.0188889 0.00319672
7 0.475625 0.621111 0.075 0.146667 0.00319672
7 0.0142383 0.532778 0.00464844 0.0211112 0.00317192
7 0.93375 0.473889 0.00499999 0.0238889 0.00309944
3 0.170313 0.378333 0.008125 0.0222222 0.00302696
0 0.45375 0.262222 0.00500002 0.00888887 0.00299263
0 0.0323047 0.466667 0.0289844 0.0311111 0.00288963
3 0.854375 0.445 0.01 0.0633334 0.00284576
0 0.424375 0.305 0.01625 0.0244444 0.00284576
0 0.184688 0.387222 0.021875 0.0244444 0.00283432
0 0.714375 0.325556 0.04 0.0244444 0.00282288
3 0.685 0.435833 0.01625 0.0638889 0.00282288
0 0.850625 0.333889 0.03375 0.0188889 0.00279999
0 0.515625 0.278333 0.00625 0.0111111 0.00277901
0 0.355625 0.367778 0.045 0.0388889 0.00275803
5 0.72625 0.319444 0.045 0.0222222 0.00273705
7 0.655 0.474444 0.00499999 0.0166667 0.0027256
2 0.363438 0.452222 0.030625 0.0633334 0.00269318
0 0.38 0.291944 0.01 0.0183333 0.00265312
0 0.0132031 0.405 0.0186719 0.0233333 0.00263214
2 0.65375 0.321111 0.02 0.02 0.00259018
0 0.901875 0.331667 0.02125 0.0155555 0.00259018
0 0.36 0.341111 0.03375 0.025 0.00251198
2 0.565 0.290278 0.00749995 0.0161111 0.0024929
2 0.4375 0.332222 0.01875 0.0227778 0.0024147
0 0.755625 0.334444 0.0325 0.0222222 0.00237846
2 0.235 0.352778 0.00375001 0.0133333 0.00237846
5 0.800625 0.296389 0.03375 0.0322222 0.00236893
3 0.557813 0.281944 0.00750001 0.0183333 0.00234222
2 0.195156 0.357222 0.00531251 0.0211111 0.00233269
2 0.474375 0.336111 0.0225 0.0294445 0.00232315
0 0.00366211 0.404722 0.00714844 0.0177778 0.00230598
2 0.165781 0.441389 0.0296875 0.0411111 0.00230598
7 0.549375 0.298611 0.00437495 0.0177778 0.00226974
2 0.0867188 0.423333 0.0071875 0.0166667 0.00225258
0 0.8225 0.321111 0.00999997 0.0205556 0.00221634
3 0.284687 0.334444 0.00562499 0.0166667 0.00221634
0 0.0500781 0.412222 0.0225781 0.0233333 0.00221634
5 0.569375 0.467778 0.07625 0.0677778 0.00221634
2 0.471875 0.315 0.0125 0.0266667 0.00219917
7 0.00415527 0.555556 0.00489258 0.0155555 0.00219154
