0 0.33375 0.312222 0.0775 0.109444 0.955078
0 0.506563 0.582778 0.123125 0.287778 0.95459
0 0.334063 0.586528 0.156875 0.320278 0.953125
0 0.665625 0.497222 0.125 0.224444 0.94873
0 0.220781 0.409444 0.101563 0.14 0.946777
0 0.518125 0.957778 0.16875 0.0844444 0.942383
0 0.603125 0.297778 0.0775 0.124444 0.939941
0 0.403125 0.333889 0.0775 0.123333 0.938965
0 0.513125 0.339444 0.07375 0.135556 0.937988
5 0.171875 0.204583 0.07625 0.0852778 0.921875
2 0.5725 0.173611 0.03625 0.0611111 0.890137
2 0.84375 0.175139 0.025 0.0502778 0.867188
4 0.0623535 0.25 0.0756055 0.0683334 0.867188
0 0.343125 0.106528 0.045 0.0361111 0.864258
2 0.8825 0.214722 0.0175 0.0616667 0.858887
0 0.407188 0.0619444 0.015625 0.02125 0.854004
2 0.314844 0.0983333 0.0115625 0.0219444 0.850098
2 0.262813 0.214444 0.03125 0.055 0.850098
0 0.365313 0.0740278 0.02 0.0236111 0.827637
7 0.244063 0.280556 0.0078125 0.0244444 0.820801
0 0.424375 0.0579167 0.015625 0.0219444 0.806641
7 0.7025 0.199167 0.00749995 0.0244444 0.806641
7 0.0291797 0.375833 0.00554688 0.0194444 0.804199
0 0.345 0.0784028 0.015 0.0231944 0.796875
0 0.386563 0.0686111 0.0175 0.0216667 0.790527
0 0.3275 0.0865278 0.015625 0.0222222 0.777344
0 0.71375 0.0883333 0.055 0.0361111 0.764648
2 0.7775 0.127222 0.0199999 0.0444444 0.759277
7 0.743125 0.173611 0.00625 0.0216667 0.751953
1 0.40875 0.0242708 0.02 0.0304861 0.730957
1 0.351563 0.055625 0.02875 0.0416667 0.728027
0 0.527188 0.0188194 0.011875 0.0141667 0.720215
0 0.126406 0.210556 0.026875 0.03 0.715332
7 0.257812 0.263333 0.0075 0.0227778 0.690918
0 0.413125 0.0493056 0.013125 0.0205556 0.67041
0 0.433125 0.05 0.0125 0.0169444 0.624512
0 0.388438 0.0665278 0.01875 0.0219444 0.622559
2 0.0712109 0.288889 0.0172656 0.0344444 0.622559
7 0.945 0.219167 0.00499999 0.0166667 0.59082
7 0.751875 0.164444 0.00499999 0.0194444 0.544922
0 0.374688 0.0647917 0.013125 0.0204167 0.494141
2 0.0460547 0.294444 0.0197656 0.0366667 0.494141
0 0.388125 0.0489062 0.01375 0.0244097 0.437744
7 0.0432031 0.358889 0.0053125 0.0188889 0.42627
0 0.39875 0.0502778 0.0125 0.0213889 0.377441
0 0.40125 0.0481944 0.01 0.0177778 0.363037
7 0.94625 0.214444 0.00499999 0.0175 0.357666
0 0.4225 0.0347222 0.01 0.0173611 0.352295
0 0.43125 0.028125 0.01 0.0152778 0.345215
0 0.43125 0.0235069 0.01 0.013125 0.297363
0 0.374375 0.0523611 0.0125 0.0172222 0.270508
7 0.67375 0.0495833 0.00249996 0.0105556 0.258301
7 0.7525 0.163056 0.00500005 0.0188889 0.255371
0 0.37375 0.0568056 0.015625 0.0204167 0.216675
3 0.509063 0.0488889 0.00625 0.0276389 0.188965
0 0.34125 0.0790278 0.01375 0.0198611 0.184814
7 0.74625 0.124722 0.00500005 0.0177778 0.173828
7 0.753125 0.161806 0.00499999 0.0191667 0.172729
2 0.0854492 0.273889 0.0134766 0.0333333 0.169434
0 0.38125 0.0677778 0.014375 0.0241667 0.164551
7 0.74625 0.128056 0.00500005 0.0183333 0.150024
3 0.00530151 0.267222 0.00564697 0.02 0.131592
7 0.6925 0.18375 0.00625 0.0219444 0.130249
0 0.386875 0.0520833 0.01625 0.0269444 0.126831
2 0.0914063 0.268889 0.0176563 0.0344444 0.12085
7 0.763125 0.151806 0.00499999 0.0186111 0.119629
7 0.285313 0.117222 0.003125 0.00888889 0.11554
0 0.353125 0.0747917 0.01625 0.0248611 0.109314
0 0.453438 0.00857639 0.00625 0.00895833 0.108215
0 0.445625 0.0140278 0.00687497 0.0116667 0.106689
2 0.189688 0.174167 0.01625 0.0366667 0.105225
0 0.135391 0.208472 0.03875 0.0372222 0.100525
2 0.7775 0.129444 0.01625 0.0372222 0.0987549
0 0.0477246 0.294167 0.0223633 0.0361111 0.0950317
7 0.00769409 0.380556 0.00580322 0.02 0.0923462
3 0.0151367 0.258889 0.00496094 0.0233333 0.0900879
2 0.00325684 0.2725 0.00626953 0.0227778 0.0891113
7 0.0281445 0.376667 0.00675781 0.02 0.0844727
2 0.715 0.0713889 0.00999997 0.0247222 0.0789185
2 0.73375 0.0348611 0.00749995 0.0176389 0.0750122
0 0.424375 0.0527778 0.01375 0.0230556 0.0554199
0 0.0491406 0.248889 0.0508594 0.0533333 0.0544128
0 0.397188 0.0325 0.00875003 0.0133333 0.0538025
3 0.00844727 0.262708 0.00568359 0.0234722 0.0492249
0 0.459375 0.00402778 0.00500002 0.00805556 0.0491333
3 0.195156 0.155972 0.00499999 0.02 0.0472412
2 0.0940625 0.226389 0.010625 0.0227778 0.0472412
0 0.0803906 0.254167 0.039375 0.065 0.042572
0 0.43625 0.0161111 0.00750001 0.0132639 0.0389099
0 0.430625 0.05625 0.01375 0.0195833 0.0381775
0 0.0612109 0.287222 0.0278906 0.0322222 0.0376892
7 0.65625 0.0508333 0.00375004 0.0116667 0.035553
2 0.190156 0.171944 0.0096875 0.0283333 0.0350037
2 0.0776563 0.28 0.0201563 0.04 0.0339661
0 0.0496875 0.289722 0.0270313 0.035 0.0337219
3 0.885 0.0620139 0.00374997 0.0218056 0.0334778
0 0.038125 0.256597 0.0289063 0.0345833 0.0321045
7 0.774375 0.145 0.00625 0.02 0.0306702
0 0.48375 0.00784722 0.00499999 0.00986111 0.0285492
0 0.50125 0.00423611 0.00750001 0.00847222 0.0280609
0 0.328125 0.0911806 0.0175 0.0230556 0.0274811
0 0.0883008 0.240972 0.0240234 0.0430555 0.0261536
7 0.74875 0.126111 0.00375004 0.0166667 0.0259552
7 0.670625 0.0515278 0.00375004 0.0116667 0.0256653
2 0.0400879 0.281667 0.0199805 0.04 0.0229797
2 0.0530078 0.214444 0.00789063 0.0216667 0.0219421
0 0.440625 0.0454861 0.011875 0.0186111 0.0214539
3 0.8925 0.065625 0.00750001 0.0201389 0.0193481
7 0.25375 0.263889 0.010625 0.0233333 0.0191193
7 0.695 0.04875 0.00250003 0.00902778 0.0189819
3 0.0144727 0.247778 0.008125 0.0233333 0.0186157
7 0.94125 0.220139 0.00500005 0.0163889 0.0175781
7 0.255 0.133889 0.0028125 0.00833333 0.0173035
3 0.0268555 0.256181 0.00660156 0.0276389 0.0173035
7 0.25 0.127083 0.0028125 0.0108333 0.0171814
3 0.89 0.0635417 0.00499999 0.0236111 0.016922
2 0.296406 0.0990278 0.0078125 0.0186111 0.0160217
0 0.181563 0.175972 0.023125 0.0336111 0.0149536
0 0.448438 0.0163194 0.00687501 0.0125 0.0146713
0 0.142422 0.195417 0.0171875 0.0263889 0.0141754
0 0.187188 0.173194 0.016875 0.0330556 0.0141144
3 0.0269727 0.282222 0.00804688 0.03 0.0139008
0 0.42375 0.0141319 0.00625 0.0124306 0.0135345
0 0.338125 0.0703472 0.01 0.01875 0.0135345
7 0.71375 0.05 0.00499999 0.0127778 0.0128708
0 0.0525 0.229028 0.0240625 0.0286111 0.0104904
7 0.84625 0.202778 0.00750001 0.0172222 0.0100555
2 0.6025 0.0402604 0.00749995 0.0203125 0.00997162
0 0.19375 0.178472 0.0328125 0.0516667 0.00985718
2 0.616563 0.0294444 0.00500005 0.0136111 0.00941467
0 0.19125 0.179583 0.0234375 0.0347222 0.00912476
7 0.595 0.0450694 0.00374997 0.0141667 0.00894928
2 0.0259375 0.250833 0.00703125 0.0272222 0.00878143
0 0.703125 0.0840278 0.03375 0.0316667 0.00871277
2 0.7275 0.0345486 0.00749995 0.015625 0.00787354
3 0.230313 0.13 0.00375001 0.0194444 0.00787354
7 0.69125 0.186528 0.00750001 0.0244445 0.00743103
3 0.205 0.150278 0.008125 0.0244444 0.00734711
0 0.0577344 0.252292 0.0679688 0.0543056 0.00725937
7 0.695 0.0644445 0.00499999 0.01 0.0068779
0 0.048125 0.24 0.045625 0.0405556 0.00661469
0 0.130313 0.205556 0.03 0.0338889 0.00661469
7 0.265 0.133056 0.003125 0.0111111 0.0064888
3 0.705625 0.03 0.00374997 0.01125 0.00643921
7 0.243594 0.134722 0.0046875 0.0105556 0.00643921
2 0.0426465 0.295556 0.016582 0.0422222 0.00643921
0 0.148906 0.218056 0.043125 0.0466667 0.00629044
2 0.207813 0.215 0.0175 0.0372222 0.00614548
7 0.235313 0.137778 0.00375001 0.0155556 0.00595856
2 0.70875 0.0718056 0.0125 0.0216667 0.00588989
0 0.470625 0.0192361 0.00499999 0.00902778 0.00538635
0 0.4425 0.0257986 0.00812499 0.0138889 0.00536346
0 0.995 0.130833 0.00999997 0.0344444 0.00534439
2 0.603438 0.0345833 0.00562496 0.0173611 0.00502014
7 0.665 0.0495833 0.00250003 0.0102778 0.00502014
7 0.294688 0.115556 0.00343752 0.00944445 0.00500107
3 0.0260547 0.287222 0.00671875 0.0244445 0.00486755
0 0.99625 0.125278 0.00749995 0.0316667 0.0046463
2 0.0711719 0.294444 0.0153125 0.0416667 0.00453949
0 0.161563 0.207639 0.055625 0.0791667 0.00429916
7 0.4025 0.335 0.07625 0.122222 0.00413513
2 0.59125 0.0223611 0.00875003 0.0126389 0.00413513
0 0.118281 0.212917 0.0315625 0.0269444 0.00397491
0 0.189375 0.197778 0.038125 0.0694444 0.0039444
3 0.79625 0.0915972 0.00999997 0.0445833 0.00385475
2 0.305781 0.100208 0.00499999 0.0173611 0.00383949
7 0.615313 0.0469444 0.00437501 0.0102778 0.00380898
0 0.505625 0.00572917 0.00625 0.0114583 0.00370789
0 0.120781 0.207639 0.0309375 0.0333333 0.00356483
2 0.185 0.161667 0.00750001 0.0216667 0.00352478
0 0.166563 0.174722 0.009375 0.0283333 0.00341606
2 0.73375 0.115556 0.00875003 0.0294445 0.00338936
7 0.27 0.126944 0.00374997 0.0122222 0.00324821
0 0.475625 0.0127778 0.00500002 0.00902778 0.00322342
3 0.69625 0.0309028 0.00500005 0.0131944 0.00313568
3 0.50875 0.0478472 0.00874999 0.0255556 0.00305176
0 0.195625 0.203333 0.0375 0.0422222 0.00302696
0 0.0885156 0.229722 0.0173438 0.0297222 0.00301552
0 0.0886133 0.276667 0.0227734 0.0466667 0.00299263
2 0.776875 0.1225 0.01625 0.0469444 0.00282288
2 0.0855469 0.211944 0.00765625 0.0166667 0.00276756
3 0.79625 0.100139 0.00749995 0.0444444 0.00264168
1 0.356875 0.04 0.0225 0.0276389 0.00245285
2 0.316094 0.105 0.0115625 0.0308333 0.00242424
3 0.00476563 0.2525 0.00660156 0.0283333 0.00228691
0 0.158125 0.176389 0.0128125 0.0255555 0.00223351
7 0.00697754 0.379167 0.00772461 0.0261111 0.00218201
7 0.512813 0.339444 0.0725 0.135 0.00209999
7 0.68875 0.183889 0.00750001 0.0227778 0.00208282
2 0.0946875 0.213056 0.0065625 0.0194444 0.00200272
7 0.65 0.0527778 0.00499999 0.0127778 0.00189686
2 0.0525781 0.225833 0.0110938 0.0333333 0.00188255
2 0.78125 0.127257 0.025 0.0471528 0.00183868
0 0.320703 0.0929167 0.0173437 0.025 0.00175476
7 0.375625 0.116528 0.00562499 0.0144444 0.00171375
0 0.00669922 0.424444 0.0133203 0.0622222 0.00171375
7 0.93375 0.236528 0.00625 0.0222222 0.00166798
0 0.99 0.124722 0.0199999 0.0277778 0.00165462
2 0.296094 0.0888889 0.00874999 0.0194445 0.0014782
7 0.274063 0.1175 0.00437501 0.01 0.00144958
2 0.768125 0.128056 0.00749995 0.04 0.00144386
2 0.196875 0.140833 0.0065625 0.0169444 0.00142097
0 0.192656 0.196389 0.0390625 0.055 0.00139904
7 0.214688 0.139167 0.00375001 0.0127778 0.00136662
2 0.275469 0.103889 0.00531247 0.0163889 0.00134563
7 0.69 0.0558333 0.00749995 0.0166667 0.00133514
7 0.675 0.0620833 0.00249996 0.00805556 0.0012846
0 0.987188 0.134444 0.025625 0.0322222 0.00125504
2 0.202969 0.142222 0.0121875 0.0211111 0.00123501
2 0.125313 0.197222 0.0134375 0.0227778 0.0012207
7 0.215 0.154583 0.00375001 0.0130555 0.00121593
7 0.275 0.131944 0.00375001 0.0119445 0.00120163
3 0.211875 0.218611 0.011875 0.0372222 0.00115585
0 0.49 0.336667 0.1175 0.133333 0.00115108
0 0.00467773 0.419722 0.00935547 0.0544444 0.00113392
3 0.729375 0.0270139 0.00625 0.0220833 0.00112438
3 0.705 0.0185069 0.00499999 0.0195833 0.00112057
7 0.585938 0.04625 0.00437501 0.0123611 0.00108147
3 0.212031 0.121944 0.0078125 0.0205556 0.00105667
4 0.0596094 0.203333 0.0865625 0.167778 0.00103664
7 0.104453 0.243472 0.005625 0.0163889 0.00101662
