0 0.925 0.822222 0.15 0.353333 0.966309
0 0.213164 0.598333 0.139922 0.241111 0.956543
0 0.0788672 0.908889 0.153516 0.182222 0.952148
0 0.297031 0.368333 0.0934375 0.134444 0.94873
0 0.113281 0.604445 0.128125 0.216667 0.94873
0 0.383125 0.376667 0.0825 0.138889 0.942383
0 0.503125 0.285625 0.06125 0.105417 0.930664
0 0.226875 0.378333 0.094375 0.128889 0.927246
0 0.421563 0.235278 0.053125 0.0822222 0.919434
0 0.275 0.833333 0.215 0.331111 0.918457
0 0.56125 0.172778 0.0475 0.0644445 0.914062
5 0.44625 0.120556 0.03875 0.075 0.910645
0 0.266563 0.16625 0.035 0.0483333 0.885742
0 0.579375 0.11625 0.03625 0.0438889 0.880859
0 0.172773 0.262153 0.0532031 0.0701389 0.879883
0 0.5 0.129861 0.0325 0.0480556 0.878418
0 0.539688 0.0980556 0.029375 0.0433333 0.871582
0 0.0218164 0.913889 0.0433203 0.165556 0.868652
0 0.0938281 0.251111 0.0357813 0.0366667 0.867188
0 0.4975 0.0497222 0.01625 0.0227778 0.856934
0 0.568125 0.0783333 0.02625 0.0380556 0.842773
0 0.241719 0.1725 0.0328125 0.0386111 0.834473
0 0.349063 0.0992361 0.02125 0.0270833 0.833496
0 0.75625 0.0647917 0.0375 0.0233333 0.829102
0 0.5425 0.0584722 0.02125 0.0254167 0.82666
0 0.516875 0.0345486 0.013125 0.0177083 0.820801
1 0.0212891 0.402778 0.0425781 0.17 0.810547
0 0.264375 0.117778 0.0265625 0.0252778 0.788086
0 0.176836 0.216389 0.0419531 0.0588889 0.788086
0 0.400625 0.0639583 0.01625 0.0215278 0.786621
0 0.734375 0.0591667 0.03375 0.0240278 0.770508
7 0.242656 0.281111 0.008125 0.0233333 0.763672
0 0.0156543 0.531389 0.030957 0.148333 0.762207
7 0.25625 0.265556 0.0078125 0.0233333 0.760742
0 0.467813 0.0473611 0.014375 0.0191667 0.754883
0 0.421875 0.0588889 0.01375 0.0208333 0.753418
0 0.37375 0.0790278 0.01875 0.0243056 0.753418
0 0.29125 0.0997222 0.0225 0.0244444 0.750488
7 0.7425 0.172778 0.00499999 0.0211111 0.73584
0 0.0354492 0.3025 0.0394141 0.0416667 0.732422
0 0.318438 0.0868056 0.019375 0.0225 0.723145
7 0.75125 0.161389 0.00499999 0.0194444 0.72168
0 0.498438 0.986667 0.12375 0.0222222 0.713867
0 0.81625 0.0674306 0.0375 0.0254167 0.700684
0 0.905625 0.0872222 0.02875 0.0222222 0.699219
0 0.363125 0.0682639 0.01375 0.01875 0.6875
0 0.939375 0.0948611 0.02625 0.0227778 0.686035
0 0.340313 0.0909722 0.01875 0.0233333 0.662109
0 0.248438 0.149583 0.0253125 0.0302778 0.658203
0 0.496875 0.0253125 0.01125 0.0169444 0.654785
0 0.430938 0.0504167 0.011875 0.0195833 0.644043
0 0.548125 0.042066 0.01875 0.0219792 0.638672
0 0.8625 0.0788194 0.035 0.025 0.62793
0 0.315938 0.106528 0.02375 0.0277778 0.596191
7 0.945 0.213889 0.00499999 0.0172222 0.584961
0 0.0514844 0.276111 0.0317969 0.0311111 0.583008
0 0.0560938 0.28 0.0333594 0.0338889 0.581543
3 0.140313 0.214167 0.0059375 0.0338889 0.560059
0 0.0610156 0.276667 0.0304688 0.03 0.546875
0 0.46875 0.0440278 0.015 0.0229167 0.537109
0 0.471875 0.0352778 0.010625 0.0183333 0.53125
0 0.0219775 0.305556 0.0258106 0.0322222 0.521484
2 0.224688 0.139444 0.01 0.0241667 0.511719
2 0.0366406 0.341111 0.018125 0.0433333 0.490234
7 0.74375 0.124444 0.00499999 0.0163889 0.458984
0 0.408438 0.0497222 0.011875 0.0180556 0.457031
7 0.70375 0.0784722 0.00374997 0.0130556 0.44165
0 0.486563 0.0208333 0.00874999 0.0136111 0.44165
2 0.728125 0.119201 0.01125 0.0454861 0.435791
0 0.85625 0.0798611 0.03625 0.0241667 0.432129
2 0.214375 0.153333 0.00687499 0.0213889 0.407227
0 0.54375 0.0236458 0.01125 0.0142361 0.403564
0 0.509688 0.0176042 0.00750001 0.0122222 0.390381
7 0.7675 0.129167 0.00499999 0.0172222 0.387695
0 0.417813 0.0285417 0.00874999 0.0125 0.386719
0 0.387813 0.0509028 0.009375 0.0163889 0.381104
7 0.94125 0.217222 0.00500005 0.0180556 0.379395
0 0.505625 0.00770833 0.00750001 0.0106944 0.37207
2 0.154453 0.195694 0.0104688 0.0319444 0.37207
2 0.152734 0.196389 0.00953126 0.0316667 0.359375
2 0.224531 0.146111 0.0096875 0.0233333 0.343262
0 0.41 0.0554167 0.0125 0.0197222 0.335449
7 0.70125 0.198889 0.00750001 0.0255555 0.324219
7 0.94375 0.218889 0.00499999 0.0177778 0.317383
0 0.410625 0.0611111 0.01125 0.0208333 0.295898
0 0.178164 0.206806 0.0374219 0.0425 0.295898
0 0.3975 0.0452083 0.01125 0.0220833 0.287842
0 0.0469531 0.274444 0.026875 0.0266667 0.284668
2 0.210469 0.153611 0.00718751 0.0238889 0.272705
3 0.684375 0.0394271 0.00499999 0.0214236 0.265869
7 0.65125 0.0525 0.00250003 0.0111111 0.258301
0 0.487188 0.0161806 0.00750001 0.0138889 0.253906
0 0.00727539 0.322222 0.0144727 0.0277778 0.245117
0 0.377813 0.0584028 0.0125 0.0197222 0.243652
0 0.016748 0.306111 0.0257227 0.0327778 0.242188
2 0.185625 0.165833 0.00562501 0.0216667 0.233765
0 0.420625 0.0527083 0.011875 0.01875 0.226807
0 0.415 0.0518056 0.01125 0.0166667 0.225464
7 0.745 0.1275 0.00499999 0.0183333 0.220703
3 0.1525 0.196528 0.010625 0.0327778 0.220703
0 0.515 0.0137847 0.00874999 0.0128472 0.19812
0 0.0465625 0.291389 0.0360938 0.0377778 0.191895
0 0.00740723 0.328611 0.0147168 0.0344444 0.187134
0 0.423438 0.0277083 0.00687501 0.0115278 0.185913
0 0.389688 0.0544444 0.010625 0.0169444 0.184814
7 0.0758594 0.293333 0.00390625 0.0122222 0.183594
0 0.429063 0.0228472 0.009375 0.0120139 0.171631
7 0.0654688 0.296667 0.00484375 0.0144444 0.170532
7 0.75375 0.158056 0.00499999 0.0194444 0.161377
0 0.81125 0.0688889 0.04 0.0247222 0.157715
0 0.74375 0.0629167 0.045 0.0263889 0.14856
7 0.766875 0.131667 0.00499999 0.0144444 0.147583
0 0.445 0.0141667 0.00625 0.01 0.137573
7 0.654375 0.0501389 0.00374997 0.0102778 0.136597
3 0.141328 0.217222 0.00874999 0.0327778 0.136108
0 0.53875 0.0232292 0.00999997 0.0135417 0.130249
0 0.378125 0.0551389 0.0125 0.01875 0.128906
7 0.70125 0.0776389 0.00499999 0.0170833 0.125122
2 0.73 0.118611 0.0125 0.0425 0.122498
0 0.0399219 0.299444 0.0403125 0.0411111 0.121704
0 0.500313 0.00446181 0.00562503 0.00892361 0.112427
0 0.4075 0.0349306 0.01 0.0155556 0.111267
0 0.435625 0.0276389 0.00625 0.0102778 0.107788
0 0.338125 0.0875 0.01875 0.0231944 0.105957
0 0.025542 0.2975 0.0254004 0.0322222 0.105225
2 0.0873438 0.227778 0.006875 0.0177778 0.0984497
0 0.86125 0.0741667 0.0325 0.0204167 0.0977173
2 0.141406 0.215833 0.00875001 0.0305556 0.0963745
5 0.396875 0.0364583 0.01 0.0181944 0.093689
3 0.67 0.0450174 0.00499999 0.0244097 0.0927124
3 0.6725 0.04 0.00750001 0.0241667 0.0863037
0 0.375313 0.0745139 0.016875 0.0243056 0.0853882
0 0.174688 0.221944 0.041875 0.0422222 0.0812378
0 0.454375 0.00878472 0.00625 0.00798611 0.0797729
3 0.6725 0.0364583 0.00499999 0.0213889 0.078064
7 0.76625 0.125694 0.00499999 0.0177778 0.0775146
0 0.349375 0.0869444 0.015 0.0169444 0.0769653
2 0.61625 0.0312847 0.00437501 0.0161806 0.0766602
2 0.2075 0.153889 0.010625 0.025 0.0766602
2 0.233281 0.141667 0.0065625 0.0211111 0.0755615
3 0.122188 0.205417 0.00671875 0.0347222 0.0734253
7 0.596563 0.0448611 0.00437501 0.0130556 0.0726318
0 0.360313 0.0690972 0.013125 0.0176389 0.0700684
0 0.469375 0.0349653 0.01 0.016875 0.0665894
0 0.493438 0.0140972 0.00625 0.01 0.0643921
3 0.22125 0.14375 0.00656249 0.0252778 0.0640869
5 0.436875 0.0130556 0.00625 0.0113889 0.0614319
0 0.255469 0.123056 0.013125 0.0233333 0.0614319
0 0.563125 0.0752778 0.03375 0.0413889 0.0600891
7 0.7525 0.161667 0.00500005 0.0213889 0.0592041
3 0.168281 0.157361 0.00531251 0.0172222 0.0562439
3 0.165313 0.156111 0.00531249 0.02 0.0548096
2 0.0366602 0.263889 0.00753906 0.0183333 0.0510864
0 0.0557715 0.272778 0.0358008 0.0288889 0.049408
0 0.544375 0.0206944 0.0125 0.0136111 0.0492249
0 0.84625 0.0788194 0.0275 0.0215278 0.0479431
3 0.189375 0.163056 0.005 0.0216667 0.0430298
2 0.228438 0.136111 0.0075 0.0244445 0.0405273
3 0.121563 0.194722 0.00796874 0.0266667 0.0387573
7 0.774375 0.146944 0.00500005 0.0155556 0.0383301
2 0.214219 0.142778 0.00625 0.0205556 0.0380249
1 0.0204102 0.442778 0.0408203 0.255556 0.036499
0 0.4875 0.0227778 0.00812502 0.0145833 0.033844
2 0.00965332 0.273889 0.0105371 0.0211111 0.0327148
2 0.185156 0.162222 0.00625 0.0227778 0.0305634
5 0.00405273 0.267778 0.00810547 0.0288889 0.029541
7 0.68625 0.07875 0.00499999 0.0116667 0.0281067
0 0.00421387 0.275556 0.00836914 0.0233333 0.0279083
2 0.132812 0.175556 0.00781249 0.0166667 0.0276947
0 0.95875 0.105139 0.0175 0.0175 0.0261536
7 0.0690625 0.297778 0.00546875 0.0183333 0.026062
0 0.548125 0.0385417 0.0175 0.0220833 0.0259552
7 0.25375 0.265 0.009375 0.0233333 0.0246124
0 0.46 0.00375 0.00625 0.0075 0.0242767
3 0.122891 0.213611 0.00609375 0.0277778 0.0240479
0 0.905 0.0825 0.03 0.025 0.0230255
0 0.0333008 0.291667 0.0335547 0.0366667 0.0215302
0 0.259063 0.148194 0.028125 0.0405556 0.0212097
0 0.92 0.0905556 0.0225 0.0213889 0.0190582
0 0.9425 0.0981944 0.0275 0.0236111 0.0186157
7 0.0437891 0.358889 0.00601563 0.0211111 0.0181885
7 0.0839063 0.291111 0.0046875 0.0144444 0.0179138
0 0.283906 0.104583 0.0240625 0.0244444 0.0173035
7 0.7 0.199167 0.00750001 0.0372222 0.0162201
0 0.0101855 0.353333 0.0202539 0.0755556 0.0161591
2 0.72625 0.0349306 0.00499999 0.0155556 0.016098
0 0.448125 0.0171528 0.00750001 0.0127778 0.0157776
0 0.386875 0.0676389 0.01125 0.0216667 0.0148392
7 0.695 0.0477778 0.00374997 0.0133333 0.0144501
7 0.74875 0.125833 0.00375004 0.0175 0.0134277
7 0.69 0.186944 0.00500005 0.0233333 0.0133286
0 0.470625 0.0232986 0.00999997 0.0133333 0.0122375
2 0.8825 0.0526389 0.00750001 0.0180556 0.0117798
3 0.0132129 0.265 0.00753906 0.0172222 0.0117798
2 0.119141 0.193056 0.0104687 0.0244445 0.0116882
0 0.379375 0.0751389 0.01375 0.0236111 0.0106964
3 0.67 0.0319792 0.00499999 0.0275694 0.0104904
3 0.88375 0.06 0.00499999 0.0186111 0.0104065
3 0.714375 0.174306 0.00750001 0.0738889 0.0103302
7 0.715 0.0763194 0.00500005 0.0216667 0.0101318
0 0.539688 0.0579861 0.026875 0.03125 0.00978088
3 0.0495313 0.235833 0.0078125 0.0183333 0.00963593
3 0.194219 0.171389 0.0059375 0.0213889 0.00933838
5 0.0039209 0.253264 0.0078418 0.03125 0.00912476
3 0.137813 0.215278 0.00625 0.0255555 0.0088501
0 0.0254102 0.338056 0.0383203 0.0505556 0.00831604
0 0.505313 0.0258681 0.00812502 0.0146528 0.00828552
2 0.785 0.0511111 0.00750001 0.0208333 0.00803375
2 0.156406 0.177222 0.00578125 0.0183333 0.00803375
3 0.138359 0.218611 0.00703125 0.0294444 0.0078125
0 0.54375 0.0188889 0.01 0.0175 0.00769424
2 0.204531 0.163611 0.01125 0.0288889 0.00754929
0 0.0352734 0.272222 0.0164063 0.0244444 0.00754929
2 0.177031 0.158333 0.00687499 0.0205556 0.00740433
7 0.764375 0.148889 0.00499999 0.0155556 0.00740433
0 0.26375 0.12309 0.02875 0.0315972 0.00714874
3 0.89 0.0602778 0.00499999 0.0206944 0.00714874
0 0.338125 0.0798611 0.01375 0.02 0.00671768
3 0.143438 0.225 0.00687499 0.0433333 0.00669098
0 0.7675 0.0682639 0.0475 0.0234722 0.006073
2 0.225625 0.128889 0.00718749 0.025 0.00605011
1 0.00932617 0.354167 0.0184766 0.0722222 0.00582123
7 0.705 0.0452778 0.00249996 0.0105556 0.00544739
0 0.5375 0.0156944 0.00874999 0.0136111 0.00540543
0 0.99625 0.125278 0.00749995 0.0238889 0.00538635
0 0.0138477 0.343333 0.0263672 0.0544444 0.00536346
2 0.0354883 0.345556 0.0147266 0.0522222 0.00536346
2 0.0544922 0.241111 0.00546875 0.0127778 0.00519943
0 0.80125 0.0592361 0.03625 0.0234722 0.00498199
2 0.0789844 0.216111 0.0140625 0.0238889 0.00482941
7 0.0640234 0.304444 0.00507813 0.0211111 0.00481033
0 0.00474609 0.386111 0.009375 0.126667 0.00479126
0 0.79875 0.073125 0.015 0.0268056 0.00443268
0 0.97125 0.107083 0.015 0.0180556 0.00443268
2 0.0766406 0.219722 0.0078125 0.0241667 0.00438309
0 0.0218945 0.246667 0.0164453 0.02 0.0042305
2 0.287344 0.107847 0.0115625 0.0240278 0.00419998
7 0.6925 0.186111 0.00625 0.02 0.00418091
7 0.66625 0.048125 0.00374997 0.0125 0.00416565
0 0.195625 0.154583 0.01 0.0286111 0.00403976
2 0.147969 0.198611 0.00843751 0.0266667 0.0037365
3 0.0638281 0.229583 0.00625 0.0169444 0.00369263
7 0.69125 0.0540972 0.00499999 0.0111111 0.00367928
0 0.0144238 0.353611 0.0287305 0.0761111 0.00365067
2 0.205625 0.146111 0.0125 0.0255556 0.00356483
2 0.0450781 0.245556 0.0075 0.0166667 0.00348282
0 0.42625 0.0152778 0.00625 0.0113889 0.00324821
0 0.99625 0.133889 0.00749995 0.0288889 0.00321007
7 0.0942969 0.265833 0.0071875 0.0322222 0.00319672
0 0.43 0.0563889 0.01125 0.0191667 0.00312424
3 0.714375 0.171111 0.01125 0.0761111 0.00312424
2 0.1775 0.168056 0.00874999 0.0244445 0.00309944
0 0.9625 0.111667 0.02 0.0216667 0.00300407
0 0.74 0.05625 0.03875 0.0233333 0.00298119
2 0.666875 0.0365278 0.00499999 0.0191667 0.0029583
7 0.106016 0.226111 0.00546875 0.0122222 0.00292397
0 0.314375 0.0886806 0.021875 0.0205556 0.00287819
0 0.976875 0.115972 0.01125 0.0180555 0.00286674
2 0.60125 0.0435938 0.00875003 0.0167014 0.00251198
3 0.23375 0.123611 0.00499999 0.0177778 0.00251198
7 0.380313 0.377222 0.065625 0.137778 0.00251198
7 0.6875 0.183611 0.00625 0.0211111 0.00243378
2 0.65625 0.0333681 0.00499999 0.0140972 0.00235939
7 0.22625 0.379444 0.09125 0.127778 0.00230598
7 0.710625 0.055 0.00750001 0.0161111 0.00229645
0 0.955 0.109167 0.02125 0.0277778 0.00227928
0 0.543125 0.071875 0.02375 0.0359722 0.00223351
2 0.8775 0.0521528 0.00999997 0.0197222 0.00221634
3 0.0546094 0.226111 0.00546875 0.0205556 0.00219154
3 0.165938 0.16625 0.005 0.0197222 0.00216484
2 0.73375 0.0352778 0.00749995 0.0173611 0.00208282
0 0.98125 0.974444 0.0374999 0.0488889 0.00201988
0 0.40125 0.0695833 0.016875 0.0284722 0.0019722
0 0.98375 0.119722 0.015 0.0202778 0.0019722
0 0.550313 0.0902083 0.011875 0.0384722 0.00192642
2 0.137813 0.172222 0.0179688 0.0183333 0.00191212
3 0.69625 0.03375 0.00500005 0.01625 0.00189686
0 0.176523 0.244722 0.0457031 0.0477778 0.00186729
0 0.446875 0.121667 0.0375 0.0738889 0.00181007
0 0.249375 0.988889 0.07875 0.02 0.00177479
0 0.716875 0.0542361 0.00750001 0.0190278 0.00171375
0 0.490938 0.989444 0.049375 0.021111 0.00171375
0 0.98125 0.892778 0.0374999 0.214444 0.00164223
2 0.815 0.0551389 0.00999997 0.0213889 0.00162315
0 0.247656 0.122778 0.00875001 0.0188889 0.00162315
7 0.238125 0.286111 0.008125 0.0233333 0.00154877
2 0.275313 0.089375 0.00687501 0.0190278 0.00150108
2 0.59 0.0234028 0.00625 0.0139583 0.00148964
0 0.93875 0.105694 0.0275 0.0366667 0.00146103
7 0.0641406 0.240833 0.00578125 0.015 0.00145531
0 0.984375 0.747778 0.0312499 0.18 0.00141621
7 0.0542969 0.350833 0.0059375 0.0205556 0.00141048
7 0.92375 0.21125 0.00499999 0.0225 0.00136662
0 0.85875 0.0647917 0.0375 0.0276389 0.00136662
0 0.136016 0.202778 0.010625 0.0394444 0.0012846
0 0.4175 0.0632639 0.015 0.0268056 0.00126457
0 0.265156 0.130278 0.02875 0.0208333 0.00123024
0 0.755625 0.0688889 0.04 0.0297222 0.00122547
5 0.0160156 0.248333 0.0170313 0.0216667 0.0011692
0 0.028125 0.261111 0.0134375 0.0188889 0.0011692
