0 0.731875 0.815833 0.1975 0.368333 0.961914
0 0.92375 0.845 0.1525 0.305556 0.961426
0 0.495625 0.545694 0.1075 0.246389 0.955566
0 0.795 0.500833 0.1375 0.216111 0.954102
0 0.0953125 0.891111 0.161875 0.215556 0.954102
0 0.223906 0.559444 0.131563 0.214444 0.952148
0 0.246406 0.916667 0.180313 0.164444 0.949707
0 0.404375 0.317222 0.07375 0.114444 0.94873
0 0.636875 0.422222 0.105 0.17 0.94873
0 0.70375 0.285625 0.085 0.113194 0.945312
0 0.22375 0.379444 0.104062 0.142222 0.944824
0 0.358438 0.478889 0.111875 0.198889 0.944824
0 0.506875 0.331944 0.073125 0.128333 0.94043
0 0.600625 0.280069 0.0825 0.125417 0.935059
0 0.307344 0.353889 0.0859375 0.118889 0.928223
0 0.249688 0.210278 0.064375 0.0727778 0.889648
0 0.49375 0.977222 0.145 0.0444444 0.884277
5 0.33875 0.0690972 0.0225 0.0409722 0.881836
0 0.473438 0.0452951 0.015625 0.0182986 0.871582
0 0.4875 0.0585417 0.025 0.0230556 0.868652
0 0.133672 0.234722 0.0423438 0.0394445 0.868164
0 0.75875 0.0584028 0.0375 0.0268056 0.84082
0 0.423125 0.0813889 0.04375 0.0306944 0.837402
0 0.272969 0.159167 0.050625 0.0402778 0.835449
0 0.318594 0.132361 0.0503125 0.0358333 0.833496
0 0.92 0.08625 0.025 0.0222222 0.81543
0 0.500625 0.03 0.0125 0.0194444 0.811523
0 0.34125 0.0848611 0.015 0.0205556 0.789062
0 0.0915625 0.2225 0.0267188 0.0305556 0.788086
0 0.0467578 0.295 0.0360156 0.0388889 0.788086
2 0.396875 0.110833 0.02 0.0325 0.78125
0 0.161406 0.209722 0.0425 0.0383333 0.779785
2 0.0440234 0.343333 0.0147656 0.04 0.773438
0 0.3575 0.0777778 0.01875 0.0252778 0.762207
0 0.40375 0.0638889 0.015 0.0202778 0.754883
0 0.325938 0.0891667 0.014375 0.0211111 0.750488
0 0.7375 0.0534722 0.0375 0.0236111 0.740234
0 0.0130078 0.320278 0.0257813 0.0355555 0.73877
0 0.821875 0.0681944 0.03125 0.025 0.726562
0 0.859375 0.0778472 0.03625 0.0255556 0.723145
7 0.256563 0.264444 0.0075 0.0233333 0.723145
7 0.743125 0.171944 0.00625 0.0205556 0.72168
0 0.0366357 0.289167 0.0333691 0.0377778 0.720215
7 0.75125 0.161389 0.00499999 0.0194444 0.702637
2 0.268438 0.12125 0.013125 0.0202778 0.684082
0 0.8725 0.0719444 0.0300001 0.0226389 0.682617
7 0.242344 0.280556 0.0078125 0.0222222 0.680664
0 0.5275 0.0219444 0.01 0.01375 0.679199
0 0.801875 0.0580556 0.03375 0.0254167 0.65332
0 0.42625 0.0544444 0.01625 0.0230556 0.651367
2 0.60125 0.0403993 0.0125 0.0208681 0.638672
7 0.944375 0.214444 0.00500005 0.0177778 0.638672
0 0.97625 0.710556 0.0475 0.277778 0.59082
0 0.413125 0.0426215 0.01125 0.0158681 0.550781
3 0.69125 0.185833 0.02125 0.0475 0.539062
7 0.94375 0.217778 0.00499999 0.0183333 0.511719
7 0.0271875 0.379444 0.00527344 0.0166667 0.501953
0 0.51625 0.0143056 0.00812502 0.0129861 0.496094
3 0.6975 0.155556 0.0125 0.0605556 0.482422
0 0.423438 0.0327083 0.00874999 0.0145833 0.466797
0 0.3925 0.060625 0.01125 0.0190278 0.460938
0 0.498125 0.00847222 0.00812499 0.0105556 0.455078
7 0.705 0.198333 0.00625 0.0283333 0.437744
7 0.7675 0.128056 0.00499999 0.0177778 0.429199
5 0.432188 0.0169097 0.0125 0.0186111 0.418701
0 0.38 0.06875 0.01625 0.0241667 0.411133
7 0.74375 0.124444 0.00499999 0.0155556 0.403564
5 0.380938 0.0675 0.018125 0.0280556 0.38501
2 0.28375 0.111424 0.00749998 0.0199306 0.377441
0 0.384688 0.043125 0.01 0.0138889 0.366699
7 0.70375 0.0779861 0.00374997 0.0126389 0.357666
0 0.4875 0.00743056 0.00749998 0.0102778 0.350342
0 0.090918 0.217778 0.0250391 0.0283333 0.342529
0 0.39625 0.0488889 0.01125 0.0156944 0.331055
0 0.43 0.04875 0.0125 0.0183333 0.325928
0 0.40125 0.0488889 0.01125 0.0169444 0.281494
0 0.366875 0.0689583 0.01375 0.0195833 0.281494
3 0.6975 0.166944 0.0175 0.0725 0.252441
7 0.744375 0.127778 0.00499999 0.0183333 0.242188
7 0.94125 0.216667 0.00500005 0.0175 0.242188
3 0.210938 0.150556 0.00687499 0.0255556 0.231567
7 0.255469 0.265833 0.00843749 0.0261111 0.222046
0 0.37 0.0591667 0.00999997 0.0163889 0.21936
0 0.50625 0.00888889 0.00749998 0.00972222 0.212769
7 0.655 0.0492361 0.00249996 0.00916667 0.199951
7 0.67125 0.0513889 0.00374997 0.0119444 0.191895
7 0.65125 0.0517361 0.00250003 0.0109722 0.185303
7 0.70125 0.0775 0.00499999 0.0163889 0.184204
0 0.498125 0.00510417 0.00625 0.0102083 0.178955
7 0.766875 0.125833 0.00499999 0.0177778 0.167725
0 0.40375 0.0290278 0.00687501 0.0100694 0.164551
0 0.3775 0.0526389 0.009375 0.015 0.157715
5 0.34 0.0740278 0.0175 0.0361111 0.157104
7 0.70625 0.198056 0.00750001 0.0266667 0.147583
7 0.766875 0.1325 0.00499999 0.0141667 0.134766
7 0.0760938 0.292778 0.00398437 0.0133334 0.126831
2 0.73125 0.129132 0.0125 0.040625 0.123779
0 0.524688 0.0151736 0.00812499 0.0117361 0.109314
0 0.459375 0.00432292 0.00562499 0.00864583 0.107422
7 0.0845313 0.283611 0.00375 0.0138889 0.100525
0 0.403125 0.0604167 0.01875 0.0213889 0.0927124
3 0.6925 0.175278 0.025 0.0583333 0.0923462
7 0.70875 0.200556 0.00999997 0.035 0.0888062
7 0.753125 0.1575 0.00625 0.0180556 0.0775146
3 0.206563 0.151667 0.00625 0.025 0.0750122
2 0.212031 0.150278 0.0065625 0.0244444 0.0643921
2 0.614375 0.0290278 0.00562496 0.0166667 0.064209
7 0.241875 0.283889 0.00843751 0.0244444 0.0639648
0 0.444063 0.0136806 0.00562503 0.01125 0.0614319
0 0.415 0.0359028 0.01 0.0176389 0.0605164
0 0.0041748 0.275556 0.00834961 0.0233333 0.0596619
7 0.68625 0.0790278 0.00499999 0.0116667 0.0587769
0 0.454375 0.00791667 0.00499999 0.00888889 0.0564575
3 0.710625 0.199167 0.01375 0.0344444 0.0520325
7 0.253125 0.263333 0.00875001 0.0233333 0.0427246
2 0.72625 0.0345139 0.00499999 0.0148611 0.0367737
3 0.138047 0.184028 0.0078125 0.0213889 0.0354004
0 0.431563 0.0254167 0.00999997 0.0163889 0.0350037
0 0.165625 0.206667 0.0328125 0.0341667 0.0324097
2 0.69375 0.163056 0.025 0.0694444 0.0321045
0 0.424688 0.0651389 0.023125 0.03 0.0313721
7 0.0619531 0.293611 0.00734375 0.03 0.0310211
3 0.23 0.135 0.003125 0.0219444 0.0310211
3 0.711875 0.179167 0.0125 0.0672222 0.0297546
7 0.0691406 0.297778 0.00578125 0.0188889 0.0269623
2 0.695625 0.150278 0.0175 0.0511111 0.0240479
2 0.729375 0.13 0.00999997 0.0383333 0.0231476
7 0.74875 0.125833 0.00375004 0.0163889 0.0211182
0 0.351563 0.0822222 0.01375 0.0227778 0.0207977
7 0.673125 0.0501389 0.00374997 0.0105556 0.0205688
7 0.7525 0.162083 0.00625 0.0202778 0.02034
2 0.234688 0.139444 0.004375 0.0144444 0.0195007
7 0.225 0.151667 0.003125 0.0113889 0.0192719
0 0.00951172 0.270278 0.0141211 0.0238889 0.0191956
0 0.5075 0.0161806 0.01 0.0153472 0.0164032
7 0.23875 0.286667 0.00874999 0.0233333 0.0160217
0 0.409375 0.0659722 0.0175 0.0277778 0.0151291
3 0.00557129 0.380556 0.00789063 0.0277778 0.0146713
7 0.690625 0.0538889 0.00375004 0.0111111 0.0146713
0 0.409688 0.0227431 0.00812499 0.0109722 0.0139542
3 0.7125 0.171944 0.01 0.0688889 0.0131226
0 0.33875 0.0781944 0.015 0.0243056 0.0127258
7 0.705 0.0461111 0.00249996 0.0118056 0.0121002
7 0.0830469 0.29 0.005625 0.0144444 0.0118713
2 0.012666 0.264722 0.00826172 0.0194444 0.011734
2 0.269063 0.125833 0.0175 0.0238889 0.0115509
0 0.99625 0.125278 0.00749995 0.025 0.0115051
3 0.134688 0.18 0.0053125 0.0219445 0.0113297
7 0.245625 0.136944 0.0028125 0.00888889 0.0108185
3 0.169375 0.159028 0.00562499 0.0169444 0.0108185
2 0.3975 0.101528 0.025 0.0313889 0.0107346
5 0.3475 0.0695139 0.01125 0.0406944 0.0105667
0 0.880625 0.0526389 0.0125 0.0177778 0.00912476
0 0.0189453 0.305 0.0225781 0.0255556 0.00898743
3 0.205625 0.158472 0.00874999 0.0355555 0.00857544
7 0.665 0.0469444 0.00250003 0.00805556 0.00847626
3 0.73125 0.132535 0.015 0.0504861 0.00847626
0 0.34125 0.0897222 0.015 0.0254167 0.00841522
0 0.269219 0.127778 0.014375 0.0222222 0.00834656
0 0.276563 0.146389 0.0471875 0.0366667 0.00800323
3 0.0503906 0.232222 0.00671875 0.0194445 0.00790405
2 0.0355078 0.2675 0.0217969 0.0216667 0.00775528
7 0.25 0.126944 0.005 0.0138889 0.00746155
0 0.395 0.0300694 0.00750001 0.00861111 0.00706482
0 0.302969 0.136528 0.0459375 0.0341667 0.00701141
0 0.00503906 0.270556 0.0100781 0.0261111 0.00641251
3 0.00375244 0.38 0.00724121 0.0322222 0.00638962
0 0.353125 0.0523611 0.00874999 0.01625 0.00593567
0 0.00897461 0.275833 0.0163086 0.0255556 0.00582123
7 0.267656 0.244861 0.011875 0.0230556 0.00566483
0 0.99625 0.133611 0.00749995 0.0297222 0.00561905
2 0.610313 0.0284028 0.00500005 0.0208333 0.00561905
3 0.295625 0.103333 0.00437501 0.0138889 0.00557709
2 0.115313 0.188889 0.0065625 0.0222222 0.00547028
2 0.204688 0.147778 0.00625 0.0283333 0.00542831
3 0.165313 0.170417 0.0034375 0.0127778 0.00510025
2 0.72875 0.133611 0.00999997 0.0283333 0.00468063
7 0.765 0.148611 0.00500005 0.015 0.0046463
0 0.138594 0.2275 0.0428125 0.0361111 0.00460815
7 0.0946094 0.277778 0.0034375 0.01 0.00441742
2 0.194844 0.154028 0.0065625 0.0283333 0.00432968
3 0.0563281 0.240556 0.00625 0.0177778 0.00428009
7 0.77375 0.146944 0.00499999 0.0155556 0.0041008
7 0.0351172 0.37 0.00320312 0.0127778 0.00385475
0 0.96 0.105 0.015 0.0155556 0.00382423
3 0.124844 0.192361 0.004375 0.0169444 0.00382423
3 0.144688 0.174028 0.00375001 0.0158333 0.00379562
3 0.0457813 0.242778 0.0065625 0.0147222 0.00374985
3 0.70625 0.171389 0.01875 0.065 0.00362206
7 0.306094 0.0990278 0.0046875 0.0108333 0.00356483
0 0.976875 0.645 0.04625 0.143333 0.00351143
0 0.71875 0.0527778 0.0125 0.0194444 0.00335121
2 0.7325 0.115556 0.0125 0.0461111 0.00332451
7 0.587188 0.0451389 0.00687497 0.0138889 0.00331116
0 0.0107227 0.308889 0.0213281 0.04 0.00331116
0 0.92125 0.0941667 0.0275 0.0222222 0.003088
0 0.549375 0.0179861 0.00749995 0.0126389 0.00299263
2 0.268125 0.108056 0.00874999 0.0202778 0.0029583
7 0.0274609 0.376111 0.00601563 0.0211111 0.00293541
2 0.276563 0.105139 0.009375 0.0163889 0.00283432
0 0.265625 0.153333 0.036875 0.0333333 0.00281143
7 0.50625 0.333333 0.07125 0.127778 0.00279999
0 0.474063 0.0409028 0.01375 0.0259722 0.00275803
0 0.9775 0.116389 0.0125 0.0183333 0.00263214
0 0.440625 0.0448785 0.0125 0.0177431 0.00257111
5 0.396563 0.08375 0.0175 0.0254167 0.00256157
0 0.818125 0.0713194 0.03125 0.0276389 0.00255013
3 0.79625 0.0804861 0.00999997 0.0293056 0.00253105
0 0.00369141 0.346667 0.00710938 0.0444444 0.00244331
0 0.145469 0.217917 0.0325 0.0311111 0.002388
7 0.600625 0.280625 0.08 0.124306 0.00236893
2 0.29375 0.114757 0.00531251 0.0149305 0.00233269
0 0.9175 0.0900695 0.03 0.0261111 0.00232315
7 0.252813 0.134444 0.0065625 0.0105556 0.00221634
2 0.73 0.135 0.015 0.0427778 0.00221634
0 0.8775 0.0538889 0.01875 0.02 0.00213242
0 0.97375 0.106944 0.01375 0.0186111 0.00201988
2 0.0472656 0.345833 0.0160938 0.0338889 0.00195694
0 0.985625 0.119306 0.01375 0.02 0.00192642
2 0.175938 0.156667 0.008125 0.0205556 0.00186729
2 0.69375 0.0484722 0.00499999 0.0136111 0.00184631
1 0.367188 0.0391667 0.034375 0.0402778 0.00176811
3 0.7 0.195972 0.015 0.0508333 0.00175476
0 0.253906 0.1975 0.055 0.0488889 0.00168133
7 0.509375 0.403056 0.0125 0.0533333 0.0016613
7 0.565 0.0279861 0.00500005 0.0118056 0.00151253
2 0.72875 0.116806 0.00875003 0.0455556 0.00150108
0 0.0379688 0.277222 0.02875 0.0394445 0.00146675
2 0.65625 0.0325347 0.00499999 0.0124306 0.00141048
3 0.893125 0.0713195 0.00625 0.0188889 0.00137806
3 0.0630078 0.229861 0.00765625 0.0175 0.00132465
0 0.743125 0.0640278 0.0375 0.0280556 0.00131989
7 0.715 0.08125 0.00500005 0.0156944 0.00131512
0 0.262969 0.186389 0.0375 0.0377778 0.00127411
3 0.664375 0.0322917 0.00375004 0.0138889 0.00121593
7 0.105313 0.275 0.00375 0.0127778 0.00121593
0 0.32625 0.134028 0.03875 0.0358333 0.00120163
5 0.00437988 0.251389 0.00875977 0.0333333 0.0011692
7 0.307656 0.355 0.0846875 0.121111 0.0011425
0 0.87125 0.0665278 0.0275 0.0252778 0.00113773
1 0.37 0.0346528 0.0175 0.0330556 0.00109863
2 0.155625 0.174861 0.00421875 0.0155556 0.00106525
3 0.166719 0.158472 0.00531251 0.0169444 0.00104427
7 0.219688 0.146389 0.00437501 0.0177778 0.00102425
3 0.67625 0.0282639 0.00499999 0.0169444 0.00101662
