0 0.514688 0.568889 0.110625 0.265556 0.956543
0 0.94875 0.890556 0.1025 0.218889 0.954102
0 0.343438 0.591667 0.135625 0.265556 0.953125
0 0.322188 0.333889 0.076875 0.112222 0.94873
0 0.648125 0.520833 0.12125 0.229444 0.94873
0 0.815 0.512778 0.1475 0.228889 0.948242
0 0.507188 0.305278 0.066875 0.115 0.941406
0 0.6875 0.273958 0.08 0.102083 0.940918
0 0.7775 0.921667 0.1875 0.156667 0.940918
0 0.397813 0.357778 0.084375 0.128889 0.937012
0 0.189531 0.645 0.149063 0.255556 0.936035
0 0.612813 0.326667 0.081875 0.127778 0.934082
0 0.241563 0.366667 0.086875 0.115556 0.92627
0 0.139082 0.542361 0.135586 0.206389 0.914062
0 0.0220117 0.913333 0.0436328 0.171111 0.898438
0 0.365625 0.140694 0.0575 0.0502778 0.856934
0 0.450625 0.08125 0.03625 0.0286111 0.855957
0 0.258125 0.169722 0.05125 0.0447222 0.854004
0 0.196406 0.260625 0.0590625 0.0765278 0.854004
0 0.6175 0.0694444 0.04875 0.03125 0.852051
7 0.703125 0.199306 0.00625 0.0213889 0.836426
0 0.0885742 0.235833 0.0297266 0.0311111 0.786621
7 0.245313 0.279444 0.0075 0.0227778 0.78125
0 0.325313 0.0890972 0.01875 0.0231944 0.773438
7 0.745 0.175556 0.00499999 0.0205556 0.757812
2 0.860625 0.201944 0.015 0.0611111 0.750488
0 0.0270117 0.296667 0.0336328 0.0344444 0.747559
0 0.369375 0.106736 0.04375 0.0381945 0.741699
0 0.76125 0.0622222 0.0375 0.0258333 0.73877
2 0.0267383 0.357222 0.0210547 0.045 0.733887
7 0.75375 0.163889 0.00499999 0.0188889 0.723145
0 0.0222705 0.319444 0.0357715 0.0411111 0.705566
0 0.73 0.0579167 0.0425 0.0280556 0.668945
0 0.139297 0.233611 0.0423438 0.0327778 0.668945
0 0.805 0.0710417 0.035 0.0248611 0.640625
0 0.167344 0.176389 0.03 0.0311111 0.629883
7 0.0448047 0.362222 0.005 0.0155555 0.622559
0 0.049834 0.261042 0.023457 0.0268056 0.600098
7 0.7725 0.146389 0.00499999 0.0177778 0.584961
0 0.355313 0.0966667 0.02625 0.0244444 0.571777
0 0.3875 0.0691667 0.015 0.0216667 0.562012
1 0.365938 0.0669444 0.02 0.0322222 0.529297
0 0.34625 0.0794444 0.015 0.0266667 0.527344
7 0.94625 0.219167 0.00499999 0.0188889 0.527344
0 0.53625 0.0363889 0.01625 0.0208333 0.523438
0 0.117344 0.239722 0.0259375 0.0266667 0.501953
2 0.66 0.0480382 0.0125 0.0269792 0.486328
7 0.946875 0.214444 0.00499999 0.0194444 0.455078
0 0.4125 0.0475 0.011875 0.0186111 0.445557
0 0.126953 0.231389 0.0321875 0.0283333 0.437744
0 0.52125 0.0173611 0.01 0.0145833 0.435791
0 0.765 0.0509722 0.035 0.0222222 0.435791
0 0.385625 0.0736806 0.01375 0.0205556 0.435791
2 0.65625 0.0481944 0.0175 0.0270833 0.40918
2 0.287344 0.112083 0.00718749 0.0211111 0.407227
0 0.40375 0.0574306 0.01625 0.0191667 0.394287
0 0.11875 0.230833 0.02875 0.0255555 0.390381
3 0.65 0.0481944 0.00750001 0.0252778 0.388672
7 0.0695703 0.3 0.00492187 0.0133333 0.388672
2 0.256563 0.130694 0.00687499 0.0197222 0.386719
0 0.94375 0.0956944 0.0225 0.0181944 0.381104
7 0.77 0.130833 0.00499999 0.0161111 0.370117
7 0.258438 0.265278 0.0075 0.0238889 0.346924
0 0.96875 0.100694 0.025 0.0191667 0.327637
0 0.405625 0.0529861 0.015 0.0177778 0.325928
0 0.395625 0.0463194 0.01375 0.0173611 0.32251
0 0.34625 0.0722222 0.015625 0.0195833 0.312256
0 0.38875 0.0581944 0.01375 0.0183333 0.312256
0 0.0596094 0.254444 0.0282813 0.03 0.300781
0 0.377813 0.0735417 0.01625 0.0233333 0.26123
0 0.38875 0.0661806 0.015 0.0206944 0.259766
0 0.422813 0.0355903 0.013125 0.0175694 0.250977
7 0.705625 0.0819444 0.00374997 0.0123611 0.246582
2 0.613125 0.0415278 0.02125 0.0191667 0.229492
7 0.675625 0.05125 0.00374997 0.0155556 0.225464
0 0.406875 0.0511111 0.01375 0.0194444 0.203735
0 0.341563 0.0748611 0.010625 0.0186111 0.193115
0 0.0129297 0.312222 0.0257031 0.0411111 0.191895
0 0.0632031 0.250278 0.0246875 0.0277778 0.187744
0 0.6125 0.0416667 0.0225 0.0193056 0.186523
2 0.523438 0.0520833 0.013125 0.0191667 0.185303
0 0.366875 0.0686111 0.0225 0.0327778 0.178955
0 0.158438 0.179444 0.0128125 0.0277778 0.157104
7 0.0271484 0.376667 0.00824219 0.0211111 0.156128
3 0.270156 0.0955556 0.00531251 0.0238889 0.15564
0 0.438125 0.0613194 0.0225 0.0261111 0.144165
0 0.0500684 0.264514 0.026582 0.0309722 0.143188
0 0.35375 0.0859722 0.0175 0.0213889 0.140869
0 0.76875 0.0531944 0.04 0.0225 0.139404
0 0.81 0.0695833 0.0425001 0.0261111 0.137085
2 0.00475098 0.278333 0.00833984 0.0222222 0.129883
7 0.691875 0.185139 0.00625 0.0216667 0.127686
7 0.749375 0.128333 0.00374997 0.0166667 0.127197
3 0.38625 0.173333 0.01375 0.0633333 0.11676
0 0.387812 0.0490278 0.01 0.0133333 0.112793
0 0.769375 0.0640278 0.04125 0.0261111 0.111633
7 0.74625 0.129444 0.00500005 0.0172222 0.108215
7 0.0953125 0.281111 0.0040625 0.0122222 0.106323
2 0.581563 0.0465972 0.0125 0.0195833 0.0923462
0 0.57375 0.0225347 0.016875 0.0119444 0.0859985
3 0.122891 0.247639 0.00875 0.0325 0.0772095
3 0.388125 0.164722 0.01375 0.0422222 0.0739746
0 0.8025 0.0666667 0.0325 0.0261111 0.0708008
1 0.399375 0.0163194 0.0225 0.0326389 0.0663452
0 0.52 0.0163542 0.01125 0.0149306 0.0643921
7 0.185313 0.205139 0.00375001 0.0113889 0.0618896
0 0.574688 0.0272222 0.0175 0.0125 0.0616455
7 0.164688 0.244722 0.00375001 0.0172222 0.0583496
5 0.74875 0.034375 0.09625 0.0619444 0.0577087
0 0.44375 0.0315972 0.01125 0.0144444 0.055603
0 0.78125 0.0594444 0.03 0.0216667 0.0531921
0 0.41875 0.0328472 0.01125 0.0145833 0.0526123
3 0.27375 0.095 0.00625 0.0227778 0.0526123
3 0.114063 0.247778 0.01 0.0355556 0.0522461
7 0.085 0.293056 0.0034375 0.0116667 0.0505066
0 0.343125 0.0718056 0.019375 0.0205556 0.0488586
7 0.0746094 0.298333 0.0040625 0.0133334 0.0472412
0 0.00794434 0.27 0.0158887 0.0333333 0.0467224
2 0.2575 0.128333 0.009375 0.0238889 0.0460205
7 0.164375 0.204861 0.00375001 0.0147222 0.0458679
2 0.0370703 0.246389 0.00726562 0.0177778 0.0455322
7 0.7625 0.153333 0.00750001 0.0183333 0.0453491
2 0.536563 0.0377778 0.018125 0.0225 0.0441895
7 0.7725 0.1425 0.00499999 0.0183333 0.0441895
3 0.510313 0.0566667 0.00499999 0.0209722 0.0420837
7 0.74625 0.124722 0.00500005 0.0166667 0.0401001
5 0.76625 0.0341667 0.1025 0.0586111 0.0401001
0 0.434375 0.0483333 0.015 0.0163889 0.0393372
0 0.00916992 0.276944 0.0170508 0.0255556 0.037323
0 0.455 0.00902778 0.00875003 0.00986111 0.0372009
7 0.945 0.2325 0.00499999 0.0227778 0.0370483
0 0.743125 0.0632639 0.0475 0.0259722 0.0361633
7 0.69375 0.0806945 0.00499999 0.0119444 0.0354004
2 0.20625 0.150556 0.00875001 0.0244444 0.0334778
0 0.829375 0.0677083 0.03125 0.0236111 0.0328369
7 0.75375 0.166944 0.00750001 0.0188889 0.0325928
0 0.4275 0.0600694 0.02 0.0263889 0.0322266
0 0.779375 0.0611111 0.0375 0.0236111 0.0307922
2 0.263594 0.129306 0.0065625 0.0186111 0.0302124
0 0.94375 0.0913194 0.025 0.0226389 0.029541
7 0.00303223 0.384444 0.00587891 0.02 0.028656
0 0.373125 0.0536111 0.0125 0.0161111 0.0269623
2 0.142422 0.203889 0.00750001 0.0211111 0.0261536
7 0.9475 0.222917 0.00500005 0.0236111 0.0259552
7 0.75375 0.1625 0.00625 0.0205556 0.0257568
7 0.105078 0.276667 0.00328125 0.0111111 0.0257568
2 0.529375 0.0480556 0.00999997 0.0218056 0.0254669
0 0.93625 0.0927778 0.0225 0.0205556 0.025177
7 0.709375 0.0859722 0.00375004 0.0161111 0.0247955
0 0.194375 0.150139 0.0259375 0.0291667 0.024704
5 0.00891113 0.267778 0.0178223 0.035 0.0236053
0 0.42375 0.0402778 0.01375 0.0190278 0.0220337
3 0.630625 0.162222 0.018125 0.0566667 0.0218658
3 0.23375 0.133611 0.00437501 0.0211111 0.0217743
7 0.176094 0.208056 0.004375 0.0133333 0.021286
0 0.467813 0.00930556 0.00874999 0.00965278 0.0210419
0 0.90375 0.0894445 0.0237501 0.0225 0.0208893
0 0.83125 0.0719444 0.0325 0.0272222 0.0204926
1 0.400313 0.0271528 0.035 0.0484722 0.0203705
0 0.93625 0.0960417 0.0275 0.0223611 0.0200958
3 0.49625 0.0545139 0.00874999 0.025 0.0192719
7 0.0669531 0.299444 0.00484376 0.0133333 0.0179138
7 0.549375 0.0527083 0.00437495 0.0154167 0.0175171
2 0.518438 0.0530556 0.01125 0.0209722 0.0165253
7 0.69 0.0558333 0.00250003 0.0113889 0.0164032
0 0.0396289 0.260556 0.0113672 0.0233333 0.0162811
0 0.9375 0.0902778 0.0125 0.0208333 0.0162201
0 0.471875 0.00986111 0.00749998 0.0115278 0.0154266
3 0.209531 0.155 0.00562499 0.0261111 0.0154266
0 0.366563 0.112361 0.048125 0.0305556 0.0150757
0 0.429375 0.020625 0.00874999 0.0106944 0.0149536
0 0.834375 0.06875 0.03 0.0244444 0.0145035
0 0.969375 0.107361 0.0275 0.0255556 0.014061
2 0.145391 0.193611 0.00687499 0.0205556 0.0140076
2 0.245625 0.104167 0.005 0.0163889 0.0139542
7 0.690625 0.0858333 0.00375004 0.0144444 0.0139542
0 0.459375 0.0053125 0.00687501 0.010625 0.0139542
3 0.107813 0.250556 0.006875 0.0311111 0.0136871
3 0.256563 0.268819 0.0125 0.0390278 0.0136337
5 0.00931641 0.258889 0.0186328 0.0444444 0.0135345
1 0.403125 0.0215278 0.0375 0.0384722 0.0128708
5 0.445625 0.0160417 0.00875003 0.0161111 0.0127258
3 0.7975 0.1075 0.00999997 0.0427778 0.0125275
0 0.115938 0.2175 0.03125 0.0333333 0.0123825
7 0.190313 0.199306 0.00374999 0.0122222 0.0123367
0 0.134688 0.228333 0.0340625 0.0338889 0.012146
0 0.44 0.0802778 0.035 0.0256944 0.0120544
0 0.440313 0.0465278 0.01375 0.015 0.0118713
3 0.289063 0.115799 0.00687501 0.0250694 0.0116882
5 0.00688477 0.256111 0.0137695 0.0388889 0.011467
0 0.435313 0.0339583 0.009375 0.0166667 0.0113754
3 0.223594 0.118924 0.00531251 0.0215972 0.0113754
7 0.685 0.0656944 0.00250003 0.00888889 0.0112915
7 0.03375 0.365 0.0075 0.0433333 0.0112457
0 0.76 0.0669444 0.0425 0.0333333 0.0109482
0 0.612813 0.0467361 0.026875 0.0226389 0.0107803
7 0.0957813 0.291667 0.004375 0.0122222 0.0106125
7 0.675625 0.0576389 0.00374997 0.0163889 0.0105667
3 0.109453 0.204028 0.00687501 0.0230555 0.0105667
0 0.90375 0.0925 0.0300001 0.0252778 0.0105286
2 0.294375 0.111944 0.00437501 0.0202778 0.0105286
3 0.295625 0.106042 0.00375001 0.0173611 0.0104065
5 0.75875 0.0381944 0.0525 0.0380556 0.01017
3 0.230938 0.131528 0.004375 0.0205556 0.0100937
3 0.381875 0.172917 0.02125 0.0713889 0.0100098
2 0.2075 0.144167 0.009375 0.0222222 0.00989532
0 0.99125 0.121667 0.01625 0.0225 0.00963593
0 0.247188 0.137917 0.00999999 0.02 0.00955963
2 0.59875 0.0460938 0.010625 0.0189236 0.00937653
0 0.433125 0.0101736 0.00812499 0.0127083 0.00930023
3 0.150781 0.197778 0.008125 0.0202778 0.00919342
0 0.03 0.302778 0.0321875 0.0361111 0.00898743
7 0.67125 0.0525 0.00500005 0.0188889 0.00891876
2 0.66125 0.0513194 0.00874996 0.0275 0.00861359
2 0.611875 0.0388889 0.0225 0.0215278 0.00821686
0 0.414375 0.0572222 0.015 0.0201389 0.00803375
7 0.0111426 0.370556 0.00779297 0.0311111 0.00787354
0 0.56625 0.0260069 0.00812499 0.0120139 0.00766754
2 0.52375 0.055625 0.01125 0.02125 0.00740433
7 0.555313 0.0463194 0.00499999 0.0123611 0.00734711
7 0.745 0.177778 0.00750001 0.025 0.00731659
2 0.26375 0.124722 0.00625 0.0183333 0.00720596
7 0.115156 0.272222 0.004375 0.0177778 0.00714874
7 0.73375 0.123472 0.00500005 0.0202778 0.00712204
3 0.503125 0.0577778 0.00625 0.0205556 0.00706482
3 0.274063 0.0915278 0.00625 0.0222222 0.0068779
0 0.578125 0.0319444 0.015 0.0163889 0.00682449
0 0.521875 0.0235069 0.010625 0.0189583 0.00656509
2 0.65875 0.0445139 0.01625 0.0330556 0.00636292
2 0.496563 0.0570139 0.00874999 0.0222222 0.00621796
7 0.700625 0.0756944 0.00499999 0.015 0.00609589
0 0.7675 0.0772222 0.0475 0.0277778 0.00602722
2 0.656875 0.0508333 0.00999997 0.0290278 0.00584412
0 0.190625 0.15 0.02125 0.0269444 0.00584412
2 0.69625 0.0279861 0.00500005 0.0116667 0.00570679
0 0.550938 0.0221528 0.0137499 0.0126389 0.00568771
0 0.763125 0.0413194 0.03875 0.0302778 0.00559998
0 0.176836 0.231944 0.0369531 0.0483333 0.00559998
2 0.249531 0.132222 0.009375 0.0227778 0.00551224
0 0.98625 0.116667 0.0125 0.0155556 0.00521851
3 0.109531 0.254444 0.00625 0.0344445 0.00498199
0 0.0512891 0.255278 0.0233594 0.0305556 0.00492477
3 0.244844 0.118889 0.004375 0.0138889 0.00482941
0 0.765625 0.03875 0.0325 0.0243056 0.00479126
1 0.395938 0.0232552 0.03375 0.0425174 0.00471878
3 0.625938 0.164722 0.0143751 0.0583333 0.00471878
3 0.38625 0.176389 0.018125 0.0730556 0.00462723
0 0.3975 0.0338194 0.00874999 0.0145833 0.00448608
3 0.894375 0.0677778 0.00500005 0.0155556 0.00448608
7 0.6425 0.0613889 0.00625 0.0158333 0.00441742
3 0.234063 0.120556 0.0046875 0.0227778 0.00439835
0 0.199375 0.2325 0.035625 0.0433333 0.00436401
2 0.137578 0.194028 0.0090625 0.0302778 0.00434875
2 0.579375 0.0463889 0.011875 0.0163889 0.00429916
0 0.36625 0.0619444 0.018125 0.0316667 0.0042305
7 0.715 0.0826389 0.00500005 0.0169444 0.00418091
7 0.304688 0.100556 0.00437498 0.0155556 0.00416565
2 0.135938 0.208056 0.011875 0.0261111 0.00411606
3 0.716875 0.163056 0.00750001 0.0711111 0.0039444
7 0.69375 0.09625 0.00499999 0.015 0.00382423
7 0.315 0.118889 0.00375001 0.0166667 0.0037365
0 0.82 0.0613889 0.04 0.0297222 0.0037365
7 0.73125 0.121146 0.00499999 0.0282639 0.00370789
2 0.155781 0.21 0.01125 0.0316667 0.00352478
0 0.090332 0.223611 0.0246484 0.025 0.00348282
3 0.49 0.0548611 0.00750001 0.0255556 0.00345612
2 0.216563 0.243194 0.02 0.0463889 0.00337601
3 0.263438 0.283611 0.010625 0.04 0.00337601
0 0.00352051 0.348333 0.00699219 0.0488889 0.00336266
0 0.764375 0.0731944 0.04625 0.0256944 0.00329781
7 0.285469 0.129444 0.00406249 0.0172222 0.00325966
0 0.486875 0.0142361 0.00625 0.0115972 0.00322342
2 0.73375 0.0345139 0.0125 0.01875 0.00318527
2 0.705 0.0279861 0.00499999 0.0136111 0.00314713
2 0.365625 0.142222 0.05625 0.0511111 0.00309944
0 0.48875 0.0188889 0.00625 0.0102778 0.00300407
7 0.675 0.191111 0.00499999 0.0172222 0.00298119
7 0.613125 0.326667 0.08125 0.128889 0.00298119
7 0.68625 0.08125 0.00499999 0.0123611 0.00293541
7 0.6925 0.182778 0.00625 0.0261111 0.00293541
0 0.990625 0.1225 0.01 0.0186111 0.00291252
3 0.515313 0.0566667 0.00562499 0.0216667 0.00290108
0 0.996563 0.127917 0.00687497 0.0291667 0.00288963
7 0.94125 0.216389 0.00500005 0.0186111 0.00288963
0 0.0302344 0.27 0.0210938 0.0311111 0.00273705
2 0.129922 0.1975 0.01125 0.0241667 0.00273705
0 0.0720703 0.234722 0.0222656 0.0361111 0.00270462
7 0.0667188 0.306944 0.005 0.0177778 0.0026722
3 0.124844 0.190694 0.005 0.0194444 0.00261116
0 0.444688 0.0622917 0.041875 0.0384722 0.00258064
2 0.163438 0.251944 0.019375 0.04 0.00257111
3 0.154297 0.170972 0.0123437 0.0269444 0.00257111
7 0.6475 0.0513889 0.00750001 0.0180556 0.00253105
2 0.215469 0.231111 0.0175 0.0438889 0.00252151
2 0.155313 0.243611 0.0125 0.0427778 0.00245285
3 0.705 0.0477083 0.00499999 0.0159722 0.00243378
3 0.567188 0.186111 0.01125 0.0397222 0.00243378
7 0.285469 0.275278 0.00531251 0.0177778 0.00240517
7 0.778125 0.145694 0.00874996 0.02 0.00235939
7 0.261406 0.262153 0.00843751 0.0234722 0.00232315
