0 0.349922 0.55125 0.122656 0.226389 0.960938
0 0.686875 0.662222 0.15 0.328889 0.958008
0 0.108906 0.585 0.125313 0.216667 0.955078
0 0.50625 0.506389 0.10125 0.219444 0.95166
0 0.83125 0.327222 0.08 0.120556 0.942871
0 0.61625 0.34 0.08625 0.141111 0.939941
0 0.575938 0.232639 0.06 0.0936111 0.937988
0 0.403438 0.303958 0.091875 0.182083 0.937012
0 0.500938 0.325278 0.07 0.119444 0.911133
0 0.353125 0.257708 0.06375 0.0945833 0.909668
0 0.394375 0.1625 0.0325 0.0555556 0.89502
0 0.311563 0.255 0.060625 0.0805556 0.892578
0 0.7975 0.230833 0.045 0.0816667 0.891602
0 0.58 0.0884722 0.0625 0.0447222 0.891113
0 0.81375 0.16875 0.0375 0.0580555 0.890137
0 0.298438 0.189722 0.06 0.0538889 0.884277
0 0.0726172 0.359444 0.0636719 0.0911111 0.875
0 0.49375 0.0777778 0.04625 0.0325 0.866211
0 0.3525 0.124167 0.03625 0.0352778 0.859863
0 0.315938 0.0858333 0.01875 0.0233333 0.84375
0 0.0798438 0.233333 0.0265625 0.0319444 0.84375
0 0.280313 0.155694 0.035 0.0388889 0.839844
2 0.9475 0.298333 0.025 0.0861111 0.827637
0 0.51625 0.986667 0.128125 0.0244445 0.82666
0 0.196914 0.621111 0.149297 0.256667 0.823242
0 0.615938 0.0795833 0.059375 0.0377778 0.819824
1 0.197188 0.620139 0.15 0.253056 0.818359
2 0.438125 0.109722 0.015 0.0361111 0.817383
0 0.765 0.0602778 0.0375 0.025 0.813965
0 0.399375 0.0915278 0.0275 0.03 0.811523
7 0.255938 0.265556 0.0075 0.0222222 0.809082
2 0.0162695 0.365556 0.0151172 0.0422222 0.789062
0 0.561875 0.0230903 0.025 0.0260417 0.78125
0 0.257656 0.119583 0.0259375 0.0275 0.78125
0 0.365 0.0743056 0.015 0.0211111 0.779785
0 0.37375 0.139722 0.0325 0.04 0.767578
7 0.7425 0.174167 0.00625 0.0216667 0.754883
0 0.74 0.0634722 0.0425001 0.0238889 0.753418
0 0.172813 0.169722 0.0321875 0.0283333 0.753418
0 0.0670313 0.263819 0.0314063 0.0279167 0.751953
7 0.2425 0.281389 0.0075 0.0227778 0.750488
0 0.34125 0.0853472 0.01625 0.0220833 0.746094
2 0.7225 0.150417 0.02 0.0480556 0.740234
2 0.7 0.159722 0.03125 0.0594444 0.727051
0 0.022793 0.296667 0.0277734 0.0338889 0.720215
0 0.51 0.0182986 0.00874999 0.0123611 0.704102
0 0.0073584 0.320833 0.014541 0.0277778 0.690918
0 0.850625 0.0751389 0.03375 0.0272222 0.686035
0 0.87875 0.0743056 0.0275 0.0236111 0.684082
7 0.75125 0.161111 0.00499999 0.02 0.679199
2 0.8075 0.118368 0.0225 0.0410417 0.678223
7 0.945 0.214444 0.00375004 0.0180556 0.65332
0 0.0178125 0.285556 0.0216406 0.0277778 0.65332
2 0.261094 0.143194 0.015 0.0308333 0.651367
0 0.0566406 0.283889 0.0320313 0.0288889 0.651367
2 0.0419141 0.345833 0.0163281 0.0388889 0.644043
2 0.405625 0.108542 0.015 0.02875 0.633301
0 0.386875 0.0822222 0.0225 0.0266667 0.624512
0 0.400625 0.0636111 0.015 0.025 0.620605
0 0.9475 0.0973611 0.0225 0.0186111 0.605957
2 0.293125 0.129444 0.0125 0.0238889 0.604004
2 0.223438 0.148333 0.00687499 0.0222222 0.602051
0 0.485625 0.00833333 0.00750001 0.0109722 0.592773
0 0.339375 0.0711111 0.01625 0.0223611 0.592773
0 0.428125 0.0541667 0.015 0.0191667 0.57959
0 0.384688 0.0577083 0.015 0.0197222 0.558105
0 0.415313 0.0679167 0.01875 0.0288889 0.546875
0 0.415625 0.0592361 0.0175 0.0218056 0.541016
7 0.02875 0.378333 0.00484375 0.02 0.539062
0 0.415 0.07375 0.020625 0.0233333 0.529297
7 0.94375 0.218472 0.00499999 0.0177778 0.519531
0 0.90125 0.0879167 0.02 0.0190278 0.517578
0 0.368438 0.0521528 0.013125 0.0140278 0.512695
0 0.368438 0.0518056 0.009375 0.0141667 0.511719
0 0.38375 0.0529167 0.011875 0.0197222 0.511719
0 0.43 0.0509028 0.013125 0.0180556 0.488281
0 0.415625 0.05125 0.01375 0.0191667 0.472656
2 0.0710938 0.29 0.0125 0.03 0.460938
2 0.0688672 0.292778 0.0161719 0.0366666 0.458008
2 0.615 0.0346181 0.00812505 0.0195139 0.44751
0 0.498438 0.0127778 0.00874999 0.0147222 0.44165
0 0.3925 0.0335417 0.01 0.0125 0.422607
6 0.668125 0.0478472 0.02125 0.0248611 0.414795
7 0.7675 0.128889 0.00499999 0.0175 0.412109
0 0.404375 0.0296181 0.00750001 0.0122917 0.407227
0 0.3725 0.0504861 0.01125 0.0163889 0.405518
0 0.36625 0.0722222 0.01375 0.0211111 0.403564
0 0.84875 0.0717361 0.03 0.0236111 0.397949
0 0.428125 0.0495833 0.01375 0.0166667 0.386719
0 0.96375 0.0976389 0.01875 0.0183333 0.383057
3 0.0478906 0.307222 0.00765625 0.0311111 0.368408
3 0.209375 0.152222 0.00687499 0.0266667 0.362061
0 0.97375 0.769444 0.0525 0.336667 0.362061
0 0.9675 0.102708 0.0175 0.0173611 0.338135
2 0.0446484 0.306667 0.0100781 0.0333333 0.331055
3 0.0034082 0.353611 0.00681641 0.0383333 0.325928
0 0.427188 0.0611111 0.014375 0.0216667 0.32251
2 0.277031 0.114861 0.01125 0.0244444 0.313965
2 0.60625 0.039566 0.01125 0.0211458 0.30249
2 0.065625 0.293333 0.0128125 0.0366667 0.289307
5 0.97375 0.763333 0.0525 0.317778 0.269775
2 0.663125 0.0315972 0.0125 0.0179167 0.269043
2 0.594375 0.0390104 0.00499999 0.0197569 0.269043
7 0.745 0.128056 0.00499999 0.0177778 0.269043
7 0.74375 0.124583 0.00499999 0.0161111 0.264404
3 0.00437988 0.354444 0.00667969 0.0344445 0.264404
0 0.453125 0.00875 0.00625 0.00930556 0.246582
2 0.666875 0.0484549 0.02375 0.0258681 0.237915
7 0.94125 0.21625 0.00500005 0.0186111 0.237183
2 0.63875 0.0455556 0.00875003 0.0226389 0.235107
0 0.340313 0.0818056 0.01625 0.02 0.228149
5 0.00717773 0.268333 0.0143359 0.0327778 0.222656
7 0.0262695 0.379722 0.00519531 0.0194444 0.196167
2 0.207969 0.151389 0.00812499 0.0266667 0.193726
0 0.409375 0.02375 0.00749998 0.0109722 0.184204
2 0.595937 0.0377083 0.00750001 0.0218056 0.180664
0 0.37125 0.068125 0.01375 0.0208333 0.168335
2 0.615625 0.0386111 0.00750001 0.0191667 0.167236
0 0.391875 0.0439583 0.00999997 0.0145833 0.151489
0 0.90375 0.0895139 0.025 0.0209722 0.151489
2 0.1725 0.153611 0.009375 0.0230555 0.151001
7 0.75375 0.159861 0.00499999 0.0194444 0.146118
0 0.285938 0.13125 0.02625 0.0275 0.144653
3 0.71 0.0911111 0.00750001 0.0380556 0.143188
3 0.22875 0.130833 0.004375 0.0216667 0.140381
0 0.338438 0.0761806 0.01375 0.0195833 0.138428
7 0.143516 0.214167 0.00421875 0.0177778 0.137573
7 0.0348047 0.364167 0.0046875 0.015 0.137085
2 0.705 0.165972 0.0225 0.0577778 0.135254
0 0.340938 0.0897222 0.016875 0.0272222 0.132568
7 0.163438 0.206389 0.004375 0.0111111 0.131592
7 0.766875 0.130972 0.00499999 0.0155556 0.129395
2 0.640625 0.0468056 0.01 0.0204167 0.123352
0 0.440625 0.0145139 0.01 0.01375 0.121704
5 0.42625 0.0157986 0.00874999 0.0130556 0.117554
5 0.43875 0.014375 0.01 0.0136111 0.117554
2 0.284219 0.115799 0.00593751 0.0234028 0.115173
2 0.65875 0.0325347 0.015 0.0165972 0.113159
0 0.413125 0.0247222 0.00625 0.0126389 0.111267
2 0.606875 0.0356944 0.00999997 0.0191667 0.110107
2 0.0721875 0.299444 0.0151563 0.0355555 0.107422
0 0.460625 0.00489583 0.00562499 0.00979167 0.106689
0 0.0124219 0.274722 0.0167969 0.0255555 0.101929
2 0.260469 0.137361 0.011875 0.0316667 0.0987549
7 0.753125 0.161944 0.00625 0.0205556 0.0984497
0 0.73125 0.0627778 0.04 0.025 0.0957031
0 0.904375 0.0919444 0.03125 0.0233333 0.0927124
2 0.0378516 0.312778 0.00851563 0.0355555 0.0923462
7 0.144219 0.216944 0.00374999 0.0177778 0.0897827
0 0.0605469 0.276111 0.0314063 0.0333333 0.0866089
2 0.518125 0.0430729 0.00750001 0.0210764 0.0859985
0 0.00726563 0.270556 0.0137891 0.0277778 0.0806274
0 0.5075 0.0161111 0.00750001 0.0129167 0.0713501
7 0.685625 0.181389 0.00875003 0.0261111 0.0710449
3 0.713125 0.0966667 0.00750001 0.0486111 0.0708008
0 0.0646875 0.282778 0.0266406 0.0377778 0.0701904
3 0.71375 0.0901389 0.00625 0.0397222 0.0685425
2 0.27375 0.108472 0.00968749 0.0216667 0.0680542
2 0.224375 0.145694 0.00625 0.0225 0.0668335
0 0.43375 0.0310069 0.00750001 0.0142361 0.0665894
0 0.424688 0.029375 0.00750001 0.0127778 0.0651245
0 0.511563 0.0161111 0.00874999 0.0132639 0.0577087
0 0.175938 0.164167 0.025 0.0308333 0.0554199
0 0.370625 0.0751389 0.01625 0.0233333 0.0539856
0 0.640625 0.0752778 0.0125 0.0261111 0.0539856
7 0.70125 0.199722 0.00750001 0.0238889 0.0514526
2 0.69875 0.159583 0.02 0.0577778 0.0503235
2 0.72625 0.0351736 0.00499999 0.0157639 0.0501404
0 0.378125 0.0727778 0.0175 0.0238889 0.0492249
2 0.0113379 0.352222 0.0147852 0.0383333 0.0486755
2 0.359063 0.104722 0.02375 0.0233333 0.0477905
0 0.0734375 0.343889 0.0565625 0.0566667 0.0458679
0 0.430625 0.0169444 0.00750001 0.0105556 0.0451965
0 0.5275 0.00736111 0.00625 0.00944444 0.0446777
2 0.235625 0.133472 0.004375 0.0186111 0.0446777
0 0.97125 0.110556 0.01875 0.0202778 0.0432129
2 0.725 0.147639 0.0175 0.0480556 0.0432129
0 0.0183789 0.304722 0.0273828 0.0283333 0.0409851
2 0.161563 0.177778 0.010625 0.0261111 0.0406799
7 0.2375 0.288889 0.0065625 0.0188889 0.0399475
3 0.221406 0.148889 0.00625 0.0227778 0.0391846
0 0.900625 0.0905556 0.025 0.0244444 0.0383301
7 0.0953125 0.2775 0.0034375 0.0116666 0.0381775
2 0.0578906 0.345833 0.0226563 0.04 0.0377502
7 0.77375 0.146944 0.00499999 0.0161111 0.0367737
3 0.70625 0.0902778 0.00499999 0.0288889 0.0362244
0 0.42875 0.0569444 0.01375 0.0188889 0.0352783
0 0.354688 0.112917 0.033125 0.0352778 0.033844
7 0.655 0.0813889 0.00375004 0.0125 0.0328369
3 0.196563 0.166528 0.00625 0.0333333 0.0317383
7 0.7025 0.194444 0.00500005 0.0211111 0.0299835
3 0.586875 0.0321528 0.00500005 0.0140278 0.0294189
2 0.0110547 0.268056 0.0105078 0.0227778 0.0290833
0 0.0216992 0.240556 0.0151172 0.0216667 0.0289764
7 0.690625 0.0527083 0.00375004 0.0120833 0.0284424
7 0.141094 0.213056 0.00406251 0.0144444 0.0275879
0 0.9675 0.11 0.0225 0.0213889 0.0271759
3 0.195 0.155833 0.0059375 0.0294444 0.0271759
0 0.00730469 0.301667 0.0134766 0.0372222 0.0269623
3 0.796875 0.0789583 0.00750001 0.0256944 0.0268555
0 0.402188 0.0972222 0.028125 0.0369444 0.0264587
2 0.206719 0.160556 0.00843751 0.0333333 0.0261536
2 0.206875 0.147222 0.0075 0.0255555 0.0253754
0 0.49875 0.004375 0.00625 0.00875 0.0249329
3 0.123125 0.214861 0.00531251 0.0263889 0.0246124
0 0.54375 0.0123611 0.00750001 0.0102778 0.0244293
2 0.169531 0.162361 0.0153125 0.0263889 0.0244293
2 0.115625 0.192778 0.01625 0.0222222 0.0236969
2 0.87625 0.0791667 0.0225 0.0261111 0.0231476
7 0.76625 0.126111 0.00499999 0.0186111 0.0228882
0 0.7475 0.0556944 0.035 0.0201389 0.0223694
7 0.69 0.185833 0.00749995 0.0255556 0.0216217
2 0.72875 0.134167 0.01375 0.0311111 0.0215302
7 0.65 0.0527778 0.00375004 0.0133333 0.0211182
2 0.133281 0.175556 0.00781251 0.0161111 0.0210419
3 0.7125 0.104653 0.00874996 0.0481944 0.0204163
2 0.189688 0.1625 0.00625 0.0225 0.0202484
0 0.535625 0.0078125 0.00625 0.00868056 0.0193481
3 0.115625 0.199583 0.005 0.0194444 0.0173035
3 0.268594 0.0945139 0.0078125 0.0183333 0.016922
0 0.538438 0.00472222 0.00749995 0.00944445 0.0156708
0 0.405625 0.0507639 0.01 0.0173611 0.0155411
0 0.0237842 0.289444 0.0306348 0.0322222 0.0149002
0 0.975 0.105833 0.0225 0.0188889 0.0148392
7 0.252813 0.265556 0.008125 0.0211111 0.0147324
7 0.68625 0.0804167 0.00499999 0.0111111 0.0137405
2 0.275 0.0895833 0.00687501 0.0188889 0.0136871
2 0.11375 0.196667 0.0114062 0.0183333 0.013588
7 0.74875 0.125694 0.00375004 0.0180555 0.0131683
2 0.0359375 0.256389 0.00703125 0.02 0.0118713
2 0.491875 0.0613889 0.01875 0.0251389 0.0118713
2 0.72875 0.128611 0.00999997 0.0316667 0.011734
2 0.0565625 0.242361 0.0084375 0.0263889 0.0115051
0 0.188438 0.144583 0.0234375 0.0244444 0.0107803
0 0.0221045 0.28 0.0255566 0.0277778 0.0104904
7 0.7 0.196667 0.00750001 0.0416667 0.0103302
2 0.69375 0.0482639 0.00499999 0.0151389 0.0101318
2 0.713125 0.0513889 0.00625 0.0158333 0.0101318
2 0.248906 0.129444 0.0090625 0.0177778 0.0100098
7 0.155391 0.221667 0.00328124 0.00999999 0.00967407
2 0.0442188 0.249167 0.0078125 0.0194444 0.00967407
7 0.68875 0.0847222 0.00499999 0.0163889 0.00963593
0 0.8825 0.0538889 0.01 0.0184722 0.00952148
2 0.66625 0.0274306 0.01125 0.0181944 0.00933838
0 0.64375 0.0716667 0.00499999 0.0213889 0.00891876
5 0.00522461 0.258056 0.0104492 0.0388889 0.00831604
0 0.282813 0.164444 0.03375 0.0308333 0.00828552
0 0.354375 0.0649306 0.01125 0.015 0.00775528
0 0.592188 0.0823611 0.040625 0.0355556 0.00769424
0 0.8925 0.08 0.0225 0.0202778 0.00728989
2 0.735 0.0345833 0.00499999 0.0155556 0.00712204
0 0.99625 0.125278 0.00749995 0.025 0.0069313
2 0.609375 0.0288889 0.00874996 0.0206944 0.0069046
0 0.649844 0.0348611 0.0228125 0.0169444 0.0068779
2 0.6375 0.0365972 0.00750001 0.0195833 0.0068512
2 0.283125 0.108403 0.00625 0.0201389 0.0068512
7 0.215 0.162361 0.00375001 0.0213889 0.0068512
3 0.95 0.293333 0.015 0.0755556 0.00631332
2 0.78625 0.0656944 0.0275 0.0219444 0.00612259
0 0.9775 0.116944 0.02 0.0180556 0.00600433
3 0.234688 0.123889 0.004375 0.0202778 0.00595856
7 0.69625 0.191389 0.00749995 0.0275 0.00591278
0 0.353125 0.0579167 0.011875 0.0116667 0.00591278
3 0.996563 0.288889 0.00687497 0.0927778 0.00579834
0 0.91 0.0954167 0.03375 0.0241667 0.00568771
7 0.084375 0.291389 0.00437501 0.0161111 0.00568771
2 0.71875 0.14 0.025 0.0547222 0.00568771
0 0.38875 0.0344097 0.00999997 0.0134028 0.00548935
3 0.969375 0.163056 0.00500005 0.0272222 0.00548935
0 0.188438 0.149167 0.0334375 0.0322222 0.00526047
2 0.0519531 0.303889 0.00890625 0.0327778 0.00477219
6 0.66625 0.0379167 0.0225 0.0230556 0.00473785
2 0.213125 0.150556 0.00562499 0.025 0.00468063
0 0.951875 0.106528 0.0225 0.0272222 0.00462723
0 0.47125 0.987222 0.04875 0.0255555 0.00446701
0 0.77875 0.0619444 0.0375 0.0252778 0.00426483
3 0.226563 0.127222 0.00562501 0.0230556 0.0041008
5 0.0119629 0.250278 0.0176367 0.0222222 0.00407028
0 0.891875 0.090625 0.02125 0.0265278 0.00403976
0 0.32625 0.0693056 0.00750001 0.0161111 0.00400543
0 0.393125 0.0257639 0.010625 0.0159722 0.00387001
0 0.7125 0.0558333 0.01125 0.0172222 0.00376511
0 0.113125 0.192917 0.02 0.0227778 0.00355148
7 0.585 0.0459722 0.00374997 0.0116667 0.00351143
0 0.450938 0.0156597 0.00750001 0.0129861 0.00338936
0 0.995 0.132778 0.00999997 0.03 0.00337601
2 0.86375 0.0529167 0.00499999 0.0169444 0.00317192
5 0.169063 0.166111 0.030625 0.0333333 0.00316048
0 0.914375 0.0897222 0.025 0.0202778 0.00312424
2 0.315313 0.0684028 0.00750001 0.0147222 0.00300407
7 0.764375 0.148889 0.00499999 0.0155556 0.00300407
0 0.828125 0.0699306 0.0225 0.0211111 0.00298119
7 0.615938 0.341111 0.084375 0.141111 0.0029583
2 0.0572656 0.233056 0.00859375 0.0225 0.00293541
2 0.776875 0.0559028 0.02375 0.0223611 0.00269318
2 0.733125 0.115139 0.01 0.0363889 0.00265312
7 0.97 0.302778 0.00750001 0.05 0.00261116
3 0.69625 0.0300694 0.00500005 0.0144444 0.00247192
7 0.655 0.0579861 0.00375004 0.0156944 0.0024147
2 0.267813 0.0905556 0.00843752 0.0197222 0.00226021
