0 0.48 0.796667 0.14875 0.406667 0.961914
0 0.684844 0.6 0.155312 0.32 0.95752
0 0.232813 0.544444 0.13 0.217778 0.953613
0 0.328203 0.318333 0.0773438 0.111667 0.949219
0 0.510625 0.259722 0.06 0.0961111 0.945801
0 0.492188 0.434444 0.084375 0.168889 0.943848
0 0.6025 0.303333 0.0775 0.126111 0.942871
0 0.769375 0.932222 0.17875 0.135556 0.942871
0 0.398125 0.299167 0.07375 0.139444 0.931152
0 0.340938 0.210417 0.053125 0.0680556 0.928711
0 0.234375 0.377778 0.086875 0.127778 0.928711
0 0.0176172 0.925556 0.0351563 0.146667 0.911133
0 0.405938 0.149722 0.03125 0.0511111 0.892578
0 0.0742188 0.259444 0.0345313 0.0388889 0.875
0 0.0170313 0.46 0.0339063 0.109444 0.865234
2 0.325 0.101181 0.011875 0.0218056 0.85791
0 0.184688 0.194167 0.046875 0.0472222 0.850098
0 0.0389063 0.300556 0.0329688 0.0411111 0.837402
7 0.7025 0.198611 0.00625 0.0238889 0.832031
0 0.413125 0.0704167 0.01875 0.025 0.817383
7 0.245 0.28 0.0075 0.0222222 0.817383
0 0.366875 0.0727778 0.016875 0.0258333 0.816406
0 0.74875 0.0583333 0.04 0.0277778 0.801758
0 0.475625 0.03125 0.01 0.0154167 0.800781
0 0.78125 0.0675 0.0425 0.0275 0.795898
7 0.74375 0.172778 0.00625 0.0213889 0.794434
2 0.0441016 0.343889 0.019375 0.0422222 0.794434
0 0.548125 0.0297222 0.0125 0.0145833 0.790527
0 0.346875 0.0807639 0.01875 0.0252778 0.759277
0 0.9175 0.1275 0.035 0.0422222 0.710449
0 0.5125 0.0285417 0.01125 0.0166667 0.702637
7 0.945 0.221111 0.00499999 0.0177778 0.663574
1 0.348125 0.0610417 0.02875 0.0441667 0.662109
0 0.382813 0.0691667 0.015625 0.0213889 0.662109
0 0.430938 0.0515972 0.01375 0.0173611 0.656738
0 0.0298096 0.293333 0.0285059 0.0333333 0.640625
2 0.0192969 0.374167 0.0191406 0.0444444 0.611328
2 0.235781 0.1325 0.008125 0.0238889 0.605957
0 0.497188 0.0246528 0.010625 0.0151389 0.604004
0 0.533125 0.0210417 0.0125 0.0156944 0.600098
5 0.396563 0.0648611 0.016875 0.0368056 0.57959
0 0.80625 0.0604167 0.0325 0.0263889 0.57959
2 0.0233643 0.363056 0.0195996 0.0394445 0.562012
7 0.76875 0.131111 0.00499999 0.0172222 0.556641
0 0.865 0.0767361 0.035 0.02375 0.554688
7 0.705 0.0785417 0.00499999 0.0120833 0.541016
0 0.395625 0.0740972 0.018125 0.0251389 0.539062
7 0.773125 0.145833 0.00499999 0.0177778 0.533203
7 0.7525 0.162917 0.00500005 0.0191667 0.507812
0 0.3775 0.0616667 0.010625 0.0165278 0.458984
0 0.486563 0.0135764 0.00749998 0.0124306 0.457031
7 0.258125 0.262778 0.0075 0.0227778 0.424316
0 0.501875 0.00965278 0.00875003 0.0125 0.413086
0 0.4225 0.0291667 0.00749998 0.0143056 0.40918
0 0.418125 0.0455382 0.0125 0.0172569 0.397949
0 0.513125 0.0208333 0.01 0.0159722 0.392334
2 0.0210156 0.368333 0.0225 0.0455556 0.377441
7 0.675 0.0509722 0.00375004 0.01125 0.346924
0 0.41625 0.0334028 0.00874999 0.0152778 0.338135
0 0.433125 0.0289931 0.009375 0.0174306 0.327637
7 0.6925 0.184444 0.00499999 0.0205556 0.313965
0 0.40875 0.0441493 0.011875 0.0192014 0.273682
0 0.38 0.0684722 0.014375 0.0227778 0.272705
0 0.79125 0.0552778 0.0325 0.0236111 0.271973
0 0.85125 0.0781944 0.0325 0.0216667 0.269043
0 0.385938 0.0525694 0.010625 0.0169444 0.253906
0 0.431875 0.0222222 0.00874999 0.0127778 0.24585
0 0.424375 0.0508333 0.0125 0.0188889 0.245117
0 0.345625 0.0772222 0.02125 0.0255556 0.24292
0 0.8 0.0568056 0.04 0.0325 0.237915
0 0.49375 0.0109028 0.00625 0.0104167 0.228149
0 0.525 0.0159722 0.00749998 0.0147222 0.216675
0 0.511875 0.0090625 0.00874999 0.014375 0.214722
7 0.75375 0.161667 0.00499999 0.0188889 0.206909
0 0.374375 0.0515278 0.009375 0.0133333 0.197388
0 0.454375 0.00784722 0.00750001 0.0103472 0.189575
7 0.7625 0.153056 0.00499999 0.0183333 0.189575
5 0.3975 0.0540972 0.01375 0.0288889 0.188965
7 0.285625 0.117639 0.00281251 0.00805556 0.182983
0 0.486563 0.0194444 0.00874999 0.0136111 0.181885
7 0.746875 0.128333 0.00499999 0.0177778 0.165649
0 0.412813 0.0554167 0.01625 0.0194444 0.160767
0 0.369375 0.0590972 0.0125 0.0168056 0.150024
7 0.144766 0.211528 0.003125 0.0119444 0.149536
0 0.5025 0.0253472 0.010625 0.0173611 0.148071
0 0.1775 0.178194 0.03375 0.0341667 0.140381
2 0.233438 0.132778 0.009375 0.0238889 0.140381
0 0.435 0.0145486 0.00874999 0.0118056 0.129395
7 0.946875 0.214722 0.00499999 0.0183333 0.127686
0 0.421875 0.0599306 0.011875 0.0204167 0.122131
0 0.500313 0.00576389 0.00687497 0.0115278 0.122131
5 0.0178345 0.246528 0.0190576 0.0280556 0.115967
7 0.0654688 0.296667 0.00328125 0.0133333 0.10968
0 0.75125 0.0618056 0.045 0.0269444 0.101929
7 0.746875 0.124722 0.00499999 0.0177778 0.0991211
5 0.40125 0.0688194 0.0125 0.0272222 0.0987549
7 0.0742188 0.293333 0.00390625 0.0122222 0.0966797
0 0.386563 0.0581944 0.01125 0.025 0.0943604
2 0.185625 0.161111 0.009375 0.02 0.0939941
0 0.805625 0.06625 0.0375 0.0247222 0.0856934
7 0.294219 0.114722 0.00343749 0.0105556 0.0747681
0 0.0272852 0.281389 0.0299609 0.0255556 0.0731812
0 0.0294531 0.276667 0.0285156 0.0288889 0.0718384
7 0.25 0.128194 0.003125 0.0125 0.0700684
0 0.4475 0.0117361 0.00812502 0.0118056 0.0682983
0 0.531875 0.0188889 0.01 0.0179167 0.0596619
7 0.74875 0.1275 0.00375004 0.0177778 0.058136
7 0.70375 0.0481944 0.00374997 0.0116667 0.0564575
0 0.34125 0.0761806 0.01375 0.0197222 0.0554199
7 0.70125 0.0776389 0.00499999 0.0163889 0.0541992
0 0.843125 0.0768056 0.035 0.0222222 0.0535889
0 0.44 0.0413194 0.0125 0.0202778 0.0534058
0 0.786875 0.0576389 0.0325 0.0261111 0.0531921
0 0.546875 0.02625 0.0125 0.0169444 0.0516663
7 0.65625 0.0516667 0.00375004 0.0119444 0.0510864
2 0.234375 0.129583 0.0075 0.0261111 0.0509033
0 0.00279297 0.317222 0.00558594 0.0277778 0.0450134
7 0.254688 0.133611 0.003125 0.0102778 0.0430298
0 0.86 0.0801389 0.0325 0.0244444 0.0389099
0 0.0790625 0.262292 0.021875 0.03875 0.0354004
7 0.594688 0.045 0.00437495 0.0126389 0.0313721
2 0.716875 0.0690278 0.00999997 0.0294444 0.0278015
7 0.00373291 0.415556 0.0070166 0.0344445 0.0241394
0 0.42875 0.055625 0.015 0.0204167 0.0219421
0 0.4075 0.0358333 0.00874999 0.0172222 0.0210419
7 0.94125 0.220278 0.00500005 0.0166667 0.0182343
7 0.67125 0.0529861 0.00374997 0.0108333 0.0179901
0 0.448125 0.0154167 0.00750001 0.0145833 0.0175781
0 0.18375 0.168333 0.0175 0.0272222 0.016983
5 0.014707 0.249583 0.0235156 0.0297222 0.016983
2 0.196094 0.153056 0.00625 0.02 0.0165253
0 0.179375 0.186667 0.0375 0.0366667 0.0162811
2 0.617188 0.03125 0.00687504 0.0147222 0.0158386
0 0.0126953 0.282222 0.0219531 0.0255556 0.0155411
0 0.4275 0.0155556 0.00874999 0.0119444 0.0154877
0 0.442813 0.0334028 0.00874999 0.0176389 0.0147858
7 0.08375 0.29 0.00453125 0.0144444 0.0141754
7 0.0689844 0.298889 0.0059375 0.0166667 0.0139542
2 0.0187793 0.379444 0.0157617 0.0533333 0.0139008
3 0.73375 0.0346875 0.00500005 0.0171528 0.0136871
2 0.602813 0.0402778 0.00812499 0.0204167 0.0127716
7 0.65 0.053125 0.00249996 0.0105556 0.0118713
0 0.38375 0.0720139 0.01625 0.0243056 0.011734
3 0.285625 0.104514 0.00374997 0.0126389 0.0115051
0 0.0100391 0.424444 0.0200781 0.0466667 0.011116
0 0.825 0.0720833 0.0325 0.0233333 0.0105286
7 0.125938 0.222222 0.0034375 0.0127778 0.0102081
0 0.458125 0.00479167 0.00750001 0.00958333 0.0101318
0 0.393125 0.0284722 0.00625 0.00916667 0.00815582
7 0.225313 0.152222 0.00374999 0.01 0.00812531
0 0.366563 0.0506944 0.00874999 0.015 0.00800323
0 0.200156 0.151111 0.0196875 0.0261111 0.00784302
0 0.18125 0.199444 0.04 0.0405555 0.00772476
0 0.8325 0.0750694 0.0275 0.0233333 0.00766754
0 0.485625 0.0247917 0.00874999 0.0148611 0.00723267
3 0.209063 0.155556 0.0075 0.0255555 0.00717545
0 0.0307422 0.271111 0.0210938 0.0272222 0.00701141
7 0.69 0.0543056 0.00250003 0.01 0.00695801
7 0.695625 0.0502778 0.00249996 0.0108333 0.0069313
2 0.0122241 0.272778 0.0143799 0.0222222 0.00674438
0 0.994063 0.133194 0.011875 0.0333333 0.00651169
7 0.140469 0.213333 0.00390625 0.0116667 0.0064888
2 0.230625 0.132778 0.0125 0.0238889 0.00593567
0 0.850625 0.0741667 0.0362501 0.0227778 0.00564194
0 0.81375 0.0646528 0.0375 0.0263889 0.00548935
7 0.765625 0.124167 0.00375004 0.0183333 0.0053215
0 0.99625 0.125833 0.00749995 0.0347222 0.0050621
7 0.691875 0.186944 0.00625 0.0238889 0.00502014
2 0.0153906 0.248333 0.0166016 0.0294444 0.00486755
0 0.175625 0.165 0.03 0.0222222 0.00460815
7 0.715 0.0502083 0.00500005 0.0131944 0.00450516
7 0.145781 0.219722 0.0034375 0.0111111 0.00428009
5 0.371563 0.0322917 0.00999997 0.0215278 0.00415039
7 0.766875 0.1375 0.00499999 0.0155556 0.00400543
7 0.270156 0.124167 0.00406249 0.0122222 0.00399017
2 0.312031 0.0934722 0.0115625 0.0158333 0.00397491
2 0.603125 0.0356944 0.00687504 0.01875 0.00385475
0 0.00357666 0.306111 0.00715332 0.04 0.00383949
7 0.655 0.0614583 0.00249996 0.00902777 0.00367928
3 0.2125 0.114722 0.00625 0.0180556 0.00365067
7 0.77875 0.145556 0.00999997 0.0211111 0.00338936
7 0.674375 0.0615972 0.00374997 0.00902778 0.00312424
0 0.986875 0.136944 0.02625 0.0288889 0.00312424
0 0.571875 0.0209028 0.01125 0.01375 0.00309944
3 0.0184277 0.381667 0.012207 0.0477778 0.003088
0 0.472813 0.0247222 0.0125 0.0182639 0.00298119
2 0.296875 0.101806 0.00812502 0.0161111 0.00296974
7 0.69375 0.0772222 0.00499999 0.0127778 0.0029583
2 0.152813 0.173889 0.00671875 0.0172222 0.00286674
0 0.477813 0.0156597 0.00750001 0.0131944 0.00265312
3 0.47 0.0573611 0.00625 0.0180556 0.00265312
2 0.0199121 0.268333 0.0171289 0.0255556 0.00261116
7 0.9475 0.224861 0.00500005 0.0213889 0.00255013
0 0.99 0.123889 0.0199999 0.0294445 0.00251198
7 0.398125 0.299444 0.07375 0.141111 0.00251198
0 0.73875 0.0527778 0.03 0.0219444 0.00246239
2 0.575 0.0172917 0.01 0.0165278 0.00245285
2 0.178438 0.159444 0.011875 0.0194444 0.00242424
0 0.469375 0.0324306 0.01 0.0155556 0.0024147
2 0.193281 0.1775 0.01 0.0227778 0.00234222
2 0.321875 0.1 0.016875 0.0202778 0.00221634
0 0.0222266 0.246667 0.0216797 0.0322222 0.00214005
7 0.245 0.135972 0.00375001 0.0169444 0.00211525
7 0.695 0.0638194 0.00250003 0.00888889 0.00193405
0 0.80625 0.0723611 0.03 0.0280556 0.00189686
3 0.225625 0.122639 0.004375 0.0202778 0.00186062
0 0.41 0.14375 0.025 0.0475 0.00178242
5 0.80125 0.0482639 0.0375 0.0443056 0.00175476
0 0.868125 0.0733333 0.03625 0.0208333 0.0016613
0 0.192188 0.168056 0.035625 0.0441667 0.00165462
2 0.19625 0.142361 0.0065625 0.0197222 0.0015974
2 0.0328711 0.340833 0.0348828 0.0477778 0.00153637
2 0.70375 0.02875 0.00499999 0.0115278 0.00151253
0 0.995313 0.141667 0.00937494 0.0358333 0.00150681
2 0.5825 0.0158681 0.00875003 0.0157639 0.0014782
7 0.58625 0.0448611 0.00375004 0.0127778 0.00144386
0 0.015 0.430556 0.0281641 0.0516667 0.00137234
5 0.0061377 0.259931 0.0075293 0.0179167 0.00136662
3 0.181094 0.151111 0.00718749 0.0222222 0.00133514
2 0.73375 0.110139 0.00999997 0.0408333 0.00132465
2 0.325313 0.105833 0.01125 0.0283333 0.00130939
2 0.0645313 0.231389 0.00890625 0.0227778 0.00130463
0 0.52625 0.0234028 0.00812499 0.0161111 0.00129414
0 0.78875 0.0688889 0.055 0.0333333 0.00129414
0 0.983125 0.14 0.02625 0.0266667 0.00127411
0 0.8825 0.0877083 0.03 0.0245833 0.00124931
5 0.0271436 0.245972 0.0218848 0.0225 0.00124931
2 0.301094 0.0988889 0.0128125 0.02 0.00121593
7 0.0649219 0.308056 0.00390625 0.015 0.00119686
7 0.235 0.378333 0.086875 0.127778 0.00119209
0 0.16875 0.198333 0.0153125 0.0383333 0.0011158
7 0.6875 0.184028 0.00750001 0.0219444 0.00108147
7 0.135234 0.221944 0.003125 0.0105555 0.00100803
