0 0.661406 0.509167 0.124688 0.226111 0.95166
0 0.235625 0.566667 0.139375 0.227778 0.945801
0 0.12375 0.587778 0.147813 0.235556 0.944824
0 0.51 0.295833 0.0625 0.115556 0.934082
0 0.229063 0.377222 0.0975 0.131111 0.931152
0 0.32375 0.338889 0.083125 0.112222 0.921387
0 0.0455469 0.408056 0.0642969 0.0994444 0.897461
0 0.0551953 0.966111 0.110391 0.0655555 0.893066
0 0.8125 0.181111 0.03875 0.0655556 0.891113
0 0.44125 0.187778 0.04375 0.0672222 0.890137
0 0.166562 0.2775 0.054375 0.0722222 0.884277
0 0.0851563 0.333611 0.0520313 0.0744445 0.878906
5 0.5425 0.0792361 0.03375 0.0576389 0.863281
0 0.48 0.101389 0.02375 0.0361111 0.85498
0 0.291563 0.163472 0.039375 0.0530556 0.849121
7 0.70375 0.199167 0.00750001 0.0227778 0.842773
7 0.245 0.278333 0.00874999 0.025 0.818848
0 0.227031 0.192361 0.0365625 0.0466667 0.817383
0 0.28625 0.13 0.031875 0.04 0.808105
7 0.744375 0.176389 0.00625 0.0222222 0.803223
0 0.492188 0.0713889 0.020625 0.0313889 0.789062
0 0.0735547 0.261667 0.0353906 0.0388889 0.789062
0 0.34125 0.112465 0.02625 0.040625 0.78418
0 0.382188 0.075 0.0175 0.0236111 0.78125
7 0.75375 0.164167 0.00625 0.02 0.78125
0 0.0394922 0.298889 0.0308594 0.0344445 0.778809
0 0.404063 0.0681944 0.018125 0.0211111 0.774414
0 0.76875 0.0679167 0.03625 0.0233333 0.774414
0 0.264219 0.12 0.0284375 0.0266667 0.743164
0 0.0296484 0.895556 0.0592969 0.206667 0.716797
0 0.515 0.05 0.01375 0.0230556 0.710449
0 0.426563 0.0594444 0.015625 0.0238889 0.697754
0 0.3625 0.079375 0.01625 0.0243056 0.694336
0 0.895 0.085 0.0325 0.0227778 0.694336
2 0.223906 0.146389 0.00687501 0.0205556 0.673828
7 0.6925 0.184722 0.00750001 0.0219444 0.668945
0 0.0306299 0.29 0.0351465 0.0405555 0.662109
2 0.236563 0.139167 0.008125 0.0261111 0.640625
0 0.494688 0.0302778 0.01125 0.0163889 0.629883
7 0.945 0.219028 0.00499999 0.0177778 0.605957
2 0.60375 0.0405556 0.01375 0.0204167 0.600098
0 0.84 0.0727083 0.035 0.0288889 0.592773
7 0.258125 0.265 0.008125 0.0244445 0.588867
0 0.52625 0.0101736 0.009375 0.0134722 0.584961
0 0.296094 0.0995833 0.0234375 0.0225 0.554688
7 0.7725 0.146111 0.00625 0.0188889 0.537109
0 0.339688 0.0866667 0.018125 0.0247222 0.533203
0 0.298125 0.0968056 0.021875 0.0197222 0.523438
7 0.770625 0.129444 0.00499999 0.0177778 0.521484
3 0.755 0.108194 0.00750001 0.0419444 0.511719
0 0.514375 0.0302431 0.01375 0.0179861 0.488281
7 0.0307813 0.378333 0.00460937 0.0211111 0.475586
0 0.0129492 0.309444 0.0253516 0.03 0.46875
0 0.50375 0.00923611 0.00749998 0.01125 0.453369
0 0.49125 0.0629167 0.02 0.0313889 0.438721
7 0.675 0.0513889 0.00375004 0.0136111 0.388672
0 0.42875 0.0580556 0.0175 0.0222222 0.385742
0 0.51375 0.0125 0.00874999 0.0129167 0.383057
0 0.0311377 0.283333 0.031084 0.0333333 0.363037
0 0.48875 0.0197917 0.00812499 0.0129167 0.349609
0 0.513125 0.0211111 0.01 0.0143056 0.339844
3 0.75 0.11125 0.00750001 0.0438889 0.326904
0 0.490313 0.0538889 0.015625 0.0216667 0.32251
0 0.385625 0.0470833 0.011875 0.0186111 0.312256
0 0.292656 0.102639 0.0209375 0.0227778 0.312256
0 0.8775 0.0658333 0.025 0.0222222 0.294189
2 0.177344 0.186389 0.00718751 0.0261111 0.294189
2 0.122969 0.195 0.00875 0.0205556 0.286133
7 0.244375 0.273889 0.008125 0.0322222 0.27832
0 0.41125 0.0552778 0.01125 0.0177778 0.254639
0 0.371563 0.054375 0.010625 0.0176389 0.223999
5 0.0505078 0.894444 0.101016 0.208889 0.221313
0 0.491875 0.0464583 0.01625 0.0245833 0.218628
0 0.49625 0.0109722 0.00750001 0.0125 0.212769
3 0.16375 0.198333 0.005 0.0269444 0.197388
0 0.873125 0.0655556 0.01625 0.0194444 0.187134
0 0.48625 0.0159722 0.00625 0.0125 0.185303
0 0.435 0.0498611 0.0125 0.0188889 0.17334
7 0.946875 0.215278 0.00499999 0.0194444 0.172729
0 0.417813 0.0368056 0.01125 0.0195833 0.16394
5 0.00774414 0.2625 0.0154297 0.035 0.162354
3 0.145234 0.216944 0.00406249 0.0186111 0.160278
3 0.145703 0.215 0.004375 0.02 0.158203
7 0.0332422 0.379722 0.00585938 0.0283333 0.152588
2 0.235313 0.141111 0.0078125 0.0272222 0.151489
0 0.41125 0.0576389 0.01375 0.0219444 0.142212
7 0.705625 0.085 0.00500005 0.0144444 0.140381
2 0.1575 0.189167 0.0078125 0.0272222 0.133423
0 0.415625 0.0454861 0.015 0.0276389 0.126831
0 0.339688 0.0917361 0.021875 0.0256944 0.124207
2 0.164219 0.191944 0.0075 0.03 0.121277
0 0.386875 0.0554861 0.01375 0.0191667 0.119202
0 0.375313 0.0509722 0.011875 0.0173611 0.113159
7 0.75375 0.161667 0.00499999 0.02 0.104126
0 0.262813 0.123611 0.02625 0.0272222 0.100891
2 0.6625 0.0321181 0.00625 0.026875 0.0977173
0 0.289531 0.155 0.038125 0.045 0.0963745
0 0.361875 0.0722917 0.015 0.0226389 0.0960083
0 0.344375 0.0856944 0.02125 0.0216667 0.0960083
0 0.435625 0.0316667 0.01 0.01875 0.0933228
0 0.894375 0.0819444 0.0275 0.0227778 0.0923462
7 0.262813 0.258819 0.0075 0.0245833 0.0872803
0 0.34 0.0801389 0.01625 0.0215278 0.0859985
0 0.222188 0.189861 0.031875 0.0391667 0.0844727
2 0.123281 0.199167 0.0075 0.0233333 0.0830078
7 0.00300537 0.384444 0.00555176 0.0166667 0.0823975
7 0.753125 0.1675 0.00750001 0.0205556 0.0817871
0 0.840625 0.0779167 0.0375 0.0305556 0.0806274
0 0.420938 0.0495833 0.013125 0.0222222 0.0797729
0 0.00647461 0.278333 0.0129102 0.0266667 0.0797729
7 0.0663281 0.297222 0.00484375 0.0155556 0.0797729
0 0.428125 0.0300347 0.0125 0.0175694 0.0792236
0 0.0161719 0.306667 0.0228516 0.0333333 0.0783691
7 0.94375 0.233611 0.00499999 0.0197222 0.0745239
0 0.844375 0.0705556 0.03875 0.0252778 0.0743408
0 0.0283594 0.29 0.0277344 0.0344445 0.0733032
0 0.0098291 0.305556 0.0196582 0.0344444 0.0713501
7 0.2575 0.269444 0.0078125 0.0255556 0.0685425
0 0.775 0.0622222 0.0325 0.0236111 0.0675659
7 0.00933106 0.373611 0.00366211 0.015 0.0665894
7 0.0683984 0.301111 0.00617187 0.015 0.0656128
0 0.405625 0.0520833 0.01375 0.0188889 0.0646362
0 0.369063 0.0525 0.013125 0.0176389 0.0609741
0 0.394375 0.0438194 0.01125 0.0194444 0.0587769
7 0.0853125 0.295556 0.00515625 0.0155555 0.0541992
7 0.65625 0.0591667 0.00249996 0.0130556 0.0539856
0 0.284531 0.162083 0.0321875 0.0502778 0.0522461
2 0.7475 0.128472 0.00499999 0.0211111 0.0497742
3 0.0946094 0.211944 0.00640625 0.0205556 0.0484924
5 0.00789551 0.253056 0.0156543 0.0311111 0.0470886
7 0.73125 0.126528 0.00499999 0.0188889 0.0469055
0 0.44 0.0419271 0.0125 0.0169792 0.0467224
3 0.71375 0.126528 0.00999997 0.0497222 0.0465393
7 0.761875 0.152778 0.00749995 0.0194444 0.044342
7 0.69625 0.0513889 0.00500005 0.0163889 0.0438538
7 0.124531 0.24375 0.0034375 0.0119444 0.0428772
2 0.599375 0.041684 0.00999997 0.0177431 0.0419312
2 0.75 0.106806 0.0125 0.0463889 0.0417786
0 0.359375 0.0727778 0.015 0.0231944 0.0414734
2 0.2075 0.185417 0.0125 0.0313889 0.0402527
3 0.221719 0.144444 0.00531251 0.0233333 0.0389099
0 0.520625 0.025 0.00999997 0.0145833 0.0380249
0 0.42875 0.0241319 0.0125 0.014375 0.0374756
0 0.839375 0.0661111 0.0325 0.0238889 0.035675
0 0.0671094 0.261944 0.02625 0.035 0.0352783
0 0.7425 0.0623611 0.045 0.0269444 0.033844
5 0.00825684 0.268611 0.0165137 0.0333333 0.0316162
0 0.441875 0.0334375 0.00874999 0.018125 0.0294189
0 0.876875 0.0747222 0.02 0.0225 0.028656
7 0.746875 0.124167 0.00499999 0.0194444 0.0281067
0 0.30125 0.0978472 0.019375 0.0215278 0.0281067
2 0.206719 0.181111 0.0096875 0.0327778 0.0263519
3 0.81 0.0559028 0.00500005 0.0181944 0.0240479
3 0.715 0.144028 0.00999997 0.0683333 0.0239563
7 0.0269922 0.381667 0.00539063 0.0177778 0.0235138
7 0.709375 0.0833333 0.00499999 0.0222222 0.0233307
0 0.49875 0.00493056 0.00687497 0.00986111 0.0232849
2 0.156094 0.180833 0.00687501 0.025 0.0228882
0 0.89875 0.0870139 0.035 0.0245833 0.0218658
3 0.9275 0.223333 0.00750001 0.0444444 0.021698
0 0.5475 0.0514583 0.00875003 0.0161111 0.0215302
0 0.512188 0.044375 0.01625 0.02375 0.0200195
7 0.69375 0.0773611 0.00375004 0.0141667 0.0200195
3 0.715 0.157778 0.00749995 0.0777778 0.0186157
0 0.4875 0.0253125 0.00874999 0.0140972 0.0184021
0 0.5325 0.0101736 0.00625 0.0124306 0.0180511
7 0.795 0.16 0.00499999 0.0238889 0.0177765
2 0.885 0.0552778 0.00749995 0.0197222 0.0176392
7 0.0450391 0.370556 0.00671875 0.03 0.0175171
3 0.209063 0.158611 0.00687501 0.0294444 0.0173035
0 0.83 0.0766667 0.035 0.0277778 0.0167847
5 0.00977539 0.260278 0.0134766 0.0333333 0.0159607
0 0.8475 0.0793056 0.0375 0.0225 0.0156021
0 0.518125 0.0503472 0.01625 0.0202778 0.0154266
0 0.44625 0.0141319 0.00625 0.0115972 0.0150757
7 0.65625 0.0526389 0.00375004 0.0144444 0.0141754
0 0.2975 0.0926389 0.020625 0.0230556 0.014061
7 0.0441016 0.351667 0.00445313 0.0122222 0.0140076
3 0.170313 0.190972 0.00406251 0.0275 0.0140076
0 0.39625 0.0361806 0.00749998 0.0170833 0.0137405
0 0.447813 0.0171181 0.009375 0.0121528 0.0136337
3 0.128906 0.193333 0.005 0.0211111 0.0136337
0 0.50875 0.0328125 0.01125 0.0170139 0.0132217
3 0.92625 0.223889 0.00499999 0.045 0.0130692
2 0.56875 0.0236806 0.010625 0.0129167 0.0122375
3 0.105469 0.208056 0.0046875 0.0188889 0.0116425
2 0.163906 0.179722 0.00625 0.0219445 0.0115051
7 0.77875 0.146944 0.00625 0.0188889 0.0111618
3 0.0895313 0.20625 0.005625 0.0263889 0.0109863
7 0.664375 0.0362847 0.00375004 0.0274306 0.0108185
2 0.8425 0.0504167 0.01375 0.0175 0.0106506
0 0.77375 0.05625 0.03125 0.0215278 0.0102463
2 0.605625 0.0461111 0.0125 0.0226389 0.00993347
7 0.18875 0.1975 0.00562501 0.0172222 0.00948334
7 0.65125 0.0556944 0.00250003 0.0102778 0.00941467
0 0.7825 0.0683333 0.03875 0.0227778 0.00930023
3 0.135156 0.189861 0.005 0.0202778 0.00888062
3 0.150156 0.189306 0.00625 0.0266667 0.00878143
7 0.9475 0.223611 0.00625 0.0233333 0.00854492
7 0.07625 0.299444 0.00554687 0.0155556 0.00828552
7 0.69 0.0846528 0.00374997 0.0159722 0.008255
0 0.0499219 0.272222 0.0301563 0.03 0.00818634
0 0.8175 0.0770833 0.035 0.0247222 0.00809479
7 0.730625 0.19125 0.00749995 0.0238889 0.0078125
0 0.436563 0.0152083 0.00749998 0.0127778 0.00734711
2 0.745 0.09625 0.01125 0.0380556 0.00698471
2 0.0878125 0.213611 0.0078125 0.0208333 0.0068779
7 0.0665625 0.313333 0.00765625 0.0194444 0.0068512
2 0.601875 0.0384896 0.0175 0.0224653 0.00679779
0 0.74 0.0660417 0.0375 0.0281944 0.00677109
7 0.948125 0.207361 0.00499999 0.0227778 0.00669098
0 0.456563 0.698889 0.040625 0.0533334 0.0064621
3 0.184375 0.169861 0.00406251 0.0244445 0.00626373
0 0.0691406 0.256111 0.0323438 0.035 0.00624084
2 0.78125 0.0555556 0.02 0.0211111 0.00616837
0 0.0453906 0.265 0.0171875 0.0255555 0.00612259
7 0.247656 0.272222 0.0090625 0.0322222 0.00605011
0 0.0569531 0.277222 0.0065625 0.0216667 0.00582123
0 0.881875 0.0701389 0.0300001 0.0230556 0.00575256
7 0.67125 0.0514583 0.00374997 0.01375 0.00575256
0 0.155938 0.279444 0.0371875 0.0633333 0.00566483
0 0.324375 0.0806944 0.01125 0.01875 0.00544739
3 0.715 0.115243 0.00749995 0.0478472 0.00524139
0 0.45375 0.0107292 0.00625 0.00756944 0.00521851
0 0.0149902 0.317222 0.0161133 0.04 0.00511932
7 0.105156 0.275556 0.004375 0.0133333 0.00502014
2 0.24 0.138333 0.01125 0.025 0.00494385
0 0.225781 0.1825 0.0365625 0.0394445 0.0049057
3 0.769375 0.025625 0.00625 0.0231944 0.00468063
2 0.206719 0.151111 0.0090625 0.0255555 0.00466537
3 0.231563 0.137222 0.00625 0.0261111 0.00457382
7 0.7725 0.12875 0.00499999 0.0241667 0.00453949
7 0.105078 0.262778 0.00390625 0.0133333 0.00446701
7 0.70375 0.04625 0.00499999 0.0186111 0.00443268
0 0.159766 0.273889 0.0420312 0.0588889 0.00439835
0 0.52875 0.0573611 0.01375 0.0241667 0.00418091
7 0.76625 0.136111 0.00374997 0.015 0.00403976
0 0.267813 0.135278 0.0375 0.0372222 0.00402451
0 0.99625 0.122778 0.00749995 0.0227778 0.00395966
0 0.326875 0.101389 0.00874999 0.0255556 0.00388527
0 0.295156 0.0956944 0.0278125 0.0308333 0.00383949
3 0.156875 0.197222 0.00562499 0.0283333 0.00382423
0 0.211875 0.194167 0.019375 0.035 0.00376511
7 0.0953125 0.278611 0.00421875 0.0127778 0.00370789
2 0.608125 0.0441493 0.01625 0.0183681 0.00367928
2 0.584688 0.0138542 0.00812499 0.0129167 0.00365067
7 0.135703 0.225833 0.003125 0.0105555 0.00358009
7 0.674375 0.0581944 0.00374997 0.0138889 0.00356483
2 0.315313 0.0966667 0.00687497 0.0158333 0.00348282
7 0.260313 0.265556 0.01125 0.03 0.00346947
0 0.81 0.0708333 0.035 0.0230556 0.00342941
0 0.813125 0.0754167 0.0300001 0.025 0.00340271
3 0.175 0.193611 0.00562501 0.0322222 0.00340271
7 0.69125 0.0515278 0.00250003 0.0141667 0.00337601
0 0.576875 0.0277431 0.00812499 0.010625 0.00336266
0 0.748125 0.0517361 0.04125 0.0218056 0.00327301
2 0.215469 0.142222 0.004375 0.0169444 0.00322342
0 0.0851563 0.319167 0.0440625 0.0455556 0.00322342
2 0.615625 0.0299306 0.00375004 0.0122222 0.00317192
7 0.76625 0.122222 0.00499999 0.0255556 0.00314713
7 0.935 0.237778 0.00500005 0.0244444 0.00309944
5 0.388125 0.039375 0.01375 0.025 0.00300407
0 0.473125 0.06125 0.01125 0.0286111 0.00291252
2 0.609375 0.0240972 0.00625 0.0168056 0.00288963
2 0.7325 0.0353472 0.01125 0.0186111 0.00279999
0 0.4625 0.115139 0.02 0.0277778 0.00277901
3 0.135156 0.209722 0.00359375 0.0177778 0.00275803
3 0.56875 0.608333 0.02125 0.07 0.00275803
0 0.795 0.0667361 0.04 0.0259722 0.00274658
2 0.151406 0.193889 0.0154688 0.025 0.00273705
3 0.71 0.0593056 0.00499999 0.0194444 0.00270462
0 0.254688 0.269722 0.016875 0.04 0.00269318
0 0.405625 0.0341667 0.00687501 0.0147222 0.00258064
0 0.5675 0.0244444 0.00874996 0.0133333 0.00257111
2 0.273906 0.109306 0.0134375 0.0241667 0.00255013
3 0.813125 0.0495833 0.00625 0.0163889 0.00245285
7 0.576875 0.0454167 0.00499999 0.0125 0.002388
7 0.785 0.150556 0.00499999 0.0194444 0.00235939
0 0.74125 0.0424306 0.0275 0.0195833 0.00234222
0 0.474375 0.0627778 0.0125 0.0208333 0.00233269
7 0.700625 0.0781944 0.00499999 0.0183333 0.00232315
3 0.109922 0.203889 0.00921875 0.0255556 0.00230598
3 0.571563 0.614444 0.01375 0.0533333 0.00228691
2 0.037207 0.246389 0.00863282 0.0188889 0.00224304
2 0.744375 0.101667 0.02625 0.0466667 0.00219917
7 0.705625 0.0932639 0.00500005 0.0191667 0.00218201
7 0.185938 0.198056 0.004375 0.0222222 0.00218201
3 0.196563 0.155278 0.00625 0.0238889 0.00214958
2 0.710625 0.136389 0.015 0.0516667 0.00213242
0 0.289688 0.120278 0.033125 0.0316667 0.00211525
0 0.985 0.115556 0.00999997 0.0166667 0.00211525
7 0.140156 0.212222 0.0046875 0.0177778 0.00210762
3 0.234375 0.131111 0.00531249 0.0311111 0.00209999
7 0.0354883 0.347778 0.00527344 0.0155555 0.00209999
7 0.73375 0.1225 0.00500005 0.02 0.00199509
0 0.526875 0.0155556 0.015 0.0230556 0.00199509
7 0.585625 0.0470833 0.00374997 0.0122222 0.0019722
5 0.380938 0.0395139 0.02 0.0273611 0.00195694
2 0.207656 0.144583 0.0115625 0.0222222 0.00194168
7 0.135625 0.241111 0.0034375 0.0102778 0.00194168
