0 0.39125 0.515 0.065 0.112222 0.929199
0 0.212188 0.596111 0.094375 0.112222 0.923828
0 0.48875 0.4975 0.054375 0.0927778 0.918945
0 0.0870313 0.54125 0.060625 0.0775 0.90918
0 0.43625 0.392778 0.02875 0.0444444 0.881836
0 0.506875 0.335 0.023125 0.0288889 0.86084
0 0.451875 0.353889 0.0225 0.035 0.856934
0 0.4875 0.39 0.03125 0.0477778 0.85498
0 0.482188 0.317778 0.015 0.0222222 0.849121
0 0.0145605 0.47 0.0289648 0.0288889 0.837402
0 0.46625 0.306667 0.014375 0.0211111 0.836426
0 0.45125 0.316944 0.016875 0.0227778 0.835449
0 0.312344 0.374167 0.0259375 0.035 0.82666
0 0.0611328 0.439167 0.0322656 0.0288889 0.811523
0 0.490625 0.3575 0.025 0.0338889 0.808105
0 0.3875 0.326111 0.015 0.0222222 0.806641
0 0.5125 0.309444 0.014375 0.0194444 0.800781
0 0.272969 0.385278 0.029375 0.04 0.800781
0 0.0626465 0.533056 0.0525195 0.075 0.771973
7 0.235781 0.503889 0.0075 0.0244445 0.766113
2 0.72625 0.400833 0.0125 0.045 0.756348
0 0.71375 0.325556 0.035 0.0266667 0.754883
0 0.34625 0.334167 0.01375 0.0233333 0.747559
7 0.66625 0.465 0.00625 0.0211111 0.746094
7 0.0251563 0.53 0.0046875 0.0166667 0.740234
3 0.643125 0.445556 0.00875003 0.0655556 0.720215
0 0.753125 0.33 0.035 0.0277778 0.71875
0 0.654375 0.311667 0.03 0.0227778 0.686035
0 0.48375 0.296667 0.011875 0.0177778 0.680664
0 0.79625 0.331111 0.0325 0.0222222 0.680664
0 0.0237451 0.453889 0.0329785 0.0266667 0.67041
1 0.35375 0.303333 0.024375 0.0366667 0.668945
0 0.327188 0.346667 0.019375 0.0266667 0.666992
0 0.266875 0.363889 0.0221875 0.0288889 0.644043
0 0.4925 0.277222 0.00875003 0.0122222 0.635254
7 0.746875 0.401111 0.00499999 0.0177778 0.631836
7 0.72875 0.439444 0.00499999 0.0177778 0.609375
0 0.310625 0.343889 0.0225 0.0305556 0.607422
0 0.356875 0.335556 0.015 0.025 0.605957
0 0.0712109 0.500833 0.0392969 0.0455555 0.604004
2 0.58125 0.313333 0.0125 0.0177778 0.584961
2 0.0707031 0.461667 0.0125 0.0277778 0.584961
0 0.74 0.328611 0.0300001 0.0244444 0.57959
0 0.40625 0.324444 0.014375 0.0211111 0.577637
0 0.192969 0.421667 0.0378125 0.0427778 0.554688
0 0.166602 0.427778 0.0424219 0.0422222 0.544922
0 0.373125 0.317778 0.01375 0.0255555 0.539062
7 0.73875 0.428611 0.00499999 0.0216667 0.53418
7 0.75 0.416111 0.00499999 0.0177778 0.50293
5 0.172773 0.477222 0.0713281 0.11 0.491211
2 0.636563 0.31 0.00687497 0.0222222 0.424316
0 0.2875 0.337778 0.0225 0.0222222 0.421631
0 0.813125 0.326111 0.0300001 0.02 0.413086
2 0.666875 0.337778 0.00625 0.0294444 0.407227
0 0.805 0.328333 0.04 0.0222222 0.407227
7 0.222188 0.517222 0.00718751 0.0211111 0.405518
0 0.395 0.311667 0.01375 0.0166667 0.403564
0 0.46875 0.282778 0.01 0.0172222 0.377441
7 0.7375 0.427778 0.00625 0.0188889 0.37207
0 0.4075 0.316111 0.015 0.0211111 0.338135
0 0.411875 0.315 0.015 0.0211111 0.338135
0 0.371875 0.311389 0.01375 0.0211111 0.323486
7 0.0500781 0.480278 0.00375 0.0133333 0.308105
0 0.525313 0.278333 0.00999997 0.0144444 0.297363
2 0.60125 0.315556 0.00812499 0.0244444 0.297363
0 0.326953 0.333056 0.0173437 0.0194444 0.291016
0 0.265313 0.367778 0.024375 0.0255556 0.291016
0 0.327188 0.342222 0.018125 0.0277778 0.287842
7 0.924375 0.465 0.00625 0.0288889 0.281494
0 0.350938 0.335 0.019375 0.0266667 0.274414
7 0.67875 0.478889 0.00750001 0.0255555 0.264404
0 0.373438 0.295 0.0125 0.0144444 0.26123
2 0.579375 0.314444 0.01125 0.0172222 0.259766
0 0.95875 0.373889 0.035 0.03 0.248047
3 0.156094 0.399722 0.00499999 0.0272222 0.23938
2 0.2475 0.356111 0.008125 0.0188889 0.237915
0 0.483125 0.277222 0.00750001 0.0122222 0.236572
2 0.599375 0.316667 0.0112501 0.0233333 0.223389
0 0.725 0.306111 0.0275 0.0233333 0.222656
0 0.72375 0.312222 0.03 0.0194444 0.208862
0 0.490625 0.271111 0.00874999 0.0122222 0.196777
7 0.00987305 0.544306 0.00558594 0.0202778 0.193115
0 0.86875 0.337222 0.02875 0.02 0.192505
3 0.170625 0.383889 0.00531251 0.0255556 0.191895
3 0.6675 0.338611 0.00499999 0.0277778 0.187744
0 0.420625 0.308333 0.01125 0.0172222 0.185303
2 0.107578 0.423333 0.00703125 0.0255556 0.181885
0 0.47 0.273056 0.00625 0.0122222 0.180054
3 0.64875 0.336389 0.00499999 0.0244444 0.179565
0 0.394688 0.307778 0.013125 0.0166667 0.178345
0 0.410938 0.306667 0.01375 0.0172222 0.169434
0 0.269063 0.361111 0.0175 0.03 0.168823
3 0.569063 0.308889 0.00625 0.0233333 0.168823
3 0.164063 0.384444 0.0046875 0.0244444 0.166138
0 0.484063 0.26 0.00687501 0.00999999 0.165039
2 0.945 0.371667 0.00750001 0.03 0.16394
0 0.40125 0.281944 0.01 0.0155556 0.161377
0 0.385 0.293889 0.015 0.0166667 0.154053
0 0.41125 0.293333 0.0125 0.0183333 0.152588
0 0.725 0.303056 0.025 0.0211111 0.148071
0 0.0228076 0.448611 0.0310254 0.0233333 0.141724
2 0.103828 0.391111 0.00828125 0.0166667 0.135742
7 0.736875 0.431111 0.00625 0.02 0.134766
7 0.634063 0.329444 0.00374997 0.0122222 0.134277
0 0.374063 0.322222 0.013125 0.0194444 0.126343
0 0.39625 0.294722 0.0125 0.0177778 0.124207
0 0.417188 0.286111 0.01 0.0138889 0.108582
7 0.205313 0.385556 0.00375001 0.00888889 0.107056
0 0.414375 0.279444 0.00999997 0.0122222 0.101257
7 0.0634375 0.467222 0.00492187 0.0211111 0.100891
0 0.4075 0.2975 0.01125 0.0177778 0.0987549
0 0.426563 0.278333 0.00749998 0.0133333 0.0984497
0 0.470625 0.281667 0.00999997 0.0155555 0.0950317
3 0.6675 0.333889 0.00625 0.0266667 0.0894775
3 0.108672 0.422222 0.00562499 0.0266667 0.0875854
2 0.0970313 0.421111 0.009375 0.0188889 0.0844727
3 0.622813 0.326111 0.00500005 0.025 0.0827026
0 0.95375 0.373889 0.025 0.0311111 0.0803833
7 0.684375 0.360556 0.00375004 0.0161111 0.078064
7 0.144219 0.415833 0.0034375 0.0138889 0.078064
2 0.0696094 0.460556 0.0152344 0.0333333 0.076416
2 0.726875 0.386667 0.00874996 0.0488889 0.0761108
3 0.190625 0.370556 0.00625 0.0211111 0.0720825
7 0.684375 0.355 0.00375004 0.0155556 0.0710449
3 0.17375 0.384167 0.00562499 0.0205556 0.0656128
0 0.172656 0.428056 0.0540625 0.05 0.0656128
0 0.475625 0.259444 0.00562499 0.00888887 0.0637207
2 0.5675 0.31 0.00625 0.02 0.0628052
7 0.0373047 0.546111 0.00648438 0.0222222 0.0577087
7 0.126172 0.422222 0.00390625 0.0127778 0.0572815
3 0.929375 0.505 0.00874996 0.0644445 0.0562439
3 0.924375 0.473333 0.00750001 0.0461111 0.0535889
0 0.421875 0.297222 0.00874999 0.0177778 0.0534058
3 0.214219 0.352222 0.00375001 0.0177778 0.0512695
3 0.6475 0.328333 0.00625 0.0283333 0.0505066
3 0.155781 0.395556 0.00531251 0.0266667 0.0499573
0 0.3675 0.310556 0.01 0.0255556 0.0495911
3 0.195625 0.382222 0.00375001 0.0144444 0.0486755
0 0.0121484 0.441111 0.0216797 0.02 0.0472412
7 0.0544531 0.486667 0.00421875 0.0166667 0.0469055
0 0.432188 0.276111 0.00874999 0.0111111 0.0460205
3 0.85125 0.442778 0.01 0.06 0.0451965
7 0.095 0.455 0.0034375 0.0105555 0.0405273
7 0.74375 0.424444 0.00499999 0.0166667 0.0391846
2 0.246406 0.358333 0.00625 0.0211111 0.0359497
7 0.706875 0.401111 0.00499999 0.0155555 0.0351562
7 0.71 0.403889 0.00499999 0.0211111 0.0348816
0 0.453125 0.261111 0.00625 0.01 0.0340881
0 0.409063 0.323333 0.01625 0.02 0.0339661
3 0.926875 0.493889 0.00999997 0.0755556 0.032959
0 0.0907813 0.423333 0.0245313 0.0177778 0.0322266
2 0.8525 0.433889 0.00999997 0.0422222 0.0319824
3 0.645625 0.436944 0.01125 0.0572222 0.0289764
0 0.460625 0.283611 0.009375 0.015 0.0278473
3 0.8525 0.439444 0.00999997 0.0533333 0.0271759
3 0.106016 0.434722 0.00437501 0.0244444 0.0264587
0 0.903125 0.33 0.0275 0.0161111 0.0262604
0 0.484063 0.304444 0.014375 0.0222222 0.0262604
3 0.0854688 0.399444 0.00421875 0.0194444 0.0261536
2 0.637188 0.306667 0.00687497 0.0244445 0.0259552
3 0.163125 0.371667 0.00562499 0.0244444 0.0252686
0 0.3575 0.338333 0.0175 0.0266667 0.0245209
7 0.7275 0.441111 0.00500005 0.0166667 0.0236969
3 0.5725 0.296111 0.00625 0.0172222 0.0232391
2 0.250938 0.355 0.01 0.02 0.0232391
3 0.1925 0.37 0.00687501 0.0222222 0.0223694
0 0.516875 0.279167 0.00625 0.0122222 0.0222931
3 0.640625 0.445556 0.01375 0.0666667 0.0222931
0 0.430625 0.272222 0.00750001 0.0122222 0.0222931
5 0.174688 0.455278 0.071875 0.105556 0.0209656
2 0.0445313 0.419722 0.00609375 0.0144444 0.0204926
0 0.4 0.284444 0.0125 0.0177778 0.0204163
0 0.185664 0.427778 0.0536719 0.05 0.0200195
3 0.250625 0.346944 0.00625 0.02 0.0185089
7 0.0030957 0.566111 0.00610352 0.0266667 0.0183411
0 0.43375 0.261667 0.00625 0.00888889 0.0181885
7 0.129531 0.443611 0.0034375 0.0133333 0.018158
0 0.335625 0.320833 0.015 0.0244444 0.0175171
2 0.186875 0.3675 0.011875 0.02 0.0173798
0 0.7625 0.328889 0.04 0.025 0.0171814
3 0.220156 0.361667 0.0046875 0.0177778 0.0170441
0 0.38 0.290833 0.00750001 0.0144444 0.016922
0 0.715 0.314722 0.0300001 0.025 0.0167847
0 0.49375 0.262222 0.00625 0.00999999 0.0166626
0 0.467188 0.303889 0.013125 0.0211111 0.0162201
0 0.470313 0.291944 0.01125 0.0155555 0.0161591
7 0.129844 0.4175 0.0034375 0.02 0.016098
0 0.327188 0.320556 0.015625 0.0211111 0.0157776
0 0.71125 0.322222 0.0325 0.0233333 0.0157776
7 0.0258594 0.535556 0.00445313 0.0211112 0.0149536
0 0.52875 0.273333 0.00749998 0.0133334 0.0146179
3 0.108906 0.433333 0.00625 0.0322222 0.0145569
5 0.064209 0.522778 0.0573633 0.0822222 0.0145569
7 0.0896875 0.451111 0.00437501 0.02 0.0145035
0 0.0998438 0.390278 0.016875 0.0177778 0.0139542
3 0.0344141 0.416389 0.00523438 0.0155555 0.0136871
2 0.0914063 0.419444 0.0121875 0.0233333 0.0134277
3 0.129063 0.383056 0.00437501 0.025 0.0132217
0 0.308438 0.359444 0.024375 0.0322222 0.0131226
7 0.149531 0.407778 0.0046875 0.02 0.0124283
3 0.135469 0.380833 0.00359375 0.0188889 0.012291
3 0.149688 0.38 0.005 0.0222222 0.0117798
2 0.234063 0.366667 0.00562499 0.0194444 0.0116882
2 0.166875 0.405556 0.00687499 0.0155556 0.0116882
2 0.85 0.434444 0.015 0.05 0.0116882
7 0.0848438 0.46 0.004375 0.0177778 0.0116882
0 0.16875 0.442222 0.04125 0.0488889 0.0116425
2 0.00322754 0.42 0.00645508 0.0155556 0.0115051
0 0.183438 0.378611 0.014375 0.0238889 0.011467
7 0.134531 0.419167 0.00312501 0.0111111 0.0114212
0 0.80625 0.324722 0.04 0.0255555 0.0109024
0 0.346563 0.338611 0.015625 0.0238889 0.0108185
7 0.126328 0.435278 0.00390625 0.0127778 0.0104904
7 0.92875 0.450278 0.00500005 0.0205556 0.01017
3 0.209375 0.349167 0.00406251 0.0261111 0.0100555
0 0.265313 0.372778 0.025 0.0338889 0.00981903
2 0.224375 0.367778 0.00499999 0.0166667 0.00967407
3 0.205 0.347222 0.00374999 0.0222223 0.00959778
2 0.600625 0.318611 0.00999997 0.0272222 0.00955963
3 0.25375 0.330556 0.00562499 0.0188889 0.00948334
2 0.0495313 0.416111 0.00796875 0.0188889 0.00930023
0 0.44625 0.260556 0.00499999 0.00777777 0.00926971
0 0.174688 0.4775 0.068125 0.106667 0.00908661
2 0.590625 0.308611 0.01 0.0183333 0.0088501
3 0.689375 0.305833 0.00499999 0.015 0.00878143
7 0.753125 0.416111 0.00499999 0.0177778 0.00831604
0 0.387188 0.283056 0.009375 0.0161111 0.0077858
7 0.0464063 0.476111 0.004375 0.0144444 0.00775528
2 0.585 0.301111 0.00499999 0.0166667 0.00772476
0 0.0679688 0.495556 0.02625 0.0333333 0.00769424
0 0.87375 0.3375 0.02875 0.0194444 0.00723267
0 0.7575 0.323889 0.02625 0.0222222 0.00720596
2 0.8675 0.305556 0.00999997 0.0155556 0.00712204
0 0.18125 0.377222 0.0171875 0.0277778 0.00706482
7 0.835625 0.345556 0.00499999 0.0155555 0.00703812
0 0.00379639 0.577778 0.00754395 0.0477778 0.00703812
3 0.655 0.329444 0.00499999 0.0255556 0.00695801
2 0.271094 0.342222 0.00718749 0.0166667 0.0068512
2 0.765625 0.301667 0.00625 0.0166667 0.00653839
7 0.00790527 0.542222 0.00680664 0.0177778 0.00653839
0 0.450313 0.266667 0.00750001 0.0133333 0.00653839
2 0.0861719 0.476111 0.00625 0.0155556 0.0064621
7 0.0550391 0.478889 0.0040625 0.0155556 0.00626373
7 0.144688 0.409444 0.003125 0.0166667 0.00616837
3 0.0310156 0.414167 0.00625 0.0194444 0.00612259
0 0.79625 0.335556 0.035 0.03 0.00600433
2 0.72125 0.395 0.0175001 0.0433333 0.00598145
7 0.670625 0.472778 0.00499999 0.0233333 0.00584412
0 0.960625 0.349444 0.02375 0.0155556 0.00542831
0 0.87125 0.340556 0.03125 0.0233333 0.00540543
0 0.75125 0.324722 0.035 0.0238889 0.00530243
3 0.115469 0.387778 0.004375 0.0155555 0.0051384
0 0.324688 0.356111 0.024375 0.0322222 0.00498199
0 0.180313 0.408056 0.0184375 0.0244444 0.00484848
3 0.68875 0.4075 0.00750001 0.0405556 0.00479126
0 0.825 0.329444 0.02875 0.0211111 0.00475693
7 0.721875 0.45 0.00750001 0.02 0.00475693
7 0.655625 0.468889 0.00500005 0.0233333 0.00475693
3 0.608125 0.3125 0.00750001 0.0211111 0.00468063
7 0.217188 0.511667 0.00562501 0.0155555 0.00446701
2 0.252813 0.367222 0.0075 0.0233333 0.00436401
3 0.215 0.361389 0.003125 0.0188889 0.00432968
0 0.195938 0.445278 0.028125 0.0544444 0.00432968
3 0.89 0.462222 0.00499999 0.045 0.00426483
0 0.0218311 0.463056 0.0349316 0.0311111 0.00403976
3 0.123516 0.381111 0.0046875 0.0233333 0.00402451
0 0.96375 0.334444 0.01125 0.0161111 0.00399017
0 0.48375 0.383611 0.0275 0.045 0.00397491
0 0.171836 0.424722 0.0432031 0.045 0.00392914
0 0.9675 0.34 0.01375 0.0188889 0.00391388
2 0.114219 0.422222 0.0046875 0.0222222 0.00390053
3 0.145469 0.372222 0.00375001 0.0188889 0.00382423
2 0.104609 0.4 0.006875 0.0277778 0.00353813
3 0.194375 0.354444 0.00437501 0.0166667 0.00351143
2 0.0465625 0.511667 0.0196875 0.0366666 0.00345612
3 0.86875 0.453611 0.0125 0.08 0.00345612
0 0.92625 0.331111 0.0225 0.0177778 0.00338936
3 0.85125 0.4475 0.0125 0.0672222 0.00332451
0 0.92 0.331667 0.0225 0.015 0.00323486
0 0.815625 0.322778 0.025 0.0222222 0.00317192
2 0.184375 0.357222 0.00687499 0.0194444 0.00309944
0 0.653906 0.307778 0.0321875 0.0255556 0.00305176
0 0.457188 0.302222 0.009375 0.02 0.00300407
0 0.451875 0.320556 0.019375 0.0266667 0.00300407
2 0.721875 0.401944 0.0175 0.0461111 0.00298119
0 0.768125 0.320556 0.025 0.0222222 0.00296974
3 0.89125 0.467778 0.00749995 0.0577778 0.00290108
3 0.145313 0.383611 0.0034375 0.0183333 0.00287819
1 0.484375 0.246944 0.00625 0.0144444 0.00283432
1 0.347813 0.307222 0.03375 0.0388889 0.00269318
7 0.74375 0.428889 0.00499999 0.0188889 0.00268364
3 0.775625 0.344722 0.00750001 0.0261111 0.0026722
7 0.675 0.349444 0.00499999 0.0133333 0.00265312
7 0.220781 0.508333 0.0090625 0.0288889 0.00260162
7 0.0466406 0.494444 0.005 0.0177778 0.00253105
0 0.188125 0.448333 0.04125 0.0583333 0.00250244
2 0.85 0.445556 0.015 0.0644444 0.00247192
3 0.504375 0.550139 0.01125 0.0352778 0.00239754
3 0.930625 0.501111 0.01125 0.0688889 0.00237846
0 0.00362305 0.403889 0.00723633 0.0155555 0.00235939
