0 0.406875 0.333333 0.0775 0.125556 0.941406
0 0.508125 0.3125 0.06875 0.119444 0.927734
0 0.664375 0.0818056 0.04875 0.0405556 0.890137
0 0.349063 0.0806944 0.0175 0.0236111 0.864258
0 0.0788281 0.256389 0.035625 0.0355555 0.845703
0 0.880625 0.105972 0.03875 0.0302778 0.844727
2 0.885 0.165278 0.025 0.0486111 0.842773
7 0.70375 0.199306 0.00750001 0.0258333 0.837402
0 0.509375 0.0526389 0.03 0.0266667 0.836426
0 0.0303906 0.306111 0.0323438 0.0377778 0.833496
7 0.245625 0.280278 0.0075 0.0227778 0.823242
5 0.73625 0.0470833 0.045 0.0381945 0.809082
7 0.0308594 0.376111 0.00546875 0.02 0.805664
0 0.396875 0.07875 0.01875 0.0241667 0.792969
0 0.38375 0.0693056 0.015625 0.0231944 0.788086
7 0.744375 0.174167 0.00625 0.0211111 0.78125
2 0.142031 0.195278 0.01 0.0238889 0.751953
3 0.686875 0.161667 0.00999997 0.0633333 0.728027
0 0.42875 0.0515278 0.01375 0.0194444 0.725098
0 0.00761719 0.316111 0.0151953 0.0366667 0.720215
2 0.0739063 0.290833 0.018125 0.0344445 0.715332
0 0.0511328 0.283889 0.0307813 0.0322222 0.686035
0 0.0775 0.23625 0.0240625 0.0294444 0.684082
0 0.76875 0.0623611 0.04 0.0286111 0.672363
2 0.645625 0.0488889 0.01375 0.0263889 0.665527
0 0.814375 0.0652778 0.03 0.0222222 0.658203
7 0.945 0.223056 0.00499999 0.0172222 0.656738
2 0.60625 0.0390972 0.015 0.0219444 0.644043
0 0.369375 0.0519444 0.0125 0.0183333 0.638672
0 0.8275 0.0730556 0.0375 0.0256944 0.637207
0 0.8625 0.0761111 0.035 0.0269444 0.633301
7 0.0445313 0.359444 0.00554688 0.0166667 0.625977
0 0.640156 0.0336806 0.0346875 0.0204167 0.602051
7 0.6925 0.185139 0.00625 0.0236111 0.592773
0 0.951875 0.0956944 0.02125 0.02 0.592773
0 0.395313 0.0651389 0.015 0.0233333 0.588867
7 0.770625 0.129722 0.00375004 0.0161111 0.583008
7 0.75375 0.163333 0.00499999 0.02 0.577637
0 0.0365625 0.278056 0.03 0.0372222 0.536133
7 0.77375 0.146389 0.00499999 0.0177778 0.515625
0 0.414375 0.0363889 0.00999997 0.0172222 0.490234
0 0.43375 0.0310417 0.00874999 0.0119444 0.478516
0 0.87125 0.0726389 0.0325 0.0219444 0.46875
0 0.07625 0.247222 0.03125 0.0361111 0.437744
0 0.21 0.14875 0.025625 0.0255556 0.428223
0 0.71875 0.0412674 0.0325 0.0232986 0.407227
0 0.052666 0.277778 0.0316992 0.0333333 0.397949
0 0.721875 0.0385417 0.02875 0.0216667 0.38501
0 0.0471777 0.280556 0.0329883 0.0344444 0.38501
7 0.165 0.203333 0.00375001 0.0116667 0.381104
0 0.302813 0.0939583 0.01625 0.0231944 0.368408
0 0.82 0.0720833 0.0375 0.0272222 0.273682
7 0.675 0.0511111 0.00249996 0.0130556 0.226807
7 0.74875 0.127917 0.00499999 0.0169444 0.197388
0 0.401875 0.0466667 0.009375 0.0129167 0.170532
7 0.7625 0.153889 0.00625 0.0177778 0.168823
0 0.95375 0.0984722 0.025 0.0247222 0.163452
0 0.299688 0.0920833 0.02 0.0255556 0.158691
7 0.70625 0.0797917 0.00499999 0.0126389 0.133423
0 0.425 0.0315625 0.00625 0.0115972 0.131226
0 0.299375 0.0958333 0.0225 0.0261111 0.112
7 0.295 0.115278 0.00374997 0.0105556 0.109314
7 0.746875 0.127778 0.00499999 0.0183333 0.0946655
0 0.406875 0.0304167 0.00625 0.0104167 0.0933228
7 0.255 0.135278 0.003125 0.00805557 0.0903931
0 0.0293164 0.296667 0.0312109 0.0327778 0.0847778
7 0.69375 0.0777778 0.00375004 0.0133333 0.0820923
0 0.00573731 0.256111 0.0114746 0.0277778 0.0820923
0 0.38375 0.0486806 0.01125 0.0151389 0.0809326
0 0.00727539 0.310278 0.0145508 0.0338889 0.0736694
0 0.39625 0.0536111 0.0125 0.0175 0.0710449
7 0.258438 0.263056 0.008125 0.0233333 0.0705566
0 0.9475 0.100278 0.0300001 0.0230556 0.0600891
2 0.646875 0.0536806 0.015 0.0263889 0.0585632
0 0.825 0.0668056 0.0375 0.025 0.0458679
0 0.735 0.0536111 0.03875 0.0297222 0.0448608
2 0.716875 0.0644444 0.00875003 0.0308333 0.0440063
2 0.64875 0.0477951 0.015 0.0235764 0.0433655
7 0.00899414 0.379444 0.00384766 0.0188889 0.0432129
7 0.7525 0.167222 0.00625 0.0222222 0.0430298
0 0.433125 0.0219444 0.00875003 0.0104861 0.0397949
2 0.2125 0.146667 0.020625 0.0244444 0.0379028
7 0.67 0.0531944 0.00499999 0.0136111 0.0340881
7 0.695625 0.05125 0.00375004 0.0130556 0.0339661
0 0.36875 0.0564583 0.01125 0.0179167 0.0335999
2 0.236875 0.136389 0.00593751 0.0166667 0.0335999
2 0.00802734 0.263056 0.0119922 0.0222222 0.0335999
0 0.205938 0.152778 0.0259375 0.0277778 0.0299835
7 0.773125 0.137361 0.00499999 0.0152778 0.0271759
2 0.7125 0.0484028 0.0125 0.0211111 0.0269623
0 0.415 0.0386806 0.010625 0.0179167 0.0265503
0 0.444375 0.0137847 0.00625 0.0104167 0.0264587
7 0.946875 0.214861 0.00499999 0.0188889 0.0261536
0 0.0488672 0.268333 0.0236719 0.0233333 0.0219421
0 0.500938 0.00401042 0.00750001 0.00802083 0.0191956
7 0.596875 0.0456944 0.00625 0.0147222 0.0184784
7 0.285938 0.1175 0.00343752 0.00833334 0.0180511
7 0.691875 0.184444 0.00750001 0.0283333 0.0167847
0 0.95125 0.104375 0.03 0.0323611 0.0158386
0 0.43 0.0544444 0.015 0.0236111 0.0155411
7 0.765625 0.119306 0.00375004 0.0136111 0.0154266
3 0.189688 0.160833 0.00625 0.0241667 0.0150757
3 0.68875 0.162778 0.015 0.065 0.0146713
2 0.0449609 0.242917 0.0075 0.0169444 0.0145035
7 0.69 0.0538889 0.00250003 0.0111111 0.0136337
2 0.0111816 0.261042 0.0131836 0.0234722 0.0134277
0 0.459375 0.00444444 0.00562499 0.00888889 0.0134277
7 0.222813 0.15 0.00531251 0.0183333 0.0133743
0 0.435938 0.0126389 0.00687501 0.0102778 0.01297
5 0.0238477 0.245278 0.0130469 0.0194445 0.0127258
0 0.398438 0.0755556 0.019375 0.0291667 0.0125732
5 0.0103223 0.250833 0.0167773 0.0244444 0.011467
7 0.664375 0.0509722 0.00375004 0.0136111 0.0111618
7 0.145938 0.220278 0.00406249 0.0127778 0.011116
7 0.165313 0.194722 0.00374999 0.0138889 0.0108566
0 0.79 0.0628472 0.035 0.0263889 0.0102081
3 0.255 0.124583 0.00406251 0.0166667 0.00952148
0 0.375 0.0611111 0.01 0.0147222 0.00881195
0 0.0799219 0.265833 0.03125 0.0527778 0.00815582
0 0.356875 0.0666667 0.010625 0.0143056 0.00790405
7 0.69375 0.0652778 0.00249996 0.00861111 0.00772476
0 0.00599121 0.33 0.0112598 0.0577778 0.00746155
0 0.454063 0.00951389 0.00625 0.00861111 0.00737381
0 0.0212158 0.285556 0.0243652 0.03 0.00731659
7 0.725 0.0751389 0.00249996 0.0238889 0.00723267
7 0.265 0.133889 0.0034375 0.0105555 0.00714874
2 0.6075 0.0284028 0.00875003 0.0204167 0.00712204
3 0.250156 0.126944 0.00406249 0.0155555 0.00703812
0 0.485313 0.0101042 0.00437501 0.008125 0.00658798
0 0.0829883 0.233611 0.0268359 0.0255555 0.00612259
2 0.215938 0.144444 0.01875 0.0213889 0.0055542
0 0.296563 0.0979167 0.026875 0.0280556 0.00547028
0 0.995625 0.122917 0.00874996 0.0347222 0.00544739
0 0.47 0.020625 0.00562499 0.00930556 0.00518036
7 0.0945313 0.270278 0.00375 0.0205555 0.00516129
2 0.572813 0.0208333 0.009375 0.0126389 0.0050621
0 0.994375 0.131667 0.01125 0.0386111 0.00496292
7 0.24375 0.137222 0.005 0.0116667 0.00488663
7 0.288906 0.120556 0.0046875 0.0155556 0.00486755
0 0.00404541 0.2775 0.0079834 0.0194444 0.00457382
0 0.206406 0.149167 0.030625 0.0316667 0.00453949
7 0.125781 0.221111 0.00359375 0.0138889 0.00446701
2 0.599063 0.0260764 0.01125 0.014375 0.00432968
7 0.9475 0.224722 0.00500005 0.0205556 0.00432968
7 0.691875 0.179583 0.00875003 0.0344444 0.00428009
7 0.700625 0.0741667 0.00499999 0.0158333 0.00428009
7 0.185 0.171667 0.00343749 0.0136111 0.00418091
2 0.71625 0.0707639 0.00999997 0.03375 0.00403976
2 0.140313 0.198056 0.014375 0.0277778 0.00400543
0 0.99 0.125 0.0199999 0.0316667 0.00385475
5 0.769375 0.0661111 0.04125 0.0344444 0.00382423
0 0.440313 0.0447917 0.0125 0.0177778 0.00367928
0 0.82875 0.0780556 0.04125 0.03 0.00362206
0 0.584375 0.0215278 0.023125 0.0136111 0.00359344
0 0.465 0.0100347 0.00499999 0.00847222 0.00356483
7 0.940625 0.22 0.00499999 0.0177778 0.00356483
7 0.77875 0.145833 0.00750001 0.0211111 0.00351143
7 0.405625 0.334444 0.07625 0.124444 0.00348282
2 0.609375 0.0358333 0.01375 0.0186111 0.00345612
7 0.168281 0.2 0.0046875 0.0133333 0.003088
7 0.0671875 0.297778 0.00671876 0.035 0.00305176
0 0.00355957 0.240278 0.00711914 0.0427778 0.00302696
0 0.505625 0.00663194 0.00750001 0.0101389 0.00290108
7 0.246875 0.278333 0.009375 0.0244444 0.00251198
3 0.140938 0.200556 0.0075 0.035 0.00243378
2 0.73375 0.113472 0.00999997 0.0425 0.00240517
7 0.0569531 0.299444 0.00890625 0.0361111 0.00237846
0 0.961875 0.101042 0.03375 0.0243056 0.00233269
5 0.64 0.0307639 0.035 0.025 0.00227928
2 0.7325 0.1225 0.00750001 0.0272222 0.00226021
7 0.676875 0.0741667 0.015 0.03 0.00223351
3 0.7325 0.118056 0.00750001 0.0366667 0.00223351
7 0.0282422 0.378056 0.006875 0.0177778 0.00219154
2 0.74375 0.113854 0.0125 0.0428472 0.00214005
0 0.987813 0.137778 0.024375 0.0288889 0.00199509
0 0.77 0.0686111 0.04125 0.0313889 0.00198746
0 0.413125 0.0263194 0.01375 0.018125 0.00195694
5 0.0255273 0.228889 0.0120703 0.0211111 0.00152493
2 0.0573047 0.249028 0.00992187 0.0225 0.00150681
7 0.196094 0.166806 0.004375 0.0177778 0.00141048
0 0.195313 0.156389 0.0290625 0.0288889 0.00138855
7 0.114688 0.228889 0.00375 0.0127778 0.00137806
0 0.4425 0.0302083 0.00875003 0.0181944 0.00133514
0 0.99625 0.109444 0.00749995 0.0361111 0.00129986
7 0.155313 0.208611 0.00343749 0.0111111 0.00123501
0 0.310313 0.085 0.021875 0.0202778 0.00121593
2 0.0327344 0.245556 0.0153125 0.0188889 0.00121593
0 0.474688 0.0263194 0.00499999 0.0105556 0.00109005
0 0.9825 0.141389 0.025 0.0277778 0.00101662
2 0.603125 0.0163194 0.00687504 0.0176389 0.00100803
