0 0.295938 0.878333 0.155 0.241111 0.958008
0 0.48 0.830556 0.11125 0.254444 0.954102
0 0.63375 0.828889 0.13375 0.246667 0.953613
0 0.486875 0.582083 0.065 0.106944 0.948242
0 0.371875 0.615556 0.085 0.124444 0.943848
0 0.58375 0.587778 0.075 0.124444 0.939941
5 0.75375 0.663472 0.1925 0.324167 0.92627
0 0.89625 0.973333 0.1375 0.0533333 0.924316
0 0.5475 0.377222 0.066875 0.0405555 0.903809
0 0.828125 0.362778 0.04625 0.0366667 0.891113
0 0.5025 0.338889 0.046875 0.04 0.879883
0 0.141641 0.437778 0.0495312 0.0422222 0.870605
0 0.568125 0.3325 0.0425001 0.0277778 0.868652
0 0.373125 0.353333 0.045 0.0311111 0.85498
0 0.68 0.331667 0.04125 0.0277778 0.850098
0 0.309063 0.335556 0.0178125 0.0233333 0.820801
2 0.205313 0.495556 0.03 0.0555556 0.815918
0 0.0252002 0.452222 0.0293652 0.0244444 0.804199
0 0.342188 0.333889 0.016875 0.0222222 0.789062
7 0.235625 0.504722 0.00687501 0.0233333 0.777344
7 0.2225 0.518889 0.0075 0.0216667 0.773438
7 0.023418 0.528889 0.00519531 0.0155555 0.744629
0 0.387188 0.322778 0.01625 0.0211111 0.741699
7 0.666875 0.465 0.00625 0.0222222 0.741699
0 0.325 0.335278 0.01625 0.0222222 0.733887
0 0.36625 0.326111 0.02 0.0255555 0.72168
2 0.725 0.403333 0.0175 0.04 0.720215
2 0.144609 0.380556 0.00765624 0.0166667 0.702637
0 0.0776563 0.415556 0.0289063 0.0233333 0.682617
7 0.92625 0.457778 0.00499999 0.0155555 0.680664
2 0.0461035 0.482778 0.0129492 0.0355556 0.616699
0 0.0585156 0.423333 0.02125 0.0211111 0.584961
0 0.349375 0.319167 0.01125 0.0183333 0.560059
7 0.728125 0.44 0.00625 0.0188889 0.552734
0 0.4075 0.32 0.015 0.0211111 0.550781
0 0.391563 0.320278 0.013125 0.0216667 0.517578
0 0.485 0.271944 0.00874999 0.0133334 0.501953
7 0.678125 0.480278 0.00750001 0.025 0.490234
0 0.409375 0.317778 0.015 0.0188889 0.488281
0 0.371875 0.304444 0.01 0.0144444 0.463867
7 0.92375 0.466667 0.00499999 0.0155556 0.453369
0 0.364375 0.320556 0.015 0.0233333 0.411133
7 0.73875 0.423333 0.00499999 0.0188889 0.396973
7 0.0641406 0.471111 0.00421875 0.0133333 0.394287
2 0.57625 0.316667 0.0125 0.0177778 0.37207
7 0.735 0.431111 0.00499999 0.0177778 0.370117
0 0.391875 0.302778 0.01125 0.0133333 0.370117
0 0.403438 0.298056 0.009375 0.0144444 0.366699
2 0.216875 0.362222 0.00687501 0.0222222 0.357666
7 0.74375 0.421111 0.00499999 0.0177778 0.355713
0 0.412813 0.295556 0.00875003 0.0155555 0.341553
2 0.0453516 0.459167 0.00773437 0.03 0.331055
0 0.386875 0.299444 0.01 0.0144444 0.310791
0 0.39375 0.298333 0.00874999 0.0144444 0.305664
0 0.370625 0.325278 0.02125 0.0211111 0.305664
0 0.375625 0.317778 0.0125 0.0177778 0.294189
0 0.410625 0.303889 0.01125 0.0133334 0.291016
0 0.371875 0.299167 0.01 0.0116667 0.289307
7 0.749375 0.414444 0.00500005 0.0166667 0.286865
7 0.634688 0.329444 0.003125 0.0111111 0.259766
2 0.0233252 0.436944 0.0136621 0.02 0.248047
2 0.0533594 0.404444 0.00625 0.02 0.220703
0 0.0682031 0.421111 0.0359375 0.0244445 0.200562
0 0.0546094 0.425 0.0270313 0.0222222 0.192505
7 0.65375 0.326667 0.00374997 0.0127778 0.149048
7 0.74625 0.4025 0.00374997 0.0155555 0.130737
7 0.234688 0.3675 0.003125 0.00777777 0.115173
0 0.485625 0.268889 0.009375 0.0111111 0.0957031
7 0.73625 0.426667 0.00499999 0.0188889 0.0913696
0 0.0558203 0.420556 0.0247656 0.0255556 0.0903931
7 0.7275 0.442778 0.00749995 0.02 0.0872803
3 0.169688 0.371111 0.00625 0.0211111 0.0869141
2 0.146094 0.381111 0.0096875 0.0177778 0.076416
7 0.685625 0.351111 0.00625 0.0166667 0.0747681
0 0.0217188 0.447778 0.0239844 0.0266667 0.0723877
0 0.446563 0.263333 0.00499999 0.01 0.0605164
2 0.218438 0.360556 0.00562499 0.0155556 0.0558167
0 0.435625 0.277222 0.00562499 0.00888889 0.0548096
0 0.420938 0.311111 0.010625 0.015 0.0545959
0 0.485313 0.263333 0.00750001 0.0111111 0.0503235
2 0.5725 0.312778 0.015 0.0222222 0.049408
0 0.0233594 0.431389 0.0203516 0.0222222 0.049408
7 0.615313 0.315 0.003125 0.00888887 0.0483093
0 0.00327393 0.445 0.00654785 0.0222222 0.0453491
3 0.164063 0.38 0.004375 0.0244444 0.0430298
0 0.494688 0.2625 0.00625 0.0105555 0.0427246
0 0.418125 0.286111 0.00750001 0.0133333 0.0402527
0 0.0752344 0.415556 0.0332813 0.03 0.0396423
2 0.0557813 0.418889 0.014375 0.0216667 0.0391846
2 0.0452246 0.489722 0.0136133 0.0466667 0.0363464
2 0.197188 0.371111 0.00687501 0.0216667 0.0340881
7 0.00957031 0.543333 0.00619141 0.0211111 0.0339661
2 0.215781 0.359444 0.00750001 0.0238889 0.0309143
0 0.354688 0.323611 0.014375 0.0211111 0.0298767
0 0.47625 0.260556 0.00499999 0.00888889 0.029541
7 0.123594 0.403056 0.0046875 0.0116666 0.0258636
2 0.145469 0.377222 0.00921876 0.0233333 0.0247955
3 0.709375 0.309444 0.00499999 0.0188889 0.0230713
7 0.65375 0.319444 0.00374997 0.0144444 0.0210419
7 0.265625 0.363889 0.0028125 0.01 0.0207977
3 0.695 0.452778 0.00750001 0.0683334 0.0205688
0 0.573125 0.32 0.02625 0.0222222 0.0195007
0 0.0476563 0.423889 0.0307031 0.0222222 0.0191193
0 0.447813 0.266667 0.00625 0.00777777 0.0182343
7 0.636563 0.317778 0.00437501 0.0116666 0.0177765
0 0.4025 0.281667 0.00750001 0.00999999 0.0166626
3 0.189688 0.372778 0.00437501 0.0222222 0.0160217
2 0.0151172 0.415833 0.00984375 0.0166667 0.0149536
2 0.172344 0.370556 0.0103125 0.0222222 0.0141144
7 0.71125 0.401111 0.00625 0.0288889 0.0139542
0 0.422188 0.278056 0.00812499 0.0105555 0.0139008
2 0.0301172 0.409167 0.00796875 0.0172222 0.0133286
7 0.60625 0.311944 0.00375004 0.01 0.0130234
3 0.164063 0.373333 0.00562501 0.0233333 0.0128708
0 0.369375 0.298889 0.01125 0.0122222 0.0119171
3 0.695 0.452778 0.00999997 0.0766667 0.0118713
7 0.145938 0.404444 0.0046875 0.0122222 0.0112915
0 0.00312256 0.417222 0.00624512 0.0233333 0.0104904
0 0.324063 0.321667 0.01375 0.0188889 0.0104065
0 0.00542969 0.406667 0.0108203 0.0188889 0.01017
0 0.0573828 0.426944 0.0263281 0.0272222 0.00908661
0 0.33875 0.321111 0.015 0.0188889 0.00857544
0 0.422813 0.3 0.009375 0.0166667 0.00748825
7 0.265625 0.352778 0.00343752 0.0111111 0.00725937
7 0.72375 0.448333 0.00499999 0.0211111 0.00677109
7 0.230156 0.372778 0.003125 0.01 0.00669098
7 0.60875 0.308889 0.00437495 0.0144444 0.00658798
7 0.615 0.328333 0.00374997 0.0116667 0.00653839
0 0.354375 0.28 0.00750001 0.0166667 0.0064888
7 0.778125 0.351667 0.00625 0.02 0.00643921
7 0.295313 0.345 0.00625 0.0133333 0.00602722
0 0.187031 0.372222 0.0096875 0.0222222 0.00598145
7 0.205313 0.5125 0.008125 0.0333333 0.00595856
0 0.380625 0.289167 0.00625 0.0122222 0.00588989
0 0.9275 0.336667 0.0225 0.0155555 0.00559998
7 0.9275 0.454167 0.00499999 0.0183333 0.00559998
0 0.81625 0.331667 0.0325 0.0255555 0.00540543
2 0.202031 0.371667 0.0075 0.02 0.00536346
2 0.0122827 0.409167 0.0143018 0.02 0.00521851
0 0.35 0.311111 0.01125 0.0161111 0.00494385
0 0.0129272 0.413889 0.0144971 0.02 0.00457382
0 0.515313 0.261667 0.00375001 0.00722221 0.00450516
0 0.0306055 0.447222 0.0339453 0.0355555 0.00446701
2 0.69375 0.345 0.01 0.0277778 0.00443268
3 0.693125 0.456389 0.00749995 0.0616667 0.00443268
2 0.197188 0.376667 0.00687501 0.0244445 0.00397491
2 0.049375 0.454444 0.0167188 0.0311111 0.00379562
2 0.0231055 0.43 0.0111719 0.025 0.00358009
0 0.455313 0.263333 0.00437498 0.00944443 0.00353813
7 0.67125 0.472778 0.00625 0.0244445 0.00353813
2 0.0345703 0.403333 0.00875 0.02 0.00352478
2 0.77625 0.351111 0.00999997 0.0288889 0.00346947
0 0.749375 0.55 0.05 0.101111 0.00340271
7 0.154609 0.404444 0.0034375 0.0116666 0.00337601
0 0.287188 0.99 0.081875 0.0177777 0.00316048
0 0.469688 0.268889 0.00499999 0.00888889 0.00314713
7 0.605625 0.301667 0.00374997 0.0155555 0.0029583
7 0.665 0.346944 0.00749995 0.0144444 0.00288963
7 0.260156 0.356667 0.0046875 0.0122222 0.00286674
7 0.371563 0.615556 0.084375 0.123333 0.00283432
7 0.134922 0.386944 0.00390626 0.0127778 0.00281143
0 0.465 0.263889 0.00375001 0.01 0.00275803
0 0.415625 0.278611 0.00562499 0.00777777 0.00251198
2 0.595 0.300833 0.00374997 0.0155556 0.00248146
7 0.15 0.410278 0.01125 0.0161111 0.00242424
2 0.720625 0.401111 0.0175 0.0411111 0.00223351
7 0.424375 0.327222 0.00562499 0.0155556 0.00221634
7 0.75375 0.415556 0.00499999 0.0166667 0.00214958
0 0.00820313 0.448333 0.0149609 0.0244444 0.00214958
5 0.0289063 0.395556 0.0304688 0.0338889 0.00208282
3 0.995 0.585 0.00999997 0.0866667 0.00202751
2 0.0369922 0.388889 0.0123437 0.0233333 0.00201988
3 0.0250195 0.47 0.00972656 0.0288889 0.0019722
0 0.398125 0.281389 0.00875003 0.0105555 0.00194168
3 0.250156 0.347222 0.00343749 0.0244444 0.00192642
0 0.9875 0.332222 0.00750001 0.0161111 0.00186729
7 0.7175 0.450833 0.00750001 0.0233333 0.00186729
2 0.186563 0.379444 0.00812499 0.0255555 0.00181007
7 0.71625 0.446111 0.00499999 0.0288889 0.00171375
0 0.296875 0.99 0.05625 0.0177777 0.00171375
0 0.445 0.273056 0.00437501 0.0116667 0.00168133
0 0.429375 0.270556 0.00625 0.00888887 0.00163555
0 0.0470313 0.403056 0.0180469 0.0227778 0.0015974
0 0.318125 0.318056 0.0125 0.0166667 0.00152493
3 0.194531 0.518889 0.0078125 0.0444444 0.00148964
0 0.484063 0.248333 0.00562499 0.0144444 0.00147247
7 0.645 0.318333 0.00250003 0.0122222 0.00144958
3 0.105625 0.396944 0.005625 0.0261111 0.00137806
2 0.28625 0.3425 0.00843751 0.0177778 0.00136662
0 0.533125 0.278889 0.00562499 0.00999999 0.00131989
0 0.685 0.319444 0.015 0.0166667 0.0012207
0 0.5675 0.321389 0.03375 0.0233333 0.00121593
0 0.3425 0.338611 0.01875 0.0294444 0.0012064
0 0.526875 0.275 0.00750001 0.0111111 0.00118828
0 0.364688 0.280556 0.00562499 0.0122222 0.00117874
0 0.8225 0.358056 0.04 0.0327778 0.00115108
7 0.134063 0.405556 0.00468751 0.0155556 0.00109005
3 0.105625 0.39 0.00625 0.0211111 0.00108147
2 0.70625 0.311389 0.00499999 0.0138889 0.00107288
0 0.264375 0.891111 0.0921875 0.215556 0.00104809
7 0.00837891 0.542083 0.00714844 0.0180556 0.00103188
0 0.9275 0.3425 0.03125 0.0211111 0.00102806
7 0.675 0.344444 0.0175 0.0194444 0.00102425
