0 0.491875 0.785 0.141875 0.41 0.962891
0 0.78375 0.455833 0.1525 0.255 0.95752
0 0.268125 0.848333 0.18375 0.3 0.956543
0 0.943125 0.895556 0.11375 0.208889 0.953125
0 0.369297 0.453889 0.113906 0.216667 0.951172
0 0.720625 0.789444 0.19625 0.421111 0.951172
0 0.638125 0.439444 0.11 0.196667 0.950195
0 0.257031 0.469167 0.110937 0.173889 0.944824
0 0.33125 0.319444 0.076875 0.105556 0.941895
0 0.495625 0.409444 0.085 0.166667 0.940918
0 0.214531 0.372778 0.11625 0.176667 0.939941
0 0.587188 0.238611 0.061875 0.0972222 0.937988
0 0.635 0.190556 0.06 0.0738889 0.930664
0 0.431875 0.228056 0.049375 0.0822222 0.922852
0 0.503125 0.215278 0.0525 0.11 0.919434
0 0.0453125 0.823333 0.090625 0.275556 0.910645
0 0.0828125 0.251111 0.035625 0.0455556 0.868652
0 0.0334424 0.288889 0.0299902 0.035 0.868652
0 0.0978906 0.219444 0.0279687 0.0277778 0.855957
7 0.255625 0.263333 0.00874999 0.0211111 0.830078
0 0.75 0.0556944 0.0375 0.0229167 0.813965
0 0.403125 0.0656944 0.01625 0.0202778 0.795898
0 0.784375 0.0668056 0.0375001 0.02375 0.757812
7 0.743125 0.171944 0.00625 0.0216667 0.753418
1 0.3625 0.0544444 0.03 0.0422222 0.741699
0 0.421563 0.0611806 0.015 0.0223611 0.733887
0 0.831875 0.0713889 0.0362501 0.0243056 0.729492
0 0.0078711 0.291667 0.0156641 0.0261111 0.71875
3 0.0499219 0.336111 0.0071875 0.0438889 0.708008
0 0.334375 0.0925 0.020625 0.0236111 0.662109
7 0.75125 0.160556 0.00499999 0.0194444 0.662109
0 0.380625 0.0691667 0.02 0.0255556 0.654785
0 0.430938 0.05 0.01125 0.0165278 0.649414
7 0.944375 0.217778 0.00500005 0.0163889 0.635254
0 0.323047 0.0856944 0.0151563 0.0238889 0.588867
7 0.242031 0.277778 0.0075 0.0194444 0.57373
0 0.33375 0.0828472 0.0175 0.0211111 0.563965
7 0.0652344 0.296667 0.0034375 0.0133333 0.548828
3 0.0616016 0.336111 0.0139062 0.0477778 0.523438
2 0.695 0.0702778 0.00750001 0.0279167 0.509766
7 0.944375 0.214167 0.00500005 0.0183333 0.505859
7 0.0273047 0.379167 0.00554688 0.0177778 0.498047
0 0.3475 0.0744444 0.0125 0.0194444 0.470703
7 0.74375 0.124444 0.00499999 0.0166667 0.462891
0 0.3875 0.0515278 0.01125 0.0175 0.445557
0 0.41125 0.0469444 0.010625 0.0175 0.420654
0 0.389375 0.0577778 0.0125 0.0175 0.407227
2 0.223281 0.143889 0.00718749 0.0233333 0.399902
0 0.397188 0.0498611 0.010625 0.0166667 0.359375
0 0.391563 0.0613889 0.01125 0.0183333 0.355713
7 0.70125 0.19875 0.00750001 0.0241667 0.352295
0 0.4325 0.0529167 0.011875 0.0180556 0.341553
0 0.401563 0.0509028 0.011875 0.0190278 0.327637
7 0.94125 0.214722 0.00500005 0.0172222 0.291016
7 0.7675 0.13 0.00499999 0.0161111 0.282959
1 0.374375 0.0423611 0.02 0.0263889 0.270508
0 0.8 0.0630556 0.03 0.0238889 0.267334
0 0.421563 0.0479167 0.0125 0.0172222 0.262939
0 0.410625 0.0572222 0.011875 0.0194444 0.26123
0 0.423438 0.0339931 0.01 0.0165972 0.252441
0 0.8075 0.0644444 0.03375 0.0238889 0.230957
7 0.143906 0.211806 0.00375001 0.0130555 0.223999
7 0.285625 0.115833 0.003125 0.01 0.217285
7 0.7 0.0747222 0.00499999 0.0193056 0.217285
7 0.745 0.1275 0.00499999 0.0183333 0.212769
5 0.437813 0.015 0.009375 0.0130556 0.209473
0 0.4125 0.0292361 0.00749998 0.0114583 0.209473
7 0.67 0.0522222 0.00250003 0.0108333 0.201782
7 0.75375 0.158194 0.00625 0.0186111 0.201172
0 0.34 0.0768056 0.015 0.02 0.183594
7 0.65125 0.0530556 0.00250003 0.0102778 0.177246
0 0.43375 0.0275 0.00687501 0.0138194 0.174438
3 0.0591406 0.334444 0.0101563 0.0477778 0.172729
7 0.753125 0.161806 0.00625 0.0208333 0.138916
0 0.446563 0.0139931 0.00750001 0.0118056 0.135742
0 0.325078 0.0941667 0.0185937 0.0213889 0.135742
7 0.655 0.0481944 0.00249996 0.00805556 0.121704
7 0.595625 0.04625 0.00375004 0.0119444 0.118408
0 0.00649414 0.288333 0.0129883 0.0244444 0.109314
7 0.68625 0.0790278 0.00375004 0.01125 0.104126
0 0.43 0.0209722 0.00812499 0.00902778 0.0933228
0 0.408125 0.0332639 0.00875003 0.0123611 0.0907593
7 0.6875 0.182778 0.00499999 0.0216667 0.0872803
7 0.76625 0.125972 0.00499999 0.0180556 0.0847778
7 0.140938 0.215278 0.0046875 0.0147222 0.0823975
7 0.164063 0.204583 0.00374999 0.0113889 0.0809326
7 0.7 0.200556 0.00750001 0.0344444 0.0723877
7 0.0426563 0.361111 0.0059375 0.0155556 0.0698242
2 0.8825 0.0519444 0.00750001 0.0181944 0.0685425
3 0.204063 0.152917 0.00562499 0.0219444 0.0675659
3 0.221875 0.142917 0.00562501 0.0227778 0.0615234
3 0.88375 0.0569444 0.00499999 0.0230556 0.0577087
7 0.144219 0.218889 0.00374999 0.0127778 0.0544128
0 0.430625 0.0565278 0.0125 0.02 0.0534058
7 0.705 0.0781944 0.00249996 0.0130556 0.0422363
7 0.085 0.279444 0.00437501 0.0116667 0.0401001
3 0.0486328 0.340833 0.00828125 0.0366667 0.0384521
3 0.53 0.0477083 0.00625 0.0216667 0.036499
3 0.530938 0.0484028 0.009375 0.0226389 0.032959
0 0.352813 0.073125 0.015 0.0209722 0.032959
2 0.69375 0.0509722 0.00625 0.0147222 0.0303345
2 0.615625 0.0293403 0.00437501 0.0131944 0.0302124
7 0.253438 0.263611 0.00875001 0.0216667 0.0262604
3 0.0131421 0.2625 0.00711426 0.0227778 0.0257568
3 0.89375 0.0675 0.00499999 0.0161111 0.0233307
7 0.689375 0.186389 0.00625 0.025 0.0227203
0 0.959375 0.106528 0.01875 0.0169444 0.0218658
3 0.0604297 0.341944 0.015625 0.0561111 0.0214539
7 0.123906 0.223056 0.00406249 0.0127778 0.0209656
7 0.665625 0.0469444 0.00249996 0.00777778 0.0201721
7 0.084375 0.291111 0.0040625 0.0133333 0.0197144
7 0.77375 0.147083 0.00499999 0.0152778 0.0173035
0 0.78875 0.0711111 0.04375 0.0291667 0.0164032
2 0.114531 0.191944 0.00874999 0.0211111 0.0162811
7 0.255 0.266667 0.0090625 0.0255556 0.0151291
1 0.369688 0.0413889 0.025625 0.0509722 0.0146179
0 0.0776563 0.249583 0.0265625 0.0402778 0.0142288
7 0.0753906 0.292778 0.00375 0.0116666 0.0141754
2 0.726875 0.0354861 0.00625 0.0163889 0.0141144
3 0.229063 0.134444 0.00375001 0.0233333 0.0139542
3 0.0467969 0.331944 0.00914063 0.0433333 0.0134811
0 0.794375 0.0579167 0.0325 0.02625 0.0129242
7 0.729375 0.122917 0.00499999 0.0175 0.011467
3 0.168438 0.157222 0.005 0.0172222 0.0109482
0 0.449688 0.0162153 0.00562499 0.0109028 0.0100098
1 0.361875 0.0413715 0.03875 0.0605903 0.00945282
2 0.0748438 0.231667 0.00906251 0.0183333 0.00888062
7 0.67375 0.0497917 0.00249996 0.00958333 0.0088501
7 0.254063 0.134444 0.00375001 0.00777779 0.00874329
0 0.4525 0.0110417 0.00687501 0.00916667 0.00871277
0 0.00335938 0.267778 0.00669922 0.0222222 0.00760651
2 0.134844 0.175556 0.0120313 0.0166667 0.00723267
3 0.0356641 0.263889 0.00746094 0.0166667 0.00720596
3 0.528125 0.0486285 0.009375 0.0221875 0.00706482
0 0.366875 0.0688194 0.018125 0.0298611 0.0069046
0 0.99625 0.126389 0.00749995 0.025 0.00682449
0 0.396875 0.0313542 0.00749998 0.00881944 0.00671768
7 0.585938 0.0450694 0.00375004 0.0111111 0.00671768
0 0.00558106 0.380556 0.00743164 0.0288889 0.00671768
0 0.78875 0.0540972 0.0225 0.0201389 0.00631332
7 0.215625 0.155 0.00374999 0.0122222 0.00621796
0 0.00521973 0.299444 0.0104395 0.0333333 0.00619125
0 0.411563 0.0245486 0.00749998 0.0121528 0.00619125
2 0.194375 0.151944 0.00625 0.0258333 0.00605011
7 0.249844 0.126667 0.0028125 0.00888889 0.005867
3 0.166094 0.159306 0.005 0.0169444 0.00584412
0 0.99625 0.134722 0.00749995 0.0294444 0.00582123
2 0.04625 0.241944 0.00796875 0.0166667 0.00582123
2 0.705 0.0706944 0.00499999 0.0225 0.00566483
3 0.92625 0.0894445 0.00750001 0.0211111 0.00566483
2 0.705625 0.0483333 0.00625 0.0152778 0.00559998
3 0.89 0.0620833 0.00250003 0.0218056 0.00547028
0 0.97625 0.114306 0.015 0.0186111 0.00544739
0 0.96375 0.111806 0.025 0.0211111 0.00510025
0 0.8325 0.0666667 0.035 0.0252778 0.00494385
0 0.386875 0.0719444 0.03 0.0252778 0.00486755
3 0.165625 0.165694 0.00374999 0.0180556 0.00486755
7 0.235156 0.136944 0.00374999 0.0133333 0.00462723
7 0.74875 0.126111 0.00375004 0.0183333 0.0045929
7 0.0951563 0.273611 0.005 0.0144444 0.00436401
0 0.00861816 0.273333 0.0138574 0.0211111 0.00436401
7 0.269531 0.125833 0.00375001 0.00944444 0.00413513
2 0.71375 0.0673611 0.01125 0.0320833 0.00407028
2 0.88 0.0513889 0.0125 0.0168056 0.00356483
0 0.550625 0.0194097 0.00750001 0.0113194 0.00351143
0 0.969375 0.107222 0.0199999 0.0194444 0.00348282
0 0.77625 0.0621528 0.0625 0.0261111 0.00348282
0 0.42625 0.0152778 0.00625 0.0116667 0.00318527
7 0.76375 0.149444 0.00499999 0.0155556 0.00316048
7 0.6925 0.184444 0.00499999 0.0222222 0.00288963
0 0.402188 0.0713889 0.01875 0.0261111 0.00277901
0 0.845 0.0723611 0.045 0.0238889 0.0027256
0 0.0570313 0.247778 0.0148438 0.0244445 0.00246239
3 0.69125 0.0572222 0.00499999 0.0180556 0.0024147
0 0.315313 0.0884722 0.01375 0.0175 0.00232315
7 0.156094 0.207778 0.00375001 0.0105555 0.00227928
3 0.5175 0.0507639 0.00812499 0.0193056 0.00215721
2 0.82625 0.0433507 0.00625 0.0199653 0.00211525
2 0.0525 0.232222 0.015 0.0238889 0.00211525
0 0.984375 0.117743 0.0125 0.0178472 0.00208282
7 0.243438 0.286667 0.0125 0.0266667 0.0020504
3 0.705 0.0288889 0.00499999 0.0129167 0.00195694
3 0.266875 0.104861 0.00562501 0.0172222 0.00194168
2 0.137422 0.171667 0.0182813 0.02 0.00182438
2 0.20375 0.145833 0.00718749 0.0244445 0.00181007
7 0.64625 0.04875 0.00250003 0.00805556 0.00179577
0 0.96 0.1125 0.025 0.0227778 0.00179577
0 0.0558203 0.256181 0.0192969 0.0298611 0.00178242
3 0.735 0.0346875 0.00499999 0.0184028 0.00177479
3 0.204688 0.162917 0.008125 0.0344444 0.00176811
7 0.245313 0.136111 0.0028125 0.00722222 0.00175476
2 0.715 0.0754167 0.00500005 0.0244444 0.00174141
2 0.71 0.0538194 0.00750001 0.0159722 0.00154877
0 0.419375 0.0636111 0.0125 0.0252778 0.00154877
0 0.74875 0.0666667 0.045 0.0277778 0.00153065
3 0.274688 0.100833 0.00499999 0.015 0.00145531
7 0.275 0.119722 0.003125 0.01 0.00143242
2 0.215313 0.141528 0.005 0.0205556 0.00141048
0 0.459375 0.00510417 0.00625 0.0102083 0.00139427
3 0.665 0.0328472 0.00374997 0.0143056 0.00132465
0 0.586875 0.0231944 0.0175001 0.015 0.00127888
0 0.111094 0.211389 0.011875 0.02 0.00126457
2 0.71 0.0504861 0.0125 0.0176389 0.00124931
0 0.835625 0.0759722 0.045 0.0225 0.00123501
3 0.12375 0.190694 0.0053125 0.0177778 0.00119686
5 0.00439453 0.246528 0.00878906 0.0297222 0.00112915
0 0.385938 0.0352083 0.00749998 0.0151389 0.00103188
3 0.71375 0.185972 0.00999997 0.0722222 0.00102806
0 0.470938 0.0204861 0.00625 0.00972222 0.00102806
0 0.337188 0.0723611 0.013125 0.0194444 0.00102425
3 0.969375 0.166944 0.00625 0.0277778 0.00101662
