0 0.672656 0.886111 0.152188 0.225556 0.955078
0 0.76375 0.75 0.1325 0.191111 0.954102
0 0.219688 0.763333 0.124375 0.181111 0.954102
0 0.48125 0.804444 0.105 0.215556 0.954102
0 0.336563 0.78 0.11875 0.195556 0.953613
0 0.6625 0.562778 0.085 0.107778 0.953125
0 0.389063 0.577778 0.070625 0.107778 0.943848
0 0.0989063 0.950278 0.146563 0.0994444 0.942383
0 0.314844 0.567778 0.0753125 0.0977778 0.937988
0 0.135469 0.713889 0.114063 0.152222 0.937988
0 0.221094 0.594444 0.0890625 0.102222 0.931641
0 0.479375 0.606111 0.071875 0.13 0.930176
0 0.583125 0.605 0.08375 0.125556 0.929199
0 0.041875 0.918889 0.08375 0.16 0.920898
0 0.79625 0.423333 0.04 0.0527778 0.911621
0 0.303125 0.399167 0.05875 0.0394445 0.900391
0 0.593125 0.366111 0.0643751 0.0377778 0.896973
0 0.133281 0.441667 0.0534375 0.0377778 0.865234
0 0.52875 0.3375 0.04375 0.03 0.861328
0 0.655625 0.325556 0.0425001 0.03 0.849121
2 0.511875 0.458889 0.03375 0.0594444 0.845703
0 0.482188 0.386111 0.035 0.05 0.837402
0 0.8625 0.326667 0.0325 0.0211111 0.820801
0 0.435938 0.340833 0.048125 0.035 0.81543
7 0.235625 0.503889 0.00687501 0.0233333 0.811523
2 0.648594 0.456111 0.0253126 0.0588889 0.78418
0 0.375625 0.3575 0.03875 0.0311111 0.769043
0 0.328125 0.333611 0.01875 0.0216667 0.754883
0 0.0982813 0.414444 0.03125 0.0255556 0.753418
0 0.771875 0.325556 0.035 0.0227778 0.749023
2 0.74625 0.393333 0.015 0.0455556 0.747559
5 0.305313 0.326667 0.026875 0.0472222 0.744629
7 0.72375 0.401111 0.00499999 0.0172222 0.73584
3 0.255938 0.489444 0.01625 0.06 0.73584
2 0.0254297 0.479444 0.0128906 0.0333334 0.725098
3 0.182188 0.507778 0.018125 0.0611111 0.71875
3 0.359375 0.468611 0.019375 0.0661111 0.708984
2 0.6225 0.322222 0.00750001 0.0255556 0.682617
3 0.228438 0.483056 0.013125 0.0544445 0.679199
0 0.00667969 0.438889 0.0133203 0.0233333 0.673828
7 0.92625 0.456667 0.00499999 0.0188889 0.65332
1 0.324922 0.312778 0.0226563 0.0322222 0.625977
0 0.47375 0.365833 0.0425 0.0388889 0.620605
0 0.0621875 0.418611 0.0259375 0.0227778 0.618652
7 0.222344 0.516667 0.0065625 0.0211111 0.611328
7 0.72875 0.438889 0.00499999 0.0188889 0.609375
0 0.0264795 0.431944 0.0238379 0.0216667 0.598145
0 0.3675 0.325 0.015625 0.0233333 0.594727
2 0.153203 0.410278 0.0126563 0.0244444 0.592773
3 0.3 0.485 0.0225 0.0711111 0.586914
0 0.481563 0.368333 0.059375 0.0444444 0.577637
0 0.348125 0.330278 0.015 0.0222222 0.567871
0 0.386875 0.320556 0.015 0.0211111 0.558105
2 0.228438 0.3675 0.010625 0.0216667 0.555664
0 0.203125 0.389722 0.03 0.0316667 0.462891
3 0.0576953 0.464444 0.00796875 0.0333334 0.455078
7 0.6675 0.468333 0.00625 0.0255556 0.413086
0 0.351563 0.313889 0.01125 0.0166667 0.401611
0 0.415 0.314444 0.01125 0.02 0.401611
7 0.738125 0.428333 0.00499999 0.0227778 0.397949
0 0.422188 0.297778 0.00999997 0.0155555 0.386719
5 0.262813 0.337222 0.049375 0.0411111 0.38501
0 0.40625 0.319444 0.015 0.0233333 0.373779
0 0.365625 0.317222 0.015 0.0211111 0.370117
0 0.0685938 0.423889 0.0278125 0.0233333 0.368408
2 0.255313 0.356111 0.008125 0.0183333 0.363037
0 0.413125 0.292222 0.01125 0.0161111 0.348633
3 0.0445313 0.468611 0.0075 0.0333334 0.313965
0 0.38875 0.303889 0.0125 0.0161111 0.297363
0 0.390625 0.319444 0.015625 0.0211111 0.295898
3 0.295938 0.469444 0.0153125 0.0611111 0.29248
0 0.3425 0.3125 0.015 0.0183333 0.27832
0 0.379063 0.316667 0.0125 0.0188889 0.255371
2 0.550313 0.298056 0.0125 0.0177778 0.24939
2 0.73125 0.31 0.0175 0.0177778 0.246582
7 0.750625 0.4125 0.00625 0.0188889 0.243652
0 0.395313 0.295556 0.011875 0.0205556 0.237915
0 0.375625 0.324722 0.01375 0.0216667 0.233765
2 0.230313 0.367778 0.01 0.0233333 0.230957
7 0.0108496 0.544444 0.00628906 0.0233333 0.224731
7 0.68375 0.352222 0.00500005 0.0144444 0.223999
3 0.220313 0.361944 0.00562501 0.02 0.213989
0 0.49 0.370556 0.05125 0.0383334 0.212769
0 0.350938 0.308333 0.010625 0.0144444 0.208862
2 0.217188 0.367222 0.0075 0.02 0.203125
0 0.4325 0.275833 0.01125 0.0138889 0.201172
0 0.297813 0.340833 0.0146875 0.025 0.19812
7 0.745 0.417778 0.00499999 0.0188889 0.193115
3 0.230938 0.485556 0.01625 0.0577778 0.193115
7 0.6675 0.463333 0.00750001 0.0255556 0.187744
3 0.294062 0.461667 0.013125 0.0516667 0.185913
0 0.386875 0.295278 0.0125 0.0177778 0.177856
3 0.0248242 0.531389 0.00648438 0.0205555 0.177246
2 0.20625 0.3725 0.0075 0.0211111 0.173828
0 0.242969 0.354444 0.0125 0.0177778 0.167236
0 0.368125 0.308056 0.015 0.0227778 0.158203
2 0.2075 0.389444 0.021875 0.0311111 0.157104
7 0.92375 0.467778 0.00499999 0.0211111 0.151001
3 0.0485547 0.468333 0.005625 0.0322222 0.14856
0 0.4525 0.261111 0.00625 0.0111111 0.143188
2 0.690625 0.308333 0.01375 0.0166667 0.143188
0 0.0461719 0.4325 0.0246875 0.0216667 0.137573
0 0.406875 0.308889 0.015 0.0166667 0.135742
0 0.405 0.3 0.011875 0.0166667 0.135254
7 0.678125 0.480556 0.00750001 0.0244444 0.134766
7 0.7375 0.427778 0.00499999 0.0188889 0.133423
2 0.194688 0.373611 0.00625 0.0216667 0.132935
2 0.209688 0.376667 0.009375 0.0211111 0.119629
0 0.69375 0.308333 0.025 0.0166667 0.116333
3 0.169688 0.383056 0.00562499 0.0222222 0.10968
2 0.150469 0.411111 0.0176562 0.0244444 0.108215
0 0.73125 0.309722 0.015 0.0177778 0.105591
0 0.150313 0.410556 0.0178125 0.0255556 0.0984497
0 0.19875 0.387222 0.035625 0.0277778 0.0907593
0 0.41875 0.287222 0.00874999 0.0155555 0.0891113
0 0.0479004 0.438333 0.0254492 0.0211111 0.088501
2 0.19375 0.378611 0.0121875 0.0238889 0.0841675
0 0.409375 0.322222 0.01875 0.0233333 0.083313
0 0.7375 0.312222 0.0275 0.0177778 0.0827026
0 0.485 0.26 0.00500002 0.00888889 0.0800781
0 0.47875 0.374444 0.040625 0.0422222 0.0789185
0 0.526875 0.277778 0.00875003 0.0122222 0.0769653
0 0.0748438 0.428333 0.0304688 0.0227778 0.0766602
0 0.476563 0.261111 0.00562499 0.00888889 0.0755615
0 0.429375 0.277222 0.0125 0.0166667 0.0750122
0 0.378125 0.303333 0.01125 0.0188889 0.0742188
0 0.0516016 0.424444 0.0274219 0.0211111 0.0736694
7 0.9225 0.483889 0.00500005 0.0183333 0.0731812
3 0.129375 0.381389 0.00406249 0.0188889 0.0668335
0 0.252969 0.353333 0.02 0.02 0.065979
0 0.146406 0.411667 0.0265625 0.0255556 0.0651245
0 0.42 0.308889 0.0125 0.0172222 0.0648804
0 0.443438 0.263889 0.00687501 0.0111111 0.0646362
3 0.21375 0.355278 0.004375 0.0188889 0.0568542
3 0.0511719 0.457222 0.00726563 0.0322222 0.0568542
2 0.7025 0.307778 0.015 0.0161111 0.0548096
3 0.291563 0.468889 0.02 0.0583333 0.0545959
0 0.493438 0.260556 0.00499999 0.00777777 0.0534058
2 0.237344 0.355278 0.0090625 0.0166667 0.0477905
0 0.72 0.31 0.0375 0.02 0.0462036
0 0.141016 0.422778 0.0370313 0.0377778 0.0440063
0 0.43125 0.274444 0.0125 0.0144444 0.0428772
0 0.29875 0.341111 0.019375 0.0277778 0.0428772
7 0.73625 0.431667 0.00499999 0.0188889 0.0417786
7 0.221563 0.508333 0.008125 0.0305556 0.0400085
0 0.45 0.265556 0.00625 0.0111111 0.0367737
2 0.69375 0.420278 0.02 0.0516667 0.036499
0 0.3675 0.304167 0.015 0.02 0.035675
2 0.0247314 0.471389 0.0106152 0.0394445 0.0342407
0 0.47125 0.362222 0.03625 0.0322222 0.033844
2 0.29875 0.489722 0.02375 0.0588889 0.0322266
0 0.69 0.308889 0.0199999 0.0188889 0.0310211
0 0.708125 0.307222 0.02 0.0183333 0.0281067
0 0.380625 0.289167 0.00749998 0.0122222 0.0269165
2 0.166406 0.383889 0.00687499 0.0222222 0.0263519
7 0.565625 0.315278 0.00375004 0.0111111 0.0256653
7 0.125781 0.423611 0.0034375 0.0133333 0.0256653
2 0.267188 0.351667 0.0075 0.0177778 0.025177
2 0.636875 0.32 0.00625 0.0216667 0.0250854
7 0.71 0.405 0.00499999 0.02 0.0235138
0 0.0039209 0.428611 0.0078418 0.0233333 0.0232391
0 0.0953125 0.417778 0.0353125 0.03 0.0231018
3 0.163281 0.366667 0.00531249 0.0244444 0.02211
3 0.149766 0.379444 0.0046875 0.0188889 0.0200958
3 0.302031 0.497778 0.019375 0.0722222 0.0200195
0 0.391563 0.286111 0.011875 0.0177778 0.0187683
3 0.361875 0.463889 0.02125 0.0616667 0.0187683
2 0.175313 0.383611 0.00843751 0.0233333 0.0186157
0 0.376563 0.351667 0.038125 0.03 0.0184326
7 0.66875 0.4725 0.00625 0.0311111 0.0171814
2 0.225938 0.356111 0.00499999 0.0177778 0.0171051
7 0.655 0.364444 0.00375004 0.0116667 0.0165253
0 0.44375 0.273333 0.00749998 0.0127778 0.0157776
0 0.49 0.363889 0.033125 0.0311111 0.0155411
7 0.6675 0.352222 0.00499999 0.0133333 0.0151901
2 0.243281 0.362222 0.0075 0.0166667 0.0151901
7 0.928125 0.474167 0.00499999 0.0227778 0.0151901
7 0.272813 0.492222 0.009375 0.02 0.0146179
2 0.705 0.303611 0.01 0.0194444 0.0138474
7 0.665 0.360556 0.00374997 0.0155556 0.0135345
7 0.9275 0.453889 0.00499999 0.0183333 0.0134277
0 0.476563 0.271944 0.00562499 0.0133334 0.0123825
2 0.4225 0.338333 0.02875 0.0272222 0.012146
2 0.69625 0.418611 0.0275 0.0522222 0.0118256
3 0.115156 0.381667 0.0040625 0.0177778 0.011116
0 0.739375 0.308611 0.0325 0.0255556 0.0102463
2 0.289531 0.469444 0.0440625 0.0655556 0.01017
7 0.59625 0.298889 0.00437495 0.0122222 0.0101318
2 0.744375 0.387222 0.01125 0.0444444 0.0100937
7 0.132188 0.41 0.0110938 0.0188889 0.0100555
2 0.69 0.421667 0.0199999 0.0466667 0.00997162
0 0.417188 0.281389 0.00812502 0.0122222 0.00941467
0 0.00597656 0.443333 0.0119531 0.0288889 0.00923157
0 0.0310938 0.437778 0.0253125 0.0266667 0.00905609
3 0.0246289 0.516944 0.00828125 0.0472222 0.00898743
7 0.604063 0.331667 0.00374997 0.0127778 0.00847626
3 0.196719 0.456667 0.00718749 0.0355555 0.00837708
0 0.51625 0.279444 0.00625 0.0111111 0.00815582
7 0.595 0.312778 0.00374997 0.00999999 0.00784302
3 0.209844 0.350556 0.0046875 0.0277778 0.0078125
0 0.48 0.374444 0.03375 0.0322222 0.0077858
0 0.39 0.285 0.0125 0.0166667 0.00775528
3 0.134688 0.383333 0.00390625 0.0161111 0.00772476
0 0.471563 0.268889 0.00562499 0.00944443 0.00763702
0 0.71875 0.304722 0.0375 0.0233333 0.00725937
0 0.49 0.266111 0.00375001 0.00888889 0.00714874
3 0.126172 0.38 0.00453125 0.0188889 0.00712204
0 0.275156 0.349444 0.00593748 0.0161111 0.00703812
7 0.75375 0.414444 0.00499999 0.0216667 0.00656509
2 0.7075 0.418333 0.00875003 0.0466667 0.0064621
2 0.86625 0.299722 0.00749995 0.0133334 0.00616837
0 0.77875 0.326111 0.0425 0.0233333 0.00614548
2 0.362188 0.378056 0.009375 0.0261111 0.00572968
0 0.425313 0.348889 0.031875 0.0294444 0.00572968
2 0.22625 0.372222 0.0075 0.0272222 0.00564194
3 0.0633594 0.473333 0.00546875 0.0222222 0.00561905
7 0.605313 0.299167 0.00374997 0.0122222 0.00551224
2 0.675 0.293611 0.00499999 0.0166667 0.00548935
3 0.54875 0.269167 0.00625 0.0183333 0.00540543
5 0.0569922 0.415 0.035625 0.0344445 0.00524139
0 0.528438 0.272222 0.00750001 0.0122222 0.00518036
7 0.68375 0.358889 0.00500005 0.0177778 0.0051384
7 0.69875 0.353333 0.00750001 0.0183333 0.0051384
0 0.0603125 0.415556 0.0289063 0.0288889 0.00486755
3 0.187188 0.508889 0.01875 0.0566667 0.0046463
3 0.155156 0.369722 0.00374999 0.0188889 0.00460815
7 0.645625 0.365556 0.00375004 0.0111111 0.00455475
3 0.72375 0.393611 0.00499999 0.0294445 0.00443268
3 0.205156 0.355278 0.0034375 0.0188889 0.00431442
3 0.69625 0.419444 0.0175001 0.0477778 0.0041008
0 0.929375 0.332222 0.02125 0.015 0.00395966
2 0.8525 0.430278 0.00999997 0.0366667 0.00391388
0 0.69125 0.303889 0.0275 0.0222222 0.00388527
7 0.575625 0.317778 0.00499999 0.0133334 0.00383949
3 0.0616406 0.466111 0.00859375 0.0322222 0.00382423
2 0.6875 0.42 0.0125 0.045 0.00379562
2 0.685625 0.302222 0.0125 0.02 0.00374985
3 0.145938 0.3875 0.00421874 0.0133333 0.00370789
2 0.106094 0.387222 0.00765625 0.0188889 0.00366402
7 0.68625 0.332778 0.00499999 0.0211111 0.00362206
3 0.0453906 0.473889 0.00546875 0.0372222 0.0036068
7 0.0753125 0.473889 0.00382813 0.0144444 0.00342941
7 0.675 0.352778 0.00499999 0.0133333 0.00340271
0 0.0640625 0.413889 0.0232813 0.0261111 0.00335121
0 0.424375 0.303889 0.02 0.0244445 0.00333786
0 0.89875 0.328611 0.02125 0.0177778 0.00311089
7 0.71875 0.450556 0.00750001 0.0222222 0.00302696
2 0.2925 0.459167 0.0284375 0.0705555 0.00300407
3 0.66 0.285556 0.00499999 0.0144444 0.00292397
0 0.0038208 0.409444 0.0076416 0.0244444 0.00290108
7 0.655 0.479444 0.01 0.0305556 0.00287819
3 0.248594 0.489722 0.0209375 0.0583333 0.00270462
3 0.179063 0.502778 0.025625 0.0733333 0.00268364
0 0.783125 0.32 0.03 0.02 0.00251198
3 0.296563 0.454167 0.0290625 0.0694444 0.00242424
2 0.186875 0.370556 0.008125 0.0222222 0.00234985
7 0.479375 0.606667 0.07125 0.131111 0.00234222
0 0.355 0.300556 0.00874999 0.0144444 0.00230598
2 0.2975 0.485 0.029375 0.0733333 0.00229645
0 0.377188 0.258333 0.0125 0.0177778 0.00225258
3 0.829375 0.306111 0.00499999 0.0177778 0.00223351
2 0.85125 0.435556 0.01 0.045 0.00220871
0 0.53375 0.275556 0.00500002 0.00999999 0.00216484
2 0.2025 0.396389 0.029375 0.0344444 0.00214958
3 0.109844 0.38 0.0065625 0.02 0.00209999
0 0.504688 0.242083 0.00500002 0.00972222 0.00206757
0 0.893125 0.311389 0.01375 0.015 0.00201988
0 0.160469 0.387222 0.016875 0.0211111 0.00201988
7 0.225781 0.534167 0.0125 0.0383334 0.00199509
2 0.68875 0.345556 0.00999997 0.0233333 0.00187492
2 0.85125 0.441944 0.0125 0.0494445 0.00186729
3 0.486875 0.46 0.00874999 0.0311111 0.00181007
0 0.925625 0.330556 0.0225 0.0155556 0.00175476
2 0.251406 0.367778 0.0109375 0.0266667 0.00173378
3 0.40625 0.346389 0.01 0.0305556 0.0017004
2 0.564063 0.282222 0.00625 0.0166667 0.00168133
1 0.484375 0.248611 0.01 0.0188889 0.0016613
0 0.345 0.300556 0.00999997 0.0144444 0.0016489
2 0.849375 0.431667 0.015 0.0388889 0.0016489
7 0.59 0.301667 0.00500005 0.0144444 0.0016489
3 0.18 0.356111 0.00687501 0.0166667 0.00164223
7 0.525313 0.385833 0.00687497 0.0161111 0.00163555
3 0.72375 0.382778 0.00499999 0.0422222 0.00153637
2 0.0381445 0.460833 0.0100391 0.0461111 0.00148964
7 0.277188 0.487778 0.0221875 0.0422222 0.0014782
0 0.73875 0.305278 0.0275 0.025 0.00145531
7 0.164688 0.413056 0.00499999 0.02 0.00145531
3 0.694375 0.433889 0.0125 0.0733333 0.00144386
2 0.55625 0.2825 0.00625 0.0166667 0.00143814
0 0.90875 0.331667 0.0175 0.0144444 0.00139904
0 0.79875 0.329722 0.03625 0.0227778 0.00137234
7 0.72125 0.450556 0.00749995 0.02 0.00137234
7 0.583438 0.604445 0.081875 0.124444 0.00135136
0 0.579375 0.3625 0.045 0.0372222 0.00133038
2 0.55625 0.307778 0.00625 0.0188889 0.00129414
0 0.895625 0.33 0.025 0.0177778 0.00129414
3 0.0271094 0.511944 0.0139063 0.0583333 0.00129414
3 0.2325 0.526111 0.0159375 0.06 0.00127411
0 0.87125 0.331944 0.035 0.0161111 0.00126934
2 0.0242236 0.404722 0.00975586 0.0161111 0.00118828
