0 0.46875 0.864444 0.11625 0.264444 0.95752
0 0.578125 0.560556 0.07375 0.115556 0.955078
0 0.308906 0.808889 0.140313 0.248889 0.954102
0 0.666875 0.557917 0.08125 0.104167 0.944824
0 0.137363 0.727222 0.129023 0.163333 0.944824
0 0.637813 0.758333 0.115625 0.212222 0.943848
0 0.385 0.591111 0.074375 0.111111 0.935547
0 0.475938 0.590139 0.065625 0.1175 0.933594
0 0.262188 0.648889 0.106875 0.144444 0.933594
0 0.223438 0.592222 0.089375 0.102222 0.919434
0 0.715 0.972222 0.1475 0.0555555 0.910645
0 0.126484 0.444444 0.0503125 0.0361111 0.890137
0 0.334922 0.4 0.0614062 0.04 0.866211
0 0.599063 0.332778 0.0425 0.0322222 0.847168
0 0.77 0.325 0.035 0.0233333 0.836426
0 0.0508594 0.442778 0.029375 0.0322222 0.830078
0 0.71625 0.33 0.0375 0.0244444 0.825684
7 0.235938 0.503333 0.00687499 0.0244445 0.818848
0 0.3075 0.339167 0.016875 0.0205556 0.81543
2 0.276563 0.475278 0.035 0.0627778 0.813965
0 0.0792578 0.437222 0.0332031 0.0311111 0.799316
7 0.0249805 0.529444 0.00574219 0.0188889 0.786621
0 0.8525 0.327222 0.0325 0.0233333 0.779785
0 0.345625 0.331944 0.01625 0.0222222 0.778809
0 0.825 0.323889 0.0275 0.0211111 0.762207
7 0.222344 0.5175 0.0075 0.0244445 0.757812
0 0.0119824 0.45 0.0237305 0.0288889 0.756348
7 0.666875 0.462778 0.00625 0.0222222 0.756348
2 0.0192212 0.497222 0.019917 0.0411111 0.754883
0 0.655 0.327778 0.0375 0.0244444 0.753418
0 0.0058252 0.4625 0.0116504 0.0366667 0.750488
0 0.37125 0.354722 0.043125 0.0355555 0.743164
0 0.476875 0.306667 0.01375 0.0211111 0.741699
0 0.405938 0.321667 0.015625 0.0233333 0.716797
0 0.325078 0.332222 0.0173438 0.0255556 0.712402
2 0.206875 0.370556 0.009375 0.0222222 0.699219
7 0.75 0.416111 0.00499999 0.0166667 0.697754
0 0.365313 0.324722 0.015 0.0183333 0.65332
0 0.355625 0.315556 0.01125 0.0155555 0.645996
7 0.72375 0.401111 0.00499999 0.0188889 0.645996
0 0.8025 0.328889 0.035 0.0233333 0.640625
0 0.66 0.320556 0.035 0.0238889 0.631836
0 0.393438 0.315833 0.00999997 0.0161111 0.529297
7 0.72875 0.44 0.00499999 0.0177778 0.523438
7 0.678125 0.479444 0.00750001 0.0233333 0.519531
7 0.73875 0.427222 0.00499999 0.02 0.462891
0 0.378438 0.317222 0.0125 0.0177778 0.403564
0 0.410313 0.314167 0.013125 0.02 0.392334
0 0.379375 0.323889 0.0125 0.02 0.392334
0 0.41125 0.306389 0.00999997 0.0161111 0.346924
0 0.406875 0.296111 0.00874999 0.0144444 0.325928
7 0.73625 0.430833 0.00499999 0.02 0.317383
7 0.0647656 0.473333 0.0034375 0.0122223 0.313965
0 0.36625 0.317222 0.0125 0.0188889 0.312256
0 0.3925 0.305 0.01 0.0155556 0.309082
0 0.435625 0.276111 0.00625 0.00999999 0.287842
0 0.391875 0.323333 0.011875 0.0211111 0.269043
0 0.368125 0.307778 0.01 0.0133333 0.269043
0 0.475938 0.292778 0.010625 0.0166667 0.26123
0 0.465313 0.283056 0.00687501 0.0138889 0.258301
0 0.0810156 0.432222 0.0348438 0.0266667 0.253906
7 0.74625 0.4 0.00500005 0.0166667 0.225464
0 0.394063 0.298333 0.00874999 0.0122222 0.224731
7 0.145781 0.418056 0.00453124 0.0111111 0.222046
0 0.48125 0.281667 0.00874999 0.0144444 0.219971
0 0.345313 0.318611 0.0125 0.015 0.217285
7 0.7375 0.429444 0.00750001 0.0222222 0.213989
0 0.348125 0.328889 0.01875 0.0244445 0.201172
7 0.0494531 0.479444 0.0040625 0.0144444 0.193726
0 0.424375 0.279722 0.00625 0.0116667 0.182983
0 0.381563 0.303333 0.010625 0.0177778 0.182373
7 0.0105664 0.544444 0.00550781 0.02 0.177856
0 0.331563 0.328889 0.015 0.0222222 0.156616
0 0.380625 0.317778 0.01375 0.0222222 0.153076
0 0.4125 0.297778 0.00874999 0.0138889 0.150024
3 0.840625 0.428889 0.01125 0.04 0.149536
0 0.486875 0.260556 0.00499999 0.0105555 0.140381
0 0.494688 0.263611 0.00625 0.00999999 0.138428
0 0.4875 0.266667 0.00625 0.01 0.104492
0 0.47375 0.283889 0.00750001 0.0166667 0.0991211
7 0.265625 0.365833 0.00312498 0.00833333 0.0869141
7 0.75625 0.416111 0.00499999 0.0183333 0.0761108
2 0.127188 0.423333 0.0078125 0.0177778 0.0700684
0 0.378438 0.301111 0.00874999 0.0133334 0.0661011
0 0.419688 0.283333 0.00687501 0.0133333 0.0604248
0 0.4475 0.267222 0.00749998 0.00833333 0.0583496
7 0.149063 0.412222 0.00359376 0.0122222 0.0549927
0 0.444375 0.263889 0.00625 0.01 0.0535889
0 0.0504297 0.436667 0.0338281 0.0266667 0.0515442
0 0.394375 0.281667 0.00750001 0.0105556 0.0488586
0 0.47625 0.258889 0.00625 0.0111111 0.0467224
7 0.0551563 0.473333 0.00453125 0.0138889 0.0451965
0 0.0546094 0.430278 0.028125 0.0244444 0.0427246
7 0.72625 0.443333 0.00499999 0.0211111 0.0346069
2 0.00931152 0.488611 0.0135449 0.0422222 0.0332031
3 0.190938 0.373056 0.00562499 0.0233333 0.0296478
7 0.72125 0.450278 0.00749995 0.0216667 0.029541
2 0.196875 0.396111 0.0075 0.0255555 0.0287628
0 0.527188 0.276944 0.00749998 0.0111111 0.0285492
2 0.0187305 0.493333 0.0161719 0.0433333 0.0271759
0 0.404375 0.281389 0.00750001 0.00944443 0.0269623
7 0.07625 0.471111 0.004375 0.0133333 0.0257568
0 0.549375 0.312778 0.018125 0.0294444 0.0248871
7 0.165781 0.421111 0.0034375 0.0133334 0.0239563
3 0.84125 0.437778 0.0125 0.0555556 0.0235138
0 0.325625 0.336944 0.019375 0.0261111 0.0225372
0 0.075 0.433333 0.0323438 0.0288889 0.0224609
3 0.5525 0.328056 0.00812505 0.025 0.0222931
0 0.0767969 0.441111 0.0289063 0.0344445 0.0219421
3 0.129219 0.418333 0.0065625 0.0211111 0.021286
0 0.855 0.331111 0.035 0.0233333 0.0190582
7 0.0448828 0.472778 0.00726562 0.0255556 0.0185394
3 0.83875 0.436944 0.01125 0.0561111 0.0177765
0 0.354375 0.309444 0.0125 0.0166667 0.0177155
2 0.107109 0.471111 0.00921876 0.0305556 0.0167847
2 0.2125 0.370556 0.00718751 0.0188889 0.0161591
7 0.22375 0.371389 0.00406251 0.0133333 0.0161591
0 0.337813 0.321667 0.013125 0.0188889 0.0151291
0 0.470625 0.271111 0.00625 0.0105555 0.0127716
0 0.34875 0.339444 0.02 0.0311111 0.0120544
7 0.145469 0.407222 0.0034375 0.0133334 0.0119629
0 0.41375 0.280556 0.00625 0.01 0.0117798
2 0.196563 0.386389 0.00687499 0.0188889 0.0112
0 0.428438 0.271667 0.00625 0.01 0.0108185
0 0.466875 0.288333 0.00750001 0.0155556 0.0101318
7 0.685 0.350833 0.00374997 0.0133333 0.00971222
0 0.495 0.272222 0.00687501 0.0133333 0.00955963
7 0.67125 0.474444 0.00625 0.0266667 0.00930023
0 0.379688 0.29 0.00874999 0.0144444 0.00898743
7 0.0126758 0.542222 0.00583984 0.0166667 0.00841522
7 0.0158887 0.528889 0.00521484 0.0222222 0.00784302
7 0.70875 0.403611 0.00749995 0.0222222 0.00769424
7 0.154922 0.406667 0.00296876 0.0122222 0.00763702
0 0.0128296 0.418333 0.0144971 0.0166667 0.00629044
7 0.155313 0.416389 0.00343749 0.0133333 0.00542831
7 0.229688 0.373889 0.00374999 0.0111111 0.00530243
0 0.087793 0.436389 0.0356641 0.0272222 0.0051384
0 0.460625 0.282222 0.01 0.0144444 0.00510025
2 0.192188 0.37 0.00687499 0.0211111 0.0050621
0 0.50375 0.258611 0.00500002 0.00888889 0.00494385
0 0.0120117 0.436111 0.0240234 0.0277778 0.00468063
2 0.995 0.534444 0.00999997 0.07 0.0046463
2 0.555 0.306667 0.00874996 0.0255555 0.00453949
5 0.55 0.31 0.018125 0.0327778 0.00434875
0 0.00327637 0.425 0.00652344 0.0188889 0.00421524
7 0.745 0.422778 0.00374997 0.0155556 0.00416565
3 0.549063 0.266667 0.00625 0.0177778 0.0041008
7 0.221563 0.508333 0.008125 0.0288889 0.00402451
7 0.235156 0.368889 0.0028125 0.00888889 0.0039444
2 0.426875 0.325556 0.00875003 0.0188889 0.00391388
7 0.77875 0.348889 0.00750001 0.0255556 0.00383949
0 0.525938 0.262222 0.00499999 0.00999999 0.00362206
7 0.245313 0.383056 0.0034375 0.0111111 0.00359344
2 0.130938 0.424722 0.010625 0.0233333 0.00355148
3 0.250781 0.341389 0.00374999 0.0188889 0.00348282
0 0.484375 0.244444 0.00500002 0.00888889 0.00342941
0 0.514688 0.260556 0.00437498 0.00722224 0.00340271
7 0.255313 0.383889 0.00375001 0.0111111 0.00325966
0 0.854375 0.323333 0.0275 0.02 0.003088
0 0.71875 0.326667 0.035 0.0288889 0.00298119
0 0.8575 0.334167 0.04 0.0222222 0.00298119
0 0.00507813 0.401667 0.0100977 0.0188889 0.00286674
0 0.527188 0.27 0.00749998 0.0105555 0.00282288
0 0.325078 0.320833 0.0135937 0.0194444 0.00275803
3 0.845 0.435 0.015 0.0455556 0.00275803
0 0.42375 0.294444 0.00875003 0.0155556 0.00273705
7 0.0347656 0.487222 0.005 0.02 0.00271416
7 0.7075 0.405278 0.00499999 0.0177778 0.00270462
2 0.0251172 0.405 0.00757813 0.0211111 0.00253105
0 0.44375 0.272778 0.00625 0.0122222 0.0024929
7 0.725 0.376111 0.00499999 0.0277778 0.00235939
0 0.421563 0.315 0.01125 0.0177778 0.00225258
0 0.71875 0.311944 0.03625 0.0311111 0.00224304
0 0.7175 0.322778 0.03375 0.0211111 0.00208282
2 0.162539 0.370556 0.00929686 0.0222222 0.00206757
0 0.0147266 0.484444 0.0216406 0.0422222 0.0020504
7 0.0253516 0.533056 0.00578125 0.0261111 0.00189686
2 0.549688 0.319444 0.01375 0.03 0.00179577
0 0.16875 0.371944 0.030625 0.0233333 0.0017004
0 0.185 0.371944 0.0125 0.0233333 0.00168705
3 0.9925 0.533889 0.015 0.0677778 0.00168705
2 0.0340234 0.4 0.00796875 0.0233333 0.00162315
0 0.18375 0.381111 0.02125 0.0244444 0.00160408
3 0.25375 0.352222 0.004375 0.0144444 0.00137234
7 0.275 0.365 0.003125 0.00999999 0.00135612
2 0.0131055 0.406111 0.0108594 0.0194444 0.00134563
0 0.119219 0.444444 0.03625 0.0344444 0.00129414
7 0.56625 0.314444 0.00499999 0.0144444 0.0012846
0 0.169688 0.373889 0.021875 0.0205556 0.0012846
7 0.275313 0.352778 0.00375001 0.0111111 0.00126457
0 0.8075 0.323889 0.035 0.0233333 0.00118828
0 0.480625 0.291111 0.01 0.0155556 0.00117874
0 0.925 0.33 0.0325 0.0305556 0.0011692
2 0.105938 0.385278 0.00625 0.0172222 0.00115108
3 0.90625 0.474167 0.01 0.0572222 0.00113392
2 0.765625 0.301944 0.00625 0.0183333 0.00112057
0 0.0799609 0.426667 0.0355469 0.04 0.0011158
7 0.705 0.411389 0.00499999 0.0227778 0.00106525
0 0.455 0.263333 0.00374997 0.01 0.00105667
7 0.215313 0.400278 0.00562499 0.0172222 0.00105667
0 0.00448242 0.387222 0.00878906 0.0222222 0.00104046
7 0.235313 0.3825 0.00375001 0.0105555 0.00104046
