0 0.179844 0.674444 0.150312 0.275556 0.964355
0 0.345313 0.571667 0.1275 0.24 0.95166
0 0.785 0.915556 0.21625 0.166667 0.947754
0 0.034375 0.88 0.0684375 0.237778 0.940918
0 0.498125 0.397778 0.08375 0.159444 0.9375
0 0.278438 0.431667 0.100625 0.144444 0.935059
0 0.422188 0.278889 0.064375 0.0961111 0.924805
0 0.23125 0.382222 0.088125 0.118889 0.917969
1 0.671875 0.205278 0.14875 0.241111 0.916992
0 0.56 0.188194 0.0475 0.0725 0.90332
0 0.50625 0.125139 0.03125 0.0480556 0.898926
0 0.54875 0.106806 0.02875 0.0383333 0.891113
0 0.466875 0.114861 0.02875 0.0425 0.882324
0 0.279375 0.173333 0.04125 0.0488889 0.859863
0 0.119043 0.582222 0.121289 0.193333 0.85498
0 0.495 0.0611111 0.02 0.0255556 0.813965
0 0.53375 0.0709722 0.024375 0.0315278 0.803223
7 0.245625 0.282778 0.0078125 0.0244444 0.785156
0 0.765 0.0548611 0.03375 0.0236111 0.771973
0 0.380625 0.0747222 0.0175 0.0252778 0.771973
0 0.915 0.0847222 0.0275 0.0230556 0.770508
0 0.40875 0.0640972 0.0175 0.0215278 0.763672
0 0.0735938 0.256944 0.0351562 0.0344444 0.753418
5 0.344375 0.0695833 0.02625 0.0447222 0.749023
0 0.36 0.0813889 0.016875 0.0255556 0.749023
2 0.00497315 0.368333 0.00994629 0.0366667 0.73584
0 0.0138867 0.315 0.0274609 0.0344445 0.733887
0 0.425625 0.0579861 0.015625 0.0225 0.728027
0 0.0345898 0.291389 0.0308984 0.0344445 0.71875
0 0.289375 0.125417 0.02125 0.0258333 0.708984
0 0.785 0.0670139 0.0425001 0.0256944 0.700684
0 0.112031 0.214167 0.02875 0.0280556 0.6875
2 0.165781 0.203333 0.0096875 0.0286111 0.680664
0 0.828125 0.0716667 0.03625 0.0273611 0.673828
2 0.04625 0.318056 0.01625 0.035 0.662109
7 0.753125 0.164167 0.00625 0.0205556 0.651367
7 0.0308984 0.378333 0.00539062 0.0166667 0.647949
7 0.0440625 0.362222 0.00507813 0.0144444 0.631836
0 0.33125 0.105278 0.024375 0.0316667 0.629883
0 0.53125 0.0327778 0.01625 0.02 0.616699
0 0.0525 0.286667 0.0275 0.0311111 0.596191
7 0.94625 0.220278 0.00499999 0.0183333 0.584961
7 0.7725 0.145833 0.00499999 0.0188889 0.577637
0 0.96 0.0965972 0.0275 0.0211111 0.550781
0 0.39375 0.0590972 0.01375 0.0197222 0.511719
0 0.317656 0.0995833 0.0209375 0.0258333 0.505859
2 0.0738672 0.287778 0.0121875 0.0311111 0.503906
0 0.0435547 0.29 0.0452344 0.0355556 0.5
2 0.0750781 0.284444 0.0120313 0.0322222 0.498047
7 0.257969 0.266667 0.00812499 0.0244444 0.437744
3 0.106563 0.245833 0.00671875 0.035 0.435791
0 0.315 0.0980556 0.019375 0.0236111 0.414795
2 0.08375 0.275 0.0109375 0.0322222 0.401611
3 0.75625 0.112778 0.00750001 0.0394444 0.399902
0 0.366875 0.0685417 0.01375 0.0194444 0.394287
0 0.81 0.0615278 0.0325 0.0247222 0.394287
2 0.0495703 0.315556 0.014375 0.0333333 0.379395
0 0.3925 0.0567361 0.01375 0.02125 0.379395
7 0.77 0.13 0.00499999 0.0194444 0.345215
3 0.109766 0.241806 0.00640625 0.0352778 0.342529
3 0.670625 0.045434 0.00625 0.0263542 0.320801
3 0.115 0.24125 0.0071875 0.0336111 0.315674
3 0.143906 0.209444 0.00515625 0.0238889 0.312256
0 0.494063 0.0301389 0.009375 0.0122222 0.305664
0 0.306563 0.103194 0.014375 0.0219444 0.286133
0 0.425625 0.0529167 0.01375 0.0188889 0.282959
3 0.695 0.0476389 0.00499999 0.0308333 0.279785
0 0.403438 0.0475 0.0125 0.0169444 0.273682
3 0.249688 0.130139 0.00625 0.0222222 0.263672
0 0.378125 0.0707639 0.01625 0.0229167 0.256836
2 0.0497266 0.315833 0.0239844 0.0344445 0.251709
0 0.415 0.0484722 0.0125 0.0152778 0.224731
0 0.4325 0.0494444 0.01375 0.0175 0.208862
0 0.820625 0.0726389 0.0425 0.0286111 0.20813
2 0.244063 0.129583 0.00625 0.0205556 0.206909
7 0.946875 0.215278 0.00499999 0.0194444 0.204956
0 0.74125 0.0459722 0.03 0.0186111 0.204346
0 0.395 0.0509722 0.0125 0.0188889 0.202393
3 0.234375 0.123056 0.00625 0.0244444 0.199341
0 0.77875 0.0670833 0.0425 0.0288889 0.19812
0 0.431875 0.0265972 0.01 0.0147222 0.196167
0 0.79625 0.0547917 0.0275 0.0204167 0.194336
3 0.114453 0.245833 0.006875 0.0388889 0.190063
7 0.705625 0.0829167 0.00374997 0.015 0.189575
3 0.146406 0.214722 0.005 0.0305556 0.181885
2 0.67375 0.0459028 0.00499999 0.0245833 0.180054
0 0.323438 0.0926389 0.0175 0.0244444 0.180054
7 0.945 0.235 0.00499999 0.0172222 0.165039
0 0.332813 0.0956944 0.02 0.0225 0.161865
3 0.149766 0.209167 0.005 0.0272222 0.156128
2 0.18125 0.176944 0.008125 0.0227778 0.152588
7 0.7625 0.153889 0.00750001 0.0186111 0.145142
2 0.1225 0.194722 0.0084375 0.0216667 0.133423
3 0.0711719 0.292778 0.008125 0.0311111 0.131592
0 0.0524121 0.281111 0.0295508 0.03 0.131226
7 0.655 0.0590278 0.00375004 0.0141667 0.130737
0 0.371563 0.0644445 0.015625 0.0233333 0.119202
3 0.196094 0.159167 0.005 0.0233333 0.115967
7 0.74625 0.125 0.00500005 0.0177778 0.11438
0 0.28125 0.159583 0.03625 0.0322222 0.111267
0 0.961875 0.099375 0.02875 0.0226389 0.103394
3 0.196094 0.164167 0.0046875 0.0227778 0.101929
0 0.414375 0.0254167 0.01125 0.0177778 0.100891
0 0.805 0.0529861 0.0225 0.0191667 0.0987549
0 0.431563 0.0241319 0.009375 0.014375 0.0987549
0 0.0292529 0.291111 0.0236816 0.0322222 0.0984497
0 0.443125 0.0407118 0.01125 0.0182986 0.0963745
0 0.319531 0.0929167 0.0196875 0.0241667 0.0943604
0 0.785625 0.0704167 0.0475 0.0283333 0.0930176
0 0.33625 0.0945833 0.01875 0.0241667 0.0930176
0 0.808125 0.0573611 0.03 0.0236111 0.0917358
2 0.75 0.11191 0.00750001 0.0395139 0.088501
0 0.421875 0.0301736 0.00874999 0.0148611 0.0875854
0 0.387188 0.0540278 0.00999997 0.0197222 0.0872803
5 0.4125 0.0225694 0.014375 0.0169444 0.0786133
0 0.300938 0.109583 0.01625 0.0213889 0.076416
0 0.82375 0.0666667 0.0375 0.0252778 0.0742188
7 0.0944531 0.277222 0.00421875 0.0133333 0.0739746
2 0.0820508 0.281667 0.0115234 0.0333333 0.0718384
3 0.730625 0.08875 0.00749995 0.0447222 0.0713501
7 0.74625 0.128333 0.00500005 0.0177778 0.0705566
0 0.00390625 0.320278 0.0078125 0.0283333 0.0690308
0 0.394063 0.0372222 0.011875 0.0184722 0.0680542
0 0.0164746 0.310556 0.0314258 0.0366667 0.0658569
3 0.122891 0.230833 0.00671875 0.0222222 0.0621033
7 0.69375 0.078125 0.00375004 0.0144444 0.0614319
0 0.300625 0.105417 0.014375 0.0194444 0.0614319
0 0.495313 0.0645833 0.016875 0.0247222 0.0600891
3 0.69375 0.0533333 0.00499999 0.0286111 0.0592041
0 0.869375 0.0840972 0.02875 0.0219444 0.0564575
0 0.28125 0.152222 0.0371875 0.0255556 0.0562439
7 0.262188 0.261944 0.0075 0.0222222 0.0541992
0 0.52875 0.0435417 0.01375 0.0231944 0.0539856
0 0.79125 0.0566667 0.0325 0.0230556 0.0531921
3 0.0860156 0.265556 0.0120313 0.0338889 0.0524292
0 0.380625 0.0525 0.01625 0.0163889 0.0499573
7 0.730625 0.121111 0.00500005 0.0313889 0.0474243
0 0.00473145 0.277778 0.00946289 0.0233333 0.0456848
3 0.709375 0.0641667 0.00499999 0.0244444 0.0453491
0 0.361875 0.0792361 0.02 0.0263889 0.0437012
0 0.46375 0.00868056 0.00625 0.00986111 0.0422363
7 0.65625 0.0517361 0.00375004 0.01375 0.0422363
2 0.179063 0.178611 0.010625 0.0222222 0.0422363
7 0.0123804 0.386667 0.00742676 0.0155556 0.0417786
2 0.122188 0.234167 0.0075 0.0272222 0.0405273
0 0.286563 0.127083 0.025625 0.0261111 0.0403748
0 0.44375 0.033125 0.01 0.0170833 0.0402527
0 0.46 0.00510417 0.00625 0.0102083 0.0399475
7 0.705 0.0434722 0.00499999 0.0180556 0.0396423
0 0.408125 0.0298611 0.00875003 0.0168056 0.0386047
2 0.165469 0.209306 0.01 0.0352778 0.0384521
3 0.735 0.0807639 0.00499999 0.0259722 0.0380249
0 0.503125 0.00833333 0.00687501 0.0104167 0.0350037
3 0.110938 0.253333 0.0065625 0.0355556 0.0340881
3 0.691875 0.0479167 0.00499999 0.0272222 0.0337219
3 0.694375 0.0379861 0.00499999 0.0230556 0.0327148
0 0.455313 0.00895833 0.00687501 0.0100694 0.0323486
0 0.473125 0.00993056 0.00750001 0.0106944 0.0322266
7 0.594375 0.0451389 0.00374997 0.0127778 0.0321045
7 0.135547 0.240556 0.00421875 0.015 0.0278015
7 0.0660156 0.305556 0.0046875 0.0216667 0.0271759
3 0.71375 0.117917 0.00875003 0.0425 0.0270691
3 0.232188 0.12375 0.00625 0.0233333 0.0259552
2 0.173125 0.184028 0.0065625 0.0227778 0.0243378
0 0.500625 0.00505208 0.00625 0.0101042 0.0240479
0 0.106094 0.218333 0.0171875 0.0244445 0.0225372
0 0.73375 0.0494444 0.0300001 0.0194444 0.0215302
0 0.84125 0.0801389 0.04 0.0241667 0.0214539
7 0.0046875 0.395556 0.00677734 0.0211111 0.0211182
0 0.35125 0.0777778 0.01375 0.0347222 0.0204926
2 0.75125 0.108403 0.00750001 0.0401389 0.02034
2 0.204219 0.15 0.01375 0.025 0.0193481
0 0.936875 0.0904167 0.02375 0.0213889 0.0190582
3 0.7125 0.119306 0.00750001 0.0394445 0.0184784
3 0.209531 0.154444 0.00625 0.0261111 0.0183716
7 0.70875 0.0825 0.00500005 0.0241667 0.0183411
7 0.65625 0.0988889 0.0125 0.0277778 0.0176392
3 0.148906 0.219167 0.00687499 0.0311111 0.0174408
0 0.44625 0.0135417 0.00750001 0.0127778 0.0170441
3 0.185 0.157222 0.0046875 0.0288889 0.016983
7 0.690625 0.085625 0.00375004 0.0159722 0.0167847
2 0.206875 0.144861 0.00874999 0.0213889 0.0167236
0 0.00705078 0.273889 0.014082 0.0233333 0.0158997
3 0.190625 0.16 0.00562501 0.0283333 0.0154266
0 0.340938 0.0741667 0.020625 0.0327778 0.0146179
0 0.8275 0.0771528 0.0425 0.0313889 0.0145035
0 0.9725 0.104444 0.0300001 0.0211111 0.014061
3 0.154063 0.209167 0.00531251 0.0258333 0.014061
0 0.91125 0.0808333 0.0275 0.0227778 0.014061
0 0.317969 0.106528 0.0221875 0.0280556 0.0135345
0 0.9725 0.107847 0.0199999 0.0251389 0.0134811
7 0.9475 0.223889 0.00500005 0.0238889 0.0124283
3 0.885 0.0605556 0.00500005 0.0211111 0.0123367
4 0.119063 0.581667 0.120625 0.191111 0.0119629
3 0.68375 0.0345833 0.00500005 0.0173611 0.0118713
7 0.0147461 0.397778 0.00523438 0.0155556 0.0116882
0 0.615313 0.119167 0.03625 0.0525 0.0115509
5 0.00506836 0.268056 0.0101367 0.0261111 0.0114212
7 0.190313 0.195694 0.005 0.0161111 0.0112
3 0.72625 0.0802778 0.00499999 0.0275 0.0111618
0 0.96125 0.105764 0.02875 0.02875 0.011116
7 0.70625 0.0722222 0.00499999 0.0209722 0.0109024
7 0.955625 0.265278 0.00499999 0.0188889 0.0108185
2 0.915 0.0723611 0.0175 0.0216667 0.0107803
2 0.66625 0.0375 0.00499999 0.0197222 0.0105286
0 0.8375 0.0722917 0.0425 0.0276389 0.0103683
2 0.66625 0.0420139 0.00499999 0.0229167 0.0103302
3 0.153672 0.213889 0.00718749 0.0305556 0.0100098
2 0.120234 0.195556 0.0128125 0.0230555 0.00997162
0 0.428125 0.0573611 0.01625 0.0213889 0.00981903
0 0.494688 0.0575 0.018125 0.0236111 0.00955963
7 0.105469 0.272222 0.0040625 0.0155556 0.00952148
3 0.73375 0.103264 0.00875003 0.0481944 0.00941467
0 0.105469 0.230556 0.0303125 0.0322222 0.00933838
2 0.47 0.06375 0.0125 0.0236111 0.00923157
7 0.685 0.0866667 0.00374997 0.0147222 0.00912476
7 0.2575 0.269722 0.01125 0.0394445 0.00901794
2 0.7475 0.110278 0.00875003 0.0447222 0.0088501
2 0.0363281 0.258889 0.00875 0.0177778 0.00861359
2 0.252969 0.130556 0.00562499 0.0216667 0.00834656
3 0.47125 0.0627778 0.00750001 0.0233333 0.00834656
7 0.65125 0.0566667 0.00374997 0.0127778 0.00834656
3 0.140938 0.2075 0.00562499 0.0233333 0.00828552
7 0.7675 0.136389 0.00750001 0.0172222 0.00800323
7 0.745 0.170833 0.00499999 0.0191667 0.00784302
7 0.685 0.0413194 0.00499999 0.0201389 0.00772476
3 0.99 0.188056 0.00750001 0.0544444 0.00748825
3 0.733125 0.0720139 0.00625 0.0286111 0.00746155
2 0.735 0.0358333 0.01625 0.0183333 0.00725937
0 0.995 0.121528 0.00999997 0.025 0.0069313
0 0.091875 0.239444 0.0115625 0.0311111 0.0068779
2 0.78375 0.0316667 0.00625 0.0169444 0.00682449
7 0.695 0.0975 0.00499999 0.0154167 0.00671768
2 0.0767969 0.230278 0.0110938 0.0188889 0.00658798
2 0.733125 0.12059 0.00625 0.0249306 0.0064621
0 0.0389648 0.310278 0.0216797 0.0388889 0.00631332
2 0.0486328 0.322222 0.0146094 0.04 0.00624084
0 0.085 0.24125 0.015 0.0263889 0.00582123
0 0.44875 0.01875 0.00875003 0.0120833 0.00575256
0 0.908125 0.0863194 0.03 0.0230556 0.00564194
7 0.0321094 0.378889 0.00671875 0.0177778 0.00538635
2 0.615625 0.0276389 0.00375004 0.0133333 0.00534439
7 0.615 0.0472222 0.00374997 0.0102778 0.00524139
2 0.675 0.036875 0.00499999 0.0204167 0.00518036
3 0.71625 0.11625 0.00750001 0.0455556 0.00510025
0 0.635938 0.1025 0.040625 0.0352778 0.00502014
0 0.530938 0.0401389 0.018125 0.02875 0.00500107
0 0.641875 0.103472 0.05125 0.0391667 0.00484848
7 0.0143164 0.365833 0.00580078 0.0255556 0.00477219
2 0.93125 0.0863889 0.015 0.0172222 0.00471878
2 0.705 0.0313889 0.00499999 0.0152778 0.0046463
0 0.85625 0.0798611 0.0325 0.0240278 0.00443268
0 0.985 0.116424 0.00999997 0.0165972 0.00436401
7 0.766875 0.123194 0.00625 0.0272222 0.00431442
2 0.0372656 0.246389 0.00796875 0.0194444 0.00424957
0 0.544375 0.0530556 0.00750001 0.0181944 0.00419998
0 0.549375 0.0208333 0.0112501 0.0108333 0.00418091
7 0.585625 0.0467361 0.00374997 0.0116667 0.00403976
7 0.0269531 0.373611 0.00613281 0.0188889 0.00403976
0 0.292813 0.128472 0.028125 0.0308333 0.00397491
0 0.0106934 0.282778 0.0152539 0.0211111 0.00397491
0 0.74 0.0370833 0.0199999 0.0190278 0.00395966
7 0.77125 0.129444 0.00875003 0.0277778 0.00388527
3 0.144531 0.173056 0.004375 0.0183333 0.00388527
3 0.17 0.1625 0.00562501 0.0205556 0.00382423
0 0.624375 0.10625 0.0300001 0.0397222 0.00370789
7 0.604375 0.0447049 0.00374997 0.0158681 0.00337601
0 0.935 0.0955556 0.0300001 0.0243056 0.00337601
0 0.73125 0.0530556 0.01 0.0197222 0.00331116
3 0.728125 0.0969444 0.00874996 0.0483333 0.00327301
0 0.914375 0.07625 0.0275 0.0281944 0.00317192
5 0.00433106 0.251667 0.00866211 0.0327778 0.00311089
3 0.675 0.051875 0.00499999 0.02875 0.00307465
0 0.6575 0.106806 0.02 0.0433333 0.00305176
0 0.99 0.121944 0.01125 0.0205556 0.00305176
7 0.0282422 0.378611 0.00765625 0.0194444 0.00298119
1 0.386875 0.0334722 0.0625 0.0563889 0.00290108
2 0.7225 0.115 0.02 0.0522222 0.00282288
0 0.496563 0.0118056 0.00625 0.00895833 0.00275803
2 0.214688 0.140833 0.004375 0.0155555 0.00275803
0 0.43375 0.0159028 0.01 0.01625 0.00271416
2 0.71375 0.0344444 0.00499999 0.0166667 0.00269318
1 0.399375 0.0251042 0.02875 0.0434028 0.00266266
7 0.253125 0.269167 0.010625 0.03 0.00265312
0 0.61875 0.123194 0.0425 0.0658333 0.00259018
0 0.61375 0.104167 0.01875 0.0311111 0.00257111
2 0.72625 0.0751389 0.00750001 0.0316667 0.00250244
3 0.67 0.0253472 0.00750001 0.0225 0.00239754
0 0.47 0.015 0.00625 0.0141667 0.002388
3 0.254375 0.124306 0.00375001 0.0175 0.00237846
0 0.287188 0.133611 0.0325 0.0416667 0.00230598
2 0.71375 0.0709722 0.00750001 0.0316667 0.00226974
7 0.0345703 0.35 0.00421875 0.0144444 0.00226974
2 0.615625 0.0158333 0.00437501 0.0158333 0.00221634
7 0.7275 0.128472 0.00749995 0.0308333 0.00219917
0 0.704375 0.121944 0.0275 0.0463889 0.00219154
7 0.700625 0.0776389 0.00499999 0.0193056 0.00215721
3 0.224688 0.122778 0.005 0.025 0.00213242
0 0.515625 0.00944445 0.00625 0.00930556 0.00203514
7 0.260625 0.266667 0.01 0.0266667 0.00201035
