0 0.510938 0.0879861 0.058125 0.0402778 0.896484
0 0.368438 0.0757639 0.0175 0.0233333 0.839844
7 0.245313 0.280278 0.0075 0.0222222 0.835449
0 0.513438 0.0235069 0.01125 0.0149306 0.825684
0 0.0366797 0.304167 0.0336719 0.0405556 0.824219
0 0.7675 0.0894445 0.05 0.03375 0.823242
0 0.220625 0.162639 0.035625 0.0347222 0.822266
7 0.744375 0.173611 0.00625 0.0211111 0.822266
2 0.0771875 0.3275 0.0214063 0.0455556 0.816895
7 0.7025 0.199167 0.00749995 0.0252778 0.810547
5 0.345625 0.118056 0.03375 0.0411111 0.806641
0 0.111563 0.218056 0.0317188 0.0338889 0.78125
2 0.0215039 0.365 0.0165234 0.0422222 0.778809
1 0.346875 0.0706944 0.02875 0.0455556 0.774414
0 0.435 0.0458333 0.01125 0.0183333 0.754883
7 0.6925 0.183889 0.00499999 0.0222222 0.743164
0 0.83375 0.07375 0.035 0.0252778 0.728027
5 0.412188 0.0375 0.018125 0.0323611 0.723145
2 0.628125 0.0393056 0.01375 0.02 0.713867
0 0.3275 0.0888889 0.015 0.0216667 0.713867
0 0.388125 0.0788889 0.019375 0.0281944 0.700684
0 0.873125 0.07 0.0275 0.0205556 0.682617
0 0.0585938 0.266389 0.0376563 0.0372222 0.662109
2 0.6 0.0400694 0.01625 0.0222222 0.658203
7 0.753125 0.163056 0.00499999 0.0194444 0.640625
7 0.945 0.2225 0.00499999 0.0172222 0.640625
4 0.77875 0.0484549 0.0675001 0.0533681 0.638672
7 0.164219 0.203472 0.00375001 0.0125 0.633301
0 0.0508203 0.281944 0.0338281 0.0372222 0.615234
7 0.77 0.126528 0.00499999 0.0158333 0.584961
0 0.0125977 0.312222 0.0251953 0.0411111 0.563965
0 0.4175 0.0686111 0.019375 0.0272222 0.560059
0 0.0147656 0.300278 0.0275781 0.0283333 0.560059
0 0.38625 0.0675 0.015 0.0220833 0.548828
0 0.434688 0.0697222 0.040625 0.0272222 0.535156
0 0.895 0.08375 0.0325 0.0266667 0.53125
0 0.399375 0.0586806 0.015 0.0213889 0.517578
0 0.8775 0.0761111 0.0275 0.0244444 0.472656
5 0.83875 0.0604167 0.0475 0.0327778 0.46875
2 0.6125 0.0388889 0.01125 0.0204167 0.464844
7 0.0441406 0.359444 0.00539062 0.0166667 0.451416
1 0.395313 0.0326389 0.019375 0.0338889 0.422607
0 0.363438 0.0702083 0.014375 0.0240278 0.422607
7 0.773125 0.146111 0.00499999 0.0183333 0.411133
7 0.675 0.0502083 0.00375004 0.01125 0.401611
0 0.384375 0.0504167 0.01125 0.0147222 0.394287
0 0.39625 0.0527778 0.01375 0.0194444 0.392334
0 0.923125 0.0858333 0.02625 0.0213889 0.368408
0 0.784375 0.0644445 0.0562501 0.0290278 0.364746
0 0.8875 0.0804861 0.0325 0.025 0.345215
0 0.0557031 0.273333 0.0378125 0.0377778 0.344238
0 0.7825 0.0659722 0.04 0.0272222 0.336426
7 0.70625 0.0805556 0.00499999 0.0122222 0.332764
0 0.375938 0.0659722 0.011875 0.0191667 0.325928
2 0.213438 0.139306 0.00625 0.0191667 0.317383
7 0.145 0.210556 0.0034375 0.0116667 0.312256
7 0.74875 0.127778 0.00249996 0.0172222 0.297363
0 0.77375 0.0677778 0.04 0.0277778 0.289307
0 0.93125 0.0700694 0.0275 0.0243056 0.286133
7 0.258438 0.262778 0.0075 0.0233333 0.282959
0 0.945625 0.0727778 0.02625 0.02125 0.265869
0 0.875 0.0729167 0.03 0.0244444 0.233765
2 0.602188 0.0382639 0.018125 0.0222222 0.223999
5 0.345625 0.0716667 0.029375 0.0469444 0.218628
0 0.93 0.0819444 0.035 0.0280556 0.214722
0 0.825 0.0609028 0.0275 0.0306944 0.210815
0 0.360625 0.0551389 0.013125 0.02 0.205566
0 0.9325 0.0784722 0.03 0.0286111 0.181885
0 0.391875 0.0570833 0.0125 0.0218056 0.175537
0 0.82875 0.0732639 0.0375 0.0290278 0.172729
5 0.825 0.0590278 0.0275 0.0302778 0.171631
5 0.432188 0.0700694 0.045 0.0270833 0.165039
0 0.444375 0.0144097 0.00749998 0.0123611 0.157104
0 0.37375 0.06 0.01375 0.0175 0.148071
7 0.285469 0.117778 0.00281251 0.00888889 0.143677
7 0.7625 0.153194 0.00625 0.0191667 0.139404
0 0.38125 0.0677778 0.013125 0.0261111 0.139404
0 0.46 0.00489583 0.00625 0.00979167 0.137573
0 0.871875 0.0704167 0.035 0.0236111 0.129395
0 0.453125 0.00888889 0.00687501 0.00875 0.128906
0 0.7675 0.0561111 0.0375 0.0251389 0.119995
7 0.946875 0.214167 0.00499999 0.0183333 0.111267
0 0.345625 0.116944 0.033125 0.0422222 0.107422
7 0.7475 0.1275 0.00499999 0.0188889 0.102661
0 0.0502734 0.288889 0.0351563 0.0455555 0.0960083
7 0.0275 0.365833 0.00984375 0.0411111 0.092041
0 0.926875 0.0744444 0.03125 0.0277778 0.0859985
0 0.896875 0.0880556 0.03375 0.0291667 0.085083
0 0.9075 0.0910417 0.03375 0.0251389 0.0745239
0 0.914375 0.0895833 0.03125 0.0263889 0.0734253
7 0.294375 0.115 0.00343749 0.0102778 0.0668335
0 0.38 0.0519444 0.01375 0.0152778 0.0639648
0 0.77625 0.0701389 0.0525 0.0363889 0.0637207
0 0.211875 0.149861 0.028125 0.0280555 0.0632324
0 0.575 0.0220139 0.015 0.0126389 0.0596619
7 0.0845313 0.282778 0.004375 0.0144444 0.0554199
0 0.422188 0.0283333 0.00875003 0.0159028 0.0514526
0 0.425 0.0690972 0.035 0.0311111 0.048584
0 0.442188 0.0308681 0.009375 0.018125 0.0463867
7 0.7525 0.165694 0.00625 0.0216667 0.0450134
0 0.0210547 0.295 0.023125 0.0311111 0.0408325
0 0.424063 0.0486111 0.00812502 0.0163889 0.0380249
5 0.0206641 0.245139 0.0179297 0.0236111 0.0350037
5 0.00546875 0.253333 0.00947266 0.0244444 0.0347595
7 0.746875 0.125278 0.00499999 0.02 0.0339661
3 0.0103613 0.266667 0.00908203 0.0222222 0.033844
0 0.500313 0.00347222 0.00750001 0.00694444 0.0333862
0 0.88 0.0805556 0.0275 0.025 0.0314941
0 0.76125 0.0395139 0.03125 0.0351389 0.0284424
0 0.451563 0.0157639 0.00874999 0.0131944 0.0266571
7 0.254219 0.134167 0.00374999 0.01 0.0250854
3 0.015498 0.263333 0.00720703 0.0172222 0.0239563
0 0.345625 0.0743056 0.028125 0.0341667 0.0219879
0 0.891875 0.0863889 0.0375 0.0308333 0.0210419
7 0.65 0.0557639 0.00249996 0.00930555 0.0207214
0 0.930625 0.0652778 0.02375 0.0216667 0.0204468
5 0.0185547 0.246944 0.014375 0.0233333 0.02034
0 0.217813 0.156389 0.030625 0.03 0.0191193
0 0.485 0.00829861 0.00500002 0.00958333 0.0188293
7 0.0125488 0.375833 0.00779297 0.0227778 0.0187225
0 0.8725 0.0656944 0.0275 0.0222222 0.0181274
3 0.18375 0.166944 0.005 0.0216667 0.0175171
2 0.208438 0.143889 0.016875 0.0255556 0.016922
4 0.8 0.0522917 0.0375001 0.0426389 0.016098
0 0.355625 0.0563194 0.011875 0.0220833 0.0160217
7 0.140156 0.213889 0.004375 0.0133333 0.0157776
7 0.25 0.129722 0.00374999 0.0127778 0.0156708
7 0.69375 0.0773611 0.00499999 0.0133333 0.0153656
3 0.195625 0.157222 0.008125 0.0216667 0.0150146
7 0.510625 0.801111 0.00625 0.0155555 0.0147324
0 0.434063 0.01125 0.00687501 0.00930556 0.0145035
7 0.69625 0.0496528 0.00250003 0.0106944 0.0136871
0 0.204219 0.147639 0.0259375 0.0325 0.0130692
7 0.77875 0.146944 0.00750001 0.0186111 0.0128708
2 0.23625 0.139167 0.00531249 0.0194444 0.0125275
2 0.19 0.159583 0.008125 0.0227778 0.0123367
7 0.65625 0.0514583 0.00499999 0.0119444 0.0118713
2 0.88375 0.0554167 0.00750001 0.0213889 0.011734
0 0.195 0.162222 0.0234375 0.0261111 0.011467
0 0.0321924 0.287222 0.0352246 0.0388889 0.0112915
0 0.429375 0.0219792 0.01 0.0147917 0.0112457
7 0.6925 0.186389 0.00625 0.025 0.0111618
7 0.145938 0.220278 0.00375001 0.0113889 0.0106506
7 0.70375 0.0469444 0.00374997 0.0111111 0.00993347
0 0.426875 0.0114583 0.00750001 0.00875 0.00971222
7 0.243438 0.136111 0.005 0.0144444 0.00971222
7 0.67 0.0518056 0.00250003 0.0116667 0.00971222
0 0.33625 0.114028 0.016875 0.0452778 0.00967407
7 0.940625 0.220833 0.00499999 0.0183333 0.00959778
0 0.50625 0.00695313 0.00625 0.00970486 0.00888062
0 0.0582813 0.256597 0.0326562 0.0334722 0.00881195
5 0.0586328 0.262778 0.03875 0.045 0.00793457
2 0.0126782 0.278611 0.0130811 0.0177778 0.00775528
2 0.7175 0.0714583 0.01 0.0290278 0.00763702
0 0.939375 0.0813889 0.035 0.03 0.00701141
0 0.0117188 0.319444 0.0226953 0.0511111 0.00669098
3 0.733125 0.0345486 0.00499999 0.0174306 0.00664139
0 0.763125 0.0710417 0.04 0.0304167 0.00626373
0 0.995313 0.13125 0.00937494 0.0352778 0.006073
2 0.7025 0.025625 0.00749995 0.0151389 0.005867
7 0.700625 0.0775 0.00499999 0.0163889 0.00577545
0 0.99625 0.125 0.00749995 0.0330556 0.0055542
2 0.655 0.0344792 0.00499999 0.0167361 0.00553513
7 0.7725 0.14125 0.00499999 0.0194444 0.00540543
0 0.44125 0.0444271 0.01125 0.0200347 0.00486755
0 0.00478027 0.281944 0.00834961 0.02 0.00486755
7 0.135625 0.222083 0.00421875 0.0136111 0.00477219
5 0.375 0.0346875 0.01375 0.0292361 0.0046463
0 0.926875 0.085 0.0325 0.0347222 0.00460815
0 0.9475 0.0669444 0.0225 0.0266667 0.00450516
0 0.8825 0.0722222 0.0325 0.0222222 0.00436401
0 0.43625 0.0324306 0.00875003 0.0148611 0.00428009
7 0.274844 0.119167 0.003125 0.00833334 0.00421524
7 0.715 0.0497222 0.00374997 0.01375 0.00397491
2 0.0761719 0.298333 0.00984376 0.0155555 0.00397491
7 0.7725 0.12375 0.00625 0.0191667 0.00387001
3 0.0748438 0.245972 0.00640625 0.0163889 0.0037365
0 0.581875 0.0254167 0.03 0.0145833 0.00367928
7 0.0826563 0.291111 0.006875 0.0155556 0.00337601
0 0.0398047 0.277778 0.0530469 0.04 0.00332451
7 0.694375 0.0640278 0.00250003 0.00833333 0.00329781
0 0.8325 0.0781944 0.035 0.0297222 0.00323486
7 0.69 0.0536111 0.00250003 0.0109722 0.00322342
3 0.150781 0.170556 0.00531249 0.0233333 0.00286674
0 0.9325 0.0855556 0.035 0.0358333 0.00273705
0 0.99 0.122917 0.0199999 0.0286111 0.00268364
0 0.9425 0.0901389 0.035 0.0336111 0.00257111
7 0.9475 0.225 0.00500005 0.0205556 0.00235939
7 0.0835938 0.240139 0.00609375 0.0158334 0.00226021
0 0.7575 0.0361111 0.0275 0.0230556 0.00225258
7 0.65625 0.0606944 0.00249996 0.0102778 0.00209999
0 0.749375 0.0487326 0.00999997 0.0283681 0.00202751
0 0.463125 0.00840278 0.00625 0.00916667 0.00200272
0 0.9875 0.135556 0.0249999 0.0311111 0.00200272
0 0.193438 0.163056 0.00999999 0.0233333 0.0019722
5 0.3725 0.0402951 0.02125 0.0374653 0.00194168
4 0.7925 0.0444271 0.0375 0.0447569 0.00183868
2 0.610625 0.0306944 0.00687497 0.0244444 0.00181007
7 0.275625 0.131111 0.00406249 0.0133333 0.00178242
2 0.123281 0.191944 0.0078125 0.0188889 0.00174141
7 0.0322461 0.378611 0.00625 0.0161111 0.0017271
7 0.645 0.0638889 0.00250003 0.01 0.0015974
7 0.168438 0.201389 0.0046875 0.0141667 0.00158501
0 0.9 0.0738889 0.02 0.0225 0.00157356
7 0.164844 0.196944 0.00374999 0.0172222 0.00156116
2 0.61125 0.0460938 0.01125 0.0244792 0.00142097
2 0.627813 0.04625 0.01375 0.0268056 0.00139904
3 0.153047 0.171667 0.00562499 0.0166667 0.00137234
3 0.733125 0.0406771 0.00499999 0.0211458 0.00134087
0 0.951875 0.0794444 0.03375 0.0258333 0.00132465
1 0.376563 0.0353472 0.033125 0.04875 0.00130463
2 0.0316602 0.245972 0.0119531 0.0186111 0.00127411
7 0.49 0.946667 0.00750001 0.0244445 0.00124931
0 0.324063 0.0897222 0.020625 0.0206944 0.00123978
0 0.415 0.0156944 0.00625 0.0127778 0.0012207
4 0.0217188 0.254167 0.0186719 0.0244444 0.00118351
0 0.40375 0.0752778 0.01375 0.0244444 0.00116062
0 0.5825 0.0227083 0.029375 0.0170833 0.00115108
7 0.247188 0.276111 0.00999999 0.0255555 0.00104046
0 0.42 0.00621528 0.00874999 0.0124306 0.00103188
7 0.257969 0.266111 0.0078125 0.0255556 0.00102425
