0 0.511875 0.858333 0.17125 0.28 0.961914
0 0.699375 0.738889 0.17375 0.377778 0.95752
0 0.948125 0.897778 0.10375 0.2 0.956543
0 0.81375 0.515556 0.1525 0.241111 0.955078
0 0.346328 0.541111 0.118594 0.221111 0.953613
0 0.272813 0.314444 0.07875 0.108889 0.952637
0 0.709375 0.307708 0.09625 0.120139 0.944336
0 0.4975 0.466111 0.091875 0.18 0.941895
0 0.249219 0.94 0.159688 0.12 0.941895
0 0.405313 0.342778 0.079375 0.128889 0.937988
0 0.507188 0.322222 0.069375 0.116667 0.934082
5 0.610625 0.318889 0.1275 0.222222 0.912598
0 0.257188 0.158889 0.03375 0.0355555 0.894043
5 0.0368359 0.275069 0.0457813 0.0620833 0.891113
0 0.581875 0.0844444 0.0625 0.0352778 0.888184
0 0.399375 0.156806 0.0325 0.0511111 0.88623
0 0.44875 0.0940972 0.04 0.0323611 0.881836
0 0.95 0.118299 0.03 0.0334028 0.869629
0 0.330313 0.154722 0.033125 0.0461111 0.864258
0 0.79375 0.0898611 0.04875 0.0347222 0.85791
2 0.513438 0.102986 0.019375 0.0356944 0.855957
0 0.314375 0.128333 0.038125 0.0372222 0.854004
0 0.174844 0.183611 0.0353125 0.0383333 0.837402
0 0.75625 0.0631944 0.04 0.025 0.829102
0 0.0323096 0.302778 0.0311621 0.0444444 0.824219
0 0.415 0.0670833 0.01875 0.0218056 0.820801
0 0.55125 0.0254861 0.01625 0.0159722 0.806641
0 0.00705078 0.325833 0.0141016 0.0283333 0.805664
3 0.361875 0.337778 0.0175 0.0922222 0.786621
7 0.743125 0.173194 0.00625 0.0216667 0.775879
7 0.241875 0.282222 0.008125 0.0244444 0.766113
1 0.148594 0.18 0.0746875 0.0827778 0.763672
0 0.825 0.0597222 0.0325 0.0238889 0.737305
7 0.256563 0.262222 0.00687499 0.0183333 0.720215
0 0.07125 0.262708 0.0342188 0.0345833 0.715332
0 0.344375 0.0823611 0.0175 0.0236111 0.708984
0 0.93625 0.0911111 0.0225 0.0222222 0.708984
0 0.364688 0.0733333 0.01625 0.0230556 0.699219
0 0.830625 0.0711111 0.0325 0.0258333 0.677246
2 0.280156 0.131528 0.01125 0.0247222 0.666992
0 0.32625 0.0894445 0.01625 0.0215278 0.665527
1 0.359688 0.0561806 0.025 0.0386111 0.638672
2 0.0771875 0.281667 0.0190625 0.0372222 0.638672
0 0.427813 0.0526389 0.014375 0.0202778 0.638672
0 0.651406 0.0342361 0.0321875 0.0191667 0.635254
7 0.94375 0.219722 0.00499999 0.015 0.613281
7 0.0280469 0.378889 0.00472656 0.0177778 0.607422
0 0.975 0.103889 0.02 0.0186111 0.59082
0 0.413125 0.0438715 0.01125 0.0158681 0.563965
2 0.224375 0.136944 0.00625 0.0216667 0.558105
2 0.6125 0.0361111 0.01125 0.0213889 0.546875
2 0.268438 0.119444 0.009375 0.0211111 0.505859
0 0.381875 0.0697917 0.0175 0.0236111 0.503906
7 0.7525 0.161389 0.00500005 0.02 0.489258
0 0.633125 0.0390972 0.02125 0.01875 0.466797
7 0.7675 0.131389 0.00499999 0.0172222 0.460938
0 0.4025 0.0495833 0.01125 0.0188889 0.430176
2 0.27 0.119444 0.010625 0.02 0.418701
7 0.701875 0.197778 0.00750001 0.025 0.40918
0 0.0051709 0.273889 0.0103418 0.0244444 0.395996
0 0.373125 0.0609722 0.00999997 0.0188889 0.390381
0 0.404375 0.0576389 0.01375 0.0197222 0.390381
0 0.393125 0.0581944 0.01375 0.0254167 0.366699
0 0.426875 0.0313889 0.00999997 0.01375 0.359375
0 0.33875 0.0823611 0.0125 0.0208333 0.354004
7 0.704375 0.0785417 0.00374997 0.0118056 0.354004
0 0.346875 0.0840278 0.01875 0.0247222 0.336426
0 0.375625 0.0572917 0.014375 0.0231944 0.320068
2 0.272188 0.119306 0.00812499 0.02 0.315674
2 0.61 0.0390451 0.015 0.0210764 0.313965
7 0.745 0.124861 0.00499999 0.0161111 0.295898
7 0.74625 0.127917 0.00500005 0.0177778 0.289307
0 0.379375 0.0688194 0.015 0.02375 0.286865
0 0.340625 0.0772222 0.0125 0.02 0.270508
0 0.430625 0.0231597 0.009375 0.0125 0.268066
7 0.945 0.213056 0.00499999 0.0166667 0.267334
0 0.431875 0.0258333 0.009375 0.0138889 0.259766
0 0.391875 0.0465278 0.0125 0.0158333 0.256836
0 0.378125 0.0500694 0.015 0.0254167 0.253906
7 0.75375 0.159722 0.00499999 0.0188889 0.243652
2 0.628125 0.0360417 0.01125 0.0176389 0.218018
0 0.444375 0.0140278 0.00874999 0.0113889 0.213379
2 0.633125 0.0390104 0.02125 0.0186458 0.211426
7 0.0427344 0.359444 0.00546875 0.0166667 0.203735
7 0.70125 0.0775694 0.00499999 0.0163889 0.178345
0 0.415938 0.0620833 0.015625 0.0216667 0.177246
2 0.0734375 0.291667 0.0175 0.0288889 0.175537
7 0.7 0.201389 0.00750001 0.0333333 0.170532
0 0.453125 0.00930556 0.00625 0.00881945 0.145142
0 0.82625 0.0666667 0.04 0.0294444 0.141235
7 0.766875 0.1325 0.00499999 0.0141667 0.138916
7 0.0673438 0.297222 0.00671875 0.0166667 0.122498
0 0.498438 0.00373264 0.00749998 0.00746528 0.119202
0 0.00523438 0.269722 0.0104688 0.0238889 0.117981
0 0.41625 0.0321528 0.00749998 0.0122222 0.110107
2 0.295625 0.101528 0.00562499 0.0158333 0.10968
0 0.141328 0.198472 0.0370313 0.0411111 0.103027
0 0.424688 0.0593056 0.014375 0.0216667 0.0980835
0 0.40375 0.0317361 0.00874999 0.0109028 0.0927124
3 0.365625 0.340556 0.0175 0.106667 0.0923462
5 0.4375 0.0109028 0.00749998 0.0125694 0.0894775
0 0.34375 0.0752778 0.0175 0.0244444 0.0847778
0 0.00783203 0.273333 0.0153516 0.0255555 0.0809326
0 0.459688 0.00486111 0.00562503 0.00972222 0.0730591
7 0.65625 0.0460417 0.00499999 0.00902778 0.0665894
0 0.975 0.109965 0.01875 0.0211806 0.0661011
1 0.148828 0.163333 0.0742187 0.05 0.0637207
7 0.65 0.0522917 0.00249996 0.0140278 0.0611877
2 0.3025 0.0997917 0.009375 0.0159722 0.0605164
0 0.34 0.0725 0.01375 0.0191667 0.0574951
2 0.281875 0.128889 0.009375 0.0266667 0.0490417
2 0.235 0.138889 0.004375 0.0172222 0.0445251
7 0.94125 0.218056 0.00500005 0.0155556 0.0428162
0 0.97 0.105556 0.0175 0.0180556 0.0408325
3 0.205938 0.151389 0.00562499 0.0211111 0.0405273
0 0.98 0.112083 0.015 0.0177778 0.0396423
2 0.663125 0.0384722 0.00750001 0.02 0.0391846
2 0.7275 0.0356944 0.00500005 0.01625 0.0389099
7 0.67125 0.0473611 0.00500005 0.0211111 0.0367737
0 0.165 0.161667 0.04125 0.0466667 0.0347595
0 0.00365723 0.293333 0.00708008 0.0183333 0.0339661
0 0.0287451 0.293333 0.0286035 0.0355555 0.0311432
0 0.128125 0.203056 0.0265625 0.0322222 0.0278015
0 0.0137524 0.268333 0.0175342 0.0405555 0.0274811
7 0.765 0.149167 0.00500005 0.0161111 0.0269623
7 0.77375 0.147222 0.00499999 0.0155556 0.025177
0 0.0241992 0.276389 0.0238672 0.0488889 0.0247955
0 0.41 0.0222222 0.00874999 0.0108333 0.0246124
7 0.68625 0.07875 0.00499999 0.0116667 0.0244293
0 0.78375 0.0856944 0.03125 0.0286111 0.0238647
1 0.3575 0.0602778 0.029375 0.0394444 0.0236053
0 0.121719 0.184722 0.0221875 0.0255555 0.0231476
3 0.73 0.0930556 0.00499999 0.0313889 0.0230713
7 0.253125 0.135556 0.005 0.00916666 0.0198669
7 0.690625 0.186667 0.00625 0.0238889 0.0150757
0 0.45 0.0168056 0.00625 0.01125 0.0144501
3 0.884375 0.0615278 0.00499999 0.0225 0.0137939
3 0.196875 0.153333 0.00781252 0.0261111 0.0134277
0 0.0171069 0.303889 0.0153955 0.0377778 0.0131683
0 0.94875 0.111389 0.03 0.0269444 0.0131226
5 0.173281 0.1575 0.046875 0.0427778 0.0131226
7 0.25 0.126944 0.005 0.0119444 0.0130234
7 0.73 0.121111 0.00499999 0.0216667 0.0114212
0 0.554375 0.0144097 0.00812499 0.0121528 0.0107346
0 0.16875 0.15 0.0315625 0.0283333 0.01017
0 0.97375 0.0991667 0.02 0.0194444 0.0100098
7 0.69 0.0523611 0.00250003 0.0113889 0.00963593
0 0.392813 0.0346528 0.00874999 0.0134722 0.0088501
0 0.18 0.170278 0.0296875 0.0266667 0.008255
0 0.780625 0.0808333 0.04125 0.0283333 0.00818634
0 0.416563 0.0716667 0.0225 0.0252778 0.00806427
7 0.766875 0.126389 0.00499999 0.0211111 0.00751877
7 0.673125 0.0413889 0.00499999 0.0181944 0.00746155
0 0.580938 0.0823611 0.048125 0.0341667 0.00723267
0 0.190938 0.148611 0.030625 0.0333333 0.00703812
2 0.7325 0.105972 0.00999997 0.0427778 0.00695801
7 0.240938 0.283889 0.0109375 0.0266667 0.00695801
2 0.612813 0.0309722 0.00874996 0.0241667 0.00677109
7 0.685625 0.0474306 0.00250003 0.00888889 0.00669098
0 0.547188 0.0136111 0.009375 0.0126389 0.00666809
3 0.22625 0.141111 0.00625 0.0277778 0.00656509
2 0.61 0.04625 0.01125 0.025 0.0064888
2 0.735 0.0340625 0.00499999 0.0152083 0.0064621
2 0.0463672 0.283056 0.0279688 0.0411111 0.00636292
2 0.120391 0.206111 0.0135938 0.0277778 0.00582123
0 0.0132715 0.303889 0.0256836 0.0311111 0.00582123
0 0.190313 0.143333 0.026875 0.025 0.0055542
2 0.204688 0.143611 0.00625 0.0211111 0.00536346
0 0.483438 0.00857639 0.00562499 0.00930556 0.00534439
3 0.29 0.0971528 0.00562499 0.0190278 0.00518036
2 0.8825 0.0511111 0.00874996 0.0172222 0.00502014
7 0.125781 0.218611 0.0053125 0.02 0.00498199
7 0.586875 0.0474306 0.00500005 0.0127778 0.00477219
3 0.71625 0.169444 0.0125 0.0786111 0.00475693
0 0.136875 0.187083 0.0496875 0.0641667 0.00469971
0 0.835 0.0763194 0.0449999 0.0248611 0.00460815
7 0.245313 0.1375 0.00406251 0.0102778 0.00457382
0 0.99625 0.127083 0.00749995 0.0280556 0.00453949
3 0.285313 0.103889 0.00437498 0.015 0.00450516
0 0.306563 0.131667 0.033125 0.0344444 0.00443268
7 0.595937 0.0471528 0.00499999 0.0143056 0.00439835
7 0.215313 0.153611 0.00375001 0.0111111 0.00439835
7 0.0553125 0.301111 0.00640625 0.03 0.00439835
1 0.361563 0.0493056 0.025625 0.0458333 0.00432968
3 0.222656 0.136389 0.00843749 0.0202778 0.00429916
2 0.67375 0.0341319 0.00499999 0.0154861 0.00415039
3 0.715 0.173056 0.00749995 0.0588889 0.00407028
7 0.74875 0.127222 0.00249996 0.0172222 0.00387001
0 0.83 0.0756944 0.0375 0.0344444 0.00385475
7 0.69375 0.048125 0.00375004 0.0106944 0.00382423
3 0.89 0.0627778 0.00374997 0.0227778 0.00379562
0 0.42625 0.0138889 0.00687501 0.0102083 0.0037365
2 0.715625 0.0679167 0.00750001 0.0225 0.00353813
3 0.89375 0.0672222 0.00499999 0.0155556 0.00322342
7 0.665 0.0635417 0.00374997 0.00833333 0.00316048
0 0.94125 0.0934722 0.0300001 0.0272222 0.00312424
7 0.258125 0.273889 0.030625 0.0333333 0.0029583
7 0.094375 0.274444 0.00437501 0.0177778 0.00292397
2 0.227813 0.135 0.008125 0.0222222 0.00286674
2 0.73125 0.0919444 0.01 0.0375 0.0028553
0 0.322422 0.100278 0.0176562 0.0175 0.00282288
0 0.99625 0.135278 0.00749995 0.0316667 0.00281143
0 0.44375 0.0239931 0.00749998 0.0132639 0.00273705
0 0.328125 0.148333 0.03875 0.0419444 0.00273705
7 0.00731445 0.379444 0.00759766 0.0266667 0.00254059
0 0.00425781 0.331667 0.00851563 0.0388889 0.00245285
2 0.274375 0.103889 0.00500002 0.0155556 0.0024147
0 0.75625 0.0551389 0.0325 0.0201389 0.00237846
3 0.0899219 0.204306 0.00515625 0.0219445 0.00232315
3 0.71 0.0579861 0.00625 0.0179167 0.00231361
7 0.706875 0.0709722 0.00499999 0.0175 0.00230598
0 0.38625 0.0330556 0.00750001 0.0118056 0.00214958
5 0.00418457 0.251389 0.00836914 0.0333333 0.0020752
7 0.7775 0.142222 0.00875003 0.0216667 0.0020752
0 0.3025 0.122917 0.016875 0.0263889 0.00202751
2 0.7125 0.0530556 0.00750001 0.0172222 0.00197983
1 0.359688 0.0374306 0.054375 0.0730556 0.00197983
0 0.49625 0.00875 0.00499999 0.00833333 0.0019722
0 0.124063 0.179722 0.0275 0.0333333 0.00193405
0 0.34625 0.0890278 0.0175 0.025 0.00191879
0 0.78125 0.0693056 0.015 0.0201389 0.00191212
3 0.0609375 0.284167 0.0109375 0.03 0.00186729
7 0.405 0.344444 0.07875 0.13 0.00182438
0 0.311094 0.0938194 0.0178125 0.0213889 0.00181007
2 0.785625 0.0511111 0.00875003 0.0194444 0.00174809
1 0.138516 0.178333 0.0554688 0.0566667 0.00171375
1 0.364375 0.046875 0.0175 0.0415278 0.00170708
2 0.267969 0.110556 0.00781248 0.0247222 0.00166798
0 0.575 0.879444 0.04625 0.241111 0.0015974
7 0.71 0.309514 0.0975 0.120972 0.00157356
0 0.115391 0.195833 0.0195313 0.0322222 0.00146675
0 0.439375 0.0459549 0.01375 0.0197569 0.00136662
0 0.593438 0.240972 0.054375 0.0675 0.00123501
7 0.254688 0.271944 0.014375 0.0338889 0.00123501
0 0.991875 0.104306 0.01375 0.0261111 0.00119686
7 0.255156 0.1225 0.004375 0.015 0.00119209
0 0.589375 0.261597 0.08 0.107917 0.0011692
0 0.639375 0.326111 0.07 0.138333 0.00114727
0 0.835 0.0725 0.0425001 0.0240278 0.00113392
0 0.580625 0.0777778 0.06 0.03 0.00109005
0 0.600313 0.257708 0.058125 0.100139 0.00109005
3 0.80375 0.0302778 0.00625 0.0172222 0.00106525
7 0.72625 0.132083 0.00499999 0.0144444 0.00106049
0 0.0801367 0.278056 0.0337891 0.0433333 0.00105286
7 0.239844 0.287222 0.0115625 0.0244445 0.00104046
2 0.7275 0.0413194 0.00749995 0.0168056 0.00102043
