0 0.350313 0.702778 0.105625 0.172222 0.949707
0 0.0627734 0.88 0.125547 0.217778 0.938965
0 0.4825 0.557222 0.06 0.0988889 0.936523
1 0.7025 0.581111 0.19 0.306667 0.928711
0 0.182852 0.826111 0.137422 0.212222 0.927734
0 0.19125 0.63 0.105625 0.133333 0.926758
0 0.421875 0.475833 0.05125 0.0827778 0.916016
0 0.0525391 0.624444 0.0766406 0.102222 0.908203
0 0.275156 0.634444 0.102188 0.126667 0.888184
0 0.0785938 0.548333 0.0646875 0.0766667 0.884766
0 0.4825 0.372778 0.0275 0.0388889 0.882324
0 0.51875 0.363333 0.02625 0.0405556 0.873047
0 0.440313 0.378889 0.02875 0.0433333 0.869629
0 0.23875 0.411667 0.03375 0.0455555 0.862305
0 0.551875 0.346667 0.02625 0.0466667 0.86084
1 0.092832 0.462778 0.121523 0.137778 0.854492
0 0.160586 0.460833 0.0432031 0.0555556 0.850098
0 0.475 0.331111 0.016875 0.0266667 0.848145
0 0.204844 0.405278 0.034375 0.0444444 0.829102
0 0.446875 0.347222 0.023125 0.0338889 0.813965
7 0.235625 0.503889 0.0075 0.0244445 0.809082
0 0.750625 0.329444 0.03625 0.0266667 0.803223
0 0.60625 0.308333 0.0325 0.02 0.79834
0 0.258281 0.373889 0.0271875 0.03 0.795898
0 0.345 0.345556 0.02 0.0277778 0.78418
0 0.5525 0.302222 0.0237501 0.0188889 0.757812
7 0.724375 0.399444 0.00374997 0.0161111 0.754883
0 0.82125 0.327778 0.035 0.0244444 0.751953
0 0.49375 0.292222 0.011875 0.0177778 0.743164
0 0.4625 0.322222 0.015625 0.0222222 0.73584
7 0.222344 0.519167 0.0075 0.0244445 0.730957
0 0.88125 0.331667 0.025 0.0188889 0.729492
0 0.68375 0.312778 0.0325 0.0222222 0.728027
0 0.79875 0.318333 0.03 0.0222222 0.712402
0 0.49625 0.323889 0.015 0.0233333 0.6875
0 0.292813 0.385 0.031875 0.0466667 0.673828
7 0.73875 0.429444 0.00499999 0.0222222 0.657715
0 0.30875 0.337222 0.016875 0.0222222 0.656738
0 0.519063 0.2925 0.0125 0.0155556 0.647949
0 0.408125 0.323889 0.01375 0.0211111 0.633301
7 0.73 0.438889 0.00499999 0.0211111 0.620605
7 0.92625 0.456944 0.00499999 0.0177778 0.618652
0 0.91625 0.330833 0.0199999 0.0144444 0.607422
0 0.470625 0.291667 0.00999997 0.0166667 0.57959
0 0.0215234 0.452778 0.0256641 0.0227778 0.577637
0 0.29375 0.368333 0.028125 0.0322222 0.57373
0 0.386563 0.326944 0.014375 0.0216667 0.562012
7 0.74875 0.415 0.00499999 0.0188889 0.546875
0 0.0051416 0.608889 0.0102051 0.0866666 0.535156
0 0.484688 0.275 0.00875003 0.0133333 0.509766
0 0.4575 0.300278 0.01 0.0155555 0.470703
0 0.494375 0.278889 0.01 0.0133334 0.40918
0 0.81625 0.329167 0.035 0.0255556 0.405518
0 0.513438 0.279167 0.01 0.0138889 0.403564
7 0.0234961 0.533889 0.00515625 0.0188889 0.401611
0 0.3375 0.322222 0.015625 0.0216667 0.399902
0 0.475625 0.279444 0.00812502 0.0122222 0.397949
2 0.628125 0.321389 0.00874996 0.0261111 0.390381
0 0.0532422 0.441111 0.0339844 0.0288889 0.390381
2 0.635 0.32 0.00750001 0.0211111 0.383057
0 0.49625 0.318056 0.015 0.0294445 0.373779
0 0.412813 0.304167 0.01125 0.0161111 0.357666
0 0.38375 0.314722 0.01375 0.0188889 0.355713
0 0.320625 0.327778 0.011875 0.0177778 0.354004
0 0.33875 0.326111 0.01625 0.0272222 0.332764
0 0.468125 0.295278 0.010625 0.0144444 0.327637
0 0.0505469 0.444444 0.0360938 0.03 0.327637
0 0.413438 0.309167 0.0125 0.0172222 0.324219
0 0.0538672 0.436111 0.0289063 0.0211111 0.32251
3 0.0105859 0.545556 0.00712891 0.0288889 0.317383
7 0.74625 0.400556 0.00500005 0.0166667 0.312256
3 0.150313 0.406667 0.0065625 0.0277778 0.309082
2 0.622188 0.317222 0.01125 0.0266667 0.303955
0 0.0505078 0.453056 0.0366406 0.0288889 0.300781
0 0.0104688 0.451389 0.0205078 0.0244444 0.299072
0 0.40125 0.319444 0.013125 0.0222222 0.291016
0 0.526875 0.282778 0.009375 0.0155556 0.275146
0 0.79875 0.323333 0.03125 0.0222222 0.267334
3 0.66375 0.315278 0.00499999 0.0233333 0.259766
0 0.0179492 0.45 0.0264453 0.0222222 0.257568
3 0.154688 0.407222 0.00625 0.0255555 0.255371
7 0.7375 0.427778 0.00499999 0.02 0.250977
0 0.503125 0.26 0.00625 0.00888889 0.246582
0 0.3975 0.313333 0.015 0.0188889 0.243652
0 0.0553516 0.428333 0.0211719 0.0211111 0.241455
2 0.6925 0.423611 0.025 0.0561111 0.228149
0 0.375313 0.296944 0.01125 0.0127778 0.223999
0 0.341875 0.345278 0.02 0.0311111 0.223999
0 0.0596094 0.426111 0.014375 0.0188889 0.213379
0 0.46625 0.278333 0.00687501 0.0138889 0.211426
0 0.459375 0.315556 0.01375 0.0233333 0.210815
0 0.511875 0.271111 0.00812499 0.0122222 0.205566
0 0.40875 0.297222 0.011875 0.0155556 0.201172
0 0.38625 0.297778 0.01 0.0138889 0.190674
7 0.684375 0.348333 0.00375004 0.0133334 0.190063
0 0.494688 0.307222 0.01375 0.0227778 0.187134
7 0.92375 0.466111 0.00499999 0.0177778 0.186523
3 0.210156 0.365556 0.0065625 0.0244445 0.181274
0 0.3425 0.319167 0.01375 0.0188889 0.174927
0 0.38875 0.305 0.00999997 0.0166667 0.174927
0 0.49125 0.27 0.00625 0.0122222 0.171631
2 0.6875 0.419444 0.015 0.05 0.165039
2 0.695625 0.427222 0.0325 0.0644445 0.160278
2 0.635625 0.323611 0.00499999 0.0216667 0.151489
0 0.513125 0.262222 0.00625 0.00999999 0.146606
0 0.412188 0.300278 0.01125 0.015 0.146606
0 0.432188 0.276667 0.00750001 0.00888889 0.141724
0 0.454375 0.305 0.0125 0.0177778 0.132568
3 0.215313 0.353889 0.0046875 0.0216667 0.131592
0 0.34125 0.333333 0.0175 0.0255556 0.130249
0 0.0096875 0.446944 0.0192969 0.025 0.130249
2 0.155078 0.408889 0.00703125 0.0277778 0.125488
0 0.91625 0.334444 0.0175001 0.0166667 0.125488
0 0.475625 0.261389 0.00625 0.0105555 0.125122
0 0.50625 0.276389 0.00749998 0.0127778 0.119202
3 0.219219 0.353056 0.0046875 0.02 0.118408
0 0.388125 0.325 0.01625 0.0211111 0.111267
0 0.396875 0.2975 0.011875 0.0194444 0.107422
0 0.485 0.26 0.00625 0.00888889 0.106323
0 0.41875 0.286667 0.00874999 0.0122222 0.102661
0 0.0152832 0.447778 0.0275977 0.0244444 0.101562
3 0.66625 0.326111 0.00499999 0.03 0.0997925
3 0.195 0.368333 0.004375 0.0222222 0.0980835
0 0.469375 0.271111 0.00749998 0.0111111 0.0950317
7 0.6525 0.326667 0.00500005 0.0177778 0.093689
2 0.0215234 0.468333 0.0124609 0.0272222 0.0927124
3 0.00361328 0.472778 0.00679688 0.0277778 0.092041
3 0.61375 0.320278 0.00687497 0.0255556 0.0878906
3 0.204688 0.368889 0.004375 0.02 0.0872803
0 0.38625 0.331667 0.015 0.0211111 0.0859985
0 0.409063 0.282222 0.01 0.0144444 0.0847778
2 0.2125 0.360556 0.00625 0.0233333 0.0836182
0 0.460625 0.286667 0.01 0.0133333 0.0820923
0 0.373125 0.302222 0.010625 0.0133333 0.0800781
3 0.190313 0.370833 0.00562501 0.0216667 0.0761108
2 0.251875 0.355833 0.008125 0.02 0.0750122
2 0.0174829 0.468889 0.0179248 0.03 0.0682983
0 0.0636719 0.439722 0.0275 0.0233333 0.0670776
7 0.685 0.360278 0.00250003 0.0161111 0.0653687
0 0.395 0.283333 0.00999997 0.0144444 0.0639648
3 0.250625 0.345 0.0059375 0.0222222 0.0632324
0 0.41125 0.281111 0.01125 0.0133333 0.0623169
0 0.379375 0.313333 0.0125 0.0177778 0.0611877
0 0.0461816 0.460556 0.025293 0.0355556 0.055603
0 0.465625 0.302778 0.01375 0.0166667 0.0538025
0 0.0467188 0.426389 0.0101563 0.0183333 0.0510864
7 0.0241797 0.535278 0.00515625 0.0205556 0.0510864
2 0.104844 0.392222 0.00703125 0.0172222 0.0509033
2 0.00804199 0.55 0.0107129 0.0377778 0.0484924
0 0.3375 0.335 0.0175 0.02 0.0423889
0 0.451875 0.261111 0.00750001 0.00944443 0.0411377
0 0.446875 0.261667 0.00562499 0.00944446 0.0409851
7 0.9275 0.452778 0.00499999 0.0166667 0.0408325
3 0.0100195 0.471667 0.0112109 0.0288889 0.0402527
3 0.164063 0.384444 0.004375 0.0244444 0.0346069
0 0.427813 0.278611 0.00874999 0.01 0.0340881
0 0.449375 0.267222 0.00625 0.00999999 0.0332031
3 0.654375 0.321667 0.00374997 0.0211111 0.0322266
0 0.3675 0.298889 0.00874999 0.0111111 0.0313721
0 0.923125 0.332778 0.02875 0.0172222 0.0309143
2 0.147969 0.413056 0.00843751 0.0266667 0.0307922
0 0.905 0.333333 0.02375 0.0155556 0.0302124
0 0.379375 0.290556 0.00875003 0.0144444 0.02948
7 0.67625 0.330556 0.00499999 0.0111111 0.0290833
0 0.494688 0.263611 0.00687501 0.00999999 0.0288696
7 0.7075 0.405 0.00625 0.0211111 0.0278015
0 0.451875 0.310556 0.01625 0.0177778 0.0253754
2 0.105078 0.395833 0.00640625 0.02 0.024704
3 0.255469 0.33 0.004375 0.0188889 0.0236969
0 0.167539 0.440833 0.0355469 0.0494444 0.0236053
0 0.421563 0.293889 0.01 0.0177778 0.0218658
0 0.8 0.313611 0.03 0.0211111 0.0215302
0 0.88375 0.34 0.03 0.0244445 0.0209656
0 0.00630371 0.55 0.0122754 0.0388889 0.0208893
0 0.174219 0.432778 0.0265625 0.0411111 0.0205688
3 0.149375 0.38 0.00531251 0.02 0.0182953
3 0.276875 0.333889 0.00562499 0.0177778 0.0177765
0 0.00317627 0.421667 0.00635254 0.0161111 0.0177155
7 0.6925 0.390556 0.00499999 0.0233333 0.0162811
2 0.247656 0.356944 0.00875001 0.0216667 0.0156021
7 0.7375 0.431667 0.00625 0.0211111 0.0154877
5 0.3875 0.281667 0.00749998 0.0133334 0.0142288
7 0.74625 0.421667 0.00374997 0.0138889 0.0140076
0 0.257812 0.368611 0.021875 0.0272222 0.0139542
0 0.122344 0.398889 0.0078125 0.0144444 0.0136337
0 0.171406 0.431111 0.0153125 0.0344444 0.0133743
0 0.8025 0.331111 0.0375 0.0222222 0.0133286
2 0.7 0.438333 0.0275 0.0822222 0.0132751
2 0.69625 0.441667 0.0300001 0.07 0.0132217
0 0.326563 0.319444 0.00812502 0.0155556 0.0130692
2 0.148281 0.408333 0.00874999 0.0266667 0.0127258
7 0.65125 0.333889 0.00499999 0.0144444 0.0126724
2 0.0958594 0.413889 0.00546875 0.0211111 0.0126266
0 0.0552344 0.421667 0.0196875 0.0255556 0.0126266
3 0.86875 0.312222 0.00499999 0.0227778 0.0123367
0 0.0539063 0.457778 0.0442188 0.0377778 0.0111618
3 0.66875 0.334444 0.00499999 0.0211111 0.0111618
0 0.4725 0.321111 0.01125 0.0222222 0.0110703
0 0.171875 0.435556 0.035625 0.0466667 0.0107346
0 0.43125 0.272222 0.00749998 0.01 0.0106506
0 0.301406 0.337778 0.015 0.0188889 0.0106125
3 0.649375 0.313611 0.00374997 0.0233333 0.0103302
0 0.76 0.327778 0.03875 0.0222222 0.0102081
7 0.64625 0.317222 0.00250003 0.0133333 0.0100098
3 0.745 0.293333 0.00499999 0.0138889 0.00997162
0 0.7 0.313889 0.0275 0.0177778 0.00981903
3 0.169375 0.38 0.00499999 0.0222222 0.00981903
7 0.68625 0.334444 0.00499999 0.0177778 0.00952148
7 0.75375 0.417778 0.00499999 0.0166667 0.00919342
0 0.38125 0.323889 0.01625 0.0222222 0.00905609
0 0.53 0.283889 0.01125 0.0188889 0.00894928
2 0.185 0.449444 0.02625 0.0422222 0.00891876
0 0.173906 0.428333 0.0190625 0.0388889 0.00888062
3 0.0930469 0.500833 0.0103125 0.0316666 0.00867462
2 0.7575 0.324444 0.025 0.0233333 0.00861359
0 0.5275 0.273333 0.00874999 0.0155555 0.00837708
0 0.91625 0.34 0.025 0.0238889 0.00831604
2 0.705 0.412778 0.0175 0.0355556 0.00818634
3 0.86625 0.313333 0.00500005 0.0177778 0.00769424
3 0.209375 0.351111 0.005 0.0266667 0.00757599
3 0.68875 0.342222 0.00750001 0.0255556 0.00746155
3 0.155 0.371389 0.00406249 0.0172222 0.00731659
7 0.574375 0.316667 0.00500005 0.0138889 0.00725937
0 0.179531 0.448889 0.0390625 0.0466667 0.00679779
3 0.265 0.3325 0.00375001 0.0183333 0.00671768
0 0.496875 0.284167 0.010625 0.015 0.00669098
2 0.67625 0.3025 0.00750001 0.0183333 0.00661469
0 0.444375 0.273056 0.00500002 0.0116667 0.00658798
0 0.119375 0.402222 0.011875 0.0166667 0.00653839
0 0.350625 0.312778 0.01125 0.0133333 0.00621796
2 0.035625 0.4225 0.0071875 0.0144444 0.00614548
3 0.00328613 0.482222 0.00624023 0.0288889 0.00600433
3 0.71 0.382222 0.00750001 0.04 0.00600433
0 0.6925 0.449444 0.0325 0.0633334 0.00593567
2 0.114063 0.386667 0.005625 0.0122222 0.00561905
7 0.72625 0.440833 0.00374997 0.0177778 0.00559998
3 0.27 0.338056 0.00499999 0.0161111 0.00547028
0 0.70875 0.311111 0.0199999 0.0177778 0.00540543
0 0.975 0.334444 0.02 0.0166667 0.00534439
7 0.234844 0.370278 0.0034375 0.0144444 0.0053215
7 0.72125 0.449444 0.00749995 0.0188889 0.00510025
3 0.145 0.386111 0.00374999 0.0133333 0.00486755
7 0.169063 0.419444 0.00687501 0.025 0.00486755
0 0.8225 0.323889 0.0325 0.0222222 0.00482941
0 0.54875 0.348889 0.02125 0.0333333 0.00475693
0 0.523125 0.261667 0.00625 0.0111111 0.00468063
0 0.42 0.306667 0.0125 0.0177778 0.00453949
3 0.205313 0.355 0.0034375 0.0222222 0.00452042
0 0.881875 0.337778 0.0237501 0.0255556 0.00436401
3 0.163594 0.371111 0.00531251 0.0244445 0.00432968
0 0.2975 0.358333 0.020625 0.0266667 0.00411606
7 0.923125 0.481667 0.00625 0.0266667 0.00402451
2 0.186094 0.3675 0.00874999 0.0216667 0.00397491
0 0.0674219 0.429444 0.0232813 0.0244445 0.00397491
7 0.675 0.437222 0.00874996 0.0366667 0.00390053
0 0.7075 0.311667 0.015 0.0216667 0.00387001
0 0.530625 0.291111 0.01125 0.0155556 0.00383949
0 0.5575 0.2825 0.00875003 0.0155555 0.00367928
0 0.290313 0.390833 0.0325 0.04 0.00353813
3 0.77625 0.351111 0.00750001 0.0311111 0.00341606
0 0.0593359 0.447222 0.0396094 0.0361111 0.00335121
0 0.316875 0.321111 0.009375 0.02 0.00319672
0 0.6825 0.451944 0.045 0.0655555 0.00305176
2 0.825 0.300556 0.00750001 0.0155555 0.00302696
3 0.71375 0.440556 0.00750001 0.0355556 0.00301552
7 0.67375 0.363333 0.00499999 0.0122222 0.00300407
0 0.770625 0.32 0.025 0.0194444 0.00299263
0 0.9675 0.335833 0.0175 0.0172222 0.00287819
3 0.54875 0.268889 0.00750001 0.0183333 0.00279999
0 0.288906 0.361944 0.015625 0.0294445 0.0026722
0 0.75125 0.334444 0.0375 0.0322222 0.0026722
0 0.563125 0.283889 0.00875003 0.015 0.00264168
3 0.235156 0.354444 0.0034375 0.0183333 0.00259018
7 0.275625 0.348889 0.00437501 0.0122222 0.00253105
3 0.145 0.373889 0.00359375 0.02 0.00247192
0 0.270313 0.368611 0.0125 0.0255556 0.00245285
0 0.900625 0.3175 0.0125 0.0183333 0.0024147
0 0.448125 0.302222 0.01 0.0177778 0.00239754
3 0.0949219 0.404722 0.005 0.0177778 0.00236893
0 0.89625 0.343611 0.03 0.0222222 0.00234985
0 0.136094 0.400278 0.0103125 0.0194444 0.00234985
2 0.154141 0.389444 0.00546875 0.0255556 0.00232315
0 0.665 0.435556 0.00999997 0.0322222 0.00228691
2 0.284375 0.332222 0.00749998 0.0177778 0.00225258
3 0.214688 0.341944 0.005 0.0255556 0.00221634
1 0.496875 0.246944 0.00749998 0.0194444 0.00218201
7 0.224219 0.369444 0.00406251 0.0138889 0.00218201
0 0.92125 0.335833 0.03 0.0194444 0.00218201
0 0.675 0.439722 0.02 0.0427778 0.00210762
0 0.368125 0.309722 0.01 0.015 0.00208282
2 0.0203467 0.468889 0.0321191 0.0444444 0.00203514
0 0.0184961 0.435556 0.0151953 0.0216667 0.00203514
0 0.321328 0.342778 0.0198437 0.0227778 0.00195694
0 0.0926563 0.501111 0.00890625 0.0322222 0.00191212
0 0.61125 0.306111 0.029375 0.0233333 0.00188255
7 0.0362695 0.524444 0.00523438 0.02 0.00188255
0 0.978125 0.333889 0.025 0.0194444 0.00185299
3 0.72375 0.393889 0.00499999 0.0244444 0.00185299
0 0.6625 0.44 0.0325 0.0422222 0.00178242
0 0.690625 0.460556 0.0425 0.0833333 0.00167465
