0 0.303438 0.845556 0.13125 0.234444 0.957031
0 0.78 0.774444 0.1575 0.237778 0.951172
0 0.57625 0.576667 0.07375 0.113333 0.949707
0 0.47375 0.694444 0.08875 0.164444 0.94873
0 0.674844 0.582778 0.0853125 0.112222 0.941895
5 0.378125 0.580556 0.099375 0.178889 0.927734
0 0.918125 0.962222 0.16125 0.0755555 0.926758
0 0.493125 0.357222 0.05375 0.0355556 0.881836
0 0.86625 0.346667 0.0475 0.0494444 0.880859
0 0.135625 0.421667 0.0453125 0.0355555 0.871582
0 0.348438 0.364444 0.0475 0.0355555 0.868164
0 0.0139746 0.466667 0.0278711 0.0311111 0.86084
0 0.71625 0.325556 0.04 0.0255556 0.854004
0 0.0550391 0.448333 0.0349219 0.0311111 0.837402
0 0.36625 0.324444 0.01375 0.0211111 0.833496
0 0.193281 0.412778 0.0553125 0.0433333 0.824219
0 0.785 0.328333 0.035 0.0233333 0.79834
0 0.9275 0.328889 0.0225 0.0166667 0.794434
0 0.755 0.329722 0.0375 0.0261111 0.777344
7 0.666875 0.463889 0.00625 0.0222222 0.777344
5 0.326563 0.322222 0.024375 0.0433333 0.773438
0 0.35375 0.325 0.01375 0.0211111 0.766113
0 0.0441016 0.437778 0.03 0.0277778 0.759277
2 0.579375 0.333056 0.0125 0.03 0.743164
7 0.234375 0.502778 0.00687499 0.0222222 0.743164
0 0.34125 0.331111 0.015 0.0222222 0.73584
7 0.0232422 0.528889 0.005 0.0166667 0.690918
0 0.405 0.320556 0.01625 0.0233333 0.686035
0 0.8975 0.330556 0.025 0.0177778 0.686035
7 0.749375 0.415556 0.00500005 0.0166667 0.672363
0 0.824375 0.323056 0.02875 0.0216667 0.654785
0 0.579375 0.308889 0.03 0.0222222 0.65332
7 0.925 0.4575 0.00499999 0.0155556 0.649414
2 0.66625 0.313889 0.00750001 0.0222222 0.642578
0 0.00652344 0.401111 0.0130469 0.0244444 0.616699
7 0.6775 0.479722 0.00749995 0.0244445 0.616699
7 0.74625 0.4 0.00374997 0.0144444 0.609375
0 0.00778809 0.447222 0.0154785 0.0444444 0.594727
7 0.221563 0.517778 0.0075 0.0244445 0.581543
2 0.0530078 0.470278 0.0173438 0.0372222 0.571777
0 0.385625 0.319722 0.02 0.0311111 0.523438
0 0.414063 0.311667 0.011875 0.0166667 0.482422
1 0.311875 0.325556 0.0375 0.0444444 0.480469
0 0.8375 0.329722 0.0375 0.025 0.458984
7 0.72375 0.400556 0.00499999 0.0166667 0.42627
7 0.72875 0.438056 0.00499999 0.0194444 0.421631
2 0.633125 0.312222 0.00687504 0.0222222 0.413086
1 0.306406 0.326111 0.0278125 0.0427778 0.397949
2 0.0502734 0.473333 0.0129688 0.0344445 0.392334
7 0.73875 0.422222 0.00499999 0.0188889 0.390381
0 0.50875 0.267222 0.00625 0.00999999 0.38208
7 0.68375 0.353333 0.00500005 0.0133333 0.352295
2 0.631875 0.311667 0.00875003 0.0222222 0.345215
0 0.8475 0.330556 0.0275 0.0277778 0.339844
5 0.341563 0.329444 0.015625 0.0266667 0.331055
0 0.354375 0.321389 0.0125 0.0194444 0.327637
7 0.92375 0.466667 0.00499999 0.0155556 0.325928
0 0.388125 0.311667 0.016875 0.0233333 0.282959
0 0.374375 0.315556 0.01 0.0188889 0.236572
0 0.503125 0.260556 0.00500002 0.00888889 0.204956
0 0.346563 0.317222 0.010625 0.015 0.201782
0 0.412813 0.31 0.0125 0.0166667 0.188965
7 0.7375 0.427222 0.00499999 0.0188889 0.158691
2 0.595625 0.301111 0.00499999 0.015 0.153076
7 0.74375 0.421111 0.00499999 0.0166667 0.125488
7 0.634063 0.330556 0.00374997 0.0111111 0.117554
5 0.318438 0.324444 0.04 0.0455555 0.104492
0 0.89625 0.333611 0.02875 0.0233333 0.102661
0 0.0454297 0.442222 0.0311719 0.0355555 0.101257
7 0.72625 0.44 0.00499999 0.0183333 0.0910645
1 0.320313 0.323889 0.035625 0.0444444 0.0878906
7 0.00791992 0.543472 0.00574219 0.0219445 0.085083
7 0.234688 0.367778 0.003125 0.00722221 0.083313
0 0.00836426 0.403333 0.0165527 0.0266667 0.0820923
0 0.89875 0.333333 0.02625 0.0188889 0.0766602
7 0.66625 0.351944 0.00499999 0.0105555 0.0692749
0 0.391875 0.298333 0.00999997 0.0133334 0.0670776
0 0.513438 0.263889 0.00499999 0.01 0.0545959
0 0.3575 0.331111 0.02125 0.0233333 0.0522461
0 0.0496777 0.438333 0.030957 0.0266667 0.049408
0 0.387188 0.302222 0.00999997 0.0183333 0.0448608
7 0.204688 0.383889 0.00374999 0.0105555 0.0446777
3 0.16375 0.378889 0.00562501 0.0233333 0.0438538
7 0.653125 0.328333 0.00499999 0.0133333 0.0406799
0 0.371875 0.310556 0.0125 0.0177778 0.0381775
0 0.493125 0.268056 0.00750001 0.00888889 0.0374756
0 0.494375 0.262222 0.00625 0.00999999 0.0343628
0 0.39625 0.280833 0.00625 0.00999999 0.032959
0 0.344688 0.281667 0.00625 0.0133334 0.0322266
7 0.22125 0.508611 0.00687501 0.025 0.0298157
7 0.0639063 0.421111 0.0053125 0.00999999 0.0249939
0 0.92875 0.332222 0.0225 0.02 0.0248871
0 0.475313 0.259444 0.00499999 0.00666668 0.0247955
2 0.709375 0.31 0.00874996 0.0177778 0.0239563
7 0.220625 0.360556 0.00374999 0.0133333 0.0231934
0 0.413438 0.301667 0.01 0.02 0.0222931
0 0.3425 0.359444 0.034375 0.0283333 0.0216217
0 0.35125 0.311667 0.0125 0.0188889 0.0213623
7 0.265625 0.362778 0.00312498 0.0111111 0.0197144
0 0.839375 0.335556 0.03875 0.0344444 0.0177765
0 0.90375 0.333333 0.0275 0.0188889 0.0177155
3 0.164063 0.375556 0.005 0.0261111 0.0168457
0 0.305625 0.333333 0.0209375 0.0338889 0.0150757
2 0.576875 0.331389 0.0175 0.0322222 0.0142822
0 0.421875 0.278056 0.00749998 0.00944446 0.013588
7 0.275313 0.351944 0.00375001 0.0111111 0.0130234
7 0.645 0.318056 0.00374997 0.0122222 0.0119171
0 0.9775 0.983889 0.0425 0.03 0.0112457
0 0.865 0.299444 0.00750001 0.0144444 0.0110703
7 0.735 0.431111 0.00499999 0.0177778 0.0107346
2 0.624375 0.298333 0.00562503 0.0166667 0.0106506
3 0.68625 0.293333 0.00499999 0.0166667 0.0104065
3 0.694375 0.446944 0.00999997 0.0638889 0.0104065
0 0.90375 0.340556 0.0325 0.0244444 0.00997162
2 0.63375 0.306111 0.00875003 0.0244444 0.00963593
7 0.625625 0.347222 0.00374997 0.0111111 0.00959778
7 0.66875 0.340556 0.00499999 0.0122222 0.00919342
0 0.00824707 0.437778 0.016377 0.0433333 0.00878143
3 0.189375 0.371667 0.0059375 0.0222222 0.00871277
0 0.355938 0.281111 0.00499999 0.0144444 0.00812531
2 0.0616406 0.468889 0.0115625 0.0311111 0.00787354
2 0.629375 0.314722 0.00999997 0.0155556 0.00760651
0 0.9325 0.3325 0.03 0.0166667 0.00760651
0 0.29625 0.343333 0.00749998 0.0155555 0.00740433
7 0.293281 0.3425 0.00812499 0.015 0.00728989
7 0.65375 0.318333 0.00374997 0.0133333 0.00706482
0 0.89875 0.339444 0.03 0.0244444 0.00679779
0 0.533125 0.277222 0.00625003 0.00777777 0.00661469
2 0.185313 0.368056 0.00874999 0.0194444 0.00651169
7 0.75375 0.414722 0.00499999 0.0166667 0.0064888
7 0.260469 0.357222 0.004375 0.0122222 0.00616837
0 0.971875 0.336111 0.01625 0.0155556 0.00614548
0 0.98375 0.982778 0.0325 0.0311111 0.00591278
2 0.176563 0.368889 0.005 0.0166667 0.00559998
0 0.96625 0.346667 0.0175001 0.0233333 0.00548935
0 0.44875 0.267778 0.00499999 0.0077778 0.00547028
0 0.445625 0.262778 0.00374997 0.00777777 0.00538635
0 0.41875 0.283889 0.00749998 0.0122222 0.00530243
0 0.445625 0.273889 0.00499999 0.0122222 0.00521851
2 0.0254688 0.399167 0.00746094 0.0205555 0.00519943
0 0.43625 0.277778 0.00625 0.00888889 0.00516129
0 0.0202734 0.434167 0.0180078 0.0238889 0.00510025
2 0.666875 0.320556 0.00750001 0.0322222 0.00503922
0 0.825 0.331111 0.045 0.0266667 0.00502014
0 0.485313 0.257778 0.00562499 0.00833333 0.00446701
0 0.364375 0.281667 0.00499999 0.0144444 0.00446701
0 0.00584961 0.396111 0.0116992 0.0277778 0.00424957
0 0.409375 0.266667 0.00749998 0.0122222 0.00388527
0 0.00583008 0.371667 0.0116602 0.0233333 0.00367928
0 0.9675 0.338333 0.0125 0.0144444 0.00367928
2 0.115859 0.382222 0.00515625 0.0177778 0.00365067
0 0.0362695 0.388333 0.0113672 0.0211111 0.00335121
0 0.0237109 0.437222 0.00984375 0.0255556 0.00324821
2 0.41 0.323333 0.01125 0.0183333 0.00307465
0 0.405 0.301667 0.009375 0.0188889 0.00305176
7 0.67125 0.473889 0.00625 0.0255556 0.00302696
3 0.26625 0.338333 0.00531252 0.02 0.00300407
7 0.645 0.333056 0.00250003 0.0116666 0.00296974
0 0.985 0.335556 0.0125 0.015 0.00293541
0 0.3775 0.301389 0.01 0.0172222 0.00277901
2 0.7825 0.334167 0.03 0.0344444 0.00277901
0 0.78375 0.334167 0.0375 0.0327778 0.00257111
0 0.965 0.336111 0.00999997 0.0166667 0.00243378
3 0.25 0.339444 0.00374999 0.0177778 0.00236893
0 0.134844 0.415833 0.041875 0.0311111 0.00230598
0 0.405 0.277778 0.00499999 0.00666665 0.00226021
3 0.18 0.359444 0.00562499 0.0166667 0.00222588
0 0.421875 0.315 0.00874999 0.0155555 0.00219917
0 0.8625 0.35 0.0475 0.0355555 0.00214958
2 0.18375 0.381667 0.010625 0.0222222 0.00211525
0 0.314063 0.337778 0.014375 0.025 0.0020504
7 0.224375 0.366111 0.003125 0.00888889 0.00191212
2 0.69375 0.345556 0.00874996 0.0288889 0.00186729
0 0.406875 0.263889 0.00625 0.0111111 0.00185299
7 0.63 0.336111 0.00499999 0.0144444 0.00184631
0 0.380313 0.289444 0.009375 0.0155555 0.00183868
7 0.503125 0.328889 0.00625 0.0144444 0.00174141
0 0.754375 0.336111 0.035 0.0288889 0.00174141
7 0.204844 0.371111 0.00343749 0.0122222 0.00168705
0 0.469375 0.268333 0.00500002 0.00777777 0.00163555
7 0.650625 0.333889 0.00374997 0.0155555 0.00162888
2 0.0354687 0.399444 0.0103125 0.0188889 0.00156689
2 0.765 0.301667 0.00749995 0.0188889 0.00147247
0 0.465 0.264444 0.00375001 0.00999999 0.00144386
2 0.665 0.308333 0.00500005 0.0277778 0.00139904
0 0.464063 0.273611 0.00437498 0.0105555 0.00138855
7 0.254375 0.363889 0.003125 0.01 0.00134087
0 0.97 0.351111 0.03 0.0277778 0.00130463
3 0.154531 0.369722 0.00578124 0.0188889 0.00124454
7 0.916875 0.471111 0.00499999 0.0155555 0.00124454
0 0.126641 0.412222 0.0229688 0.0244444 0.00123978
2 0.115469 0.374444 0.0065625 0.02 0.00123501
0 0.9875 0.980556 0.0249999 0.0344445 0.00123501
0 0.418438 0.278056 0.00812499 0.00777777 0.0012064
7 0.68625 0.316111 0.00499999 0.0133333 0.00117874
7 0.675625 0.583472 0.085 0.113056 0.0011692
0 0.94125 0.342778 0.035 0.0233333 0.0011692
7 0.7175 0.449722 0.00625 0.0222222 0.00116062
0 0.95625 0.350556 0.00750001 0.0177778 0.00114727
2 0.71625 0.300833 0.00750001 0.0183333 0.00113392
1 0.36 0.275278 0.0525 0.0488889 0.00112438
0 0.95375 0.335833 0.00749995 0.0166667 0.00104427
3 0.488125 0.313889 0.00874999 0.0366667 0.00104046
0 0.9275 0.987778 0.055 0.0244444 0.00103188
7 0.634688 0.345556 0.00437501 0.0133334 0.00102043
