0 0.584375 0.609444 0.07875 0.128889 0.937988
0 0.47875 0.571667 0.06625 0.116667 0.922852
5 0.47375 0.305833 0.03125 0.0527778 0.915527
0 0.420625 0.478333 0.049375 0.08 0.909668
0 0.0535938 0.443333 0.0329688 0.03 0.888184
0 0.521875 0.296111 0.01375 0.02 0.867188
5 0.39125 0.308333 0.02125 0.0361111 0.851074
0 0.42375 0.336111 0.031875 0.0255556 0.836426
7 0.235625 0.505556 0.0075 0.0233333 0.836426
0 0.68125 0.325556 0.0375 0.0277778 0.819824
0 0.6125 0.309444 0.03 0.0211111 0.811523
0 0.303125 0.341944 0.020625 0.0227778 0.801758
0 0.0125 0.467222 0.0248438 0.035 0.785156
0 0.402188 0.326111 0.0175 0.0222222 0.777344
7 0.222344 0.519167 0.008125 0.025 0.771973
1 0.775 0.315556 0.115 0.0583333 0.753418
7 0.6675 0.463611 0.00750001 0.0233334 0.73877
2 0.0192773 0.5025 0.0182422 0.0361111 0.73877
7 0.0246484 0.528333 0.0059375 0.02 0.726562
7 0.72375 0.400278 0.00499999 0.0183333 0.712402
0 0.0158398 0.445278 0.0281641 0.0288889 0.704102
0 0.343125 0.328889 0.015 0.0222222 0.684082
7 0.72875 0.44 0.00499999 0.0188889 0.682617
2 0.571875 0.313333 0.014375 0.0227778 0.654785
2 0.225938 0.362222 0.01 0.0266667 0.649414
0 0.328125 0.332778 0.014375 0.0222222 0.633301
0 0.43125 0.278333 0.00874999 0.0122222 0.631836
0 0.36375 0.327222 0.016875 0.0266667 0.629883
7 0.749375 0.413889 0.00500005 0.0166667 0.571777
0 0.72125 0.327222 0.03375 0.0266667 0.539062
7 0.678125 0.480556 0.00750001 0.0244444 0.539062
0 0.362813 0.314444 0.01125 0.02 0.496094
2 0.0215186 0.498333 0.017666 0.0388889 0.482422
5 0.378125 0.301667 0.01375 0.0255556 0.470703
2 0.0282373 0.477222 0.0173535 0.0333333 0.459961
0 0.0154102 0.45 0.0295703 0.0311111 0.455078
0 0.353125 0.3175 0.010625 0.0172222 0.451416
2 0.0348828 0.474444 0.0172656 0.0333333 0.451416
0 0.376875 0.317778 0.0125 0.0222222 0.443604
0 0.412188 0.293056 0.00812499 0.0144444 0.42627
7 0.73875 0.425 0.00499999 0.0211111 0.408203
0 0.728125 0.322778 0.045 0.0277778 0.399902
0 0.72625 0.328889 0.0425 0.0277778 0.368408
0 0.820625 0.322222 0.0325 0.0233333 0.359375
3 0.169844 0.504722 0.0146875 0.0533333 0.355713
0 0.7275 0.317778 0.0449999 0.03 0.350342
0 0.559688 0.310556 0.0325 0.0222222 0.342529
7 0.126719 0.420556 0.0040625 0.0111111 0.320801
2 0.0319727 0.477222 0.0193359 0.0355556 0.30249
0 0.0045752 0.446111 0.00897461 0.0305556 0.291016
7 0.746875 0.399444 0.00499999 0.0161111 0.284668
0 0.410625 0.308333 0.01375 0.02 0.274414
0 0.4025 0.282778 0.00874999 0.0122222 0.267334
2 0.551563 0.325 0.010625 0.0244444 0.267334
0 0.550313 0.311111 0.015625 0.0211111 0.256836
0 0.740625 0.333889 0.05 0.0255556 0.250977
0 0.4125 0.308889 0.01 0.0177778 0.24939
0 0.485 0.259444 0.00625 0.0116666 0.245117
7 0.00992676 0.544444 0.00649414 0.02 0.240112
0 0.730625 0.331389 0.04125 0.0283333 0.223389
0 0.559375 0.304444 0.03 0.0194444 0.204346
7 0.145938 0.418333 0.00406249 0.0116666 0.201782
0 0.406875 0.295 0.01125 0.0166667 0.195557
3 0.131719 0.381111 0.005625 0.0211111 0.191895
7 0.635 0.330556 0.003125 0.00888889 0.175537
0 0.494375 0.262778 0.00625 0.00944446 0.167236
0 0.444375 0.265278 0.00874999 0.0122222 0.160278
0 0.56875 0.311389 0.02125 0.0222222 0.160278
7 0.0653906 0.471944 0.0046875 0.015 0.15918
0 0.406875 0.311111 0.01 0.02 0.158691
2 0.55125 0.331111 0.00999997 0.0277778 0.156128
0 0.342188 0.321111 0.0125 0.0177778 0.153076
0 0.526875 0.278889 0.00750001 0.0122222 0.128052
0 0.92875 0.340556 0.02625 0.0188889 0.123352
7 0.0503906 0.480556 0.004375 0.0155556 0.121704
2 0.54875 0.314167 0.014375 0.0238889 0.105957
0 0.339688 0.329444 0.01375 0.0211111 0.104126
0 0.925 0.341944 0.0225 0.0222222 0.101929
0 0.748125 0.321111 0.06625 0.0533333 0.0997925
0 0.428125 0.279444 0.00874999 0.0122222 0.0943604
2 0.0399219 0.471944 0.0116406 0.0322222 0.093689
0 0.375 0.302778 0.015 0.0244444 0.0900879
0 0.476875 0.260556 0.00625 0.01 0.0844727
7 0.745 0.422222 0.00499999 0.0172222 0.0817871
7 0.84375 0.347778 0.00499999 0.0111111 0.0809326
0 0.93 0.341944 0.03125 0.0233333 0.0750122
7 0.7375 0.426111 0.00499999 0.02 0.0734253
7 0.755 0.416667 0.00499999 0.0166667 0.0715942
0 0.815 0.328611 0.035 0.0194444 0.0713501
0 0.9275 0.339167 0.02 0.0194444 0.0692749
0 0.44625 0.265556 0.00874999 0.0111111 0.0653687
0 0.734375 0.321667 0.045 0.0461111 0.0598755
3 0.132656 0.38 0.00531251 0.0233333 0.0583496
7 0.0546875 0.474167 0.0046875 0.0172222 0.0574951
0 0.376563 0.321667 0.013125 0.0222222 0.0568542
0 0.0144141 0.44 0.0265234 0.0277778 0.0562439
0 0.418125 0.283889 0.00874999 0.0133333 0.0546875
0 0.7925 0.335556 0.03 0.0233333 0.0544128
2 0.57125 0.318611 0.0137499 0.0288889 0.0541992
0 0.93375 0.338889 0.03125 0.0222222 0.0512695
0 0.800625 0.3325 0.0300001 0.0227778 0.0501404
0 0.764375 0.3175 0.10625 0.0466667 0.0476074
0 0.92 0.343333 0.02875 0.0233333 0.0467224
7 0.12875 0.416389 0.00375 0.0144444 0.0435181
7 0.7225 0.449444 0.00750001 0.0211111 0.0423889
0 0.489375 0.265556 0.00374997 0.0111111 0.0423889
3 0.0343555 0.413333 0.00511719 0.0188889 0.0414734
7 0.68375 0.353333 0.00500005 0.0166667 0.0413208
0 0.46375 0.277222 0.00750001 0.0105555 0.0409851
0 0.5275 0.2725 0.00750001 0.0122222 0.0397949
3 0.0308203 0.412222 0.00453125 0.0183333 0.0394897
2 0.189531 0.37 0.013125 0.02 0.0380249
0 0.328125 0.338333 0.01625 0.0255556 0.0370483
3 0.0350391 0.409444 0.00554688 0.0205556 0.036499
2 0.0635547 0.422778 0.00648437 0.015 0.0348816
3 0.259063 0.351111 0.0075 0.0222222 0.0339661
0 0.81625 0.319722 0.04 0.0322222 0.0296478
0 0.187969 0.371111 0.02125 0.0233333 0.0294189
0 0.35375 0.309444 0.0125 0.0155555 0.0269623
0 0.73125 0.313333 0.05 0.0322222 0.0262604
0 0.366563 0.301667 0.00812502 0.0161111 0.0237732
0 0.92 0.339167 0.025 0.02 0.0230713
7 0.7275 0.444444 0.00749995 0.0222222 0.0230713
7 0.73375 0.433889 0.00500005 0.0177778 0.0222015
7 0.70875 0.403333 0.00500005 0.02 0.0222015
2 0.0320313 0.469444 0.0238281 0.0327778 0.0218658
7 0.684375 0.360278 0.00375004 0.0188889 0.0197906
2 0.55 0.321944 0.0125 0.0255555 0.0182648
7 0.14875 0.412778 0.00375001 0.0122222 0.018158
7 0.65375 0.328333 0.00499999 0.0122222 0.0176392
0 0.735 0.304444 0.0375 0.0222222 0.0153046
3 0.195 0.521667 0.0078125 0.0388889 0.0147324
0 0.423438 0.298889 0.010625 0.0188889 0.0146713
0 0.186563 0.373889 0.025 0.0277778 0.0142822
2 0.551563 0.338889 0.010625 0.0322222 0.014061
0 0.303125 0.343889 0.025 0.0333333 0.0118713
0 0.483125 0.277222 0.00812499 0.00944443 0.0108566
2 0.223125 0.360556 0.010625 0.0244444 0.0108566
0 0.80125 0.311944 0.06 0.04 0.00912476
3 0.6875 0.293056 0.00499999 0.0183333 0.00763702
0 0.98125 0.336667 0.02 0.0161111 0.00737381
0 0.413125 0.280833 0.00749998 0.0105555 0.00677109
0 0.183438 0.371667 0.025 0.0244444 0.00651169
0 0.476563 0.276111 0.00687501 0.0111111 0.00634003
0 0.532188 0.2775 0.00749998 0.00999999 0.00619125
7 0.7075 0.402778 0.00499999 0.0177778 0.00619125
0 0.420938 0.308889 0.01125 0.0188889 0.00614548
0 0.47125 0.271944 0.00874999 0.0133334 0.00605011
0 0.515 0.261667 0.00499999 0.00888889 0.005867
0 0.7325 0.337222 0.04125 0.0255555 0.005867
0 0.86625 0.34 0.0199999 0.0155555 0.005867
7 0.0316797 0.508333 0.0100781 0.03 0.00542831
7 0.221563 0.5075 0.0075 0.0272222 0.00536346
7 0.0244531 0.532222 0.00617188 0.0277778 0.00518036
7 0.670625 0.472222 0.00625 0.0255556 0.0051384
2 0.0376172 0.4775 0.0175 0.035 0.0050621
0 0.74375 0.298333 0.04 0.0244445 0.00468063
7 0.0176563 0.525556 0.00742188 0.0255555 0.00460815
0 0.914375 0.344444 0.0325 0.0255556 0.00446701
3 0.0252539 0.405278 0.00875 0.0211111 0.00413513
0 0.378125 0.292222 0.01 0.0166667 0.0041008
0 0.345 0.338333 0.015 0.0255556 0.00395966
0 0.575 0.314444 0.02125 0.0227778 0.0039444
0 0.86625 0.300556 0.00749995 0.0144444 0.00365067
0 0.430625 0.273889 0.00750001 0.0122222 0.00365067
0 0.0030542 0.428889 0.0061084 0.0244444 0.00356483
7 0.635625 0.316389 0.00750001 0.0144444 0.00345612
2 0.99625 0.536806 0.00749995 0.0730555 0.00340271
7 0.145781 0.407222 0.00359375 0.0133334 0.00337601
7 0.242813 0.359444 0.00562499 0.0188889 0.00321007
7 0.155156 0.404444 0.003125 0.0111111 0.00314713
3 0.194531 0.516111 0.013125 0.0588889 0.00312424
7 0.0753906 0.472778 0.0040625 0.0133334 0.00307465
3 0.193438 0.493611 0.0115625 0.0894445 0.00305176
7 0.583438 0.61 0.076875 0.128889 0.00291252
0 0.92375 0.354444 0.0475 0.0388889 0.00282288
3 0.250625 0.339722 0.00531251 0.0233333 0.00282288
7 0.0121289 0.541667 0.00650391 0.0177778 0.00279045
0 0.795625 0.336667 0.03125 0.0288889 0.00273705
0 0.7475 0.337222 0.045 0.0266667 0.00266266
0 0.78 0.308889 0.1 0.0422222 0.00265312
0 0.398125 0.284444 0.00875003 0.0166667 0.00261116
7 0.00870972 0.542361 0.00812744 0.0175 0.00261116
0 0.468125 0.289444 0.02625 0.0244444 0.00261116
3 0.169063 0.499444 0.019375 0.0616667 0.00255013
0 0.94 0.334444 0.035 0.0222222 0.00245285
0 0.455 0.263333 0.00374997 0.01 0.00243378
0 0.7575 0.302222 0.075 0.0322222 0.0024147
0 0.789375 0.337778 0.03125 0.0266667 0.00239754
0 0.719375 0.305556 0.02125 0.0233333 0.00237846
3 0.66 0.288333 0.00499999 0.0177778 0.00235939
7 0.65 0.335 0.00750001 0.0155555 0.00219917
0 0.197969 0.370556 0.015 0.0227778 0.00213242
7 0.39 0.332222 0.00625 0.02 0.00204277
0 0.86875 0.341667 0.0225 0.02 0.00202751
0 0.0441016 0.442778 0.0235156 0.0277778 0.00195694
0 0.91375 0.336111 0.02625 0.0205555 0.00193405
0 0.81375 0.312778 0.0475 0.04 0.00186729
0 0.484063 0.246111 0.00562499 0.0111111 0.00185299
0 0.0166016 0.406944 0.009375 0.0188889 0.00184631
0 0.868125 0.338611 0.02375 0.0194444 0.0018177
7 0.625 0.346389 0.00375004 0.0116667 0.00175476
2 0.0248047 0.42 0.00585938 0.02 0.0017271
2 0.242813 0.355 0.00562499 0.0177778 0.00171375
7 0.114844 0.383333 0.0046875 0.0155556 0.00156116
7 0.743125 0.427778 0.00625 0.0233333 0.00156116
0 0.78375 0.315556 0.095 0.0433333 0.00152493
0 0.938125 0.347222 0.04 0.0366667 0.00151253
7 0.0304688 0.502778 0.01375 0.03 0.00150108
0 0.97 0.340833 0.01 0.0188889 0.00142097
3 0.0449219 0.407222 0.00546875 0.0177778 0.00135612
2 0.258438 0.350833 0.009375 0.0205556 0.00132465
7 0.665 0.351111 0.00500005 0.0155555 0.00127411
2 0.685 0.284444 0.00499999 0.0188889 0.00121593
2 0.262813 0.346111 0.008125 0.0222222 0.00121593
3 0.194375 0.493889 0.01625 0.08 0.00119209
7 0.70625 0.412778 0.00499999 0.02 0.00117874
1 0.77375 0.296111 0.1175 0.106667 0.00115108
0 0.915 0.358056 0.0525 0.0372222 0.00109005
2 0.217813 0.364167 0.01 0.0227778 0.00101662
