0 0.29625 0.878889 0.154375 0.24 0.958008
0 0.48 0.830556 0.11125 0.254444 0.954102
0 0.63375 0.828889 0.13375 0.246667 0.953613
0 0.487188 0.582083 0.064375 0.106944 0.946289
0 0.371875 0.615556 0.085 0.124444 0.945312
0 0.58375 0.587778 0.075 0.124444 0.940918
5 0.75375 0.662778 0.1925 0.324444 0.92627
0 0.896875 0.973333 0.1375 0.0533333 0.924316
0 0.142344 0.441667 0.045 0.0422222 0.878418
0 0.5925 0.328889 0.05 0.0333333 0.863281
2 0.272188 0.474167 0.033125 0.0577778 0.863281
0 0.0278174 0.465 0.0338965 0.0322222 0.835449
0 0.7175 0.33 0.03875 0.0255556 0.832031
0 0.386875 0.323333 0.01625 0.0222222 0.812988
0 0.309688 0.335833 0.0175 0.0227778 0.810547
0 0.365625 0.3275 0.0175 0.0238889 0.808105
0 0.340937 0.333333 0.01625 0.0205555 0.796875
7 0.235625 0.503889 0.00687501 0.0233333 0.794434
7 0.222188 0.519167 0.0075 0.0244445 0.775879
0 0.85375 0.333056 0.0325 0.0216667 0.774414
7 0.0235156 0.529167 0.00507813 0.015 0.759277
0 0.324688 0.335278 0.01625 0.0222222 0.741699
0 0.921875 0.330556 0.02375 0.0172222 0.723145
7 0.666875 0.465 0.00625 0.0222222 0.723145
2 0.725 0.403889 0.0175 0.0388889 0.71875
7 0.92625 0.457222 0.00499999 0.0155555 0.689453
0 0.73 0.324444 0.03125 0.0222222 0.686035
0 0.8325 0.326111 0.03 0.0227778 0.665527
0 0.510313 0.289444 0.010625 0.0144444 0.65332
0 0.411563 0.2925 0.009375 0.0161111 0.631836
2 0.00364746 0.502222 0.00729492 0.0366666 0.629883
0 0.801875 0.323889 0.03625 0.0333333 0.624512
7 0.73875 0.426389 0.00499999 0.0188889 0.594727
0 0.394375 0.3175 0.01125 0.02 0.59082
0 0.4075 0.320556 0.015 0.0211111 0.558105
0 0.411875 0.3175 0.01125 0.0188889 0.544922
2 0.434688 0.324444 0.010625 0.0216667 0.535156
0 0.575625 0.3075 0.02375 0.0205556 0.533203
7 0.749375 0.414444 0.00500005 0.0155556 0.519531
0 0.375 0.318889 0.0125 0.0188889 0.505859
7 0.72875 0.440278 0.00625 0.0183333 0.495117
7 0.678125 0.480556 0.00750001 0.0244444 0.490234
7 0.735625 0.431944 0.00499999 0.0166667 0.466797
0 0.35125 0.318333 0.010625 0.0188889 0.445557
0 0.349063 0.318611 0.01125 0.0188889 0.443604
7 0.92375 0.466111 0.00374997 0.0166667 0.435791
0 0.392813 0.297778 0.00812499 0.0144444 0.401611
2 0.0434375 0.467222 0.00765625 0.0322222 0.38501
7 0.68375 0.353056 0.00500005 0.0133334 0.37207
7 0.0635938 0.470833 0.00414062 0.0122222 0.355713
0 0.393125 0.303889 0.01 0.015 0.329346
0 0.3725 0.305833 0.01 0.015 0.324219
0 0.364063 0.318333 0.01375 0.0222222 0.309082
2 0.201563 0.371111 0.0075 0.0233333 0.305664
7 0.234531 0.3675 0.00343749 0.00777777 0.289307
0 0.402813 0.296667 0.00812499 0.0144444 0.267334
0 0.427188 0.281111 0.00874999 0.0133333 0.235107
2 0.0854688 0.391667 0.0065625 0.0177778 0.208862
7 0.124375 0.418889 0.0040625 0.0127778 0.20813
7 0.74625 0.401667 0.00500005 0.0166667 0.195557
0 0.92125 0.333333 0.025 0.0177778 0.185913
0 0.387188 0.298889 0.00812499 0.0133333 0.165649
3 0.0860938 0.395 0.0053125 0.02 0.145142
0 0.485625 0.261111 0.00625 0.0111111 0.140381
7 0.128516 0.413889 0.005 0.0133333 0.129395
3 0.490313 0.316667 0.00687501 0.0288889 0.126343
0 0.37375 0.298333 0.00812499 0.0105556 0.124634
2 0.583125 0.303333 0.01 0.02 0.124634
0 0.418438 0.285 0.00812499 0.0133333 0.11554
3 0.49125 0.321111 0.00874999 0.0277778 0.10968
7 0.74375 0.422778 0.00499999 0.0161111 0.107788
3 0.523125 0.316111 0.00750001 0.03 0.0957031
7 0.65375 0.328611 0.00374997 0.0105555 0.0930176
7 0.72625 0.444444 0.00499999 0.0188889 0.0888062
7 0.00963867 0.543194 0.00601563 0.0202778 0.0673218
7 0.265625 0.363889 0.00312498 0.01 0.062561
3 0.210469 0.367222 0.00562501 0.02 0.0623169
7 0.0488672 0.475556 0.00398438 0.0166667 0.0607605
7 0.635 0.33 0.00250003 0.01 0.0587769
0 0.412188 0.305 0.01 0.0122222 0.0552063
2 0.554063 0.300556 0.011875 0.0166667 0.0534058
2 0.5775 0.308333 0.02125 0.02 0.0534058
0 0.42125 0.307778 0.011875 0.0172222 0.0522461
7 0.67 0.344167 0.00250003 0.0138889 0.0518494
0 0.0065332 0.478889 0.0118945 0.0388889 0.0474243
0 0.47625 0.260278 0.00499999 0.00833333 0.0445251
0 0.83 0.328889 0.035 0.0255555 0.0381775
7 0.73625 0.426944 0.00375004 0.0183333 0.0265503
7 0.149063 0.410556 0.00593751 0.0144444 0.026062
3 0.0302734 0.407222 0.0053125 0.0177778 0.0247955
0 0.37375 0.324167 0.01375 0.0211111 0.024704
2 0.212188 0.365 0.0065625 0.02 0.0244293
0 0.359688 0.322778 0.013125 0.0211111 0.0235138
0 0.515313 0.261111 0.00375001 0.00666665 0.0226288
7 0.7225 0.448611 0.00750001 0.0205555 0.0197906
2 0.54875 0.298333 0.01 0.0144444 0.0189819
0 0.489375 0.266944 0.00374997 0.00888889 0.0172424
0 0.7425 0.326111 0.05625 0.0222222 0.0170441
0 0.434375 0.278333 0.00500002 0.00888889 0.0156708
0 0.428125 0.273889 0.00625 0.0116667 0.0154266
0 0.413125 0.283333 0.00812502 0.0133333 0.014061
0 0.8325 0.323056 0.0275 0.02 0.0137939
7 0.146094 0.422778 0.00843749 0.0144444 0.0131683
7 0.635938 0.317222 0.00375004 0.0122222 0.0127258
3 0.69625 0.448889 0.00749995 0.0644445 0.0121918
2 0.594375 0.302778 0.00875003 0.0188889 0.0119629
0 0.580312 0.306667 0.03 0.0255555 0.0115051
0 0.53375 0.278056 0.00562503 0.00888889 0.0110703
7 0.229688 0.371111 0.003125 0.0111111 0.0110321
7 0.9275 0.453889 0.00499999 0.0177778 0.0102463
0 0.92375 0.341389 0.03 0.0222222 0.0102081
0 0.338125 0.321667 0.01375 0.02 0.00959778
2 0.0347656 0.406111 0.00703125 0.0177778 0.00941467
0 0.35125 0.311111 0.00999997 0.0161111 0.00912476
0 0.424063 0.298333 0.009375 0.0188889 0.00815582
2 0.49 0.320833 0.01 0.0277778 0.00746155
3 0.695625 0.449444 0.01 0.0733333 0.00731659
0 0.42625 0.308889 0.0125 0.0222222 0.00706482
7 0.145469 0.405278 0.003125 0.00999999 0.00695801
7 0.778125 0.348333 0.00625 0.0255556 0.0068512
2 0.430625 0.326111 0.01625 0.02 0.00677109
2 0.55 0.299444 0.00874996 0.0155556 0.0064888
3 0.189531 0.376667 0.00406251 0.0211111 0.00609589
2 0.4325 0.329167 0.01 0.0255556 0.005867
2 0.196875 0.370556 0.0075 0.0222222 0.00582123
0 0.00469971 0.387222 0.00888184 0.0188889 0.00564194
2 0.0263672 0.404444 0.0065625 0.02 0.00564194
7 0.75375 0.415 0.00499999 0.015 0.00538635
0 0.75625 0.326111 0.03 0.0211111 0.00498199
7 0.71125 0.401389 0.00750001 0.03 0.00498199
0 0.324688 0.321667 0.013125 0.0188889 0.00475693
0 0.7225 0.324444 0.035 0.0238889 0.00468063
0 0.9625 0.335556 0.0175 0.0177778 0.00460815
0 0.380313 0.29 0.00687501 0.0133334 0.00460815
0 0.445938 0.263889 0.00437498 0.00944443 0.00457382
7 0.225625 0.368333 0.003125 0.00999999 0.00441742
7 0.154219 0.405556 0.00406249 0.0116667 0.0042305
2 0.186875 0.383056 0.009375 0.0222222 0.00419998
7 0.6675 0.352778 0.00499999 0.0116667 0.00416565
0 0.855 0.338056 0.035 0.0238889 0.00397491
2 0.72125 0.399722 0.0199999 0.0411111 0.00385475
0 0.465625 0.263611 0.00375001 0.00999999 0.00382423
0 0.495 0.263333 0.00625 0.00888889 0.00379562
3 0.686875 0.291944 0.00500005 0.0177778 0.00346947
3 0.49 0.326667 0.00874999 0.0311111 0.00322342
7 0.285 0.349444 0.00437501 0.0111111 0.00321007
0 0.285 0.988889 0.085 0.02 0.00313568
0 0.3675 0.298889 0.00874999 0.0122222 0.00307465
0 0.00333984 0.439722 0.00664063 0.0211111 0.0030632
0 0.95375 0.333889 0.00999997 0.0155555 0.00304031
0 0.44875 0.267222 0.00499999 0.00833333 0.00304031
2 0.865 0.318889 0.00750001 0.0155556 0.00302696
0 0.00307373 0.42 0.00614746 0.0277778 0.00300407
7 0.6725 0.472222 0.00750001 0.0255556 0.00300407
3 0.0214014 0.4375 0.00977539 0.0211111 0.00298119
2 0.77625 0.350278 0.00875003 0.0322222 0.0029583
0 0.748125 0.54 0.04625 0.0811111 0.00286674
7 0.371875 0.615556 0.085 0.123333 0.00284576
7 0.65375 0.317222 0.00250003 0.0111111 0.00282288
7 0.134609 0.404444 0.00328125 0.00888887 0.0026207
7 0.125313 0.408889 0.003125 0.0155556 0.00255013
0 0.00375244 0.406667 0.00750488 0.02 0.00253105
7 0.00836792 0.543333 0.00730713 0.0177778 0.00248146
3 0.69375 0.455 0.00750001 0.0533333 0.00243378
0 0.973125 0.336944 0.02375 0.0183333 0.00235939
0 0.965625 0.345278 0.01875 0.0222222 0.00225258
3 0.250156 0.346667 0.00343749 0.0233333 0.00217438
2 0.603125 0.300556 0.00625 0.0144444 0.00214958
7 0.265781 0.353056 0.00375001 0.0116667 0.00198746
0 0.47 0.268889 0.00499999 0.00777777 0.00194931
0 0.499375 0.284444 0.01125 0.0133334 0.00189686
2 0.270781 0.341667 0.00531247 0.0144444 0.00188255
0 0.26375 0.485 0.015625 0.0355555 0.00188255
2 0.76625 0.321111 0.00999997 0.02 0.00187492
7 0.221875 0.507778 0.009375 0.0277778 0.00186729
0 0.80125 0.336389 0.035 0.0288889 0.00185299
2 0.438125 0.318889 0.01625 0.0244444 0.00183868
0 0.9525 0.341111 0.0225 0.0177778 0.00183105
2 0.00896973 0.483889 0.0101855 0.0311111 0.00178242
0 0.495938 0.272778 0.00687501 0.0111111 0.00164223
0 0.526875 0.276389 0.00625 0.00944443 0.00158501
7 0.6725 0.467778 0.00625 0.0294445 0.00154877
0 0.012998 0.466667 0.0247852 0.03 0.00153637
7 0.22 0.36 0.00375001 0.0122222 0.00149536
3 0.164063 0.381667 0.00374999 0.0233333 0.00146675
0 0.405 0.280556 0.00499999 0.01 0.00146103
2 0.186563 0.371111 0.00874999 0.0211111 0.00144386
0 0.445 0.273333 0.00499999 0.0111111 0.00136185
7 0.133125 0.432222 0.0135938 0.03 0.00136185
0 0.295625 0.989444 0.05875 0.0188889 0.00135612
3 0.105781 0.391111 0.0059375 0.0205556 0.0012598
7 0.66375 0.313889 0.00250003 0.01 0.00123501
2 0.212969 0.3575 0.00562499 0.0227778 0.00121593
5 0.0270703 0.395278 0.0300781 0.035 0.00121117
7 0.260313 0.359444 0.00499999 0.0133334 0.0012064
7 0.145156 0.388056 0.003125 0.0122222 0.00119686
7 0.154922 0.432778 0.0164063 0.0311111 0.00119686
0 0.983125 0.334722 0.0175 0.0177778 0.0011158
0 0.771875 0.329444 0.0225 0.0233333 0.00109005
0 0.966875 0.339167 0.01625 0.0205556 0.00107288
0 0.317813 0.318333 0.010625 0.0166667 0.00105667
3 0.235313 0.354444 0.003125 0.0138889 0.00105286
3 0.995 0.585556 0.00999997 0.0888889 0.00104809
0 0.0250391 0.461389 0.0353906 0.0372222 0.00102806
0 0.0138892 0.404722 0.0118311 0.0194444 0.00102425
