0 0.643125 0.834445 0.13875 0.265556 0.958496
0 0.317188 0.813333 0.120625 0.211111 0.95752
0 0.811875 0.814445 0.165 0.277778 0.95752
0 0.46875 0.812222 0.103125 0.231111 0.955078
0 0.58875 0.592778 0.09 0.156667 0.950684
0 0.693125 0.610556 0.1 0.135556 0.940918
0 0.260938 0.646667 0.0975 0.144444 0.939453
0 0.495 0.594306 0.069375 0.124722 0.937988
5 0.127656 0.872778 0.162188 0.252222 0.937988
0 0.374063 0.615 0.0725 0.116667 0.936523
0 0.177031 0.658889 0.0990625 0.122222 0.930176
0 0.31625 0.369722 0.04625 0.0288889 0.86084
6 0.8875 0.411111 0.03 0.0555556 0.85498
0 0.0582813 0.438611 0.0334375 0.0327778 0.854004
0 0.546875 0.333333 0.044375 0.0311111 0.853027
0 0.164375 0.394444 0.0325 0.0266667 0.82666
7 0.234688 0.503889 0.00718751 0.0233333 0.824219
2 0.0666406 0.465 0.0154687 0.0322222 0.809082
0 0.0917969 0.409444 0.0296875 0.0266667 0.78418
0 0.309063 0.336389 0.018125 0.0211111 0.782715
7 0.666875 0.464444 0.00625 0.0222223 0.779785
0 0.659375 0.327222 0.04375 0.0266667 0.774414
0 0.38375 0.324722 0.015625 0.0233333 0.759277
0 0.475625 0.274167 0.00625 0.0111111 0.754883
7 0.0235156 0.528889 0.00507813 0.0155555 0.753418
7 0.221563 0.518056 0.0078125 0.0244444 0.737305
0 0.2775 0.342222 0.023125 0.02 0.726562
7 0.925625 0.458611 0.00374997 0.015 0.713867
7 0.75 0.416111 0.00499999 0.0166667 0.710449
0 0.326563 0.334167 0.01375 0.0205555 0.705566
0 0.67375 0.310833 0.03 0.0205556 0.702637
0 0.3625 0.331389 0.01625 0.0233333 0.6875
0 0.343125 0.332778 0.016875 0.0222222 0.67041
0 0.41375 0.314722 0.01 0.0177778 0.654785
0 0.405625 0.319444 0.015 0.0233333 0.624512
2 0.125469 0.386111 0.00625 0.0166667 0.607422
7 0.678125 0.48 0.00750001 0.0244445 0.598145
0 0.0610938 0.421667 0.0278906 0.0233333 0.542969
7 0.92375 0.466667 0.00499999 0.0155556 0.492188
0 0.41375 0.292778 0.01 0.0155555 0.488281
0 0.3425 0.315 0.0125 0.02 0.470703
0 0.35875 0.312778 0.013125 0.0172222 0.464844
7 0.72875 0.438611 0.00499999 0.0183333 0.458008
0 0.374375 0.305556 0.0125 0.0177778 0.435791
0 0.353125 0.328889 0.0125 0.0222222 0.413086
2 0.6475 0.315556 0.00750001 0.0183333 0.386719
7 0.145625 0.417222 0.0034375 0.0116667 0.379395
2 0.223125 0.361389 0.00625 0.0216667 0.37207
0 0.361875 0.312222 0.015 0.0188889 0.350342
0 0.435 0.275 0.00562499 0.00888889 0.348633
7 0.72375 0.398889 0.00499999 0.0166667 0.329346
0 0.374688 0.32 0.014375 0.0227778 0.325928
0 0.386563 0.313889 0.011875 0.0211111 0.315674
7 0.73875 0.426111 0.00499999 0.02 0.307373
3 0.7375 0.385556 0.00750001 0.04 0.305664
0 0.331875 0.332778 0.0125 0.0222222 0.303955
2 0.0463672 0.407778 0.008125 0.0177778 0.300781
0 0.405625 0.297222 0.01 0.0166667 0.282959
7 0.0489063 0.4775 0.00421875 0.0133333 0.282227
5 0.39 0.3075 0.015 0.0283333 0.265137
7 0.7375 0.426667 0.00499999 0.0183333 0.240723
5 0.390625 0.302778 0.01625 0.0261111 0.223999
2 0.46875 0.316667 0.00874999 0.0188889 0.20752
7 0.633438 0.331111 0.00437501 0.0133333 0.203735
5 0.485625 0.263889 0.00625 0.0122222 0.194946
2 0.648125 0.311944 0.00875003 0.02 0.185913
0 0.4875 0.266667 0.00625 0.00888889 0.168335
0 0.169375 0.393889 0.04125 0.0294444 0.162964
7 0.126094 0.416944 0.004375 0.0116666 0.160278
7 0.735625 0.431111 0.00625 0.0166667 0.157104
0 0.0610156 0.429444 0.0290625 0.0294444 0.149048
2 0.197812 0.370556 0.0065625 0.0211111 0.136597
7 0.68375 0.353056 0.00374997 0.0127778 0.129395
0 0.412813 0.309722 0.010625 0.0161111 0.12854
0 0.0571094 0.413889 0.0285938 0.0244444 0.122925
2 0.658125 0.315 0.01125 0.0188889 0.121277
2 0.46875 0.313056 0.00749998 0.0211111 0.116333
2 0.36125 0.337222 0.015 0.0266667 0.112427
7 0.0464844 0.476111 0.0040625 0.0133333 0.0991211
0 0.39375 0.282778 0.01 0.0122222 0.0980835
0 0.6775 0.313611 0.0375 0.0211111 0.093689
7 0.00827637 0.543333 0.00586914 0.0211111 0.0803833
0 0.0551563 0.423611 0.025625 0.0244444 0.0792236
0 0.448438 0.267778 0.00562499 0.0077778 0.0772095
0 0.417813 0.285278 0.00812502 0.0127778 0.0762939
7 0.72625 0.439722 0.00499999 0.0177778 0.0715942
0 0.308594 0.339444 0.020625 0.0244444 0.0703125
3 0.70875 0.309444 0.00500005 0.0177778 0.0646362
7 0.74375 0.42 0.00499999 0.015 0.0592041
7 0.265938 0.363333 0.0034375 0.0116667 0.053009
0 0.495 0.261944 0.00625 0.00944443 0.049408
0 0.354375 0.308333 0.01375 0.0144444 0.0417786
2 0.222813 0.3575 0.00625 0.0188889 0.0402527
0 0.44375 0.272778 0.00625 0.0122222 0.0374756
2 0.221563 0.358333 0.00562499 0.0166667 0.0361633
0 0.40375 0.282778 0.00874999 0.0122222 0.0301056
7 0.127969 0.415 0.0046875 0.0144444 0.0275879
7 0.221406 0.508889 0.00687499 0.0261111 0.0263519
2 0.197813 0.374722 0.00687501 0.0244444 0.0227203
0 0.413438 0.2825 0.00874999 0.0122222 0.0216217
0 0.88875 0.41 0.0275 0.0444444 0.0199127
3 0.468125 0.321944 0.01 0.0227778 0.0180511
7 0.295313 0.349444 0.00625 0.0144444 0.0179138
0 0.444063 0.264444 0.00499999 0.00999999 0.016922
2 0.21375 0.365833 0.004375 0.0133333 0.0151291
2 0.0228076 0.435833 0.00735352 0.0261111 0.0150757
0 0.455625 0.262778 0.00437501 0.00888889 0.0148392
7 0.615 0.329167 0.00374997 0.0105555 0.0145569
0 0.37875 0.29 0.00750001 0.0122222 0.0133286
2 0.0369141 0.403611 0.00804688 0.0177778 0.0131226
7 0.149844 0.404444 0.00531251 0.0166667 0.0119629
0 0.430625 0.271111 0.00499999 0.00777777 0.0115051
0 0.470625 0.272222 0.00562503 0.01 0.0115051
7 0.234688 0.368333 0.003125 0.00888887 0.0114212
0 0.4075 0.321667 0.016875 0.0211111 0.0103683
3 0.189844 0.370556 0.004375 0.0211111 0.00993347
7 0.594375 0.311944 0.00374997 0.0122222 0.00901794
2 0.175938 0.371111 0.005 0.0166667 0.00894928
3 0.81 0.301944 0.00500005 0.0194444 0.00894928
0 0.465625 0.275833 0.00500002 0.00833333 0.00878143
0 0.3425 0.338889 0.01875 0.0255556 0.00818634
0 0.424063 0.278889 0.00687501 0.00999999 0.00803375
2 0.393125 0.321389 0.01125 0.0227778 0.00769424
2 0.7075 0.308611 0.00499999 0.0161111 0.00766754
0 0.525625 0.275 0.00500002 0.01 0.00723267
7 0.74375 0.395556 0.00375004 0.0233333 0.00720596
0 0.326875 0.317778 0.01125 0.0144444 0.00643921
0 0.0415723 0.423333 0.0273242 0.0255556 0.00598145
0 0.364063 0.300833 0.00749998 0.0127778 0.00568771
2 0.154531 0.375 0.00625 0.0233333 0.00557709
3 0.865 0.311111 0.00499999 0.0188889 0.00521851
2 0.59625 0.301111 0.00500005 0.015 0.00482941
7 0.56625 0.317222 0.00499999 0.0133333 0.00471878
0 0.310938 0.365 0.035625 0.0333333 0.00446701
2 0.0242969 0.428889 0.00742188 0.0266667 0.00443268
7 0.609375 0.306389 0.00375004 0.0116667 0.00391388
0 0.00302002 0.421111 0.00604004 0.0255555 0.00382423
2 0.165313 0.374444 0.0075 0.0222222 0.00359344
2 0.104688 0.388889 0.0075 0.0166667 0.00353813
3 0.470625 0.322222 0.01125 0.0233333 0.00329781
0 0.00479004 0.405556 0.0090332 0.0166667 0.00324821
0 0.420313 0.31 0.011875 0.0166667 0.00322342
2 0.53375 0.321667 0.00749998 0.0211111 0.00317192
1 0.365625 0.276042 0.05125 0.0656944 0.00312424
2 0.695 0.331667 0.00750001 0.0255555 0.00302696
7 0.125625 0.411111 0.005625 0.0188889 0.00302696
0 0.4125 0.270278 0.01 0.0111111 0.00293541
0 0.274375 0.341111 0.02 0.0233333 0.00273705
2 0.186563 0.369444 0.00874999 0.02 0.00269318
3 0.77625 0.3525 0.00750001 0.0294444 0.00265312
0 0.47625 0.262778 0.00499999 0.00888889 0.00260162
2 0.3275 0.340278 0.013125 0.0222222 0.00248146
2 0.638125 0.317778 0.00750001 0.0155555 0.00242424
3 0.0224609 0.4325 0.0090625 0.0205555 0.00236893
7 0.275 0.361667 0.00437498 0.0144444 0.00228691
0 0.053125 0.412222 0.0209375 0.0233333 0.00202751
2 0.116563 0.383333 0.0071875 0.0166667 0.00199509
7 0.229063 0.3725 0.00499999 0.0127778 0.00198746
7 0.605 0.301111 0.00375004 0.0138889 0.00196457
2 0.624063 0.299167 0.00562503 0.0155555 0.0017004
3 0.033125 0.412778 0.014375 0.0244445 0.0016489
2 0.116016 0.372778 0.00625 0.0166667 0.00156116
0 0.534375 0.278889 0.00437501 0.00888887 0.00154877
0 0.00305664 0.432778 0.00606445 0.0222222 0.00150108
0 0.164375 0.399167 0.034375 0.03 0.00146675
0 0.555625 0.298333 0.00875003 0.0122222 0.00144386
3 0.695 0.448889 0.00999997 0.0622222 0.00136662
7 0.494375 0.595417 0.07 0.1225 0.00135612
0 0.0355469 0.391111 0.0111719 0.0222222 0.00129986
2 0.5575 0.314444 0.013125 0.0144444 0.00129414
3 0.54875 0.268333 0.00625 0.0161111 0.00125504
7 0.6725 0.473611 0.00750001 0.0255556 0.00117874
7 0.926875 0.454444 0.00750001 0.0211111 0.00116062
0 0.52875 0.270556 0.00562499 0.00999999 0.00112915
7 0.753125 0.415556 0.00499999 0.0166667 0.00107288
