0 0.18125 0.823333 0.152188 0.24 0.960449
0 0.288281 0.602222 0.0846875 0.111111 0.950195
0 0.280781 0.514167 0.0684375 0.0783334 0.921387
5 0.172969 0.603333 0.148125 0.235556 0.884766
5 0.058125 0.405 0.0360937 0.0466667 0.82666
0 0.385625 0.326667 0.0175 0.02 0.825684
0 0.7225 0.313611 0.035 0.0211111 0.804199
0 0.034375 0.456667 0.0305469 0.0311111 0.804199
2 0.0296875 0.509444 0.0160938 0.0433333 0.794434
0 0.735 0.332222 0.0375 0.0288889 0.791992
0 0.0496094 0.441111 0.0317188 0.0261111 0.791992
2 0.625 0.322778 0.00874996 0.0255556 0.778809
0 0.8525 0.335833 0.0325 0.0227778 0.766113
7 0.666875 0.465 0.00625 0.0222222 0.760742
7 0.925 0.458056 0.00499999 0.0155555 0.741699
0 0.378438 0.306111 0.013125 0.0188889 0.705566
2 0.72375 0.423333 0.02 0.0533333 0.694336
0 0.0102734 0.450556 0.0205469 0.0238889 0.686035
0 0.7875 0.334444 0.0375001 0.0233333 0.679199
5 0.41125 0.290556 0.01625 0.0238889 0.65332
5 0.49375 0.288611 0.0125 0.0211111 0.635254
0 0.7575 0.326667 0.03625 0.0233333 0.635254
7 0.73875 0.427778 0.00499999 0.0211111 0.626953
0 0.405 0.322222 0.01625 0.0211111 0.616699
2 0.72375 0.418889 0.01625 0.0466667 0.601074
0 0.905 0.3325 0.02625 0.0188889 0.588867
7 0.73 0.441667 0.00750001 0.02 0.571777
0 0.394063 0.317222 0.01 0.0172222 0.569824
7 0.74875 0.412778 0.00499999 0.0166667 0.554688
0 0.00374023 0.462778 0.00748047 0.03 0.527344
0 0.413125 0.313889 0.0125 0.0211111 0.523438
7 0.6775 0.48 0.00749995 0.0244445 0.488281
7 0.145781 0.415833 0.00374999 0.0122222 0.476562
0 0.93375 0.338611 0.02375 0.0177778 0.463867
7 0.746875 0.400278 0.00499999 0.015 0.462891
7 0.68375 0.3525 0.00500005 0.0127778 0.437744
5 0.494063 0.283889 0.011875 0.0255556 0.428223
2 0.66375 0.31 0.00499999 0.0188889 0.399902
0 0.00638672 0.425278 0.011543 0.0172222 0.355713
0 0.0605078 0.416389 0.0310156 0.0255556 0.332764
0 0.388125 0.325 0.0175 0.0177778 0.327637
7 0.92375 0.465556 0.00499999 0.0166667 0.299072
7 0.126406 0.419722 0.00375 0.0111111 0.29248
0 0.93375 0.341667 0.0275 0.0205555 0.281494
3 0.700625 0.35 0.00625 0.0355555 0.280518
7 0.735625 0.433333 0.00499999 0.0177778 0.246582
0 0.47125 0.268889 0.00625 0.0122222 0.206909
0 0.46875 0.281389 0.00874999 0.0122222 0.204346
3 0.7025 0.356667 0.00749995 0.035 0.201172
7 0.65375 0.327222 0.00374997 0.0122222 0.167725
7 0.0639844 0.472778 0.00375 0.0144444 0.162964
5 0.486563 0.262222 0.00687501 0.0122222 0.144653
0 0.39375 0.309444 0.01125 0.0166667 0.125977
0 0.00896484 0.425278 0.01625 0.0166667 0.122925
0 0.415625 0.286667 0.0125 0.0155555 0.104126
5 0.41125 0.298333 0.0175 0.0294444 0.103394
0 0.47625 0.265556 0.00625 0.0133333 0.0836182
7 0.0498438 0.477222 0.00328125 0.0133334 0.081543
0 0.9025 0.335556 0.0275 0.0166667 0.0806274
0 0.7925 0.335833 0.04 0.0244445 0.0800781
5 0.495625 0.261389 0.00625 0.00833333 0.0783691
0 0.487188 0.270278 0.00750001 0.0122222 0.0723877
7 0.745 0.422222 0.00499999 0.0144444 0.0651245
0 0.73125 0.328889 0.035 0.03 0.0639648
0 0.495625 0.285 0.011875 0.0155555 0.0611877
0 0.0507031 0.436667 0.0292188 0.0244444 0.0561218
0 0.8575 0.338333 0.0375 0.0222222 0.055603
7 0.00890625 0.543889 0.00582031 0.02 0.0539856
0 0.445938 0.261667 0.00437498 0.00777777 0.0505066
7 0.736875 0.427222 0.00625 0.0233333 0.0455322
0 0.470625 0.280556 0.00999997 0.0133333 0.0453491
0 0.904375 0.340556 0.03125 0.0238889 0.0433655
7 0.72375 0.448333 0.00750001 0.02 0.0405273
7 0.234844 0.368333 0.0028125 0.0077778 0.035553
0 0.42125 0.310556 0.01 0.0155556 0.0310211
0 0.395938 0.299444 0.01125 0.0166667 0.0263519
7 0.594375 0.312778 0.00499999 0.0122222 0.0249939
3 0.695 0.448889 0.00999997 0.0633333 0.0224609
7 0.26625 0.362778 0.00343749 0.0111111 0.0202484
7 0.205313 0.383889 0.00375001 0.00888889 0.0199432
7 0.645 0.317778 0.00250003 0.0111111 0.0185394
0 0.503438 0.258889 0.00499999 0.00833333 0.0176392
0 0.421875 0.278333 0.00749998 0.00888889 0.0162201
0 0.0328955 0.451667 0.0364746 0.0322222 0.0156021
0 0.4875 0.274444 0.00749998 0.0133333 0.0154266
7 0.128281 0.416389 0.0040625 0.015 0.0144501
7 0.229375 0.371667 0.003125 0.0111111 0.0142822
3 0.70625 0.369444 0.00750001 0.0488889 0.0140076
7 0.754375 0.415 0.00374997 0.0155555 0.0139542
7 0.635 0.330556 0.00374997 0.0133333 0.013588
0 0.76 0.323611 0.035 0.0244444 0.0134811
0 0.435625 0.277222 0.00499999 0.00777777 0.0125732
2 0.408125 0.321667 0.015625 0.0211111 0.012146
7 0.0558594 0.474167 0.00414063 0.0111111 0.0112457
0 0.534063 0.279444 0.00500002 0.00999999 0.011116
0 0.93875 0.34 0.0275 0.02 0.0109482
3 0.189688 0.373333 0.00437501 0.0222222 0.0109024
7 0.265938 0.353056 0.00374999 0.0116667 0.0100555
0 0.448438 0.2675 0.00562499 0.00944443 0.0100098
7 0.275156 0.352778 0.00343752 0.0111111 0.00941467
2 0.6975 0.350278 0.00999997 0.0338889 0.00930023
2 0.723125 0.399722 0.00999997 0.0416667 0.0086441
3 0.81125 0.303333 0.00499999 0.0188889 0.00812531
7 0.635 0.348333 0.00374997 0.0111111 0.00790405
0 0.94 0.343333 0.03625 0.0222222 0.0078125
0 0.00701172 0.418333 0.0131445 0.0188889 0.00728989
3 0.68625 0.294722 0.00499999 0.0177778 0.00714874
0 0.46625 0.264722 0.00500002 0.0116667 0.00712204
7 0.148438 0.412778 0.00406251 0.0122222 0.00669098
0 0.0371094 0.405 0.00804688 0.0244444 0.0064888
0 0.93 0.345833 0.03125 0.0283333 0.00614548
7 0.29375 0.346667 0.00562499 0.0133333 0.00591278
0 0.379688 0.291667 0.00874999 0.0155556 0.00547028
2 0.636875 0.316111 0.00500005 0.0133333 0.00540543
0 0.941875 0.337778 0.03 0.0188889 0.00527954
3 0.71 0.368056 0.00999997 0.05 0.00526047
5 0.00421631 0.408889 0.00843262 0.0211111 0.00524139
0 0.0221143 0.46 0.0347559 0.0344445 0.0051384
2 0.695 0.339444 0.01375 0.0355555 0.00508118
3 0.6975 0.353889 0.00750001 0.0344445 0.00494385
7 0.285313 0.348333 0.00375001 0.0122222 0.00479126
2 0.66375 0.306667 0.00625 0.0244445 0.00457382
0 0.1825 0.521111 0.03 0.0677778 0.00405502
2 0.8575 0.318333 0.00874996 0.0183333 0.00403976
0 0.189375 0.513889 0.025 0.0533334 0.00403976
0 0.985625 0.334444 0.00874996 0.0144444 0.00397491
7 0.260313 0.356111 0.00406249 0.0122222 0.00382423
0 0.4225 0.294167 0.00749998 0.0161111 0.00380898
0 0.741875 0.324444 0.0375 0.0255556 0.00376511
2 0.18625 0.382222 0.00874999 0.0255555 0.00324821
7 0.67125 0.472778 0.00749995 0.0255556 0.00300407
0 0.52625 0.275 0.00625 0.01 0.00294685
7 0.685625 0.314444 0.00374997 0.0111111 0.00251198
2 0.18625 0.370556 0.00874999 0.0211111 0.0024929
3 0.544375 0.278333 0.00499999 0.0122222 0.00239754
2 0.86375 0.3125 0.00750001 0.0172222 0.00239754
0 0.529375 0.270278 0.00499999 0.00888889 0.00227928
2 0.0255811 0.506111 0.0168848 0.0422222 0.00226974
7 0.00825195 0.542083 0.00689453 0.0180556 0.00225258
2 0.71875 0.419444 0.025 0.0688889 0.00225258
3 0.290469 0.343889 0.00406249 0.0155556 0.00224304
7 0.655 0.316944 0.00249996 0.0138889 0.00218201
3 0.215 0.364444 0.003125 0.0155556 0.00213242
7 0.220313 0.36 0.00374999 0.0122222 0.0020752
0 0.965625 0.345556 0.0175 0.0211111 0.00204277
0 0.503438 0.275556 0.00499999 0.00999999 0.00198746
2 0.765625 0.301667 0.00750001 0.0188889 0.00198746
7 0.146094 0.408889 0.00390625 0.015 0.00198746
0 0.904375 0.348889 0.035 0.0277778 0.0019722
7 0.225 0.369444 0.00374999 0.0111111 0.00188255
0 0.00529785 0.388333 0.0101465 0.02 0.00188255
0 0.185469 0.528056 0.0553125 0.0727778 0.00188255
0 0.429375 0.270556 0.00625 0.00888887 0.00186729
0 0.514375 0.261944 0.00374997 0.00722224 0.00183868
7 0.695625 0.316667 0.00499999 0.0122222 0.00179577
0 0.975625 0.335556 0.0225 0.0177778 0.00174141
0 0.45375 0.260833 0.00500002 0.0077778 0.0017271
3 0.68875 0.304444 0.00499999 0.0133333 0.0017271
7 0.595625 0.302222 0.00499999 0.0166667 0.0017004
7 0.56625 0.317222 0.00374997 0.0122222 0.0017004
0 0.795625 0.34 0.045 0.0266667 0.00169373
0 0.218125 0.524167 0.05625 0.0783333 0.00162315
3 0.250156 0.344722 0.00375001 0.0227778 0.00160408
0 0.85125 0.345556 0.0425 0.0322222 0.00156689
0 0.0394531 0.425556 0.0192969 0.0233333 0.00154877
7 0.575 0.327222 0.00499999 0.0133333 0.00152493
2 0.675 0.313056 0.01 0.0161111 0.0015192
2 0.0355859 0.390833 0.00683594 0.0205555 0.00151253
5 0.192188 0.542222 0.0728125 0.0977778 0.00151253
2 0.70375 0.341667 0.00499999 0.0355555 0.0014782
3 0.164219 0.385556 0.00375001 0.0177778 0.00147247
0 0.170156 0.533611 0.0284375 0.0727778 0.00143242
2 0.69625 0.442778 0.0112501 0.0666667 0.00142097
2 0.716875 0.422222 0.0325 0.0561111 0.00139904
0 0.965 0.335833 0.01125 0.0166667 0.00134563
5 0.0330469 0.395556 0.0384375 0.0338889 0.00134563
7 0.716875 0.444722 0.00625 0.0316667 0.00132465
0 0.365625 0.280278 0.00500002 0.0127778 0.00131989
7 0.194375 0.383333 0.00375001 0.0144444 0.00131512
7 0.645 0.344167 0.00374997 0.0133334 0.00124931
3 0.7775 0.345 0.015 0.0344445 0.00123501
7 0.64625 0.332778 0.00250003 0.01 0.00116062
0 0.01625 0.431111 0.0151953 0.0222222 0.00108147
0 0.74 0.338889 0.0449999 0.0272222 0.00107288
3 0.0253516 0.405 0.00570313 0.0177778 0.00104046
0 0.0224609 0.425 0.0114844 0.0222222 0.00104046
0 0.445625 0.273889 0.00499999 0.0111111 0.00101185
