0 0.331797 0.319167 0.0764063 0.105 0.944824
0 0.0697266 0.952222 0.136172 0.0955555 0.944824
0 0.581875 0.234167 0.065 0.0972222 0.940918
0 0.505938 0.376389 0.083125 0.15 0.940918
0 0.214414 0.373611 0.116797 0.178333 0.937012
0 0.257188 0.47 0.111563 0.171111 0.933594
0 0.154453 0.315556 0.0654688 0.105556 0.913574
0 0.0452344 0.823889 0.0901563 0.274444 0.900391
0 0.57 0.0921528 0.03125 0.0398611 0.891602
0 0.235938 0.198056 0.04 0.0527778 0.884766
0 0.163125 0.245139 0.050625 0.0797222 0.884766
0 0.0233008 0.413333 0.0466016 0.103333 0.874023
0 0.0336133 0.289444 0.0299609 0.0344445 0.873047
0 0.0825 0.250972 0.035625 0.0463889 0.868652
0 0.486563 0.0460417 0.014375 0.0198611 0.85498
5 0.719375 0.0303472 0.04375 0.0358333 0.850098
0 0.305 0.144028 0.035 0.0508333 0.844727
0 0.274375 0.136389 0.026875 0.0372222 0.839844
0 0.521875 0.0405382 0.015 0.0189236 0.823242
0 0.86875 0.0704167 0.0275 0.0251389 0.817383
0 0.403125 0.0652778 0.0175 0.0222222 0.816406
0 0.329375 0.104722 0.02375 0.0355556 0.805664
0 0.0133496 0.502778 0.0266992 0.116667 0.805664
0 0.343125 0.0818056 0.01625 0.0222222 0.804199
7 0.255625 0.263333 0.00874999 0.0216667 0.803223
0 0.7625 0.0590972 0.035 0.0254167 0.775879
0 0.354375 0.0599306 0.01125 0.01625 0.771973
0 0.75 0.054375 0.0325 0.02375 0.767578
0 0.296563 0.0981944 0.023125 0.0233333 0.762207
0 0.421875 0.0610417 0.015 0.0209722 0.753418
7 0.743125 0.171667 0.00625 0.0211111 0.741699
0 0.47875 0.0298611 0.01125 0.02125 0.726562
0 0.315625 0.103611 0.02 0.0322222 0.70752
2 0.67625 0.0565278 0.00750001 0.0255556 0.705566
2 0.617813 0.0397222 0.0125 0.0215278 0.690918
7 0.75125 0.160417 0.00499999 0.0188889 0.689453
0 0.78125 0.0670139 0.0375 0.0231944 0.686035
0 0.51375 0.0206944 0.009375 0.0155556 0.649414
0 0.43125 0.0491667 0.01125 0.0169444 0.633301
0 0.813125 0.05625 0.0325 0.0230556 0.616699
7 0.94375 0.218611 0.00499999 0.0166667 0.607422
0 0.390938 0.0525 0.013125 0.0183333 0.605957
0 0.289375 0.113472 0.020625 0.0261111 0.583008
5 0.40375 0.0416493 0.01875 0.0361458 0.554688
0 0.828125 0.070625 0.0325 0.0254167 0.539062
7 0.242031 0.279444 0.0075 0.0211111 0.529297
0 0.295313 0.136944 0.0215625 0.0405556 0.525391
0 0.53125 0.0134028 0.01 0.0148611 0.505859
0 0.00331299 0.318611 0.00662598 0.0316667 0.492188
7 0.0656641 0.297778 0.00382812 0.0122222 0.472656
0 0.905 0.0795139 0.025 0.0234722 0.432129
7 0.74375 0.125 0.00499999 0.0166667 0.432129
0 0.52125 0.0105208 0.00874999 0.0133333 0.420654
5 0.905 0.0797222 0.025 0.0225 0.401611
7 0.945 0.214167 0.00499999 0.0172222 0.401611
3 0.00427246 0.3475 0.00854492 0.0344445 0.397949
7 0.70375 0.0776389 0.00374997 0.0125 0.366699
0 0.431563 0.053125 0.011875 0.0181944 0.351318
7 0.70125 0.199028 0.00750001 0.0247222 0.320801
0 0.83125 0.073125 0.03625 0.0251389 0.319092
0 0.499375 0.00477431 0.00750001 0.00954861 0.312256
7 0.7675 0.129167 0.00499999 0.0172222 0.303223
7 0.65125 0.0526389 0.00250003 0.0108333 0.299072
7 0.94125 0.216667 0.00500005 0.0183333 0.291748
0 0.421875 0.0489583 0.0125 0.0184722 0.291016
0 0.409375 0.0619444 0.01375 0.0229167 0.289307
0 0.00436279 0.331111 0.00872559 0.0311111 0.287842
7 0.164375 0.206389 0.004375 0.0122222 0.279785
7 0.70125 0.0770139 0.00499999 0.0158333 0.274414
0 0.443438 0.0132639 0.00812499 0.0121528 0.270508
7 0.753125 0.157778 0.00625 0.0183333 0.26123
0 0.77625 0.065625 0.04 0.0265278 0.256836
0 0.454375 0.00833333 0.00625 0.00972222 0.253906
0 0.8225 0.0625 0.0325 0.0236111 0.253174
0 0.410625 0.0566667 0.013125 0.0208333 0.250244
0 0.414375 0.0330903 0.0125 0.0210417 0.24939
0 0.35 0.0625 0.015 0.0175 0.242188
7 0.745 0.1275 0.00499999 0.0183333 0.242188
7 0.143906 0.212361 0.00421875 0.0166667 0.242188
0 0.295625 0.129861 0.0275 0.0388889 0.237183
0 0.8225 0.0704167 0.0375 0.0275 0.213989
7 0.766875 0.125833 0.00499999 0.0177778 0.196167
3 0.0047583 0.353889 0.00770996 0.0411111 0.195557
0 0.293125 0.106528 0.0215625 0.0261111 0.169434
7 0.655 0.049375 0.00249996 0.00944445 0.15918
7 0.595625 0.0454861 0.00375004 0.0123611 0.157104
0 0.411875 0.0475694 0.01375 0.0204167 0.155029
5 0.42625 0.0142361 0.01125 0.0126389 0.136108
7 0.766875 0.131667 0.00499999 0.015 0.10376
7 0.075 0.293889 0.00359375 0.0111111 0.0977173
7 0.215313 0.155556 0.00406249 0.0144444 0.0939941
7 0.0840625 0.291111 0.0046875 0.0138889 0.0797729
2 0.694375 0.05 0.00499999 0.0156944 0.0715942
0 0.424375 0.031875 0.00874999 0.0144444 0.0668335
7 0.69 0.186667 0.00625 0.0244444 0.0648804
7 0.144688 0.219583 0.00453126 0.0158333 0.0637207
0 0.309531 0.1175 0.0234375 0.0344444 0.0596619
5 0.4375 0.0118056 0.00749998 0.0133333 0.0594177
3 0.230625 0.134722 0.00375001 0.0227778 0.0589905
0 0.39 0.05625 0.0125 0.0202778 0.0512695
0 0.458125 0.00447917 0.00875003 0.00895833 0.046814
0 0.430625 0.0568056 0.01125 0.0183333 0.0465393
7 0.253438 0.264167 0.00875001 0.0227778 0.0445251
0 0.498125 0.00722222 0.00874999 0.00979167 0.0427246
7 0.0852344 0.281111 0.0046875 0.0144444 0.0387573
7 0.68625 0.0784028 0.00499999 0.0118056 0.0386047
3 0.16875 0.156389 0.00531249 0.02 0.0377502
2 0.204531 0.155556 0.00625 0.0233333 0.037323
2 0.925 0.0872222 0.00874996 0.0211111 0.0348816
0 0.43125 0.0194444 0.00874999 0.00930556 0.0337219
3 0.194063 0.15625 0.00687501 0.0302778 0.032959
3 0.23375 0.136944 0.00499999 0.0177778 0.0285492
0 0.00395996 0.275833 0.00791992 0.0216667 0.0271759
0 0.4875 0.008125 0.00749998 0.0102778 0.026062
7 0.690625 0.0515278 0.00375004 0.0133333 0.0252686
7 0.14125 0.211944 0.00499999 0.0194444 0.0231934
0 0.4375 0.0302778 0.00749998 0.0138194 0.0222931
0 0.85625 0.075 0.0225 0.0215278 0.0214539
3 0.191719 0.156944 0.00687501 0.0272222 0.021286
0 0.73125 0.045625 0.02 0.0213889 0.0179138
3 0.194375 0.168611 0.00687501 0.0344445 0.0178528
2 0.114531 0.187222 0.00765626 0.0233333 0.0167236
0 0.8375 0.0645833 0.03 0.0238889 0.0166626
2 0.0127637 0.265 0.008125 0.0222222 0.0164032
7 0.77375 0.14625 0.00499999 0.0161111 0.0149002
7 0.0948438 0.275833 0.004375 0.0111111 0.0146179
7 0.0685156 0.297778 0.00484376 0.0166667 0.0146179
2 0.00967774 0.270556 0.013457 0.0227778 0.0145035
0 0.95875 0.105 0.0175 0.0161111 0.014389
7 0.6875 0.183194 0.00625 0.0205556 0.0140076
3 0.71 0.0577778 0.00499999 0.0166667 0.0138474
7 0.73 0.1225 0.00499999 0.0177778 0.0137405
0 0.00303711 0.309444 0.00607422 0.0366666 0.0128708
0 0.955625 0.105 0.0175 0.0180556 0.012825
0 0.99625 0.12625 0.00749995 0.0263889 0.0126724
7 0.245313 0.135833 0.003125 0.00944444 0.0121918
0 0.503125 0.00674479 0.00687501 0.0109549 0.0121002
2 0.203438 0.162083 0.011875 0.0336111 0.0116882
2 0.71375 0.0652778 0.00999997 0.0319444 0.0115051
7 0.249375 0.126667 0.00375001 0.015 0.0109024
0 0.735625 0.0517361 0.015 0.0226389 0.0105667
0 0.74875 0.0638889 0.04 0.0280556 0.0102921
2 0.00666992 0.343889 0.0129102 0.0427778 0.00959778
7 0.123203 0.218611 0.00453125 0.0183333 0.00930023
0 0.00900879 0.273611 0.0147168 0.0244444 0.00854492
0 0.419063 0.0613889 0.010625 0.0277778 0.00815582
0 0.36125 0.0502778 0.01 0.0127778 0.00760651
7 0.024707 0.330556 0.00394531 0.0133333 0.00754929
2 0.133203 0.176667 0.0075 0.0166667 0.00748825
0 0.99625 0.1325 0.00749995 0.03 0.00717545
7 0.585625 0.0455556 0.00374997 0.0113889 0.0069046
0 0.45125 0.0165278 0.00687501 0.0122222 0.0069046
0 0.00504883 0.268333 0.0100977 0.0233333 0.00666809
7 0.16875 0.198611 0.005 0.0122222 0.00634003
3 0.165313 0.165556 0.00374999 0.0188889 0.00626373
0 0.821875 0.0568056 0.035 0.0238889 0.00605011
3 0.6975 0.0294444 0.00499999 0.0163889 0.00584412
3 0.123828 0.190417 0.00515625 0.0183333 0.00570679
0 0.715 0.0403993 0.0300001 0.0239236 0.00536346
7 0.76375 0.148611 0.00499999 0.0152778 0.00526047
2 0.0471484 0.243472 0.009375 0.0158333 0.00498199
2 0.275938 0.104444 0.00656252 0.0177778 0.00486755
0 0.4025 0.0695833 0.01875 0.0280556 0.00460815
3 0.26625 0.104097 0.00562501 0.0173611 0.00460815
2 0.564375 0.0261806 0.00499999 0.0126389 0.00448608
0 0.78 0.0725694 0.0375 0.0243056 0.00443268
7 0.243438 0.286111 0.011875 0.0283333 0.00443268
0 0.536875 0.0059375 0.01 0.011875 0.00439835
0 0.97125 0.106458 0.015 0.0181944 0.00416565
3 0.166719 0.159861 0.00562499 0.0186111 0.00407028
3 0.27 0.0961111 0.00750001 0.0216667 0.00397491
2 0.0552344 0.244722 0.0116406 0.0222222 0.00391388
2 0.57 0.0221528 0.00750001 0.011875 0.00388527
7 0.155938 0.210278 0.00390625 0.0188889 0.00370789
2 0.6725 0.0538889 0.00750001 0.0230556 0.0036068
0 0.905 0.0747222 0.02375 0.0227778 0.00359344
7 0.104922 0.224722 0.00375 0.0136111 0.00349617
0 0.976875 0.114757 0.0125 0.0188194 0.00344276
2 0.323672 0.0684722 0.00890624 0.0147222 0.00342941
0 0.475 0.0277431 0.01375 0.0209028 0.00337601
0 0.235156 0.189028 0.0278125 0.0383333 0.00329781
7 0.209688 0.156389 0.00562501 0.0205556 0.00309944
0 0.521563 0.0357639 0.013125 0.0193056 0.00307465
3 0.195938 0.179444 0.00562499 0.0266667 0.0030632
3 0.0358984 0.265 0.0100781 0.0177778 0.00300407
0 0.873125 0.0697222 0.025 0.0213889 0.00292397
0 0.773125 0.0551389 0.02875 0.0211111 0.00291252
0 0.0084375 0.42 0.0168164 0.0877778 0.00274658
0 0.569063 0.08625 0.030625 0.0383333 0.0027256
2 0.67625 0.0373611 0.00499999 0.0216667 0.00271416
0 0.0092627 0.44 0.0185254 0.0577778 0.00261116
3 0.23375 0.125556 0.00499999 0.0216667 0.00251198
7 0.6925 0.185556 0.00750001 0.0216667 0.00243378
7 0.254688 0.134444 0.00374999 0.0161111 0.00228691
2 0.174688 0.155556 0.0103125 0.0238889 0.00216484
7 0.105078 0.276111 0.00375 0.0122222 0.00194168
0 0.32625 0.0920833 0.01875 0.0241667 0.00188923
0 0.988125 0.121111 0.015 0.0211111 0.00181007
0 0.7075 0.0429167 0.01375 0.0181944 0.0018034
3 0.714375 0.184722 0.01 0.0786111 0.00176811
7 0.220156 0.145833 0.0046875 0.0166667 0.0017271
0 0.022207 0.983333 0.0441797 0.0311111 0.00167465
2 0.6025 0.0445139 0.00875003 0.0193056 0.0016613
0 0.545625 0.00951389 0.00499999 0.00916667 0.00161076
7 0.705 0.0709722 0.00499999 0.0197222 0.00161076
3 0.27625 0.08875 0.00625 0.0190278 0.00156116
2 0.203438 0.145 0.0075 0.0233333 0.00154877
4 0.497813 0.873889 0.12 0.122222 0.00154877
7 0.715 0.0731944 0.00500005 0.0258333 0.00153637
3 0.469375 0.0573611 0.00874999 0.0183333 0.00150108
3 0.155547 0.173889 0.00421875 0.0155556 0.00144386
0 0.193438 0.15875 0.0203125 0.0286111 0.00141048
2 0.61375 0.0315278 0.00999997 0.0273611 0.00141048
5 0.4125 0.035625 0.0175 0.0354167 0.00134563
7 0.0560156 0.308333 0.00445313 0.0144444 0.00133514
7 0.665 0.0475694 0.00250003 0.0105556 0.00124931
7 0.115156 0.227361 0.0034375 0.0125 0.00124454
3 0.714375 0.177778 0.00750001 0.0677778 0.00123978
0 0.359063 0.0589583 0.014375 0.01625 0.00123501
7 0.74875 0.125972 0.00499999 0.02 0.00123024
2 0.8825 0.0518056 0.00750001 0.0175 0.00121117
0 0.0154395 0.408333 0.0308789 0.0988889 0.0011692
0 0.98375 0.106528 0.0125 0.0205556 0.00116062
3 0.923125 0.0930556 0.01125 0.0234722 0.0011158
0 0.99625 0.108194 0.00749995 0.0336111 0.00109863
7 0.225313 0.152639 0.003125 0.00944446 0.00109863
7 0.64625 0.0486806 0.00250003 0.00833333 0.00106525
0 0.9425 0.100903 0.02125 0.0206944 0.00104809
0 0.154531 0.300556 0.06375 0.0744444 0.00104809
0 0.994688 0.140278 0.0106249 0.0366667 0.00102425
7 0.589375 0.0505556 0.00687504 0.0179167 0.00101662
