0 0.496875 0.410833 0.08875 0.176667 0.941895
0 0.619375 0.360556 0.09 0.14 0.9375
0 0.157969 0.213889 0.0425 0.0377778 0.891113
0 0.493125 0.0422222 0.01625 0.0209722 0.837402
0 0.252969 0.122535 0.0315625 0.0304861 0.833496
0 0.345625 0.08125 0.02 0.0258333 0.829102
7 0.244063 0.280556 0.0078125 0.0244444 0.823242
0 0.0549609 0.277778 0.0373438 0.0477778 0.820801
0 0.405 0.0614583 0.01875 0.0244444 0.818848
7 0.7025 0.198611 0.00749995 0.0252778 0.817383
7 0.74375 0.173889 0.00750001 0.0205556 0.810547
0 0.755 0.0629167 0.0425 0.0263889 0.808105
0 0.0257617 0.31 0.0322266 0.0377778 0.794434
0 0.33 0.0853472 0.01625 0.02 0.790527
7 0.0288867 0.375833 0.005 0.0194444 0.78125
0 0.50125 0.0118056 0.00874999 0.0116667 0.767578
0 0.74 0.0518056 0.0375 0.0255556 0.754883
7 0.257812 0.262778 0.00718751 0.0227778 0.751953
0 0.43625 0.0751389 0.04 0.0355556 0.746094
2 0.4325 0.0961111 0.0175 0.0313889 0.733887
0 0.87875 0.0785417 0.0300001 0.0238889 0.692871
5 0.83 0.0634722 0.0375 0.0369444 0.672363
3 0.0480078 0.331667 0.0138281 0.0477778 0.638672
0 0.00498047 0.323333 0.00996094 0.03 0.629883
7 0.76875 0.130417 0.00375004 0.0172222 0.605957
2 0.602813 0.0402778 0.0125 0.0211111 0.594727
0 0.422813 0.0547222 0.015 0.0206944 0.542969
7 0.7525 0.163611 0.00500005 0.0194444 0.539062
0 0.813125 0.0619444 0.0275 0.0241667 0.533203
2 0.225 0.144167 0.008125 0.0241667 0.517578
0 0.84625 0.0681944 0.035 0.0280556 0.488281
7 0.944375 0.219861 0.00500005 0.0166667 0.486328
2 0.2125 0.151667 0.00687499 0.0227778 0.445557
0 0.40625 0.0440278 0.0125 0.01625 0.434082
0 0.0294336 0.290278 0.0286328 0.03 0.416748
7 0.705 0.0786111 0.00499999 0.0116667 0.386719
0 0.85 0.0658333 0.025 0.0277778 0.365723
7 0.67375 0.0491667 0.00249996 0.0122222 0.348633
0 0.412813 0.0444444 0.010625 0.0172222 0.329346
7 0.7725 0.146111 0.00499999 0.0177778 0.303955
0 0.00312012 0.297222 0.00624024 0.0272222 0.303955
0 0.419375 0.0320833 0.01 0.0134722 0.295898
0 0.77125 0.0538194 0.0275 0.0248611 0.289307
0 0.79125 0.0588194 0.0325 0.0258333 0.271973
7 0.94625 0.214444 0.00499999 0.0175 0.252441
0 0.848125 0.0719444 0.03 0.0241667 0.251709
3 0.0457813 0.332222 0.0110938 0.05 0.228149
2 0.211563 0.152222 0.00843751 0.0255556 0.210083
0 0.420625 0.0333333 0.00999997 0.0140278 0.204956
0 0.771875 0.0521528 0.02 0.0238889 0.185913
2 0.4325 0.0868056 0.025 0.0355556 0.184204
0 0.8325 0.0718056 0.0375 0.0291667 0.182983
0 0.45375 0.00826389 0.00625 0.01 0.174927
7 0.70125 0.0775 0.00499999 0.0155556 0.174438
7 0.00753052 0.38 0.00603272 0.0211111 0.173828
0 0.820625 0.0669444 0.045 0.0291667 0.167236
7 0.74625 0.125278 0.00500005 0.0183333 0.15979
7 0.0428125 0.359722 0.00539062 0.0172222 0.153076
0 0.77875 0.0549306 0.035 0.0281944 0.137085
7 0.94125 0.219444 0.00500005 0.0166667 0.135254
5 0.0195142 0.244861 0.0190576 0.0252778 0.129883
0 0.431875 0.051875 0.0125 0.0184722 0.126831
0 0.749375 0.0615278 0.04 0.0283333 0.119995
0 0.8425 0.0644445 0.04 0.0355556 0.119202
7 0.285781 0.116389 0.003125 0.00888889 0.110474
2 0.66125 0.0415972 0.00874996 0.0259722 0.100891
0 0.0181641 0.311667 0.0296094 0.0322222 0.100891
0 0.405 0.0311111 0.00875003 0.00965278 0.0853882
0 0.447188 0.0123264 0.009375 0.011875 0.0830078
2 0.21375 0.145833 0.0075 0.025 0.0797729
0 0.0241748 0.295833 0.0285254 0.0288889 0.0778198
7 0.0852344 0.279722 0.00359375 0.00999999 0.0769653
2 0.20875 0.151389 0.01375 0.0261111 0.069519
0 0.88 0.0745833 0.0275 0.0213889 0.0637207
7 0.0749219 0.293611 0.0028125 0.0133333 0.0585632
0 0.0262695 0.292222 0.0280859 0.0355555 0.0570679
5 0.82875 0.0715278 0.0375 0.0266667 0.0544128
0 0.438125 0.0118056 0.00749998 0.0100694 0.0528259
0 0.00350342 0.283333 0.00700684 0.0205555 0.0474243
7 0.69125 0.18375 0.00750001 0.0219444 0.0465393
0 0.500625 0.00666667 0.00625 0.0130556 0.0423889
5 0.79125 0.0575694 0.0325 0.0265278 0.0401001
7 0.76375 0.151528 0.00499999 0.0180556 0.0384521
0 0.810625 0.0575694 0.0275 0.0240278 0.0375977
0 0.411563 0.023125 0.00874999 0.0106944 0.0363464
3 0.221406 0.143333 0.00687499 0.0233333 0.0344849
7 0.67125 0.0506944 0.00500005 0.0127778 0.0285492
0 0.400313 0.0529167 0.013125 0.0211111 0.025177
0 0.865 0.0732639 0.02 0.0219444 0.0250854
3 0.197188 0.152222 0.00625 0.0255556 0.0249939
0 0.35875 0.0620833 0.0125 0.0136111 0.0214539
0 0.45875 0.00472222 0.00687501 0.00944445 0.019455
0 0.81625 0.0590278 0.035 0.0269444 0.0191956
5 0.84 0.0625694 0.045 0.0381944 0.0184021
3 0.124766 0.214444 0.00421875 0.0255556 0.0182648
2 0.65875 0.0408507 0.00999997 0.0271875 0.0180511
7 0.0750781 0.243611 0.00390625 0.0155555 0.0167847
7 0.294375 0.115556 0.00375001 0.00888889 0.0158386
0 0.4225 0.0693056 0.0175 0.0325 0.0149536
2 0.6575 0.0440278 0.00750001 0.0229167 0.0148392
3 0.310313 0.0938889 0.00500002 0.0152778 0.0146179
7 0.69 0.0538889 0.00250003 0.00944445 0.0142822
7 0.695 0.0501389 0.00250003 0.0105556 0.0136337
7 0.690625 0.18625 0.00750001 0.0247222 0.0115509
0 0.77125 0.0660417 0.05 0.0265278 0.0106964
7 0.74875 0.129444 0.00375004 0.0183333 0.0106125
0 0.43 0.0196528 0.00750001 0.00902778 0.0104065
3 0.00716919 0.378611 0.0080249 0.025 0.00981903
2 0.214063 0.1475 0.028125 0.0286111 0.0091629
3 0.122891 0.192222 0.0065625 0.0216667 0.00881195
2 0.43125 0.0998611 0.02 0.0405556 0.00854492
2 0.412813 0.0770139 0.013125 0.0263889 0.00763702
0 0.995625 0.132778 0.00874996 0.0322222 0.00746155
7 0.257188 0.265556 0.00750001 0.0266667 0.00723267
7 0.274375 0.116389 0.00500002 0.0111111 0.0068779
7 0.650625 0.0528472 0.00374997 0.0108333 0.00682449
2 0.4425 0.0436111 0.00999997 0.0168056 0.00658798
0 0.434063 0.031875 0.00812499 0.0168056 0.00651169
0 0.45 0.0166667 0.00874999 0.0159722 0.00636292
3 0.183125 0.166111 0.00562499 0.0266667 0.00619125
0 0.00703613 0.413333 0.0140723 0.0411111 0.00602722
3 0.61625 0.0305556 0.00499999 0.0130556 0.00593567
7 0.7675 0.135278 0.00499999 0.015 0.005867
2 0.59125 0.0218056 0.00875003 0.0138889 0.00579834
0 0.00386475 0.337222 0.00765137 0.0422222 0.00564194
0 0.483438 0.00864583 0.00562499 0.00951389 0.0055542
0 0.00616211 0.328333 0.011582 0.0322222 0.00538635
5 0.0129199 0.250972 0.020957 0.0269444 0.0053215
0 0.755 0.0673611 0.0475 0.0333333 0.00530243
0 0.88625 0.0776389 0.035 0.0227778 0.0050621
7 0.136094 0.223333 0.00406249 0.0175 0.00502014
0 0.0390283 0.281111 0.0390527 0.0355555 0.00500107
7 0.0891406 0.270833 0.005625 0.0161111 0.00486755
7 0.948125 0.226667 0.00499999 0.0194444 0.00482941
2 0.00637207 0.379167 0.00874024 0.0305556 0.00468063
0 0.99625 0.124167 0.00749995 0.0291667 0.00455475
7 0.614063 0.045 0.00625 0.0144444 0.00452042
0 0.96 0.105278 0.0199999 0.0177778 0.00450516
2 0.7325 0.0352083 0.01125 0.0163889 0.00446701
7 0.599375 0.0427778 0.00999997 0.0176389 0.00426483
2 0.295313 0.0884722 0.009375 0.0180556 0.00426483
2 0.7325 0.107847 0.00999997 0.0398611 0.00424957
0 0.2525 0.13 0.0340625 0.0383333 0.00370789
2 0.0542188 0.245417 0.00789063 0.0163889 0.00359344
2 0.295625 0.0984028 0.00687501 0.0165278 0.00351143
3 0.184063 0.159722 0.005 0.0244445 0.00348282
4 0.0189453 0.252222 0.0203516 0.025 0.00345612
2 0.00945313 0.269444 0.0113672 0.0166667 0.00345612
7 0.773125 0.142778 0.00499999 0.0177778 0.00335121
2 0.1675 0.158056 0.00687501 0.0172222 0.00319672
0 0.499688 0.0125 0.01 0.0116667 0.00305176
2 0.0428906 0.264444 0.0210156 0.0244444 0.00300407
0 0.426875 0.0124653 0.00625 0.0103472 0.00292397
2 0.7275 0.0357639 0.00749995 0.0165278 0.00291252
7 0.0649219 0.245139 0.00578125 0.0158333 0.0028553
2 0.8375 0.0829167 0.03375 0.02375 0.00271416
7 0.311875 0.0945833 0.00874999 0.0166667 0.00269318
3 0.69625 0.0323264 0.00500005 0.0115972 0.00253105
2 0.204063 0.158333 0.013125 0.0352778 0.00232315
3 0.190625 0.159167 0.0078125 0.0261111 0.00228691
5 0.0166992 0.245139 0.0205859 0.0336111 0.00226974
3 0.705 0.0285069 0.00375004 0.0114583 0.00212479
0 0.397188 0.0309028 0.00687501 0.00861111 0.00208282
3 0.79625 0.0779167 0.00999997 0.0283333 0.00208282
2 0.244844 0.127083 0.0228125 0.0291667 0.00201988
0 0.97125 0.105764 0.0175 0.0190278 0.00194168
2 0.29125 0.0946528 0.01 0.0197222 0.00192642
0 0.470625 0.02 0.00625 0.00986111 0.00178242
7 0.0720313 0.280556 0.0071875 0.0266667 0.00172043
0 0.81625 0.0727083 0.0275 0.0255556 0.00171375
2 0.7325 0.110972 0.00750001 0.035 0.0016613
2 0.42375 0.0920833 0.03125 0.0369444 0.00164223
2 0.5975 0.0335069 0.01375 0.0192361 0.00162315
0 0.0229688 0.241944 0.02 0.0272222 0.00156116
2 0.170625 0.157083 0.010625 0.0236111 0.00154877
0 0.8775 0.0865278 0.0325 0.0308333 0.00153637
2 0.225313 0.128889 0.00625 0.0261111 0.00150108
7 0.619063 0.361667 0.088125 0.14 0.00148964
0 0.99 0.1225 0.0175 0.0244444 0.00144386
0 0.448125 0.0713889 0.03 0.0338889 0.00141048
0 0.9775 0.115799 0.00999997 0.0178472 0.00126457
4 0.0159668 0.252292 0.015293 0.0231944 0.00124931
0 0.955 0.105139 0.02 0.0191667 0.00121593
2 0.675 0.0371528 0.00499999 0.0194444 0.0012064
0 0.986875 0.135556 0.02625 0.0322222 0.0012064
3 0.00506348 0.264444 0.00686523 0.0188889 0.0012064
7 0.0960938 0.265556 0.0040625 0.0155555 0.0012064
3 0.196719 0.170833 0.00499999 0.0244445 0.00117874
7 0.675 0.0625 0.00249996 0.00805556 0.00109863
2 0.197656 0.145417 0.00781252 0.0241667 0.00105667
3 0.269375 0.0956944 0.00843752 0.0241667 0.00103188
