0 0.0648047 0.871111 0.129609 0.217778 0.955078
0 0.59 0.601111 0.0775 0.12 0.946289
0 0.1825 0.826667 0.1375 0.213333 0.941895
0 0.479375 0.625556 0.0725 0.132222 0.933594
0 0.3725 0.613333 0.085 0.133333 0.930664
0 0.684375 0.585694 0.09625 0.133056 0.924316
0 0.149141 0.510556 0.0673437 0.0888889 0.922363
0 0.190781 0.63 0.102813 0.135556 0.918945
0 0.274531 0.634444 0.100938 0.126667 0.905762
0 0.0475 0.454444 0.0332031 0.0288889 0.824219
2 0.67625 0.426111 0.02 0.0555556 0.803223
0 0.750625 0.328889 0.03625 0.0261111 0.801758
7 0.235313 0.503333 0.00750001 0.0244445 0.786621
7 0.666875 0.464722 0.00625 0.0205555 0.763672
2 0.0213672 0.513889 0.0153516 0.0433333 0.750488
0 0.0591406 0.437222 0.0291406 0.0255556 0.749023
0 0.343125 0.332778 0.01625 0.0233333 0.747559
0 0.506875 0.290556 0.0125 0.0155555 0.73584
2 0.675 0.31 0.01 0.02 0.73584
7 0.72375 0.401111 0.00499999 0.0166667 0.729492
0 0.45125 0.315556 0.01875 0.02 0.708984
0 0.461875 0.291111 0.01 0.015 0.692871
0 0.504375 0.316667 0.016875 0.02 0.6875
7 0.925 0.458889 0.00499999 0.0166667 0.680664
0 0.48125 0.313889 0.015 0.0222222 0.679199
7 0.222031 0.517222 0.00687501 0.0261111 0.67041
0 0.88125 0.332222 0.0275 0.02 0.668945
7 0.72875 0.439167 0.00499999 0.0183333 0.665527
0 0.818125 0.329167 0.04 0.0261111 0.649414
7 0.73875 0.428333 0.00499999 0.0222222 0.64502
0 0.324688 0.337778 0.01625 0.02 0.644043
0 0.494375 0.296111 0.0125 0.0172222 0.629883
7 0.749375 0.415 0.00500005 0.02 0.602051
0 0.404375 0.325556 0.015 0.0227778 0.596191
0 0.384375 0.328333 0.015 0.0233333 0.594727
7 0.144766 0.419444 0.00328124 0.01 0.592773
0 0.0099707 0.442778 0.0197656 0.0272222 0.569824
0 0.370938 0.325 0.0125 0.0211111 0.565918
0 0.0223242 0.451389 0.0267969 0.0233333 0.546875
0 0.918125 0.33 0.02 0.0155556 0.539062
0 0.45375 0.337778 0.01875 0.0277778 0.509766
2 0.628125 0.321667 0.00874996 0.0255556 0.482422
7 0.0105762 0.543889 0.00607422 0.0211112 0.481445
0 0.475 0.306111 0.013125 0.0188889 0.478516
7 0.678125 0.478889 0.00750001 0.0233334 0.470703
0 0.484375 0.283889 0.01125 0.02 0.466797
7 0.685 0.352778 0.00250003 0.0127778 0.44751
0 0.315937 0.326944 0.015 0.0172222 0.430176
0 0.411563 0.304722 0.01125 0.0161111 0.429199
2 0.631875 0.322778 0.0125 0.0244444 0.42627
0 0.463438 0.276667 0.00687501 0.0116667 0.416748
7 0.0488281 0.478611 0.00382812 0.0155556 0.416748
7 0.92375 0.466389 0.00499999 0.0166667 0.38501
7 0.7375 0.427222 0.00625 0.02 0.375732
0 0.94875 0.332222 0.0225 0.0177778 0.368408
3 0.59 0.3125 0.00500005 0.0222222 0.365723
0 0.945 0.331667 0.0175 0.0166667 0.355713
2 0.616563 0.315833 0.0106249 0.0266667 0.346924
0 0.49875 0.2775 0.00999997 0.0155555 0.345215
2 0.606875 0.316667 0.0125 0.0222222 0.341553
0 0.45125 0.311667 0.0175 0.0211111 0.34082
0 0.39625 0.295 0.01125 0.0166667 0.334473
0 0.411875 0.311111 0.01375 0.0177778 0.331055
7 0.746875 0.399444 0.00499999 0.0155555 0.325928
2 0.223281 0.365833 0.00531251 0.0233333 0.313965
0 0.375625 0.311667 0.0125 0.0211111 0.307373
0 0.474375 0.279444 0.00874999 0.0155555 0.289307
2 0.454063 0.337778 0.01875 0.0266667 0.280518
0 0.460625 0.2875 0.00874999 0.0138889 0.265137
0 0.0248242 0.427222 0.0205469 0.0211111 0.26123
0 0.393438 0.317222 0.0125 0.0211111 0.255371
0 0.4975 0.286667 0.0125 0.0161111 0.226807
2 0.54625 0.297222 0.0112501 0.0166667 0.223999
0 0.470625 0.271111 0.00687497 0.0111111 0.222046
0 0.404063 0.316667 0.014375 0.0177778 0.218628
0 0.0108691 0.448611 0.0216211 0.03 0.211426
0 0.393438 0.303333 0.01125 0.0144444 0.205566
2 0.258438 0.358056 0.008125 0.0216667 0.201172
0 0.435625 0.276111 0.00687501 0.00888887 0.196777
3 0.234531 0.344444 0.00437501 0.0161111 0.195557
3 0.205156 0.369444 0.00531251 0.0188889 0.190063
3 0.259375 0.355833 0.00625 0.025 0.184814
0 0.489375 0.27 0.00750001 0.0111111 0.171631
2 0.0222656 0.469444 0.00960938 0.0288889 0.167725
2 0.00292725 0.471667 0.00585449 0.0294445 0.16394
0 0.475625 0.301667 0.0125 0.02 0.161865
0 0.3575 0.312778 0.01375 0.0183333 0.160767
0 0.500313 0.276944 0.00999997 0.0122222 0.154053
0 0.83375 0.326111 0.03 0.0211111 0.150024
0 0.42125 0.287222 0.00812499 0.0122222 0.150024
0 0.412813 0.302778 0.013125 0.0177778 0.149536
0 0.73125 0.31 0.03125 0.0205556 0.144165
7 0.126563 0.423333 0.00375 0.0111111 0.141724
2 0.194688 0.371389 0.00625 0.0233333 0.134766
0 0.42125 0.291111 0.009375 0.0138889 0.134277
0 0.0172168 0.433333 0.0195508 0.0216667 0.130249
0 0.48375 0.261667 0.00625 0.0111111 0.125122
0 0.360313 0.301944 0.0125 0.0161111 0.125122
0 0.89875 0.330556 0.0275 0.0188889 0.122925
2 0.61 0.314167 0.009375 0.025 0.117981
0 0.475625 0.261389 0.00687501 0.00944446 0.113953
2 0.0194141 0.468056 0.0147656 0.03 0.0974121
0 0.385 0.315 0.013125 0.0183333 0.0966797
0 0.423438 0.280278 0.009375 0.0127778 0.0875854
0 0.451875 0.334722 0.020625 0.0277778 0.0866089
2 0.61375 0.318611 0.00999997 0.0277778 0.083313
2 0.586563 0.315278 0.00687497 0.0205555 0.0830078
0 0.0480371 0.449167 0.034082 0.0288889 0.0817871
0 0.395625 0.323333 0.01625 0.0222222 0.0812378
2 0.5475 0.298333 0.00999997 0.0166667 0.0803833
0 0.4575 0.295 0.01 0.0166667 0.0800781
3 0.196563 0.376111 0.00562501 0.0222222 0.0797729
0 0.820625 0.323889 0.0325 0.0233333 0.0789185
3 0.214219 0.354444 0.00437501 0.0188889 0.0742188
7 0.65375 0.326111 0.00499999 0.0155555 0.0710449
0 0.94 0.332222 0.0225 0.0177778 0.0703125
0 0.485625 0.289444 0.01 0.0222222 0.0698242
2 0.261406 0.355 0.0096875 0.0211111 0.0692749
7 0.736875 0.431667 0.00625 0.0177778 0.0634766
0 0.386875 0.301111 0.01125 0.015 0.062561
0 0.344688 0.32 0.0125 0.0166667 0.0611877
0 0.400625 0.293889 0.01125 0.0155556 0.0603027
3 0.205938 0.356389 0.004375 0.0211111 0.0600891
0 0.445 0.261944 0.00625 0.00888889 0.0535889
0 0.502188 0.315556 0.0175 0.0244444 0.0526123
7 0.0637109 0.471667 0.00429688 0.0155556 0.0507202
0 0.503125 0.256667 0.00625 0.0116666 0.0472412
0 0.020708 0.445 0.0290527 0.0244444 0.0470886
3 0.230469 0.347778 0.00374999 0.0222222 0.0450134
0 0.913125 0.334444 0.0275 0.0177778 0.0448608
7 0.0234766 0.535556 0.00671875 0.02 0.0432129
0 0.36 0.309167 0.01375 0.0227778 0.0397949
7 0.67 0.341111 0.00250003 0.0122222 0.0396423
2 0.104531 0.388889 0.00765625 0.0183333 0.0387573
3 0.250469 0.340556 0.0046875 0.0211111 0.0370483
0 0.493125 0.261111 0.00750001 0.0105555 0.0368958
3 0.191875 0.371111 0.00687499 0.0216667 0.0363464
2 0.553125 0.296111 0.014375 0.0155555 0.0359497
3 0.224375 0.360556 0.00499999 0.0266667 0.0354004
3 0.689375 0.303333 0.00499999 0.0166667 0.0351562
0 0.187188 0.370556 0.016875 0.0222222 0.0350037
3 0.221563 0.362222 0.00531251 0.02 0.0345459
0 0.312969 0.327222 0.0171875 0.0183333 0.0342407
0 0.419063 0.308056 0.01375 0.0172222 0.0322266
3 0.86625 0.308333 0.00500005 0.0188889 0.0302124
0 0.953125 0.332778 0.0275 0.0188889 0.0302124
2 0.261875 0.358333 0.00874999 0.0211111 0.0299835
0 0.490625 0.298333 0.01 0.0166667 0.0296478
2 0.86625 0.302778 0.00500005 0.0172222 0.0290833
0 0.374063 0.308889 0.011875 0.0177778 0.0287628
2 0.1175 0.384444 0.00703125 0.0194444 0.0276947
3 0.0670313 0.403333 0.0059375 0.0166667 0.0263519
3 0.011814 0.471667 0.0124268 0.0288889 0.026062
3 0.205156 0.375556 0.004375 0.0222222 0.0245209
3 0.59375 0.315 0.00499999 0.02 0.0237732
7 0.22125 0.508333 0.00625 0.0255556 0.0235596
0 0.88125 0.338333 0.035 0.0272222 0.0235138
0 0.41625 0.276667 0.00625 0.00999999 0.0222015
7 0.0564844 0.468056 0.008125 0.0194444 0.0219421
7 0.66625 0.3525 0.00499999 0.0111111 0.0217743
0 0.42875 0.2725 0.00625 0.0111111 0.0215302
3 0.8675 0.307778 0.00750001 0.0188889 0.019989
0 0.50375 0.320556 0.0175 0.0233333 0.0188293
3 0.71 0.306111 0.00499999 0.0188889 0.0185852
0 0.00309082 0.423333 0.00618164 0.0188889 0.0179138
0 0.78875 0.333056 0.0325 0.0211111 0.0177765
3 0.208594 0.352222 0.005 0.03 0.0173035
3 0.695 0.302222 0.00499999 0.0177778 0.0170441
0 0.4075 0.325 0.0175 0.0211111 0.0164642
0 0.77875 0.332778 0.035 0.0211111 0.0150146
3 0.208438 0.368056 0.0046875 0.0211111 0.0150146
0 0.4475 0.268889 0.00749998 0.0111111 0.0148392
7 0.0737891 0.458889 0.0040625 0.0144444 0.0141144
0 0.445313 0.273056 0.00562499 0.0111111 0.0139542
0 0.317031 0.3225 0.0146875 0.0211111 0.0136871
3 0.134531 0.386111 0.00359375 0.0144444 0.0135345
3 0.00337891 0.477778 0.00670898 0.0322222 0.0134811
0 0.0351953 0.445278 0.0283594 0.0244444 0.0124283
0 0.94625 0.34 0.0225 0.0222222 0.0123367
0 0.32375 0.322222 0.01125 0.02 0.0122375
0 0.81875 0.335 0.045 0.0311111 0.0121918
3 0.15 0.38 0.00406251 0.0194444 0.0116882
0 0.92125 0.333889 0.03 0.0188889 0.0116425
7 0.275625 0.363889 0.00375001 0.0111111 0.0115967
2 0.675 0.306389 0.00874996 0.0238889 0.011467
3 0.255938 0.335 0.00531251 0.0211111 0.011467
7 0.74625 0.420556 0.00374997 0.0155555 0.0110321
7 0.674375 0.352778 0.00374997 0.0122222 0.0108185
3 0.54875 0.268889 0.00499999 0.0188889 0.00978088
3 0.123906 0.386111 0.004375 0.0183333 0.00952148
7 0.7275 0.440556 0.00749995 0.0177778 0.00919342
0 0.31375 0.333056 0.0125 0.0183333 0.00912476
0 0.331563 0.321667 0.010625 0.02 0.00898743
7 0.665 0.311944 0.00374997 0.0155556 0.00857544
3 0.695625 0.308333 0.00499999 0.0144444 0.00841522
0 0.356875 0.307778 0.01625 0.0244444 0.00818634
2 0.228125 0.366389 0.00875001 0.0227778 0.00775528
7 0.709375 0.403889 0.00499999 0.0188889 0.00751877
7 0.753125 0.4175 0.00499999 0.0183333 0.00746155
3 0.164375 0.387222 0.00375001 0.0177778 0.00728989
2 0.615625 0.306111 0.00562496 0.0233333 0.00712204
3 0.290625 0.336111 0.00500002 0.0144444 0.00701141
3 0.0296484 0.481389 0.00445312 0.0194444 0.0064888
7 0.128359 0.418333 0.0040625 0.02 0.00629044
0 0.7825 0.334444 0.0325 0.0194444 0.00624084
2 0.65375 0.322778 0.00499999 0.0205556 0.00621796
0 0.353125 0.326111 0.0125 0.02 0.00598145
0 0.480625 0.321667 0.0175 0.0222222 0.00598145
7 0.923125 0.480278 0.00625 0.0238889 0.00598145
2 0.605 0.302778 0.00499999 0.0177778 0.00584412
0 0.915 0.34 0.03 0.0255555 0.00570679
0 0.295625 0.335278 0.009375 0.0133333 0.00557709
0 0.3775 0.303611 0.01 0.0183333 0.00542831
2 0.995 0.533889 0.00999997 0.0622222 0.00542831
0 0.91125 0.341389 0.0275 0.025 0.00519943
2 0.83375 0.292222 0.00499999 0.0172222 0.00518036
2 0.68375 0.310833 0.00500005 0.0183333 0.00518036
2 0.764375 0.302778 0.00874996 0.0183333 0.00510025
2 0.185625 0.376111 0.0125 0.0266667 0.00498199
0 0.436875 0.262778 0.00625 0.0111111 0.00494385
0 0.185469 0.374167 0.0240625 0.0255556 0.00482941
0 0.530313 0.269444 0.00687501 0.0111111 0.00468063
7 0.479375 0.626667 0.0725 0.133333 0.0046463
0 0.00353516 0.408611 0.00707031 0.0238889 0.00445175
2 0.720625 0.309444 0.015 0.0161111 0.00426483
7 0.115469 0.437778 0.00328125 0.00944446 0.00405502
7 0.670625 0.471667 0.00625 0.0288889 0.00400543
7 0.685 0.358333 0.00374997 0.0188889 0.00385475
3 0.215313 0.363056 0.0034375 0.02 0.00374985
0 0.99375 0.982222 0.0124999 0.0311112 0.00353813
3 0.125703 0.412778 0.00390625 0.0277778 0.00348282
7 0.169531 0.416389 0.0046875 0.0183333 0.00319672
3 0.129531 0.382778 0.0046875 0.0222222 0.00309944
2 0.0685156 0.408333 0.00718751 0.0177778 0.00309944
7 0.148906 0.413333 0.00390625 0.0133333 0.00299263
0 0.152813 0.487778 0.049375 0.0455556 0.00298119
7 0.7075 0.401111 0.00499999 0.0172222 0.0029583
7 0.165938 0.418889 0.00375001 0.0122222 0.00294685
3 0.16375 0.37 0.005 0.0222222 0.00291252
0 0.50625 0.243889 0.00500002 0.00944443 0.00282288
3 0.585 0.298889 0.00437501 0.015 0.00282288
3 0.695625 0.448889 0.01 0.0544444 0.00277901
3 0.69875 0.4375 0.015 0.0616667 0.00273705
3 0.65 0.309444 0.00499999 0.0211111 0.00273705
0 0.898125 0.341667 0.0325 0.0266667 0.00259018
0 0.405 0.33 0.0175 0.0255556 0.00259018
3 0.105313 0.395833 0.005625 0.02 0.00253105
0 0.515313 0.262222 0.00437501 0.00888887 0.00251198
0 0.93 0.341111 0.025 0.0244444 0.00242424
7 0.139297 0.424167 0.00562499 0.0172222 0.00233269
3 0.6975 0.445 0.0125 0.0644445 0.00232315
7 0.0949219 0.402778 0.00375 0.0144444 0.00231361
3 0.170156 0.379444 0.00593751 0.0222222 0.00230598
0 0.90125 0.317778 0.01 0.02 0.00223351
0 0.453125 0.260556 0.00625 0.00777777 0.00216484
0 0.82375 0.34 0.0475 0.0233333 0.00214958
0 0.99 0.977778 0.0199999 0.0400001 0.00213242
7 0.373125 0.613333 0.08375 0.131111 0.00209045
2 0.72375 0.395 0.00499999 0.0255556 0.00200272
7 0.9275 0.454444 0.00499999 0.02 0.0019722
0 0.3975 0.286111 0.009375 0.0177778 0.00191212
2 0.71375 0.302778 0.00750001 0.02 0.00191212
3 0.68625 0.299167 0.00499999 0.0155555 0.00189686
0 0.97375 0.333889 0.0225 0.02 0.00188255
0 0.77625 0.310278 0.03 0.0272222 0.00183105
2 0.234063 0.368889 0.004375 0.0155555 0.00175476
7 0.0475 0.481667 0.0059375 0.0222222 0.0017271
0 0.525 0.262222 0.00437498 0.0105556 0.00171375
7 0.9325 0.468889 0.00750001 0.03 0.00171375
7 0.66625 0.362778 0.00374997 0.0122222 0.0017004
7 0.00813965 0.543333 0.00758789 0.02 0.0017004
7 0.565625 0.314722 0.00375004 0.0116667 0.00168705
3 0.545625 0.279444 0.00375004 0.0144444 0.00160408
0 0.9875 0.970556 0.0225 0.0555556 0.00159168
2 0.68875 0.426944 0.0275 0.0605555 0.00157928
2 0.556875 0.282778 0.00625 0.0155556 0.00155449
0 0.73375 0.305556 0.035 0.0244444 0.00155449
0 0.74625 0.330556 0.05 0.03 0.00153637
0 0.0521094 0.433889 0.0239063 0.0311111 0.00148392
0 0.74125 0.313333 0.04 0.0383333 0.00146103
7 0.125938 0.434444 0.0034375 0.00999999 0.00144386
3 0.155469 0.371667 0.00453124 0.0211111 0.00143242
2 0.0105273 0.518333 0.0176953 0.05 0.00143242
0 0.721875 0.583333 0.025 0.0777778 0.00143242
3 0.0896875 0.413333 0.0040625 0.0188889 0.00141048
0 0.96125 0.343056 0.02625 0.0261111 0.00131512
2 0.995938 0.528889 0.00812499 0.0655555 0.00128937
7 0.665 0.382222 0.00500005 0.0155555 0.00127411
0 0.84875 0.330833 0.03 0.0216667 0.0012598
3 0.0859375 0.399444 0.0040625 0.0222222 0.00124454
0 0.894375 0.321389 0.02125 0.0227778 0.00121593
3 0.18875 0.403889 0.00875001 0.0311111 0.00121593
3 0.0758984 0.402222 0.004375 0.0188889 0.0012064
2 0.88375 0.320556 0.015 0.0211111 0.00117874
0 0.81875 0.3175 0.035 0.0316666 0.0011425
7 0.683906 0.585556 0.0946875 0.13 0.00113773
7 0.27625 0.634444 0.093125 0.126667 0.00113392
2 0.6275 0.315556 0.015 0.0277778 0.00108147
7 0.174688 0.416667 0.0059375 0.0144444 0.00104046
0 0.404375 0.278333 0.00625 0.00888889 0.00101662
