0 0.278906 0.884444 0.148437 0.228889 0.954102
5 0.482813 0.361667 0.035625 0.0888889 0.944336
0 0.560625 0.513889 0.05875 0.0844445 0.936523
0 0.479375 0.56875 0.06625 0.115833 0.936523
0 0.606875 0.4375 0.0425 0.0588889 0.924316
0 0.43625 0.4025 0.0325 0.0472222 0.895508
0 0.567813 0.36 0.031875 0.0477778 0.893066
0 0.531875 0.395 0.0325 0.0488889 0.893066
0 0.449375 0.355 0.0225 0.0333333 0.888672
0 0.132734 0.463333 0.0439062 0.0711111 0.888672
0 0.184375 0.417778 0.038125 0.05 0.880859
0 0.0488672 0.447778 0.0372656 0.0377778 0.878906
0 0.343125 0.341667 0.02125 0.03 0.863281
0 0.5125 0.343333 0.02125 0.0322222 0.856934
0 0.2375 0.378611 0.02875 0.0338889 0.856934
0 0.295313 0.383333 0.028125 0.04 0.854004
5 0.385625 0.32 0.01875 0.0311111 0.839844
0 0.0807031 0.432222 0.036875 0.0333333 0.837402
0 0.728125 0.335278 0.0425 0.0272222 0.832031
0 0.00925781 0.459444 0.0183789 0.03 0.827637
0 0.461875 0.309444 0.014375 0.02 0.82666
0 0.265156 0.373333 0.02625 0.0322222 0.817383
7 0.234375 0.503611 0.00718751 0.0227778 0.81543
0 0.36 0.329444 0.0175 0.0255556 0.788086
5 0.334063 0.318889 0.0225 0.0388889 0.778809
7 0.66625 0.465556 0.00499999 0.0211111 0.754883
0 0.405 0.32 0.014375 0.0222222 0.725098
0 0.464063 0.294167 0.010625 0.0172222 0.715332
7 0.925 0.457222 0.00499999 0.0155555 0.705566
0 0.00776856 0.641667 0.0154199 0.0922223 0.690918
7 0.749375 0.416667 0.00500005 0.0172222 0.686035
7 0.6775 0.48 0.00749995 0.025 0.672363
7 0.66625 0.465 0.00750001 0.0222222 0.663574
0 0.32125 0.360556 0.02375 0.0333333 0.662109
0 0.4825 0.281667 0.009375 0.0133334 0.633301
7 0.0229688 0.528056 0.00515625 0.0161111 0.615234
0 0.413125 0.311944 0.010625 0.0188889 0.604004
0 0.0515527 0.418889 0.025957 0.0211111 0.604004
7 0.74625 0.398889 0.00374997 0.0144444 0.588867
0 0.0065918 0.402222 0.0131641 0.0244444 0.583008
0 0.375938 0.300556 0.01 0.0144444 0.525391
7 0.145 0.416667 0.00406251 0.0122222 0.486328
2 0.58125 0.313611 0.01125 0.0222222 0.474609
0 0.394375 0.299444 0.01125 0.0144444 0.472656
0 0.364375 0.314444 0.01375 0.02 0.44751
7 0.73875 0.426111 0.00499999 0.02 0.439697
0 0.413438 0.294444 0.01 0.0133333 0.424316
7 0.72375 0.400833 0.00499999 0.0166667 0.394287
7 0.923125 0.466111 0.00499999 0.0161111 0.366699
0 0.403125 0.296667 0.00937503 0.0144444 0.361084
7 0.125 0.42 0.0034375 0.01 0.354004
0 0.414063 0.308333 0.01125 0.0194444 0.324219
7 0.221094 0.5175 0.00843749 0.0255555 0.320801
0 0.3575 0.3225 0.015 0.0233333 0.265869
0 0.3825 0.294722 0.00875003 0.0122222 0.250977
7 0.68375 0.353056 0.00500005 0.0133334 0.233765
0 0.371875 0.303333 0.00749998 0.0144444 0.227417
0 0.391875 0.3075 0.010625 0.0188889 0.222046
2 0.6375 0.319722 0.00625 0.0188889 0.217285
0 0.473125 0.270556 0.00812499 0.0111111 0.214722
0 0.375938 0.315556 0.010625 0.0188889 0.213379
0 0.353125 0.307222 0.01375 0.0177778 0.204346
7 0.63625 0.328333 0.00375004 0.00999999 0.189575
0 0.491563 0.334167 0.019375 0.0355555 0.181274
7 0.0642969 0.4725 0.00359375 0.0105555 0.178955
7 0.73625 0.430556 0.00625 0.0177778 0.169434
7 0.72875 0.438333 0.00499999 0.0188889 0.167725
0 0.373125 0.324444 0.00999997 0.0233333 0.150024
7 0.72625 0.440556 0.00499999 0.0188889 0.149048
7 0.0467969 0.475556 0.00484375 0.0144444 0.143188
0 0.463125 0.277222 0.00749998 0.00888889 0.140381
0 0.40375 0.281667 0.00812502 0.00999999 0.118408
0 0.436875 0.276111 0.00625 0.00888887 0.11676
0 0.48375 0.26 0.00499999 0.0111111 0.112793
3 0.81 0.3 0.00749995 0.0222222 0.112427
7 0.7375 0.428333 0.00499999 0.0188889 0.0970459
7 0.74625 0.419444 0.00500005 0.0155556 0.0913696
7 0.66875 0.340833 0.00249996 0.0122222 0.0872803
7 0.0487109 0.476667 0.0040625 0.0155555 0.0847778
0 0.334375 0.329444 0.02125 0.0344445 0.0783691
0 0.474063 0.2725 0.00625 0.0133333 0.0705566
0 0.4175 0.285556 0.009375 0.0122222 0.0662231
2 0.585625 0.3 0.00875003 0.0177778 0.0661011
0 0.445625 0.263333 0.00499999 0.00888889 0.0648804
0 0.4225 0.279722 0.00749998 0.0111111 0.0639648
0 0.461563 0.287778 0.010625 0.0155555 0.0541992
0 0.494688 0.262222 0.00625 0.00944446 0.0534058
7 0.00788574 0.541111 0.0065332 0.0177777 0.0503235
0 0.489375 0.266667 0.00499999 0.0111111 0.0467224
7 0.0555859 0.472222 0.00382812 0.0105555 0.0462036
2 0.59 0.299167 0.00625 0.0177778 0.0445251
0 0.448125 0.267222 0.00499999 0.00888889 0.0420837
0 0.475 0.265556 0.00625 0.0127778 0.041626
2 0.574688 0.317778 0.00625 0.0155555 0.0413208
0 0.414688 0.280278 0.00687501 0.00944446 0.0406799
0 0.005 0.408611 0.01 0.0283333 0.0406799
0 0.379375 0.29 0.00687497 0.0133334 0.0391846
2 0.0342773 0.418889 0.00652344 0.0177778 0.0390625
2 0.175938 0.369444 0.00562499 0.0177778 0.0374756
7 0.220625 0.509444 0.00687499 0.0255555 0.0306702
3 0.59625 0.300556 0.00500005 0.0144444 0.0269623
0 0.34125 0.345 0.02625 0.0322222 0.0255127
7 0.65375 0.317222 0.00374997 0.00999999 0.0253754
0 0.320313 0.340278 0.015625 0.0244444 0.0230713
0 0.503438 0.259167 0.00499999 0.00777777 0.0227966
7 0.5675 0.316667 0.00625 0.0122222 0.0224609
0 0.475 0.337222 0.01875 0.0411111 0.0223694
0 0.354375 0.284444 0.00750001 0.0177778 0.0222931
3 0.0311328 0.418056 0.00511719 0.0205555 0.0218658
0 0.05 0.431389 0.0329687 0.0283333 0.0210419
7 0.205 0.381944 0.003125 0.0111111 0.0208893
0 0.463438 0.305556 0.014375 0.02 0.0204163
0 0.264375 0.368333 0.0259375 0.0277778 0.0200195
7 0.65375 0.327222 0.00499999 0.0116667 0.0156708
7 0.129219 0.414444 0.00375 0.0144444 0.0136337
0 0.3175 0.347222 0.019375 0.0322222 0.0134277
3 0.163438 0.379722 0.0046875 0.025 0.012825
7 0.66625 0.353611 0.00499999 0.0116667 0.0108185
5 0.435938 0.263333 0.00500002 0.0111111 0.0106125
3 0.69375 0.447222 0.01 0.0644445 0.0102081
3 0.291719 0.34 0.00718749 0.0155555 0.0100098
7 0.14875 0.413333 0.00375001 0.0144444 0.00971222
2 0.11625 0.372778 0.005625 0.0166667 0.00959778
3 0.70875 0.309444 0.00625 0.0177778 0.00912476
7 0.594375 0.311111 0.00499999 0.0133333 0.0086441
0 0.533125 0.277778 0.00625003 0.00777777 0.0085144
5 0.406875 0.263333 0.00625 0.0116667 0.00821686
0 0.422813 0.292778 0.00874999 0.0133334 0.00815582
3 0.292813 0.346667 0.00625 0.0155556 0.00809479
0 0.455 0.260278 0.00437501 0.00666668 0.0078125
3 0.0249219 0.403889 0.00539062 0.0194444 0.00775528
3 0.77625 0.350278 0.00750001 0.0272222 0.00674438
0 0.0856055 0.430278 0.0337891 0.0305556 0.00674438
7 0.0758594 0.472222 0.0040625 0.0111111 0.0064621
7 0.77625 0.350556 0.00750001 0.0216667 0.00643921
3 0.220313 0.3575 0.004375 0.015 0.00616837
0 0.352813 0.296111 0.009375 0.0122222 0.00612259
0 0.45125 0.337778 0.01625 0.0255556 0.00609589
2 0.81125 0.298333 0.00750001 0.0222222 0.0053215
3 0.264688 0.349444 0.00499999 0.0111111 0.00518036
2 0.183125 0.368889 0.014375 0.0194444 0.00510025
7 0.671875 0.474444 0.00625 0.0222222 0.00503922
3 0.19 0.371667 0.00562499 0.0211111 0.00502014
2 0.0621484 0.408333 0.00789062 0.0166667 0.00494385
0 0.430625 0.268889 0.00625 0.00777777 0.00486755
0 0.00632324 0.449722 0.0126465 0.0283333 0.00475693
7 0.615625 0.315556 0.00375004 0.00999999 0.00462723
7 0.284063 0.346111 0.0046875 0.0133333 0.00455475
3 0.865 0.310833 0.00499999 0.02 0.00445175
3 0.249688 0.338333 0.00562499 0.0183333 0.00439835
2 0.69375 0.334444 0.0125 0.0266667 0.0037365
7 0.685625 0.315 0.00374997 0.00999999 0.00355148
0 0.39625 0.28 0.00625 0.00888889 0.00348282
3 0.0260742 0.421667 0.00632812 0.0222222 0.00317192
3 0.65625 0.298611 0.00499999 0.0138889 0.00316048
3 0.17 0.374167 0.00625 0.0188889 0.00316048
0 0.367813 0.3 0.00874999 0.0122222 0.00313568
0 0.00607422 0.396667 0.0121484 0.0288889 0.00309944
7 0.135156 0.405 0.0028125 0.00999999 0.00309944
3 0.265625 0.336667 0.004375 0.0155555 0.00300407
0 0.460938 0.300556 0.013125 0.0188889 0.0029583
0 0.314375 0.36 0.025625 0.0322222 0.00284576
3 0.163906 0.371667 0.00531251 0.0233333 0.00282288
3 0.116328 0.382778 0.005 0.0177778 0.00282288
0 0.525625 0.275 0.00500002 0.00944443 0.0027256
0 0.292188 0.338333 0.0125 0.0166667 0.00271416
0 0.00772949 0.672222 0.015459 0.102222 0.00268364
7 0.144453 0.3875 0.00359375 0.0122222 0.00255013
2 0.705625 0.308889 0.00374997 0.015 0.00247192
0 0.42 0.311111 0.0125 0.0166667 0.00233269
3 0.213906 0.353333 0.004375 0.0188889 0.00230598
0 0.444375 0.272778 0.00500002 0.0116667 0.00229645
2 0.6775 0.298333 0.00625 0.0133334 0.00223351
7 0.115547 0.421667 0.0028125 0.00888889 0.00223351
2 0.90625 0.333889 0.01 0.0161111 0.00200272
2 0.233906 0.3525 0.005 0.0133334 0.00189686
0 0.00944824 0.453333 0.018584 0.0338889 0.00186062
0 0.409688 0.269167 0.009375 0.0116666 0.00185299
2 0.571875 0.312222 0.00874996 0.0227778 0.00183868
7 0.204688 0.371111 0.003125 0.0127778 0.0018034
2 0.624375 0.2975 0.00562503 0.0138889 0.00174141
7 0.275313 0.356944 0.00499999 0.0194445 0.00166798
0 0.299063 0.365 0.020625 0.03 0.00166798
0 0.514063 0.262222 0.00437498 0.00722221 0.00153065
0 0.483125 0.382222 0.03375 0.0488889 0.00151253
0 0.0512109 0.413889 0.0259375 0.0266667 0.00150108
2 0.583438 0.284444 0.00750001 0.0177778 0.00143814
7 0.615 0.328889 0.00374997 0.0111111 0.00143242
3 0.865625 0.300278 0.00499999 0.0144444 0.00142097
2 0.695 0.348333 0.00750001 0.0222222 0.00142097
3 0.874375 0.314722 0.00499999 0.0161111 0.00141048
7 0.67625 0.316111 0.00250003 0.01 0.00140476
3 0.545937 0.275 0.00437501 0.0122222 0.00131512
7 0.6725 0.467222 0.00750001 0.0288889 0.00130939
7 0.105078 0.421944 0.00593751 0.0138889 0.00130463
0 0.46375 0.344722 0.02375 0.0394445 0.0012064
7 0.125156 0.41 0.0034375 0.0177778 0.0012064
7 0.575625 0.326667 0.00875003 0.0155555 0.00118828
0 0.3475 0.299444 0.009375 0.0122222 0.00114727
3 0.68625 0.296944 0.00499999 0.0144444 0.0011158
3 0.54875 0.269444 0.00625 0.0166667 0.0011158
3 0.104609 0.387222 0.00609375 0.02 0.00108147
2 0.715 0.385833 0.0125 0.0394445 0.00108147
0 0.9675 0.347778 0.02 0.0233333 0.00107288
1 0.369063 0.273333 0.0625 0.0638889 0.00106525
7 0.215 0.366389 0.003125 0.015 0.00106525
0 0.73625 0.330278 0.0525 0.0266667 0.00104809
7 0.7225 0.446667 0.00499999 0.0216667 0.00104809
3 0.0354297 0.411667 0.00632813 0.0227778 0.00100422
