0 0.79875 0.835556 0.1625 0.255556 0.958984
0 0.254375 0.915556 0.156875 0.168889 0.958496
0 0.95125 0.87 0.0975 0.248889 0.958008
0 0.47 0.85 0.12375 0.3 0.95459
0 0.157363 0.864444 0.158086 0.255556 0.954102
0 0.62375 0.739444 0.12 0.195556 0.952148
0 0.372187 0.625 0.09125 0.151111 0.947266
0 0.282188 0.588889 0.0875 0.135556 0.946289
0 0.72125 0.625 0.1 0.142222 0.943359
0 0.111563 0.75 0.125625 0.172222 0.9375
0 0.573125 0.574583 0.070625 0.113056 0.933594
0 0.476563 0.626667 0.070625 0.128889 0.928711
0 0.2175 0.598889 0.0775 0.104444 0.923828
0 0.615 0.368333 0.0612501 0.0394445 0.89502
0 0.86625 0.385833 0.0362501 0.0427778 0.888184
0 0.378125 0.392222 0.066875 0.0466667 0.883301
0 0.118828 0.442778 0.0460938 0.0366667 0.880859
0 0.695625 0.982778 0.11875 0.0322223 0.861328
0 0.569375 0.332222 0.045 0.0288889 0.858887
0 0.345 0.361111 0.0475 0.0338889 0.850098
0 0.06 0.440556 0.0353125 0.03 0.850098
5 0.150156 0.394444 0.04875 0.0416667 0.844727
7 0.234375 0.503611 0.00687499 0.0222222 0.824219
0 0.0159082 0.466111 0.0316992 0.0316666 0.822266
6 0.74125 0.389722 0.0325 0.055 0.820801
0 0.8275 0.325 0.03 0.0222222 0.81543
1 0.311563 0.323611 0.0375 0.045 0.766113
7 0.666875 0.463889 0.00625 0.0222222 0.757812
0 0.3425 0.332222 0.01625 0.0233333 0.713867
0 0.353125 0.326111 0.0125 0.02 0.699219
0 0.49375 0.275556 0.00874999 0.0122222 0.690918
0 0.0321875 0.428889 0.0236719 0.0216667 0.67041
2 0.213594 0.365 0.009375 0.0222222 0.666992
7 0.925 0.458889 0.00499999 0.0144444 0.665527
7 0.6775 0.479444 0.00749995 0.0244444 0.622559
0 0.325703 0.333611 0.0173437 0.0244444 0.611328
7 0.221719 0.518611 0.0075 0.0238889 0.584961
5 0.69125 0.327222 0.05625 0.0333333 0.57373
0 0.0186523 0.450556 0.0299219 0.0244444 0.565918
0 0.404375 0.319444 0.01875 0.0244444 0.554688
2 0.204375 0.366667 0.00625 0.0222223 0.541016
0 0.3825 0.324444 0.0175 0.0266667 0.535156
7 0.735625 0.432778 0.00625 0.0166667 0.521484
7 0.725 0.401111 0.00375004 0.0177778 0.492188
7 0.72875 0.439167 0.00499999 0.0183333 0.472656
2 0.0232861 0.501389 0.00944336 0.0377778 0.453369
7 0.73875 0.431111 0.00499999 0.0188889 0.439697
7 0.92375 0.466111 0.00499999 0.0166667 0.422607
5 0.406875 0.293056 0.01375 0.0244444 0.414795
0 0.365 0.323056 0.015 0.0255556 0.414795
0 0.392813 0.310556 0.01 0.0166667 0.392334
5 0.364688 0.321111 0.01625 0.0288889 0.388672
7 0.0236719 0.528889 0.005625 0.0155555 0.386719
0 0.393125 0.299444 0.01 0.0166667 0.368408
0 0.393125 0.305 0.010625 0.015 0.366699
5 0.405625 0.286111 0.01 0.0194444 0.361084
5 0.381875 0.321111 0.0175 0.0316667 0.359375
0 0.35125 0.318889 0.011875 0.0211111 0.341553
0 0.413125 0.312222 0.013125 0.0211111 0.338135
0 0.473125 0.27 0.00874999 0.00999999 0.338135
0 0.675 0.315556 0.025 0.0222222 0.329346
7 0.634063 0.328889 0.003125 0.0111111 0.300781
0 0.70375 0.327222 0.0325 0.0255556 0.294189
0 0.3725 0.306111 0.009375 0.0177778 0.288574
2 0.21125 0.365556 0.009375 0.0233333 0.268066
0 0.388125 0.297222 0.009375 0.0133333 0.23938
7 0.0490234 0.477222 0.00390625 0.0133334 0.233765
0 0.681875 0.327778 0.0375 0.0333333 0.228149
0 0.371875 0.309167 0.01 0.0216667 0.182983
2 0.121875 0.384167 0.0078125 0.02 0.178345
0 0.374063 0.301111 0.00874999 0.0144444 0.164551
0 0.485625 0.259444 0.00499999 0.0111111 0.160767
2 0.304688 0.345556 0.013125 0.02 0.15979
5 0.683125 0.328333 0.04125 0.0333333 0.158691
7 0.0641406 0.4725 0.00375 0.0133333 0.156616
0 0.331563 0.331111 0.011875 0.0238889 0.154053
7 0.736875 0.427222 0.00625 0.0188889 0.146118
7 0.235156 0.3675 0.003125 0.00777777 0.0963745
7 0.0463672 0.476111 0.00390625 0.0133333 0.0836182
7 0.65375 0.327778 0.00374997 0.0122222 0.0800781
0 0.0200977 0.441667 0.0283203 0.0244444 0.0797729
0 0.4125 0.315 0.015 0.0255555 0.0792236
3 0.7275 0.386111 0.00749995 0.0433333 0.0720825
0 0.493438 0.273056 0.00874999 0.0133333 0.0720825
0 0.416563 0.278889 0.00625 0.00888887 0.0700684
7 0.74625 0.420556 0.00500005 0.0138889 0.0678101
5 0.7 0.325556 0.04 0.0288889 0.0668335
0 0.379688 0.289444 0.00687501 0.0122222 0.0558167
0 0.416563 0.294444 0.00750001 0.0155556 0.0548096
7 0.68375 0.350278 0.00500005 0.0194444 0.0510864
0 0.418438 0.285278 0.00750001 0.0111111 0.0484924
2 0.710625 0.308056 0.00750001 0.0166667 0.0476074
7 0.00839844 0.543889 0.00533203 0.02 0.0476074
7 0.72625 0.442222 0.00499999 0.0177778 0.0448608
0 0.34375 0.331667 0.02375 0.0233333 0.0446777
7 0.75375 0.415278 0.00499999 0.0161111 0.0433655
2 0.69375 0.344167 0.01125 0.03 0.0384521
0 0.447813 0.268889 0.00625 0.00777777 0.0381775
3 0.300625 0.348333 0.00625 0.0222222 0.035675
0 0.4225 0.278889 0.00749998 0.00944446 0.0334778
7 0.266094 0.362778 0.0034375 0.0111111 0.0334778
0 0.43625 0.276111 0.00625 0.00888887 0.0330811
2 0.21875 0.361944 0.00562501 0.0155556 0.0326538
2 0.678125 0.301111 0.00874996 0.0166667 0.0276947
7 0.666875 0.350833 0.00499999 0.0133333 0.0268555
0 0.0138672 0.449444 0.026875 0.0322222 0.0234222
7 0.645625 0.318056 0.00375004 0.0122222 0.0207977
1 0.343203 0.280278 0.0998438 0.075 0.0196381
2 0.68625 0.292778 0.00499999 0.0166667 0.0193481
0 0.443125 0.2725 0.00750001 0.0122222 0.0190582
0 0.473438 0.272222 0.00687501 0.0122222 0.0173035
2 0.131719 0.398056 0.0121875 0.0355555 0.0171814
0 0.398125 0.282778 0.009375 0.0122222 0.0160217
3 0.189844 0.371389 0.005 0.0205555 0.0158386
7 0.624375 0.356667 0.00999997 0.0222222 0.0154266
0 0.35 0.311111 0.0125 0.0166667 0.0147324
1 0.35875 0.279375 0.07125 0.07125 0.0133286
1 0.363125 0.275278 0.05 0.0672222 0.0132751
0 0.3625 0.308333 0.0125 0.0272222 0.0131683
7 0.63625 0.316667 0.00375004 0.0111111 0.0119629
0 0.334375 0.318889 0.01125 0.0155556 0.0119171
7 0.290313 0.342222 0.00374997 0.0161111 0.0104904
0 0.0219531 0.433889 0.0236328 0.0233333 0.0103302
7 0.221094 0.508889 0.00718751 0.0277778 0.00978088
0 0.495313 0.262778 0.00625 0.00944446 0.00971222
2 0.213281 0.361111 0.00875001 0.0261111 0.00955963
7 0.614375 0.331667 0.00375004 0.0105556 0.00908661
0 0.0258154 0.431111 0.0263379 0.0288889 0.00905609
0 0.475 0.265556 0.00625 0.0127778 0.00871277
0 0.98375 0.811111 0.0325 0.131111 0.00809479
3 0.865625 0.310556 0.00499999 0.0188889 0.00803375
3 0.022168 0.502778 0.00976563 0.0338889 0.00769424
0 0.111406 0.440556 0.036875 0.0344445 0.00757599
1 0.363125 0.282778 0.01125 0.0244444 0.00751877
7 0.645625 0.351111 0.00499999 0.0122222 0.00723267
3 0.162969 0.367222 0.00625 0.0238889 0.00701141
0 0.346563 0.285278 0.00812499 0.0233333 0.0068512
7 0.145625 0.4175 0.00406249 0.0161111 0.00677109
0 0.990625 0.81 0.0187499 0.137778 0.00621796
7 0.125313 0.422222 0.005 0.0144444 0.00612259
7 0.275 0.351667 0.00375001 0.0111111 0.00593567
7 0.285156 0.346667 0.00437498 0.0155556 0.00575256
7 0.609063 0.306667 0.00437501 0.0122222 0.00572968
0 0.465313 0.263889 0.00437501 0.01 0.00566483
7 0.229844 0.372778 0.00375001 0.0111111 0.00561905
3 0.776875 0.355 0.00750001 0.0288889 0.00551224
7 0.7775 0.353333 0.00749995 0.0222222 0.00540543
0 0.5675 0.322778 0.0375 0.0233333 0.00538635
0 0.372188 0.38 0.055 0.0333333 0.00536346
0 0.443125 0.264444 0.00625 0.00999999 0.00534439
2 0.175625 0.369444 0.00499999 0.0172222 0.0051384
0 0.327813 0.348889 0.01875 0.0272222 0.00510025
2 0.0601563 0.427778 0.0135938 0.0188889 0.00468063
0 0.359688 0.301111 0.0125 0.0144444 0.0046463
0 0.17 0.385 0.0140625 0.0294444 0.00453949
2 0.53375 0.278056 0.00500002 0.00888889 0.00450516
2 0.838125 0.317222 0.015 0.0161111 0.00436401
2 0.205 0.359444 0.00625 0.0233333 0.00426483
0 0.354375 0.283056 0.00750001 0.0222222 0.0042305
0 0.3675 0.377778 0.04375 0.0311111 0.00421524
7 0.26625 0.352778 0.00406251 0.0122222 0.00413513
0 0.307813 0.341111 0.02375 0.0222222 0.00403976
7 0.605313 0.299167 0.003125 0.0116667 0.00391388
0 0.155938 0.388333 0.049375 0.0311111 0.00391388
0 0.0573828 0.428889 0.0271094 0.0233333 0.00385475
3 0.81125 0.305278 0.00750001 0.02 0.0037365
0 0.525938 0.275556 0.00562499 0.00999999 0.00321007
0 0.00312744 0.425556 0.00625488 0.02 0.00318527
3 0.77625 0.359722 0.00750001 0.0338889 0.00317192
7 0.0555078 0.475 0.00351563 0.0122222 0.00300407
0 0.464063 0.274167 0.00500002 0.00888889 0.00296974
0 0.169219 0.396111 0.0203125 0.0316667 0.00279045
0 0.993125 0.805556 0.0137499 0.135556 0.00269318
7 0.194531 0.383056 0.00406251 0.0161111 0.00253105
0 0.0361914 0.390556 0.00988281 0.0211111 0.0024929
0 0.561875 0.321944 0.025 0.0205556 0.00245285
0 0.514688 0.262222 0.00375001 0.00722221 0.00237846
0 0.299219 0.345278 0.010625 0.0194444 0.00226974
7 0.675 0.348333 0.00499999 0.0161111 0.00219917
7 0.260625 0.357778 0.00562499 0.0127778 0.00219917
7 0.6725 0.474444 0.00750001 0.0233333 0.00214958
2 0.71625 0.300278 0.00499999 0.0172222 0.00214005
7 0.2825 0.59 0.085625 0.134444 0.00208282
7 0.0360156 0.522778 0.00429688 0.0155555 0.00201035
0 0.43 0.27 0.00687497 0.00944446 0.00185299
0 0.454375 0.262222 0.00437501 0.0077778 0.00182438
2 0.0336133 0.400833 0.0130859 0.02 0.00175476
2 0.70375 0.342778 0.00999997 0.0244445 0.00173378
7 0.628438 0.338889 0.01125 0.0177778 0.00156116
7 0.615 0.313889 0.00374997 0.01 0.00154877
0 0.4225 0.292778 0.00749998 0.0122222 0.0015192
3 0.545 0.276667 0.00374997 0.0111111 0.00144386
7 0.9275 0.452778 0.00499999 0.0188889 0.00143814
2 0.186563 0.369444 0.00750001 0.02 0.00139427
2 0.8125 0.301667 0.00750001 0.0211111 0.00137234
3 0.25 0.341111 0.00374999 0.0205555 0.00137234
3 0.133594 0.414444 0.00937499 0.0188889 0.00136662
0 0.564375 0.281389 0.00625 0.0116667 0.00134087
0 0.156875 0.37 0.0103125 0.0233333 0.0012846
0 0.118516 0.4225 0.0101563 0.0155555 0.00127411
3 0.86625 0.302222 0.00500005 0.0172222 0.00123978
0 0.51125 0.268333 0.00750001 0.0111111 0.00123024
7 0.595625 0.297778 0.00375004 0.0105555 0.00122547
0 0.00436035 0.404167 0.00818359 0.0166667 0.0012207
0 0.608125 0.364167 0.04 0.0361111 0.00119686
2 0.4075 0.321667 0.01625 0.0222222 0.00117874
7 0.6725 0.466944 0.00750001 0.0283333 0.00116062
3 0.269531 0.343889 0.0059375 0.0211111 0.00116062
3 0.127109 0.407222 0.0065625 0.0177778 0.0011158
2 0.180313 0.379444 0.02 0.0233333 0.00109863
0 0.00611328 0.385556 0.0114648 0.0194444 0.00109482
7 0.723125 0.447778 0.00499999 0.02 0.00109482
3 0.69875 0.348333 0.0125 0.0288889 0.00108147
7 0.606875 0.359722 0.035 0.0261111 0.00107288
0 0.145781 0.381667 0.0284375 0.0372222 0.00106049
0 0.9875 0.820556 0.0249999 0.146667 0.00105667
7 0.224688 0.369444 0.003125 0.0133333 0.00104809
2 0.0133105 0.405556 0.00851563 0.0166667 0.00102425
