0 0.660156 0.487778 0.132187 0.272222 0.959473
0 0.294219 0.846667 0.157813 0.304444 0.95752
0 0.211211 0.45 0.110703 0.155556 0.956543
0 0.366875 0.501111 0.115 0.208889 0.95166
0 0.51125 0.892222 0.2075 0.215556 0.95166
0 0.500938 0.433333 0.09 0.193333 0.941895
0 0.956875 0.651667 0.08625 0.236667 0.937012
0 0.340313 0.221667 0.05625 0.0722222 0.936523
0 0.7075 0.319444 0.0925 0.123333 0.936035
0 0.615 0.289444 0.075 0.125556 0.935059
0 0.415 0.312222 0.070625 0.121111 0.929199
0 0.50125 0.281944 0.0575 0.107778 0.919434
0 0.66375 0.0813194 0.06 0.0459722 0.885742
0 0.386875 0.134861 0.0325 0.0458333 0.885742
0 0.535313 0.0793056 0.0525 0.0311111 0.875
5 0.344375 0.0727083 0.0225 0.0426389 0.849121
0 0.364375 0.0772222 0.01625 0.0226389 0.825684
2 0.634688 0.0420139 0.011875 0.0208333 0.818848
7 0.70375 0.199722 0.00750001 0.0244444 0.817383
0 0.0657422 0.276667 0.0353906 0.0366667 0.817383
7 0.245625 0.28 0.0075 0.0222222 0.812988
7 0.744375 0.174167 0.00625 0.0205556 0.805664
5 0.385 0.0633333 0.01875 0.0327778 0.804199
0 0.95125 0.121076 0.03 0.0311806 0.801758
0 0.7675 0.0604167 0.04 0.0247222 0.790527
7 0.0308398 0.376667 0.00609375 0.0188889 0.785156
2 0.0455078 0.345556 0.0170313 0.0416667 0.78125
1 0.283125 0.124688 0.09875 0.0745139 0.776855
0 0.74125 0.0545833 0.03875 0.0247222 0.766113
0 0.915 0.08625 0.0275 0.0225 0.73877
0 0.86875 0.0705556 0.0325 0.0216667 0.737305
0 0.05875 0.244028 0.0220313 0.0258333 0.700684
7 0.945 0.223056 0.00499999 0.0177778 0.679199
7 0.75375 0.163056 0.00499999 0.0194444 0.675781
7 0.6925 0.185139 0.00750001 0.0222222 0.672363
0 0.8475 0.0760417 0.035 0.0245833 0.654785
0 0.0387891 0.290556 0.0285156 0.0355555 0.651367
0 0.0127637 0.310556 0.0253711 0.0311111 0.645996
0 0.7975 0.0558333 0.0300001 0.0233333 0.625977
0 0.96125 0.104653 0.025 0.0251389 0.596191
7 0.77125 0.129444 0.00500005 0.0155556 0.59082
4 0.0836133 0.243611 0.0430859 0.0472222 0.537109
0 0.400313 0.055625 0.01375 0.0204167 0.519531
0 0.370938 0.0543056 0.010625 0.0161111 0.490234
0 0.52125 0.0170833 0.011875 0.0151389 0.470703
0 0.00716797 0.306667 0.0143359 0.0277778 0.46875
0 0.42875 0.0229514 0.00874999 0.0134722 0.463867
0 0.37125 0.0508333 0.01125 0.0144444 0.457031
0 0.402813 0.0529167 0.014375 0.0202778 0.457031
0 0.419375 0.0406944 0.013125 0.0169444 0.455078
7 0.164531 0.203611 0.00374999 0.0116667 0.451416
7 0.773125 0.146389 0.00499999 0.0183333 0.397949
0 0.406563 0.0523611 0.00999997 0.0191667 0.393311
0 0.395625 0.0533333 0.0125 0.0216667 0.381104
0 0.0411035 0.279444 0.0285742 0.0288889 0.375732
4 0.282656 0.123611 0.0996875 0.0772222 0.374756
0 0.249688 0.113576 0.028125 0.0245139 0.355713
0 0.95 0.109722 0.02875 0.0252778 0.354004
0 0.00316895 0.322222 0.00633789 0.0255556 0.345215
7 0.675625 0.049375 0.00374997 0.0115278 0.336426
0 0.428125 0.0282639 0.00874999 0.0103472 0.329346
0 0.3625 0.0693056 0.014375 0.0191667 0.324219
7 0.70625 0.0788889 0.00499999 0.0127778 0.313965
0 0.765 0.055 0.035 0.0227778 0.307373
7 0.7625 0.153611 0.00499999 0.0177778 0.297363
0 0.517813 0.0100347 0.00749998 0.0115972 0.291016
0 0.00900391 0.310278 0.0179883 0.0305556 0.267334
0 0.45375 0.00888889 0.00625 0.009375 0.23938
0 0.37125 0.0646528 0.0125 0.0229167 0.208862
7 0.145391 0.211111 0.00328126 0.0113889 0.203735
0 0.0380664 0.2825 0.0282422 0.0344445 0.191895
0 0.83625 0.0741667 0.0325 0.0238889 0.174927
7 0.748125 0.128056 0.00374997 0.0172222 0.147583
0 0.247656 0.122188 0.030625 0.0339583 0.138916
7 0.604375 0.0434722 0.00499999 0.0129167 0.129883
0 0.45875 0.00501736 0.00625 0.0100347 0.125122
2 0.0960938 0.227778 0.0153125 0.0227778 0.11676
0 0.369375 0.0515972 0.01125 0.0141667 0.11438
7 0.258438 0.263056 0.008125 0.0233333 0.113586
0 0.775 0.0571528 0.0475 0.0256944 0.111633
0 0.253125 0.11125 0.03 0.0263889 0.10968
0 0.44625 0.0132986 0.00625 0.0115278 0.101257
7 0.746875 0.128056 0.00499999 0.0183333 0.100525
0 0.381875 0.0641667 0.02125 0.0294444 0.0984497
0 0.0791406 0.254514 0.0367188 0.0320833 0.0974121
0 0.96 0.1 0.0237501 0.02 0.0946655
0 0.80375 0.0613889 0.035 0.0225 0.0927124
0 0.0623438 0.256111 0.0285938 0.0316667 0.0897827
5 0.0833008 0.246806 0.0449609 0.0452778 0.0875854
0 0.95625 0.100694 0.025 0.0227778 0.0823975
0 0.34375 0.0736111 0.02 0.0338889 0.0792236
0 0.96125 0.1125 0.03 0.0333333 0.0789185
0 0.42 0.0372222 0.01125 0.01875 0.0745239
5 0.391875 0.06 0.016875 0.0229167 0.0745239
0 0.435313 0.0122222 0.00562499 0.00916667 0.0632324
4 0.0901563 0.2375 0.0323438 0.0333333 0.0587769
0 0.0218555 0.248194 0.0165625 0.0208333 0.055603
0 0.0566406 0.248472 0.0267188 0.0297222 0.0534058
5 0.283594 0.122083 0.0984375 0.0738889 0.0531921
7 0.0692969 0.300556 0.00515625 0.0155555 0.0518494
7 0.946875 0.214722 0.00499999 0.0188889 0.0497742
0 0.9625 0.118472 0.0275 0.0286111 0.0453491
2 0.71625 0.0699306 0.00999997 0.02625 0.0414734
5 0.309531 0.120556 0.0471875 0.0677778 0.0401001
0 0.432813 0.0231944 0.00812502 0.01375 0.0386047
5 0.0238672 0.291111 0.0300391 0.0422222 0.0348816
7 0.773125 0.137222 0.00499999 0.0161111 0.0343628
7 0.615 0.0469444 0.00374997 0.0102778 0.033844
0 0.257812 0.106667 0.0275 0.0244444 0.0333252
7 0.0763672 0.287778 0.00609375 0.02 0.0284424
2 0.731875 0.0360417 0.00875003 0.0173611 0.0274811
0 0.315313 0.0859722 0.01375 0.0181944 0.026062
0 0.94625 0.107083 0.025 0.0233333 0.0253754
0 0.485625 0.0105903 0.00437501 0.00819444 0.0237732
0 0.65125 0.0682639 0.035 0.0329167 0.0225372
5 0.00505859 0.254722 0.00992188 0.0266667 0.021286
0 0.3225 0.094375 0.019375 0.0208333 0.0189819
7 0.69 0.0547917 0.00374997 0.00930556 0.0187683
0 0.654844 0.0786111 0.0428125 0.0423611 0.0182648
0 0.326875 0.0879861 0.009375 0.0159722 0.0175171
0 0.326875 0.0934722 0.01125 0.02 0.0168457
0 0.319219 0.108611 0.0259375 0.0480555 0.0158997
0 0.238594 0.127778 0.0128125 0.0227778 0.0158386
7 0.6575 0.0480556 0.00499999 0.0152778 0.0141144
7 0.94125 0.219167 0.00500005 0.0172222 0.0138474
2 0.598125 0.0234028 0.00875003 0.0140278 0.0134277
0 0.257188 0.125417 0.0475 0.0405556 0.0131226
7 0.0848438 0.291111 0.0034375 0.0133333 0.0127716
2 0.01 0.266667 0.0130078 0.0216667 0.0127258
0 0.45125 0.0157986 0.00750001 0.0126389 0.0119629
2 0.573125 0.020625 0.00999997 0.0116667 0.0119171
0 0.475 0.0254514 0.00500002 0.0113889 0.0117798
7 0.168438 0.201389 0.00406251 0.0130555 0.0116882
2 0.274844 0.0897222 0.0078125 0.0208333 0.0113297
7 0.140625 0.216806 0.00406251 0.0130556 0.0113297
0 0.308906 0.120139 0.0459375 0.0716667 0.0109482
3 0.0159961 0.261111 0.00753906 0.0172222 0.0107803
7 0.69625 0.0509028 0.00250003 0.0116667 0.0104523
7 0.595625 0.0454167 0.00375004 0.0120833 0.0102081
2 0.306875 0.0859028 0.00687501 0.0148611 0.0102081
7 0.9475 0.224583 0.00500005 0.0202778 0.0100098
7 0.694375 0.0625 0.00250003 0.00944445 0.00989532
0 0.249688 0.115694 0.034375 0.0380556 0.00933838
0 0.00377441 0.278889 0.00741211 0.0188889 0.0091629
0 0.0448047 0.27 0.0188281 0.0233333 0.00891876
4 0.0775391 0.249722 0.0485156 0.0522222 0.00874329
7 0.66375 0.0506944 0.00499999 0.0147222 0.00871277
0 0.824375 0.0709028 0.04 0.0231944 0.00861359
0 0.90875 0.0872222 0.03 0.0215278 0.00828552
3 0.89375 0.0680556 0.00499999 0.0158333 0.00751877
7 0.69 0.0808333 0.0112501 0.0172222 0.00751877
7 0.009375 0.375556 0.00402344 0.0188889 0.00740433
0 0.429375 0.0152778 0.01 0.0128472 0.00737381
0 0.034375 0.297222 0.0236719 0.0422222 0.00734711
2 0.6325 0.0460938 0.00875003 0.0219792 0.00712204
0 0.405 0.0297917 0.00499999 0.00861111 0.00671768
0 0.272344 0.0965972 0.0171875 0.0268056 0.00671768
2 0.0432031 0.320833 0.00945313 0.0216667 0.00666809
0 0.095 0.229167 0.0215625 0.0236111 0.00658798
0 0.9225 0.0884722 0.0300001 0.02 0.00653839
2 0.132969 0.175556 0.00687501 0.0166667 0.00631332
2 0.6 0.0235764 0.01375 0.0156944 0.00619125
0 0.0259717 0.291111 0.022666 0.0322222 0.00619125
0 0.99625 0.126944 0.00749995 0.035 0.00582123
0 0.995313 0.133889 0.00937494 0.0386111 0.0050621
0 0.0410254 0.2725 0.0279492 0.0305556 0.00498199
7 0.67 0.0557639 0.00875003 0.0129167 0.00492477
3 0.189375 0.165278 0.005 0.0222222 0.00460815
7 0.0549609 0.311667 0.00359375 0.0144444 0.00443268
2 0.20625 0.144167 0.0075 0.0219444 0.00416565
3 0.196563 0.158056 0.00562501 0.0211111 0.00411606
0 0.464688 0.00875 0.00562499 0.00902778 0.0041008
2 0.204688 0.151944 0.0103125 0.025 0.00405502
0 0.498125 0.00423611 0.00874999 0.00847222 0.00391388
7 0.725 0.0773611 0.00499999 0.0211111 0.00379562
7 0.585625 0.0470833 0.00374997 0.0115278 0.0037365
2 0.64375 0.0745833 0.02 0.0341667 0.0037365
7 0.67375 0.0736111 0.0125 0.0327778 0.00365067
3 0.214219 0.140278 0.0046875 0.015 0.00365067
7 0.145547 0.219722 0.00328124 0.0116667 0.00341606
0 0.334375 0.0926389 0.00749998 0.0198611 0.00335121
7 0.095 0.278333 0.00421875 0.0105555 0.00335121
2 0.884375 0.0545833 0.00625 0.0213889 0.00329781
7 0.184375 0.170278 0.00374999 0.0155556 0.00327301
7 0.700625 0.0746528 0.00625 0.0173611 0.00317192
3 0.296406 0.066875 0.00593751 0.0175 0.00314713
2 0.641875 0.0720139 0.01625 0.0301389 0.00314713
0 0.383125 0.131389 0.0325 0.0475 0.00304031
2 0.0972656 0.223611 0.0103125 0.0233333 0.00304031
7 0.113828 0.229722 0.00484375 0.015 0.00298119
0 0.059375 0.237917 0.0229688 0.0302778 0.0029583
0 0.96125 0.138056 0.035 0.0255556 0.00293541
0 0.98625 0.123889 0.02 0.0277778 0.00279999
0 0.374375 0.0730556 0.010625 0.0230556 0.00277901
7 0.765625 0.121528 0.00375004 0.0163889 0.00263214
7 0.2475 0.277222 0.009375 0.0233333 0.00263214
0 0.430625 0.0575 0.02 0.0231944 0.00255013
0 0.9875 0.136389 0.0249999 0.0288889 0.00251198
7 0.7525 0.166667 0.00625 0.0222222 0.00250244
7 0.710625 0.0560417 0.00499999 0.0169444 0.0024929
2 0.60125 0.0185764 0.01625 0.0177083 0.00240517
2 0.745 0.113333 0.00999997 0.0425 0.00235939
0 0.0236279 0.317778 0.014541 0.0333333 0.00230598
2 0.592813 0.0217014 0.011875 0.0125 0.00230598
2 0.70375 0.0258333 0.00499999 0.0149306 0.00228691
7 0.260469 0.262222 0.0096875 0.0244445 0.00221634
0 0.358125 0.0563889 0.011875 0.0213889 0.00219917
0 0.470625 0.0213194 0.00625 0.00958333 0.00216484
0 0.803125 0.0739583 0.04 0.0284722 0.00208282
0 0.094082 0.239167 0.0583984 0.0355555 0.00202751
0 0.29125 0.0972222 0.02 0.0233333 0.00199509
2 0.575313 0.0175 0.00874996 0.0156944 0.00194931
2 0.654375 0.0361111 0.00750001 0.0172222 0.00177479
0 0.744375 0.0630556 0.0475 0.0305556 0.00171375
3 0.209375 0.156944 0.00625 0.0216667 0.0017004
5 0.00357422 0.239861 0.00714844 0.0441667 0.00168133
7 0.224688 0.153889 0.00375001 0.0105556 0.0016613
0 0.844375 0.0790972 0.04125 0.03125 0.00156689
0 0.444375 0.0340972 0.01 0.0205556 0.00155449
2 0.631875 0.0444271 0.015 0.0192014 0.00154877
2 0.0429297 0.3425 0.0167969 0.0427778 0.00153637
0 0.00324951 0.342778 0.00648926 0.0427778 0.00150108
7 0.708125 0.32 0.09125 0.121667 0.00148964
7 0.0317969 0.378056 0.00695313 0.0172222 0.00147247
0 0.995 0.141111 0.00999997 0.0427778 0.00145531
2 0.0231055 0.256667 0.0127734 0.0216667 0.00142097
0 0.97375 0.107083 0.03 0.0238889 0.00138855
0 0.00543945 0.4225 0.0108789 0.0527778 0.00127888
3 0.70875 0.025 0.00749995 0.0222917 0.00126457
5 0.3725 0.0362847 0.00874999 0.0192361 0.00112915
2 0.443125 0.0430729 0.010625 0.0210764 0.00111198
2 0.295938 0.081875 0.01125 0.0179167 0.00104809
0 0.9075 0.0804167 0.0275 0.0247222 0.00104427
