0 0.122188 0.853333 0.174688 0.293333 0.962891
0 0.242344 0.353889 0.0828125 0.108889 0.936523
0 0.511875 0.369722 0.08375 0.156111 0.935547
0 0.160469 0.507222 0.110313 0.171111 0.932129
5 0.344922 0.439167 0.185156 0.379444 0.913574
0 0.51 0.164583 0.04 0.0630555 0.897461
0 0.459063 0.135556 0.031875 0.0461111 0.893066
0 0.5525 0.113333 0.0300001 0.0488889 0.873047
0 0.505625 0.0805556 0.02125 0.0316667 0.871582
0 0.563125 0.0707639 0.0275 0.03125 0.837402
0 0.46375 0.0727083 0.02125 0.0308333 0.837402
7 0.745 0.175556 0.00750001 0.0216667 0.830078
7 0.75375 0.164028 0.00499999 0.02 0.830078
0 0.244063 0.467778 0.083125 0.188889 0.823242
0 0.309688 0.145417 0.03125 0.0447222 0.819824
7 0.70375 0.200139 0.00750001 0.0241667 0.810547
0 0.77 0.0643056 0.04 0.0266667 0.778809
0 0.511875 0.0253472 0.01125 0.0144444 0.777344
0 0.0317773 0.2925 0.0322266 0.035 0.774414
0 0.409375 0.0611111 0.015 0.0213889 0.773438
7 0.0310547 0.378889 0.00488281 0.0166667 0.757812
7 0.7725 0.146944 0.00499999 0.0172222 0.746094
0 0.255938 0.180694 0.0375 0.0513889 0.726562
7 0.0438281 0.3625 0.005 0.0161111 0.723145
7 0.244375 0.282222 0.0075 0.0255556 0.71875
0 0.546875 0.0440451 0.0175 0.0252431 0.699219
0 0.491563 0.03125 0.011875 0.01625 0.697754
0 0.4775 0.0552778 0.01625 0.0219444 0.697754
1 0.293594 0.102222 0.0471875 0.0636111 0.686035
2 0.00769531 0.355556 0.0153906 0.0333334 0.644043
5 0.379063 0.0518056 0.018125 0.0315278 0.640625
0 0.43125 0.055 0.015 0.0184722 0.640625
0 0.0703906 0.267222 0.034375 0.0366667 0.638672
2 0.5975 0.0423611 0.011875 0.01875 0.629883
7 0.77 0.129722 0.00499999 0.0177778 0.629883
2 0.6525 0.0386806 0.00999997 0.0215278 0.624512
0 0.3525 0.0811111 0.01625 0.0227778 0.618652
0 0.371563 0.0820833 0.02 0.0269444 0.615234
7 0.6925 0.185278 0.00750001 0.0225 0.613281
0 0.263281 0.155417 0.03 0.0386111 0.596191
0 0.31125 0.113056 0.023125 0.0316667 0.586914
2 0.61125 0.0397917 0.01 0.0193056 0.584961
7 0.945625 0.219583 0.00499999 0.0175 0.529297
2 0.0753906 0.286667 0.0179687 0.0322222 0.519531
0 0.33875 0.101111 0.02125 0.0280556 0.507812
0 0.226563 0.173056 0.02625 0.0383333 0.464844
0 0.386875 0.0688889 0.015 0.0225 0.457031
0 0.396875 0.0631944 0.01625 0.0216667 0.455078
2 0.70375 0.065 0.00750001 0.0261111 0.455078
3 0.0275195 0.339444 0.00957031 0.04 0.425293
2 0.688125 0.0460417 0.00999997 0.0251389 0.40918
7 0.257812 0.266944 0.008125 0.0244444 0.392334
0 0.417813 0.0449306 0.013125 0.0205556 0.386719
7 0.946875 0.214444 0.00499999 0.0188889 0.379395
3 0.129531 0.224167 0.0065625 0.0316667 0.377441
2 0.0953125 0.259444 0.0107812 0.03 0.37207
2 0.13625 0.213889 0.01 0.0294444 0.348633
2 0.220938 0.156944 0.01 0.0272222 0.334473
0 0.0417188 0.282222 0.0259375 0.0233333 0.327637
0 0.22375 0.178472 0.031875 0.045 0.325928
0 0.219219 0.191667 0.0371875 0.0486111 0.324219
0 0.21 0.200417 0.0275 0.0394445 0.324219
0 0.33 0.108542 0.02125 0.0243056 0.310791
2 0.0839063 0.279167 0.0109375 0.0322222 0.295898
0 0.21625 0.199167 0.03875 0.0438889 0.255371
2 0.60875 0.0403472 0.0137499 0.0195833 0.246582
0 0.256875 0.166944 0.034375 0.0433333 0.230957
2 0.175625 0.18 0.00562499 0.0261111 0.212769
0 0.55 0.0292708 0.0125 0.013125 0.20752
2 0.176875 0.182222 0.00562499 0.0266667 0.206299
3 0.184375 0.180278 0.00562501 0.0275 0.203735
0 0.42625 0.0542361 0.01125 0.0193056 0.203125
2 0.6825 0.0605556 0.00750001 0.0225 0.196167
3 0.156875 0.208611 0.00515626 0.02 0.176636
0 0.394375 0.0626389 0.01375 0.0225 0.175537
0 0.337813 0.0919444 0.016875 0.0234722 0.163452
7 0.74875 0.128889 0.00499999 0.0205556 0.15918
7 0.73125 0.126389 0.00499999 0.0211111 0.158203
2 0.090625 0.264722 0.010625 0.0322222 0.158203
7 0.7475 0.127778 0.00499999 0.0194444 0.156616
0 0.40625 0.0342361 0.01 0.0144444 0.153076
0 0.280938 0.124861 0.020625 0.0286111 0.149048
7 0.94375 0.235556 0.00499999 0.0183333 0.146606
0 0.406563 0.0495139 0.013125 0.0179167 0.14563
7 0.674375 0.0514583 0.00500005 0.0156944 0.14563
3 0.136875 0.213333 0.0096875 0.0322222 0.1427
0 0.4325 0.0293056 0.01125 0.0173611 0.142212
0 0.455 0.00930556 0.00875003 0.0111111 0.136108
0 0.00761719 0.278333 0.0151367 0.0244444 0.136108
7 0.746875 0.126111 0.00499999 0.02 0.131592
2 0.0926563 0.264444 0.0090625 0.0333333 0.131592
0 0.364063 0.0743056 0.016875 0.0261111 0.128906
3 0.220781 0.15 0.0059375 0.0233333 0.123352
2 0.121875 0.194444 0.00796875 0.0208333 0.118408
1 0.298438 0.0891667 0.036875 0.04 0.117554
0 0.549688 0.0244444 0.013125 0.0144444 0.117554
2 0.608125 0.0372569 0.01125 0.0195139 0.116333
0 0.336875 0.0973611 0.018125 0.025 0.112427
0 0.395 0.0455556 0.01125 0.0154167 0.104126
0 0.3575 0.075 0.02 0.0252778 0.100525
2 0.219688 0.158889 0.010625 0.0238889 0.100525
7 0.69375 0.0816667 0.00375004 0.0111111 0.0994873
0 0.0106152 0.323889 0.0211133 0.0361111 0.0991211
0 0.280625 0.110868 0.0225 0.0527083 0.0970459
0 0.34875 0.293889 0.04625 0.0816666 0.0939941
2 0.688125 0.038316 0.00875003 0.0214236 0.0869141
3 0.70125 0.0676389 0.00499999 0.0216667 0.0863037
2 0.0960156 0.255833 0.00875 0.0305556 0.0838623
0 0.431875 0.0230556 0.009375 0.0120833 0.0789185
0 0.548125 0.0366667 0.015 0.0191667 0.0758667
2 0.1275 0.223611 0.006875 0.0244445 0.0745239
7 0.761875 0.154028 0.00749995 0.0188889 0.0720825
0 0.2975 0.133056 0.024375 0.0355556 0.0698242
0 0.501875 0.0293056 0.00999997 0.0158333 0.0678101
0 0.43 0.0308333 0.013125 0.0158333 0.0665894
0 0.2225 0.169167 0.03125 0.0366667 0.0661011
3 0.234063 0.134583 0.00531251 0.0219445 0.0656128
0 0.0771875 0.283889 0.0209375 0.0344445 0.0653687
3 0.711875 0.1225 0.00999997 0.0497222 0.0648804
0 0.280156 0.119132 0.0209375 0.0345139 0.0614319
0 0.38 0.0744444 0.01625 0.025 0.0605164
7 0.16375 0.209444 0.004375 0.0144444 0.0600891
0 0.520625 0.0531944 0.0125 0.0181944 0.0592041
7 0.9475 0.224444 0.00500005 0.0238889 0.058136
0 0.3525 0.304444 0.053125 0.103333 0.0510864
3 0.135156 0.226389 0.00624999 0.0377778 0.0479431
3 0.155547 0.199028 0.00453124 0.0247222 0.0450134
0 0.00870117 0.275556 0.0174023 0.0222222 0.0448608
2 0.132344 0.217361 0.0176563 0.03 0.0432129
0 0.489688 0.0322222 0.010625 0.0170833 0.0420837
3 0.189063 0.173889 0.00531249 0.0288889 0.041626
3 0.243594 0.136944 0.00562499 0.0161111 0.0408325
0 0.416875 0.0357639 0.01125 0.0165278 0.0406799
0 0.438438 0.0121181 0.01 0.0123611 0.0402527
0 0.208281 0.206111 0.024375 0.0447222 0.0402527
3 0.189063 0.186389 0.00718751 0.0327778 0.036499
0 0.0445215 0.273889 0.0211133 0.0255556 0.036499
7 0.75375 0.166111 0.00750001 0.02 0.0347595
3 0.069375 0.291667 0.0065625 0.0322222 0.0346069
0 0.335313 0.104306 0.028125 0.03 0.033844
0 0.773125 0.0570833 0.035 0.0230556 0.0332031
0 0.490938 0.0258681 0.010625 0.0152778 0.0330811
0 0.46875 0.054375 0.01125 0.02125 0.0325928
0 0.315938 0.306111 0.048125 0.09 0.0319824
0 0.45875 0.00597222 0.00750001 0.0119444 0.0312042
3 0.73 0.0877083 0.00750001 0.0368056 0.0309143
7 0.6825 0.0745833 0.00499999 0.0244444 0.0289764
2 0.71 0.0620833 0.00999997 0.0255556 0.0270691
0 0.355 0.290278 0.043125 0.075 0.0268555
7 0.704375 0.07375 0.00499999 0.0211111 0.0259552
2 0.141094 0.216389 0.0125 0.0333333 0.0245209
0 0.44125 0.0110069 0.01 0.0125694 0.0239563
0 0.574063 0.0240278 0.014375 0.0131944 0.0222015
7 0.0275195 0.382778 0.00609375 0.0177778 0.0218658
0 0.5175 0.0490451 0.014375 0.0241319 0.0215302
2 0.598438 0.0392361 0.0125 0.0223611 0.0212097
7 0.948125 0.206944 0.00499999 0.0211111 0.0202942
3 0.195625 0.171944 0.004375 0.0233333 0.0197144
3 0.0238281 0.321667 0.0133594 0.05 0.0193481
0 0.0483203 0.268333 0.0264063 0.0288889 0.0192719
7 0.17625 0.199306 0.0046875 0.0219444 0.0191956
3 0.71375 0.12 0.00750001 0.0488889 0.0167847
7 0.674375 0.0575 0.00374997 0.0183333 0.0159607
7 0.655 0.0578472 0.00499999 0.0159722 0.0156021
0 0.491875 0.0459896 0.0125 0.0188542 0.0151901
2 0.00942383 0.359722 0.0117188 0.035 0.0150757
7 0.73375 0.128194 0.00500005 0.0197222 0.0142288
7 0.0671875 0.306111 0.0053125 0.02 0.0139008
0 0.217031 0.182222 0.0365625 0.045 0.0137939
2 0.69125 0.0346181 0.00999997 0.0164583 0.0137405
0 0.287188 0.139167 0.021875 0.0388889 0.0132217
5 0.0070459 0.268889 0.0140137 0.03 0.0132217
3 0.156563 0.218056 0.00609376 0.0361111 0.01297
3 0.126406 0.235278 0.0053125 0.0233333 0.0127258
0 0.551875 0.10375 0.0275 0.0402778 0.0122375
0 0.361875 0.297222 0.0425 0.0938889 0.0121918
2 0.00281738 0.366667 0.00563477 0.0444445 0.0115509
2 0.142656 0.213194 0.008125 0.0311111 0.0113297
2 0.65 0.0391493 0.01 0.0205903 0.0109863
7 0.67125 0.0509722 0.00500005 0.015 0.0106964
2 0.71125 0.0634722 0.015 0.0291667 0.0106506
7 0.0195703 0.348889 0.00578125 0.0322222 0.0106506
2 0.0659375 0.250556 0.0109375 0.0222222 0.0105667
3 0.196094 0.159167 0.0046875 0.0208333 0.0105286
2 0.155 0.233194 0.0075 0.0283334 0.0104523
3 0.186875 0.192222 0.00687501 0.0394445 0.0101318
3 0.70375 0.0563889 0.00625 0.0258333 0.00993347
0 0.204688 0.200833 0.023125 0.0333333 0.00985718
0 0.201875 0.195694 0.02 0.0380556 0.00981903
3 0.713125 0.134861 0.01125 0.0647222 0.00974274
2 0.0678906 0.293333 0.0075 0.0266667 0.00963593
3 0.230625 0.131389 0.00562499 0.0216667 0.00963593
3 0.214063 0.143472 0.00562501 0.02 0.00959778
3 0.71 0.124201 0.01125 0.0449306 0.00905609
2 0.75375 0.0337847 0.00625 0.0150694 0.0088501
0 0.0162207 0.31 0.0277539 0.0333333 0.00881195
0 0.491875 0.0628472 0.0175 0.0245833 0.00874329
0 0.365625 0.288056 0.035 0.0777778 0.00874329
7 0.69 0.0851389 0.00500005 0.0156944 0.00844574
3 0.0851563 0.224722 0.00515625 0.0166667 0.00812531
7 0.771875 0.126389 0.00750001 0.0211111 0.00809479
0 0.328125 0.313889 0.060625 0.118889 0.00800323
3 0.224063 0.143889 0.0046875 0.0216667 0.00787354
0 0.0319922 0.281667 0.0315625 0.0311111 0.00769424
7 0.0902344 0.296667 0.00609375 0.0244444 0.00769424
3 0.0439063 0.312778 0.0053125 0.0222222 0.00740433
0 0.8075 0.0747917 0.0375 0.0231944 0.00706482
7 0.0138574 0.386389 0.00570313 0.0161111 0.0068779
7 0.71 0.0855556 0.00625 0.0225 0.00679779
3 0.23375 0.124167 0.00437501 0.0211111 0.00658798
0 0.343125 0.0810417 0.01625 0.0255556 0.00653839
7 0.055625 0.310556 0.0040625 0.0155556 0.0064621
7 0.105547 0.276111 0.005 0.0155555 0.00624084
0 0.35125 0.0906944 0.01625 0.0261111 0.006073
3 0.184375 0.163889 0.00562501 0.0311111 0.00588989
2 0.728125 0.0815972 0.01 0.0306944 0.00584412
0 0.33375 0.326111 0.076875 0.138889 0.00575256
2 0.206875 0.150556 0.010625 0.0238889 0.00572968
7 0.676875 0.0798611 0.00499999 0.0141667 0.00559998
7 0.252656 0.269444 0.0096875 0.0333333 0.00557709
0 0.35375 0.0760417 0.02125 0.0270833 0.0055542
0 0.464063 0.00965278 0.00625 0.00847222 0.00553513
0 0.398125 0.0353472 0.01125 0.0170833 0.00551224
0 0.44 0.0261111 0.01125 0.0161111 0.00548935
2 0.209688 0.206389 0.02 0.045 0.00530243
7 0.170313 0.19375 0.00374999 0.0216667 0.00530243
2 0.119219 0.194444 0.01 0.0236111 0.00526047
2 0.71 0.125 0.0125 0.0433333 0.00518036
3 0.170781 0.172917 0.0046875 0.0297222 0.00518036
0 0.0443359 0.288333 0.0267188 0.0377778 0.0050621
3 0.873125 0.0604167 0.00625 0.0208333 0.0049057
2 0.73375 0.085 0.00749995 0.0336111 0.00482941
0 0.71875 0.05125 0.02875 0.0208333 0.00468063
2 0.0370508 0.263889 0.00824219 0.0155556 0.0046463
0 0.0328906 0.296667 0.025 0.0388889 0.00457382
2 0.0731641 0.293889 0.0132031 0.0433333 0.00439835
2 0.0925781 0.284444 0.0121875 0.0377778 0.00434875
0 0.995 0.120278 0.00874996 0.0216667 0.00426483
0 0.00691406 0.29 0.0136328 0.0322222 0.00416565
5 0.0101953 0.265 0.0148438 0.0294444 0.00407028
0 0.80625 0.0686806 0.03375 0.0218056 0.00400543
7 0.94125 0.217222 0.00500005 0.0180556 0.00390053
2 0.207344 0.144167 0.0103125 0.0219444 0.00379562
2 0.133359 0.213056 0.0140625 0.0338889 0.00379562
7 0.0248828 0.351111 0.00640625 0.0422222 0.00327301
0 0.3425 0.316667 0.066875 0.126667 0.00325966
3 0.149844 0.206667 0.00562499 0.0288889 0.00321007
2 0.61125 0.0458333 0.00874996 0.0233333 0.00317192
7 0.953125 0.225 0.00625 0.0227778 0.00300407
5 0.419062 0.400833 0.038125 0.226667 0.00300407
0 0.0647266 0.278056 0.0260156 0.0344445 0.00300407
0 0.0742969 0.252222 0.0203125 0.0233333 0.00279045
0 0.329688 0.0889583 0.019375 0.0213889 0.00275803
7 0.0317578 0.378056 0.00714844 0.0183333 0.00275803
3 0.224688 0.12375 0.004375 0.0211111 0.00269318
7 0.149688 0.227778 0.00687499 0.0294445 0.00260162
0 0.8025 0.0665972 0.04125 0.0236111 0.00259018
2 0.116875 0.203194 0.00625 0.0211111 0.00253105
2 0.0810938 0.254375 0.0121875 0.0256944 0.00253105
2 0.65125 0.0449826 0.00750001 0.0253125 0.00251198
0 0.509688 0.0560417 0.0175 0.0205556 0.00243378
0 0.512188 0.05125 0.016875 0.0227778 0.00242424
2 0.695 0.06625 0.00499999 0.0261111 0.00239754
0 0.814375 0.0749306 0.03625 0.0255556 0.00237846
3 0.71375 0.155833 0.00999997 0.0686111 0.00235939
0 0.146875 0.231944 0.00765624 0.0405556 0.00234222
0 0.985 0.115139 0.00999997 0.0166667 0.00225258
3 0.87125 0.06125 0.00499999 0.0183333 0.00223351
7 0.7725 0.143056 0.00499999 0.0183333 0.00221634
5 0.00803223 0.256944 0.0160645 0.0427778 0.00216484
0 0.72125 0.0588194 0.0325 0.0276389 0.00215721
2 0.61 0.0293403 0.00625 0.0253472 0.00213242
7 0.7325 0.124028 0.00625 0.0211111 0.00209045
0 0.320625 0.329444 0.056875 0.131111 0.00206757
2 0.00318359 0.430278 0.00636719 0.0544444 0.00200272
0 0.25375 0.446667 0.083125 0.14 0.0019722
3 0.244531 0.125278 0.0046875 0.0216667 0.00196457
0 0.765 0.0534028 0.03125 0.0229167 0.00191212
7 0.108047 0.269167 0.0139062 0.0288889 0.00168133
3 0.733125 0.101667 0.00750001 0.0483333 0.00167465
7 0.66625 0.0489583 0.00250003 0.0125 0.00162888
2 0.164688 0.222778 0.00499999 0.0194444 0.0015974
2 0.0576953 0.249861 0.0138281 0.0258333 0.00153637
0 0.439375 0.0472222 0.01375 0.0155556 0.00151253
0 0.440625 0.0692361 0.021875 0.0243056 0.0014782
2 0.74625 0.113333 0.00749995 0.0461111 0.00146103
2 0.7225 0.0705556 0.01625 0.0302778 0.00144386
3 0.257812 0.27 0.013125 0.0455556 0.00144386
7 0.93625 0.241944 0.00499999 0.0311111 0.00143242
0 0.389063 0.0715278 0.016875 0.0240278 0.00141048
0 0.564375 0.0258333 0.00750001 0.0104167 0.00136662
3 0.796875 0.109583 0.00750001 0.0369444 0.00136185
3 0.0760938 0.229861 0.00765626 0.0230556 0.00132465
0 0.92 0.0850694 0.0275 0.0220833 0.00129414
0 0.978125 0.113021 0.00874996 0.0189583 0.00129414
2 0.165625 0.176806 0.0046875 0.0208333 0.00127888
0 0.311563 0.330556 0.045 0.131111 0.00122547
0 0.264688 0.460833 0.073125 0.170556 0.00119686
0 0.325938 0.3425 0.076875 0.158333 0.0011425
2 0.0305664 0.332778 0.0123047 0.05 0.00113392
