0 0.674844 0.878889 0.170313 0.242222 0.959473
0 0.659844 0.55875 0.0778125 0.106944 0.95459
0 0.87 0.906667 0.1825 0.184444 0.954102
0 0.469063 0.906111 0.1275 0.186667 0.949219
0 0.0779297 0.9525 0.147266 0.095 0.949219
0 0.353203 0.65 0.0885937 0.135556 0.942871
0 0.585625 0.595 0.0825 0.134444 0.941895
0 0.261875 0.939167 0.1575 0.121667 0.939941
0 0.47875 0.613333 0.07125 0.135556 0.935059
0 0.303125 0.561667 0.0825 0.114444 0.932617
5 0.237031 0.344444 0.0728125 0.0622222 0.921387
0 0.0399609 0.907778 0.0799219 0.178889 0.92041
0 0.58125 0.377778 0.06875 0.0388889 0.908203
0 0.448438 0.382778 0.064375 0.0411111 0.88623
0 0.217188 0.422778 0.05625 0.04 0.885742
2 0.835625 0.451111 0.025 0.0522222 0.831055
0 0.0500391 0.44 0.0328906 0.03 0.809082
0 0.29625 0.335278 0.018125 0.0211111 0.800781
0 0.8275 0.324444 0.03 0.0233333 0.799316
7 0.234688 0.503611 0.00687499 0.0227778 0.799316
0 0.309687 0.336667 0.018125 0.0233333 0.795898
2 0.0546094 0.467222 0.0140625 0.0355556 0.760742
2 0.0186914 0.486944 0.0107813 0.0405556 0.733887
0 0.0211133 0.462778 0.0323828 0.0366667 0.732422
7 0.221875 0.517778 0.0075 0.0238889 0.729492
7 0.0233984 0.528333 0.00492188 0.0166667 0.71875
7 0.925 0.458333 0.00499999 0.0155556 0.700684
0 0.405938 0.319444 0.015625 0.0244444 0.695801
2 0.668125 0.312222 0.00875003 0.02 0.694336
0 0.484688 0.273611 0.00750001 0.0116667 0.682617
2 0.175313 0.381111 0.0140625 0.0238889 0.682617
7 0.6775 0.479444 0.00749995 0.0244444 0.680664
0 0.325312 0.331944 0.01625 0.025 0.660156
7 0.666875 0.464444 0.00625 0.0222223 0.658203
0 0.0394727 0.424167 0.0278516 0.0211111 0.631836
0 0.40375 0.298056 0.009375 0.015 0.618652
2 0.73625 0.31 0.00874996 0.0144444 0.616699
0 0.345625 0.328889 0.0175 0.0255555 0.609375
7 0.72875 0.439444 0.00499999 0.0188889 0.609375
0 0.37 0.322222 0.01625 0.0255556 0.588867
0 0.0130273 0.445556 0.0255859 0.0433333 0.575684
2 0.0313281 0.476111 0.0116406 0.035 0.575684
2 0.653125 0.314167 0.00750001 0.0222222 0.569824
0 0.415 0.2925 0.01 0.0166667 0.560059
1 0.35875 0.303333 0.023125 0.0338889 0.558105
0 0.381875 0.31 0.01125 0.0177778 0.541016
0 0.39375 0.308333 0.011875 0.0155556 0.537109
0 0.3275 0.332778 0.01625 0.0211111 0.530273
7 0.749375 0.415278 0.00500005 0.0172222 0.516602
7 0.145625 0.415556 0.0034375 0.0116666 0.507812
7 0.72375 0.4 0.00499999 0.0172222 0.5
7 0.74625 0.399444 0.00500005 0.015 0.457031
7 0.684375 0.353056 0.00375004 0.0127778 0.455078
0 0.337188 0.316667 0.015 0.0211111 0.434082
2 0.0195508 0.483889 0.0135938 0.0433333 0.420654
7 0.126172 0.419722 0.00375 0.00999999 0.414795
7 0.73875 0.425833 0.00499999 0.0205556 0.413086
2 0.3925 0.328333 0.01375 0.0233333 0.411133
7 0.73625 0.428056 0.00499999 0.02 0.38501
0 0.333125 0.328889 0.013125 0.0222222 0.375732
7 0.92375 0.466667 0.00499999 0.0155556 0.375732
0 0.395 0.297778 0.00999997 0.0133333 0.368408
1 0.359375 0.306111 0.01875 0.0344445 0.329346
7 0.634375 0.330556 0.003125 0.0111111 0.313965
0 0.411875 0.315 0.01375 0.0222222 0.312256
0 0.362188 0.319444 0.013125 0.0233333 0.309082
0 0.383125 0.298056 0.01 0.0122222 0.273682
2 0.391875 0.330278 0.00999997 0.0244445 0.235107
0 0.37375 0.299167 0.00874999 0.015 0.233765
0 0.344375 0.3225 0.01375 0.0238889 0.228149
2 0.0146582 0.470556 0.0150586 0.0366666 0.190674
0 0.4175 0.286111 0.00875003 0.0144444 0.190674
0 0.429688 0.2725 0.00687501 0.00944446 0.179565
7 0.7275 0.441389 0.00500005 0.0194444 0.146118
0 0.179844 0.380556 0.0234375 0.0244444 0.145142
0 0.428125 0.278333 0.00874999 0.0111111 0.119995
7 0.7425 0.420833 0.00499999 0.0177778 0.118408
7 0.735 0.431389 0.00750001 0.0177778 0.112
0 0.371875 0.305278 0.01375 0.0227778 0.111267
2 0.204375 0.37 0.00562499 0.0177778 0.100525
0 0.0122852 0.436667 0.0237891 0.03 0.0977173
3 0.50125 0.321389 0.01 0.025 0.0963745
3 0.70875 0.309444 0.00500005 0.0166667 0.0888062
0 0.33625 0.31 0.015 0.02 0.0734253
0 0.38 0.289722 0.00625 0.0122222 0.0703125
0 0.484688 0.260556 0.00687497 0.01 0.0682983
3 0.204063 0.375556 0.00499999 0.0233333 0.0675659
0 0.324688 0.318333 0.0125 0.0144444 0.0661011
0 0.414063 0.308333 0.0125 0.0155556 0.0661011
3 0.190625 0.379167 0.0059375 0.0238889 0.0646362
2 0.175313 0.377222 0.008125 0.025 0.0592041
7 0.00824219 0.543333 0.00548828 0.0211111 0.0592041
0 0.494688 0.262222 0.00625 0.00944446 0.0501404
7 0.75375 0.416667 0.00499999 0.0155556 0.0460205
0 0.41375 0.283056 0.01 0.0127778 0.0337219
2 0.0184277 0.487778 0.00783203 0.0333334 0.0335999
0 0.4325 0.275556 0.00750001 0.00999999 0.0303345
0 0.44625 0.263889 0.00499999 0.01 0.0283356
3 0.77625 0.351389 0.00750001 0.0311111 0.0266571
0 0.00403809 0.405833 0.00807617 0.0166667 0.0262604
3 0.499688 0.320556 0.010625 0.0266667 0.0235138
7 0.666875 0.353889 0.00374997 0.0122222 0.0219421
2 0.73375 0.310556 0.00999997 0.0166667 0.019165
0 0.181719 0.377222 0.0215625 0.0266667 0.0181885
7 0.221563 0.508056 0.00687501 0.0261111 0.0172424
0 0.448125 0.267222 0.00625 0.00888889 0.0142822
7 0.609375 0.307778 0.003125 0.0122222 0.0142822
0 0.0458203 0.427778 0.0264063 0.0216667 0.0137939
7 0.148594 0.413333 0.00406249 0.0122222 0.0119629
7 0.595313 0.311944 0.00375004 0.0122222 0.0112915
7 0.6525 0.324444 0.00500005 0.02 0.0107803
0 0.297813 0.338889 0.016875 0.0222222 0.0106125
0 0.47625 0.261111 0.00499999 0.00888889 0.0101318
2 0.535313 0.277778 0.00437498 0.00888889 0.00948334
0 0.404375 0.281944 0.00625 0.0111111 0.00933838
0 0.0134375 0.4725 0.0189844 0.0327778 0.00878143
7 0.685 0.314167 0.00250003 0.0122222 0.0086441
7 0.7775 0.348889 0.00500005 0.025 0.00857544
3 0.192188 0.378889 0.008125 0.025 0.00844574
0 0.489375 0.269444 0.00374997 0.00888889 0.00844574
1 0.35875 0.281736 0.06875 0.0765278 0.00841522
0 0.0426563 0.421111 0.0273438 0.0244445 0.00831604
7 0.67 0.342778 0.00374997 0.0144444 0.00784302
3 0.20875 0.368333 0.00750001 0.0177778 0.00740433
2 0.165313 0.380833 0.005 0.025 0.00677109
7 0.65125 0.333333 0.00499999 0.0172222 0.00664139
0 0.0546875 0.448333 0.0228125 0.0344445 0.00653839
1 0.345313 0.300556 0.0125 0.0266667 0.00651169
0 0.42375 0.293333 0.00875003 0.0144444 0.0064621
2 0.695 0.333889 0.00999997 0.0288889 0.00544739
0 0.0118262 0.403611 0.0107617 0.0161111 0.00540543
0 0.208438 0.327778 0.035625 0.0361111 0.00530243
7 0.6725 0.467222 0.00625 0.0288889 0.00524139
7 0.478125 0.613333 0.07 0.137778 0.00508118
3 0.77625 0.357222 0.00750001 0.0338889 0.00503922
7 0.585 0.596111 0.08125 0.135556 0.00486755
3 0.545313 0.278611 0.00437501 0.0105555 0.00479126
7 0.6725 0.477778 0.00750001 0.03 0.00479126
2 0.0512891 0.47 0.0142188 0.0311111 0.00462723
7 0.566563 0.317222 0.00500005 0.0116667 0.00450516
2 0.21125 0.365556 0.01875 0.02 0.00432968
7 0.636875 0.318056 0.00500005 0.0116667 0.0042305
1 0.346875 0.294444 0.03125 0.0422222 0.00403976
5 0.0128906 0.441111 0.0254688 0.0455556 0.00362206
0 0.353438 0.288889 0.009375 0.0255556 0.00356483
2 0.6675 0.307778 0.00874996 0.0266667 0.00337601
7 0.145313 0.386667 0.00296874 0.01 0.00332451
2 0.655 0.306667 0.00750001 0.0244445 0.00331116
7 0.275313 0.351111 0.00499999 0.0122222 0.00329781
0 0.326172 0.337222 0.0164063 0.0255555 0.00304031
2 0.187031 0.377222 0.018125 0.0266667 0.00302696
7 0.128594 0.414167 0.00406249 0.0127778 0.00298119
0 0.52625 0.275 0.00562499 0.01 0.00292397
0 0.0116797 0.438889 0.0233594 0.0444444 0.00291252
2 0.670625 0.314444 0.0125 0.0177778 0.00259018
5 0.215938 0.345556 0.030625 0.0511111 0.00257111
0 0.215781 0.333889 0.0325 0.0444444 0.00254059
2 0.7075 0.308889 0.00499999 0.0144444 0.00247192
0 0.217656 0.416667 0.050625 0.0327778 0.00247192
2 0.7725 0.346667 0.00999997 0.0277778 0.00242424
7 0.845 0.347778 0.00375004 0.0111111 0.00223351
7 0.115781 0.422778 0.00328125 0.01 0.00214958
0 0.515 0.261667 0.00375001 0.00666668 0.00214005
0 0.264688 0.335278 0.015625 0.0361111 0.00209045
7 0.9275 0.453056 0.00499999 0.0183333 0.0019722
3 0.164063 0.375556 0.0046875 0.0266667 0.00195694
7 0.266875 0.363889 0.00687499 0.0133333 0.00195694
3 0.54875 0.270556 0.00625 0.0144444 0.00193405
3 0.68625 0.294444 0.00499999 0.0155556 0.00188255
5 0.21125 0.349444 0.0203125 0.0355555 0.00188255
0 0.260469 0.342222 0.023125 0.0366667 0.00188255
7 0.135156 0.387778 0.003125 0.0111111 0.00188255
7 0.723125 0.447222 0.00499999 0.0211111 0.00188255
7 0.0480078 0.479722 0.00867188 0.0294444 0.00187492
1 0.349375 0.276111 0.0925 0.0833333 0.00181007
0 0.0370898 0.388889 0.0118359 0.0211111 0.00179577
2 0.115781 0.382222 0.00437501 0.0155555 0.00168705
7 0.355313 0.651111 0.0825 0.133333 0.00168705
0 0.209688 0.416667 0.03625 0.0311111 0.00162315
7 0.146016 0.408333 0.00406249 0.0138889 0.00160408
3 0.86625 0.312778 0.00500005 0.0177778 0.00158501
2 0.115391 0.373056 0.005625 0.0177778 0.00138855
7 0.82625 0.478889 0.00750001 0.0344445 0.00135612
0 0.47 0.268889 0.00499999 0.00944443 0.00130463
7 0.605 0.300556 0.003125 0.0133333 0.00126934
2 0.735 0.305 0.00750001 0.0222222 0.00123501
1 0.344375 0.291111 0.01375 0.0311111 0.0012064
7 0.615 0.330556 0.00374997 0.0111111 0.0012064
0 0.83125 0.32 0.02875 0.0177778 0.00119209
2 0.73125 0.312778 0.02125 0.0177778 0.00116539
2 0.00639649 0.488333 0.0101758 0.0344444 0.00116062
0 0.815625 0.330556 0.0312501 0.02 0.00115108
3 0.59625 0.301389 0.00437495 0.0155556 0.00113392
0 0.23 0.33 0.058125 0.04 0.00110722
2 0.155 0.371389 0.0059375 0.0194444 0.00110722
2 0.71375 0.31 0.00499999 0.015 0.0011034
0 0.529375 0.27 0.00499999 0.00888889 0.00101662
