0 0.61 0.702222 0.11125 0.182222 0.941406
0 0.570625 0.553333 0.06625 0.11 0.933594
0 0.47875 0.572361 0.06625 0.1175 0.923828
0 0.420625 0.477778 0.04875 0.0822222 0.904785
0 0.0536719 0.443889 0.0326563 0.0311111 0.891602
0 0.435 0.349444 0.04125 0.0316667 0.874023
0 0.464063 0.292222 0.009375 0.0133333 0.863281
0 0.621875 0.308333 0.034375 0.0233333 0.848145
7 0.235625 0.505556 0.00687501 0.0244444 0.838867
1 0.77375 0.316667 0.1125 0.0588889 0.835938
5 0.390313 0.309167 0.02125 0.0394445 0.835449
0 0.506563 0.291667 0.011875 0.0166667 0.796875
0 0.535625 0.300556 0.0225 0.0188889 0.795898
3 0.0657422 0.522222 0.0144531 0.05 0.792969
0 0.0125781 0.466944 0.025 0.0344445 0.791992
7 0.666875 0.462778 0.00625 0.0227778 0.782715
0 0.304063 0.340556 0.02125 0.0211111 0.774414
7 0.222188 0.518889 0.0075 0.0255555 0.746094
0 0.39125 0.348889 0.0425 0.0355556 0.73877
7 0.0245508 0.5275 0.00585938 0.0183333 0.73584
2 0.0192676 0.502222 0.0187305 0.0355556 0.723145
7 0.72375 0.401111 0.00499999 0.0188889 0.694336
0 0.0165039 0.445 0.0283203 0.03 0.684082
0 0.363125 0.3275 0.016875 0.0266667 0.67041
0 0.327813 0.333889 0.014375 0.0227778 0.668945
7 0.75 0.413056 0.00499999 0.0172222 0.666992
2 0.489375 0.323889 0.01375 0.0222222 0.662109
0 0.705 0.327778 0.035 0.0255556 0.654785
0 0.343125 0.327778 0.01625 0.0216667 0.649414
7 0.72875 0.44 0.00499999 0.0188889 0.622559
7 0.678125 0.48 0.00750001 0.0244445 0.586914
0 0.434375 0.273611 0.00687501 0.01 0.581543
0 0.375625 0.318889 0.01375 0.0216667 0.558105
2 0.0332227 0.472778 0.0209766 0.0344444 0.529297
7 0.73875 0.425 0.00499999 0.0211111 0.50293
2 0.26625 0.363889 0.014375 0.0277778 0.478516
5 0.376875 0.3025 0.01625 0.0294444 0.46875
0 0.41 0.306111 0.01375 0.0177778 0.46875
0 0.406875 0.299167 0.01125 0.0183333 0.443604
0 0.361875 0.311667 0.01125 0.0161111 0.437744
2 0.0306641 0.475 0.0214844 0.0355555 0.433105
7 0.126563 0.420278 0.0040625 0.0105555 0.42627
5 0.48125 0.280556 0.0125 0.0294445 0.401611
0 0.413125 0.313333 0.01125 0.0188889 0.375732
7 0.68375 0.352778 0.00374997 0.0133333 0.366699
0 0.00353516 0.446389 0.00698242 0.0311111 0.354004
0 0.3525 0.318333 0.01125 0.0166667 0.346924
7 0.746875 0.400278 0.00499999 0.0172222 0.336426
0 0.402813 0.326944 0.02 0.0227778 0.32251
0 0.70125 0.315556 0.0225 0.0211111 0.275146
0 0.414375 0.293889 0.00875003 0.0133333 0.273682
5 0.481875 0.291111 0.011875 0.0166667 0.271973
2 0.264688 0.356944 0.0125 0.0222223 0.267334
7 0.145938 0.418333 0.00437501 0.0122222 0.252441
7 0.7375 0.427222 0.00499999 0.0211111 0.23938
0 0.418125 0.286111 0.00874999 0.0144444 0.228882
5 0.399375 0.3175 0.023125 0.0372222 0.221313
0 0.408125 0.307222 0.0125 0.02 0.217285
0 0.363125 0.299444 0.00750001 0.0133333 0.216064
5 0.44625 0.264444 0.00750001 0.0122222 0.215332
0 0.341875 0.321111 0.013125 0.0177778 0.19812
0 0.484375 0.256944 0.00749998 0.0138889 0.182373
2 0.7 0.311944 0.0175 0.0188889 0.178345
0 0.414375 0.323889 0.01375 0.0211111 0.177856
0 0.49 0.27 0.00499999 0.0111111 0.169922
2 0.0383203 0.471944 0.0149219 0.035 0.165039
7 0.00989746 0.544306 0.0065332 0.0202778 0.15918
7 0.755 0.416667 0.00499999 0.0177778 0.153076
0 0.740625 0.330556 0.04375 0.0327778 0.126343
0 0.465 0.278333 0.00625 0.0111111 0.125977
0 0.3525 0.325 0.01375 0.0216667 0.125122
3 0.523125 0.325556 0.01 0.0344445 0.101562
0 0.447188 0.265556 0.00750001 0.0105555 0.100159
3 0.0648828 0.403333 0.00476563 0.02 0.0950317
7 0.0500391 0.48 0.005 0.0166667 0.0927124
2 0.696875 0.311111 0.0175 0.0238889 0.0775146
0 0.0152344 0.440556 0.0273047 0.03 0.0754395
2 0.262813 0.356389 0.00937502 0.0255556 0.0731812
7 0.635938 0.329444 0.00437501 0.0111111 0.0700684
0 0.42125 0.315 0.01 0.0144444 0.0680542
0 0.74375 0.335556 0.0475 0.0244444 0.0675659
0 0.72 0.312222 0.0475 0.0244445 0.0670776
0 0.43375 0.2725 0.01 0.0105555 0.0658569
7 0.744375 0.420556 0.00499999 0.0166667 0.0653687
0 0.5275 0.277222 0.00750001 0.0116667 0.0634766
2 0.55 0.325833 0.0125 0.025 0.0614319
0 0.461875 0.29 0.01 0.0155555 0.0588989
0 0.428125 0.351389 0.03 0.0316666 0.0580139
0 0.385625 0.348611 0.035 0.0322222 0.0552979
0 0.494688 0.262222 0.00625 0.00999999 0.0514526
7 0.128594 0.416111 0.00375001 0.0133333 0.0483093
2 0.522813 0.316667 0.009375 0.0277778 0.0469055
0 0.73125 0.3125 0.04 0.0305556 0.042572
0 0.424688 0.278889 0.00687501 0.00944446 0.0423889
0 0.343125 0.330556 0.01875 0.0233333 0.0413208
0 0.73375 0.301944 0.03125 0.0177778 0.0408325
7 0.7275 0.443333 0.00625 0.0222222 0.0405273
0 0.327813 0.3375 0.015625 0.0255556 0.0391846
7 0.7225 0.449722 0.00750001 0.0211111 0.0384521
3 0.0628516 0.517778 0.0103906 0.0477778 0.0375366
0 0.496875 0.274444 0.00749998 0.0133333 0.0362244
0 0.733125 0.328333 0.03875 0.0322222 0.0346069
7 0.0649219 0.47 0.00484375 0.0166667 0.0339661
7 0.65375 0.328333 0.00374997 0.00999999 0.0332031
0 0.413125 0.281389 0.00749998 0.0105555 0.0330811
2 0.0361328 0.475 0.0199219 0.0377778 0.0316162
2 0.0633984 0.423333 0.00609375 0.0166667 0.03125
0 0.353125 0.309444 0.01125 0.0155555 0.0303345
0 0.7025 0.314167 0.0275 0.025 0.0301056
7 0.675 0.332222 0.00375004 0.0133333 0.0296478
7 0.0548828 0.473056 0.00601562 0.0194444 0.0266571
2 0.54875 0.320278 0.01625 0.0244444 0.0257568
7 0.734375 0.431667 0.00499999 0.0188889 0.025177
2 0.190625 0.370556 0.0065625 0.02 0.0245209
0 0.80125 0.333056 0.03375 0.0238889 0.0238647
5 0.48125 0.290556 0.01375 0.0216667 0.0237732
2 0.695 0.306111 0.00750001 0.0244444 0.0231476
0 0.74 0.299167 0.0375 0.0194444 0.0225372
1 0.47625 0.263056 0.00625 0.0122222 0.0222931
2 0.551563 0.329444 0.01 0.0288889 0.0197906
0 0.7375 0.321111 0.045 0.0483333 0.0183411
7 0.565313 0.315278 0.00374997 0.01 0.0173035
0 0.402813 0.282222 0.00812499 0.0111111 0.0167236
7 0.0133984 0.540556 0.00535156 0.0166667 0.0158386
2 0.26625 0.371111 0.01375 0.0316667 0.0152512
0 0.179375 0.371111 0.025 0.0244445 0.0136871
0 0.711875 0.326944 0.04 0.0277778 0.0116882
0 0.514375 0.261944 0.00499999 0.00944443 0.011467
0 0.174063 0.370278 0.035 0.0261111 0.0108185
7 0.0242969 0.535 0.0059375 0.0244444 0.0108185
0 0.470625 0.27 0.00625 0.0111111 0.0107346
0 0.535938 0.292222 0.015 0.0166667 0.0104523
7 0.0161719 0.53 0.00535156 0.0222222 0.0100937
7 0.148594 0.413333 0.00421875 0.0133333 0.00933838
7 0.145781 0.407778 0.00374999 0.0144444 0.00841522
0 0.50125 0.285556 0.01 0.0138889 0.00818634
7 0.67 0.338056 0.00374997 0.0138889 0.00787354
7 0.67625 0.317778 0.00374997 0.0138889 0.00748825
7 0.135469 0.419444 0.0034375 0.0105555 0.00740433
0 0.535938 0.305556 0.025 0.0222222 0.00728989
2 0.267969 0.356667 0.0184375 0.0244445 0.00714874
0 0.42375 0.299167 0.009375 0.02 0.00703812
3 0.522813 0.335833 0.009375 0.0361111 0.00674438
0 0.377813 0.292222 0.010625 0.0177778 0.00658798
7 0.225 0.370278 0.00374999 0.0116667 0.00564194
3 0.0296094 0.411111 0.00554688 0.0155556 0.00551224
0 0.7425 0.296111 0.0375 0.0188889 0.00542831
0 0.8675 0.34 0.0225 0.0166667 0.00534439
7 0.70875 0.4025 0.00500005 0.0238889 0.00524139
0 0.4875 0.312222 0.01625 0.0255555 0.00460815
7 0.685 0.359167 0.00374997 0.0183333 0.00439835
0 0.75125 0.337778 0.04 0.0255556 0.00432968
2 0.10625 0.386111 0.0065625 0.0183333 0.00426483
0 0.0030249 0.428889 0.00604981 0.0244444 0.00413513
2 0.0345703 0.509444 0.0160938 0.03 0.00390053
2 0.262813 0.363333 0.01875 0.0277778 0.00382423
7 0.154844 0.403889 0.0034375 0.00999999 0.00382423
0 0.302813 0.346667 0.024375 0.0322222 0.0036068
2 0.115313 0.3825 0.0046875 0.0155556 0.00346947
7 0.65 0.335 0.00375004 0.0144444 0.00345612
3 0.0667188 0.527778 0.015625 0.0644445 0.00317192
2 0.0244727 0.405833 0.00652344 0.0188889 0.0029583
7 0.65375 0.319444 0.00374997 0.0138889 0.00294685
2 0.42125 0.331667 0.01125 0.0155555 0.00286674
2 0.0160547 0.405556 0.00671875 0.0172222 0.00274658
7 0.67 0.473333 0.00750001 0.025 0.00263214
7 0.645625 0.331667 0.00375004 0.00888887 0.00261116
2 0.6925 0.320556 0.0175 0.0211111 0.00258064
1 0.7625 0.3 0.085 0.0277778 0.00257111
2 0.296563 0.358889 0.0125 0.0311111 0.00234222
0 0.80375 0.335 0.0475 0.0233333 0.00230598
7 0.645625 0.347778 0.00375004 0.00888889 0.00198746
3 0.192813 0.493889 0.00874999 0.0888889 0.0019722
7 0.0953125 0.423333 0.00375 0.0122222 0.00194168
0 0.262188 0.356111 0.0175 0.0222222 0.00186729
7 0.221719 0.507778 0.009375 0.03 0.00186062
7 0.675 0.353333 0.00249996 0.0133333 0.00182438
3 0.065625 0.513056 0.00906251 0.0494445 0.00175476
7 0.844375 0.347222 0.00500005 0.0116667 0.0017271
7 0.134531 0.433333 0.00703126 0.0155556 0.00157356
0 0.54125 0.323056 0.029375 0.0266667 0.00156116
0 0.42625 0.308056 0.02125 0.0355556 0.00154877
7 0.7075 0.403056 0.00625 0.0177778 0.00150108
3 0.194063 0.488333 0.0146875 0.106667 0.00150108
7 0.595625 0.315278 0.00499999 0.0116667 0.00148392
7 0.645 0.316667 0.00499999 0.0122222 0.00146675
0 0.519688 0.313333 0.0125 0.0222222 0.00142097
7 0.605625 0.33 0.00374997 0.0127778 0.00140476
7 0.203125 0.369167 0.00625002 0.0155555 0.00137806
0 0.503438 0.259444 0.00687497 0.00999999 0.00136185
0 0.484375 0.244444 0.00500002 0.00888889 0.00135612
0 0.175938 0.375 0.0346875 0.03 0.00122547
7 0.574375 0.318333 0.00500005 0.0133333 0.00118828
0 0.76125 0.320278 0.085 0.0505556 0.00118828
3 0.16375 0.376667 0.00625 0.0266667 0.00118828
0 0.0329688 0.444444 0.0360156 0.03 0.00112438
7 0.202344 0.402222 0.008125 0.0188889 0.00112057
0 0.34375 0.337222 0.01375 0.0266667 0.00110722
0 0.296406 0.341944 0.0171875 0.0261111 0.00110722
2 0.253594 0.327778 0.00718749 0.0183333 0.00109005
7 0.0749609 0.471667 0.00382813 0.0133334 0.00104046
0 0.0150586 0.433889 0.0217969 0.0344444 0.00103188
3 0.87625 0.315556 0.00499999 0.0166667 0.00102425
7 0.12625 0.434444 0.0059375 0.0144444 0.00101662
