0 0.6175 0.746111 0.11125 0.193333 0.958984
0 0.5825 0.585 0.074375 0.112222 0.952148
0 0.290938 0.595556 0.078125 0.102222 0.950195
0 0.740625 0.736667 0.12875 0.184444 0.950195
0 0.661875 0.557778 0.0775 0.101111 0.946777
1 0.167344 0.791667 0.223438 0.404444 0.945801
0 0.9025 0.946111 0.1675 0.107778 0.942383
0 0.383125 0.586667 0.07375 0.111111 0.941895
0 0.321328 0.774444 0.114844 0.203333 0.929199
0 0.691875 0.965556 0.145 0.0688889 0.924316
5 0.455625 0.78 0.18 0.44 0.918457
5 0.023125 0.431111 0.0414844 0.0611111 0.901855
0 0.0737891 0.436111 0.0339844 0.0316666 0.878906
0 0.463125 0.292222 0.01125 0.0155555 0.867188
2 0.65875 0.438889 0.0300001 0.0555556 0.849609
5 0.406875 0.309444 0.02 0.0416667 0.847168
0 0.147656 0.396111 0.033125 0.0255555 0.847168
2 0.040459 0.519444 0.0200195 0.0433333 0.844727
2 0.729375 0.445556 0.02625 0.0522222 0.84082
0 0.501875 0.291389 0.01125 0.015 0.839844
0 0.229063 0.578889 0.079375 0.08 0.833496
0 0.72125 0.325 0.0325 0.0244444 0.820801
0 0.305313 0.338889 0.018125 0.0211111 0.818848
0 0.250938 0.352778 0.02875 0.0222223 0.818848
0 0.48125 0.577778 0.070625 0.0833333 0.810547
2 0.453438 0.366111 0.02125 0.0355555 0.806641
0 0.325312 0.332778 0.015 0.0233333 0.804199
7 0.234375 0.502778 0.00687499 0.0222222 0.785156
0 0.69875 0.328889 0.04 0.0266667 0.756348
2 0.44375 0.324167 0.015 0.0233333 0.747559
0 0.363438 0.328889 0.016875 0.0233333 0.741699
0 0.135781 0.393056 0.0290625 0.0277778 0.741699
0 0.517188 0.297778 0.015625 0.0161111 0.740234
0 0.68375 0.315 0.0325 0.02 0.740234
0 0.785625 0.324444 0.03375 0.0244444 0.737305
0 0.799375 0.331111 0.0325 0.0238889 0.737305
2 0.608438 0.316667 0.009375 0.0244444 0.728027
7 0.925625 0.457778 0.00374997 0.0166667 0.695801
7 0.221563 0.517778 0.0078125 0.0244445 0.680664
0 0.38375 0.311111 0.01 0.0144444 0.658203
7 0.6675 0.465556 0.00750001 0.0211111 0.654785
7 0.6775 0.479444 0.00749995 0.0244444 0.649414
7 0.0234375 0.529444 0.00507813 0.0177778 0.645996
0 0.375 0.320278 0.0125 0.0194444 0.598145
0 0.502188 0.259444 0.00687501 0.00999999 0.556641
2 0.733125 0.392778 0.01 0.0383333 0.515625
0 0.0463184 0.422222 0.017832 0.0222222 0.509766
2 0.855 0.315556 0.00750001 0.0166667 0.44751
0 0.36125 0.312778 0.01125 0.0155555 0.44165
7 0.92375 0.466389 0.00499999 0.0161111 0.413086
2 0.561875 0.315833 0.00875003 0.0205556 0.395996
0 0.3525 0.311111 0.01 0.0133333 0.379395
0 0.4775 0.285 0.00874999 0.0177778 0.377441
0 0.393438 0.305278 0.010625 0.0166667 0.363037
7 0.63375 0.329444 0.003125 0.0111111 0.336426
7 0.75 0.414722 0.00499999 0.0155555 0.332031
7 0.0638281 0.473333 0.00453125 0.0138889 0.320801
2 0.7325 0.392222 0.015 0.0422222 0.320801
0 0.336875 0.321667 0.011875 0.0222222 0.319092
0 0.385625 0.299444 0.00750001 0.0122222 0.284668
0 0.353125 0.308056 0.00874999 0.0127778 0.284668
7 0.125625 0.419444 0.0034375 0.01 0.282959
5 0.344375 0.3275 0.01875 0.0288889 0.279785
0 0.342188 0.326111 0.018125 0.0288889 0.23938
7 0.74625 0.403611 0.00374997 0.0172222 0.237915
0 0.394688 0.301389 0.009375 0.0194444 0.228149
0 0.484063 0.265 0.00687501 0.0133334 0.213989
0 0.46375 0.278611 0.00812499 0.0127778 0.170532
7 0.745 0.420278 0.00499999 0.0155555 0.15564
0 0.461563 0.289444 0.009375 0.0133333 0.152588
7 0.653125 0.327778 0.00375004 0.0127778 0.149048
0 0.50125 0.288333 0.00812499 0.0138889 0.146118
7 0.0466016 0.476111 0.00398438 0.0122223 0.137573
0 0.4525 0.364444 0.021875 0.0355555 0.125488
0 0.4275 0.276111 0.00874999 0.00944446 0.11554
7 0.72625 0.401389 0.00499999 0.0216667 0.107056
0 0.374063 0.306389 0.010625 0.0133333 0.106689
0 0.47625 0.261667 0.00625 0.0111111 0.104492
7 0.0489453 0.4775 0.00398438 0.0138889 0.101929
7 0.00796875 0.543889 0.00560547 0.02 0.0984497
2 0.560313 0.315 0.0125 0.0233333 0.0980835
0 0.69875 0.324167 0.0375 0.0266667 0.0970459
0 0.416875 0.279722 0.00874999 0.0116667 0.0753174
0 0.494688 0.263333 0.00687501 0.0111111 0.0726318
0 0.44875 0.266944 0.00499999 0.00999999 0.0723877
2 0.730625 0.393889 0.015 0.0355555 0.0680542
0 0.45375 0.262222 0.00500002 0.00833333 0.0651245
0 0.00849609 0.425278 0.0158789 0.0444444 0.0639648
0 0.477188 0.287778 0.009375 0.0188889 0.0598755
0 0.0717188 0.433333 0.0278125 0.03 0.0538025
0 0.4175 0.284167 0.00875003 0.0127778 0.0471497
0 0.435 0.275 0.00625 0.00888889 0.0438538
7 0.67 0.474167 0.00750001 0.0255556 0.0372009
0 0.3775 0.301667 0.00874999 0.0155555 0.036499
7 0.205156 0.383889 0.0034375 0.00944443 0.0325928
0 0.428438 0.2725 0.00625 0.00999999 0.0321045
7 0.274844 0.351667 0.00406249 0.0116667 0.0316162
7 0.735 0.431389 0.00999997 0.0305556 0.0310211
0 0.4925 0.269722 0.00750001 0.0111111 0.0293121
7 0.235938 0.363889 0.0034375 0.01 0.0278015
0 0.0224561 0.449444 0.0391504 0.0288889 0.0261536
0 0.010564 0.431667 0.0195752 0.0522222 0.0241394
0 0.6875 0.324444 0.03125 0.0233333 0.0240479
3 0.81 0.303333 0.00625 0.0211111 0.0195007
7 0.68375 0.348333 0.00625 0.0177778 0.0184784
7 0.221563 0.508333 0.00687501 0.0255556 0.0154266
7 0.675 0.351667 0.00249996 0.0111111 0.0146179
0 0.326563 0.318333 0.01125 0.0144444 0.0141144
0 0.00896484 0.440833 0.0143555 0.0427778 0.0138474
2 0.7325 0.386944 0.00999997 0.0438889 0.0136871
7 0.66625 0.353889 0.00499999 0.0122222 0.0133743
0 0.470625 0.268056 0.00562503 0.00888889 0.0133743
0 0.378438 0.289444 0.00750001 0.0122222 0.0131226
2 0.0475684 0.42 0.0161133 0.0211111 0.0122375
7 0.67125 0.336111 0.00749995 0.0177778 0.00963593
0 0.0348047 0.429722 0.0224219 0.0333333 0.00955963
0 0.152109 0.391667 0.0273438 0.0222222 0.00923157
7 0.220625 0.359444 0.004375 0.0122222 0.00905609
0 0.42125 0.308333 0.01125 0.0211111 0.00898743
0 0.425 0.616111 0.055625 0.11 0.0077858
0 0.79875 0.335556 0.0375 0.0288889 0.00775528
7 0.630625 0.335 0.00374997 0.0133333 0.00754929
7 0.635625 0.318333 0.00374997 0.0122222 0.00720596
0 0.78 0.321111 0.0325 0.0222222 0.00706482
0 0.69625 0.336111 0.0325 0.0333333 0.00651169
3 0.189688 0.372222 0.00406249 0.02 0.00643921
7 0.285625 0.347778 0.00437501 0.0133333 0.00629044
7 0.140234 0.400833 0.0303125 0.0244444 0.00498199
0 0.42125 0.297222 0.01 0.0188889 0.00482941
0 0.78625 0.329444 0.04 0.0255556 0.00450516
7 0.75375 0.418056 0.00499999 0.0166667 0.00432968
0 0.135781 0.388333 0.03 0.0277778 0.00413513
3 0.163125 0.373889 0.00562499 0.0211111 0.00403976
0 0.4425 0.6 0.0225 0.08 0.0039444
7 0.144844 0.415 0.0078125 0.0144444 0.00391388
7 0.0754297 0.737778 0.00671876 0.0211111 0.00379562
2 0.72625 0.385556 0.00750001 0.0433333 0.00342941
0 0.00895508 0.416111 0.0167578 0.035 0.00341606
7 0.225313 0.367222 0.003125 0.00888889 0.00340271
0 0.0204883 0.415 0.0305859 0.0344445 0.00340271
0 0.41625 0.618889 0.05625 0.104444 0.00337601
7 0.229375 0.3725 0.0046875 0.0127778 0.00335121
0 0.785 0.318611 0.04 0.0322222 0.00311089
7 0.9275 0.453333 0.00499999 0.0177778 0.00305176
0 0.0187695 0.420556 0.0305078 0.0433333 0.00293541
2 0.8125 0.300556 0.00874996 0.0188889 0.00286674
0 0.405625 0.280556 0.00750001 0.0111111 0.00284576
2 0.176719 0.367778 0.005 0.0155555 0.00279999
7 0.7325 0.433889 0.0175 0.0355555 0.0027256
7 0.594688 0.315 0.00437495 0.0144444 0.00259018
0 0.44625 0.273611 0.00625 0.0111111 0.00247192
2 0.721875 0.391111 0.0275 0.0377778 0.002388
6 0.86 0.315556 0.0175001 0.0177778 0.00235939
3 0.105469 0.387222 0.00593751 0.0194444 0.00226021
0 0.0258008 0.418333 0.0285547 0.0377778 0.00225258
7 0.115156 0.436667 0.00421875 0.0122222 0.00223351
0 0.411875 0.271667 0.00874999 0.0122222 0.00223351
0 0.431875 0.608889 0.04625 0.0955556 0.00221634
0 0.465625 0.264167 0.00375001 0.00999999 0.00219917
3 0.77625 0.347222 0.00750001 0.03 0.00210762
2 0.569375 0.306667 0.00875003 0.0177778 0.00204277
0 0.345 0.283889 0.00750001 0.02 0.00200272
0 0.364688 0.280833 0.00499999 0.0127778 0.00199509
7 0.194531 0.384444 0.0034375 0.0133333 0.00198746
0 0.325625 0.337778 0.01625 0.0244444 0.00192642
0 0.445938 0.263333 0.00437498 0.00888889 0.00189686
2 0.865 0.299167 0.00625 0.015 0.00188255
2 0.0369531 0.521111 0.0303906 0.0366667 0.00185299
0 0.4575 0.575556 0.0225 0.0711111 0.00181007
2 0.185625 0.382778 0.00999999 0.0255556 0.00176144
0 0.72125 0.328889 0.035 0.0277778 0.00168133
2 0.534063 0.276667 0.00562499 0.00888889 0.00161076
2 0.117422 0.385556 0.00828125 0.0188889 0.00157356
0 0.0377344 0.413056 0.0279688 0.0294445 0.00157356
0 0.975 0.335556 0.02 0.0177778 0.00155449
0 0.4675 0.563333 0.041875 0.0555556 0.00155449
0 0.00641602 0.382222 0.0104688 0.0183333 0.00154305
2 0.185781 0.368333 0.00968749 0.0188889 0.0014782
7 0.645 0.318889 0.00374997 0.0122222 0.00142097
2 0.570625 0.317222 0.01 0.0155555 0.00139904
2 0.811875 0.319167 0.01125 0.0205556 0.00138283
0 0.985 0.335556 0.0175001 0.0177778 0.00133514
0 0.49625 0.626667 0.07125 0.133333 0.00130939
3 0.154688 0.373056 0.0078125 0.0227778 0.00125504
7 0.673125 0.462222 0.00499999 0.0255555 0.00125504
2 0.856875 0.303333 0.00749995 0.0211111 0.00124454
3 0.563125 0.320278 0.00999997 0.0244444 0.00124454
3 0.59125 0.306111 0.00625 0.0166667 0.00123024
3 0.715625 0.296667 0.00499999 0.0133333 0.00117874
3 0.292188 0.339444 0.00749998 0.02 0.00115108
7 0.0240625 0.535 0.0053125 0.0211111 0.00109482
2 0.446563 0.332778 0.01625 0.0266667 0.00109005
0 0.673125 0.984444 0.09375 0.0311111 0.00106049
0 0.709375 0.313333 0.02875 0.0255556 0.00100803
