0 0.310469 0.554444 0.0746875 0.103333 0.956543
0 0.4925 0.560556 0.0675 0.12 0.944336
0 0.294531 0.494444 0.0596875 0.0744444 0.925781
0 0.0680469 0.946944 0.135938 0.106111 0.917969
0 0.116875 0.503889 0.0546875 0.0722222 0.90918
0 0.2175 0.450556 0.0446875 0.0577778 0.903809
5 0.387812 0.310833 0.02125 0.0438889 0.867188
0 0.0423828 0.448333 0.0379688 0.0355555 0.862305
0 0.0964063 0.497778 0.0464063 0.06 0.855957
0 0.134063 0.451667 0.04375 0.0472222 0.848145
0 0.7375 0.336111 0.045 0.0266667 0.842773
0 0.450938 0.323611 0.016875 0.0255556 0.841797
2 0.679375 0.435 0.025 0.0533333 0.838379
0 0.314375 0.365 0.02625 0.0305556 0.834473
7 0.6775 0.481389 0.00749995 0.0227778 0.809082
0 0.328125 0.317222 0.01375 0.0177778 0.773438
0 0.46125 0.295556 0.011875 0.0166667 0.763672
0 0.8525 0.332222 0.03 0.0244444 0.746094
7 0.233906 0.502778 0.00718751 0.0211111 0.737305
0 0.790625 0.332778 0.03875 0.0227778 0.725098
0 0.505313 0.281667 0.009375 0.0133334 0.723145
0 0.00538086 0.453333 0.0107617 0.0311111 0.72168
0 0.231719 0.396667 0.0340625 0.0383333 0.705566
7 0.665625 0.466111 0.00625 0.0205555 0.692871
0 0.232969 0.409444 0.03625 0.0355555 0.673828
2 0.58875 0.312778 0.01125 0.0211111 0.647949
0 0.00699219 0.402778 0.0139258 0.0244444 0.644043
7 0.92375 0.456111 0.00499999 0.0155556 0.59082
7 0.74625 0.399722 0.00250003 0.0138889 0.57959
7 0.0228516 0.528333 0.005 0.0155555 0.575684
7 0.728125 0.439167 0.00499999 0.0188889 0.563965
0 0.480625 0.302778 0.0125 0.02 0.535156
5 0.406875 0.318333 0.01625 0.0255556 0.466797
2 0.11625 0.417222 0.00875 0.0311111 0.466797
5 0.304688 0.350556 0.025 0.04 0.451416
7 0.74875 0.415 0.00499999 0.0166667 0.440674
0 0.304531 0.35 0.025625 0.0377778 0.416748
0 0.413125 0.299444 0.01125 0.0177778 0.38501
7 0.7225 0.401111 0.00499999 0.0172222 0.377441
0 0.495 0.289444 0.01 0.0133333 0.373779
0 0.403125 0.296944 0.01125 0.0211111 0.359375
7 0.221875 0.5175 0.0075 0.0216667 0.357666
3 0.665625 0.312222 0.00499999 0.0211111 0.341553
0 0.494375 0.273056 0.00874999 0.0138889 0.329346
0 0.41375 0.313889 0.01125 0.0188889 0.325928
0 0.485625 0.278611 0.00687501 0.0122222 0.307373
7 0.923125 0.466667 0.00499999 0.0161111 0.294189
0 0.4625 0.279167 0.00749998 0.0105555 0.29248
7 0.68375 0.353333 0.00374997 0.0122222 0.29248
7 0.144375 0.416111 0.00453126 0.0127778 0.287842
0 0.47 0.27 0.00625 0.00999999 0.280518
0 0.460938 0.289167 0.009375 0.0138889 0.269043
7 0.74375 0.419167 0.00499999 0.0177778 0.265869
7 0.73875 0.422222 0.00499999 0.02 0.258301
0 0.478125 0.277222 0.00874999 0.0116667 0.253906
7 0.0474219 0.475556 0.005625 0.0144444 0.243652
5 0.484688 0.262778 0.00687497 0.0144444 0.212036
7 0.726875 0.440556 0.00499999 0.0188889 0.205566
0 0.434688 0.273611 0.00687497 0.01 0.188965
7 0.63375 0.328611 0.00374997 0.0116667 0.172119
0 0.412813 0.308889 0.013125 0.0222222 0.165649
7 0.0636719 0.472222 0.00421875 0.0133333 0.156616
7 0.0482031 0.477222 0.00476563 0.0155556 0.14856
2 0.119688 0.418056 0.01375 0.0322222 0.148071
0 0.79625 0.333889 0.04 0.0233333 0.126343
0 0.51625 0.262778 0.00500002 0.00888889 0.105591
0 0.51625 0.276111 0.00625 0.0111111 0.100159
0 0.496563 0.283611 0.010625 0.0155555 0.0786133
0 0.474063 0.262778 0.00562499 0.0111111 0.0766602
0 0.525 0.261944 0.00500002 0.00833333 0.0720825
7 0.635625 0.317778 0.00374997 0.0111111 0.0710449
7 0.666875 0.353611 0.00374997 0.0116667 0.0708008
7 0.21 0.369444 0.004375 0.0177778 0.0680542
0 0.4175 0.283889 0.00875003 0.0144444 0.0663452
0 0.7925 0.336667 0.0425 0.0288889 0.0603027
0 0.406563 0.279722 0.00750001 0.00888889 0.058136
0 0.526563 0.275556 0.00562499 0.00999999 0.0544128
7 0.66625 0.462778 0.00499999 0.0205556 0.0507202
0 0.3125 0.344722 0.018125 0.0355556 0.0477905
7 0.128984 0.413889 0.00421875 0.0155556 0.0467224
0 0.406875 0.318889 0.01625 0.0266667 0.0413208
7 0.220313 0.506111 0.00718751 0.0288889 0.0385437
7 0.223906 0.364444 0.004375 0.0111111 0.0372009
3 0.220938 0.360556 0.005 0.0166667 0.0372009
0 0.431875 0.271667 0.00625 0.01 0.0334778
7 0.00853027 0.543333 0.00563477 0.0211111 0.0317383
0 0.494063 0.260833 0.00625 0.00833333 0.029541
7 0.734375 0.431667 0.00625 0.0166667 0.0287628
0 0.85375 0.336944 0.0325 0.0272222 0.0255585
0 0.415 0.281667 0.01 0.0133334 0.024704
2 0.0539063 0.404444 0.00640625 0.0144444 0.0246124
7 0.565625 0.316944 0.00375004 0.0122222 0.0236053
3 0.70875 0.309444 0.00500005 0.0183333 0.0232391
7 0.20625 0.381667 0.00406251 0.0111111 0.0222015
0 0.444375 0.262778 0.00500002 0.00833333 0.0220337
0 0.534375 0.278333 0.00562499 0.00888889 0.0207977
7 0.234688 0.366944 0.003125 0.00722221 0.0198669
7 0.165 0.417778 0.00375001 0.0122222 0.0197906
3 0.189219 0.371111 0.00406249 0.02 0.019455
3 0.112344 0.415833 0.0075 0.0327778 0.0178528
0 0.425938 0.278889 0.00625 0.00999999 0.0170441
2 0.185 0.37 0.01 0.02 0.0162201
0 0.00554688 0.409444 0.0110156 0.025 0.0160217
0 0.45 0.308611 0.01125 0.0161111 0.0150757
3 0.163438 0.378333 0.005 0.0244444 0.0145569
0 0.0378125 0.433333 0.0325 0.0322222 0.0141144
0 0.5075 0.272778 0.00812499 0.0122222 0.013588
0 0.465625 0.262778 0.00437498 0.00999999 0.01297
7 0.65375 0.317778 0.00374997 0.0122222 0.0127258
0 0.858125 0.335556 0.03875 0.0233333 0.0123825
3 0.10625 0.402222 0.005 0.03 0.0118256
7 0.73625 0.427222 0.00499999 0.02 0.0113297
7 0.195313 0.382222 0.003125 0.0133334 0.0112
2 0.177188 0.368056 0.00562499 0.0166667 0.0109863
7 0.275313 0.351111 0.00375001 0.00999999 0.0109024
0 0.0375391 0.43 0.0278906 0.0244444 0.00997162
0 0.449375 0.268056 0.00625 0.01 0.00971222
3 0.163438 0.373889 0.005 0.0233333 0.00919342
2 0.6675 0.313333 0.00625 0.0222222 0.00912476
3 0.118203 0.422778 0.0125 0.0388889 0.00898743
7 0.65375 0.328056 0.00374997 0.0111111 0.0086441
7 0.265938 0.352222 0.00374999 0.0111111 0.00847626
7 0.75375 0.415 0.00499999 0.0166667 0.00834656
7 0.645 0.318333 0.00250003 0.0122222 0.00818634
7 0.265938 0.362778 0.00374999 0.0111111 0.00815582
0 0.0236914 0.401389 0.0103125 0.0194444 0.00793457
0 0.50375 0.261667 0.00500002 0.00888889 0.00784302
3 0.105313 0.389444 0.0053125 0.0211111 0.00784302
2 0.585625 0.304444 0.009375 0.0216667 0.00760651
2 0.71625 0.386667 0.01375 0.0355555 0.00751877
0 0.420313 0.311111 0.011875 0.0172222 0.00731659
0 0.535625 0.264444 0.00500002 0.0111111 0.00728989
3 0.66625 0.3075 0.00499999 0.0266667 0.00723267
7 0.669375 0.344444 0.00374997 0.0161111 0.00723267
2 0.0453125 0.403889 0.0075 0.0144444 0.00714874
7 0.285625 0.35 0.00437501 0.0144444 0.0069313
0 0.5275 0.27 0.00750001 0.00999999 0.0069046
2 0.124609 0.413611 0.00421875 0.0266667 0.00664139
0 0.0458594 0.433333 0.0320313 0.0244444 0.0064888
0 0.00642578 0.397222 0.0128516 0.0288889 0.00584412
3 0.249688 0.338333 0.0034375 0.02 0.00582123
0 0.745625 0.329722 0.04375 0.025 0.00561905
7 0.14875 0.412778 0.004375 0.0144444 0.00518036
0 0.127422 0.455278 0.0326562 0.0411111 0.00468063
7 0.144688 0.41 0.00406249 0.0166667 0.00466537
0 0.3775 0.304444 0.023125 0.0272222 0.00413513
0 0.225156 0.436111 0.0353125 0.0422222 0.0041008
0 0.129375 0.458889 0.038125 0.0583334 0.00395966
0 0.120703 0.480278 0.0342188 0.05 0.00385475
7 0.0571094 0.4725 0.00640625 0.0122222 0.00366402
0 0.328125 0.312222 0.01375 0.0183333 0.00353813
7 0.135 0.388333 0.0034375 0.0122222 0.00351143
2 0.185938 0.377778 0.008125 0.025 0.00345612
7 0.7175 0.451111 0.00750001 0.0227778 0.00340271
0 0.37625 0.299167 0.01125 0.0172222 0.00332451
2 0.0367578 0.404722 0.00726563 0.0144444 0.00328636
2 0.69375 0.334444 0.01 0.0266667 0.00322342
7 0.575625 0.318056 0.00499999 0.0133333 0.00316048
7 0.0651563 0.419444 0.004375 0.0155556 0.00316048
7 0.670625 0.473333 0.00750001 0.0288889 0.00296974
0 0.23125 0.384167 0.033125 0.0238889 0.00283432
0 0.905 0.336667 0.0275 0.0177778 0.00279999
7 0.68625 0.314444 0.00375004 0.00999999 0.00269318
0 0.00977539 0.416111 0.015918 0.02 0.00265312
0 0.96625 0.348333 0.015 0.02 0.00255013
0 0.00845215 0.398611 0.0167871 0.0311111 0.00253105
7 0.0757031 0.475833 0.00484374 0.0188889 0.00250244
7 0.7075 0.402778 0.00499999 0.0144444 0.00242424
3 0.214375 0.3675 0.003125 0.0166667 0.00232315
0 0.971875 0.368333 0.03625 0.0311111 0.00219917
7 0.245 0.367778 0.00375001 0.00888889 0.00218201
3 0.223438 0.355 0.005 0.0144444 0.00213242
0 0.409688 0.270556 0.00875003 0.0122222 0.00201035
0 0.90375 0.340278 0.0275 0.0172222 0.00198746
0 0.38125 0.312778 0.01625 0.0261111 0.0019722
2 0.179375 0.363333 0.00687499 0.0188889 0.00181007
7 0.135469 0.405556 0.003125 0.0111111 0.00176811
2 0.59125 0.306389 0.00999997 0.0233333 0.0017004
0 0.40625 0.2625 0.00562499 0.0111111 0.00165462
3 0.269375 0.340278 0.00562501 0.0161111 0.0016489
2 0.86375 0.320278 0.00874996 0.0166667 0.00163555
2 0.275625 0.331667 0.009375 0.0183333 0.00162315
0 0.112813 0.498056 0.044375 0.0622222 0.0015974
2 0.714375 0.313333 0.00499999 0.0144444 0.00157928
0 0.98375 0.335556 0.015 0.0166667 0.00156116
0 0.39625 0.28 0.00625 0.01 0.00153637
0 0.95375 0.335833 0.00999997 0.0155555 0.00152493
0 0.95125 0.340833 0.01625 0.0155555 0.0015192
7 0.645 0.33 0.00250003 0.0105555 0.0014267
0 0.454375 0.323889 0.02375 0.0233333 0.00139904
3 0.548125 0.267778 0.00625 0.0144444 0.00134087
0 0.975625 0.334722 0.0112501 0.015 0.00133514
0 0.3275 0.323333 0.01375 0.0188889 0.00130463
0 0.99625 0.314444 0.00749995 0.0216667 0.00128937
5 0.38625 0.321111 0.02375 0.0272222 0.00123501
0 0.089668 0.498333 0.0341016 0.0566667 0.00121593
5 0.546875 0.263056 0.00562496 0.0138889 0.0012064
3 0.68625 0.296111 0.00499999 0.0166667 0.00118828
7 0.695625 0.351944 0.00499999 0.0166667 0.00118828
7 0.219063 0.519167 0.0090625 0.0227778 0.00118828
2 0.0514062 0.409722 0.0117969 0.0177778 0.00118828
0 0.0242139 0.43 0.0166504 0.0188889 0.00117397
3 0.205625 0.354444 0.00375001 0.0166667 0.0011692
2 0.764375 0.319722 0.00625 0.0205556 0.00116539
2 0.206094 0.369167 0.00375001 0.0166667 0.00114727
0 0.95875 0.345556 0.0175 0.0177778 0.00112438
0 0.97125 0.353333 0.0275 0.0266667 0.00110722
0 0.460625 0.313889 0.0125 0.0177778 0.00108147
2 0.655625 0.298889 0.00500005 0.0172222 0.00106525
0 0.853125 0.325278 0.02625 0.0272222 0.00106525
3 0.0652344 0.407222 0.00453125 0.0144444 0.00105667
