0 0.288125 0.875556 0.145625 0.247778 0.959473
0 0.64875 0.868889 0.1375 0.256667 0.958984
0 0.660625 0.56 0.0825 0.107778 0.95166
0 0.7525 0.735556 0.1325 0.193333 0.950684
0 0.468125 0.952222 0.15875 0.0955555 0.943359
0 0.584375 0.619444 0.08375 0.132222 0.941406
0 0.473438 0.677778 0.078125 0.155556 0.939941
0 0.184063 0.645556 0.0984375 0.116667 0.938965
0 0.384688 0.601111 0.0775 0.124444 0.932617
5 0.89 0.847222 0.21875 0.305556 0.932617
0 0.485938 0.523056 0.05375 0.0894444 0.924316
0 0.0211084 0.465278 0.031377 0.0355555 0.850098
0 0.0600781 0.437778 0.0375 0.0344445 0.841797
0 0.7275 0.329444 0.04 0.0277778 0.816406
0 0.324922 0.335278 0.0164063 0.0211111 0.813965
7 0.235156 0.503333 0.00718751 0.0233333 0.799316
7 0.221875 0.517778 0.0075 0.0233333 0.78418
0 0.36375 0.329444 0.0175 0.0211111 0.782715
2 0.53 0.318333 0.01625 0.0255556 0.777344
0 0.345 0.330556 0.015 0.0211111 0.777344
0 0.290156 0.337222 0.0215625 0.0222222 0.770508
0 0.304844 0.338333 0.0203125 0.0211111 0.757812
2 0.2375 0.360833 0.010625 0.0227778 0.747559
0 0.4775 0.292778 0.011875 0.0144444 0.744629
0 0.800625 0.33 0.03375 0.0238889 0.740234
2 0.642344 0.313889 0.0078125 0.0211111 0.726562
0 0.78 0.324444 0.03375 0.0233333 0.723145
0 0.71 0.325 0.035 0.0255556 0.72168
7 0.666875 0.464444 0.00625 0.0227778 0.716797
7 0.92625 0.457222 0.00499999 0.015 0.702637
0 0.850625 0.329722 0.0300001 0.0233333 0.700684
0 0.0325 0.452222 0.030625 0.0288889 0.699219
7 0.0233984 0.528611 0.0046875 0.015 0.697754
0 0.384375 0.312778 0.010625 0.0188889 0.6875
7 0.72875 0.438611 0.00499999 0.0194444 0.684082
7 0.6775 0.479722 0.00749995 0.0244445 0.67041
2 0.197969 0.373889 0.0096875 0.0222222 0.665527
0 0.818125 0.318611 0.02875 0.0277778 0.647949
7 0.75 0.414722 0.00499999 0.0177778 0.644043
0 0.375 0.3175 0.015 0.0255556 0.577637
7 0.72375 0.400278 0.00499999 0.0166667 0.577637
7 0.73875 0.425556 0.00499999 0.02 0.565918
3 0.0528906 0.501111 0.00921875 0.0488889 0.557129
7 0.634063 0.328333 0.003125 0.0122222 0.513672
7 0.74625 0.399167 0.00500005 0.0155556 0.509766
3 0.0510156 0.496667 0.0065625 0.0422222 0.503906
0 0.83625 0.324444 0.0275 0.0233333 0.478516
7 0.145625 0.416111 0.0034375 0.0111111 0.457031
0 0.33625 0.332222 0.01125 0.0188889 0.453369
2 0.0632813 0.466111 0.0114063 0.0338889 0.449463
0 0.85875 0.320556 0.0175 0.0177778 0.435791
0 0.331563 0.318056 0.01 0.0144444 0.428223
7 0.126172 0.42 0.00359375 0.01 0.416748
0 0.35625 0.328056 0.015 0.0216667 0.403564
7 0.92375 0.466111 0.00499999 0.0166667 0.401611
7 0.68375 0.352778 0.00374997 0.0133333 0.392334
5 0.84125 0.31 0.0275 0.0277778 0.370117
3 0.0513672 0.500556 0.00875 0.0483333 0.352295
0 0.3675 0.313333 0.01 0.0166667 0.336426
0 0.85125 0.324167 0.03125 0.02 0.303955
0 0.315625 0.331667 0.0125 0.0183333 0.29248
0 0.479375 0.290556 0.014375 0.0161111 0.267334
0 0.485313 0.260833 0.00499999 0.0105556 0.265869
0 0.35375 0.318611 0.01125 0.0155555 0.262939
7 0.65375 0.327222 0.00374997 0.0111111 0.259766
0 0.329063 0.318333 0.011875 0.0144444 0.242188
0 0.4825 0.2825 0.00750001 0.0127778 0.229492
0 0.42625 0.28 0.00750001 0.0111111 0.154541
7 0.74375 0.422222 0.00499999 0.0166667 0.108582
0 0.82375 0.315 0.025 0.0261111 0.0994873
0 0.72125 0.328889 0.035 0.0272222 0.0987549
7 0.265938 0.363056 0.00374999 0.0111111 0.0977173
7 0.7375 0.427222 0.00499999 0.02 0.0943604
0 0.385625 0.300556 0.00875003 0.0155555 0.0853882
0 0.0166699 0.463889 0.0286523 0.0305555 0.0827026
0 0.810625 0.321944 0.03125 0.0216667 0.0766602
0 0.0246924 0.453056 0.0318652 0.0355556 0.0766602
0 0.445938 0.266667 0.009375 0.01 0.0700684
0 0.00428223 0.466111 0.00558594 0.0288889 0.0653687
2 0.194375 0.374444 0.01125 0.0238889 0.0616455
0 0.495 0.263333 0.00625 0.01 0.0548096
7 0.7275 0.441111 0.00500005 0.0188889 0.0486755
0 0.47625 0.260278 0.00562499 0.00833333 0.0477905
2 0.64 0.317778 0.0112501 0.0166667 0.0477905
7 0.67 0.339722 0.00250003 0.0111111 0.0462036
7 0.66625 0.353889 0.00499999 0.0122222 0.0342407
7 0.75375 0.414444 0.00499999 0.0172222 0.0342407
0 0.385625 0.308611 0.010625 0.015 0.0337219
0 0.49125 0.266667 0.00500002 0.00944443 0.0270691
7 0.00848633 0.543889 0.00554688 0.02 0.0257568
0 0.434688 0.277778 0.00625 0.01 0.021286
0 0.3425 0.320556 0.01125 0.0177778 0.0206451
7 0.59375 0.314167 0.00499999 0.0116667 0.0204926
7 0.148594 0.413889 0.00390625 0.0122222 0.0189819
0 0.379375 0.289167 0.00750001 0.0116667 0.0183411
0 0.515 0.261111 0.00375001 0.00666665 0.0162811
0 0.783125 0.328056 0.03625 0.0272222 0.0136337
0 0.478125 0.283333 0.00874999 0.0155556 0.0125275
7 0.609375 0.307778 0.003125 0.0122222 0.0122375
7 0.221719 0.508611 0.00718749 0.0266667 0.0114212
0 0.00313721 0.425556 0.00627441 0.0216667 0.0108185
0 0.3775 0.301667 0.01125 0.0177778 0.00981903
3 0.695 0.448333 0.00999997 0.0611111 0.00981903
7 0.128594 0.415278 0.00375001 0.0138889 0.00978088
7 0.735 0.432778 0.00499999 0.0166667 0.00955963
0 0.964375 0.335 0.0175 0.0166667 0.00952148
0 0.00377686 0.438333 0.00751465 0.0205556 0.00937653
0 0.443125 0.265833 0.00625 0.0122222 0.00919342
0 0.69875 0.330556 0.03 0.0311111 0.00891876
2 0.24 0.356944 0.011875 0.0194445 0.00874329
0 0.420625 0.283056 0.00625 0.0122222 0.0086441
0 0.7075 0.330556 0.04125 0.0288889 0.0085144
0 0.427188 0.271667 0.00812502 0.01 0.00837708
3 0.77625 0.347222 0.00750001 0.0322222 0.008255
7 0.145938 0.407222 0.00359376 0.0122222 0.00803375
7 0.56625 0.317222 0.00374997 0.0111111 0.00709534
7 0.573438 0.318889 0.00562496 0.0122222 0.0069046
2 0.214531 0.363889 0.00406249 0.0144444 0.00656509
0 0.00393066 0.408056 0.00779297 0.0194444 0.00631332
2 0.68625 0.291111 0.00499999 0.0177778 0.00629044
0 0.44375 0.271667 0.00749998 0.0144444 0.00624084
0 0.969375 0.336389 0.025 0.0183333 0.00609589
7 0.65375 0.319167 0.00374997 0.0138889 0.00566483
0 0.8375 0.331667 0.0275 0.0222222 0.00559998
7 0.645 0.332222 0.00250003 0.00777777 0.0055542
0 0.353125 0.31 0.01125 0.0166667 0.0051384
0 0.533438 0.278333 0.00562503 0.00888889 0.00498199
0 0.331563 0.31 0.01 0.0144444 0.00496292
0 0.503125 0.258889 0.00500002 0.00777777 0.0049057
7 0.605625 0.312778 0.00250003 0.00888889 0.00477219
3 0.16375 0.381111 0.004375 0.0233333 0.00473785
7 0.614375 0.315 0.00375004 0.00888887 0.00460815
2 0.625 0.297222 0.00625 0.0166667 0.00429916
0 0.53 0.269722 0.00562503 0.00888889 0.00429916
2 0.225156 0.355 0.00437501 0.0177778 0.00403976
7 0.615 0.328611 0.00374997 0.0111111 0.00397491
0 0.0361523 0.390833 0.0126953 0.0222222 0.00385475
7 0.6725 0.478056 0.00875003 0.0327778 0.00382423
0 0.47 0.268333 0.00499999 0.00888889 0.00370789
3 0.0496875 0.499722 0.0104687 0.0477778 0.00348282
2 0.555 0.299167 0.00874996 0.0138889 0.00337601
0 0.192188 0.373333 0.018125 0.0222222 0.00312424
7 0.0554688 0.476111 0.00421875 0.0166667 0.00312424
0 0.34625 0.285 0.00812502 0.0194444 0.003088
7 0.9275 0.453333 0.00499999 0.0166667 0.00307465
2 0.189063 0.378889 0.015 0.0238889 0.00293541
3 0.220625 0.358889 0.004375 0.0122222 0.00286674
0 0.0591406 0.448889 0.026875 0.05 0.00279045
0 0.318594 0.320556 0.0140625 0.0177778 0.00273705
0 0.135859 0.900833 0.131719 0.198333 0.00273705
0 0.0101855 0.405556 0.0131445 0.0166667 0.0026722
2 0.6425 0.308889 0.00750001 0.0277778 0.00257111
7 0.58375 0.62 0.0831251 0.131111 0.00245285
3 0.0469922 0.473333 0.00578125 0.0133333 0.00226974
7 0.605625 0.299444 0.00374997 0.0122222 0.00223351
0 0.8 0.334722 0.035 0.0305556 0.00221634
7 0.384375 0.602222 0.076875 0.124444 0.00219917
2 0.6475 0.313333 0.00999997 0.0216667 0.00208282
7 0.230938 0.367778 0.005 0.0188889 0.00206757
7 0.134688 0.386111 0.00343751 0.0133333 0.00201988
0 0.0352148 0.397222 0.0161328 0.0238889 0.00200272
0 0.6875 0.318333 0.00750001 0.0155555 0.00192642
7 0.266094 0.353333 0.00406251 0.0122222 0.00191879
0 0.525938 0.274444 0.00562499 0.01 0.00188255
0 0.0270264 0.435833 0.0284473 0.0272222 0.00186062
0 0.86 0.33 0.035 0.0188889 0.00176144
7 0.66375 0.311667 0.00374997 0.0133333 0.00175476
7 0.6725 0.467778 0.00750001 0.0305556 0.0017271
0 0.412813 0.316667 0.01125 0.0155556 0.0017004
0 0.455 0.263611 0.00374997 0.00944446 0.00167465
7 0.200938 0.376944 0.0096875 0.0205555 0.00155449
0 0.97 0.345556 0.03 0.0244445 0.00146675
0 0.465313 0.264444 0.00437501 0.00999999 0.00144386
0 0.424063 0.289444 0.00687501 0.0166667 0.00141048
0 0.364375 0.280833 0.00499999 0.0138889 0.00137806
2 0.764375 0.301667 0.00499999 0.0188889 0.00134563
3 0.0642188 0.468889 0.0163281 0.0344444 0.00133038
0 0.355625 0.282222 0.00625 0.0177778 0.0012846
2 0.69125 0.310278 0.01125 0.0194444 0.00126934
2 0.0373828 0.422222 0.00953125 0.0166667 0.00126457
2 0.725625 0.298333 0.00750001 0.0144444 0.00121593
0 0.95625 0.334167 0.01 0.0177778 0.00121593
2 0.17625 0.370556 0.00562501 0.0166667 0.00118828
7 0.575 0.326111 0.00499999 0.0144444 0.00113392
2 0.225625 0.366389 0.005 0.0144444 0.00112438
7 0.66625 0.361111 0.00499999 0.0138889 0.00105667
0 0.978125 0.336111 0.0275 0.02 0.00104046
3 0.0632813 0.472778 0.0125 0.0461111 0.00104046
7 0.718125 0.450556 0.00749995 0.0233333 0.00101185
