0 0.68625 0.879444 0.15625 0.241111 0.956543
0 0.47375 0.903333 0.12 0.193333 0.946777
0 0.165039 0.686111 0.114922 0.141111 0.945312
0 0.391875 0.553889 0.06625 0.0988889 0.941895
0 0.62875 0.486389 0.05875 0.0738889 0.925781
0 0.0283203 0.586111 0.0566406 0.0888889 0.919434
0 0.5525 0.488611 0.0525 0.0777778 0.914062
0 0.130156 0.475 0.0475 0.0566667 0.901367
0 0.0697266 0.436389 0.0355469 0.0305556 0.882324
0 0.211563 0.453889 0.04625 0.0633333 0.878906
0 0.482188 0.395556 0.033125 0.0522222 0.856934
0 0.454375 0.331667 0.01625 0.0255555 0.844727
0 0.43875 0.381667 0.025625 0.04 0.844727
0 0.785 0.482222 0.045 0.08 0.84375
7 0.236094 0.505 0.00718749 0.0244445 0.842773
0 0.233594 0.415 0.03625 0.04 0.84082
0 0.505313 0.3325 0.02 0.0322222 0.82666
0 0.545 0.336111 0.02 0.0277778 0.82666
0 0.324688 0.361944 0.023125 0.0322222 0.82666
0 0.48 0.342778 0.02125 0.0311111 0.823242
0 0.53875 0.369444 0.029375 0.0377778 0.820801
0 0.480625 0.319444 0.014375 0.0255556 0.812988
0 0.0215234 0.468333 0.0323047 0.0333334 0.809082
0 0.0432129 0.452778 0.0349805 0.0311111 0.808105
0 0.36125 0.332222 0.018125 0.0222222 0.791992
0 0.290625 0.357222 0.020625 0.0288889 0.786621
3 0.92625 0.468333 0.01 0.0644445 0.782715
0 0.39 0.324167 0.01625 0.0222222 0.774414
0 0.235625 0.394722 0.0315625 0.0327778 0.774414
0 0.495938 0.300556 0.013125 0.0188889 0.767578
0 0.0225586 0.444167 0.0309375 0.03 0.764648
7 0.222813 0.519444 0.00812499 0.0244444 0.763672
0 0.333125 0.317778 0.015 0.02 0.743164
0 0.37875 0.310556 0.011875 0.0166667 0.729492
0 0.455625 0.311667 0.015 0.0183333 0.729492
0 0.308125 0.357222 0.02125 0.0288889 0.726562
0 0.500625 0.292778 0.01125 0.0155555 0.712402
7 0.6675 0.463889 0.00625 0.0238889 0.710449
0 0.524375 0.319444 0.0175 0.0244444 0.708984
0 0.474375 0.298056 0.011875 0.0177778 0.700684
7 0.724375 0.401111 0.00374997 0.0166667 0.690918
0 0.348438 0.323333 0.0175 0.0211111 0.682617
7 0.75 0.416667 0.00499999 0.0177778 0.677246
0 0.1975 0.397778 0.02875 0.0333333 0.666992
7 0.0245508 0.529722 0.00523437 0.0161111 0.649414
0 0.51375 0.303333 0.01125 0.02 0.638672
0 0.485313 0.277222 0.00750001 0.0127778 0.609375
0 0.414063 0.314444 0.013125 0.0177778 0.607422
0 0.345 0.322222 0.013125 0.0216667 0.59082
0 0.405313 0.322222 0.015 0.0227778 0.57959
0 0.354375 0.319167 0.013125 0.0194444 0.544922
0 0.3925 0.3025 0.01125 0.02 0.527344
0 0.00317871 0.463889 0.00635742 0.0288889 0.521484
7 0.72875 0.439444 0.00499999 0.0188889 0.492188
0 0.513438 0.305833 0.01375 0.0205556 0.490234
2 0.81625 0.320556 0.0125 0.0222222 0.470703
0 0.3825 0.297222 0.00875003 0.0144444 0.420654
0 0.197188 0.404444 0.03 0.0433333 0.420654
7 0.73875 0.428611 0.00499999 0.0211111 0.39502
7 0.634375 0.332222 0.003125 0.0122222 0.394287
0 0.234219 0.399722 0.0328125 0.0355555 0.394287
2 0.66375 0.316389 0.00625 0.0272222 0.392334
0 0.380313 0.308333 0.01125 0.0155556 0.38501
0 0.413125 0.294444 0.01 0.0155556 0.363037
0 0.486875 0.271111 0.00812499 0.0127778 0.35498
7 0.678125 0.479444 0.00750001 0.025 0.354004
0 0.404375 0.294444 0.00875003 0.0144444 0.341553
7 0.7475 0.400556 0.00499999 0.0166667 0.309082
0 0.41375 0.305556 0.011875 0.0177778 0.301514
0 0.47 0.272222 0.00750001 0.0111111 0.275146
0 0.473125 0.278056 0.00687501 0.0138889 0.273682
7 0.0503906 0.477778 0.00398438 0.0155556 0.259033
0 0.403125 0.281667 0.00749998 0.00999999 0.255371
0 0.468125 0.279444 0.00812499 0.0122222 0.24939
2 0.81375 0.322778 0.0175 0.0255556 0.240723
7 0.125938 0.418611 0.00375 0.0105555 0.23938
0 0.426875 0.28 0.00812499 0.01 0.224731
7 0.145781 0.417778 0.00374999 0.0122222 0.202393
0 0.419375 0.287778 0.00874999 0.0127778 0.199341
2 0.641875 0.315556 0.00875003 0.0188889 0.188354
0 0.465313 0.290556 0.00874999 0.0155555 0.182983
7 0.149219 0.41 0.00374999 0.0133334 0.182373
0 0.422188 0.293611 0.00812499 0.0144444 0.178955
0 0.199219 0.413611 0.0303125 0.0422222 0.157104
0 0.398125 0.281667 0.00750001 0.0111111 0.156616
0 0.41375 0.28 0.00750001 0.01 0.151001
0 0.39125 0.315 0.01625 0.025 0.131592
0 0.486875 0.260556 0.00750001 0.0127778 0.126831
0 0.363125 0.317222 0.0125 0.0166667 0.122498
7 0.0102124 0.545556 0.0077002 0.02 0.115967
7 0.0551563 0.476667 0.005625 0.0138889 0.0953369
0 0.29625 0.354167 0.0221875 0.0294445 0.093689
0 0.526875 0.321667 0.01875 0.0255556 0.0903931
0 0.331563 0.326389 0.015 0.0211111 0.0823975
3 0.66375 0.318333 0.00499999 0.0288889 0.0809326
0 0.37875 0.301111 0.01 0.0144444 0.0769653
0 0.5425 0.338056 0.02375 0.0311111 0.0761108
0 0.498125 0.291667 0.01 0.0155556 0.0738525
0 0.00998047 0.579444 0.0199609 0.0555556 0.0718384
0 0.0218359 0.440556 0.0273438 0.0288889 0.0696411
0 0.495 0.260556 0.00625 0.00888889 0.0670776
0 0.448438 0.268889 0.00562499 0.00888889 0.0637207
7 0.68375 0.353889 0.00500005 0.0144444 0.0634766
7 0.65375 0.331389 0.00374997 0.00888889 0.0632324
0 0.434375 0.276667 0.00500002 0.00777777 0.0621033
7 0.735 0.432222 0.00499999 0.0188889 0.0554199
6 0.81125 0.325833 0.025 0.025 0.0544128
7 0.129453 0.415556 0.003125 0.0138889 0.0535889
7 0.64375 0.33 0.00499999 0.0122222 0.0534058
0 0.42 0.308333 0.01125 0.0188889 0.0526123
7 0.72375 0.445 0.00499999 0.0222222 0.0524292
0 0.380625 0.290278 0.00749998 0.0127778 0.0524292
0 0.310313 0.352222 0.021875 0.0288889 0.0518494
0 0.4775 0.260556 0.00625 0.0105555 0.0483093
7 0.7375 0.428889 0.00625 0.0227778 0.0481262
7 0.77875 0.351944 0.00499999 0.0172222 0.0431213
0 0.0140137 0.580556 0.0279492 0.0722222 0.0394897
0 0.503438 0.312778 0.01375 0.0166667 0.0350037
0 0.428125 0.272222 0.00625 0.01 0.0339661
0 0.33375 0.323889 0.01625 0.0233333 0.0311432
2 0.0657422 0.425 0.0225781 0.0177778 0.0304413
0 0.200313 0.437222 0.0340625 0.0511111 0.0301056
0 0.33375 0.312778 0.011875 0.0188889 0.0298767
2 0.813125 0.304444 0.00999997 0.0211111 0.029541
0 0.456875 0.303333 0.013125 0.02 0.0265503
7 0.02625 0.508333 0.00425781 0.0144445 0.0259552
6 0.8125 0.323333 0.02 0.0255555 0.0254669
7 0.7225 0.448333 0.00750001 0.0216667 0.0248871
7 0.675 0.330556 0.00249996 0.0122222 0.0243378
7 0.0126074 0.542361 0.00679688 0.0197222 0.0225372
0 0.460313 0.286111 0.00812499 0.0122222 0.0225067
0 0.649375 0.315 0.02125 0.0233333 0.0217743
2 0.191406 0.375 0.00875001 0.0233333 0.0209656
0 0.374375 0.308333 0.013125 0.0155556 0.0202179
0 0.291563 0.353056 0.0225 0.0277778 0.0183411
7 0.614375 0.331111 0.00375004 0.00999999 0.0173798
3 0.250469 0.338333 0.00406249 0.0222222 0.0165253
0 0.52375 0.313333 0.01625 0.0222222 0.0164642
0 0.33125 0.338889 0.01875 0.02 0.0164032
7 0.224063 0.369722 0.004375 0.0116666 0.0148392
7 0.134688 0.418056 0.00375 0.0111111 0.0142822
2 0.81125 0.327778 0.025 0.0288889 0.0139008
3 0.830625 0.490556 0.01375 0.0566667 0.0128708
3 0.71 0.309722 0.00499999 0.0194444 0.012291
7 0.156016 0.415 0.00421875 0.0155555 0.011467
0 0.35375 0.308333 0.0125 0.0122222 0.0114212
2 0.813125 0.301667 0.00875003 0.0205556 0.0112457
7 0.154688 0.406667 0.00374999 0.0133333 0.0106125
7 0.145859 0.406944 0.00359375 0.0133333 0.0105667
0 0.206563 0.446111 0.04125 0.0533333 0.0104065
7 0.675 0.318611 0.00249996 0.0166667 0.0100098
7 0.844375 0.346667 0.00374997 0.01 0.0100098
0 0.520938 0.304444 0.013125 0.0233333 0.00997162
6 0.81625 0.321667 0.0199999 0.0244444 0.00898743
0 0.168789 0.366111 0.0336719 0.0288889 0.0086441
0 0.5275 0.331667 0.0175 0.0277778 0.00861359
0 0.18375 0.368889 0.015 0.0266667 0.00844574
7 0.165469 0.420278 0.00343749 0.0155555 0.008255
7 0.0651563 0.473333 0.00375 0.0122223 0.00800323
0 0.497813 0.306111 0.013125 0.0211111 0.00769424
0 0.36125 0.336667 0.01875 0.0266667 0.00769424
7 0.65 0.335 0.00249996 0.0133333 0.00751877
0 0.169844 0.369167 0.0240625 0.0266667 0.00695801
3 0.1925 0.369167 0.00625 0.0166667 0.00682449
3 0.83125 0.481667 0.0125 0.0577778 0.0064621
2 0.555938 0.316111 0.00625 0.0144444 0.00624084
3 0.253906 0.352778 0.00531249 0.0177778 0.00602722
0 0.442813 0.272222 0.00687501 0.0122222 0.00530243
7 0.215781 0.491111 0.00843751 0.0405556 0.00527954
7 0.91 0.481667 0.00500005 0.0233334 0.00519943
7 0.71 0.401667 0.00499999 0.0255555 0.00494385
2 0.69625 0.335556 0.00749995 0.0261111 0.00486755
0 0.190625 0.405278 0.03625 0.0416667 0.00479126
7 0.67 0.47 0.00750001 0.0288889 0.00462723
0 0.165586 0.367222 0.0238281 0.0266667 0.00460815
7 0.751875 0.418056 0.00750001 0.0172222 0.00460815
7 0.67 0.34 0.00250003 0.0111111 0.00460815
2 0.413125 0.3225 0.01125 0.0216667 0.00450516
7 0.605 0.3 0.00375004 0.0133333 0.00443268
0 0.339375 0.346667 0.02125 0.03 0.00434875
3 0.164375 0.384444 0.00375001 0.0183333 0.00431442
3 0.220625 0.357778 0.005 0.0177778 0.00408554
7 0.66625 0.349444 0.00499999 0.0105555 0.00400543
0 0.35625 0.28 0.00625 0.0127778 0.00397491
2 0.8275 0.491667 0.0225 0.0555555 0.00379562
7 0.835 0.345556 0.00500005 0.0111111 0.00356483
2 0.66375 0.307222 0.00625 0.0255556 0.00351143
3 0.549688 0.267778 0.00562503 0.0177778 0.00337601
0 0.0205908 0.573889 0.0394434 0.0644445 0.00321007
2 0.641094 0.318333 0.0153125 0.0188889 0.00314713
0 0.544375 0.323611 0.01875 0.0255556 0.00309944
7 0.79625 0.3475 0.00250003 0.00944446 0.00309944
7 0.63 0.338333 0.00375004 0.0111111 0.00302696
7 0.685 0.315278 0.00250003 0.0105555 0.00300407
0 0.480625 0.350278 0.02375 0.0427778 0.00298119
7 0.6675 0.459444 0.00750001 0.0288889 0.00293541
0 0.197344 0.444444 0.0340625 0.0533333 0.00288963
0 0.411875 0.271667 0.00874999 0.0105555 0.00286674
7 0.655 0.348611 0.00375004 0.00888889 0.00269318
0 0.35125 0.331667 0.00875003 0.02 0.00269318
7 0.0755469 0.471389 0.00390625 0.0122222 0.00268364
0 0.824375 0.512778 0.0325 0.0811111 0.00251198
2 0.182813 0.357222 0.00718751 0.02 0.0024147
0 0.86625 0.339444 0.0175001 0.015 0.0024147
3 0.195 0.349444 0.00374999 0.0122222 0.00237846
3 0.0247217 0.548889 0.0117285 0.0366667 0.00234222
2 0.825 0.508333 0.03 0.0788889 0.00232315
0 0.310938 0.363611 0.010625 0.0283333 0.00229645
5 0.8225 0.330556 0.035 0.0277778 0.00227928
0 0.494375 0.278333 0.00749998 0.0111111 0.00223351
7 0.59625 0.313333 0.00500005 0.0111111 0.00220871
0 0.485 0.302778 0.00874999 0.0188889 0.00210762
3 0.875 0.315556 0.00375004 0.0144444 0.00206757
7 0.235 0.3675 0.00375001 0.00888889 0.0019722
2 0.690625 0.343333 0.01 0.0288889 0.00191879
0 0.98625 0.332778 0.00999997 0.0144444 0.00183868
7 0.00882813 0.553333 0.00919922 0.0322222 0.00181007
3 0.205 0.352222 0.00374999 0.0177778 0.00172043
0 0.189375 0.395 0.033125 0.0333333 0.00167465
0 0.484375 0.244722 0.00500002 0.00833333 0.00157356
7 0.635625 0.345556 0.00374997 0.0133334 0.00150108
0 0.525938 0.281111 0.00750001 0.0133333 0.00145531
0 0.527813 0.36 0.025 0.0383334 0.00143242
2 0.6575 0.303333 0.00999997 0.0222222 0.00142097
7 0.64625 0.35 0.00500005 0.0111111 0.00139904
3 0.828125 0.483333 0.01625 0.0494444 0.00137806
0 0.454375 0.262778 0.00375001 0.00777777 0.00134563
2 0.596875 0.301111 0.00562496 0.0155555 0.00124454
7 0.694375 0.316389 0.00499999 0.0122222 0.00118828
0 0.865 0.338333 0.01625 0.0188889 0.0011692
7 0.694375 0.365556 0.00499999 0.0155555 0.00115108
0 0.996875 0.325833 0.00624994 0.0272222 0.0011425
0 0.319375 0.338611 0.0175 0.0222222 0.00112438
0 0.37375 0.331111 0.0125 0.0205556 0.0011158
7 0.56375 0.312222 0.00499999 0.0122222 0.00106907
2 0.693125 0.350556 0.00999997 0.0288889 0.00105667
7 0.205313 0.371111 0.004375 0.0166667 0.00100803
