0 0.78125 0.778889 0.1575 0.238889 0.955566
0 0.0512891 0.896667 0.102578 0.204444 0.953125
0 0.313438 0.535 0.079375 0.108889 0.95166
5 0.366875 0.363889 0.0475 0.0822222 0.950195
5 0.312813 0.428333 0.069375 0.118889 0.947754
0 0.57625 0.576667 0.07375 0.113333 0.944824
0 0.675625 0.583472 0.08625 0.113056 0.943848
5 0.378125 0.579444 0.1 0.181111 0.90918
0 0.9125 0.371667 0.035 0.0411111 0.888672
0 0.37375 0.438889 0.0425 0.0666667 0.884277
0 0.267813 0.385 0.0378125 0.0366666 0.882324
0 0.26125 0.348056 0.02625 0.0227778 0.837402
0 0.72875 0.335 0.0425 0.0266667 0.833496
7 0.234688 0.503889 0.0075 0.0222222 0.808105
1 0.312813 0.324444 0.038125 0.0455555 0.796387
0 0.148594 0.383333 0.033125 0.0311111 0.792969
0 0.0807813 0.431667 0.0376563 0.0333333 0.792969
7 0.666875 0.464167 0.00625 0.0227778 0.779785
2 0.0539453 0.471667 0.0157813 0.0344444 0.763672
7 0.0232617 0.528333 0.00507813 0.0155555 0.708984
2 0.580625 0.315833 0.015 0.0205556 0.686035
7 0.6775 0.479444 0.00749995 0.0244444 0.662109
7 0.925 0.457222 0.00499999 0.0144444 0.654785
7 0.22125 0.518333 0.00812499 0.0244444 0.651367
0 0.0478809 0.446111 0.037207 0.0383334 0.647949
0 0.00559082 0.467778 0.011123 0.0288889 0.635254
0 0.411875 0.314444 0.01125 0.0211111 0.622559
0 0.404375 0.320278 0.015 0.0194444 0.615234
7 0.75 0.416667 0.00499999 0.0172222 0.594727
0 0.0121875 0.456667 0.0242188 0.0266667 0.592773
0 0.00680176 0.402222 0.0134668 0.0233333 0.57373
0 0.36125 0.3175 0.0125 0.0172222 0.569824
0 0.0119531 0.450556 0.0239063 0.0272222 0.537109
7 0.745625 0.401111 0.00375004 0.0155555 0.53125
7 0.68375 0.353333 0.00500005 0.0127778 0.482422
2 0.63125 0.312222 0.00874996 0.0222222 0.476562
0 0.392813 0.316667 0.013125 0.0177778 0.470703
0 0.0111426 0.446667 0.0220508 0.0233333 0.453369
7 0.72875 0.438056 0.00499999 0.0194444 0.451416
0 0.362188 0.299444 0.01125 0.0144444 0.445557
7 0.92375 0.466111 0.00499999 0.0161111 0.424316
7 0.72375 0.401111 0.00499999 0.0166667 0.397949
7 0.739375 0.424722 0.00499999 0.0177778 0.391357
0 0.415625 0.291111 0.00874999 0.0138889 0.388672
7 0.125859 0.419444 0.00390625 0.00833333 0.361084
0 0.405 0.3 0.01125 0.0144444 0.294189
0 0.39375 0.3125 0.01375 0.0216667 0.293457
0 0.4125 0.308333 0.0125 0.0188889 0.276611
7 0.145547 0.417778 0.00343749 0.0111111 0.215332
7 0.743125 0.420833 0.00500005 0.0166667 0.211426
0 0.019707 0.444167 0.0272266 0.0266667 0.20752
0 0.372188 0.317222 0.01125 0.0177778 0.188354
0 0.416875 0.286111 0.01 0.0144444 0.176636
0 0.390938 0.354722 0.01 0.0316667 0.171021
0 0.391563 0.325556 0.0125 0.0188889 0.168335
0 0.436875 0.275556 0.00625 0.00888889 0.165649
0 0.503125 0.256667 0.00500002 0.00888887 0.160278
0 0.485625 0.261111 0.00375001 0.0105555 0.156128
3 0.81 0.298611 0.00749995 0.0222222 0.133423
0 0.0110938 0.462222 0.0220313 0.03 0.127197
7 0.634688 0.331944 0.00249996 0.0105555 0.115173
0 0.495 0.261111 0.00625 0.00777777 0.0984497
0 0.47625 0.263611 0.00562499 0.0105556 0.0715942
7 0.72625 0.44 0.00499999 0.0177778 0.0690308
0 0.372813 0.3075 0.011875 0.0144444 0.0680542
0 0.00394043 0.409167 0.00788086 0.0277778 0.0566406
5 0.385625 0.347222 0.021875 0.0472222 0.0545959
0 0.44875 0.267222 0.00499999 0.00777777 0.0484924
0 0.388125 0.327222 0.0175 0.0211111 0.0477905
7 0.204688 0.382778 0.0034375 0.0105555 0.0456848
0 0.390625 0.318889 0.015 0.0183333 0.0405273
7 0.645 0.317222 0.00250003 0.0122222 0.0363464
7 0.67 0.342222 0.00250003 0.0127778 0.0324707
0 0.36875 0.396111 0.03375 0.0433333 0.03125
7 0.148906 0.412778 0.0034375 0.0111111 0.0292053
0 0.390625 0.339722 0.01125 0.035 0.028656
7 0.66625 0.353889 0.00499999 0.0122222 0.0274811
0 0.0508203 0.437222 0.0350781 0.0288889 0.0264587
0 0.35375 0.328889 0.0175 0.0188889 0.0262604
7 0.234688 0.367778 0.003125 0.00722221 0.0246124
0 0.4225 0.281111 0.00812502 0.0122222 0.0236053
0 0.37 0.411667 0.04 0.0455555 0.0230713
7 0.225156 0.366667 0.003125 0.00888889 0.0223694
0 0.4875 0.266111 0.00625 0.00888889 0.0223694
2 0.176875 0.367222 0.00562499 0.0161111 0.0222015
0 0.48125 0.272222 0.00874999 0.0122222 0.0213623
0 0.0857617 0.43 0.0331641 0.0322222 0.0210876
0 0.0800781 0.425556 0.0382812 0.0322222 0.0207214
7 0.00853516 0.542778 0.00591797 0.0222222 0.0207214
7 0.22125 0.508333 0.00687501 0.0266667 0.0180511
0 0.47125 0.267222 0.00499999 0.00888889 0.0180206
2 0.629375 0.314722 0.00999997 0.0172222 0.0164032
7 0.6525 0.3275 0.00500005 0.0133334 0.0162811
0 0.0145313 0.437222 0.0268359 0.0266667 0.0162201
7 0.220625 0.360556 0.004375 0.0133333 0.0157776
0 0.00501953 0.477222 0.00976563 0.0355556 0.0156708
0 0.345625 0.351111 0.009375 0.03 0.0143356
7 0.736875 0.426944 0.00500005 0.0177778 0.0142288
0 0.38625 0.299722 0.00750001 0.0144444 0.0141144
0 0.376875 0.331389 0.0175 0.0244444 0.0139008
3 0.0238281 0.469167 0.0046875 0.0316667 0.0137405
7 0.776875 0.349444 0.00750001 0.0222222 0.0134277
0 0.294375 0.343333 0.00750001 0.0155555 0.0125275
0 0.415625 0.282222 0.00874999 0.0122222 0.0113297
3 0.776875 0.349444 0.00750001 0.0277778 0.0103683
0 0.4225 0.311111 0.00874999 0.0155556 0.00908661
3 0.69375 0.448889 0.01 0.0588889 0.00867462
7 0.75375 0.417222 0.00499999 0.0177778 0.00844574
3 0.86625 0.311111 0.00500005 0.0216667 0.00834656
0 0.364375 0.324444 0.0125 0.0188889 0.00834656
7 0.291563 0.342222 0.00562499 0.0155555 0.00831604
3 0.189688 0.37 0.00437501 0.02 0.00800323
7 0.195313 0.383333 0.003125 0.0133333 0.00796509
0 0.444375 0.272778 0.00625 0.0122222 0.00787354
2 0.583125 0.313056 0.0175 0.0216667 0.00784302
0 0.465313 0.264722 0.00437501 0.0105555 0.00754929
7 0.615 0.33 0.00374997 0.0111111 0.00720596
0 0.37875 0.288056 0.00812499 0.0127778 0.00698471
7 0.128906 0.413056 0.00375 0.0127778 0.00695801
0 0.0458691 0.429444 0.025918 0.0233333 0.0068779
3 0.0249609 0.401667 0.0065625 0.0177778 0.00677109
0 0.478438 0.272778 0.00875003 0.0122222 0.0064621
0 0.344375 0.355556 0.01 0.0433333 0.00641251
2 0.633125 0.306111 0.00874996 0.0244444 0.00634003
3 0.70875 0.308889 0.00749995 0.0188889 0.00621796
0 0.15875 0.371667 0.0221875 0.0177778 0.00614548
7 0.566875 0.317222 0.00625 0.0133333 0.00609589
0 0.445938 0.263889 0.00500002 0.01 0.005867
0 0.39625 0.301111 0.00874999 0.0155555 0.005867
7 0.155547 0.418611 0.0034375 0.0111111 0.00526047
0 0.0621875 0.428611 0.0204687 0.0222222 0.00498199
2 0.580625 0.320556 0.01625 0.0238889 0.00496292
7 0.644375 0.332222 0.00374997 0.0105555 0.00482941
2 0.574375 0.311667 0.015 0.0211111 0.00481033
3 0.86625 0.300556 0.00500005 0.015 0.00475693
7 0.0753516 0.470556 0.0040625 0.0144444 0.00469971
0 0.0363867 0.388333 0.0112109 0.0211111 0.00453949
7 0.695 0.350556 0.00499999 0.015 0.00436401
7 0.229063 0.371111 0.00499999 0.0138889 0.00429916
7 0.285 0.347778 0.00531251 0.0127778 0.0041008
3 0.105156 0.3875 0.00625 0.0183333 0.0039444
0 0.405313 0.278056 0.00500002 0.00722221 0.00391388
0 0.00612305 0.396111 0.0122461 0.0277778 0.00385475
7 0.73375 0.431667 0.00500005 0.0177778 0.00382423
2 0.183438 0.368333 0.014375 0.02 0.00365067
0 0.389063 0.357222 0.013125 0.0433333 0.00365067
7 0.685625 0.314444 0.00374997 0.00999999 0.0036068
0 0.35125 0.337778 0.015 0.0288889 0.00355148
2 0.81125 0.297778 0.00750001 0.0222222 0.00353813
0 0.374375 0.296111 0.00749998 0.00944446 0.00337601
0 0.455 0.260833 0.00374997 0.00722221 0.00319672
3 0.68625 0.296111 0.00499999 0.0155555 0.00305176
2 0.556875 0.292778 0.00750001 0.0155555 0.00302696
5 0.406875 0.264167 0.00625 0.0127778 0.00291252
0 0.98625 0.331667 0.00750001 0.0144444 0.0027256
0 0.423125 0.296111 0.00750001 0.0122222 0.00271416
7 0.204688 0.371389 0.003125 0.0127778 0.00271416
0 0.430313 0.271389 0.00687501 0.00944446 0.00265312
7 0.592188 0.316667 0.00750001 0.0144444 0.00261116
1 0.301719 0.329167 0.0190625 0.0361111 0.00240517
7 0.916875 0.472222 0.00499999 0.0144445 0.00239754
7 0.59625 0.300556 0.00500005 0.0133333 0.00232315
0 0.00978027 0.421667 0.0168848 0.0177778 0.00232315
7 0.7175 0.449167 0.00625 0.0222222 0.00231361
0 0.297188 0.396111 0.03625 0.0505555 0.00225258
0 0.0392188 0.427222 0.0198438 0.0227778 0.00219917
0 0.464375 0.273889 0.00499999 0.00999999 0.00216484
0 0.410625 0.269444 0.00812499 0.0111111 0.00200272
0 0.263594 0.381111 0.0271875 0.0344444 0.00199509
2 0.179375 0.361667 0.0059375 0.0155556 0.00199509
7 0.6725 0.475 0.00750001 0.0244444 0.00195694
0 0.305625 0.3425 0.016875 0.0161111 0.00191212
2 0.035 0.400833 0.0090625 0.0177778 0.00191212
0 0.00553711 0.370278 0.0109961 0.02 0.00178242
0 0.965625 0.346667 0.01625 0.0211111 0.0017271
0 0.365625 0.386389 0.03375 0.0438889 0.00164223
0 0.533125 0.277778 0.00562499 0.00777777 0.00161076
0 0.339063 0.357222 0.00812502 0.0188889 0.00146103
3 0.869375 0.309722 0.00500005 0.0233333 0.00143814
3 0.87375 0.313333 0.00499999 0.0161111 0.00133514
2 0.185938 0.38 0.00875001 0.0255556 0.00133514
7 0.115781 0.420556 0.0034375 0.00888889 0.00132465
0 0.9125 0.365 0.035 0.0338889 0.00131512
2 0.168438 0.373333 0.009375 0.02 0.00127888
0 0.145625 0.0772222 0.04 0.0711111 0.00121593
2 0.70625 0.308889 0.00499999 0.0144444 0.00118828
2 0.556875 0.282222 0.00687497 0.0133333 0.0011692
3 0.64875 0.311389 0.00499999 0.0211111 0.00116539
0 0.30375 0.387222 0.049375 0.0366667 0.00112915
2 0.714375 0.383611 0.01375 0.0416667 0.00105667
2 0.625313 0.298611 0.00625 0.0155556 0.00104427
0 0.736875 0.33 0.0525 0.0266667 0.00100803
