0 0.0373438 0.608889 0.0746875 0.113333 0.961914
0 0.171836 0.862778 0.144453 0.235556 0.95752
0 0.660625 0.556111 0.0825 0.103333 0.953613
0 0.035957 0.912222 0.0719141 0.175556 0.95166
0 0.273125 0.629444 0.099375 0.13 0.944824
0 0.141641 0.722222 0.115469 0.151111 0.931641
0 0.54375 0.463333 0.045 0.07 0.922852
0 0.584375 0.420556 0.041875 0.0566667 0.912598
0 0.471875 0.487222 0.0475 0.0927778 0.911133
0 0.246719 0.566111 0.080625 0.0977778 0.908691
0 0.123125 0.462778 0.0434375 0.0511111 0.905762
0 0.425313 0.415833 0.035 0.0588889 0.901367
0 0.481875 0.333889 0.019375 0.0288889 0.895508
0 0.523438 0.373333 0.028125 0.04 0.889648
0 0.465 0.36 0.0225 0.0333333 0.888672
0 0.276563 0.397222 0.0371875 0.0511111 0.884766
0 0.439063 0.339722 0.019375 0.0266667 0.879883
0 0.5125 0.341667 0.02125 0.03 0.879883
0 0.55 0.342222 0.02375 0.0322222 0.870605
0 0.175156 0.441111 0.0403125 0.0455556 0.869629
0 0.046875 0.538889 0.0567188 0.0711111 0.868652
0 0.259375 0.391389 0.02875 0.0372222 0.862305
0 0.52875 0.317778 0.0175 0.0244445 0.844727
0 0.325938 0.359167 0.025 0.0316667 0.84375
1 0.77 0.317778 0.105 0.0594445 0.834961
0 0.448438 0.316667 0.014375 0.0211111 0.833496
0 0.0462402 0.441111 0.0317383 0.0277778 0.822266
0 0.244063 0.384444 0.025 0.0311111 0.816406
0 0.30125 0.36 0.02 0.0277778 0.811523
3 0.865625 0.465833 0.01375 0.06 0.810547
0 0.386875 0.324167 0.01625 0.0211111 0.803223
3 0.224688 0.487778 0.0125 0.0633333 0.770508
3 0.261875 0.470556 0.010625 0.0622223 0.769043
0 0.516875 0.279722 0.009375 0.0144444 0.763672
0 0.503125 0.301667 0.011875 0.0177778 0.759277
0 0.272656 0.344167 0.024375 0.0211111 0.746094
0 0.529375 0.294444 0.014375 0.0211111 0.741699
0 0.3725 0.32 0.015 0.0188889 0.741699
0 0.5625 0.303333 0.021875 0.0188889 0.73584
7 0.234063 0.504167 0.0075 0.0244444 0.730957
0 0.40625 0.319444 0.0175 0.0233333 0.723145
2 0.6125 0.314444 0.00874996 0.0216667 0.72168
0 0.476875 0.314167 0.015625 0.0211111 0.720215
7 0.6675 0.463611 0.00499999 0.0238889 0.715332
7 0.72875 0.44 0.00499999 0.0188889 0.713867
0 0.858125 0.331667 0.03375 0.0244445 0.704102
0 0.339063 0.335 0.016875 0.0222222 0.702637
7 0.72375 0.400556 0.00499999 0.0177778 0.702637
7 0.0233594 0.528889 0.00539062 0.0177778 0.668945
0 0.70375 0.311667 0.035 0.02 0.666992
0 0.460625 0.297222 0.01125 0.0166667 0.660156
0 0.90625 0.332222 0.02625 0.0177778 0.654785
2 0.0986719 0.438056 0.0148438 0.0294445 0.645996
2 0.214688 0.371111 0.008125 0.0222222 0.642578
0 0.502813 0.314444 0.015625 0.0238889 0.640625
0 0.296094 0.348889 0.021875 0.0261111 0.637207
0 0.0256982 0.463611 0.0366504 0.0327778 0.635254
0 0.326875 0.334444 0.015625 0.0211111 0.631836
3 0.93125 0.490278 0.01 0.0694444 0.623535
0 0.49125 0.288056 0.01 0.0161111 0.618652
2 0.0482031 0.474722 0.0140625 0.0338889 0.597168
2 0.0123633 0.490278 0.0109375 0.0344445 0.59082
7 0.74875 0.412778 0.00499999 0.0166667 0.588867
0 0.48125 0.278333 0.00874999 0.0155555 0.584961
0 0.1975 0.37 0.025 0.0205555 0.581543
0 0.345313 0.320556 0.01375 0.02 0.57959
7 0.222813 0.52 0.00687501 0.0255555 0.563965
0 0.377188 0.296111 0.00812499 0.0138889 0.552734
0 0.356875 0.313611 0.01 0.0183333 0.546875
2 0.147578 0.410556 0.00796874 0.0277778 0.533203
0 0.0130371 0.451111 0.0245117 0.0222222 0.504883
0 0.410625 0.315833 0.01375 0.02 0.496094
7 0.73875 0.428056 0.00499999 0.0205556 0.496094
0 0.433125 0.276667 0.00625 0.00944446 0.492188
0 0.479063 0.303889 0.013125 0.0211111 0.488281
0 0.00624512 0.404167 0.0124512 0.0261111 0.466797
0 0.41375 0.293889 0.01 0.0138889 0.453369
0 0.335625 0.317222 0.01125 0.0133333 0.430176
0 0.4675 0.279444 0.00875003 0.0122222 0.428223
2 0.119219 0.427778 0.0125 0.0366667 0.413086
2 0.031543 0.477222 0.0109375 0.0355556 0.407227
2 0.117188 0.426667 0.00984376 0.0355556 0.401611
0 0.394063 0.315556 0.013125 0.0183333 0.397949
2 0.125781 0.422778 0.00875 0.035 0.395996
0 0.504375 0.306389 0.01375 0.0233333 0.376709
2 0.158906 0.401944 0.00874999 0.0338889 0.37207
7 0.68375 0.353333 0.00500005 0.0133333 0.357666
2 0.133594 0.401944 0.0075 0.0266667 0.355713
0 0.363125 0.299444 0.01 0.0122222 0.352295
2 0.64625 0.296667 0.00625 0.0177778 0.345215
7 0.74625 0.401667 0.00500005 0.0155555 0.338135
7 0.00961914 0.543472 0.00626953 0.0219445 0.329346
0 0.384375 0.298333 0.00874999 0.0144444 0.324219
0 0.404375 0.299167 0.01125 0.0138889 0.312256
0 0.391563 0.303333 0.01 0.0122222 0.299072
0 0.370938 0.304444 0.009375 0.0144444 0.296631
3 0.710625 0.377778 0.01125 0.0577778 0.295898
0 0.379375 0.289444 0.00750001 0.0122222 0.279053
7 0.678125 0.479444 0.00750001 0.0244444 0.265869
0 0.403125 0.279444 0.00749998 0.0111111 0.255371
0 0.3925 0.296389 0.00812499 0.0138889 0.255371
2 0.121406 0.426111 0.0171875 0.0366667 0.253906
3 0.128906 0.405 0.0065625 0.0277778 0.247314
0 0.80375 0.331111 0.0375 0.0227778 0.237915
0 0.419375 0.287778 0.00749998 0.0122222 0.233032
7 0.634063 0.329167 0.003125 0.0105555 0.2323
2 0.213906 0.369722 0.0109375 0.0222222 0.229492
2 0.175 0.387222 0.00875001 0.0255556 0.228149
0 0.0329297 0.466111 0.0384375 0.0377778 0.226807
2 0.0260156 0.482222 0.00804688 0.0377778 0.226807
0 0.331875 0.335556 0.018125 0.0244444 0.216064
0 0.358438 0.302778 0.011875 0.0166667 0.215332
2 0.127266 0.408056 0.00703125 0.0238889 0.212036
0 0.41125 0.305833 0.010625 0.0127778 0.193115
0 0.469375 0.272778 0.00625 0.0105555 0.189575
0 0.300313 0.356111 0.020625 0.0288889 0.182983
3 0.170156 0.381389 0.00625 0.0272222 0.181274
0 0.421875 0.290833 0.00812502 0.0138889 0.180664
0 0.478125 0.3075 0.01625 0.0238889 0.180054
0 0.7125 0.309722 0.0375 0.0216667 0.176636
0 0.4775 0.277778 0.00750001 0.0133333 0.174438
7 0.926875 0.458056 0.00499999 0.0166667 0.167725
0 0.0301953 0.470556 0.0210156 0.0366666 0.15979
0 0.735 0.3 0.0275 0.0188889 0.156616
2 0.0942188 0.437222 0.0115625 0.0288889 0.156128
0 0.44875 0.267778 0.00499999 0.00888887 0.154053
2 0.195469 0.381667 0.00562499 0.0211111 0.14856
3 0.93375 0.493889 0.00750001 0.0822222 0.137085
0 0.52625 0.28 0.01 0.0161111 0.134277
2 0.71125 0.382222 0.015 0.0544444 0.130249
0 0.0467188 0.435556 0.0314063 0.0277778 0.129883
0 0.395625 0.281111 0.00625 0.00888889 0.129395
7 0.65375 0.329167 0.00250003 0.0105555 0.128906
0 0.36375 0.312222 0.00999997 0.0166667 0.128052
2 0.708125 0.387222 0.01 0.0488889 0.124634
7 0.0647656 0.472222 0.0034375 0.0122222 0.124634
7 0.736875 0.4275 0.00500005 0.02 0.119995
2 0.157266 0.388889 0.00609376 0.0194444 0.117188
0 0.426875 0.279444 0.00750001 0.00999999 0.11438
0 0.485625 0.259722 0.00499999 0.0105555 0.113586
2 0.0672266 0.403611 0.0059375 0.02 0.112427
0 0.494375 0.261944 0.00749998 0.0127778 0.109314
0 0.460625 0.288056 0.00750001 0.0133333 0.104858
5 0.442813 0.264444 0.00625 0.0111111 0.100525
3 0.92875 0.49 0.00999997 0.0677778 0.0933228
0 0.414375 0.281667 0.00750001 0.0122222 0.0917358
2 0.212188 0.357778 0.0075 0.0211111 0.0917358
2 0.0982813 0.424444 0.0165625 0.0266667 0.0903931
2 0.710625 0.373333 0.00999997 0.0533333 0.0894775
0 0.011875 0.446389 0.0228516 0.0222222 0.088501
3 0.0672266 0.403333 0.00726562 0.0222222 0.0775146
0 0.00382324 0.417778 0.00764649 0.0266667 0.072876
2 0.60125 0.300556 0.009375 0.0155555 0.0723877
0 0.96125 0.335556 0.01875 0.0177778 0.0705566
0 0.47625 0.303889 0.01625 0.0166667 0.0682983
2 0.59875 0.300556 0.00874996 0.0161111 0.0661011
3 0.264063 0.467778 0.01375 0.06 0.0618896
2 0.063125 0.420833 0.00703125 0.0155556 0.0616455
0 0.384063 0.322222 0.01375 0.0222222 0.0614319
0 0.9025 0.336944 0.0275 0.0161111 0.0603027
0 0.287188 0.346111 0.016875 0.0211111 0.0587769
2 0.6375 0.3 0.00625 0.0172222 0.0579224
2 0.202813 0.376667 0.00625 0.02 0.0577087
7 0.745 0.420556 0.00374997 0.0144444 0.0577087
0 0.73875 0.296667 0.0375 0.0166667 0.0554199
2 0.6575 0.313333 0.00625 0.0166667 0.0539856
0 0.277031 0.369444 0.034375 0.0233333 0.0538025
2 0.71125 0.363611 0.01 0.0383334 0.0534058
0 0.430625 0.272222 0.00499999 0.00888889 0.0501404
0 0.52875 0.303333 0.01625 0.0188889 0.0481262
2 0.142344 0.374722 0.0059375 0.0183333 0.0479431
3 0.0780078 0.446667 0.00695313 0.0311111 0.0472412
2 0.163438 0.371111 0.0075 0.0222222 0.0446777
0 0.420625 0.307222 0.01125 0.0188889 0.0414734
2 0.175938 0.392778 0.0065625 0.0255556 0.0414734
7 0.235469 0.503889 0.00718751 0.0277778 0.0401001
2 0.00547852 0.468611 0.0107227 0.0305556 0.0368958
0 0.182187 0.381667 0.023125 0.0244444 0.0343628
0 0.45375 0.261667 0.00437498 0.00777777 0.0340881
2 0.1675 0.379722 0.0075 0.0283333 0.0332031
0 0.35125 0.307778 0.00875003 0.0166667 0.0316162
7 0.755 0.415278 0.00499999 0.015 0.0313721
7 0.636563 0.318333 0.00437501 0.0122222 0.0309143
3 0.0185547 0.484722 0.0065625 0.0361111 0.0303345
3 0.708125 0.386111 0.0125 0.0555556 0.0294189
7 0.67 0.338889 0.00374997 0.0122222 0.028656
0 0.172813 0.372778 0.01 0.0227778 0.0278015
0 0.277656 0.386667 0.0340625 0.0355555 0.0276947
0 0.73375 0.306667 0.035 0.0244445 0.0264587
7 0.26 0.483889 0.008125 0.0377778 0.0264587
0 0.349063 0.322778 0.015625 0.0188889 0.0258636
0 0.905625 0.339444 0.02875 0.0233333 0.0241394
7 0.735625 0.430833 0.00499999 0.0188889 0.0236053
0 0.475 0.26 0.00500002 0.00888889 0.0224609
1 0.378125 0.265833 0.02 0.0361111 0.0217743
3 0.232969 0.505 0.009375 0.0311111 0.0210419
3 0.0291797 0.412778 0.00679688 0.0183333 0.0204163
0 0.531875 0.279444 0.00749998 0.0111111 0.02034
0 0.38625 0.282778 0.00625 0.0122222 0.0201721
2 0.65125 0.296944 0.015 0.0144444 0.0195007
2 0.69 0.340556 0.00749995 0.0311111 0.0190887
2 0.160352 0.401667 0.0105469 0.0288889 0.0188293
3 0.149844 0.378333 0.00515626 0.0211111 0.0186462
0 0.5 0.326111 0.01375 0.0277778 0.0180511
3 0.134844 0.415833 0.00609375 0.0277778 0.0177765
3 0.105625 0.400556 0.0053125 0.025 0.0175171
0 0.80125 0.318056 0.0425 0.0327778 0.0171814
0 0.389375 0.322778 0.015 0.0205556 0.0171051
7 0.72625 0.445556 0.00499999 0.0222222 0.016983
2 0.135 0.393889 0.00625 0.0211111 0.0168457
0 0.275938 0.379167 0.031875 0.0333333 0.0167847
3 0.99625 0.594444 0.00749995 0.0722222 0.0165253
0 0.959375 0.333889 0.0175 0.0177778 0.0164032
0 0.48875 0.265556 0.00625 0.0111111 0.0164032
0 0.745 0.299444 0.05 0.0227778 0.0157166
3 0.64875 0.303889 0.00499999 0.0133334 0.0151901
0 0.297656 0.343611 0.0190625 0.0288889 0.0149536
2 0.116563 0.415 0.006875 0.03 0.0146713
2 0.208125 0.357222 0.008125 0.0211111 0.0138474
3 0.249688 0.340833 0.005 0.0188889 0.0133743
7 0.630938 0.335278 0.00374997 0.0127778 0.0125275
2 0.0244531 0.406944 0.00820313 0.0183333 0.012146
0 0.277344 0.3375 0.0190625 0.0194444 0.0119171
7 0.695625 0.365 0.00499999 0.0138889 0.0113754
0 0.336875 0.338889 0.01875 0.0266667 0.0109863
0 0.107188 0.447778 0.0215625 0.04 0.0109863
0 0.71 0.303611 0.015 0.0183333 0.0100937
2 0.609375 0.316944 0.010625 0.0188889 0.00985718
0 0.32875 0.354444 0.029375 0.0333333 0.00985718
2 0.694375 0.330556 0.00999997 0.0277778 0.00952148
0 0.96625 0.337222 0.0225 0.0188889 0.00937653
2 0.141875 0.377222 0.00687499 0.02 0.00878143
2 0.0864063 0.444167 0.01125 0.0316667 0.00828552
0 0.73875 0.313611 0.04125 0.0416667 0.00793457
2 0.111641 0.420556 0.00984375 0.03 0.00790405
7 0.245 0.497222 0.00531251 0.0155555 0.00714874
0 0.735625 0.326111 0.035 0.0338889 0.00706482
7 0.7225 0.448889 0.00625 0.0222222 0.00701141
0 0.0190918 0.442778 0.0168945 0.0211111 0.00695801
0 0.0941406 0.426667 0.0276562 0.0227778 0.0069046
3 0.106016 0.39 0.00593751 0.0183333 0.00631332
2 0.0823438 0.445 0.00984375 0.0333333 0.00631332
0 0.3225 0.337778 0.01875 0.0222222 0.00609589
2 0.0261914 0.421944 0.00710938 0.0161111 0.00588989
0 0.768125 0.315556 0.10375 0.0488889 0.00582123
7 0.64625 0.316111 0.00500005 0.0116667 0.00566483
0 0.18125 0.390278 0.02125 0.0338889 0.00530243
2 0.235 0.353056 0.00406249 0.0133334 0.00518036
0 0.306563 0.353333 0.028125 0.0377778 0.00516129
0 0.74 0.322222 0.0449999 0.0466667 0.0051384
0 0.5275 0.272778 0.009375 0.0122222 0.00503922
7 0.92875 0.457222 0.00500005 0.0244445 0.00498199
2 0.1575 0.373889 0.00875001 0.0233333 0.00494385
3 0.93125 0.481667 0.00750001 0.06 0.0049057
0 0.330938 0.321389 0.015 0.0194444 0.00482941
3 0.69875 0.352778 0.00750001 0.0277778 0.00471878
7 0.72375 0.395278 0.00499999 0.0238889 0.00469971
7 0.00845703 0.543889 0.00738281 0.0188889 0.00468063
0 0.162813 0.426667 0.014375 0.04 0.00431442
0 0.0783594 0.427778 0.0226563 0.0266667 0.00419998
0 0.240469 0.381667 0.0228125 0.0255556 0.00413513
0 0.501875 0.258333 0.00750001 0.0105555 0.00405502
0 0.965625 0.341389 0.0225 0.0238889 0.0039444
0 0.0475 0.524167 0.0429688 0.0427778 0.00365067
3 0.235 0.511111 0.0125 0.0422223 0.00355148
0 0.304063 0.362778 0.0203125 0.0288889 0.00355148
3 0.955625 0.443333 0.00875003 0.0855555 0.00351143
0 0.66375 0.289444 0.035 0.0233333 0.00348282
0 0.73 0.324444 0.025 0.0344444 0.00345612
0 0.247969 0.377222 0.0171875 0.0244444 0.00345612
0 0.85875 0.336389 0.035 0.0272222 0.00342941
7 0.67125 0.475 0.00749995 0.0327778 0.00336266
0 0.00554688 0.396667 0.0110938 0.03 0.00333786
2 0.0953906 0.411389 0.00625 0.0238889 0.00329781
2 0.69625 0.351111 0.00625 0.0233333 0.00323486
0 0.43 0.302778 0.015 0.0244444 0.00314713
0 0.0228125 0.607222 0.0455469 0.0955556 0.00309944
0 0.466875 0.345278 0.02125 0.0338889 0.00309944
0 0.49875 0.288889 0.010625 0.0155556 0.00304031
2 0.68625 0.296667 0.00625 0.0155556 0.00293541
0 0.0478516 0.529444 0.0511719 0.0555556 0.00275803
3 0.584375 0.295 0.00499999 0.0133333 0.00273705
0 0.41125 0.270833 0.00875003 0.00944443 0.00271416
0 0.79 0.315556 0.0625 0.0411111 0.0026722
3 0.169375 0.4 0.010625 0.03 0.00266266
2 0.708125 0.361667 0.00874996 0.0344445 0.00259018
3 0.954375 0.460556 0.00625 0.0488889 0.00259018
0 0.484375 0.244583 0.00500002 0.00888889 0.0024147
0 0.0166211 0.605556 0.033125 0.0866667 0.00228691
2 0.592813 0.3 0.00999997 0.0166667 0.00224304
0 0.91125 0.334444 0.03 0.0155555 0.00218201
0 0.996875 0.605556 0.00624994 0.0711111 0.00217438
0 0.708125 0.303889 0.02375 0.0188889 0.00216484
0 0.0110547 0.423333 0.0168164 0.02 0.00190449
0 0.77125 0.352222 0.02125 0.0188889 0.00190449
0 0.264375 0.594444 0.063125 0.0644445 0.00188255
0 0.0111035 0.605556 0.022168 0.0911111 0.00188255
7 0.685625 0.358611 0.00499999 0.0188889 0.00185299
0 0.376875 0.281389 0.00687501 0.015 0.0017004
0 0.56 0.304444 0.025 0.0255556 0.0016613
