0 0.5225 0.752222 0.1475 0.391111 0.9375
0 0.316406 0.255278 0.0684375 0.0833333 0.922852
0 0.342813 0.186667 0.035625 0.0544444 0.85791
0 0.410625 0.152222 0.0325 0.0472222 0.850098
0 0.365 0.0768056 0.0175 0.0236111 0.823242
0 0.337813 0.149722 0.03375 0.0438889 0.809082
0 0.0735938 0.258958 0.0364062 0.0376389 0.805664
7 0.245469 0.284167 0.00843751 0.0283333 0.790527
0 0.0342578 0.291667 0.0305469 0.0333333 0.771973
0 0.0150586 0.316111 0.0297656 0.0355555 0.771973
7 0.703125 0.200972 0.00750001 0.0258333 0.770508
0 0.37875 0.125694 0.03625 0.0341667 0.767578
0 0.8725 0.0750694 0.0300001 0.0258333 0.766113
0 0.685 0.0393056 0.0325 0.0202778 0.762207
2 0.6925 0.158056 0.0275 0.0577778 0.737305
7 0.0310547 0.379167 0.00554688 0.0166667 0.737305
7 0.744375 0.176111 0.00750001 0.0236111 0.732422
0 0.398125 0.0729167 0.0175 0.0241667 0.71875
3 0.705 0.164167 0.01 0.0594444 0.705566
7 0.753125 0.163889 0.00625 0.0194444 0.700684
7 0.0442969 0.363333 0.00484375 0.0172222 0.700684
0 0.755 0.0545139 0.0325 0.0226389 0.694336
0 0.0512891 0.288056 0.0324219 0.0355555 0.694336
0 0.419375 0.0666667 0.01625 0.0233333 0.684082
2 0.653125 0.0484028 0.01 0.0266667 0.668945
0 0.89875 0.0866667 0.02875 0.0234722 0.662109
0 0.53375 0.018125 0.010625 0.0141667 0.662109
0 0.602188 0.0308333 0.026875 0.0186111 0.616699
0 0.381875 0.0715278 0.01625 0.0236111 0.611328
7 0.94625 0.219167 0.00499999 0.0188889 0.611328
0 0.82125 0.0681944 0.035 0.0280556 0.605957
0 0.771875 0.0625 0.03375 0.0227778 0.581543
0 0.81625 0.0629167 0.03375 0.0252778 0.560059
0 0.7875 0.0677778 0.04 0.0244444 0.53125
7 0.6925 0.185278 0.00750001 0.0238889 0.509766
0 0.244375 0.133056 0.026875 0.0277778 0.458984
0 0.413125 0.0538194 0.01375 0.0194444 0.446533
7 0.77 0.133056 0.00499999 0.0188889 0.445557
3 0.72875 0.1525 0.00999997 0.0544444 0.432129
7 0.257969 0.263889 0.00812499 0.0261111 0.416748
0 0.433125 0.0480556 0.0125 0.0194444 0.40918
0 0.433125 0.0540972 0.0125 0.0183333 0.384033
7 0.7725 0.146111 0.00499999 0.0183333 0.379395
7 0.705625 0.0808333 0.00374997 0.0115278 0.37207
7 0.70375 0.194028 0.00750001 0.0308333 0.370117
0 0.423125 0.0493056 0.0125 0.0177778 0.299072
7 0.085 0.29 0.00515625 0.0155555 0.295898
0 0.77625 0.0657639 0.03875 0.02625 0.294189
7 0.7475 0.128333 0.00499999 0.02 0.289307
3 0.226719 0.146389 0.00531251 0.0222222 0.279785
7 0.0696875 0.301111 0.00398437 0.0133334 0.275146
3 0.145156 0.212778 0.00437501 0.0188889 0.246582
7 0.164063 0.2075 0.004375 0.0183333 0.243652
3 0.21625 0.149722 0.005 0.0255555 0.2323
0 0.45375 0.0101389 0.00874999 0.0129167 0.225464
7 0.74625 0.126389 0.00500005 0.0211111 0.222656
0 0.37875 0.0725 0.015 0.0238889 0.213989
0 0.431563 0.0572222 0.013125 0.0191667 0.20813
0 0.416875 0.0235069 0.01125 0.0141667 0.194946
7 0.946875 0.216111 0.00499999 0.0205556 0.184814
0 0.492188 0.0182292 0.00749998 0.0111806 0.17334
5 0.395 0.0353125 0.0125 0.0157639 0.167236
7 0.0751563 0.296667 0.00484375 0.0138889 0.15979
7 0.748125 0.129722 0.00499999 0.0211111 0.150513
0 0.00408936 0.281111 0.00817871 0.0255556 0.141235
0 0.49375 0.0113889 0.00625 0.00875 0.127686
3 0.21 0.155694 0.00625 0.0302778 0.118408
3 0.219219 0.143889 0.00562499 0.0280556 0.117981
0 0.44125 0.0402778 0.01 0.0190278 0.107788
3 0.7 0.160833 0.00874996 0.0594444 0.107422
3 0.730625 0.151944 0.0112501 0.055 0.104858
0 0.378438 0.0690278 0.011875 0.0202778 0.0957031
3 0.145625 0.215278 0.0046875 0.0222222 0.0881958
7 0.7525 0.166389 0.00749995 0.0208333 0.0881958
7 0.6875 0.181806 0.00750001 0.0211111 0.0853882
0 0.39 0.0570833 0.0125 0.0177778 0.0820923
0 0.00345703 0.290833 0.00691406 0.0277778 0.0803833
0 0.3875 0.0469444 0.00874999 0.0138889 0.0794678
2 0.73 0.149722 0.01125 0.0547222 0.0734253
0 0.899375 0.0896528 0.03375 0.0270833 0.0687866
0 0.599375 0.0326389 0.0325 0.0176389 0.0685425
0 0.44125 0.0360417 0.010625 0.0222222 0.0678101
2 0.236563 0.125556 0.00687501 0.02 0.0653687
3 0.28625 0.100972 0.00437501 0.0144444 0.0648804
0 0.41125 0.0517361 0.015625 0.0186111 0.0646362
3 0.715 0.154028 0.00999997 0.0602778 0.0643921
0 0.41875 0.0702778 0.015 0.0252778 0.0611877
3 0.215625 0.144722 0.005 0.0211111 0.0594177
2 0.668125 0.0421528 0.00749995 0.0204167 0.0592041
3 0.713125 0.146667 0.00999997 0.055 0.0577087
0 0.017832 0.311667 0.03375 0.04 0.0577087
2 0.263438 0.106944 0.00625 0.0172222 0.0572815
7 0.155 0.1925 0.00406249 0.0141667 0.0526123
3 0.60375 0.0411285 0.00625 0.0185764 0.0522461
2 0.65375 0.0368403 0.00750001 0.021875 0.0512695
5 0.00547852 0.266667 0.010957 0.0322222 0.0492249
7 0.69125 0.0836111 0.00499999 0.0168056 0.0453491
0 0.896875 0.0818056 0.02375 0.0233333 0.0438538
0 0.78875 0.0718056 0.045 0.0273611 0.0390625
7 0.285625 0.117222 0.003125 0.00722222 0.0367737
7 0.9475 0.224167 0.00500005 0.0227778 0.0367737
7 0.944375 0.233056 0.00500005 0.0238889 0.0360718
3 0.7125 0.161111 0.00750001 0.0672222 0.0350037
0 0.415 0.0245139 0.0125 0.015 0.0350037
0 0.766875 0.056875 0.03375 0.0233333 0.03125
0 0.395625 0.0407118 0.013125 0.0199653 0.0309143
0 0.36875 0.0641667 0.015 0.0225 0.0304413
0 0.246094 0.128056 0.015 0.0236111 0.0303345
7 0.7625 0.153889 0.00750001 0.0194444 0.0281067
0 0.6 0.0286806 0.03 0.0216667 0.0257568
2 0.689375 0.153472 0.0225 0.0561111 0.0252686
0 0.436875 0.0356944 0.01 0.0181944 0.0245209
7 0.693125 0.0793056 0.00374997 0.0144444 0.0245209
0 0.4025 0.0313194 0.00874999 0.0116667 0.0239563
3 0.265 0.110799 0.00406249 0.0189583 0.0231476
7 0.294844 0.117361 0.00375001 0.00833333 0.0209656
3 0.109375 0.200972 0.00421875 0.0205556 0.0202179
3 0.71125 0.174444 0.00874996 0.0622222 0.0193787
0 0.410625 0.143611 0.0325 0.0472222 0.0192719
2 0.206563 0.151389 0.0075 0.0255555 0.0191193
3 0.311563 0.0943056 0.00562499 0.0158333 0.0177155
3 0.288594 0.0972222 0.00562499 0.0194445 0.016922
0 0.00749023 0.272778 0.0133594 0.0244444 0.0167847
0 0.99 0.120417 0.01875 0.0247222 0.0166626
3 0.0860938 0.274444 0.008125 0.03 0.0165253
0 0.98625 0.114306 0.0175 0.0177778 0.0164642
3 0.164688 0.215556 0.00437501 0.0227778 0.0157166
3 0.67125 0.0480556 0.00625 0.0205556 0.0148392
0 0.240625 0.139167 0.03125 0.0333333 0.0147858
0 0.9825 0.112465 0.02125 0.020625 0.0143356
0 0.78 0.0568056 0.0225 0.0233333 0.0142822
0 0.83375 0.0729167 0.04 0.0291667 0.0142822
2 0.115469 0.191111 0.005625 0.02 0.0136871
3 0.0434766 0.297222 0.00859375 0.04 0.0136871
2 0.885625 0.0543056 0.00625 0.0197222 0.0134277
5 0.3925 0.0351736 0.01625 0.0174306 0.0130692
2 0.122344 0.1875 0.0090625 0.0222222 0.0124817
0 0.430625 0.0206944 0.00874999 0.01125 0.0124283
0 0.441875 0.0151389 0.01 0.0161111 0.0122375
0 0.4875 0.0110764 0.00749998 0.009375 0.0119629
0 0.43875 0.0108681 0.00874999 0.0129861 0.0110321
2 0.666875 0.0377778 0.00625 0.0205556 0.0109024
0 0.0101367 0.278889 0.0160156 0.0261111 0.0108185
5 0.00543457 0.253611 0.0108691 0.03 0.0106964
3 0.231875 0.135139 0.01 0.0302778 0.0106506
0 0.0277295 0.299444 0.0210254 0.0366667 0.0106125
7 0.75375 0.161944 0.00499999 0.0194444 0.0104904
0 0.451875 0.0152778 0.009375 0.0144444 0.0104065
7 0.7 0.0752778 0.00499999 0.0161111 0.0100098
0 0.52625 0.0134028 0.00625 0.0106944 0.00974274
3 0.17 0.160556 0.004375 0.0188889 0.00971222
3 0.29625 0.0980556 0.0046875 0.0155556 0.00955963
3 0.197188 0.156944 0.00531251 0.0205556 0.00948334
7 0.7725 0.143194 0.00625 0.02 0.00898743
0 0.88375 0.0740278 0.0275 0.0261111 0.00871277
0 0.85 0.0729861 0.0325 0.0254167 0.0085144
3 0.0363281 0.261667 0.00804688 0.0161111 0.00834656
0 0.45875 0.00590278 0.00750001 0.0118056 0.008255
0 0.361875 0.0722917 0.015625 0.0211111 0.0078125
0 0.51625 0.0102083 0.00687501 0.00902778 0.00766754
2 0.85375 0.0419271 0.00749995 0.0175347 0.00766754
3 0.70875 0.143889 0.0125 0.0547222 0.00757599
7 0.94125 0.215278 0.00500005 0.0177778 0.00757599
0 0.499375 0.00506944 0.00625 0.0101389 0.00746155
2 0.7325 0.125 0.00750001 0.0277778 0.00743103
3 0.143906 0.171389 0.00562499 0.0205556 0.00737381
7 0.00949219 0.369722 0.0046875 0.02 0.00728989
2 0.644375 0.0223958 0.00499999 0.0223611 0.00720596
3 0.876875 0.0509722 0.00625 0.0147222 0.00703812
7 0.305 0.102917 0.00437501 0.0119444 0.00664139
0 0.79625 0.0565278 0.02875 0.0238889 0.00653839
0 0.545 0.0114583 0.00625 0.0104167 0.00651169
7 0.289375 0.121944 0.00437501 0.0127778 0.00651169
3 0.650625 0.0254861 0.00750001 0.0215278 0.00638962
7 0.185625 0.205 0.0034375 0.0127778 0.00636292
0 0.423125 0.031875 0.009375 0.01625 0.00626373
0 0.493125 0.0233333 0.00625 0.01375 0.00614548
7 0.70625 0.0704167 0.00499999 0.0169444 0.00612259
2 0.0126392 0.265556 0.00913574 0.0211111 0.00598145
0 0.775 0.0709722 0.035 0.0266667 0.00568771
7 0.701875 0.195833 0.00874996 0.0444445 0.00518036
7 0.565625 0.0494444 0.00375004 0.0116667 0.0051384
7 0.635 0.0459722 0.00250003 0.00722222 0.00494385
0 0.37875 0.0490278 0.011875 0.0138889 0.00486755
3 0.67375 0.0554167 0.00499999 0.0213889 0.00479126
7 0.71 0.0563889 0.00499999 0.0179167 0.00426483
3 0.2275 0.149722 0.00687501 0.0283333 0.00424957
2 0.569375 0.0220139 0.01125 0.0154167 0.00418091
0 0.820625 0.0781944 0.04 0.0331944 0.00411606
7 0.313125 0.095625 0.00625 0.0147222 0.00407028
7 0.274063 0.117639 0.00437501 0.00861112 0.00403976
2 0.685 0.0177778 0.00499999 0.0190278 0.00400543
2 0.208125 0.146111 0.011875 0.025 0.00390053
7 0.236563 0.209167 0.00687501 0.0211111 0.00388527
3 0.154844 0.175833 0.00406249 0.0161111 0.00382423
0 0.5475 0.0178819 0.0125 0.0154861 0.00378036
2 0.885 0.0636111 0.015 0.0265278 0.00367928
0 0.537813 0.00548611 0.00812499 0.0109722 0.00362206
2 0.206094 0.163333 0.01 0.0322222 0.00359344
7 0.70875 0.0863889 0.00500005 0.0177778 0.00356483
0 0.97625 0.106528 0.015 0.0194444 0.00342941
7 0.0657031 0.303333 0.00421875 0.0222222 0.00342941
3 0.105938 0.202917 0.005 0.0233333 0.00341606
7 0.95375 0.225556 0.00500005 0.0177778 0.00335121
3 0.978125 0.199444 0.00874996 0.0580556 0.00333786
7 0.26125 0.266667 0.00875001 0.0288889 0.00333786
0 0.36625 0.0802778 0.0175 0.0266667 0.00307465
7 0.625313 0.0479167 0.00375004 0.00888889 0.0030632
7 0.645625 0.0641667 0.00375004 0.0102778 0.00300407
0 0.247969 0.140833 0.02 0.0288889 0.00298119
2 0.73 0.138611 0.01375 0.0544444 0.00293541
0 0.98 0.106806 0.0175 0.0197222 0.00291252
0 0.91375 0.0942361 0.0375 0.0306944 0.00275803
0 0.72625 0.0518056 0.0375 0.0208333 0.00268364
7 0.0319922 0.378611 0.00671875 0.0166667 0.00261116
0 0.995625 0.1275 0.00874996 0.0322222 0.00259018
0 0.82 0.0609028 0.035 0.0302778 0.00258064
2 0.74375 0.114583 0.01125 0.0483333 0.00251198
2 0.695625 0.0179861 0.00625 0.02 0.00247192
3 0.18375 0.170278 0.004375 0.0194444 0.00247192
2 0.314688 0.0879861 0.00687501 0.0161111 0.00226974
0 0.504375 0.00930556 0.00499999 0.00847222 0.00225258
0 0.465313 0.00972222 0.00499999 0.0106944 0.00221634
7 0.635625 0.0645833 0.00374997 0.0120833 0.00220871
7 0.70375 0.043125 0.00499999 0.0168056 0.00217438
2 0.691875 0.0250694 0.015 0.0197222 0.00213242
0 0.375 0.108403 0.03125 0.0529167 0.00208282
7 0.715 0.0798611 0.00500005 0.0138889 0.00206757
7 0.260313 0.263611 0.010625 0.0272222 0.00206757
3 0.989375 0.187222 0.01125 0.0777778 0.0019722
3 0.21375 0.161528 0.00687501 0.0311111 0.00194168
2 0.783125 0.0320833 0.00750001 0.0163889 0.00193405
7 0.725 0.0793056 0.00499999 0.015 0.00192642
2 0.157344 0.203611 0.00687501 0.0222222 0.00188255
7 0.110313 0.229306 0.005625 0.0180556 0.00182438
0 0.23 0.134028 0.01625 0.0402778 0.00181007
3 0.149688 0.201806 0.005 0.0233333 0.00178909
7 0.544375 0.0480556 0.00625 0.0152778 0.0016489
2 0.585625 0.0135417 0.00625 0.0136111 0.00164223
2 0.074375 0.233194 0.0090625 0.0258333 0.00164223
3 0.715 0.131806 0.00999997 0.0555556 0.00162315
0 0.73875 0.0521528 0.0425 0.0209722 0.0015974
2 0.64625 0.0195139 0.00999997 0.0254167 0.00159168
7 0.189688 0.198333 0.00499999 0.0166667 0.00159168
3 0.103828 0.19625 0.00640625 0.0255556 0.00157356
3 0.7125 0.175694 0.01 0.0777778 0.00157356
0 0.553438 0.00965278 0.00687504 0.01125 0.00156116
2 0.735 0.11125 0.00999997 0.0425 0.00156116
3 0.27375 0.104722 0.00562499 0.0191667 0.00154877
0 0.975 0.113576 0.03 0.0239583 0.00154877
0 0.534063 0.0225 0.01125 0.0177778 0.00150108
3 0.19 0.164444 0.00562499 0.0263889 0.0014782
2 0.9025 0.0714583 0.015 0.0223611 0.00143814
2 0.577187 0.0252778 0.00750001 0.0140278 0.00143242
7 0.249063 0.270278 0.0103125 0.035 0.00143242
7 0.64625 0.0827778 0.00749995 0.0141667 0.00138855
7 0.0946875 0.281944 0.00390625 0.0161111 0.00136662
0 0.425 0.0145833 0.00625 0.0118056 0.00131512
7 0.0346289 0.418889 0.006875 0.0255556 0.00130463
5 0.00900879 0.253333 0.0179004 0.0305556 0.00123501
0 0.92625 0.0952778 0.03125 0.0269444 0.00121117
0 0.60125 0.0367361 0.01875 0.0247222 0.00118828
2 0.675625 0.0172917 0.00625 0.0198611 0.0011692
7 0.615 0.0614583 0.00500005 0.0148611 0.0011425
7 0.576875 0.0439062 0.00625 0.0157986 0.00113773
2 0.935 0.0872222 0.00875003 0.0194444 0.00112438
7 0.0567188 0.296111 0.008125 0.0388889 0.00110722
7 0.65625 0.0815278 0.00499999 0.0141667 0.0011034
7 0.165 0.197083 0.00375001 0.0194444 0.00108147
3 0.095 0.209444 0.005 0.0188889 0.00108147
3 0.92625 0.22 0.00750001 0.0433333 0.00107765
3 0.97625 0.205833 0.00750001 0.0677778 0.00107765
3 0.470625 0.0515278 0.00625 0.0225 0.00106049
3 0.854375 0.0365278 0.00750001 0.0227778 0.00104809
0 0.259063 0.107361 0.01 0.02 0.00104046
