0 0.306563 0.875 0.143125 0.248889 0.95166
0 0.479375 0.902222 0.1725 0.194444 0.95166
0 0.672344 0.94 0.150312 0.12 0.948242
0 0.0301953 0.938333 0.0603906 0.12 0.93457
0 0.380938 0.562083 0.070625 0.133611 0.933105
0 0.265 0.648889 0.0990625 0.13 0.933105
0 0.223438 0.594444 0.085625 0.102222 0.932617
0 0.172773 0.841111 0.158203 0.275556 0.931641
0 0.117344 0.768889 0.120938 0.164444 0.920898
0 0.9625 0.904444 0.0749999 0.191111 0.920898
0 0.483125 0.462222 0.041875 0.0677778 0.896484
0 0.0979492 0.491667 0.0506641 0.0588889 0.893066
0 0.426875 0.428333 0.0375 0.0577778 0.88623
0 0.0182227 0.618889 0.0364453 0.0933334 0.878418
0 0.4975 0.362222 0.02625 0.0377778 0.861328
0 0.245938 0.393333 0.031875 0.0366666 0.855957
0 0.480313 0.405 0.0325 0.0488889 0.852051
0 0.457188 0.3375 0.01875 0.0372222 0.850098
0 0.554375 0.359444 0.029375 0.0366667 0.849121
5 0.564063 0.473611 0.0875 0.165 0.848145
0 0.227344 0.448889 0.043125 0.0555556 0.841797
0 0.51125 0.334167 0.020625 0.03 0.84082
0 0.493125 0.277778 0.01 0.0155556 0.834473
0 0.189219 0.451667 0.045625 0.0544444 0.834473
0 0.34875 0.342778 0.02125 0.0288889 0.822266
0 0.385 0.325833 0.0175 0.0222222 0.804199
0 0.465 0.302778 0.01375 0.0188889 0.803223
0 0.855 0.331667 0.035 0.0255555 0.788086
2 0.0191797 0.495556 0.0173828 0.0361111 0.775879
0 0.8225 0.318889 0.0325 0.0333333 0.771973
0 0.0579688 0.439444 0.0335938 0.0244444 0.767578
0 0.510313 0.315278 0.0175 0.0227778 0.73584
0 0.751875 0.335833 0.0375 0.0294444 0.73584
0 0.3 0.38 0.0271875 0.0377778 0.732422
7 0.235625 0.503333 0.0075 0.025 0.720215
7 0.6675 0.464167 0.00499999 0.0216667 0.716797
0 0.0342139 0.456111 0.037666 0.0311111 0.715332
1 0.301406 0.331667 0.0440625 0.0544444 0.700684
0 0.242031 0.3525 0.0271875 0.0266667 0.692871
0 0.405 0.322222 0.015 0.0222222 0.682617
0 0.815625 0.329444 0.0325 0.0244444 0.642578
0 0.566563 0.303889 0.021875 0.0183333 0.642578
0 0.520313 0.288333 0.0125 0.0166667 0.637207
0 0.274063 0.369722 0.020625 0.0283333 0.625977
0 0.00965332 0.4425 0.0193066 0.0261111 0.620605
7 0.749375 0.415833 0.00500005 0.0166667 0.620605
7 0.729375 0.438889 0.00625 0.0188889 0.620605
7 0.72375 0.401667 0.00499999 0.0166667 0.604004
7 0.925 0.457778 0.00499999 0.0188889 0.588867
2 0.115156 0.4275 0.011875 0.0288889 0.583008
0 0.745 0.321389 0.035 0.0272222 0.565918
7 0.73875 0.428333 0.00499999 0.0222222 0.563965
0 0.0142578 0.458056 0.0281641 0.0261111 0.558105
0 0.544063 0.416667 0.041875 0.0455555 0.541016
2 0.133203 0.407222 0.0096875 0.0255555 0.525391
0 0.246563 0.351389 0.0284375 0.0261111 0.501953
0 0.00995606 0.438333 0.0196973 0.0216667 0.501953
0 0.288438 0.373333 0.0225 0.0283333 0.498047
7 0.634688 0.329722 0.00375004 0.0127778 0.484375
2 0.0910938 0.447778 0.0125 0.0333333 0.484375
3 0.665625 0.336944 0.00499999 0.0272222 0.474609
7 0.2225 0.518333 0.00625 0.02 0.46875
0 0.41375 0.315278 0.0125 0.0177778 0.460938
5 0.38875 0.293056 0.015625 0.0255556 0.455078
7 0.74625 0.400278 0.00500005 0.0155555 0.451416
2 0.144063 0.412778 0.00843751 0.0233333 0.434082
0 0.75375 0.319444 0.0325 0.0244444 0.430176
0 0.0142578 0.464722 0.0285156 0.0333333 0.428223
7 0.67875 0.479444 0.00750001 0.0266667 0.395996
0 0.335938 0.333889 0.015 0.0205556 0.391357
0 0.0727344 0.412222 0.0267187 0.0244444 0.390381
0 0.395 0.310556 0.01125 0.0166667 0.346924
2 0.566875 0.305278 0.01875 0.0194444 0.346924
7 0.0246875 0.530556 0.00554688 0.0155555 0.346924
0 0.0140039 0.450833 0.0277734 0.0255556 0.345947
0 0.340625 0.314444 0.0175 0.0222222 0.327637
0 0.57625 0.402778 0.0475 0.0588889 0.317383
1 0.389063 0.292778 0.01625 0.0266667 0.309082
0 0.3625 0.316667 0.015625 0.0144444 0.30249
7 0.7375 0.428056 0.00499999 0.0188889 0.297363
2 0.164688 0.405556 0.00625 0.0261111 0.289307
7 0.0101367 0.546667 0.00455078 0.0177777 0.280518
2 0.155781 0.4 0.00687501 0.0277778 0.279785
0 0.56125 0.298889 0.0225 0.0166667 0.276611
0 0.372187 0.305556 0.01 0.0155556 0.271973
7 0.0502344 0.478333 0.00304688 0.0144444 0.271973
7 0.65375 0.328333 0.00374997 0.0122222 0.26123
5 0.485625 0.262778 0.01 0.0166667 0.259766
0 0.404375 0.3 0.0125 0.0166667 0.255371
0 0.0751172 0.412778 0.0233594 0.0205556 0.255371
7 0.0640625 0.472778 0.00414063 0.0133334 0.246582
0 0.3725 0.312778 0.0125 0.0188889 0.240723
0 0.54375 0.425278 0.0425 0.0538889 0.240723
0 0.583438 0.428333 0.059375 0.0788889 0.236572
0 0.413125 0.295 0.0125 0.0166667 0.235107
3 0.236406 0.477222 0.0146875 0.0655556 0.233765
0 0.58125 0.416667 0.04875 0.0744444 0.226807
2 0.155938 0.393889 0.0065625 0.0222222 0.218018
0 0.41375 0.303889 0.01125 0.0177778 0.217285
3 0.190625 0.372222 0.00562501 0.0244444 0.187134
0 0.313125 0.341667 0.016875 0.0222222 0.185303
0 0.3525 0.314722 0.010625 0.0172222 0.182373
7 0.923125 0.466111 0.00499999 0.0188889 0.181885
0 0.285 0.350556 0.011875 0.0177778 0.181274
7 0.736875 0.431111 0.00625 0.0188889 0.177246
0 0.0312695 0.45 0.0324609 0.0311111 0.176636
3 0.189688 0.409444 0.00625 0.0333333 0.171631
0 0.434063 0.275833 0.00687501 0.0105555 0.16394
3 0.149063 0.409444 0.00656249 0.0238889 0.161865
0 0.7475 0.3175 0.04 0.0288889 0.150513
0 0.5475 0.427778 0.05 0.0844444 0.135254
2 0.6825 0.353889 0.00750001 0.0288889 0.134766
0 0.589375 0.437222 0.05 0.0622222 0.132568
0 0.3625 0.328611 0.0175 0.0261111 0.131592
3 0.174688 0.400556 0.005 0.0311111 0.123352
0 0.4225 0.291667 0.009375 0.0144444 0.122498
3 0.6825 0.355278 0.00625 0.0283333 0.118774
0 0.422188 0.279444 0.009375 0.0133333 0.116333
0 0.328125 0.326111 0.0125 0.0205556 0.113953
0 0.419375 0.285833 0.00874999 0.0127778 0.104126
7 0.74375 0.420556 0.00499999 0.0155555 0.0910645
0 0.530625 0.289444 0.01625 0.0166667 0.0900879
0 0.4125 0.281111 0.01 0.0133333 0.0878906
2 0.0537891 0.407778 0.00632813 0.02 0.0866089
2 0.583125 0.311111 0.00750001 0.0233333 0.0863037
0 0.32625 0.317778 0.011875 0.0188889 0.085083
3 0.94375 0.372222 0.00499999 0.0311111 0.0823975
2 0.05125 0.4125 0.0071875 0.0216667 0.0812378
7 0.70875 0.404444 0.00500005 0.0188889 0.0812378
0 0.0417969 0.454444 0.035 0.0288889 0.0800781
3 0.69 0.304444 0.00500005 0.02 0.0794678
0 0.82 0.323333 0.035 0.0288889 0.0783691
0 0.4525 0.261667 0.00750001 0.0116667 0.072876
0 0.81125 0.333333 0.0375 0.0238889 0.0718384
3 0.111094 0.421667 0.00625 0.0277778 0.069519
0 0.375625 0.3 0.010625 0.0155556 0.0668335
2 0.0566016 0.416667 0.00929687 0.0177778 0.0639648
3 0.232813 0.474444 0.009375 0.0466667 0.0632324
3 0.170625 0.401667 0.00625 0.0294444 0.0572815
7 0.205313 0.386111 0.00375001 0.0111111 0.0566406
0 0.3525 0.306944 0.01125 0.0144444 0.0564575
7 0.92875 0.477222 0.00500005 0.02 0.0544128
0 0.9025 0.331667 0.0275 0.0177778 0.0524292
0 0.445 0.263333 0.00499999 0.01 0.0495911
0 0.0709766 0.416111 0.0272656 0.0255556 0.049408
2 0.135313 0.391111 0.005625 0.0188889 0.0490417
0 0.90375 0.334444 0.0300001 0.0177778 0.0484924
3 0.175313 0.393333 0.005 0.0283333 0.0467224
3 0.164063 0.391111 0.005 0.0233333 0.0463867
3 0.195938 0.383889 0.00437501 0.0188889 0.0460205
0 0.49 0.268333 0.00625 0.0122222 0.0445251
0 0.45 0.265556 0.00749998 0.0122222 0.0441895
0 0.6075 0.442222 0.01375 0.0511111 0.0420837
3 0.688125 0.411111 0.00875003 0.0411111 0.0417786
0 0.475 0.256389 0.00749998 0.0116667 0.0414734
5 0.39375 0.297778 0.013125 0.0311111 0.0399475
0 0.0159595 0.431667 0.0176123 0.0222222 0.0381775
0 0.458125 0.343889 0.016875 0.0366667 0.0367126
0 0.534688 0.273056 0.00687501 0.0138889 0.0366211
3 0.235625 0.500556 0.00874999 0.0288889 0.0334778
3 0.214688 0.366667 0.00375001 0.0166667 0.0332031
2 0.265 0.338333 0.00718749 0.02 0.0317383
0 0.33875 0.338889 0.015 0.0222222 0.0306702
0 0.430313 0.271667 0.00687501 0.01 0.0298767
7 0.0453906 0.486667 0.00359375 0.0144444 0.0297546
3 0.165625 0.407222 0.0059375 0.0283333 0.0287628
7 0.115391 0.45 0.00625 0.0177778 0.0287628
3 0.192813 0.372778 0.00562499 0.0272222 0.0280151
3 0.695625 0.306944 0.00499999 0.0188889 0.0278015
0 0.75625 0.333056 0.0425 0.0272222 0.0271759
2 0.117031 0.412778 0.0071875 0.0266667 0.0269623
3 0.695625 0.303056 0.00499999 0.0194444 0.0267639
2 0.126797 0.416389 0.00640625 0.0222222 0.0261536
7 0.75625 0.417222 0.00499999 0.0188889 0.0258636
0 0.56125 0.302222 0.0275 0.0227778 0.0248871
0 0.5975 0.438333 0.03 0.0644445 0.0246124
3 0.175 0.411389 0.004375 0.0227778 0.0222931
0 0.53 0.272222 0.00687501 0.0138889 0.0216217
7 0.93375 0.475 0.00499999 0.0222222 0.0207214
7 0.726875 0.44 0.00499999 0.0177778 0.0204163
0 0.334375 0.311944 0.015 0.0205555 0.0197601
2 0.688125 0.408611 0.00875003 0.0394444 0.0189819
7 0.685 0.313333 0.00499999 0.0144444 0.0182648
3 0.105469 0.398333 0.0053125 0.0233333 0.0182648
3 0.70375 0.370556 0.00750001 0.0455556 0.0179901
0 0.956875 0.314444 0.0137499 0.0188889 0.0176392
2 0.112813 0.433889 0.00875 0.0311111 0.0175171
2 0.104219 0.391667 0.00671875 0.0177778 0.0173035
7 0.7075 0.398889 0.00625 0.0222222 0.0173035
7 0.604688 0.330556 0.00375004 0.0111111 0.016922
0 0.519063 0.286389 0.0125 0.0194444 0.0167236
0 0.277656 0.358889 0.018125 0.0244444 0.0164642
2 0.00332031 0.414444 0.00664063 0.0177778 0.0158386
3 0.155703 0.408056 0.00484374 0.0266667 0.0156708
3 0.187031 0.421944 0.0078125 0.0311111 0.0155411
0 0.493125 0.261944 0.00625 0.0116667 0.0153656
7 0.00444336 0.564444 0.00526367 0.0177778 0.0148392
0 0.238125 0.353889 0.02875 0.0255556 0.0147324
7 0.105469 0.439444 0.00546875 0.0166667 0.014389
7 0.64375 0.343611 0.00499999 0.0138889 0.013588
0 0.0147559 0.6 0.0290039 0.06 0.0132751
3 0.255313 0.331111 0.00687501 0.0166667 0.012825
0 0.262188 0.342222 0.01125 0.0211111 0.0124817
7 0.0557422 0.478333 0.0046875 0.0144444 0.0124283
2 0.266563 0.338889 0.01 0.0222222 0.0120087
3 0.187031 0.369444 0.0075 0.0227778 0.0117798
0 0.95875 0.315556 0.015 0.0183333 0.011734
3 0.6675 0.340278 0.00499999 0.0255556 0.0115967
2 0.6025 0.440278 0.0275 0.0527778 0.011467
2 0.608125 0.440833 0.015 0.0516667 0.0113297
0 0.754375 0.314167 0.035 0.0233333 0.0112915
3 0.170156 0.383611 0.00562499 0.0272222 0.0111618
2 0.0947656 0.388889 0.0065625 0.0188889 0.0110321
0 0.00734863 0.597222 0.0146973 0.0633333 0.0109863
3 0.209688 0.371111 0.00374999 0.0177778 0.0109863
7 0.928125 0.453611 0.00499999 0.0183333 0.0109863
0 0.00340332 0.408889 0.00680664 0.0188889 0.0106964
0 0.545 0.406111 0.04625 0.0533333 0.0105667
3 0.699375 0.359167 0.00875003 0.0344445 0.0100098
0 0.96 0.325556 0.0175001 0.0188889 0.00989532
7 0.7325 0.331111 0.00750001 0.0244444 0.00989532
3 0.00811035 0.412222 0.00795899 0.0188889 0.00985718
3 0.75625 0.425 0.00625 0.0322222 0.00919342
2 0.0165723 0.501111 0.0150586 0.0422222 0.00919342
0 0.9575 0.324444 0.015 0.0222222 0.0088501
2 0.130938 0.408889 0.0140625 0.0233333 0.00881195
0 0.0548438 0.445278 0.0290625 0.0316667 0.00874329
0 0.38125 0.291111 0.01125 0.0177778 0.0085144
7 0.013125 0.547778 0.00589844 0.0133334 0.00821686
2 0.865 0.302222 0.00999997 0.0166667 0.00812531
7 0.92375 0.483333 0.00499999 0.02 0.00793457
1 0.484688 0.250278 0.00999997 0.0227778 0.00784302
2 0.689375 0.341944 0.01125 0.0283333 0.00746155
7 0.0249609 0.536667 0.00464844 0.0188889 0.00717545
0 0.57375 0.38 0.0625 0.0644445 0.00714874
7 0.67625 0.353333 0.00499999 0.0188889 0.00703812
0 0.41 0.281944 0.01125 0.0138889 0.00677109
2 0.69375 0.350278 0.01 0.0355556 0.00666809
0 0.57875 0.303333 0.016875 0.0205556 0.0064621
7 0.72125 0.450556 0.00749995 0.0205555 0.00643921
0 0.3 0.368333 0.0246875 0.0322222 0.00638962
0 0.71125 0.316667 0.025 0.0205555 0.00631332
0 0.543125 0.438333 0.044375 0.0688889 0.00629044
0 0.0808594 0.412778 0.0254688 0.0211111 0.00616837
0 0.8975 0.338333 0.035 0.0161111 0.00614548
7 0.67625 0.316389 0.00499999 0.0127778 0.005867
3 0.685 0.341111 0.00499999 0.0277778 0.00584412
2 0.689375 0.403611 0.0125 0.05 0.00584412
0 0.485625 0.273333 0.00874999 0.0155555 0.00582123
7 0.0763672 0.473889 0.00617187 0.0155555 0.00572968
3 0.185313 0.4 0.0075 0.0366667 0.00559998
3 0.124531 0.388611 0.00453125 0.0155555 0.00551224
2 0.145938 0.394444 0.00656249 0.0244444 0.00548935
0 0.78375 0.335 0.0425001 0.0233333 0.00547028
0 0.376563 0.285278 0.00749998 0.0183333 0.00526047
0 0.0101172 0.604445 0.0202344 0.0666667 0.00518036
0 0.75875 0.321944 0.0362501 0.025 0.00510025
3 0.775 0.37 0.00750001 0.0488889 0.00502014
0 0.0525781 0.431111 0.0225 0.0277778 0.00498199
0 0.814375 0.334722 0.035 0.0311111 0.00481033
0 0.563125 0.283889 0.010625 0.0161111 0.00479126
0 0.86125 0.341667 0.03375 0.0233333 0.00479126
2 0.9025 0.319444 0.0125 0.0188889 0.00466537
0 0.9125 0.335 0.03 0.0172222 0.0046463
7 0.00766724 0.546667 0.00673584 0.0155556 0.0046463
0 0.271406 0.372778 0.0215625 0.0277778 0.00460815
3 0.70375 0.359167 0.00499999 0.0294445 0.00448608
3 0.70625 0.385556 0.00750001 0.0455556 0.00443268
7 0.645625 0.317222 0.00375004 0.0111111 0.00439835
2 0.72375 0.41 0.00750001 0.0322222 0.0042305
0 0.558125 0.283333 0.011875 0.0166667 0.00407028
0 0.497188 0.281111 0.00999997 0.0177778 0.00407028
7 0.0146387 0.530833 0.00466797 0.0183333 0.00397491
3 0.0902344 0.380278 0.00671876 0.0227778 0.00397491
0 0.555 0.434722 0.0525 0.0672222 0.00379562
0 0.57875 0.403056 0.058125 0.0727778 0.00370789
7 0.0560938 0.482778 0.005625 0.02 0.00363541
0 0.358125 0.338333 0.02625 0.0272222 0.00359344
3 0.89625 0.316944 0.00750001 0.0172222 0.00356483
3 0.129297 0.384444 0.00625 0.0255556 0.00356483
3 0.23625 0.467222 0.02375 0.0688889 0.00353813
0 0.535625 0.264444 0.00500002 0.0116667 0.00348282
3 0.214688 0.356111 0.00375001 0.0194444 0.00348282
2 0.72375 0.393889 0.00499999 0.0272222 0.00348282
2 0.0860938 0.417222 0.020625 0.0233333 0.00342941
0 0.46125 0.29 0.00999997 0.0177778 0.00337601
7 0.220469 0.501667 0.00718749 0.0266667 0.00333786
0 0.36875 0.298889 0.01125 0.0155555 0.00327301
3 0.58875 0.306111 0.00750001 0.02 0.00325966
2 0.0224268 0.406667 0.00694336 0.02 0.00323486
3 0.665 0.320556 0.00500005 0.0205556 0.00309944
7 0.380938 0.562778 0.07125 0.135556 0.00309944
0 0.353125 0.300278 0.00874999 0.0138889 0.00307465
2 0.108984 0.421667 0.0104687 0.025 0.00291252
0 0.407813 0.322778 0.0175 0.0211111 0.00290108
7 0.0146094 0.557778 0.00480469 0.0155556 0.00277901
0 0.420938 0.307222 0.01375 0.0188889 0.00273705
0 0.549375 0.299722 0.015 0.0166667 0.00268364
0 0.177656 0.38 0.0253125 0.0361111 0.00266266
0 0.76625 0.341667 0.02375 0.0322222 0.00264168
