0 0.178906 0.824444 0.139375 0.213333 0.960449
0 0.0481641 0.895 0.0961719 0.21 0.953125
0 0.404688 0.521111 0.06125 0.0977778 0.948242
0 0.272188 0.623889 0.094375 0.125556 0.939941
0 0.207969 0.613889 0.095 0.112222 0.919434
5 0.430625 0.366667 0.03 0.0666667 0.908691
0 0.210313 0.461111 0.045 0.06 0.901855
0 0.485 0.412778 0.0325 0.0522222 0.89502
0 0.269063 0.385 0.0325 0.0422222 0.881836
0 0.0510059 0.451667 0.032832 0.0311111 0.869629
0 0.30875 0.357778 0.023125 0.03 0.866211
0 0.015459 0.466944 0.030918 0.0322222 0.856934
0 0.481875 0.358889 0.02375 0.0355555 0.852051
7 0.2225 0.518611 0.0075 0.0227778 0.839844
0 0.386875 0.325278 0.0175 0.0205556 0.834473
2 0.66375 0.435833 0.0275 0.0588889 0.827637
0 0.355313 0.336389 0.018125 0.0261111 0.82666
0 0.45125 0.318889 0.015 0.0255556 0.812988
5 0.0146094 0.443889 0.028125 0.0433333 0.809082
0 0.8175 0.331111 0.0375 0.0255556 0.808105
7 0.235781 0.503611 0.00687501 0.0233333 0.801758
0 0.465625 0.300556 0.0125 0.02 0.795898
5 0.0683594 0.542361 0.0882813 0.106389 0.791992
0 0.8625 0.329167 0.0275 0.0244444 0.786621
0 0.483125 0.310556 0.014375 0.0211111 0.775879
7 0.666875 0.466111 0.00625 0.0233333 0.764648
2 0.143516 0.407778 0.0090625 0.0277778 0.73584
7 0.72375 0.4 0.00499999 0.0177778 0.726562
0 0.7575 0.333333 0.0425 0.0288889 0.712402
0 0.054209 0.435278 0.0329883 0.0316666 0.704102
7 0.72875 0.438889 0.00499999 0.02 0.682617
0 0.406875 0.321389 0.015 0.0222222 0.662109
7 0.75 0.414722 0.00499999 0.0177778 0.644043
7 0.92625 0.458333 0.00499999 0.0155556 0.618652
0 0.411875 0.303889 0.015625 0.03 0.615234
0 0.39625 0.315 0.01 0.02 0.602051
0 0.473125 0.275 0.00750001 0.0122222 0.539062
7 0.635 0.328611 0.003125 0.0111111 0.503906
2 0.223438 0.363611 0.00625 0.0227778 0.503906
7 0.67625 0.476667 0.00750001 0.0277778 0.496094
7 0.023125 0.530556 0.00546875 0.0188889 0.488281
7 0.68375 0.352778 0.00500005 0.0133333 0.484375
7 0.73875 0.425556 0.00499999 0.0211111 0.474609
0 0.4825 0.282778 0.01 0.0166667 0.455078
2 0.654375 0.325 0.00625 0.03 0.449463
2 0.258125 0.353889 0.0115625 0.0238889 0.416748
0 0.465 0.276667 0.00625 0.0111111 0.40918
0 0.511875 0.284444 0.01 0.0155555 0.40918
7 0.74625 0.399444 0.00500005 0.0155555 0.394287
7 0.92375 0.466667 0.00499999 0.0155556 0.370117
0 0.487813 0.268889 0.00625 0.0111111 0.329346
0 0.503125 0.261667 0.00749998 0.0133333 0.32251
7 0.125938 0.420556 0.00328125 0.0105555 0.320801
7 0.6775 0.478611 0.00749995 0.0272222 0.235107
0 0.0535156 0.444444 0.034375 0.0327778 0.228882
2 0.21 0.365556 0.00687501 0.0233333 0.210083
0 0.0137891 0.436111 0.026875 0.0311111 0.191895
0 0.472188 0.271667 0.00687497 0.0111111 0.188965
0 0.485 0.261667 0.00500002 0.0111111 0.181885
0 0.753125 0.331111 0.0375 0.0255556 0.17334
7 0.669375 0.343889 0.00374997 0.0144444 0.171021
0 0.3825 0.300278 0.00812499 0.0133333 0.136108
7 0.0096582 0.543472 0.00583984 0.0219445 0.132568
2 0.212031 0.364722 0.00843749 0.0222222 0.127686
0 0.5075 0.266667 0.00625 0.01 0.122925
0 0.45125 0.315833 0.0175 0.0266667 0.115173
0 0.494688 0.262778 0.00625 0.00999999 0.112427
2 0.208906 0.364444 0.0090625 0.0222222 0.088501
7 0.736875 0.427778 0.00500005 0.0194444 0.085083
0 0.0405078 0.536528 0.039375 0.0336111 0.0838623
0 0.475 0.262778 0.00625 0.00999999 0.0766602
2 0.55375 0.296667 0.013125 0.0155556 0.0766602
0 0.46 0.285 0.00874999 0.0138889 0.0742188
0 0.443438 0.263889 0.00562499 0.01 0.0661011
7 0.7275 0.4425 0.00500005 0.02 0.0656128
3 0.221094 0.361944 0.0059375 0.0188889 0.055603
0 0.42625 0.278056 0.00750001 0.0105555 0.0545959
0 0.458125 0.2975 0.009375 0.0183333 0.0531921
0 0.428125 0.271667 0.00562499 0.00944443 0.0514526
7 0.128516 0.415556 0.00390625 0.0144444 0.0476074
0 0.005 0.408333 0.00983399 0.0188889 0.0450134
0 0.48125 0.294444 0.01 0.0216667 0.0445251
0 0.0108594 0.405 0.0132227 0.0155555 0.0435181
7 0.0498438 0.480556 0.0123437 0.0183333 0.0432129
1 0.0672656 0.543333 0.09 0.107778 0.041626
0 0.390625 0.3075 0.0125 0.0166667 0.0390625
0 0.8625 0.3375 0.02875 0.0272222 0.0367737
2 0.0308984 0.536667 0.02125 0.0311111 0.0294189
0 0.448125 0.268056 0.00625 0.00888889 0.0282135
7 0.734375 0.433333 0.00625 0.0177778 0.026062
0 0.0446973 0.530556 0.0429492 0.0466666 0.0250854
7 0.7425 0.423333 0.00499999 0.0161111 0.024231
0 0.484063 0.325 0.01625 0.0233333 0.0231476
0 0.0232227 0.446111 0.0275781 0.0366666 0.0222015
0 0.417813 0.284444 0.00874999 0.0133334 0.0221558
7 0.565625 0.316667 0.00375004 0.0111111 0.0184021
7 0.66625 0.352778 0.00499999 0.0122222 0.0181274
7 0.205938 0.382778 0.00406249 0.00888889 0.0176392
7 0.595 0.3125 0.00374997 0.0116667 0.0162201
2 0.650625 0.315278 0.00625 0.025 0.0158997
2 0.552813 0.298889 0.010625 0.0155555 0.0145569
0 0.5075 0.280278 0.00750001 0.0144444 0.0145035
2 0.55125 0.296667 0.015 0.0144444 0.0139542
7 0.9275 0.453889 0.00499999 0.0177778 0.0139542
0 0.380625 0.288056 0.00625 0.0116667 0.0115051
7 0.574375 0.318611 0.00374997 0.0127778 0.0109482
2 0.144688 0.405833 0.0121875 0.0272222 0.0101318
7 0.194688 0.384444 0.00375001 0.0144444 0.0100555
7 0.0549219 0.47 0.00578125 0.0122222 0.00963593
0 0.438125 0.333333 0.01625 0.0166667 0.008255
7 0.636563 0.318333 0.00437501 0.0122222 0.00809479
7 0.230313 0.369444 0.004375 0.0166667 0.00790405
0 0.434375 0.274444 0.00687501 0.01 0.00787354
0 0.42125 0.296944 0.0125 0.0194444 0.00723267
7 0.235 0.367222 0.003125 0.0111111 0.00636292
7 0.6725 0.470833 0.00999997 0.0283334 0.00602722
0 0.45125 0.0206944 0.035 0.0388889 0.00579834
3 0.81 0.306389 0.00749995 0.0194444 0.0055542
7 0.7525 0.415556 0.00500005 0.0155555 0.00553513
3 0.0281641 0.408333 0.00679688 0.0166667 0.00518036
0 0.53375 0.277222 0.00500002 0.00888889 0.00502014
3 0.251563 0.349444 0.0059375 0.0255556 0.0046463
3 0.164688 0.383889 0.00406249 0.02 0.00443268
3 0.163281 0.370556 0.0059375 0.0227778 0.00439835
0 0.44375 0.273056 0.00625 0.0116667 0.00434875
3 0.190313 0.375556 0.004375 0.0211111 0.00431442
7 0.665 0.315 0.00250003 0.0122222 0.00424957
7 0.115 0.435 0.00437501 0.0122222 0.0042305
7 0.615 0.328889 0.003125 0.0105556 0.0041008
2 0.207813 0.358889 0.0075 0.0222222 0.00382423
7 0.615 0.315556 0.003125 0.00888889 0.00374985
0 0.416875 0.281944 0.00812499 0.0127778 0.00365067
7 0.609375 0.308611 0.003125 0.0138889 0.00353813
2 0.212969 0.3575 0.0065625 0.02 0.00327301
7 0.285313 0.347778 0.00437498 0.0133333 0.00322342
0 0.514688 0.262222 0.00437498 0.0077778 0.003088
7 0.72375 0.448889 0.00499999 0.0222222 0.00301552
7 0.65125 0.330556 0.00499999 0.0233333 0.00300407
2 0.555625 0.282778 0.00875003 0.0155556 0.00291252
0 0.378125 0.295556 0.00874999 0.00888887 0.00279999
0 0.309375 0.353056 0.023125 0.0294444 0.0027256
2 0.265938 0.334444 0.005 0.0144444 0.00259018
7 0.681875 0.478333 0.00750001 0.0288889 0.00251198
3 0.71 0.31 0.00499999 0.0188889 0.00250244
7 0.673125 0.462222 0.00625 0.0383333 0.00239754
0 0.523125 0.261111 0.00562499 0.01 0.00232315
7 0.64625 0.317778 0.00500005 0.0144444 0.00223351
0 0.86875 0.335 0.0375 0.0222222 0.00218201
0 0.0266797 0.408056 0.00703125 0.0177778 0.00216484
7 0.575313 0.326111 0.00437501 0.0133334 0.00213242
0 0.471875 0.296944 0.00874999 0.0205556 0.00209999
0 0.465 0.303889 0.01125 0.0211111 0.0020504
2 0.695 0.335278 0.00875003 0.03 0.0020504
7 0.222188 0.509167 0.011875 0.0416667 0.0020504
2 0.143906 0.396944 0.00578125 0.0277778 0.0019722
0 0.41625 0.305833 0.02 0.0238889 0.00191879
0 0.75625 0.323889 0.035 0.0222222 0.00186729
7 0.6825 0.481111 0.00750001 0.0233333 0.00182438
7 0.72375 0.393056 0.00499999 0.0266667 0.0018177
0 0.0632813 0.527222 0.0767188 0.0666667 0.00176811
0 0.39625 0.301667 0.01 0.0177778 0.00175476
0 0.968125 0.336944 0.015 0.0183333 0.00168133
0 0.428125 0.361944 0.03 0.0422222 0.00167465
7 0.565625 0.327222 0.00375004 0.0122222 0.00161648
0 0.484063 0.245278 0.00499999 0.01 0.00161076
5 0.0145996 0.427222 0.027832 0.0466667 0.00152493
0 0.0351172 0.422222 0.0103906 0.0155556 0.00150108
3 0.68625 0.293889 0.00499999 0.0177778 0.0014782
7 0.0315234 0.467778 0.00953125 0.0277778 0.00146103
0 0.975 0.3375 0.0275 0.0205555 0.00145531
3 0.995 0.587778 0.00999997 0.0866667 0.00139904
0 0.435625 0.262778 0.00437501 0.00888889 0.00137806
0 0.495625 0.272778 0.00625 0.0122222 0.00133514
0 0.454375 0.262778 0.00437501 0.00833333 0.00130463
7 0.273125 0.625 0.09375 0.125556 0.00129414
7 0.0595313 0.501944 0.0129688 0.035 0.00128937
0 0.40625 0.262778 0.00500002 0.00999999 0.0012846
0 0.496875 0.283611 0.0125 0.0144444 0.00126934
3 0.595625 0.301944 0.00499999 0.0161111 0.00122547
3 0.775 0.351111 0.015 0.0288889 0.0012064
0 0.89125 0.344444 0.03125 0.0222222 0.00118828
0 0.481563 0.346667 0.02125 0.0477778 0.00111198
0 0.981875 0.335556 0.0199999 0.0188889 0.00100803
