0 0.80125 0.831111 0.14 0.213333 0.958008
0 0.6525 0.812778 0.14375 0.252222 0.955566
0 0.305156 0.807778 0.139687 0.245556 0.954102
0 0.465 0.941667 0.1575 0.116667 0.943359
0 0.68125 0.588333 0.08875 0.115556 0.940918
0 0.475625 0.666667 0.08375 0.15 0.937012
0 0.589375 0.6 0.076875 0.124444 0.933594
0 0.374375 0.611111 0.0775 0.118889 0.931641
0 0.485625 0.546111 0.055 0.0966666 0.916504
0 0.127422 0.432778 0.044375 0.0355555 0.884766
1 0.548438 0.332778 0.13875 0.0744444 0.858398
0 0.0765234 0.437222 0.0353906 0.03 0.85791
7 0.235938 0.505278 0.0075 0.0238889 0.845703
0 0.86875 0.325556 0.03 0.0233333 0.844727
0 0.6625 0.312222 0.0325 0.0233333 0.842773
0 0.313125 0.336111 0.0175 0.0222222 0.831055
0 0.80875 0.326667 0.0325 0.0244444 0.822266
0 0.34375 0.332222 0.015625 0.0244444 0.818848
7 0.223125 0.52 0.0075 0.0233333 0.817383
0 0.364375 0.329167 0.015 0.0222222 0.79834
0 0.214844 0.413889 0.0534375 0.0388889 0.79834
0 0.235156 0.397778 0.0396875 0.03 0.786621
0 0.32875 0.333889 0.0175 0.0222222 0.78418
0 0.138984 0.3925 0.0326562 0.0266667 0.779785
2 0.0106421 0.523889 0.0147314 0.0411111 0.777344
0 0.0136914 0.468333 0.0272656 0.03 0.767578
0 0.7275 0.327778 0.0375 0.0277778 0.751953
7 0.73 0.439444 0.00499999 0.0188889 0.749023
0 0.7425 0.333333 0.04 0.0277778 0.726562
7 0.724375 0.402222 0.00374997 0.0177778 0.708984
7 0.6675 0.463889 0.00625 0.0233333 0.70752
0 0.0423828 0.423889 0.0241406 0.0188889 0.704102
7 0.0248438 0.531111 0.00523437 0.0177778 0.700684
2 0.250625 0.356389 0.0146875 0.0216667 0.684082
7 0.925 0.458333 0.00499999 0.0166667 0.645996
7 0.73875 0.428056 0.00499999 0.0205556 0.616211
0 0.375 0.321667 0.015 0.0244444 0.613281
5 0.0210938 0.449444 0.0378906 0.04 0.552734
7 0.75 0.415833 0.00499999 0.0166667 0.552734
7 0.678125 0.480278 0.00750001 0.0255555 0.507812
0 0.366563 0.301389 0.010625 0.0138889 0.503906
7 0.746875 0.401111 0.00499999 0.0161111 0.501953
0 0.93 0.350556 0.0325 0.0261111 0.470703
0 0.3875 0.304167 0.01125 0.0161111 0.430176
7 0.92375 0.465556 0.00499999 0.0177778 0.42627
0 0.354063 0.323889 0.0125 0.02 0.40918
0 0.00962402 0.453333 0.019248 0.0227778 0.397949
0 0.00811524 0.449444 0.0161914 0.0255556 0.366699
0 0.355 0.321111 0.0125 0.0188889 0.363037
0 0.484375 0.262222 0.00625 0.00999999 0.332764
0 0.366875 0.304444 0.00999997 0.0177778 0.325928
0 0.384688 0.311667 0.01125 0.02 0.309082
7 0.0647656 0.475 0.00359375 0.0122222 0.299072
0 0.42625 0.280278 0.00812499 0.0116666 0.230957
0 0.7325 0.324444 0.035 0.0244444 0.223999
0 0.4175 0.285 0.00999997 0.0144444 0.220703
0 0.494375 0.263333 0.00625 0.01 0.190063
7 0.0251953 0.513056 0.005 0.0205556 0.188354
0 0.3675 0.312778 0.0125 0.0177778 0.187134
0 0.00400391 0.406111 0.00795898 0.0277778 0.184204
0 0.414375 0.283333 0.00875003 0.0133333 0.178345
7 0.67 0.345 0.00374997 0.0144444 0.177856
0 0.0254102 0.436111 0.0308203 0.0255556 0.172119
0 0.0416406 0.428333 0.0244531 0.0244444 0.172119
0 0.217813 0.407222 0.055 0.0311111 0.155029
7 0.7375 0.428333 0.00625 0.02 0.154541
7 0.635938 0.329444 0.00375004 0.0144444 0.138916
0 0.47625 0.263889 0.00625 0.0111111 0.126343
7 0.0456641 0.477778 0.004375 0.0155556 0.105225
7 0.735 0.431389 0.00499999 0.0194444 0.0723877
0 0.433125 0.276111 0.00625 0.00888887 0.0646362
0 0.92875 0.355 0.0325 0.0333333 0.0637207
7 0.0500781 0.479444 0.0034375 0.0133333 0.0632324
7 0.7525 0.417778 0.00625 0.0166667 0.0628052
7 0.685 0.355 0.00250003 0.0155556 0.0596619
0 0.391563 0.302778 0.009375 0.0177778 0.0566406
0 0.408125 0.291667 0.00750001 0.0111111 0.0545959
0 0.7475 0.331111 0.0425 0.0255556 0.0469055
0 0.00317871 0.408333 0.00635742 0.0288889 0.0399475
7 0.204844 0.386667 0.00343749 0.01 0.0375977
0 0.464688 0.274444 0.00500002 0.01 0.0360718
0 0.020542 0.458889 0.0393066 0.0377778 0.0346069
0 0.40875 0.283333 0.00874999 0.0133333 0.0332031
0 0.0775391 0.429444 0.0314844 0.0233333 0.032959
7 0.0236719 0.535556 0.00539063 0.0211112 0.0303345
0 0.4175 0.289722 0.00750001 0.0127778 0.0302124
0 0.415313 0.333889 0.01375 0.0166667 0.0297546
7 0.265625 0.364167 0.00375001 0.0111111 0.026062
2 0.0653125 0.426667 0.0114063 0.02 0.0240479
5 0.0209424 0.44 0.0388965 0.0455556 0.0232391
0 0.526875 0.277222 0.00625 0.0111111 0.0220337
7 0.74375 0.4225 0.00499999 0.0172222 0.0220337
0 0.490625 0.264444 0.00500002 0.0105555 0.0215302
3 0.583438 0.289444 0.00687497 0.0183333 0.0205688
0 0.0357813 0.429167 0.0279688 0.0238889 0.0196381
0 0.448438 0.268333 0.00562499 0.00777777 0.0193024
0 0.75625 0.337222 0.0425 0.0211111 0.0190125
0 0.428125 0.271667 0.00625 0.00888889 0.0187988
7 0.169688 0.410556 0.004375 0.0133333 0.0182953
0 0.343125 0.320556 0.0125 0.0188889 0.0182648
0 0.3725 0.300278 0.00750001 0.0127778 0.0170441
3 0.58 0.286667 0.00499999 0.0155555 0.0132217
7 0.275313 0.351667 0.003125 0.00999999 0.0131683
7 0.7275 0.443056 0.00500005 0.0205555 0.0121002
7 0.0549219 0.475 0.00453125 0.0138889 0.0118713
0 0.0423438 0.42 0.0242188 0.0205555 0.0115967
7 0.285625 0.351667 0.00374997 0.0111111 0.0114212
2 0.42125 0.319444 0.00874999 0.0177778 0.0105667
5 0.00398926 0.397222 0.00797852 0.0355555 0.0104904
3 0.583438 0.284444 0.00687497 0.02 0.0103302
0 0.74 0.324444 0.04 0.0233333 0.0103302
7 0.0458203 0.484444 0.00429688 0.0177778 0.00997162
5 0.5875 0.326111 0.06125 0.06 0.00971222
0 0.42375 0.291111 0.00875003 0.0138889 0.0088501
0 0.229219 0.400556 0.0453125 0.0377778 0.00857544
7 0.65 0.338056 0.00499999 0.0144444 0.00746155
2 0.5625 0.292778 0.00874996 0.0133334 0.00714874
2 0.7625 0.321111 0.015 0.0205556 0.00712204
3 0.190469 0.379444 0.00499999 0.0261111 0.00706482
0 0.134219 0.403056 0.0371875 0.0283333 0.0068512
7 0.283281 0.385278 0.00531247 0.0216667 0.00677109
0 0.470625 0.269722 0.00625 0.00888889 0.00653839
0 0.0134961 0.474444 0.0256641 0.0388889 0.00638962
0 0.00874512 0.403889 0.0172168 0.0222222 0.00579834
0 0.59375 0.321667 0.048125 0.0511111 0.00575256
0 0.74875 0.34 0.045 0.0233333 0.00561905
7 0.845 0.347778 0.00375004 0.00999999 0.00559998
0 0.600313 0.331111 0.036875 0.0277778 0.00557709
0 0.418125 0.316111 0.01 0.0155556 0.00553513
7 0.675 0.353056 0.00375004 0.0127778 0.00544739
2 0.419375 0.325556 0.015 0.0211111 0.00526047
7 0.223438 0.366944 0.005 0.0111111 0.00526047
0 0.0769531 0.42 0.0325 0.0288889 0.0051384
7 0.71 0.402222 0.00499999 0.0255556 0.0051384
3 0.549375 0.284722 0.00749995 0.0516667 0.00494385
2 0.253594 0.330556 0.0075 0.0177778 0.00482941
2 0.25125 0.35 0.009375 0.0261111 0.00471878
7 0.92625 0.400556 0.00499999 0.0177778 0.00450516
0 0.415625 0.330833 0.015 0.02 0.00431442
7 0.67 0.4725 0.00499999 0.0255556 0.00428009
7 0.194688 0.388333 0.004375 0.0188889 0.0039444
0 0.392813 0.313611 0.00874999 0.0138889 0.00379562
2 0.555938 0.296111 0.009375 0.0133333 0.00358009
7 0.289844 0.378333 0.00500002 0.0166667 0.00356483
0 0.339688 0.315833 0.013125 0.0161111 0.00353813
5 0.00708984 0.408333 0.0141797 0.0255556 0.00351143
0 0.9325 0.361944 0.035 0.0477778 0.00340271
0 0.586875 0.326667 0.061875 0.0633334 0.00337601
7 0.296094 0.344167 0.00562499 0.0172222 0.00329781
2 0.576875 0.293056 0.00874996 0.0138889 0.00305176
2 0.695 0.332778 0.00999997 0.0311111 0.00293541
3 0.0364648 0.481111 0.00683594 0.0277778 0.00288963
0 0.329063 0.337778 0.016875 0.0255556 0.00287819
7 0.7225 0.448611 0.00750001 0.0216667 0.00279999
7 0.64625 0.331111 0.00250003 0.00999999 0.00277901
0 0.475 0.273333 0.00625 0.0111111 0.00269318
0 0.35375 0.31 0.01375 0.02 0.0026722
7 0.16375 0.417222 0.004375 0.0155556 0.00245285
0 0.38 0.289444 0.00625 0.0133333 0.00229645
7 0.68375 0.358889 0.00500005 0.0188889 0.00225258
0 0.344063 0.336667 0.015625 0.0266667 0.00221634
7 0.0848438 0.471389 0.004375 0.0133334 0.00220871
0 0.464375 0.265 0.00374997 0.0111111 0.00198746
2 0.636563 0.322222 0.00562503 0.0205555 0.00198746
0 0.484688 0.245972 0.00499999 0.0119444 0.00192642
3 0.290938 0.342778 0.00499999 0.0188889 0.00189686
3 0.204375 0.350278 0.00375001 0.0161111 0.00187492
0 0.446875 0.262778 0.00500002 0.00888889 0.00174141
7 0.666875 0.350278 0.00499999 0.0122222 0.00171375
7 0.0120508 0.543472 0.0110156 0.0308333 0.00163555
0 0.49625 0.333889 0.034375 0.0477778 0.00161076
0 0.915 0.350278 0.03625 0.0244445 0.00157356
7 0.754375 0.431667 0.00499999 0.0216667 0.00155449
3 0.220938 0.360278 0.005 0.015 0.00154877
0 0.17 0.365556 0.0265625 0.0233333 0.00150108
7 0.265 0.353333 0.00375001 0.0133333 0.00144386
0 0.0388477 0.4225 0.0261328 0.0288889 0.00142097
0 0.93 0.34 0.03 0.0255555 0.00139904
2 0.1625 0.365833 0.0078125 0.0244444 0.00136662
3 0.170625 0.378333 0.00625 0.02 0.00134087
7 0.164688 0.455 0.00437501 0.0144444 0.00133514
7 0.138281 0.419444 0.039375 0.0205555 0.00131512
0 0.0876758 0.431667 0.0452734 0.0277778 0.00128937
0 0.445625 0.274167 0.00499999 0.0111111 0.00126934
2 0.18625 0.384722 0.01 0.025 0.0012598
7 0.137422 0.440556 0.00953124 0.0333333 0.00123024
7 0.9275 0.453889 0.00625 0.0188889 0.00122547
0 0.66375 0.304444 0.03125 0.02 0.00121593
7 0.70375 0.459167 0.00750001 0.0238889 0.00121593
7 0.589375 0.6 0.0775 0.122222 0.00119686
0 0.59875 0.316389 0.03875 0.0377778 0.00119209
0 0.92625 0.342222 0.03 0.03 0.00118351
0 0.386875 0.323333 0.01125 0.0211111 0.0011692
2 0.0234375 0.403889 0.00757813 0.0177778 0.00109863
7 0.0758594 0.472222 0.00421875 0.0122222 0.00109863
0 0.584375 0.308333 0.059375 0.0277778 0.00104046
0 0.0418066 0.391667 0.0162305 0.0222222 0.00104046
7 0.165156 0.405556 0.003125 0.0144444 0.00102425
