0 0.648125 0.852778 0.14 0.261111 0.955078
0 0.4675 0.884444 0.1225 0.23 0.953125
0 0.334297 0.754444 0.118906 0.195556 0.951172
0 0.386875 0.574583 0.07 0.106389 0.947754
0 0.676094 0.571667 0.0878125 0.117778 0.941895
0 0.48625 0.62 0.0725 0.132222 0.939453
0 0.197461 0.637778 0.103203 0.122222 0.936035
0 0.579375 0.562222 0.06875 0.101111 0.932129
0 0.244375 0.976667 0.120625 0.0455555 0.883301
0 0.824375 0.852222 0.18125 0.291111 0.882324
0 0.460625 0.342222 0.04875 0.03 0.878418
0 0.354375 0.398889 0.065 0.0466667 0.871582
0 0.106563 0.4475 0.0460938 0.0355556 0.868652
2 0.308438 0.497778 0.03375 0.0633334 0.868164
0 0.503125 0.291111 0.011875 0.0166667 0.863281
2 0.41875 0.450556 0.03125 0.0561111 0.855469
0 0.58125 0.336667 0.0525 0.0311111 0.851074
5 0.808125 0.317778 0.0475 0.0455556 0.841797
2 0.221875 0.495833 0.034375 0.0583333 0.833984
0 0.0201172 0.466667 0.0333984 0.03 0.818848
2 0.121094 0.503889 0.0215625 0.0522222 0.812988
0 0.0572656 0.44 0.0329688 0.0288889 0.799316
0 0.35875 0.361667 0.0475 0.0322222 0.796875
7 0.66625 0.464444 0.00750001 0.0233333 0.786621
2 0.00859863 0.52 0.0126074 0.0366666 0.78418
7 0.66625 0.464444 0.00499999 0.0233333 0.760742
0 0.387813 0.325 0.016875 0.0244444 0.751953
2 0.358125 0.453889 0.03375 0.0622223 0.750488
0 0.4075 0.319444 0.01625 0.0238889 0.740234
0 0.279688 0.341111 0.0253125 0.02 0.73584
0 0.24375 0.353333 0.0290625 0.0216667 0.730957
0 0.72875 0.320556 0.04 0.0272222 0.675781
0 0.83625 0.325556 0.025 0.02 0.673828
3 0.0557813 0.5225 0.00757813 0.0461111 0.673828
7 0.72875 0.439444 0.00499999 0.0194444 0.651367
0 0.4825 0.277222 0.00874999 0.0133333 0.635254
7 0.749375 0.416111 0.00500005 0.0177778 0.620605
7 0.73875 0.429444 0.00499999 0.0205556 0.602051
0 0.9175 0.328611 0.02 0.0177778 0.594727
0 0.496563 0.275 0.009375 0.0155556 0.592773
2 0.52375 0.317222 0.015 0.0277778 0.588867
0 0.95 0.328889 0.02 0.0188889 0.562012
2 0.203438 0.377778 0.008125 0.0244444 0.550781
0 0.364375 0.327778 0.0175 0.0222222 0.533203
0 0.0438965 0.424722 0.023457 0.0238889 0.517578
0 0.309375 0.337778 0.015 0.0222222 0.511719
0 0.328125 0.336111 0.015 0.0188889 0.509766
7 0.925 0.459444 0.00499999 0.0177778 0.507812
0 0.354375 0.326944 0.01375 0.0222222 0.498047
0 0.83375 0.331667 0.03 0.0233333 0.498047
0 0.341563 0.337222 0.01625 0.0211111 0.470703
0 0.874375 0.327222 0.02375 0.0177778 0.455078
0 0.88125 0.328056 0.0275 0.0205556 0.443604
0 0.315313 0.334444 0.015625 0.0205556 0.434082
0 0.929375 0.334444 0.02375 0.0177778 0.420654
0 0.0539844 0.424444 0.0242188 0.02 0.418701
7 0.0239063 0.53 0.00554688 0.0188889 0.414795
5 0.384063 0.296111 0.014375 0.0322222 0.413086
0 0.468125 0.279167 0.00874999 0.015 0.397949
0 0.420625 0.305833 0.01125 0.02 0.394287
0 0.39375 0.317222 0.0125 0.0211111 0.38501
0 0.385625 0.322778 0.014375 0.0272222 0.377441
2 0.211406 0.373333 0.0065625 0.0227778 0.375732
3 0.0409766 0.510556 0.00992188 0.0522222 0.363037
7 0.7375 0.427778 0.00625 0.0188889 0.357666
7 0.746875 0.401667 0.00499999 0.0177778 0.345215
0 0.0156152 0.439444 0.0293555 0.0277778 0.329346
2 0.214375 0.367778 0.0075 0.0238889 0.320801
7 0.222656 0.519722 0.00687499 0.025 0.319092
0 0.362813 0.314167 0.0125 0.0155555 0.315674
0 0.37625 0.310556 0.0125 0.0144444 0.307373
0 0.412188 0.292778 0.0125 0.0166667 0.295898
7 0.0101758 0.546111 0.00589844 0.0177778 0.286133
2 0.169063 0.378889 0.00562499 0.0177778 0.283691
3 0.153203 0.406389 0.00546875 0.0322222 0.27832
7 0.72625 0.400278 0.00499999 0.0205556 0.273682
0 0.756875 0.332222 0.03375 0.0233333 0.267334
0 0.0565625 0.436944 0.0285938 0.0244444 0.265137
0 0.421875 0.3 0.010625 0.0211111 0.26123
3 0.150937 0.406111 0.005 0.0311111 0.258301
7 0.635 0.329444 0.00250003 0.0122222 0.253906
0 0.340625 0.341389 0.01375 0.0233333 0.252441
0 0.0128711 0.463889 0.0243359 0.0311111 0.250977
0 0.47 0.272222 0.00812499 0.0116667 0.241455
7 0.655 0.326111 0.00249996 0.0122222 0.237915
3 0.191875 0.374444 0.00562501 0.0266667 0.231567
0 0.373125 0.304167 0.01125 0.0172222 0.228149
0 0.345313 0.317222 0.01375 0.02 0.225464
0 0.0136914 0.443611 0.0270703 0.0272222 0.222656
0 0.3725 0.296111 0.01 0.0166667 0.215332
2 0.225625 0.365556 0.00625 0.0211111 0.213989
0 0.0567188 0.427778 0.024375 0.0205555 0.209473
7 0.678125 0.478611 0.00750001 0.0233333 0.20813
0 0.409375 0.310833 0.015 0.0211111 0.20752
0 0.41875 0.286667 0.01 0.0155555 0.205566
0 0.3525 0.307778 0.01125 0.0155556 0.202393
0 0.433125 0.273889 0.00812499 0.0122222 0.201782
3 0.0406641 0.502778 0.010625 0.0477778 0.193726
3 0.192813 0.378333 0.00625 0.0283333 0.190674
0 0.3625 0.299444 0.01 0.0122222 0.189575
0 0.471875 0.276389 0.00874999 0.015 0.185913
3 0.733125 0.386111 0.00750001 0.05 0.184204
3 0.219375 0.361111 0.00562499 0.02 0.183594
3 0.155156 0.408333 0.0059375 0.0311111 0.181274
0 0.352188 0.316111 0.01125 0.02 0.178955
7 0.73375 0.398333 0.00500005 0.0222222 0.177246
2 0.08625 0.404444 0.009375 0.0161111 0.175537
7 0.144922 0.414444 0.004375 0.0211111 0.172729
0 0.50125 0.290556 0.011875 0.0166667 0.171631
7 0.685 0.350278 0.00499999 0.0127778 0.171021
0 0.394688 0.302222 0.015625 0.0222222 0.169434
1 0.39625 0.288889 0.015 0.0222222 0.166626
2 0.593125 0.297778 0.00500005 0.0144444 0.161377
0 0.0181055 0.434444 0.0264453 0.0211111 0.158203
0 0.95 0.333056 0.02125 0.0166667 0.152588
0 0.881875 0.331111 0.0300001 0.0222222 0.151978
0 0.475 0.259167 0.00562499 0.0105555 0.138428
0 0.48375 0.259722 0.00625 0.0133333 0.137085
7 0.92375 0.465556 0.00499999 0.0177778 0.135254
2 0.2375 0.356667 0.01625 0.0227778 0.132935
0 0.0348438 0.426667 0.0275781 0.0233333 0.125122
7 0.666875 0.354444 0.00499999 0.0144444 0.119995
0 0.426563 0.279444 0.00874999 0.0138889 0.117981
7 0.12625 0.418889 0.00406249 0.00999999 0.113159
0 0.39625 0.285556 0.01375 0.0188889 0.102661
0 0.331875 0.313889 0.013125 0.02 0.0977173
0 0.358125 0.300833 0.01 0.0133333 0.0963745
7 0.0131738 0.543889 0.00486328 0.0177777 0.0957031
0 0.40625 0.295 0.01 0.0111111 0.0953369
0 0.431875 0.272222 0.00874999 0.0122222 0.0930176
3 0.0497266 0.4775 0.00476563 0.0194444 0.0910645
0 0.490313 0.271944 0.00874999 0.0122222 0.0907593
0 0.83375 0.335 0.0275 0.0172222 0.0872803
3 0.14625 0.411667 0.005 0.0244444 0.0830078
0 0.0408984 0.431111 0.0252344 0.0255556 0.0812378
0 0.91625 0.332778 0.0225 0.0177778 0.0778198
0 0.453125 0.258889 0.00625 0.00999999 0.0775146
0 0.365625 0.357778 0.03375 0.0333333 0.0770874
0 0.330938 0.319444 0.015 0.0216667 0.0747681
2 0.7275 0.388889 0.00749995 0.0411111 0.0713501
2 0.7325 0.385833 0.00999997 0.0472222 0.0700684
0 0.444063 0.262778 0.00625 0.00999999 0.0690308
7 0.674375 0.353611 0.00374997 0.0144444 0.0670776
3 0.0463281 0.482778 0.00796875 0.0333333 0.0651245
2 0.0397266 0.502778 0.0110938 0.0488889 0.0646362
7 0.0639063 0.473333 0.0046875 0.0122223 0.0614319
3 0.215938 0.3575 0.005 0.02 0.0589905
2 0.165938 0.380833 0.0059375 0.0244445 0.0574951
0 0.91375 0.330556 0.0225 0.0188889 0.0568542
0 0.350313 0.354444 0.03375 0.0333333 0.0448608
0 0.0452246 0.419444 0.0220508 0.0194444 0.0420837
7 0.7375 0.43 0.00499999 0.02 0.0401001
3 0.16375 0.372222 0.00687499 0.0222222 0.0384521
3 0.0533594 0.519444 0.0100781 0.0455556 0.0380249
2 0.545938 0.297222 0.009375 0.0166667 0.033844
0 0.7625 0.334167 0.0425 0.0227778 0.0337219
3 0.73125 0.399444 0.00750001 0.0277778 0.0325928
0 0.375 0.326111 0.01375 0.0244445 0.0318604
0 0.72875 0.315556 0.0425 0.0311111 0.0280151
7 0.91375 0.507222 0.00499999 0.0166667 0.0257568
3 0.228438 0.366389 0.0065625 0.0222222 0.025177
0 0.505 0.245 0.00625 0.0111111 0.0249939
0 0.495 0.262222 0.00625 0.00888887 0.0247955
7 0.92875 0.453333 0.00374997 0.0172222 0.0243378
2 0.0866406 0.452222 0.00625 0.0255556 0.0234222
2 0.7275 0.385 0.00999997 0.05 0.0230713
7 0.665 0.312778 0.00250003 0.0105555 0.0218658
3 0.0244336 0.532778 0.00597656 0.0266667 0.0213623
3 0.779375 0.353056 0.00499999 0.0238889 0.0212097
0 0.296094 0.336389 0.0078125 0.0188889 0.0195007
2 0.120078 0.495556 0.0198437 0.0527778 0.0191956
0 0.448125 0.268333 0.00687501 0.00999999 0.0188751
2 0.591563 0.298889 0.00625 0.0155555 0.0178528
0 0.7475 0.323056 0.03 0.0233333 0.0177155
7 0.00855957 0.539861 0.00866211 0.0202777 0.016098
3 0.0553906 0.47 0.00578125 0.0288889 0.0160217
0 0.70375 0.313611 0.0225 0.0172222 0.0154877
7 0.74625 0.417778 0.00500005 0.0177778 0.0152512
0 0.4 0.283056 0.011875 0.0138889 0.0145569
2 0.76625 0.321667 0.00875003 0.0188889 0.0134811
0 0.955 0.331667 0.0225 0.0177778 0.0130692
3 0.69 0.306667 0.00500005 0.0133334 0.0129242
7 0.66875 0.473889 0.00750001 0.0311111 0.0129242
0 0.38125 0.291389 0.01125 0.0172222 0.0127258
3 0.54875 0.298889 0.00687504 0.0166667 0.0125275
0 0.0608594 0.428889 0.0298437 0.0222222 0.0123825
0 0.360938 0.342222 0.04125 0.02 0.0121918
7 0.685 0.333611 0.00499999 0.0183333 0.0112
3 0.155938 0.371667 0.004375 0.0177778 0.0110703
2 0.213281 0.373611 0.00625 0.0244444 0.0109482
0 0.46125 0.2825 0.009375 0.0155555 0.0108185
0 0.930625 0.34 0.02625 0.0227778 0.0105286
5 0.39 0.294444 0.025 0.0355555 0.01017
3 0.636875 0.321111 0.00500005 0.0188889 0.0100937
7 0.128594 0.411111 0.00390625 0.0133333 0.0100098
0 0.359375 0.351111 0.045 0.0394445 0.00978088
3 0.155234 0.389444 0.00421875 0.0233333 0.00959778
7 0.915 0.488333 0.00499999 0.0222222 0.00955963
3 0.150625 0.375556 0.00421874 0.0166667 0.00926971
2 0.555938 0.296111 0.00812499 0.0155555 0.0091629
2 0.0221484 0.521111 0.0106641 0.0366667 0.00878143
7 0.565625 0.315556 0.00499999 0.0127778 0.00847626
3 0.255313 0.328333 0.00625 0.0166667 0.00837708
2 0.0798438 0.404722 0.0153125 0.0194444 0.008255
0 0.79375 0.302222 0.0125 0.0177778 0.00796509
0 0.416875 0.280556 0.00874999 0.0111111 0.00763702
3 0.485625 0.503333 0.011875 0.0622222 0.00731659
0 0.277656 0.343333 0.0271875 0.0211111 0.00717545
3 0.48625 0.495833 0.00999997 0.0683334 0.00717545
0 0.8975 0.320556 0.0225 0.0211111 0.00703812
2 0.185625 0.377778 0.009375 0.0277778 0.00698471
7 0.72875 0.439444 0.00750001 0.0177778 0.0069046
7 0.666875 0.360278 0.00499999 0.0166667 0.00669098
2 0.475 0.332222 0.0225 0.0244444 0.00643921
0 0.236563 0.356667 0.026875 0.0211111 0.00605011
5 0.72875 0.312778 0.0425 0.04 0.00602722
3 0.67 0.305556 0.00499999 0.0144444 0.00591278
2 0.187188 0.371389 0.01125 0.0255556 0.00577545
7 0.169375 0.414444 0.00687501 0.02 0.00547028
7 0.26625 0.361667 0.004375 0.0161111 0.00526047
0 0.7575 0.338056 0.0325 0.0255556 0.00518036
3 0.0243359 0.479444 0.00804688 0.03 0.0051384
3 0.115469 0.386111 0.0040625 0.0144444 0.00511932
3 0.903125 0.471667 0.00874996 0.0511111 0.00510025
2 0.0030249 0.42 0.00604981 0.0188889 0.00494385
0 0.3175 0.32 0.01125 0.0188889 0.00486755
7 0.710625 0.403889 0.00625 0.0222222 0.00486755
0 0.0199121 0.451111 0.0329883 0.0227778 0.00477219
0 0.466563 0.265 0.00499999 0.0122222 0.00460815
7 0.615 0.331667 0.00250003 0.0111111 0.00453949
0 0.884375 0.324722 0.025 0.0244445 0.00450516
3 0.209063 0.347778 0.00562499 0.0255556 0.00445175
5 0.0164844 0.4325 0.030625 0.0316666 0.00413513
7 0.654375 0.318333 0.00374997 0.0133333 0.00408554
5 0.663125 0.293889 0.02625 0.02 0.00403976
0 0.85375 0.329444 0.025 0.02 0.00403976
7 0.135781 0.407222 0.00343749 0.0155555 0.00403976
7 0.675 0.360556 0.00499999 0.0155556 0.00397491
3 0.0549219 0.511111 0.00671875 0.0488889 0.00385475
0 0.72875 0.331944 0.03 0.0233333 0.00385475
0 0.530313 0.271111 0.00625003 0.0127778 0.00376511
3 0.54875 0.266389 0.00625 0.0188889 0.0037365
1 0.496875 0.245278 0.00625 0.0108333 0.00369263
0 0.7875 0.329444 0.0125 0.0194444 0.00363541
2 0.084707 0.418333 0.0102734 0.0211111 0.00359344
7 0.675625 0.32 0.00499999 0.0177778 0.00349617
3 0.0415234 0.518333 0.0096875 0.0577777 0.00324821
0 0.485 0.506111 0.013125 0.0611111 0.00322342
2 0.5875 0.296944 0.00750001 0.0138889 0.00319672
3 0.204844 0.353889 0.00437501 0.0166667 0.00319672
0 0.93375 0.341667 0.03 0.0211111 0.00319672
0 0.0396875 0.421667 0.0307813 0.0311111 0.00311089
2 0.227188 0.505833 0.021875 0.0494444 0.00309944
0 0.526875 0.276389 0.00875003 0.0111111 0.00305176
0 0.95 0.321111 0.02 0.0211111 0.00305176
2 0.568125 0.303333 0.0112501 0.0177778 0.00292397
3 0.225625 0.372222 0.00562499 0.0266667 0.00271416
0 0.8125 0.312778 0.03875 0.0377778 0.00259018
0 0.444063 0.272222 0.00625 0.0133333 0.0024929
7 0.70375 0.353333 0.00499999 0.0172222 0.00248146
0 0.35625 0.389444 0.05875 0.0333333 0.00244331
3 0.105313 0.387778 0.005625 0.0166667 0.0024147
0 0.382188 0.259167 0.00812502 0.0138889 0.00237846
0 0.325938 0.339444 0.014375 0.02 0.00234222
0 0.95 0.34 0.02 0.0211111 0.00234222
0 0.0675 0.415556 0.01875 0.02 0.00232315
7 0.48625 0.618889 0.07 0.131111 0.00228691
5 0.6575 0.290556 0.04 0.0305556 0.00226974
0 0.873125 0.3225 0.0225 0.0227778 0.00223351
1 0.4825 0.248194 0.01 0.0169444 0.00221634
2 0.429375 0.343889 0.03375 0.0255556 0.00220871
2 0.0857617 0.408333 0.0150391 0.0194444 0.00214958
7 0.135547 0.418333 0.00328126 0.0133334 0.00206757
0 0.505625 0.281667 0.00750001 0.015 0.0020504
3 0.88125 0.459167 0.0125 0.0716667 0.0020504
5 0.659844 0.285556 0.0403125 0.0333333 0.00198746
3 0.0592969 0.509444 0.0065625 0.0333333 0.00197983
7 0.630625 0.338333 0.00374997 0.0111111 0.00191879
5 0.652656 0.284444 0.0571875 0.0377778 0.00191212
2 0.79125 0.318333 0.0125 0.0255556 0.00189686
0 0.50625 0.256667 0.00625 0.0111111 0.00185299
7 0.1675 0.415 0.00625 0.0166667 0.00185299
2 0.565625 0.3 0.00625 0.0144444 0.00182438
3 0.745625 0.393611 0.00625 0.0338889 0.00181007
0 0.245 0.349444 0.026875 0.0211111 0.00175476
0 0.82625 0.34 0.0325 0.0222222 0.00172043
6 0.665 0.292778 0.0275 0.0194444 0.00171375
0 0.8775 0.323889 0.0275 0.0233333 0.00171375
0 0.7 0.314444 0.025 0.0155555 0.0017004
7 0.126016 0.407778 0.00359375 0.0155555 0.00169373
0 0.51375 0.258889 0.00499999 0.00999999 0.0016613
0 0.88125 0.339722 0.025 0.0227778 0.0016489
0 0.88625 0.833333 0.06 0.197778 0.0016489
2 0.41625 0.335833 0.02875 0.0266667 0.0016489
3 0.105781 0.406111 0.0040625 0.0144444 0.00162888
0 0.426875 0.343333 0.04125 0.0266667 0.0015974
2 0.73 0.305 0.0375 0.0322222 0.00159168
0 0.494375 0.505 0.03125 0.0655556 0.00157928
0 0.899375 0.341111 0.0275 0.0244444 0.00156116
0 0.25 0.35 0.02625 0.0233333 0.00153065
