0 0.195 0.784445 0.14625 0.22 0.959961
0 0.342813 0.727222 0.103125 0.172222 0.952637
0 0.100391 0.783889 0.119844 0.178889 0.95166
0 0.635 0.533333 0.0825 0.115556 0.944336
5 0.279063 0.59 0.100625 0.142222 0.942383
0 0.484375 0.692222 0.079375 0.144444 0.941895
0 0.212969 0.6 0.08125 0.111111 0.937012
0 0.0527344 0.551667 0.0648438 0.0833333 0.934082
0 0.316094 0.459444 0.0534375 0.0744444 0.933594
0 0.143516 0.521945 0.0635937 0.0761111 0.933105
0 0.44625 0.3325 0.0175 0.0244444 0.896973
0 0.0184375 0.953333 0.036875 0.0911111 0.896973
0 0.484375 0.385 0.02875 0.0444444 0.895508
0 0.435938 0.378333 0.028125 0.0444444 0.891113
5 0.0161328 0.446111 0.0319531 0.0477778 0.88623
0 0.499375 0.35 0.02625 0.0355555 0.876465
0 0.0519531 0.441111 0.0328125 0.0311111 0.868164
0 0.38375 0.326667 0.016875 0.0222222 0.867188
0 0.209375 0.429722 0.04125 0.0538889 0.858887
0 0.8525 0.324167 0.03 0.0211111 0.853027
0 0.735 0.326111 0.04125 0.0238889 0.842773
0 0.0789063 0.977222 0.1 0.0433334 0.84082
0 0.340625 0.325 0.015 0.02 0.839844
0 0.400938 0.325278 0.016875 0.0222222 0.836426
0 0.479375 0.323056 0.01875 0.025 0.834473
0 0.265313 0.4075 0.03875 0.055 0.824219
0 0.13375 0.393056 0.0334375 0.0277778 0.81543
7 0.235156 0.504444 0.00718751 0.0233333 0.809082
0 0.41125 0.315556 0.01375 0.0211111 0.788086
0 0.4725 0.297778 0.010625 0.0166667 0.786621
0 0.77125 0.331667 0.04 0.0272222 0.773438
0 0.508438 0.323056 0.018125 0.0283333 0.766113
1 0.221875 0.381111 0.074375 0.08 0.764648
7 0.222188 0.518333 0.0075 0.0233333 0.757812
0 0.67375 0.311111 0.0325 0.0211111 0.749023
0 0.493438 0.298333 0.0125 0.0205556 0.740234
7 0.66625 0.464444 0.00499999 0.0233333 0.73877
0 0.309688 0.336667 0.016875 0.0244444 0.73584
0 0.940625 0.333611 0.02375 0.0188889 0.720215
7 0.92625 0.457778 0.00499999 0.0155555 0.710449
0 0.359063 0.308333 0.010625 0.0155556 0.704102
0 0.455313 0.302778 0.0125 0.0188889 0.692871
2 0.583438 0.313889 0.010625 0.0222222 0.682617
2 0.0452734 0.476667 0.0135938 0.0344445 0.675781
0 0.0552734 0.417222 0.0210156 0.0211111 0.673828
2 0.0614844 0.466111 0.0126563 0.03 0.672363
7 0.75 0.415 0.00499999 0.0166667 0.656738
7 0.72375 0.399722 0.00375004 0.0161111 0.631836
0 0.497813 0.278333 0.01125 0.0177778 0.605957
0 0.396875 0.295278 0.01 0.0144444 0.558105
0 0.50875 0.303611 0.01625 0.0205555 0.536133
0 0.3875 0.298889 0.00874999 0.0144444 0.525391
0 0.328125 0.320556 0.0125 0.0172222 0.519531
0 0.511875 0.294444 0.01375 0.0194444 0.515625
7 0.678125 0.48 0.00750001 0.0244445 0.498047
7 0.73875 0.425 0.00499999 0.0211111 0.482422
0 0.4625 0.291667 0.01 0.0155556 0.466797
7 0.634063 0.329444 0.003125 0.0111111 0.462891
7 0.74625 0.400556 0.00374997 0.0155556 0.453369
7 0.72875 0.438333 0.00499999 0.02 0.435059
6 0.0246875 0.511111 0.0239844 0.0444444 0.424316
0 0.411875 0.313333 0.01625 0.0222222 0.400635
0 0.4725 0.276667 0.00749998 0.0122222 0.390381
2 0.0248047 0.511111 0.0244531 0.0433333 0.373779
7 0.7375 0.427778 0.00499999 0.0194444 0.370117
7 0.92375 0.466667 0.00499999 0.0161111 0.338135
0 0.202656 0.411667 0.0265625 0.0244444 0.336426
0 0.364688 0.295833 0.00812499 0.0127778 0.32251
0 0.464375 0.278333 0.00750001 0.00999999 0.297363
0 0.50125 0.297222 0.01125 0.0177778 0.229492
0 0.48375 0.263056 0.00750001 0.015 0.226807
7 0.125938 0.419444 0.00375 0.0111111 0.21936
0 0.331875 0.317222 0.01125 0.0166667 0.212769
0 0.471875 0.272222 0.00749998 0.0122222 0.20813
0 0.46 0.287778 0.00874999 0.0133333 0.196777
0 0.393438 0.301944 0.0125 0.015 0.196167
7 0.685 0.353333 0.00250003 0.0127778 0.187134
0 0.496875 0.285556 0.01125 0.0155556 0.139893
0 0.506875 0.258333 0.00500002 0.00944443 0.135254
0 0.76 0.33 0.03 0.0255556 0.133423
0 0.40875 0.317778 0.011875 0.02 0.12854
7 0.14625 0.416667 0.00406249 0.0122222 0.117554
0 0.486875 0.265556 0.00812499 0.0133333 0.113953
7 0.653125 0.328056 0.00375004 0.0127778 0.113586
0 0.399375 0.320278 0.01625 0.0216667 0.112427
7 0.743125 0.419444 0.00500005 0.0166667 0.104126
0 0.37 0.301389 0.00875003 0.0144444 0.100525
7 0.73625 0.43 0.00625 0.0183333 0.0859985
0 0.326875 0.323333 0.01375 0.0188889 0.0806274
0 0.480938 0.284444 0.01 0.0188889 0.0772095
0 0.419063 0.285 0.00812499 0.0122222 0.0758667
7 0.726875 0.44 0.00499999 0.0188889 0.0705566
0 0.207813 0.403889 0.04 0.0433333 0.0663452
0 0.0153711 0.438889 0.0307422 0.0344444 0.059967
0 0.47625 0.262222 0.00562499 0.0105556 0.0583496
0 0.43625 0.277778 0.00625 0.00888889 0.0534058
2 0.0582031 0.471667 0.011875 0.0266667 0.0516663
0 0.212656 0.359444 0.018125 0.0194444 0.0510864
0 0.448125 0.267778 0.00499999 0.00888887 0.0488586
7 0.00819336 0.543889 0.00630859 0.0211112 0.0445251
0 0.480625 0.295556 0.010625 0.0144444 0.0413208
2 0.2825 0.337778 0.015 0.0177778 0.0411377
0 0.403125 0.295 0.00749998 0.0122222 0.037323
0 0.495625 0.2625 0.00625 0.00888889 0.0347595
0 0.86625 0.335556 0.025 0.0177778 0.0340881
2 0.555 0.283333 0.00750001 0.0144444 0.0285492
0 0.940625 0.338333 0.02625 0.0244444 0.0264587
0 0.499063 0.282222 0.013125 0.02 0.0256653
7 0.149219 0.408333 0.003125 0.0122222 0.0255585
0 0.445 0.272778 0.00562499 0.0122222 0.0254669
7 0.75375 0.415 0.00499999 0.0166667 0.0230713
7 0.67 0.340556 0.00374997 0.0144444 0.0213623
0 0.55375 0.293333 0.01125 0.0144444 0.0195007
0 0.86875 0.337778 0.02625 0.0166667 0.019165
0 0.404375 0.279444 0.00562499 0.00777777 0.0188293
1 0.217031 0.354722 0.03375 0.0255556 0.0186157
7 0.265781 0.351111 0.00406249 0.0122222 0.0186157
2 0.0489844 0.475 0.0175 0.0366667 0.0180511
7 0.66625 0.354167 0.00499999 0.0122222 0.0176392
0 0.0237109 0.507778 0.0214844 0.0422222 0.0171814
0 0.215 0.355 0.0209375 0.0188889 0.016922
0 0.210938 0.356111 0.0153125 0.0177778 0.0158386
0 0.513125 0.26 0.00562499 0.00555556 0.0156021
0 0.281875 0.337222 0.016875 0.0188889 0.0148392
7 0.609375 0.309444 0.00249996 0.0138889 0.0148392
0 0.216563 0.402222 0.05875 0.0577778 0.0118713
7 0.274375 0.348889 0.00375001 0.0133333 0.0107346
0 0.497188 0.342778 0.020625 0.0344445 0.0106125
3 0.545625 0.278889 0.00437501 0.0111111 0.0103302
2 0.76125 0.323333 0.02 0.0222222 0.00985718
3 0.71 0.311111 0.00499999 0.02 0.00981903
0 0.35 0.308889 0.01125 0.0155555 0.00834656
0 0.421875 0.28 0.00812502 0.0122222 0.00818634
0 0.534375 0.279444 0.00562499 0.00944446 0.00812531
0 0.359375 0.301111 0.01 0.0133334 0.00766754
0 0.38 0.288889 0.00625 0.0116667 0.00751877
0 0.465625 0.264167 0.00500002 0.00999999 0.00725937
0 0.495625 0.311111 0.01375 0.0261111 0.0069313
0 0.00374756 0.403889 0.00718262 0.0144444 0.0069313
3 0.16375 0.381944 0.004375 0.0227778 0.00671768
0 0.284063 0.34 0.01625 0.0194444 0.00671768
0 0.52875 0.268889 0.00625 0.01 0.00669098
0 0.93875 0.335556 0.03 0.0188889 0.00609589
0 0.445625 0.264167 0.00499999 0.00944446 0.00605011
0 0.415625 0.302222 0.00812502 0.0177778 0.00600433
0 0.4225 0.295556 0.00874999 0.0138889 0.0053215
0 0.235313 0.352222 0.01625 0.0233333 0.00521851
7 0.566875 0.317222 0.00499999 0.0133333 0.00492477
7 0.675 0.326667 0.00499999 0.0177778 0.00475693
0 0.199375 0.382222 0.03375 0.0377778 0.00473785
0 0.549688 0.295278 0.014375 0.0127778 0.00455475
7 0.645 0.318333 0.00374997 0.0122222 0.00413513
3 0.69375 0.445 0.00750001 0.0688889 0.00405502
0 0.210938 0.408889 0.05 0.0494444 0.00403976
7 0.574375 0.326111 0.00500005 0.0144444 0.00380898
0 0.25125 0.372222 0.01625 0.0522222 0.00367928
0 0.508438 0.267222 0.00874999 0.0133333 0.00362206
7 0.9275 0.453889 0.00499999 0.0177778 0.00348282
2 0.584375 0.308333 0.00874996 0.0288889 0.00345612
0 0.31625 0.317778 0.00874999 0.0144444 0.00345612
0 0.42125 0.308333 0.01125 0.0177778 0.00335121
0 0.222344 0.381944 0.0721875 0.0838889 0.00335121
0 0.9875 0.3325 0.00750001 0.0144444 0.00325966
0 0.417188 0.277778 0.00625 0.00666665 0.00321007
7 0.0258984 0.572222 0.0102344 0.0355555 0.00317192
2 0.29625 0.346667 0.00687501 0.0161111 0.00305176
2 0.0609375 0.473333 0.015625 0.0438889 0.00305176
0 0.7675 0.336111 0.04125 0.0288889 0.00302696
0 0.00506836 0.386111 0.00947266 0.0177778 0.00302696
0 0.0477441 0.427222 0.0323242 0.0277778 0.00302696
7 0.605938 0.312778 0.00374997 0.00999999 0.00291252
7 0.615625 0.329167 0.00375004 0.0111111 0.00291252
0 0.371875 0.296667 0.00749998 0.00888889 0.0027256
2 0.705625 0.3125 0.00500005 0.0127778 0.00269318
7 0.615 0.313889 0.00374997 0.00888889 0.0026722
0 0.52625 0.276944 0.00750001 0.00888889 0.00258064
2 0.865 0.303889 0.00875003 0.0222222 0.00255013
7 0.575313 0.317778 0.00625 0.0144444 0.00251198
2 0.591875 0.315 0.00875003 0.0155555 0.00250244
0 0.243438 0.355278 0.026875 0.0294444 0.0024929
7 0.25375 0.492222 0.00562499 0.0172222 0.00245285
0 0.9625 0.347778 0.0225 0.0222222 0.00234222
2 0.0406641 0.477222 0.0123437 0.0266667 0.00229645
3 0.105469 0.390556 0.00593751 0.0222222 0.00220871
0 0.201563 0.366667 0.0240625 0.0244444 0.00219154
2 0.765 0.302778 0.00749995 0.02 0.00209999
0 0.447188 0.321667 0.015 0.0255556 0.00209999
7 0.63625 0.318333 0.00375004 0.0122222 0.00199509
0 0.8525 0.33 0.03 0.0255556 0.00197983
0 0.329688 0.311111 0.01375 0.0177778 0.00194168
0 0.19125 0.378056 0.024375 0.0272222 0.00183868
0 0.0378906 0.415 0.02625 0.0277778 0.00176811
0 0.2 0.411389 0.035625 0.0261111 0.00165462
7 0.66625 0.361389 0.00374997 0.0127778 0.00157356
0 0.0208643 0.431111 0.0207715 0.0288889 0.00157356
7 0.266563 0.533611 0.0075 0.025 0.00156116
0 0.259219 0.416111 0.0403125 0.0505556 0.00156116
2 0.318125 0.342222 0.016875 0.0211111 0.00154877
0 0.388125 0.329722 0.01375 0.025 0.00154877
0 0.936875 0.343889 0.03375 0.0222222 0.00153637
0 0.455313 0.263333 0.00375001 0.00888889 0.0015192
0 0.68375 0.326944 0.0275 0.0283333 0.00144958
2 0.0403125 0.5075 0.0328125 0.0488889 0.00142097
0 0.25125 0.349167 0.01375 0.0172222 0.00138283
2 0.176563 0.368889 0.005 0.0161111 0.00135136
0 0.8675 0.341111 0.025 0.0211111 0.00132465
0 0.196875 0.405278 0.030625 0.0333333 0.00132465
7 0.6725 0.467222 0.00750001 0.0288889 0.00130939
0 0.68625 0.331111 0.0275 0.03 0.00130463
0 0.96 0.335 0.0175001 0.0166667 0.0012846
0 0.2525 0.582222 0.0478125 0.0755556 0.00125504
2 0.286094 0.342222 0.00718749 0.02 0.00118828
2 0.583438 0.319722 0.01125 0.0261111 0.00117397
7 0.132188 0.399167 0.0246875 0.0283333 0.00116062
0 0.0535938 0.414722 0.023125 0.0272222 0.00108147
0 0.365938 0.328056 0.015 0.0255556 0.00106525
7 0.154297 0.403889 0.00421875 0.00999999 0.00106525
7 0.775 0.348889 0.015 0.0272222 0.00105667
7 0.645 0.330556 0.00250003 0.01 0.00102043
0 0.302813 0.338889 0.019375 0.02 0.00100803
