0 0.47125 0.87 0.12625 0.257778 0.958984
0 0.845 0.891111 0.175 0.217778 0.956543
0 0.2775 0.881111 0.156875 0.235556 0.956055
0 0.106953 0.783333 0.124219 0.173333 0.955078
0 0.610625 0.751667 0.11 0.2 0.954102
0 0.231875 0.593333 0.0775 0.0888889 0.943359
0 0.6925 0.617778 0.1025 0.14 0.943359
0 0.366875 0.631111 0.08375 0.135556 0.942871
0 0.475625 0.598889 0.07 0.121111 0.936523
0 0.578438 0.581667 0.0775 0.124444 0.927246
2 0.74375 0.393889 0.0125 0.0422222 0.901367
0 0.297969 0.3825 0.0521875 0.035 0.885742
0 0.378125 0.378611 0.05375 0.0405555 0.884277
0 0.75125 0.328611 0.03875 0.0283333 0.854004
0 0.163125 0.3975 0.0325 0.0266667 0.853027
2 0.136953 0.383056 0.00890625 0.0172222 0.844727
0 0.44125 0.331389 0.0275 0.0255556 0.84082
0 0.729375 0.325278 0.04 0.0261111 0.838867
0 0.0144238 0.462222 0.0287305 0.0444444 0.832031
0 0.34625 0.331944 0.015 0.0211111 0.822266
7 0.235156 0.504444 0.0075 0.0244444 0.818848
0 0.3125 0.335 0.01625 0.0211111 0.809082
2 0.67875 0.432222 0.0225 0.0516667 0.804199
0 0.32875 0.332222 0.016875 0.0233333 0.795898
0 0.224688 0.361111 0.029375 0.0244444 0.788086
0 0.36625 0.325278 0.01625 0.0233333 0.774414
2 0.6025 0.313889 0.0125 0.0222222 0.766113
7 0.666875 0.465 0.00625 0.0222222 0.762207
0 0.381875 0.328333 0.01625 0.0211111 0.757812
7 0.925625 0.458056 0.00374997 0.0144444 0.732422
7 0.0235547 0.528333 0.00492188 0.0155555 0.732422
5 0.323438 0.312222 0.021875 0.0311111 0.730957
2 0.576875 0.314722 0.01375 0.02 0.730957
0 0.405625 0.322222 0.0175 0.0244444 0.725098
7 0.221875 0.518333 0.0075 0.0238889 0.716797
3 0.0325781 0.503056 0.00796875 0.045 0.666504
0 0.411563 0.315 0.013125 0.0188889 0.656738
7 0.72375 0.399722 0.00375004 0.0166667 0.654785
7 0.678125 0.480278 0.00750001 0.025 0.596191
0 0.3925 0.314444 0.0125 0.0188889 0.542969
0 0.375313 0.311111 0.011875 0.0155556 0.539062
2 0.250313 0.358333 0.011875 0.0194445 0.505859
0 0.354688 0.327222 0.013125 0.0211111 0.5
5 0.40125 0.286111 0.01 0.0216667 0.46875
3 0.75875 0.386111 0.00999997 0.0422222 0.466797
0 0.47875 0.281667 0.00874999 0.0144444 0.460938
0 0.364063 0.323056 0.0125 0.025 0.443604
0 0.345625 0.316111 0.01125 0.0144444 0.434082
0 0.353125 0.316667 0.011875 0.0155556 0.434082
7 0.68375 0.352778 0.00374997 0.0133333 0.390381
0 0.4125 0.309444 0.013125 0.0188889 0.366699
0 0.374063 0.309444 0.011875 0.0144444 0.351318
0 0.36125 0.299444 0.009375 0.0122222 0.348633
5 0.40125 0.290833 0.01 0.0255556 0.345215
7 0.92375 0.466111 0.00499999 0.0161111 0.341553
2 0.248906 0.356111 0.013125 0.02 0.320801
7 0.634063 0.330556 0.003125 0.0122222 0.309082
7 0.126563 0.418611 0.0040625 0.01 0.30249
7 0.0646094 0.472222 0.00359375 0.0122222 0.300781
0 0.389375 0.307778 0.011875 0.0133333 0.280518
7 0.144688 0.416944 0.0028125 0.0116666 0.275146
7 0.738125 0.429444 0.00499999 0.0188889 0.229492
7 0.73625 0.431389 0.00499999 0.0172222 0.218628
0 0.38625 0.301111 0.00812499 0.0144444 0.196777
0 0.433125 0.274722 0.00625 0.00888887 0.180054
0 0.484375 0.258333 0.00500002 0.0111111 0.175537
7 0.72875 0.438889 0.00499999 0.0188889 0.174438
0 0.3875 0.312778 0.0125 0.0166667 0.172119
7 0.128203 0.415 0.004375 0.0133333 0.171021
0 0.412813 0.293889 0.00999997 0.0188889 0.13208
7 0.725 0.440833 0.00499999 0.0183333 0.120422
0 0.430938 0.271667 0.00562499 0.00888889 0.117981
0 0.394688 0.3 0.00749998 0.0144444 0.11438
7 0.7375 0.425556 0.00499999 0.0166667 0.111267
2 0.575313 0.3125 0.015 0.0216667 0.0970459
7 0.0464063 0.474444 0.00390625 0.0122222 0.092041
0 0.3525 0.307222 0.01125 0.0122222 0.0888062
0 0.359688 0.300556 0.010625 0.0133333 0.0753174
7 0.74375 0.406944 0.00750001 0.0338889 0.0750122
0 0.476563 0.262778 0.00562499 0.0111111 0.0726318
7 0.0491406 0.477222 0.0040625 0.0138889 0.0668335
2 0.174219 0.371111 0.0059375 0.0188889 0.0596619
0 0.445 0.264444 0.00562499 0.0105555 0.0497742
0 0.41875 0.284444 0.00749998 0.0122222 0.0455322
0 0.398125 0.321667 0.0175 0.0255556 0.0433655
5 0.494688 0.263333 0.00687501 0.01 0.0427246
2 0.604375 0.312778 0.0125 0.0211111 0.0408325
3 0.77625 0.35 0.00750001 0.0333334 0.0406799
0 0.44875 0.266944 0.00499999 0.00944446 0.0402527
0 0.47 0.269167 0.00499999 0.0077778 0.0393372
7 0.65375 0.328333 0.00374997 0.0116667 0.037323
0 0.169844 0.388056 0.04 0.0244444 0.0358276
0 0.424375 0.278333 0.00625 0.00944446 0.0354004
7 0.00812012 0.542778 0.00668945 0.0177778 0.0305634
2 0.170625 0.376111 0.008125 0.0166667 0.0296478
0 0.480313 0.281111 0.010625 0.015 0.0294189
0 0.167773 0.397222 0.0432031 0.0311111 0.0287628
7 0.755 0.415556 0.00499999 0.015 0.0285492
7 0.285313 0.351667 0.00375001 0.0144444 0.0284424
0 0.49375 0.267778 0.00874999 0.0111111 0.0281067
7 0.265938 0.362778 0.0034375 0.0111111 0.0261536
0 0.74 0.326667 0.0475 0.0288889 0.0258636
0 0.0119531 0.457222 0.0239063 0.0411111 0.0248871
0 0.372813 0.297778 0.00812502 0.00999999 0.0227966
7 0.67 0.341667 0.00250003 0.0133333 0.0222015
0 0.292969 0.347778 0.0109375 0.0155555 0.0187683
2 0.693125 0.331944 0.0125 0.0272222 0.0167847
2 0.68 0.423611 0.02 0.0466667 0.0163422
0 0.311094 0.34 0.016875 0.0211111 0.0142822
0 0.454688 0.2625 0.00375001 0.00777777 0.01297
2 0.577813 0.3075 0.010625 0.0261111 0.0108566
0 0.465625 0.275556 0.00500002 0.00999999 0.0103302
2 0.57125 0.316111 0.0137499 0.0155556 0.0100555
7 0.636875 0.318333 0.00500005 0.0122222 0.00933838
7 0.63 0.336111 0.00375004 0.0127778 0.00857544
2 0.165938 0.374444 0.0075 0.02 0.00844574
3 0.189688 0.371111 0.00499999 0.0211111 0.00844574
3 0.775 0.362778 0.00750001 0.0455556 0.00793457
2 0.0177954 0.446667 0.0178857 0.0261111 0.00775528
7 0.65375 0.316944 0.00250003 0.00999999 0.00706482
2 0.135 0.384167 0.0132813 0.0211111 0.0068512
0 0.37875 0.288333 0.00750001 0.0111111 0.00677109
2 0.5825 0.300556 0.00875003 0.0166667 0.00588989
7 0.666875 0.354444 0.00499999 0.0133334 0.005867
7 0.254375 0.492222 0.00531251 0.0166667 0.00570679
0 0.412813 0.281111 0.009375 0.0111111 0.00544739
7 0.275469 0.353889 0.00374997 0.0133334 0.00510025
7 0.475313 0.599444 0.070625 0.122222 0.00484848
0 0.445313 0.273611 0.00500002 0.0105555 0.00473785
7 0.66375 0.311667 0.00250003 0.0111111 0.00468063
0 0.525313 0.275556 0.00499999 0.00888889 0.00453949
0 0.465625 0.265 0.00375001 0.0111111 0.00445175
2 0.686875 0.292778 0.00500005 0.0166667 0.00439835
2 0.154922 0.373333 0.00593751 0.0194444 0.00428009
3 0.291094 0.344444 0.00843748 0.02 0.00426483
7 0.22125 0.507778 0.00750001 0.0266667 0.00415039
2 0.6775 0.437778 0.02625 0.05 0.0041008
7 0.685625 0.315 0.00374997 0.0122222 0.00399017
0 0.50875 0.27 0.00625 0.0105555 0.00399017
0 0.444375 0.322778 0.018125 0.0222222 0.00397491
0 0.183125 0.369722 0.015 0.0205556 0.0039444
0 0.986875 0.333889 0.00875003 0.0144444 0.00391388
3 0.81 0.301111 0.00500005 0.0205556 0.00379562
3 0.865 0.314444 0.00499999 0.0155555 0.00376511
0 0.304531 0.338611 0.025625 0.02 0.00362206
0 0.76125 0.336667 0.0325 0.0244444 0.00362206
3 0.0291016 0.502778 0.00992187 0.0466666 0.00348282
3 0.77 0.369444 0.015 0.0655556 0.00317192
0 0.9725 0.335556 0.0225 0.0177778 0.00314713
3 0.0260156 0.405556 0.00496094 0.0166667 0.00312424
3 0.77625 0.352222 0.00999997 0.0266667 0.00300407
7 0.634688 0.344444 0.00437501 0.0133333 0.00293541
2 0.69125 0.427222 0.015 0.0511111 0.00291252
3 0.0295898 0.406944 0.00558594 0.0172222 0.00270462
0 0.495625 0.272222 0.00750001 0.0133333 0.00259018
2 0.586875 0.31 0.0225 0.0255556 0.00255013
2 0.0346289 0.403889 0.00847656 0.0177778 0.00254059
0 0.00424805 0.404444 0.00807617 0.0155555 0.00250244
2 0.249375 0.348333 0.00687501 0.0255556 0.00246239
0 0.423125 0.298333 0.00750001 0.0144444 0.002388
7 0.91625 0.470556 0.00500005 0.0155556 0.00231361
2 0.602813 0.307778 0.009375 0.0255556 0.00226974
0 0.00353272 0.480833 0.00706543 0.0366667 0.00219917
7 0.65 0.334444 0.00249996 0.0144444 0.00209045
0 0.42 0.31 0.0125 0.0188889 0.00208282
0 0.9675 0.335556 0.015 0.0177778 0.0020504
7 0.364375 0.632222 0.07375 0.136667 0.00198746
2 0.6875 0.427222 0.02625 0.0522222 0.00187492
0 0.0120215 0.407222 0.0112109 0.0177778 0.00184631
7 0.265938 0.354444 0.00374999 0.0138889 0.00182438
2 0.250313 0.367778 0.016875 0.0311111 0.00179577
0 0.43375 0.315833 0.038125 0.0455556 0.00171375
3 0.0344922 0.494167 0.00757813 0.0466667 0.0015974
7 0.57875 0.582222 0.076875 0.122222 0.00153637
0 0.9675 0.346111 0.02 0.0211111 0.00152493
0 0.365938 0.33 0.0175 0.0244444 0.00142097
2 0.597188 0.305 0.00687504 0.0222222 0.00133514
3 0.508438 0.296111 0.00687501 0.0288889 0.00131512
0 0.534688 0.278333 0.00437501 0.00777777 0.00130939
2 0.132344 0.386111 0.01625 0.0166667 0.00130939
7 0.6725 0.470278 0.00999997 0.0311111 0.00126934
7 0.615 0.329722 0.00374997 0.0105555 0.00126457
7 0.645 0.344444 0.00499999 0.0133333 0.0012207
7 0.21875 0.363889 0.020625 0.0244444 0.00117874
7 0.9275 0.453333 0.00499999 0.02 0.00117397
3 0.87375 0.313333 0.00499999 0.015 0.00115108
0 0.500625 0.282778 0.00874999 0.0133333 0.00109863
2 0.5075 0.281667 0.00625 0.0144444 0.00106907
0 0.52875 0.270278 0.00562499 0.00888889 0.00106907
7 0.115078 0.436667 0.005 0.0133333 0.00105286
0 0.554688 0.297778 0.009375 0.0133333 0.00104809
0 0.354063 0.282778 0.00749998 0.0188889 0.00104046
0 0.394375 0.3325 0.02375 0.0255556 0.00104046
7 0.66625 0.361111 0.00499999 0.0133333 0.00100803
2 0.691875 0.339167 0.01375 0.03 0.00100803
