0 0.1725 0.84 0.143438 0.215556 0.945312
0 0.0314063 0.933333 0.0628125 0.128889 0.941895
0 0.285156 0.622222 0.0884375 0.121111 0.936035
0 0.209063 0.613333 0.099375 0.118889 0.93457
0 0.593125 0.626667 0.0825 0.128889 0.932617
0 0.105859 0.774444 0.128906 0.175556 0.932129
0 0.303281 0.862778 0.108438 0.186667 0.919434
0 0.476875 0.515 0.054375 0.105556 0.918945
0 0.543438 0.451111 0.04375 0.0655556 0.906738
0 0.530625 0.371111 0.03125 0.0466667 0.902832
0 0.418438 0.448333 0.040625 0.0588889 0.901855
0 0.483438 0.422222 0.034375 0.0544445 0.892578
0 0.438125 0.365 0.02625 0.0355556 0.890137
1 0.0633203 0.511111 0.126641 0.181111 0.875977
0 0.183711 0.459167 0.0513281 0.0594444 0.873047
7 0.235469 0.504444 0.0075 0.0244444 0.852051
0 0.269688 0.405833 0.036875 0.0461111 0.847168
0 0.486875 0.367222 0.02625 0.0377778 0.842773
0 0.50875 0.343889 0.02375 0.0344445 0.841797
2 0.91875 0.548889 0.02625 0.0844445 0.833008
0 0.160156 0.445 0.045 0.0522222 0.829102
0 0.489375 0.331111 0.0175 0.025 0.823242
0 0.454375 0.322778 0.0175 0.0266667 0.822266
2 0.669375 0.437778 0.02375 0.0511111 0.795898
2 0.59375 0.312778 0.0125 0.0205556 0.777344
0 0.313906 0.352778 0.0228125 0.0311111 0.777344
0 0.0505859 0.438611 0.0316406 0.0266667 0.771973
0 0.74125 0.334444 0.0425 0.0288889 0.766113
0 0.35625 0.340556 0.01875 0.0255556 0.763672
0 0.479688 0.293611 0.011875 0.0177778 0.759277
0 0.55 0.303889 0.0225 0.0188889 0.751953
0 0.5125 0.290556 0.013125 0.0177778 0.750488
0 0.271563 0.381667 0.033125 0.0344445 0.73877
7 0.6675 0.465833 0.00625 0.0216667 0.73877
7 0.72375 0.401111 0.00499999 0.0166667 0.73584
7 0.222188 0.519444 0.0075 0.0222222 0.730957
0 0.0304297 0.455 0.03125 0.0255556 0.713867
0 0.291406 0.338333 0.0234375 0.0255556 0.690918
7 0.72875 0.439444 0.00499999 0.0188889 0.689453
0 0.493125 0.290556 0.01125 0.0161111 0.6875
0 0.8025 0.332222 0.03875 0.0244444 0.668945
0 0.7225 0.322778 0.035 0.0272222 0.658203
0 0.344375 0.333056 0.01625 0.0222222 0.647949
0 0.246875 0.355 0.025 0.0233333 0.633301
0 0.85875 0.331389 0.035 0.0238889 0.62793
0 0.404688 0.28 0.011875 0.0122222 0.625977
7 0.73875 0.428889 0.00499999 0.0216667 0.623535
7 0.925625 0.458889 0.00500005 0.0166667 0.622559
0 0.81125 0.321944 0.035 0.0372222 0.611328
0 0.385 0.3475 0.02 0.0277778 0.596191
3 0.21 0.371667 0.004375 0.0233333 0.59375
7 0.74875 0.417222 0.00499999 0.0177778 0.57959
0 0.84875 0.326667 0.0275 0.0216667 0.529297
2 0.233125 0.367222 0.010625 0.0222222 0.521484
0 0.00791992 0.457778 0.0157227 0.0227778 0.503906
0 0.723125 0.318333 0.03375 0.0277778 0.494141
7 0.74625 0.398889 0.00500005 0.0144444 0.478516
0 0.514063 0.313333 0.015 0.0222222 0.474609
0 0.243125 0.355833 0.02625 0.0244445 0.466797
7 0.92375 0.465278 0.00499999 0.0183333 0.464844
0 0.341875 0.332778 0.015 0.02 0.462891
0 0.375938 0.297778 0.01125 0.0122222 0.455078
0 0.785625 0.321111 0.035 0.0277778 0.435791
0 0.4675 0.2775 0.00750001 0.0127778 0.420654
0 0.394375 0.33 0.02125 0.0266667 0.411133
0 0.504375 0.278611 0.01 0.0144444 0.405518
7 0.7375 0.427222 0.00625 0.02 0.38501
7 0.634375 0.329444 0.003125 0.0111111 0.361084
0 0.00566406 0.466667 0.0112891 0.0266667 0.352295
0 0.455 0.313611 0.015 0.0244445 0.303955
0 0.488125 0.311667 0.015 0.02 0.295898
0 0.74625 0.331667 0.04 0.0272222 0.291016
3 0.219375 0.365556 0.00562499 0.025 0.281494
0 0.388125 0.327778 0.021875 0.0244444 0.269043
2 0.230625 0.3675 0.00625 0.0216667 0.259766
0 0.47 0.272778 0.00874999 0.0122222 0.259033
2 0.6675 0.325 0.00750001 0.0266667 0.255371
0 0.80375 0.336389 0.0375 0.0288889 0.252441
0 0.890625 0.324722 0.02875 0.0227778 0.246582
0 0.848125 0.322778 0.0275 0.02 0.242188
0 0.385938 0.343333 0.021875 0.0288889 0.226807
7 0.678125 0.479444 0.00750001 0.0266667 0.225464
3 0.190938 0.375 0.005 0.0255556 0.223389
0 0.471875 0.274722 0.01 0.0138889 0.218628
0 0.49875 0.285 0.00999997 0.0144444 0.213989
2 0.665 0.322222 0.00749995 0.0288889 0.20813
0 0.38125 0.346667 0.0175 0.0288889 0.19812
0 0.48625 0.264444 0.00750001 0.0133333 0.196167
0 0.525938 0.277778 0.009375 0.0133333 0.187134
0 0.77375 0.318889 0.025 0.0211111 0.179565
0 0.5075 0.271667 0.00874999 0.0122222 0.178345
0 0.49375 0.277778 0.01 0.0111111 0.15979
0 0.513125 0.277778 0.00874999 0.0111111 0.157715
0 0.505 0.261944 0.00625 0.00944443 0.143677
2 0.217344 0.368333 0.00687501 0.0255556 0.143188
0 0.484688 0.277778 0.00812499 0.0138889 0.142212
0 0.89375 0.326667 0.03 0.0233333 0.141235
3 0.156172 0.390556 0.00453126 0.0211111 0.137085
7 0.65375 0.328611 0.00499999 0.0144444 0.129395
3 0.678125 0.354722 0.00625 0.035 0.125488
0 0.475625 0.261389 0.00625 0.0105555 0.121704
0 0.486875 0.270833 0.00874999 0.0122222 0.117188
5 0.37875 0.2825 0.01 0.0183333 0.11438
7 0.144219 0.4175 0.004375 0.0105555 0.109314
0 0.378438 0.285278 0.00874999 0.0144444 0.106323
0 0.0310596 0.460833 0.0353809 0.0338889 0.103027
0 0.446875 0.263333 0.00749998 0.0111111 0.0953369
3 0.126953 0.416111 0.00453125 0.02 0.093689
0 0.420938 0.284444 0.00749998 0.0144444 0.0907593
3 0.195938 0.377778 0.00499999 0.0244444 0.0869141
2 0.105234 0.391667 0.00796875 0.0177778 0.0847778
2 0.67 0.330556 0.00750001 0.0255556 0.0847778
0 0.3675 0.298333 0.01 0.0105556 0.0844727
7 0.128125 0.417778 0.00437501 0.0216667 0.0786133
0 0.83125 0.341111 0.025 0.0222222 0.0775146
3 0.143281 0.405 0.005 0.0188889 0.076416
3 0.156953 0.394444 0.005 0.0211111 0.0718384
3 0.194688 0.373611 0.005 0.0272222 0.0682983
0 0.00613281 0.445556 0.0122656 0.0211111 0.0630493
0 0.51375 0.310278 0.01375 0.0211111 0.0603027
3 0.226875 0.368611 0.00687499 0.0238889 0.0562439
0 0.4125 0.332222 0.01625 0.0244444 0.0549927
0 0.74375 0.325556 0.0375 0.0266667 0.0514526
0 0.48875 0.319722 0.01625 0.0255556 0.0510864
0 0.400625 0.332222 0.0125 0.0233333 0.0486755
0 0.374375 0.33 0.01125 0.0188889 0.0483093
0 0.3725 0.3 0.01 0.0144444 0.0470886
3 0.135312 0.3825 0.00359375 0.0183333 0.0456848
0 0.83375 0.338333 0.0275 0.0188889 0.0450134
0 0.89 0.333333 0.03 0.0177778 0.0399475
0 0.250625 0.3525 0.024375 0.025 0.039856
0 0.239063 0.358333 0.03125 0.0266667 0.0389099
0 0.509375 0.35 0.0225 0.0394445 0.0389099
0 0.5025 0.290556 0.01125 0.0161111 0.0359497
3 0.214063 0.357778 0.0046875 0.0211111 0.035553
0 0.53 0.269444 0.00750001 0.0111111 0.0354004
0 0.74875 0.323889 0.03125 0.0233333 0.0347595
0 0.171914 0.456667 0.0305469 0.0477778 0.0347595
0 0.41 0.331389 0.01625 0.0244444 0.0340881
0 0.435313 0.276111 0.00499999 0.00999999 0.0322266
2 0.69375 0.422222 0.0175 0.0488889 0.0317383
0 0.012832 0.465833 0.0148828 0.0255556 0.0316162
0 0.44875 0.265 0.00750001 0.0144444 0.0296478
7 0.93375 0.470833 0.00499999 0.0216667 0.0289764
0 0.0101733 0.445556 0.0198486 0.025 0.0271759
2 0.67125 0.339722 0.00999997 0.0355555 0.0267639
0 0.5125 0.262778 0.00749998 0.00999999 0.0255585
3 0.125313 0.411667 0.003125 0.0222222 0.025177
0 0.35125 0.311389 0.01125 0.0144444 0.0232391
2 0.6975 0.419167 0.0175 0.0483333 0.0227966
2 0.6575 0.321667 0.00625 0.0244444 0.0224609
0 0.457813 0.301389 0.011875 0.0188889 0.021698
2 0.591875 0.314167 0.01625 0.0188889 0.0214539
0 0.55625 0.294167 0.02 0.0138889 0.0201721
7 0.709375 0.404444 0.00625 0.02 0.0199432
0 0.00720703 0.482222 0.0143359 0.0438889 0.0192719
0 0.8575 0.326111 0.035 0.0272222 0.0178528
3 0.215 0.371667 0.00499999 0.0272222 0.0168457
5 0.42125 0.278333 0.00874999 0.0177778 0.0164642
7 0.115156 0.424167 0.00421875 0.0127778 0.0163422
0 0.0128711 0.483889 0.0249609 0.0388889 0.0161591
0 0.421563 0.290278 0.00812499 0.0144444 0.0159607
3 0.689375 0.307778 0.00499999 0.0166667 0.0146179
7 0.7375 0.431111 0.00499999 0.0194444 0.0145035
3 0.209688 0.35 0.005 0.0266667 0.0141754
3 0.251563 0.368056 0.00625 0.0233333 0.0139008
0 0.494375 0.262778 0.00562499 0.00999999 0.0137939
7 0.170313 0.412778 0.00531249 0.02 0.013588
0 0.509375 0.321111 0.020625 0.03 0.0135345
0 0.347188 0.316111 0.01125 0.0155556 0.0132217
3 0.685 0.354167 0.00374997 0.0344444 0.01297
0 0.383125 0.351667 0.01875 0.0311111 0.01297
3 0.255938 0.331389 0.00625 0.0183333 0.0124817
0 0.78375 0.315556 0.04 0.0255556 0.0124283
7 0.685625 0.315 0.00374997 0.0138889 0.0120544
0 0.317813 0.333889 0.013125 0.0122222 0.0120544
3 0.129688 0.383333 0.0040625 0.0227778 0.0118713
0 0.0917188 0.432778 0.0203125 0.0255556 0.0115509
0 0.459375 0.285 0.01 0.0133333 0.0113297
3 0.105234 0.395 0.00625 0.0188889 0.0112
7 0.67 0.47 0.00499999 0.0277778 0.0109482
0 0.858125 0.335556 0.0375 0.0288889 0.0109024
0 0.0239258 0.4775 0.0270703 0.0377778 0.0107803
7 0.65125 0.335556 0.00250003 0.0122222 0.0100555
0 0.0514063 0.444167 0.0338281 0.0316667 0.00974274
3 0.163594 0.388333 0.004375 0.02 0.0091629
0 0.9 0.330278 0.0325 0.0205556 0.0085144
0 0.00318359 0.424444 0.00636719 0.0177778 0.0085144
3 0.150313 0.385278 0.00406249 0.0261111 0.00844574
7 0.205625 0.377778 0.00375001 0.0211111 0.00841522
2 0.70625 0.413889 0.00499999 0.0344444 0.00841522
2 0.689375 0.420556 0.0125 0.0466667 0.00841522
3 0.636563 0.321389 0.00437501 0.0188889 0.00821686
0 0.4925 0.352778 0.025 0.0333334 0.00800323
7 0.604688 0.329444 0.003125 0.00999999 0.00775528
0 0.35 0.308333 0.01375 0.0155556 0.00712204
0 0.77875 0.331389 0.0425 0.0233333 0.00712204
0 0.318125 0.336667 0.015625 0.0177778 0.00703812
7 0.928125 0.452222 0.00499999 0.0155555 0.0068512
0 0.309063 0.350833 0.025 0.0305556 0.00679779
2 0.175625 0.427778 0.01 0.0377778 0.00658798
0 0.413125 0.316667 0.01375 0.0188889 0.00619125
0 0.445625 0.273333 0.00499999 0.0122222 0.00616837
7 0.7275 0.439444 0.00749995 0.0177778 0.00595856
0 0.532813 0.263056 0.00624997 0.0105555 0.00588989
2 0.69125 0.339444 0.00750001 0.0266667 0.00588989
3 0.6675 0.309444 0.00750001 0.0211111 0.00579834
0 0.36625 0.339444 0.0225 0.0272222 0.00579834
7 0.754375 0.418333 0.00499999 0.0177778 0.00553513
3 0.124688 0.386389 0.0034375 0.0161111 0.00540543
0 0.41875 0.277222 0.01 0.0133333 0.00527954
0 0.398125 0.342222 0.019375 0.0244444 0.00510025
2 0.76625 0.303889 0.00750001 0.0205556 0.00494385
7 0.205938 0.369444 0.00375001 0.02 0.00475693
0 0.450938 0.262778 0.00874999 0.0111111 0.00471878
0 0.45625 0.315556 0.01875 0.0272222 0.00469971
2 0.675 0.3 0.00499999 0.015 0.00407028
2 0.18625 0.371389 0.00874999 0.0233333 0.00403976
0 0.167031 0.437222 0.035 0.04 0.00397491
7 0.135703 0.405556 0.00296876 0.0133333 0.00387001
0 0.38625 0.352778 0.024375 0.0333334 0.00385475
3 0.6825 0.354444 0.00750001 0.0361111 0.00370789
0 0.888125 0.341111 0.0362501 0.0244444 0.00356483
3 0.68625 0.332778 0.00375004 0.02 0.00345612
2 0.69375 0.425 0.025 0.0505556 0.00335121
2 0.72375 0.392778 0.00499999 0.0305556 0.00332451
0 0.51375 0.342778 0.025 0.0366667 0.00328636
2 0.595937 0.307778 0.00812499 0.0266667 0.00314713
2 0.163906 0.430556 0.01125 0.0288889 0.00314713
0 0.525625 0.264167 0.00500002 0.0116667 0.00309944
3 0.6875 0.419722 0.00750001 0.0433333 0.00279999
7 0.575 0.315556 0.00499999 0.0133333 0.00271416
7 0.745625 0.422222 0.00375004 0.0155556 0.00271416
2 0.263906 0.351111 0.00562501 0.0144444 0.00268364
7 0.148359 0.408333 0.00843751 0.0188889 0.00261116
2 0.185625 0.378056 0.00999999 0.0266667 0.00257111
0 0.40625 0.323333 0.015625 0.0266667 0.00243378
0 0.8925 0.343333 0.035 0.0244444 0.00243378
0 0.0277148 0.446667 0.0248828 0.0227778 0.00243378
0 0.0512891 0.432778 0.0317188 0.0288889 0.00237846
0 0.5325 0.274167 0.00750005 0.0116667 0.00229645
3 0.775 0.349167 0.01 0.0261111 0.00226974
0 0.694375 0.332222 0.01125 0.0266667 0.00221634
3 0.584688 0.298333 0.00437501 0.015 0.00220871
3 0.170469 0.379444 0.0046875 0.0211111 0.00219917
3 0.136563 0.376667 0.00562499 0.0244445 0.00219154
2 0.144688 0.391667 0.00406249 0.0233333 0.00209999
0 0.274844 0.377778 0.0340625 0.0316666 0.00203514
0 0.402188 0.280556 0.01625 0.0122222 0.00192642
7 0.615 0.331111 0.003125 0.00888889 0.00191212
7 0.6675 0.335556 0.00625 0.0344444 0.00188923
7 0.71875 0.451111 0.00750001 0.0227778 0.00188255
0 0.383125 0.295556 0.010625 0.0122222 0.00186729
0 0.17 0.449167 0.0290625 0.0494444 0.00186062
2 0.675 0.321667 0.00499999 0.0255556 0.00185299
3 0.695625 0.318889 0.00625 0.0177778 0.00183868
0 0.72625 0.330556 0.04125 0.0244444 0.00181007
2 0.555938 0.281667 0.00687497 0.0138889 0.00175476
7 0.73625 0.405 0.00499999 0.0177778 0.00171375
0 0.900625 0.319167 0.03375 0.0205556 0.00168705
7 0.175938 0.410556 0.005 0.0244444 0.00168705
3 0.162969 0.369444 0.00531249 0.0255556 0.00166798
1 0.0261328 0.522222 0.0522656 0.162222 0.00163555
0 0.353438 0.299722 0.00750001 0.0122222 0.00162315
0 0.405 0.288889 0.01125 0.0188889 0.00158501
3 0.778125 0.353333 0.00874996 0.0227778 0.00153637
1 0.483125 0.248333 0.01125 0.0183333 0.00151253
0 0.0131836 0.491111 0.0260156 0.0466667 0.0014782
0 0.0790625 0.438611 0.0171875 0.0244444 0.00144958
0 0.101094 0.435 0.031875 0.0277778 0.00144958
3 0.40375 0.4825 0.01 0.0683333 0.00142097
3 0.155938 0.376111 0.0046875 0.0255556 0.00141048
0 0.00976563 0.426667 0.0183203 0.0222222 0.00140476
7 0.72125 0.450833 0.00749995 0.0205556 0.00136662
3 0.665625 0.304444 0.00499999 0.0216667 0.00134563
2 0.0871875 0.43 0.0078125 0.0222222 0.00134087
3 0.125781 0.426111 0.005625 0.0316667 0.00133038
0 0.246719 0.349444 0.0259375 0.0233333 0.00130463
0 0.886875 0.343333 0.03 0.0233333 0.00126457
7 0.592812 0.627778 0.0825 0.128889 0.00126457
0 0.97625 0.335 0.015 0.0188889 0.0012598
0 0.309375 0.338889 0.016875 0.0211111 0.00123501
7 0.285625 0.622222 0.0875 0.12 0.00121117
0 0.172969 0.4325 0.03375 0.0444444 0.00118828
2 0.265313 0.336667 0.00625 0.0177778 0.00115585
7 0.225625 0.371944 0.004375 0.0277778 0.00115108
2 0.725 0.303889 0.02 0.0188889 0.0011425
2 0.564375 0.283889 0.00625 0.0144444 0.00111198
2 0.0991406 0.431667 0.015625 0.0244444 0.00111198
3 0.235156 0.371667 0.00718751 0.0283333 0.00108624
3 0.69375 0.344444 0.01 0.0322222 0.00107765
