0 0.92375 0.845556 0.1525 0.304444 0.962891
0 0.731875 0.815833 0.1975 0.368333 0.961914
0 0.795 0.500556 0.13875 0.215556 0.956543
0 0.495625 0.546111 0.1075 0.246667 0.955078
0 0.0951563 0.891111 0.162188 0.215556 0.954102
0 0.223438 0.558889 0.130625 0.215556 0.952637
0 0.636875 0.4225 0.105 0.170556 0.950195
0 0.245977 0.916667 0.179297 0.164444 0.950195
0 0.404375 0.3175 0.07375 0.115 0.94873
0 0.22375 0.379444 0.10375 0.142222 0.946777
0 0.70375 0.286181 0.085 0.114306 0.946289
0 0.358828 0.478889 0.112344 0.198889 0.944336
0 0.8675 0.382222 0.10375 0.14 0.940918
0 0.506875 0.332222 0.073125 0.128889 0.94043
0 0.600625 0.279444 0.0825 0.124444 0.936523
0 0.110625 0.345833 0.0709375 0.105556 0.929199
0 0.3075 0.353889 0.085 0.12 0.928223
0 0.493125 0.976667 0.14625 0.0444444 0.88623
5 0.33875 0.0679167 0.02125 0.0380556 0.878906
0 0.0471875 0.294444 0.0342969 0.0366667 0.859863
0 0.36125 0.120139 0.05125 0.0377778 0.858887
0 0.100859 0.253889 0.0385938 0.0361111 0.853027
0 0.76 0.0583333 0.0375 0.0269444 0.836426
0 0.465625 0.0627778 0.031875 0.0265278 0.834473
2 0.475 0.0835417 0.01875 0.03 0.833496
0 0.208125 0.194722 0.049375 0.0438889 0.809082
7 0.255938 0.264444 0.0075 0.0222222 0.806641
0 0.477188 0.0348611 0.011875 0.0165278 0.804199
0 0.496563 0.0443056 0.015 0.0197222 0.799316
0 0.92 0.0870139 0.025 0.0219444 0.777344
0 0.4025 0.0643056 0.01375 0.0202778 0.775879
0 0.393125 0.0971528 0.046875 0.0318056 0.775879
2 0.0437891 0.343611 0.0151563 0.0388889 0.769043
0 0.3575 0.0783333 0.018125 0.0255556 0.762207
0 0.0129492 0.32 0.025625 0.035 0.757812
0 0.090332 0.250278 0.0308984 0.0372222 0.753418
0 0.341563 0.0847222 0.015 0.0213889 0.746094
0 0.736875 0.05375 0.0362501 0.02375 0.744629
0 0.326563 0.0890278 0.014375 0.0216667 0.744629
0 0.82125 0.0684722 0.03 0.025 0.73877
0 0.426875 0.0544444 0.01625 0.0231944 0.723145
7 0.7425 0.172222 0.00750001 0.02 0.723145
0 0.859375 0.0777778 0.03625 0.025 0.713867
7 0.75125 0.160833 0.00499999 0.0194444 0.712402
2 0.268438 0.121111 0.0125 0.0205556 0.699219
7 0.242188 0.281111 0.008125 0.0222222 0.695801
0 0.871875 0.0720139 0.03 0.0225 0.6875
0 0.80375 0.0583333 0.0325 0.0248611 0.656738
2 0.60125 0.0407118 0.0125 0.0205208 0.624512
0 0.37375 0.0489583 0.01125 0.01625 0.605957
0 0.024043 0.273333 0.0223047 0.0266667 0.581543
0 0.4125 0.042934 0.01 0.0149653 0.548828
7 0.94375 0.214722 0.00499999 0.0183333 0.53125
7 0.94375 0.218889 0.00499999 0.0172222 0.527344
7 0.0270703 0.378889 0.00515625 0.0166667 0.515625
5 0.4325 0.0186111 0.0125 0.0211111 0.509766
5 0.381875 0.0679167 0.0225 0.0288889 0.505859
0 0.499375 0.0252083 0.01125 0.0173611 0.498047
3 0.6975 0.155 0.0125 0.0588889 0.498047
0 0.43 0.0502083 0.01375 0.0204167 0.460938
0 0.42375 0.0321528 0.00812499 0.0143056 0.449463
7 0.7675 0.128472 0.00499999 0.0183333 0.44458
0 0.521563 0.0113194 0.00874999 0.0101389 0.439697
2 0.284375 0.111389 0.00874999 0.0205556 0.397949
7 0.70375 0.198056 0.00750001 0.0272222 0.397949
7 0.74375 0.124444 0.00499999 0.0161111 0.392334
7 0.70375 0.0784722 0.00374997 0.0127778 0.375732
0 0.518438 0.0156597 0.00874999 0.0122917 0.366699
7 0.94125 0.216528 0.00500005 0.0180556 0.360352
3 0.69125 0.187778 0.02 0.0455556 0.350342
0 0.79875 0.0563889 0.035 0.0261111 0.348633
0 0.3725 0.0558333 0.00874999 0.0151389 0.331055
0 0.36625 0.06875 0.0125 0.02 0.327637
0 0.390313 0.0621528 0.0125 0.0234722 0.314941
7 0.144453 0.212222 0.00375001 0.0144444 0.286133
7 0.67125 0.0517361 0.00250003 0.0115278 0.282959
0 0.395 0.0513889 0.01125 0.0166667 0.281494
0 0.3575 0.0758333 0.015 0.025 0.273682
0 0.38375 0.0502778 0.01125 0.0161111 0.267334
7 0.65125 0.0525 0.00250003 0.0106944 0.259766
0 0.405 0.0488194 0.01125 0.0155556 0.253906
2 0.72875 0.127361 0.0125 0.0452778 0.24585
0 0.211875 0.1875 0.04375 0.0436111 0.217285
7 0.744375 0.127778 0.00499999 0.0188889 0.204956
0 0.49875 0.00524306 0.00750001 0.0104861 0.204956
7 0.655 0.0482639 0.00249996 0.00847222 0.201172
7 0.0637109 0.295278 0.00429688 0.0211111 0.190674
0 0.379375 0.0695139 0.01625 0.0238889 0.188354
3 0.6925 0.169306 0.0225 0.0722222 0.184814
7 0.70125 0.0777778 0.00499999 0.0169444 0.167236
7 0.70625 0.1975 0.00750001 0.0272222 0.161865
0 0.404375 0.0303472 0.00625 0.0105556 0.156616
7 0.0752344 0.293056 0.003125 0.0122222 0.15564
7 0.766875 0.132222 0.00499999 0.0144444 0.136108
7 0.766875 0.126111 0.00499999 0.0183333 0.129395
2 0.615625 0.0301042 0.00499999 0.015625 0.128906
2 0.210781 0.151667 0.008125 0.0255556 0.126831
0 0.391875 0.0609722 0.01125 0.0188889 0.126343
2 0.72875 0.130556 0.00999997 0.0380556 0.122131
7 0.70875 0.199444 0.00999997 0.0327778 0.117188
0 0.379688 0.0711111 0.021875 0.0243056 0.113586
0 0.444688 0.0132986 0.00687501 0.0109028 0.112
0 0.415625 0.0335069 0.00812502 0.013125 0.107422
0 0.4525 0.00944445 0.00687501 0.00881945 0.105591
7 0.75375 0.156806 0.00625 0.0177778 0.0917358
3 0.230156 0.132778 0.0034375 0.0205556 0.0913696
3 0.6975 0.166111 0.0175 0.0711111 0.083313
3 0.206094 0.152222 0.0065625 0.0255556 0.0817871
0 0.338438 0.0833333 0.015 0.0222222 0.0809326
0 0.4975 0.0451389 0.0175 0.0251389 0.0800781
2 0.211875 0.150972 0.00687501 0.0238889 0.0789185
2 0.69375 0.168611 0.0225 0.0716667 0.0734253
7 0.16375 0.205 0.00406251 0.0116667 0.0731812
3 0.00561035 0.380556 0.00825195 0.0288889 0.0675659
5 0.433125 0.0242361 0.00999997 0.01875 0.0651245
5 0.336875 0.0715278 0.02625 0.035 0.0648804
0 0.498438 0.0105208 0.00812502 0.00756945 0.0574951
0 0.0258789 0.267778 0.0227344 0.0266667 0.0572815
0 0.40625 0.0547222 0.01375 0.0158333 0.0572815
3 0.695 0.15 0.0175 0.0505555 0.0534058
3 0.137344 0.181944 0.00656249 0.0205556 0.0526123
3 0.71 0.199444 0.015 0.0355555 0.0467224
2 0.136094 0.178889 0.0075 0.0194444 0.0458679
0 0.35125 0.0825694 0.01625 0.0219444 0.0453491
7 0.144531 0.217917 0.00374999 0.0152778 0.0377502
0 0.105156 0.328889 0.048125 0.0711111 0.0360718
0 0.505 0.00840278 0.00499999 0.00902778 0.033844
0 0.486563 0.00888889 0.00562499 0.00979167 0.03125
3 0.234375 0.137222 0.004375 0.0161111 0.0296478
7 0.0695313 0.299444 0.0053125 0.0166667 0.0276947
0 0.33875 0.0781944 0.01625 0.0222222 0.0269165
0 0.397188 0.0302083 0.00750001 0.00888889 0.0266571
7 0.6875 0.0788889 0.00499999 0.0116667 0.0237732
0 0.341875 0.0891667 0.01625 0.0261111 0.0233307
3 0.00447266 0.380278 0.00783203 0.0322222 0.0214539
7 0.0840625 0.291667 0.004375 0.0133333 0.0199432
0 0.202969 0.18 0.0328125 0.0283333 0.0191956
3 0.708125 0.178611 0.01875 0.0655556 0.0189056
0 0.459375 0.00385417 0.00500002 0.00770833 0.0185394
0 0.450625 0.0161806 0.00625 0.0118056 0.016983
0 0.0179883 0.274444 0.0207813 0.0266667 0.0165863
7 0.74875 0.126111 0.00375004 0.0166667 0.0156021
2 0.115703 0.188611 0.00859375 0.0230556 0.0152512
3 0.73 0.132222 0.01625 0.0466667 0.0150757
7 0.690625 0.0540972 0.00375004 0.0109722 0.0144501
2 0.72625 0.0346528 0.00499999 0.0145833 0.0142822
0 0.00402344 0.415556 0.00804688 0.0422222 0.0140076
3 0.124141 0.190417 0.00484375 0.0186111 0.0139008
7 0.140938 0.213333 0.00406249 0.0138889 0.0132217
0 0.348438 0.0683333 0.009375 0.0372222 0.0127258
0 0.73125 0.05375 0.035 0.0216667 0.0121918
2 0.73 0.132222 0.01625 0.0466667 0.0109482
0 0.385 0.0901389 0.04375 0.025 0.0109024
0 0.95875 0.105208 0.0175 0.0156944 0.0104523
7 0.7525 0.161944 0.00625 0.0205556 0.0104065
7 0.249688 0.124722 0.00375001 0.0122222 0.0102921
7 0.77375 0.146528 0.00499999 0.0158333 0.00955963
0 0.00329102 0.276667 0.00655274 0.0233333 0.00948334
7 0.673125 0.05 0.00374997 0.0108333 0.00926971
7 0.245313 0.135833 0.003125 0.00888888 0.00908661
0 0.409688 0.0229167 0.00812499 0.0118056 0.00905609
0 0.99625 0.124444 0.00749995 0.0238889 0.00874329
0 0.476875 0.0401215 0.0125 0.0192014 0.0086441
0 0.361563 0.104931 0.05 0.04125 0.00834656
2 0.72875 0.118021 0.00999997 0.0461806 0.00769424
0 0.9175 0.0902778 0.02875 0.025 0.0069313
3 0.71 0.193889 0.0125 0.0388889 0.0068779
7 0.25375 0.265556 0.00874999 0.0222222 0.0068512
7 0.51 0.409444 0.00625 0.0322222 0.0068512
0 0.549375 0.018125 0.00625 0.0108333 0.00634003
7 0.225 0.1525 0.00374999 0.0122222 0.00609589
3 0.71125 0.170417 0.01 0.0708333 0.00602722
0 0.366875 0.0504167 0.00812499 0.0119444 0.00553513
0 0.196563 0.198333 0.0253125 0.035 0.00534439
0 0.47875 0.0408333 0.015625 0.0226389 0.00530243
2 0.701875 0.171389 0.02625 0.0666667 0.00524139
0 0.353125 0.0519444 0.00874999 0.0158333 0.00521851
2 0.49625 0.0465451 0.01625 0.0241319 0.0051384
0 0.99625 0.132778 0.00749995 0.0283333 0.00511932
2 0.274844 0.102222 0.00593751 0.0155556 0.00510025
2 0.7325 0.115243 0.0125 0.0445139 0.00510025
3 0.295625 0.102222 0.00406249 0.0136111 0.00460815
2 0.204375 0.147222 0.00625 0.0266667 0.00443268
0 0.100078 0.262847 0.0379687 0.0409722 0.00439835
0 0.88125 0.0518056 0.01125 0.0161111 0.00429916
2 0.194531 0.154306 0.0059375 0.025 0.00419998
2 0.475625 0.0726389 0.023125 0.0297222 0.0039444
0 0.0157324 0.300556 0.0211133 0.0266667 0.0039444
2 0.0463281 0.342222 0.0191406 0.0388889 0.00383949
3 0.79625 0.081875 0.00875003 0.0279167 0.0037365
0 0.356875 0.0902778 0.0275 0.0297222 0.00356483
0 0.00772949 0.298889 0.0154004 0.0288889 0.00352478
2 0.574375 0.0271528 0.00625 0.0133333 0.00345612
7 0.764375 0.148472 0.00499999 0.0152778 0.00329781
0 0.976875 0.115556 0.0125 0.0183333 0.00312424
7 0.294688 0.113646 0.00437498 0.0160417 0.00298119
2 0.269688 0.125278 0.0125 0.0233333 0.00298119
7 0.123281 0.217361 0.0046875 0.0188889 0.00296974
7 0.665 0.0491667 0.00250003 0.00861111 0.0029583
2 0.609375 0.0289236 0.00499999 0.0214583 0.00294685
2 0.0476172 0.345556 0.0157813 0.0344445 0.00291252
3 0.169063 0.160278 0.005 0.0155555 0.00290108
0 0.474375 0.0256944 0.01375 0.0179861 0.00279045
0 0.111406 0.325556 0.045 0.0666667 0.00277901
7 0.11625 0.270556 0.0059375 0.0188889 0.0027256
3 0.00404785 0.351667 0.00723633 0.0422222 0.00264168
7 0.254063 0.131806 0.00437501 0.0122222 0.00263214
7 0.0273438 0.376111 0.0059375 0.02 0.00255013
7 0.17 0.195139 0.00562501 0.0169444 0.00246239
2 0.2675 0.106736 0.008125 0.0179167 0.00243378
7 0.600313 0.280556 0.080625 0.124444 0.00235939
5 0.00344727 0.270556 0.00689453 0.0277778 0.00230598
0 0.0927344 0.243889 0.0353125 0.0427778 0.00221634
0 0.38125 0.104444 0.0575 0.0405556 0.00218201
0 0.9725 0.106944 0.0137499 0.0183333 0.00214958
7 0.155938 0.207083 0.00359375 0.0102778 0.00214005
7 0.506875 0.332778 0.07 0.127778 0.00203514
2 0.195625 0.193472 0.023125 0.0316667 0.00197983
0 0.818125 0.0713889 0.0325 0.0275 0.0019722
5 0.365625 0.0401389 0.02875 0.0354167 0.00191212
0 0.9875 0.119306 0.015 0.0194444 0.00190449
0 0.0269092 0.294444 0.0167285 0.0333333 0.00186729
0 0.921875 0.0938889 0.02875 0.0230556 0.00183868
3 0.27625 0.0897222 0.00718753 0.02 0.00183105
0 0.4075 0.0617361 0.02 0.0245833 0.00171375
3 0.234063 0.125556 0.0046875 0.0211111 0.00169373
3 0.101406 0.236667 0.0128125 0.0288889 0.00161076
7 0.106172 0.2625 0.0132813 0.0327778 0.00156116
3 0.0850781 0.2125 0.00640624 0.0183333 0.00152493
3 0.655625 0.0334028 0.00374997 0.0130556 0.00145531
7 0.165625 0.169167 0.00374999 0.015 0.00145531
5 0.00345215 0.250556 0.0069043 0.0327778 0.00142097
0 0.741875 0.0640278 0.0375 0.0277778 0.00139904
0 0.518438 0.0229167 0.010625 0.0147222 0.00137806
2 0.71375 0.0716667 0.00750001 0.0298611 0.00137806
0 0.322188 0.0883333 0.0175 0.0198611 0.00136662
3 0.2875 0.116806 0.009375 0.0244444 0.00136185
7 0.219375 0.145 0.0046875 0.0177778 0.00136185
2 0.87875 0.0527778 0.015 0.0177778 0.00134087
2 0.0463281 0.245833 0.00875 0.015 0.00132465
0 0.493438 0.0201389 0.011875 0.0165278 0.0012846
7 0.0934375 0.292222 0.00625 0.0155555 0.00118828
3 0.16625 0.159722 0.00562499 0.0172222 0.0011158
0 0.00601563 0.409722 0.0118164 0.0283333 0.0011158
7 0.565313 0.0279167 0.00499999 0.0119444 0.00109863
0 0.00488281 0.423889 0.00976563 0.0588889 0.00109863
0 0.71625 0.0604167 0.01375 0.0268056 0.00109005
0 0.545625 0.00975695 0.00625 0.00840278 0.00108147
2 0.69375 0.0485417 0.00499999 0.0138889 0.00107288
7 0.307656 0.354722 0.0846875 0.121667 0.00106525
3 0.309063 0.0926389 0.00687497 0.0166667 0.00106049
3 0.143281 0.175833 0.00531251 0.0172222 0.00104427
3 0.122891 0.213056 0.00546875 0.0238889 0.00104046
3 0.705 0.0278819 0.00499999 0.0139583 0.00101185
