0 0.891875 0.728333 0.18 0.363333 0.958496
0 0.0698438 0.722222 0.133438 0.248889 0.958496
0 0.50625 0.314167 0.0675 0.118333 0.958008
0 0.489063 0.885556 0.17375 0.224445 0.95752
0 0.351563 0.552778 0.130625 0.252222 0.956543
0 0.2575 0.907778 0.1825 0.182222 0.955078
0 0.269063 0.448889 0.11125 0.168889 0.95459
0 0.508125 0.492222 0.105 0.228889 0.950195
0 0.75625 0.402222 0.13 0.19 0.949707
0 0.6875 0.266944 0.075 0.102222 0.947266
0 0.210938 0.417222 0.099375 0.137778 0.943848
0 0.344688 0.281111 0.076875 0.113333 0.941895
0 0.61125 0.352778 0.09 0.144444 0.938965
0 0.41375 0.323056 0.07375 0.119444 0.928711
0 0.246563 0.185 0.055625 0.0455556 0.904785
0 0.511563 0.101528 0.064375 0.0408333 0.884766
0 0.0953906 0.263264 0.0376563 0.0423611 0.884277
0 0.39875 0.0973611 0.0475 0.0333333 0.878906
0 0.94 0.117812 0.035 0.0421528 0.86084
0 0.0345264 0.289444 0.0296973 0.0322222 0.831055
7 0.244063 0.280556 0.008125 0.0233333 0.81543
7 0.743125 0.173611 0.00625 0.0205556 0.806641
7 0.701875 0.198472 0.00750001 0.0252778 0.801758
0 0.69 0.632778 0.17125 0.351111 0.78125
7 0.0286719 0.377222 0.00539062 0.0194444 0.770508
5 0.429063 0.075 0.054375 0.035 0.769043
7 0.257812 0.262778 0.00687499 0.0227778 0.757812
0 0.365 0.0742361 0.01875 0.0225 0.740234
0 0.347813 0.0794444 0.019375 0.0222222 0.730957
0 0.758125 0.0651389 0.03875 0.0272222 0.716797
0 0.759375 0.0838889 0.05375 0.0416667 0.710449
2 0.0416797 0.317778 0.0150781 0.035 0.705566
1 0.35125 0.0584028 0.02625 0.0388889 0.680664
0 0.31125 0.0831944 0.014375 0.0220833 0.662109
0 0.0776172 0.234722 0.0278906 0.0283333 0.637207
7 0.945 0.219722 0.00499999 0.0169444 0.616699
7 0.7525 0.163472 0.00500005 0.0194444 0.609375
0 0.405313 0.0609028 0.015625 0.0234722 0.567871
0 0.755625 0.06875 0.04375 0.025 0.550781
0 0.39 0.0552083 0.013125 0.0188889 0.550781
7 0.76875 0.131389 0.00499999 0.0161111 0.548828
5 0.329297 0.0742361 0.0251562 0.0423611 0.529297
0 0.384375 0.0711111 0.015 0.0238889 0.515625
0 0.414375 0.0495139 0.010625 0.0176389 0.496094
0 0.40375 0.0509028 0.01125 0.0186111 0.453369
0 0.431875 0.0290972 0.009375 0.0147222 0.434082
0 0.00371094 0.291111 0.00738281 0.0244444 0.411133
7 0.16375 0.203056 0.00374999 0.0122222 0.405518
0 0.425625 0.0561806 0.015 0.0204167 0.393311
0 0.42375 0.0304861 0.00999997 0.0154167 0.390381
0 0.375625 0.0666667 0.0125 0.0198611 0.377441
7 0.704375 0.0779167 0.00374997 0.0119444 0.373779
2 0.385625 0.074375 0.015 0.0238889 0.370117
2 0.68375 0.0342014 0.00500005 0.0182639 0.368408
2 0.485938 0.0520833 0.01125 0.0238889 0.348633
0 0.430313 0.0208681 0.01 0.0123611 0.346924
0 0.3675 0.0722917 0.01375 0.0222222 0.338135
0 0.389375 0.0523611 0.011875 0.0172222 0.313965
5 0.41 0.0307292 0.0125 0.0199306 0.312256
2 0.590625 0.0205556 0.01 0.0145833 0.309814
7 0.674375 0.0499306 0.00250003 0.0109722 0.305664
2 0.39125 0.0751389 0.0125 0.0225 0.30249
7 0.94625 0.214444 0.00499999 0.0172222 0.30249
0 0.0754688 0.238333 0.0260938 0.03 0.300781
7 0.773125 0.146667 0.00499999 0.0166667 0.299072
0 0.75375 0.0741667 0.045 0.0291667 0.289307
0 0.391875 0.0508333 0.00999997 0.0172222 0.279785
7 0.0429688 0.359444 0.00515625 0.0177778 0.279785
0 0.396875 0.0321181 0.01 0.01125 0.271973
7 0.70125 0.0777778 0.00499999 0.0163889 0.219971
1 0.330313 0.0742361 0.029375 0.0431945 0.205566
0 0.425 0.0521528 0.01375 0.02125 0.194336
0 0.350938 0.0577778 0.025 0.0345833 0.177246
7 0.144844 0.211806 0.004375 0.0122222 0.168823
7 0.285625 0.1175 0.003125 0.00888889 0.161865
2 0.85625 0.0586111 0.00625 0.0186111 0.158203
7 0.0666797 0.298333 0.004375 0.0122222 0.158203
0 0.379688 0.0689583 0.0125 0.0234722 0.151489
0 0.367813 0.0600694 0.0125 0.0152778 0.147583
5 0.43625 0.0711111 0.04125 0.0430556 0.128052
0 0.432188 0.05 0.011875 0.0205556 0.113586
0 0.0605469 0.248611 0.0223438 0.0233333 0.108582
2 0.616875 0.0280556 0.00625 0.0145833 0.106323
7 0.65625 0.0506944 0.00249996 0.0113889 0.10376
2 0.3925 0.0642361 0.0125 0.0215278 0.100159
7 0.0682813 0.298889 0.005 0.0155555 0.0933228
5 0.0188843 0.24125 0.0182471 0.0236111 0.0786133
7 0.76375 0.152222 0.00499999 0.0177778 0.0755615
0 0.00376465 0.286111 0.0075293 0.0277778 0.0720825
0 0.058125 0.2525 0.0207813 0.025 0.0658569
5 0.0181348 0.245 0.0193164 0.0233333 0.0639648
0 0.765625 0.0783333 0.04875 0.03875 0.0598755
0 0.359375 0.0513889 0.01375 0.0180556 0.0587769
7 0.94125 0.219722 0.00500005 0.0163889 0.0564575
0 0.436875 0.0147222 0.00687501 0.0113889 0.0538025
7 0.695625 0.0491667 0.00375004 0.0108333 0.0538025
2 0.306875 0.0972222 0.00843751 0.0147222 0.0526123
7 0.254063 0.134167 0.00406249 0.01 0.0484924
3 0.885 0.0613194 0.00500005 0.0206944 0.0374756
7 0.74625 0.124167 0.00500005 0.0194444 0.0347595
0 0.453125 0.00847222 0.00625 0.00888889 0.0342407
0 0.444375 0.0115278 0.00625 0.00833333 0.0340881
2 0.6025 0.0402951 0.00749995 0.0210764 0.0322266
7 0.0280078 0.376389 0.00695312 0.0222222 0.03125
7 0.746875 0.127222 0.00499999 0.0205556 0.0311432
7 0.670625 0.0517361 0.00375004 0.0116667 0.0302124
0 0.410625 0.0609722 0.01875 0.0211111 0.0294189
0 0.427813 0.0159028 0.00874999 0.0127778 0.0270691
7 0.690625 0.186944 0.00625 0.0244444 0.0264587
7 0.25 0.1275 0.003125 0.0105556 0.0259552
2 0.27625 0.106667 0.01125 0.0188889 0.0258636
0 0.36875 0.0747222 0.016875 0.0223611 0.024704
3 0.196406 0.154444 0.00531251 0.0252778 0.0236053
5 0.0136133 0.252778 0.0213672 0.0294445 0.0216217
2 0.205938 0.151667 0.0075 0.025 0.0209656
0 0.378438 0.0502778 0.01125 0.0122222 0.0202484
7 0.69125 0.183333 0.00750001 0.0222222 0.0199432
7 0.295313 0.115 0.00375001 0.01 0.0191956
2 0.488125 0.0531944 0.015625 0.0225 0.0191193
2 0.67625 0.0358681 0.00374997 0.0177083 0.016922
0 0.500938 0.0978472 0.044375 0.0351389 0.016922
2 0.603125 0.0361806 0.00625 0.0197222 0.0168457
3 0.89375 0.0685417 0.00499999 0.0169444 0.0162811
0 0.765 0.0761111 0.0425001 0.0288889 0.0162811
2 0.591875 0.0232986 0.009375 0.0148611 0.0135345
0 0.0359766 0.304444 0.0296875 0.0411111 0.0116882
7 0.145078 0.220278 0.00390625 0.0116667 0.0112457
7 0.257188 0.265556 0.00750001 0.0266667 0.0110703
0 0.75875 0.0601389 0.035 0.0283333 0.0109482
2 0.588125 0.0176389 0.00999997 0.0165278 0.0106506
0 0.995 0.131111 0.00999997 0.0327778 0.0102081
7 0.084375 0.290556 0.00515625 0.0177778 0.0100555
7 0.665 0.0495833 0.00250003 0.00944445 0.00981903
2 0.122891 0.192222 0.006875 0.0194444 0.00891876
0 0.00880371 0.266944 0.012002 0.0188889 0.00878143
2 0.735 0.0326389 0.00499999 0.01375 0.00847626
2 0.855625 0.0540972 0.00750001 0.0201389 0.00841522
0 0.691094 0.705556 0.172813 0.495556 0.00769424
7 0.00789063 0.382222 0.00574219 0.0233333 0.00737381
2 0.285469 0.103681 0.00531251 0.01375 0.00723267
0 0.440625 0.0514583 0.0125 0.02 0.00720596
7 0.0542969 0.312778 0.00453125 0.0166667 0.0068779
7 0.69125 0.0565278 0.00250003 0.00916666 0.0068779
0 0.470625 0.0200694 0.00625 0.00916667 0.0068512
7 0.140469 0.213889 0.00375001 0.0127778 0.00674438
2 0.69625 0.0302083 0.00500005 0.0154167 0.00671768
0 0.93 0.114167 0.015 0.0377778 0.00666809
3 0.124063 0.213611 0.0046875 0.0227778 0.00658798
7 0.235625 0.137778 0.00375001 0.0147222 0.00626373
7 0.595625 0.0452083 0.00499999 0.0148611 0.00619125
2 0.290313 0.0963195 0.00999997 0.0219444 0.00619125
0 0.459063 0.00392361 0.00562499 0.00784722 0.00619125
3 0.851875 0.0567361 0.00750001 0.0194444 0.005867
5 0.328203 0.0723611 0.0285938 0.0325 0.00584412
3 0.167188 0.158333 0.00562501 0.0161111 0.00577545
2 0.296094 0.0966667 0.00749998 0.0216667 0.00575256
0 0.99625 0.125833 0.00749995 0.0308333 0.00568771
7 0.68875 0.183611 0.00750001 0.0233333 0.00544739
2 0.034375 0.266944 0.0134375 0.0211111 0.00540543
7 0.93375 0.235556 0.00625 0.0216667 0.00524139
2 0.274688 0.111389 0.00750001 0.0186111 0.00498199
0 0.484063 0.00875 0.00499999 0.00875 0.0046463
5 0.00755859 0.263056 0.0101953 0.0177778 0.0046463
7 0.7675 0.133889 0.00499999 0.0166667 0.00455475
0 0.31625 0.0934722 0.010625 0.0172222 0.00400543
7 0.65 0.0527778 0.00375004 0.0119444 0.00397491
7 0.766875 0.124722 0.00499999 0.0202778 0.0039444
4 0.0135938 0.255069 0.0153125 0.0220833 0.00392914
7 0.74875 0.12875 0.00499999 0.0255556 0.0037365
0 0.0469434 0.247222 0.0250195 0.0238889 0.00358009
2 0.489375 0.0568056 0.01375 0.0208333 0.00346947
2 0.589063 0.0223611 0.01125 0.0165278 0.00342941
5 0.0204297 0.233333 0.0174609 0.0238889 0.00327301
2 0.59 0.0185764 0.0125 0.0170139 0.00324821
3 0.207813 0.156944 0.0075 0.025 0.00319672
7 0.0739063 0.295833 0.00421875 0.0122222 0.00318527
7 0.969375 0.166389 0.00500005 0.0211111 0.00309944
0 0.979375 0.138056 0.015 0.0211111 0.003088
7 0.113438 0.250833 0.005 0.0238889 0.00305176
3 0.124766 0.215833 0.00390625 0.0216667 0.00296974
7 0.705 0.0718056 0.00499999 0.0169444 0.0028553
1 0.361875 0.0359375 0.0175 0.0247917 0.00274658
7 0.655 0.061875 0.00249996 0.00902778 0.00274658
3 0.66625 0.0340278 0.00250003 0.0138889 0.00271416
7 0.7725 0.142083 0.00499999 0.0194444 0.00263214
0 0.3375 0.0755556 0.015625 0.0244444 0.00263214
7 0.245 0.133611 0.00375001 0.0116667 0.0026207
7 0.675 0.0619444 0.00249996 0.00875 0.00259018
0 0.41875 0.07 0.02625 0.0276389 0.00257111
2 0.481875 0.0533333 0.0175 0.0248611 0.00253105
0 0.98625 0.135278 0.0275 0.0277778 0.00239754
7 0.274688 0.132083 0.00437501 0.0136111 0.00237846
0 0.295625 0.0884722 0.011875 0.0205556 0.00234222
2 0.20375 0.163194 0.011875 0.0388889 0.00232315
0 0.785 0.0843056 0.0275 0.0338889 0.00226021
0 0.75625 0.0858333 0.055 0.0308333 0.00225258
0 0.97625 0.118611 0.01 0.0183333 0.00222588
7 0.106094 0.228056 0.0059375 0.0141667 0.00218201
5 0.0162402 0.244861 0.0228711 0.0375 0.00213242
0 0.304688 0.0799306 0.015 0.0198611 0.00212479
0 0.985625 0.123611 0.0175 0.0244445 0.00208282
0 0.0442871 0.228194 0.0120508 0.0205556 0.00208282
2 0.73625 0.0995833 0.0125 0.0336111 0.0020752
7 0.164688 0.195 0.00375001 0.0136111 0.00201988
7 0.58625 0.0454861 0.00499999 0.0129167 0.00201035
3 0.889375 0.0640278 0.00499999 0.025 0.00201035
0 0.325938 0.0902778 0.015625 0.0216667 0.00194931
3 0.19625 0.169306 0.005 0.0255556 0.00192642
7 0.251875 0.265 0.010625 0.0311111 0.00191212
0 0.00373535 0.419444 0.0074707 0.05 0.00188255
0 0.5075 0.0957639 0.055 0.0315278 0.00184631
2 0.71375 0.049375 0.00750001 0.0138889 0.00176811
7 0.695 0.0636111 0.00250003 0.00861111 0.00176811
0 0.0668359 0.235556 0.0288281 0.0283333 0.00176144
2 0.205938 0.143611 0.01125 0.0233333 0.00170708
3 0.567813 0.178889 0.00999997 0.0316667 0.00162315
0 0.0805469 0.254931 0.0195313 0.0345833 0.00161076
0 0.00592285 0.42 0.0118262 0.0533333 0.0015974
3 0.230313 0.129444 0.004375 0.02 0.0015974
7 0.09625 0.288333 0.00625 0.0211111 0.00150681
0 0.0560547 0.23625 0.0227344 0.0297222 0.00143814
5 0.0183301 0.236528 0.0195898 0.0302778 0.00141048
0 0.00353516 0.309444 0.00707031 0.0433333 0.00135612
7 0.68625 0.08 0.00499999 0.0111111 0.00129414
3 0.190781 0.158611 0.0065625 0.0238889 0.00120163
7 0.7775 0.145833 0.00999997 0.0216667 0.00115585
7 0.220313 0.141528 0.00562501 0.0172222 0.00114727
2 0.705 0.029375 0.00499999 0.0121528 0.0011158
2 0.726875 0.0347222 0.00499999 0.0147222 0.0011158
0 0.0845117 0.234167 0.0228516 0.0255556 0.00111198
0 0.995 0.14 0.00999997 0.0386111 0.00108624
0 0.96 0.106389 0.0225 0.0208333 0.00106525
7 0.136094 0.222083 0.00406249 0.0108333 0.00103664
0 0.0145313 0.280556 0.0209375 0.0244444 0.00102425
