0 0.515 0.568333 0.11 0.266667 0.957031
0 0.94875 0.890278 0.1025 0.219444 0.95459
0 0.343125 0.59 0.13625 0.264444 0.953125
0 0.321797 0.333333 0.0764063 0.111111 0.950684
0 0.648594 0.520556 0.120313 0.23 0.949707
0 0.2225 0.562778 0.133125 0.212222 0.949219
0 0.815 0.5125 0.1475 0.229444 0.945801
0 0.688125 0.273889 0.08125 0.102222 0.942871
0 0.0771875 0.951944 0.133125 0.0961111 0.942871
0 0.138262 0.542361 0.136289 0.206389 0.940918
0 0.7775 0.921667 0.18625 0.156667 0.940918
0 0.506875 0.304444 0.06625 0.115 0.937988
0 0.3975 0.358611 0.08375 0.128333 0.937988
0 0.613125 0.325833 0.08125 0.126111 0.933594
0 0.241875 0.366944 0.086875 0.116667 0.931152
0 0.22 0.242222 0.060625 0.0783333 0.890137
0 0.0206055 0.913333 0.0408984 0.171111 0.861328
7 0.703125 0.2 0.00625 0.0238889 0.823242
0 0.0226221 0.318056 0.036084 0.0405556 0.820801
0 0.39625 0.0933333 0.04125 0.0347222 0.81543
0 0.0201953 0.515 0.0402344 0.132222 0.78125
7 0.744375 0.176111 0.00625 0.0194444 0.778809
0 0.425625 0.06 0.014375 0.0211111 0.762207
0 0.76375 0.0604861 0.04 0.0273611 0.759277
7 0.245625 0.280556 0.0075 0.0222222 0.749023
0 0.750625 0.0515278 0.0325 0.02375 0.733887
0 0.485 0.0265278 0.01125 0.0161111 0.728027
0 0.325625 0.0888194 0.018125 0.0219444 0.725098
7 0.753125 0.163611 0.00499999 0.0188889 0.690918
1 0.365313 0.0665278 0.02125 0.0333333 0.679199
0 0.4825 0.0659722 0.03 0.0311111 0.665527
2 0.0257764 0.36 0.018291 0.0488889 0.665527
0 0.345625 0.0847222 0.01375 0.02 0.662109
2 0.25625 0.130694 0.01125 0.0238889 0.649414
0 0.500625 0.0389583 0.015625 0.0194444 0.609375
2 0.650625 0.0478472 0.00750001 0.0244444 0.599121
7 0.77 0.128472 0.00499999 0.0180556 0.592773
7 0.94625 0.220278 0.00499999 0.0183333 0.59082
0 0.459375 0.0663194 0.03 0.0243056 0.584961
0 0.294375 0.098125 0.02625 0.0248611 0.581543
0 0.525625 0.0387674 0.01625 0.0199653 0.558105
7 0.0449219 0.363333 0.0053125 0.0166667 0.535156
7 0.0698438 0.301111 0.00453126 0.0138889 0.525391
0 0.94875 0.0961111 0.02 0.0191667 0.507812
0 0.41375 0.0485417 0.01125 0.0176389 0.482422
0 0.407813 0.0536111 0.013125 0.0169444 0.476562
7 0.7725 0.147639 0.00499999 0.0166667 0.46875
0 0.4025 0.0588889 0.015 0.0183333 0.464844
2 0.605625 0.0401562 0.0175001 0.0210764 0.460938
0 0.388125 0.0473611 0.009375 0.0152778 0.457031
0 0.501875 0.0128472 0.00875003 0.0140278 0.455078
2 0.566875 0.0480556 0.0125 0.0188889 0.434082
0 0.394063 0.0455556 0.010625 0.0147222 0.414795
0 0.385625 0.0690972 0.015 0.0225 0.399902
0 0.425 0.0441493 0.01125 0.0161458 0.390381
7 0.258281 0.265 0.0075 0.0244445 0.364746
0 0.37875 0.0733333 0.018125 0.0243056 0.359375
7 0.675 0.0511806 0.00375004 0.0134722 0.357666
0 0.78875 0.0666667 0.035 0.0230556 0.339844
0 0.898125 0.0884722 0.02875 0.0213889 0.331055
0 0.388125 0.0534722 0.0125 0.0163889 0.327637
0 0.487813 0.0225347 0.01125 0.0154167 0.303223
2 0.287813 0.115 0.00750001 0.0194445 0.300781
0 0.385 0.0773611 0.01875 0.0208333 0.287842
0 0.4925 0.0109028 0.00875003 0.01125 0.286133
0 0.331875 0.0845833 0.015 0.0197222 0.240723
7 0.946875 0.215 0.00499999 0.0194444 0.219971
0 0.4 0.06375 0.015625 0.0208333 0.210083
0 0.34125 0.0765972 0.010625 0.0170833 0.209473
7 0.164688 0.206944 0.003125 0.0111111 0.205566
7 0.748125 0.133056 0.00499999 0.0238889 0.191284
0 0.773125 0.0627778 0.04125 0.0266667 0.190063
7 0.691875 0.186806 0.00625 0.0238889 0.189575
2 0.0303516 0.368333 0.0103906 0.0388889 0.178955
0 0.365 0.0690278 0.02 0.0341667 0.167725
0 0.7825 0.0636111 0.0325 0.0238889 0.162964
2 0.257031 0.127917 0.00875001 0.0219444 0.161377
0 0.345 0.07125 0.0125 0.0166667 0.15564
0 0.944375 0.0975 0.02625 0.0202778 0.153564
0 0.37875 0.0701389 0.0125 0.0223611 0.151001
7 0.944375 0.234444 0.00500005 0.0197222 0.14856
0 0.5 0.00588542 0.00749998 0.0117708 0.14856
0 0.906875 0.09125 0.03125 0.0244444 0.147095
0 0.434375 0.025625 0.00874999 0.0129167 0.14563
0 0.953125 0.0986111 0.02625 0.0222222 0.14563
7 0.0744141 0.296944 0.0040625 0.0133334 0.145142
0 0.355313 0.0791667 0.0125 0.0202778 0.140869
0 0.43375 0.0210417 0.009375 0.0109722 0.113159
0 0.794375 0.0669444 0.04125 0.025 0.112793
2 0.394375 0.11809 0.01125 0.0315972 0.112427
0 0.52625 0.0176736 0.01 0.0177083 0.11084
7 0.7475 0.130833 0.00499999 0.0191667 0.101929
0 0.4425 0.0265972 0.00875003 0.0134028 0.0974121
0 0.45375 0.0643056 0.03375 0.0277778 0.0960083
0 0.525625 0.0193403 0.01375 0.0155556 0.0953369
2 0.60875 0.038125 0.015 0.02125 0.0950317
7 0.948125 0.224583 0.00499999 0.0219444 0.0881958
2 0.582813 0.0463889 0.00874996 0.0186111 0.0817871
3 0.126563 0.215833 0.005 0.0261111 0.0803833
0 0.4475 0.0142361 0.00812502 0.0136111 0.0778198
7 0.76125 0.155 0.00750001 0.0183333 0.0747681
3 0.125625 0.215417 0.005625 0.0263889 0.0747681
3 0.0363867 0.258333 0.00535156 0.0211111 0.069519
0 0.434375 0.0486111 0.013125 0.0197222 0.0690308
7 0.69375 0.0788889 0.00499999 0.0141667 0.0665894
2 0.7325 0.113611 0.00750001 0.0441667 0.0653687
0 0.425 0.03375 0.009375 0.0144444 0.064209
0 0.00317871 0.276667 0.00635742 0.0233333 0.0634766
0 0.448125 0.0168056 0.01 0.0123611 0.0632324
3 0.00915527 0.270556 0.00727539 0.0244445 0.062561
0 0.3675 0.05625 0.0175 0.0216667 0.0614319
7 0.00985352 0.377222 0.00380859 0.015 0.0600891
0 0.414063 0.0588194 0.01375 0.0191667 0.0592041
0 0.454375 0.0115278 0.00750001 0.00972222 0.0538025
7 0.70625 0.0805556 0.00249996 0.0113889 0.0510864
7 0.244844 0.283056 0.0078125 0.0272222 0.0510864
3 0.0141211 0.273889 0.0059375 0.0177778 0.049408
7 0.145781 0.210278 0.003125 0.0127778 0.0488586
7 0.0850781 0.290833 0.00375001 0.0133333 0.0462036
7 0.753125 0.167083 0.00625 0.0183333 0.0458679
0 0.7675 0.0572222 0.04 0.0243056 0.0450134
0 0.550625 0.0206944 0.00875003 0.0115278 0.0417786
7 0.0958594 0.282222 0.0040625 0.0122222 0.0399475
3 0.288125 0.117188 0.00625 0.0228472 0.0390625
2 0.0195898 0.353889 0.0105078 0.0422222 0.0380249
0 0.48625 0.0153125 0.00812499 0.0120139 0.037323
7 0.69 0.0845833 0.00500005 0.0161111 0.037323
0 0.825 0.0659028 0.0375 0.0223611 0.0370483
7 0.247969 0.272222 0.0090625 0.0277778 0.0370483
0 0.00481201 0.338889 0.00893066 0.0394445 0.0366211
0 0.00615234 0.328889 0.00869141 0.0311111 0.0359497
3 0.014502 0.265 0.00591797 0.0166667 0.0351562
7 0.69625 0.0509722 0.00500005 0.0145833 0.0343628
0 0.438438 0.0638889 0.019375 0.0234722 0.0328369
2 0.292969 0.112083 0.00687501 0.0208333 0.0328369
0 0.481875 0.0577778 0.03125 0.0297222 0.0290833
0 0.460938 0.0695833 0.035625 0.03 0.0279083
0 0.98625 0.114028 0.015 0.0158333 0.0264587
0 0.81 0.0707639 0.0425001 0.02375 0.0262604
0 0.561875 0.0472917 0.02125 0.0198611 0.025177
0 0.46 0.00529514 0.00625 0.0105903 0.0246124
0 0.288281 0.104722 0.02875 0.0219444 0.0243378
3 0.733125 0.116528 0.00874996 0.0447222 0.0243378
7 0.0444531 0.357778 0.005625 0.0233333 0.0238647
7 0.70125 0.0758333 0.00499999 0.0154167 0.0237732
5 0.435625 0.0170139 0.00874999 0.0156944 0.0232391
0 0.991875 0.117222 0.0125 0.0183333 0.0223694
0 0.53375 0.0121528 0.00625 0.0104167 0.0218658
0 0.416563 0.0325694 0.00812499 0.0125 0.0218658
0 0.910625 0.0934722 0.03625 0.0258333 0.0205688
0 0.46375 0.00791667 0.00625 0.00958333 0.0202484
7 0.0661719 0.300556 0.00406251 0.0133333 0.0202484
7 0.705 0.069375 0.00249996 0.015 0.0198669
0 0.00663086 0.486111 0.0132617 0.085 0.0192719
0 0.00360352 0.290556 0.00695313 0.0261111 0.0188293
0 0.8325 0.0697917 0.0325 0.0229167 0.0179901
2 0.599375 0.0422222 0.00999997 0.0195833 0.0177765
2 0.0105371 0.33 0.0133789 0.0294445 0.0177765
0 0.7075 0.0443229 0.0275 0.0205208 0.0173798
3 0.73 0.102292 0.00499999 0.0304167 0.0173035
3 0.71625 0.122188 0.00999997 0.045625 0.016983
7 0.146406 0.221944 0.00390625 0.0111111 0.016098
0 0.339688 0.0713889 0.013125 0.0183333 0.0149536
2 0.255 0.130139 0.0159375 0.0330556 0.0149536
0 0.815 0.0738889 0.04375 0.02625 0.0147324
3 0.210313 0.153472 0.00562499 0.0266667 0.014061
2 0.206563 0.149722 0.00999999 0.025 0.013588
7 0.74625 0.127222 0.00500005 0.0216667 0.0134811
7 0.0859375 0.283889 0.00375 0.0155555 0.0132751
3 0.230625 0.132361 0.00375001 0.0208333 0.012291
7 0.0667188 0.306944 0.00507813 0.0161111 0.012146
5 0.0036377 0.270833 0.00727539 0.0283333 0.0120087
3 0.388125 0.116389 0.0125 0.0308333 0.0120087
3 0.195625 0.151944 0.00687501 0.025 0.0119629
2 0.0432129 0.249028 0.00826172 0.0202778 0.0118713
0 0.230625 0.224444 0.034375 0.0461111 0.0118256
3 0.255 0.267153 0.0153125 0.0445833 0.0109024
2 0.705 0.0449306 0.01 0.0208333 0.0108185
7 0.00440918 0.385556 0.00560547 0.0177778 0.0104523
7 0.771875 0.1275 0.00750001 0.0222222 0.0102921
7 0.0951563 0.291111 0.00437501 0.0144444 0.0100098
2 0.207813 0.145 0.0096875 0.0233333 0.00993347
2 0.649375 0.0473611 0.00875003 0.0226389 0.00955963
0 0.74875 0.0645139 0.04 0.0268056 0.00948334
2 0.251719 0.132778 0.0190625 0.0238889 0.00945282
7 0.67125 0.0499306 0.00500005 0.0144444 0.00919342
0 0.83625 0.0736111 0.03125 0.0269444 0.00912476
3 0.234063 0.135278 0.004375 0.0202778 0.00912476
2 0.73375 0.120833 0.00749995 0.0366667 0.00905609
2 0.695 0.0286111 0.00374997 0.01125 0.00881195
7 0.109766 0.269444 0.0034375 0.0122222 0.00874329
0 0.8275 0.0731944 0.04 0.0269444 0.00857544
2 0.257812 0.131111 0.016875 0.0252778 0.00844574
0 0.0484473 0.261667 0.0268555 0.0305556 0.008255
0 0.95 0.0933333 0.02125 0.0255556 0.00806427
2 0.263906 0.119861 0.0075 0.0169444 0.00806427
7 0.0984375 0.28 0.0053125 0.0188889 0.00803375
3 0.885625 0.0590278 0.00499999 0.0213889 0.00796509
0 0.97625 0.1025 0.00750001 0.0152778 0.00784302
0 0.0115234 0.498056 0.0230078 0.0994445 0.00763702
0 0.951875 0.106736 0.02375 0.02875 0.00757599
0 0.514063 0.0399306 0.01125 0.0193056 0.00751877
7 0.16875 0.19625 0.004375 0.0130556 0.00748825
7 0.74375 0.178611 0.00750001 0.0230555 0.00725937
3 0.715 0.127083 0.015 0.0563889 0.00723267
2 0.583438 0.0348611 0.00687497 0.0173611 0.00720596
7 0.69125 0.0519444 0.00250003 0.0130556 0.00709534
3 0.19 0.155139 0.00531251 0.0258333 0.0068779
0 0.00400391 0.472778 0.00800781 0.0688889 0.00666809
7 0.71 0.0858333 0.00499999 0.0172222 0.00666809
7 0.94125 0.218056 0.00500005 0.0177778 0.0064621
0 0.78875 0.0708333 0.0325 0.0266667 0.00643921
0 0.44125 0.0436806 0.0125 0.0169444 0.00626373
0 0.980625 0.1125 0.015 0.0186111 0.00605011
7 0.94875 0.206111 0.00499999 0.0205556 0.00579834
3 0.690625 0.0227778 0.00499999 0.0172222 0.00564194
0 0.0322656 0.309722 0.0174219 0.0316666 0.00526047
2 0.27625 0.114479 0.00562503 0.0171528 0.0050621
3 0.0371875 0.249722 0.00679688 0.0222222 0.00502014
2 0.395 0.131667 0.02375 0.0405556 0.00475693
0 0.7175 0.0509722 0.02625 0.0198611 0.00471878
2 0.82125 0.0527778 0.00999997 0.0194444 0.00471878
7 0.0274609 0.4 0.00757813 0.0255556 0.00471878
7 0.7775 0.146389 0.00749995 0.02 0.0045929
7 0.694375 0.0672222 0.00374997 0.0188889 0.00453949
3 0.223125 0.120417 0.00562499 0.0241667 0.00453949
2 0.60875 0.045434 0.0137499 0.0244097 0.00439835
5 0.00405762 0.256389 0.00811523 0.0422222 0.00434875
0 0.0200977 0.31 0.0307422 0.0344445 0.00432968
7 0.104609 0.275 0.0040625 0.0122222 0.00424957
2 0.576563 0.0235417 0.01 0.0159722 0.00421524
7 0.675 0.19 0.00499999 0.0166667 0.00419998
0 0.935 0.0873611 0.00749995 0.0172222 0.00418091
0 0.452813 0.0699306 0.0425 0.0273611 0.00403976
7 0.165625 0.193611 0.003125 0.0133333 0.00403976
2 0.247656 0.127778 0.011875 0.0238889 0.00400543
0 0.95625 0.11 0.025 0.0266667 0.00397491
3 0.71625 0.115313 0.00875003 0.0499306 0.00382423
0 0.98375 0.103472 0.00999997 0.0147222 0.00382423
3 0.07 0.235278 0.00828125 0.0227778 0.00348282
7 0.235156 0.151111 0.003125 0.01 0.00345612
3 0.213438 0.141944 0.0046875 0.0183333 0.00342941
7 0.935 0.241389 0.00500005 0.0238889 0.00342941
0 0.5125 0.034375 0.01 0.0158333 0.00314713
3 0.89375 0.0697222 0.00499999 0.0186111 0.003088
0 0.101953 0.503889 0.0654688 0.133333 0.00287819
0 0.527813 0.0327083 0.0175 0.0216667 0.00282288
0 0.00528809 0.431667 0.0105762 0.0622222 0.00276756
0 0.9275 0.0915278 0.015 0.0188889 0.00276756
7 0.954375 0.265278 0.00499999 0.0205555 0.00275803
5 0.0196875 0.533056 0.039375 0.170556 0.00258064
0 0.505938 0.0188194 0.015 0.0193056 0.00255013
2 0.655 0.0367361 0.00499999 0.0216667 0.00253105
3 0.17 0.165833 0.004375 0.0230555 0.00245285
7 0.685625 0.0656944 0.00374997 0.0118056 0.00242424
3 0.386875 0.119028 0.00625 0.0255556 0.00242424
2 0.577188 0.0159375 0.00875003 0.0150694 0.00237846
0 0.784375 0.0686111 0.035 0.0316667 0.00236893
3 0.71 0.0516667 0.00499999 0.0180556 0.00235939
0 0.4675 0.0590278 0.046875 0.0327778 0.00234222
0 0.895 0.0903472 0.0325 0.0255556 0.00232315
3 0.18375 0.170278 0.0046875 0.0202778 0.00232315
7 0.613438 0.326111 0.080625 0.127778 0.00232315
7 0.0194824 0.358333 0.00986328 0.0383333 0.00225258
3 0.0245117 0.259444 0.00480469 0.0183333 0.00220871
7 0.3975 0.358611 0.0825 0.13 0.00217438
3 0.0355469 0.271111 0.00585937 0.0211111 0.00213242
0 0.365 0.0802083 0.02125 0.0298611 0.00198746
0 0.99 0.122083 0.0175 0.0352778 0.00197983
7 0.149219 0.205 0.00406251 0.0219445 0.0019722
7 0.225625 0.155556 0.003125 0.0105556 0.00194168
2 0.695625 0.0172917 0.00499999 0.0184722 0.00191212
2 0.571875 0.0213889 0.01 0.0161806 0.00191212
3 0.885 0.0541667 0.00500005 0.0181944 0.0018177
7 0.260625 0.262778 0.009375 0.0244444 0.00174141
7 0.190625 0.199861 0.00531249 0.02 0.00174141
7 0.675 0.0572917 0.00375004 0.0170833 0.00171375
0 0.195938 0.146944 0.01375 0.0272222 0.00168705
2 0.74375 0.115278 0.01 0.0469444 0.00168133
7 0.184844 0.205833 0.004375 0.0161111 0.0015974
2 0.64625 0.0311111 0.00500005 0.0147222 0.00158501
7 0.128672 0.228194 0.00453125 0.0197222 0.00157356
0 0.479375 0.0298611 0.0125 0.0144444 0.00154877
0 0.843125 0.0761806 0.03625 0.0269444 0.00153637
5 0.459688 0.0599306 0.04125 0.0347222 0.00150681
0 0.227344 0.220417 0.0334375 0.0394444 0.00150108
3 0.215938 0.123611 0.005 0.0227778 0.0014782
3 0.123828 0.193611 0.00671876 0.0183333 0.00146103
2 0.70375 0.0320833 0.00875003 0.0152778 0.00145531
3 0.8875 0.0611806 0.01 0.0259722 0.00144958
2 0.60875 0.0286111 0.0112501 0.0252778 0.00143814
3 0.181094 0.149444 0.00750001 0.0261111 0.00138855
0 0.19625 0.151528 0.028125 0.0302778 0.00137806
3 0.0304102 0.267778 0.0105078 0.0255555 0.00137806
7 0.92625 0.217778 0.00499999 0.0355555 0.00137234
0 0.898125 0.079375 0.015 0.0190278 0.00136662
0 0.00706055 0.424444 0.0141211 0.0555556 0.00132465
7 0.715625 0.0802778 0.00499999 0.0163889 0.00130463
7 0.0848438 0.261111 0.00375 0.0122222 0.00129414
7 0.219688 0.144444 0.00562499 0.0177778 0.00129414
