0 0.6825 0.267778 0.075 0.103889 0.940918
0 0.0380029 0.305556 0.0366504 0.0405556 0.845703
0 0.393125 0.0931945 0.045 0.0369444 0.829102
7 0.703125 0.199167 0.00750001 0.0222222 0.827637
2 0.124531 0.288889 0.02625 0.0488889 0.801758
0 0.74625 0.0581944 0.0375 0.0277778 0.791992
2 0.101563 0.351944 0.0290625 0.0522222 0.770508
2 0.765 0.120972 0.0125 0.0380556 0.766113
7 0.75375 0.164444 0.00625 0.0177778 0.733887
2 0.86 0.200694 0.0125 0.0597222 0.729492
7 0.0454688 0.361667 0.005625 0.0166667 0.716797
7 0.247188 0.285278 0.008125 0.0272222 0.699219
2 0.5525 0.0511111 0.0106249 0.025 0.696777
0 0.00519043 0.328611 0.0103809 0.0288889 0.654785
7 0.6925 0.184722 0.00750001 0.0227778 0.647949
0 0.524688 0.0148611 0.01 0.01375 0.644043
7 0.94625 0.22 0.00499999 0.0188889 0.62793
7 0.0308203 0.379444 0.00496094 0.0177778 0.565918
0 0.501875 0.0336111 0.015625 0.0243056 0.560059
7 0.7725 0.145694 0.00499999 0.0186111 0.535156
0 0.347813 0.0795833 0.00874999 0.0202778 0.503906
2 0.285 0.113854 0.0125 0.0200694 0.501953
7 0.7625 0.154167 0.00750001 0.0205556 0.501953
3 0.7425 0.158611 0.01 0.0572222 0.501953
2 0.673125 0.0452778 0.00625 0.0255556 0.492188
0 0.4925 0.0104167 0.00812499 0.0116667 0.474609
2 0.600938 0.040625 0.0137499 0.0197222 0.464844
0 0.36375 0.0761111 0.0125 0.0227778 0.451416
0 0.42875 0.0577778 0.0125 0.0211111 0.439697
0 0.51625 0.0130903 0.00749998 0.0142361 0.420654
2 0.59875 0.0402083 0.01375 0.0190278 0.411133
2 0.469375 0.069375 0.015 0.0316667 0.392334
3 0.0508594 0.334722 0.0129688 0.04 0.379395
0 0.3775 0.0605556 0.01125 0.0172222 0.368408
3 0.74125 0.154583 0.00999997 0.0547222 0.368408
7 0.70625 0.0806945 0.00375004 0.0116667 0.345215
7 0.164688 0.20875 0.00375001 0.0127778 0.32251
0 0.383125 0.0594444 0.01375 0.0186111 0.291016
3 0.663125 0.0435938 0.00499999 0.0283681 0.286133
0 0.363438 0.0669444 0.01125 0.0202778 0.273682
7 0.0687891 0.300556 0.004375 0.0144444 0.267334
2 0.284844 0.103889 0.0121875 0.0213889 0.256836
7 0.74375 0.181944 0.00625 0.0202778 0.252441
0 0.4875 0.0202778 0.009375 0.0125694 0.24585
0 0.41625 0.0347917 0.01125 0.0156944 0.2323
7 0.946875 0.214583 0.00499999 0.0183333 0.229492
0 0.00956055 0.327222 0.0190039 0.0288889 0.223389
2 0.122344 0.190278 0.0090625 0.0188889 0.210083
0 0.43125 0.0519444 0.01625 0.0236111 0.20813
0 0.486563 0.0533333 0.015625 0.0208333 0.206909
2 0.218438 0.147917 0.008125 0.0252778 0.205566
3 0.22 0.144722 0.00625 0.025 0.196167
0 0.433125 0.0588889 0.015 0.0225 0.194336
3 0.745 0.146667 0.00750001 0.0538889 0.168335
7 0.2575 0.264167 0.00687501 0.0266667 0.166138
2 0.385 0.116667 0.01125 0.0302778 0.164551
0 0.5025 0.00972222 0.00874999 0.0131944 0.16394
3 0.184063 0.165278 0.00531249 0.0275 0.158691
3 0.568125 0.178333 0.0112501 0.0294444 0.158691
7 0.74625 0.124444 0.00500005 0.0177778 0.155029
2 0.685 0.0311806 0.00499999 0.0206944 0.152588
2 0.469375 0.0644445 0.01375 0.0269444 0.152588
2 0.21625 0.142639 0.005 0.0183333 0.146118
3 0.23125 0.1275 0.005 0.0261111 0.137939
0 0.49375 0.0523611 0.026875 0.0227778 0.137085
2 0.6 0.0380556 0.015625 0.0219444 0.129883
0 0.00416504 0.333333 0.00833008 0.0361111 0.12854
0 0.385938 0.055 0.013125 0.0172222 0.119629
2 0.0490234 0.337778 0.01125 0.0455556 0.117188
0 0.48625 0.0230556 0.00999997 0.0140278 0.108215
7 0.0664062 0.299722 0.00453125 0.0161111 0.104126
7 0.689375 0.0852778 0.00375004 0.0141667 0.101562
7 0.74875 0.128056 0.00499999 0.02 0.100525
0 0.371875 0.0614583 0.01375 0.0181944 0.100159
0 0.386875 0.0484722 0.01 0.01375 0.0980835
3 0.185625 0.157778 0.0065625 0.0247222 0.0970459
7 0.084375 0.290556 0.005625 0.0155555 0.0917358
0 0.491563 0.0554167 0.02375 0.0227778 0.0900879
0 0.45375 0.0090625 0.00749998 0.00965278 0.0878906
7 0.145391 0.211389 0.00328126 0.0127778 0.0847778
0 0.32375 0.0855556 0.01625 0.0208333 0.0836182
2 0.220625 0.148889 0.009375 0.0261111 0.0806274
0 0.00644531 0.266944 0.0128516 0.0294444 0.0803833
0 0.00635254 0.272222 0.0127051 0.0266667 0.0800781
0 0.444063 0.0141667 0.00812499 0.0131944 0.078064
3 0.6725 0.045625 0.00625 0.0268056 0.0772095
7 0.00278809 0.383889 0.00557617 0.0222222 0.0758667
0 0.4875 0.0163194 0.00749998 0.0141667 0.0739746
2 0.66375 0.040625 0.00499999 0.0277778 0.0713501
0 0.459375 0.00534722 0.00625 0.0106944 0.0689087
2 0.47125 0.0772222 0.01375 0.0363889 0.0680542
7 0.754375 0.161806 0.00625 0.0202778 0.0675659
0 0.49625 0.0470139 0.02625 0.0270833 0.0673218
0 0.5 0.00588542 0.00749998 0.0117708 0.0662231
0 0.442188 0.0339236 0.010625 0.0210417 0.0653687
3 0.860625 0.202639 0.0125 0.0477778 0.0633545
0 0.4425 0.0415278 0.00999997 0.0180556 0.0621033
3 0.689375 0.0286111 0.00750001 0.0227778 0.0618896
0 0.356563 0.0709722 0.016875 0.02 0.0611877
7 0.94375 0.235139 0.00499999 0.0197222 0.0568542
7 0.69375 0.0809722 0.00375004 0.0127778 0.0518494
3 0.233594 0.131111 0.0046875 0.02 0.0510864
0 0.352188 0.0779167 0.015625 0.0225 0.0501404
0 0.0119531 0.325 0.02375 0.0288889 0.0497742
2 0.274063 0.129861 0.00625 0.0177778 0.0479431
0 0.811875 0.0740972 0.04125 0.0251389 0.0471497
2 0.281563 0.117639 0.0175 0.0202778 0.0441895
0 0.405938 0.0430556 0.0125 0.0152778 0.0440063
3 0.569688 0.175972 0.0137499 0.0347222 0.0401001
0 0.416563 0.0395833 0.013125 0.0179167 0.0394897
7 0.65 0.0542361 0.00249996 0.0125 0.0387573
3 0.233281 0.124583 0.0046875 0.0222222 0.037323
0 0.80125 0.0652778 0.0375 0.0243056 0.035553
3 0.74125 0.148889 0.015 0.0572222 0.0351562
2 0.8575 0.199444 0.0175 0.0594445 0.0339661
0 0.438125 0.0123611 0.00749998 0.01125 0.0324707
0 0.534063 0.0132292 0.00687497 0.0129861 0.0323486
7 0.65625 0.0521528 0.00375004 0.0141667 0.0323486
2 0.56875 0.0227778 0.00750001 0.0136806 0.0323486
2 0.243438 0.136667 0.00562499 0.0172222 0.0318604
3 0.20625 0.150556 0.00687499 0.0244444 0.0314941
7 0.70375 0.0501389 0.00499999 0.0152778 0.0309143
7 0.725625 0.0804167 0.00499999 0.0147222 0.0306702
3 0.196719 0.157361 0.00499999 0.0205556 0.028656
7 0.655625 0.0580556 0.00374997 0.0147222 0.0283356
0 0.463125 0.00819444 0.00687501 0.01 0.0250854
7 0.0749609 0.296389 0.00421875 0.015 0.0248871
3 0.209063 0.151944 0.005 0.0283333 0.0247955
2 0.6725 0.0390278 0.00499999 0.0227778 0.0246124
3 0.123984 0.200833 0.00515625 0.0238889 0.0240479
7 0.165938 0.219722 0.005 0.015 0.0234222
7 0.685625 0.0822222 0.00374997 0.0113889 0.0233307
3 0.189063 0.1575 0.004375 0.0230555 0.0229797
0 0.395 0.0493056 0.01125 0.0166667 0.0226288
2 0.0119531 0.276111 0.00863281 0.02 0.0226288
0 0.449375 0.0167708 0.00812499 0.0128472 0.0219421
3 0.88875 0.0604861 0.00499999 0.0223611 0.0217743
7 0.0942188 0.281389 0.004375 0.0138889 0.0206451
0 0.505625 0.0202083 0.011875 0.0130556 0.0198669
0 0.77625 0.0725 0.0475 0.0225 0.0196075
2 0.4375 0.0642361 0.0175 0.0263889 0.0195007
7 0.585625 0.0454861 0.00437501 0.0127778 0.0181885
2 0.205625 0.143472 0.00687501 0.0213889 0.0173798
0 0.81 0.0706944 0.0300001 0.0211111 0.0170441
3 0.170625 0.155833 0.004375 0.0205556 0.016983
0 0.79625 0.0679167 0.0425001 0.0227778 0.0164032
0 0.436875 0.0277083 0.010625 0.01625 0.0153656
7 0.0275195 0.381111 0.00578125 0.0166667 0.0151901
7 0.14625 0.219444 0.00406249 0.0133333 0.0150757
0 0.320938 0.0857639 0.014375 0.0170833 0.0149536
7 0.129609 0.230139 0.0040625 0.0130555 0.0149536
2 0.5775 0.0149306 0.00875003 0.0147222 0.014389
3 0.709375 0.0640278 0.00499999 0.0238889 0.014389
2 0.09125 0.212222 0.01375 0.0233333 0.0142822
2 0.293281 0.102778 0.009375 0.0161111 0.0133286
0 0.32375 0.0913889 0.016875 0.0258333 0.0133286
2 0.287188 0.0990972 0.009375 0.0204167 0.0132751
7 0.085625 0.285556 0.0046875 0.0188889 0.0130692
3 0.180625 0.153889 0.0075 0.0283333 0.0130234
0 0.4775 0.0536806 0.014375 0.0223611 0.0124283
7 0.0325781 0.38 0.00609375 0.0177778 0.0124283
0 0.381563 0.0884722 0.023125 0.0308333 0.0116425
3 0.0367969 0.258611 0.00640625 0.0188889 0.0115967
2 0.585938 0.0129861 0.00687504 0.0133333 0.0115509
7 0.9475 0.223611 0.00625 0.0222222 0.0114212
0 0.0045166 0.289167 0.00901367 0.0255556 0.0108185
7 0.0658594 0.308611 0.00429688 0.0166667 0.0108185
2 0.550625 0.0529167 0.015 0.0275 0.0104065
0 0.39375 0.06125 0.01375 0.0201389 0.0101318
0 0.347813 0.0738195 0.00874999 0.0225 0.0100937
7 0.75375 0.1675 0.00999997 0.0222222 0.0100937
2 0.6925 0.0314583 0.00750001 0.01875 0.00993347
2 0.39625 0.108472 0.025 0.0363889 0.00981903
2 0.76125 0.120417 0.015 0.0391667 0.00959778
3 0.535 0.0481944 0.00749998 0.0219444 0.00901794
3 0.69 0.0454167 0.00500005 0.0280556 0.00888062
2 0.766875 0.123472 0.0175 0.0380556 0.00854492
2 0.615625 0.0304861 0.00499999 0.0123611 0.0085144
0 0.42125 0.0300694 0.01 0.0135417 0.00812531
7 0.125625 0.225833 0.00375 0.0116667 0.00790405
0 0.378125 0.0705556 0.014375 0.0216667 0.00769424
3 0.88625 0.0610417 0.00499999 0.0211111 0.00763702
7 0.155313 0.208889 0.003125 0.0105555 0.00743103
0 0.281563 0.101111 0.0165625 0.0188889 0.00714874
7 0.948125 0.206111 0.00499999 0.0208333 0.00712204
3 0.0653125 0.247917 0.00585938 0.0191667 0.00703812
0 0.00801758 0.267222 0.0156055 0.0233333 0.00701141
7 0.140469 0.2175 0.00375001 0.0138889 0.00643921
2 0.175625 0.154861 0.00843751 0.0222222 0.00636292
0 0.378125 0.0529167 0.011875 0.0183333 0.00619125
7 0.700625 0.0759722 0.00499999 0.0161111 0.00619125
7 0.135313 0.225278 0.00328124 0.01 0.00614548
7 0.706875 0.0707639 0.00499999 0.0177778 0.006073
3 0.894375 0.0622222 0.00500005 0.0211111 0.006073
7 0.733125 0.116528 0.00625 0.0230556 0.00602722
2 0.78625 0.0484722 0.00625 0.0163889 0.00575256
7 0.70875 0.0847222 0.00500005 0.0180556 0.00572968
0 0.412813 0.0227083 0.010625 0.0158333 0.0055542
3 0.249688 0.133056 0.00562499 0.0222222 0.00551224
3 0.56875 0.167778 0.015 0.05 0.00534439
3 0.385625 0.111979 0.01375 0.0421528 0.00510025
0 0.76625 0.0656944 0.045 0.0269444 0.00500107
3 0.40625 0.111806 0.01125 0.0277778 0.0049057
5 0.399375 0.0215191 0.033125 0.0425174 0.00486755
3 0.31375 0.2275 0.02 0.0522222 0.00471878
7 0.7775 0.145139 0.00999997 0.0211111 0.00469971
7 0.247031 0.280556 0.01 0.03 0.00468063
0 0.33625 0.0786111 0.01375 0.0177778 0.00455475
7 0.271563 0.125833 0.00499999 0.0155556 0.00443268
3 0.22375 0.120139 0.005 0.0244445 0.00439835
2 0.47 0.0590972 0.0175 0.0329167 0.00436401
5 0.00607422 0.258333 0.0121484 0.04 0.00432968
0 0.433125 0.0200694 0.0125 0.0143056 0.00432968
2 0.614688 0.0447222 0.00562503 0.0140278 0.00426483
0 0.339688 0.0778472 0.01125 0.0177778 0.00419998
2 0.455 0.0702778 0.0425 0.0315278 0.00416565
2 0.137188 0.176111 0.00921875 0.0233333 0.00413513
7 0.0751563 0.244167 0.00421875 0.015 0.0039444
0 0.475313 0.0120833 0.00625 0.0105556 0.00392914
7 0.94125 0.218056 0.00500005 0.0172222 0.00391388
0 0.734375 0.0627083 0.02625 0.0283333 0.00374985
0 0.471875 0.0184722 0.01125 0.0165278 0.00374985
2 0.86 0.211944 0.0137499 0.0783333 0.00365067
3 0.68625 0.0387326 0.00499999 0.0228125 0.00356483
3 0.72375 0.161111 0.0175 0.0761111 0.00353813
3 0.086875 0.219444 0.006875 0.0244445 0.00349617
7 0.685 0.0676389 0.00374997 0.0140278 0.00346947
3 0.0896875 0.206111 0.0071875 0.0272222 0.00342941
2 0.120391 0.190833 0.011875 0.0211111 0.00337601
0 0.0298828 0.295 0.0272656 0.03 0.00336266
0 0.784375 0.0776389 0.0375001 0.0297222 0.00304031
0 0.451875 0.074375 0.045 0.0279167 0.00302696
2 0.575625 0.0254167 0.00875003 0.0141667 0.0029583
0 0.538125 0.00496528 0.00750001 0.00993056 0.00287819
0 0.496875 0.0459722 0.03375 0.0370833 0.00286674
3 0.72625 0.164167 0.00750001 0.0638889 0.00284576
2 0.134531 0.183472 0.010625 0.0247222 0.00284576
7 0.254688 0.135833 0.004375 0.0166667 0.00282288
2 0.0939844 0.2175 0.00875 0.0233333 0.00282288
3 0.73125 0.116389 0.00499999 0.0325 0.00269318
7 0.304844 0.102986 0.0046875 0.0143056 0.00265312
7 0.169375 0.200278 0.00437501 0.0155556 0.00265312
2 0.685 0.0243056 0.00875003 0.0304167 0.00263214
7 0.645 0.0638194 0.00250003 0.0104167 0.00247192
0 0.2825 0.125417 0.0175 0.0294444 0.00243378
2 0.386875 0.122639 0.0125 0.0388889 0.00243378
2 0.0564844 0.336111 0.0225781 0.0455555 0.00243378
0 0.82125 0.0722222 0.0425001 0.0263889 0.00236893
0 0.4475 0.0329861 0.0175 0.0227778 0.00234985
7 0.106016 0.275556 0.00484375 0.0155555 0.00230598
2 0.733125 0.105208 0.00750001 0.0426389 0.00226974
0 0.478125 0.0246181 0.00874999 0.0128472 0.00226021
0 0.408125 0.0338194 0.00875003 0.0151389 0.00223351
3 0.88625 0.0540278 0.00499999 0.0181944 0.00223351
7 0.215938 0.16 0.00625 0.0277778 0.00223351
3 0.610313 0.0245139 0.00437495 0.0165278 0.00223351
0 0.88875 0.0845139 0.0275 0.02625 0.00221634
3 0.27 0.0988889 0.00625 0.0247222 0.00211525
3 0.71375 0.06625 0.00750001 0.0288889 0.00206757
2 0.244688 0.1275 0.00562499 0.0277778 0.00203514
3 0.115469 0.204722 0.00375 0.0261111 0.00201035
0 0.320938 0.0922222 0.014375 0.0225 0.00198746
2 0.854375 0.200139 0.02625 0.0605555 0.0019722
2 0.205938 0.165833 0.0096875 0.0377778 0.00195694
3 0.62875 0.0215278 0.00499999 0.0169444 0.00194168
3 0.73125 0.0934028 0.00499999 0.0270833 0.00192642
2 0.715625 0.0541667 0.00499999 0.0205556 0.00189686
7 0.106875 0.3125 0.0075 0.0211111 0.00188923
0 0.404063 0.0638889 0.01625 0.0252778 0.00184631
3 0.71625 0.153472 0.00750001 0.0688889 0.00183868
3 0.569063 0.185556 0.015625 0.06 0.00183868
2 0.127266 0.181389 0.0176563 0.0305556 0.00181007
0 0.3375 0.0704167 0.0125 0.01875 0.00179577
3 0.129531 0.197778 0.00453125 0.0177778 0.00175476
2 0.549375 0.0202778 0.0112501 0.0143056 0.00174809
0 0.415 0.015 0.00750001 0.0156944 0.0017271
2 0.311563 0.0870833 0.00750001 0.0166667 0.0017271
2 0.6575 0.0370139 0.00750001 0.02375 0.00171375
3 0.0695313 0.239028 0.00523438 0.0252778 0.00169373
0 0.287031 0.130833 0.0328125 0.0333333 0.00167465
7 0.149531 0.2 0.00406249 0.0155556 0.0016489
7 0.93375 0.24 0.00499999 0.0338889 0.00162315
2 0.47125 0.0847222 0.013125 0.0430556 0.00161076
3 0.196406 0.163611 0.0046875 0.0244445 0.00154877
0 0.4175 0.0581944 0.0175 0.0258333 0.00153637
7 0.0840625 0.241389 0.0046875 0.0141667 0.00153065
0 0.45 0.0537674 0.0475 0.0535764 0.00148392
7 0.9275 0.220833 0.00625 0.0338889 0.00146675
7 0.67625 0.0786111 0.00499999 0.015 0.00144386
0 0.82 0.0803472 0.0425 0.0329167 0.00144386
7 0.246875 0.288889 0.009375 0.0333333 0.00141048
7 0.0147363 0.387778 0.00533203 0.0144444 0.00134563
3 0.78625 0.03625 0.00499999 0.01875 0.00133514
3 0.696875 0.0519444 0.00625 0.0186111 0.00133514
2 0.31625 0.223889 0.024375 0.0566667 0.00130939
2 0.5875 0.0175 0.01375 0.0176389 0.00130939
0 0.330625 0.0922222 0.01875 0.0258333 0.00129414
0 0.995625 0.123021 0.00874996 0.0345139 0.00129414
2 0.46125 0.0718056 0.01375 0.0333333 0.00127411
2 0.73375 0.033125 0.00749995 0.0176389 0.00126457
