0 0.50625 0.314167 0.0675 0.118333 0.958984
0 0.0696094 0.722222 0.133281 0.248889 0.958984
0 0.891875 0.727778 0.18 0.362222 0.95752
0 0.48875 0.885556 0.17375 0.224445 0.95752
0 0.351953 0.552778 0.131094 0.252222 0.957031
0 0.2575 0.907778 0.181875 0.182222 0.95459
0 0.269063 0.449167 0.11125 0.168889 0.954102
0 0.75625 0.401944 0.13 0.188889 0.950195
0 0.508125 0.492222 0.105 0.23 0.950195
0 0.6875 0.266944 0.075 0.101667 0.946777
0 0.210625 0.417222 0.09875 0.137222 0.942383
0 0.344297 0.281667 0.0764063 0.114444 0.941895
0 0.61125 0.352778 0.09 0.144444 0.938965
0 0.41375 0.322778 0.07375 0.118889 0.933594
0 0.655 0.0881944 0.07125 0.0497222 0.909668
0 0.689375 0.63 0.17 0.344444 0.90332
0 0.0696094 0.264444 0.0326562 0.0388889 0.870605
0 0.86375 0.102847 0.0375 0.0365278 0.868164
0 0.75875 0.0634722 0.0362501 0.0248611 0.852051
0 0.0102246 0.307778 0.020332 0.0311111 0.842773
0 0.0907617 0.221111 0.0262891 0.0361111 0.827637
7 0.244063 0.280556 0.008125 0.0233333 0.825684
0 0.8 0.0545833 0.0325 0.0238889 0.808105
7 0.701875 0.198472 0.00750001 0.025 0.792969
7 0.0284766 0.377222 0.00535156 0.0177778 0.775879
2 0.0417578 0.316944 0.0155469 0.0361111 0.770508
7 0.257656 0.263056 0.00687501 0.0222222 0.769043
2 0.568125 0.0425694 0.0137499 0.0234722 0.764648
0 0.365625 0.0734028 0.01875 0.0255556 0.764648
0 0.40625 0.0590278 0.014375 0.0247222 0.757812
0 0.425 0.0572222 0.01625 0.0208333 0.753418
2 0.73125 0.134722 0.02 0.0438889 0.751953
7 0.74375 0.17375 0.00750001 0.0202778 0.747559
0 0.382813 0.0705556 0.014375 0.0205556 0.700684
0 0.3925 0.0620833 0.0125 0.02 0.690918
7 0.77 0.130556 0.00499999 0.0163889 0.682617
0 0.347188 0.0802778 0.01625 0.0219444 0.672363
7 0.7525 0.164306 0.00500005 0.02 0.583008
1 0.350625 0.0585417 0.025 0.0383333 0.539062
0 0.414375 0.0504167 0.01125 0.0175 0.521484
0 0.34875 0.0781944 0.0175 0.0222222 0.509766
0 0.392188 0.0579167 0.011875 0.0188889 0.508789
1 0.3325 0.0734028 0.033125 0.0451389 0.464844
7 0.773125 0.145833 0.00499999 0.0175 0.435791
7 0.94625 0.213472 0.00499999 0.0166667 0.435791
7 0.94375 0.219444 0.00499999 0.0172222 0.420654
0 0.432188 0.0256944 0.00812499 0.0129167 0.413086
2 0.618125 0.0359722 0.00999997 0.0230556 0.405518
7 0.163438 0.203056 0.00406249 0.0122222 0.363037
0 0.424375 0.0314583 0.010625 0.0169444 0.345215
5 0.409375 0.0326389 0.0125 0.0222222 0.343262
7 0.705 0.0777778 0.00499999 0.0123611 0.334473
0 0.376875 0.065 0.01125 0.0175 0.329346
5 0.332813 0.0739583 0.03375 0.0452778 0.303223
0 0.385 0.0479167 0.01125 0.0158333 0.30249
0 0.392188 0.0497222 0.009375 0.0152778 0.29248
0 0.432188 0.0226042 0.00812499 0.0115278 0.274414
7 0.67375 0.0482639 0.00249996 0.0105556 0.264404
0 0.375 0.05 0.01 0.0133333 0.258301
0 0.43375 0.05 0.01375 0.0191667 0.24939
0 0.380313 0.0686111 0.013125 0.0222222 0.238647
7 0.94125 0.218889 0.00500005 0.0161111 0.235107
0 0.404688 0.0527778 0.01125 0.02 0.233765
7 0.0430469 0.359444 0.00515625 0.0166667 0.221313
2 0.566875 0.0402778 0.013125 0.0255556 0.201782
2 0.62 0.0395139 0.0125 0.0219444 0.181885
0 0.396875 0.0323958 0.00937503 0.0114583 0.176147
0 0.3675 0.0570833 0.0125 0.0170833 0.175537
7 0.145078 0.212083 0.00375001 0.0122222 0.17334
7 0.700625 0.0775 0.00499999 0.0163889 0.169922
5 0.0181641 0.247222 0.0197656 0.0277778 0.149048
7 0.0663672 0.298333 0.00429688 0.0133334 0.147095
0 0.35 0.0581944 0.025 0.0338889 0.121277
0 0.424688 0.0547222 0.01375 0.0211111 0.115173
0 0.45375 0.00993056 0.00625 0.00930556 0.108948
7 0.0746094 0.293889 0.00437501 0.0122222 0.106323
7 0.0278516 0.375833 0.006875 0.0222222 0.0966797
5 0.445625 0.0125694 0.00750001 0.0123611 0.0953369
7 0.145703 0.221111 0.00390625 0.0105556 0.092041
0 0.36625 0.0515278 0.010625 0.0163889 0.0844727
0 0.86375 0.0944444 0.035 0.0286111 0.0844727
2 0.20625 0.150278 0.00687499 0.0244444 0.0783691
7 0.0846875 0.278333 0.0034375 0.0144444 0.0753174
2 0.744375 0.127917 0.00750001 0.0311111 0.0750122
7 0.76375 0.152083 0.00499999 0.0175 0.0680542
0 0.0479004 0.260278 0.0268555 0.0316667 0.0639648
7 0.0685156 0.299167 0.00484376 0.0144444 0.0587769
7 0.745 0.1275 0.00499999 0.0261111 0.0545959
7 0.0432813 0.356944 0.00578125 0.0183333 0.0538025
7 0.00793457 0.381667 0.00540039 0.0222222 0.0483093
7 0.65625 0.0490278 0.00375004 0.0105556 0.0477905
0 0.460313 0.00480903 0.00499999 0.00961806 0.0459595
7 0.67 0.0524306 0.00374997 0.0118056 0.0414734
7 0.285625 0.1175 0.003125 0.00944444 0.0384521
3 0.196406 0.151667 0.005 0.0233333 0.035675
5 0.0173242 0.252708 0.0211719 0.0345833 0.0339661
7 0.69125 0.183056 0.00750001 0.0216667 0.0321045
0 0.438125 0.0143056 0.00874999 0.0114583 0.0318604
0 0.4125 0.0579167 0.01125 0.0219444 0.0313721
7 0.294844 0.116111 0.00343749 0.00888889 0.0272675
2 0.602188 0.0434896 0.00812499 0.0194097 0.0267639
7 0.690625 0.186667 0.00625 0.025 0.0228882
7 0.25 0.126667 0.003125 0.0113889 0.0214539
1 0.36375 0.0360069 0.0225 0.0288194 0.0205688
3 0.00976074 0.263333 0.00950195 0.0211111 0.0205688
7 0.254688 0.134167 0.003125 0.00833333 0.0181274
7 0.695625 0.04875 0.00249996 0.01 0.0176392
2 0.73375 0.0335417 0.00500005 0.015 0.0171051
7 0.595313 0.0470139 0.00437501 0.0134722 0.0125275
0 0.336563 0.075 0.0225 0.0283333 0.0109024
0 0.450625 0.0171875 0.00625 0.0108333 0.0106964
2 0.733125 0.112639 0.0125 0.0380556 0.0102463
0 0.0228516 0.272222 0.0139453 0.0222222 0.00993347
3 0.208125 0.153194 0.00625 0.0261111 0.00978088
0 0.0439063 0.25 0.025625 0.0288889 0.00952148
3 0.230625 0.1325 0.00375001 0.0205556 0.00905609
0 0.995625 0.1325 0.00874996 0.0333333 0.00874329
3 0.0460156 0.275556 0.00578125 0.0183333 0.00844574
0 0.75125 0.0638889 0.03375 0.0270833 0.00831604
0 0.484375 0.00805556 0.00500002 0.00958333 0.00809479
0 0.441563 0.0447222 0.010625 0.0163889 0.00809479
3 0.00368408 0.275556 0.00671387 0.0177778 0.00796509
3 0.166875 0.1575 0.00562501 0.0166667 0.00743103
0 0.463438 0.00840278 0.00562499 0.00972222 0.00714874
7 0.235313 0.136667 0.00375001 0.0166667 0.00706482
7 0.7725 0.143333 0.00499999 0.0183333 0.00706482
5 0.0162891 0.2475 0.0212891 0.0333333 0.00706482
7 0.0946875 0.276667 0.0034375 0.0111111 0.00682449
0 0.05 0.262222 0.010625 0.0305556 0.00664139
7 0.14 0.21625 0.004375 0.0138889 0.00624084
0 0.385938 0.0329167 0.00812502 0.0106944 0.00609589
0 0.426563 0.0156944 0.00749998 0.0118056 0.00588989
7 0.730625 0.0978472 0.00500005 0.0270833 0.00564194
3 0.5325 0.0465972 0.00625 0.02125 0.00557709
7 0.69 0.0561111 0.00250003 0.0108333 0.0051384
2 0.308125 0.0949306 0.010625 0.0152778 0.00494385
7 0.695 0.0769444 0.00250003 0.0141667 0.00471878
0 0.99625 0.125278 0.00749995 0.0311111 0.00462723
2 0.0632422 0.246944 0.0145312 0.0144444 0.00436401
2 0.426875 0.0570139 0.0175 0.0205556 0.0037365
3 0.885 0.0604861 0.00374997 0.0186111 0.00372124
0 0.443125 0.0273264 0.00874999 0.0129167 0.00370789
5 0.0450781 0.228056 0.0119531 0.02 0.00358009
2 0.300781 0.0963194 0.0171875 0.01875 0.00353813
3 0.705625 0.02875 0.00374997 0.0108333 0.00342941
7 0.0547656 0.312222 0.00421875 0.0177778 0.00332451
7 0.176094 0.170556 0.00406249 0.015 0.003088
2 0.1225 0.191667 0.0071875 0.02 0.0030632
7 0.27 0.122222 0.00374997 0.0141667 0.00305176
0 0.294063 0.0984028 0.023125 0.02625 0.00302696
7 0.135859 0.222222 0.00359375 0.0105556 0.00293541
0 0.96125 0.104861 0.02 0.0169444 0.00292397
7 0.0957813 0.263889 0.00515625 0.0166667 0.00281143
7 0.214375 0.154722 0.00374999 0.0144444 0.00275803
2 0.696875 0.0284722 0.00499999 0.0127778 0.00271416
5 0.0503516 0.222361 0.0183594 0.0280555 0.00257111
0 0.0183203 0.272778 0.0128125 0.02 0.00256157
7 0.66375 0.06625 0.00499999 0.0136111 0.00251198
7 0.695 0.0651389 0.00250003 0.00861111 0.00250244
7 0.083125 0.29 0.00562499 0.0166667 0.00243378
2 0.590938 0.0230556 0.00750001 0.0130556 0.00230598
0 0.00931152 0.837778 0.018623 0.168889 0.00223351
5 0.00784668 0.261667 0.0087207 0.0211111 0.00218201
5 0.0327539 0.247778 0.0118359 0.0227778 0.00208282
0 0.0906055 0.214722 0.0259766 0.0366667 0.00206757
2 0.203125 0.159167 0.011875 0.0383333 0.00203514
0 0.05375 0.250417 0.0129688 0.0225 0.00202751
7 0.705625 0.0714583 0.00374997 0.01625 0.00188255
7 0.93375 0.235417 0.00750001 0.0227778 0.00188255
2 0.202813 0.145 0.014375 0.0255556 0.00185299
7 0.685 0.0477778 0.00250003 0.00722222 0.00183868
7 0.225313 0.152778 0.003125 0.00888888 0.0018177
0 0.987188 0.134861 0.025625 0.0302778 0.00178242
2 0.0320313 0.270556 0.0121094 0.0227778 0.00177479
2 0.849375 0.0843056 0.00999997 0.0147222 0.00176811
3 0.00700073 0.381111 0.00781494 0.0288889 0.00175476
0 0.0126758 0.828889 0.0251172 0.181111 0.00173378
5 0.043291 0.227222 0.0266992 0.0305556 0.00168705
7 0.164688 0.195278 0.00375001 0.0144444 0.00161076
7 0.74875 0.129722 0.00499999 0.0272222 0.00161076
0 0.6825 0.0826389 0.0175 0.0244444 0.00157928
0 0.64375 0.0715278 0.0475 0.0255556 0.00157356
3 0.196563 0.168056 0.004375 0.0225 0.00153637
7 0.16875 0.197222 0.005 0.0127778 0.00151253
5 0.293906 0.0931945 0.0275 0.0288889 0.0014782
7 0.65375 0.0696528 0.00750001 0.0206944 0.00146675
2 0.7275 0.0351736 0.00749995 0.0163194 0.00141048
0 0.99 0.123333 0.0199999 0.025 0.00139427
0 0.0742578 0.237222 0.0221094 0.0255555 0.00138855
1 0.371875 0.0338194 0.01125 0.0204167 0.00125504
2 0.273438 0.115694 0.00625 0.0127778 0.00124931
2 0.634375 0.0829167 0.02875 0.0376389 0.00122547
2 0.0374219 0.276667 0.00773437 0.0255556 0.0012064
2 0.277656 0.105694 0.0121875 0.0180556 0.00119686
0 0.995625 0.140417 0.00874996 0.0383333 0.00119686
7 0.68875 0.183472 0.00750001 0.0230555 0.00119686
1 0.364375 0.0449306 0.0275 0.0418056 0.00115108
7 0.243438 0.133611 0.00562499 0.0133333 0.0011425
2 0.555625 0.0347222 0.00749995 0.0177778 0.00112438
0 0.9825 0.138889 0.02125 0.0261111 0.00112438
2 0.168906 0.16 0.0059375 0.015 0.00110722
7 0.7775 0.14375 0.00999997 0.0213889 0.00108624
2 0.72625 0.134167 0.02875 0.0477778 0.00105286
7 0.665 0.0501389 0.00250003 0.0102778 0.00104809
7 0.585313 0.0460417 0.00437495 0.0154167 0.00103188
7 0.125 0.219306 0.003125 0.0163889 0.00102806
0 0.759375 0.0545833 0.025 0.0198611 0.00101662
3 0.89375 0.0674306 0.00499999 0.0156944 0.00100422
