0 0.512813 0.801667 0.171875 0.396667 0.961914
0 0.92625 0.836667 0.1475 0.322222 0.958984
0 0.347813 0.523333 0.12125 0.218889 0.95459
0 0.636875 0.406389 0.10625 0.177778 0.952148
0 0.76125 0.420556 0.135 0.214444 0.95166
0 0.411563 0.274931 0.066875 0.122361 0.950684
0 0.113359 0.605556 0.128281 0.215556 0.94873
0 0.2975 0.37 0.094375 0.136667 0.948242
0 0.775 0.953889 0.1675 0.0922222 0.937988
0 0.630313 0.184167 0.055625 0.0711111 0.935059
0 0.49875 0.347778 0.074375 0.134444 0.935059
0 0.2275 0.377778 0.095625 0.127778 0.928711
0 0.0738281 0.907778 0.140625 0.182222 0.922363
0 0.5 0.220278 0.050625 0.0816667 0.918945
0 0.212813 0.599861 0.139375 0.2425 0.918457
0 0.320938 0.114167 0.025 0.03 0.894043
0 0.551875 0.125417 0.04 0.0644444 0.891113
0 0.0213672 0.913889 0.0424219 0.166667 0.875977
5 0.229102 0.817222 0.274922 0.364444 0.855957
2 0.80875 0.15375 0.02 0.0491667 0.847168
0 0.0124902 0.316667 0.024707 0.0355555 0.84082
0 0.0177539 0.280556 0.0217578 0.0283333 0.835449
0 0.371875 0.0797222 0.01875 0.025 0.830078
0 0.755 0.065 0.04 0.0238889 0.829102
1 0.91375 0.112812 0.0825 0.0749306 0.826172
7 0.255625 0.265 0.00812499 0.0227778 0.823242
0 0.494063 0.0103472 0.00750001 0.0107639 0.792969
0 0.735 0.059375 0.035 0.0243056 0.782715
7 0.2425 0.28 0.008125 0.0233333 0.78125
0 0.0934375 0.250556 0.0360938 0.0366667 0.769043
0 0.401875 0.0641667 0.0175 0.0213889 0.760742
7 0.743125 0.172917 0.00625 0.0208333 0.760742
1 0.315313 0.0838889 0.035 0.0508333 0.759277
0 0.5075 0.0190625 0.010625 0.0136111 0.743164
0 0.421875 0.0595833 0.015 0.0219444 0.741699
0 0.81625 0.0676389 0.0375 0.0255556 0.704102
0 0.353438 0.0747222 0.015625 0.0205556 0.699219
0 0.86875 0.0803472 0.03125 0.0245833 0.680664
0 0.332188 0.0918056 0.01875 0.0222222 0.677246
7 0.75125 0.160278 0.00499999 0.0183333 0.654785
2 0.224844 0.145417 0.010625 0.0233333 0.637207
0 0.43125 0.0514583 0.01125 0.01875 0.637207
7 0.945 0.213889 0.00499999 0.0172222 0.635254
0 0.363125 0.0656944 0.0125 0.0205556 0.631836
0 0.38375 0.0627083 0.01375 0.0194444 0.600098
2 0.137656 0.220556 0.0090625 0.0325 0.53125
2 0.0926563 0.27 0.0125 0.0322222 0.523438
2 0.0441016 0.307222 0.0114844 0.0344445 0.513672
0 0.4025 0.045816 0.0125 0.0175347 0.509766
2 0.0673047 0.293333 0.0139844 0.0311111 0.492188
0 0.34625 0.0758333 0.01375 0.0202778 0.476562
7 0.0270313 0.378889 0.00539062 0.0177778 0.472656
2 0.72875 0.119444 0.0125 0.0433333 0.462891
0 0.9625 0.101667 0.03 0.0244444 0.455078
0 0.374375 0.0568056 0.01125 0.0158333 0.430176
7 0.70375 0.0782639 0.00374997 0.0122222 0.428223
0 0.374063 0.0618056 0.01375 0.0191667 0.422607
7 0.74375 0.124306 0.00499999 0.0161111 0.407227
7 0.94375 0.218194 0.00499999 0.0175 0.394287
7 0.70125 0.198611 0.00750001 0.025 0.38501
2 0.0844531 0.275833 0.0148438 0.035 0.381104
0 0.39125 0.05625 0.0125 0.0205556 0.371094
0 0.395938 0.0314583 0.009375 0.0123611 0.355713
2 0.0891406 0.270556 0.0192187 0.0366666 0.351318
7 0.7675 0.129583 0.00499999 0.0172222 0.350342
0 0.390625 0.0513194 0.010625 0.0215278 0.345215
0 0.330625 0.0929167 0.0175 0.0311111 0.345215
0 0.34375 0.0718056 0.015 0.0186111 0.339844
0 0.386875 0.0472917 0.015 0.01875 0.32251
2 0.04625 0.305833 0.0121875 0.0344445 0.32251
0 0.40375 0.0334375 0.00874999 0.0136806 0.29248
7 0.94125 0.217222 0.00500005 0.0161111 0.287842
0 0.410625 0.0554861 0.0125 0.0204167 0.286133
0 0.424375 0.0296528 0.00750001 0.0120833 0.27832
2 0.72875 0.119722 0.00875003 0.0380556 0.276611
0 0.5075 0.0165972 0.01 0.0151389 0.273682
7 0.65125 0.0529167 0.00250003 0.0102778 0.270508
0 0.420625 0.0515972 0.0125 0.0186111 0.253906
2 0.05375 0.298333 0.00945313 0.0322222 0.243652
7 0.75375 0.157778 0.00625 0.0172222 0.242188
0 0.4125 0.0313889 0.00874999 0.0130556 0.233765
0 0.339375 0.0759722 0.01375 0.02 0.226807
3 0.0507031 0.3 0.00914063 0.0305556 0.222046
2 0.0751563 0.287778 0.011875 0.0311111 0.221313
0 0.375625 0.0515278 0.01125 0.0136111 0.219971
0 0.413125 0.0510417 0.013125 0.0166667 0.219971
7 0.670625 0.0520833 0.00375004 0.0105556 0.215332
2 0.0804688 0.279722 0.01375 0.0361111 0.209473
2 0.0715625 0.270556 0.00875 0.0255555 0.209473
0 0.444375 0.0142708 0.00874999 0.0120833 0.19812
7 0.745 0.127778 0.00499999 0.0177778 0.168823
7 0.285313 0.1175 0.00343752 0.0105556 0.166626
7 0.655 0.0479167 0.00249996 0.00805556 0.160278
7 0.595625 0.0455556 0.00375004 0.0116667 0.15918
3 0.0600781 0.295 0.00898438 0.0344445 0.157715
2 0.0734766 0.284167 0.0132031 0.0316666 0.152588
0 0.340625 0.0722222 0.01625 0.0197222 0.136597
0 0.748125 0.0634722 0.04375 0.0263889 0.133423
3 0.0560547 0.3 0.00664063 0.0311111 0.10968
7 0.70125 0.0776389 0.00499999 0.0169444 0.105957
3 0.0724219 0.266667 0.00773438 0.0233333 0.103027
3 0.0654297 0.287222 0.00976562 0.0322222 0.102295
0 0.428438 0.0229167 0.00875003 0.0118056 0.0980835
0 0.45375 0.00979167 0.00625 0.00847222 0.0863037
2 0.133125 0.176111 0.0075 0.0169444 0.085083
0 0.410625 0.0608333 0.0125 0.0222222 0.0823975
5 0.436563 0.0114583 0.00625 0.0102778 0.0820923
3 0.204375 0.153611 0.00562499 0.0211111 0.081543
7 0.0427344 0.361111 0.00546875 0.0172222 0.0775146
0 0.4375 0.0285069 0.00749998 0.0122222 0.072876
7 0.215313 0.155833 0.004375 0.0133333 0.072876
0 0.960625 0.105625 0.03375 0.0290278 0.0643921
0 0.375313 0.0705556 0.016875 0.0247222 0.062439
0 0.459063 0.00465278 0.00625 0.00930556 0.0582275
0 0.92875 0.0880556 0.03375 0.0208333 0.0572815
7 0.163594 0.204583 0.00406249 0.0113889 0.0570679
2 0.0413184 0.255 0.0120508 0.0211111 0.0541992
3 0.230313 0.131111 0.00562499 0.0227778 0.0497742
0 0.85 0.0783333 0.0325 0.02375 0.0477905
0 0.0369727 0.256736 0.0208984 0.0243056 0.0472412
0 0.317188 0.111076 0.02875 0.0272917 0.044342
2 0.00532227 0.38 0.00832031 0.0277778 0.0428772
2 0.234063 0.136667 0.005 0.0172222 0.042572
3 0.222188 0.143056 0.00687499 0.0238889 0.0412292
7 0.75375 0.162222 0.00499999 0.0202778 0.0397949
7 0.253281 0.264722 0.00906251 0.0227778 0.0389099
2 0.141719 0.216944 0.008125 0.0266667 0.0377502
2 0.61625 0.0293056 0.00437501 0.0147222 0.0366211
2 0.73125 0.112778 0.0125 0.0466667 0.0348816
2 0.0646875 0.291944 0.0232813 0.0333333 0.0340881
2 0.07 0.271111 0.0134375 0.0277778 0.0337219
7 0.77375 0.147222 0.00499999 0.015 0.0334778
0 0.0311719 0.260278 0.0195313 0.0244444 0.0290833
0 0.020332 0.278056 0.0232031 0.0266667 0.0275879
2 0.140469 0.218333 0.0109375 0.0308333 0.025177
0 0.8175 0.0728472 0.0375 0.0258333 0.0249939
2 0.114531 0.186111 0.015 0.0261111 0.0237732
7 0.69125 0.187222 0.00625 0.0233333 0.0228882
0 0.120625 0.917778 0.065625 0.162222 0.0226288
7 0.68625 0.0786111 0.00499999 0.0116667 0.02211
0 0.0123438 0.299167 0.0217969 0.0233333 0.0216217
7 0.245313 0.136111 0.003125 0.00805555 0.0207977
3 0.165625 0.159306 0.00562501 0.0183333 0.0196381
0 0.85875 0.0815972 0.03 0.02375 0.0190125
3 0.123672 0.217222 0.00484375 0.0208333 0.0186157
2 0.72625 0.0354861 0.00499999 0.0158333 0.0181274
7 0.714375 0.0510417 0.00375004 0.0138889 0.0171051
0 0.500313 0.00420139 0.00625 0.00840278 0.0164032
7 0.665 0.0486111 0.00250003 0.00833334 0.0149002
3 0.16875 0.156944 0.0046875 0.0183333 0.0145035
2 0.0881445 0.276667 0.0224609 0.0444444 0.0141754
7 0.705 0.0454167 0.00249996 0.0116667 0.0132217
2 0.194063 0.152639 0.00625 0.0241667 0.0131226
7 0.700625 0.2 0.00750001 0.035 0.0124283
0 0.450313 0.015625 0.00625 0.0123611 0.012291
7 0.0357422 0.367222 0.0040625 0.0155556 0.0122375
7 0.58625 0.0441667 0.00375004 0.0113889 0.0120087
7 0.67375 0.0501389 0.00249996 0.00944445 0.0111618
0 0.87375 0.085625 0.045 0.0326389 0.0108566
7 0.715625 0.0774306 0.00499999 0.0202778 0.0107803
0 0.846875 0.0744444 0.03125 0.025 0.0107346
0 0.41125 0.0243056 0.00875003 0.0118056 0.0105667
7 0.766875 0.126111 0.00499999 0.0183333 0.0104904
0 0.965 0.107222 0.03 0.0258333 0.0103683
7 0.749375 0.125556 0.00374997 0.0183333 0.0102921
7 0.132656 0.223056 0.0065625 0.025 0.00989532
7 0.249531 0.126389 0.0028125 0.00916667 0.00963593
0 0.905625 0.0830556 0.01375 0.0191667 0.00959778
7 0.215313 0.166944 0.004375 0.0177778 0.00891876
3 0.137969 0.225 0.0090625 0.0388889 0.00888062
2 0.8825 0.0509722 0.00750001 0.015 0.0085144
0 0.89 0.0840278 0.0275 0.0233333 0.00806427
0 0.9225 0.0970139 0.06375 0.0381944 0.0077858
2 0.139922 0.17 0.0125 0.0166667 0.00769424
7 0.254375 0.134722 0.003125 0.00777779 0.00760651
7 0.69 0.0540972 0.00250003 0.0102778 0.00740433
0 0.950625 0.100278 0.0237501 0.0286111 0.00728989
0 0.94875 0.111806 0.0275 0.0347222 0.00728989
0 0.00423828 0.278889 0.00746094 0.0244445 0.00712204
0 0.00339356 0.267778 0.00668945 0.0322222 0.0068779
2 0.905 0.0713889 0.00750001 0.0193056 0.00605011
7 0.76375 0.149722 0.00499999 0.015 0.00591278
2 0.0739844 0.295833 0.0110938 0.0405556 0.00591278
0 0.0273242 0.253056 0.0198828 0.0266667 0.00547028
2 0.601875 0.0410417 0.00812499 0.02 0.00542831
0 0.99625 0.125972 0.00749995 0.0241667 0.00538635
0 0.119688 0.183889 0.0182812 0.025 0.00534439
0 0.766875 0.0688889 0.04875 0.0241667 0.0053215
2 0.0410059 0.308056 0.0143945 0.0327778 0.00521851
7 0.6875 0.183056 0.00499999 0.0205556 0.00516129
0 0.915 0.0850694 0.0275 0.0186111 0.0051384
7 0.105156 0.272222 0.005 0.02 0.00503922
3 0.165625 0.163611 0.00406251 0.0208333 0.00502014
3 0.715 0.172361 0.00749995 0.0613889 0.00482941
5 0.0034375 0.253889 0.006875 0.0366667 0.00475693
3 0.205 0.163333 0.0075 0.03 0.00466537
0 0.8025 0.0727778 0.02125 0.0279167 0.0045929
2 0.603125 0.0345139 0.00562496 0.0188889 0.00457382
2 0.734375 0.0352778 0.00625 0.0165278 0.00455475
0 0.429375 0.0558333 0.0125 0.02 0.00453949
0 0.353125 0.0611111 0.01375 0.0183333 0.00445175
0 0.74125 0.0559722 0.04 0.0230556 0.00436401
0 0.81625 0.99 0.085 0.0177777 0.00426483
0 0.401875 0.0697222 0.01625 0.0277778 0.00419998
2 0.8125 0.144306 0.02 0.0369444 0.00391388
7 0.106406 0.2275 0.00625 0.0127778 0.00365067
0 0.125313 0.179167 0.0265625 0.0216667 0.00348282
3 0.88375 0.0647222 0.00499999 0.0156944 0.00340271
0 0.995 0.133889 0.00999997 0.0277778 0.00340271
3 0.214531 0.141389 0.004375 0.0188889 0.00338936
3 0.96875 0.158333 0.00625 0.0283333 0.00335121
2 0.227031 0.130833 0.0075 0.0305556 0.00323486
3 0.084375 0.212083 0.0053125 0.0163889 0.00317192
7 0.498125 0.348889 0.0725 0.134444 0.00314713
3 0.00567261 0.381667 0.00974854 0.0272222 0.00312424
3 0.233438 0.125 0.005 0.0197222 0.00307465
3 0.0351953 0.275 0.00734375 0.0266667 0.00282288
0 0.98375 0.119583 0.00999997 0.015 0.00279999
2 0.785 0.0513194 0.00750001 0.0211111 0.00266266
0 0.97125 0.104444 0.03125 0.0205556 0.00266266
7 0.237813 0.287222 0.0075 0.0211111 0.00265312
2 0.204375 0.144306 0.0065625 0.0230555 0.00261116
2 0.65625 0.0331944 0.00499999 0.0125 0.00255013
0 0.313594 0.0777083 0.0353125 0.0334722 0.00255013
2 0.123281 0.215833 0.0059375 0.0247222 0.00253105
0 0.507188 0.0216667 0.010625 0.0155556 0.00244331
7 0.565938 0.0292708 0.00437501 0.011875 0.0024147
7 0.227344 0.378889 0.0934375 0.126667 0.00239754
7 0.156094 0.207778 0.00375001 0.0113889 0.00237846
0 0.513125 0.0121528 0.00625 0.00944444 0.00234985
2 0.73625 0.0775 0.00499999 0.0255556 0.00234222
1 0.95125 0.127188 0.065 0.0567361 0.00234222
0 0.00444824 0.343056 0.00866211 0.0516667 0.00222588
3 0.155703 0.170694 0.00421874 0.0155556 0.00221634
7 0.155 0.220417 0.00375001 0.0136111 0.00221634
7 0.710625 0.0540278 0.00625 0.0148611 0.00219917
0 0.365313 0.0538889 0.01125 0.0166667 0.00216484
7 0.209063 0.156389 0.00562499 0.0194444 0.00213242
0 0.0529297 0.266944 0.0291406 0.03 0.00211525
2 0.35 0.658889 0.02375 0.0444444 0.00196457
0 0.112813 0.191389 0.0125 0.0233333 0.00191212
0 0.492813 0.0164583 0.009375 0.01375 0.00188923
0 0.87625 0.0507639 0.01 0.015 0.00181007
0 0.895 0.0916667 0.045 0.0372222 0.00178242
3 0.88875 0.0629861 0.00874996 0.0268056 0.00178242
3 0.0759375 0.224167 0.004375 0.0138889 0.00176811
0 0.112891 0.189722 0.0192188 0.0233333 0.00174141
3 0.274688 0.0990278 0.00499999 0.0155556 0.0017271
3 0.716875 0.169306 0.01625 0.0766667 0.00157356
0 0.486875 0.0113542 0.00499999 0.00979167 0.00153637
2 0.69375 0.0470833 0.00499999 0.0127778 0.00152493
0 0.7975 0.0592361 0.0550001 0.0252778 0.00146675
0 0.425313 0.0148611 0.00625 0.0110417 0.00144386
3 0.150078 0.1675 0.00796876 0.0233333 0.0014267
0 0.979375 0.871667 0.04125 0.256667 0.00135612
0 0.00368164 0.402778 0.00730469 0.0388889 0.00129414
3 0.191563 0.155278 0.00687501 0.0222222 0.00128937
3 0.0429297 0.313889 0.00984375 0.0433333 0.00125504
0 0.120781 0.183056 0.0259375 0.0294444 0.00124931
2 0.175156 0.157083 0.0075 0.0219444 0.00123501
7 0.269688 0.125 0.00500002 0.0122222 0.00121117
2 0.225938 0.150833 0.01375 0.0277778 0.00119686
0 0.8975 0.0757639 0.015 0.0168056 0.00116062
0 0.550625 0.0179861 0.00625 0.0125 0.0011158
7 0.685 0.0484722 0.00250003 0.00805556 0.00106525
4 0.243789 0.818611 0.272422 0.362778 0.00101662
