0 0.845 0.605417 0.1675 0.295833 0.958496
0 0.51 0.797778 0.15875 0.402222 0.95752
0 0.653594 0.48 0.120313 0.213333 0.956543
0 0.247656 0.902222 0.187188 0.195556 0.956543
0 0.517188 0.459722 0.0925 0.189444 0.954102
0 0.76875 0.878889 0.2 0.24 0.954102
0 0.7025 0.2925 0.08375 0.107222 0.950195
0 0.355625 0.501389 0.10875 0.190556 0.949219
1 0.227539 0.4425 0.271797 0.510556 0.943359
0 0.509375 0.261597 0.065 0.137917 0.941406
0 0.605 0.291389 0.07625 0.120556 0.937012
0 0.412188 0.285833 0.07875 0.155556 0.935547
0 0.0914063 0.368889 0.0715625 0.114444 0.932617
0 0.0727734 0.964444 0.125391 0.0711111 0.927734
0 0.341328 0.141389 0.0710938 0.0783333 0.896484
0 0.42 0.0938194 0.04375 0.0334722 0.875977
0 0.486563 0.0643056 0.029375 0.0283333 0.869629
0 0.454375 0.0638889 0.0275 0.0238889 0.848145
0 0.263438 0.116111 0.0275 0.0275 0.848145
0 0.254219 0.160556 0.038125 0.0361111 0.837402
0 0.130156 0.236944 0.040625 0.0377778 0.835449
0 0.87 0.069375 0.0275 0.0219444 0.833496
0 0.526875 0.0235417 0.016875 0.0147917 0.832031
0 0.75875 0.0606944 0.0375 0.0263889 0.831055
0 0.0274023 0.301667 0.0414453 0.0516667 0.82666
0 0.675625 0.0631944 0.04625 0.0280556 0.823242
2 0.895 0.197083 0.0125 0.0566667 0.804199
0 0.207031 0.148889 0.030625 0.0255556 0.791992
0 0.379063 0.101111 0.038125 0.0291667 0.785156
0 0.323203 0.09 0.0160937 0.02 0.78418
7 0.7425 0.174167 0.00625 0.0216667 0.78418
0 0.285625 0.157222 0.049375 0.0411111 0.777344
2 0.1575 0.197778 0.0115625 0.0272222 0.767578
0 0.47875 0.0438715 0.016875 0.0255903 0.744629
0 0.809375 0.0617361 0.03375 0.0229167 0.741699
0 0.426875 0.0569444 0.015 0.0208333 0.740234
0 0.735625 0.0543056 0.0375 0.0252778 0.73877
0 0.105313 0.240972 0.0309375 0.0336111 0.729492
0 0.354688 0.0818056 0.016875 0.0227778 0.725098
0 0.385 0.0676389 0.015 0.0215278 0.708984
0 0.8275 0.0698611 0.035 0.02375 0.702637
2 0.0381445 0.347778 0.0217578 0.0433333 0.675781
0 0.403125 0.0623611 0.0175 0.0244444 0.672363
1 0.365313 0.0471528 0.02125 0.0309722 0.666992
5 0.40875 0.0264583 0.01375 0.0247222 0.660156
5 0.0859375 0.223889 0.0384375 0.0483333 0.65332
0 0.95625 0.0991667 0.0225 0.0225 0.635254
0 0.487188 0.0192361 0.01 0.0151389 0.629883
0 0.3425 0.0843056 0.015 0.0213889 0.611328
7 0.751875 0.162222 0.00625 0.02 0.598145
0 0.337813 0.0815972 0.01375 0.0219444 0.583008
7 0.94375 0.219444 0.00499999 0.0161111 0.569824
2 0.59875 0.0394618 0.011875 0.0210764 0.548828
0 0.356875 0.08375 0.019375 0.0211111 0.539062
7 0.7675 0.129167 0.00499999 0.0172222 0.533203
7 0.0271094 0.379167 0.00570313 0.0183333 0.519531
7 0.944375 0.214167 0.00500005 0.0175 0.503906
0 0.4325 0.0498611 0.0125 0.0205556 0.5
0 0.368125 0.0704167 0.015625 0.0230556 0.5
0 0.374688 0.0652778 0.014375 0.0230556 0.498047
0 0.346563 0.0683333 0.01375 0.0173611 0.496094
7 0.0662891 0.297222 0.00390625 0.0122222 0.474609
0 0.115938 0.238333 0.050625 0.0377778 0.451416
0 0.391875 0.0577083 0.01125 0.0168056 0.451416
0 0.393125 0.0492361 0.0125 0.0158333 0.432129
3 0.69625 0.172083 0.0125 0.0627778 0.424316
0 0.00359863 0.3275 0.00719727 0.0227778 0.420654
3 0.694375 0.159167 0.015 0.0677778 0.414795
0 0.4325 0.0286111 0.009375 0.0145833 0.363037
0 0.40625 0.0596528 0.01625 0.0226389 0.360352
0 0.411875 0.0459722 0.011875 0.0145833 0.346924
3 0.0322656 0.348056 0.0120312 0.0433333 0.346924
7 0.68625 0.181667 0.00499999 0.0194444 0.345215
7 0.744375 0.124583 0.00374997 0.0161111 0.343262
0 0.410938 0.0585417 0.013125 0.02375 0.339844
0 0.429375 0.0231944 0.01 0.0131944 0.331055
0 0.424375 0.0296528 0.009375 0.015 0.329346
0 0.366875 0.0736111 0.0175 0.0247222 0.327637
0 0.385 0.0495833 0.01125 0.0147222 0.305664
0 0.82125 0.0685417 0.0375 0.0254167 0.257568
0 0.394063 0.0651389 0.015625 0.0227778 0.253906
0 0.354063 0.06625 0.013125 0.0166667 0.252441
7 0.94125 0.216944 0.00500005 0.0166667 0.23584
7 0.745 0.127778 0.00499999 0.0183333 0.2323
0 0.340625 0.076875 0.011875 0.0186111 0.224731
0 0.3725 0.0574306 0.01375 0.0181944 0.21936
0 0.524375 0.00965278 0.00874999 0.0111111 0.20752
0 0.405 0.0451215 0.01125 0.0155903 0.199951
7 0.0279297 0.378889 0.00515625 0.0222222 0.194946
7 0.75375 0.159861 0.00750001 0.0197222 0.17334
3 0.69875 0.169722 0.015 0.0616667 0.150513
0 0.73125 0.05625 0.04 0.0283333 0.147095
0 0.478438 0.0478993 0.02 0.0225347 0.132568
2 0.154922 0.198056 0.0173437 0.0294444 0.129395
0 0.3775 0.0670833 0.01625 0.0205556 0.128906
0 0.453125 0.0102431 0.00625 0.00826389 0.122498
2 0.615938 0.0278472 0.00499999 0.0133333 0.12085
3 0.6925 0.170278 0.0125 0.0644445 0.112793
0 0.47875 0.0392361 0.01625 0.0241667 0.111633
7 0.285938 0.115972 0.00406249 0.0125 0.109314
5 0.437188 0.0115278 0.00687501 0.0126389 0.10376
0 0.44375 0.0141319 0.00749998 0.0115972 0.103394
0 0.00344727 0.278889 0.00689453 0.0233333 0.0991211
2 0.226563 0.138889 0.0075 0.0166667 0.0823975
2 0.235313 0.138889 0.00437501 0.0155556 0.0753174
7 0.654375 0.0475 0.00374997 0.00875 0.0739746
0 0.349375 0.0613889 0.01 0.015 0.0736694
3 0.69125 0.158333 0.0125 0.0638889 0.0726318
3 0.715 0.17875 0.00749995 0.0661111 0.0726318
7 0.686875 0.179722 0.00625 0.0227778 0.0723877
7 0.143906 0.207222 0.00546875 0.0166667 0.0658569
0 0.88125 0.0515278 0.01125 0.015 0.0630493
0 0.486875 0.0249306 0.00874999 0.0145833 0.0611877
0 0.00450684 0.379444 0.00821289 0.0244445 0.0603027
7 0.766875 0.125833 0.00499999 0.0183333 0.0564575
7 0.7025 0.195556 0.00749995 0.0244444 0.055603
3 0.6975 0.162222 0.0125 0.0616667 0.055603
2 0.726875 0.0346181 0.00625 0.0152083 0.0490417
7 0.0840625 0.291667 0.004375 0.0122222 0.0463867
0 0.00616699 0.323889 0.0111035 0.0277778 0.0446777
0 0.326563 0.151111 0.043125 0.0494445 0.0414734
0 0.323047 0.154167 0.0351562 0.04 0.0399475
7 0.0685156 0.298889 0.00460937 0.0144444 0.0394897
0 0.0880469 0.216389 0.033125 0.0372222 0.0383301
7 0.704375 0.078125 0.00374997 0.0130556 0.0377502
0 0.8025 0.0618056 0.035 0.02375 0.0370483
7 0.701875 0.199167 0.00750001 0.0247222 0.0319824
2 0.573125 0.0258333 0.00625 0.0136111 0.0306702
2 0.0343945 0.347778 0.0212109 0.0438889 0.0306702
0 0.45125 0.0167361 0.00687501 0.0125 0.0290833
7 0.77375 0.146111 0.00499999 0.0169444 0.0287628
3 0.294531 0.102639 0.00500002 0.0138889 0.0278015
2 0.159688 0.198194 0.011875 0.0277778 0.0268555
0 0.341875 0.0729167 0.0175 0.0208333 0.026062
7 0.58625 0.0461111 0.00499999 0.0127778 0.0247955
7 0.084375 0.284444 0.00375 0.0144444 0.0224609
2 0.893125 0.197361 0.0175 0.0586111 0.0215302
7 0.73 0.124167 0.00499999 0.0188889 0.0203705
0 0.37 0.0730556 0.02 0.0236111 0.0197144
0 0.0867188 0.351667 0.05625 0.0594445 0.0194244
0 0.0899805 0.356667 0.0622266 0.0866667 0.0176392
7 0.104844 0.275556 0.00359375 0.0111111 0.0148392
0 0.689375 0.07375 0.025 0.0166667 0.0145035
2 0.0919531 0.215972 0.0273438 0.0305556 0.0141144
0 0.405625 0.0877778 0.01875 0.0309722 0.0140076
0 0.085957 0.353333 0.0380859 0.0544445 0.0138474
7 0.0748438 0.293333 0.00375 0.0116667 0.0136871
0 0.195 0.152222 0.0125 0.0266667 0.0131226
0 0.361875 0.111528 0.0525 0.0363889 0.0128708
0 0.391875 0.0743056 0.02125 0.0222222 0.0120087
0 0.00352539 0.267778 0.00705078 0.0233333 0.0118713
0 0.356875 0.0917361 0.02375 0.0273611 0.0115967
0 0.325938 0.160556 0.041875 0.0380556 0.0115967
3 0.03625 0.264722 0.00625 0.02 0.0113297
3 0.696875 0.0254167 0.00499999 0.0169444 0.0112915
0 0.00647461 0.292778 0.0104883 0.0355556 0.00989532
2 0.735 0.035625 0.00499999 0.0169444 0.00981903
0 0.39625 0.0321528 0.00749998 0.0116667 0.00945282
0 0.88 0.05375 0.015 0.0198611 0.00905609
0 0.8425 0.0759722 0.03 0.0205556 0.00844574
0 0.6775 0.0590278 0.0449999 0.0261111 0.00737381
7 0.885 0.474444 0.00749995 0.0188889 0.00709534
3 0.0279297 0.371111 0.00707031 0.02 0.00703812
2 0.1525 0.2 0.0196875 0.0261111 0.00661469
0 0.0113281 0.273333 0.0136719 0.0211111 0.00641251
0 0.45875 0.00440972 0.00750001 0.00881945 0.00641251
0 0.38625 0.0730556 0.01875 0.0225 0.00614548
0 0.129531 0.226667 0.0353125 0.0344445 0.00591278
0 0.99625 0.123333 0.00749995 0.0255556 0.00588989
0 0.325312 0.139306 0.038125 0.0405556 0.00564194
2 0.115938 0.205278 0.005625 0.0144444 0.00561905
0 0.96125 0.100833 0.03 0.0236111 0.0055542
3 0.0136816 0.265556 0.00720703 0.02 0.0053215
0 0.491563 0.0136111 0.00812499 0.0138889 0.00526047
0 0.545625 0.0106944 0.00625 0.00847222 0.00518036
3 0.665 0.0333681 0.00374997 0.0134028 0.00503922
0 0.774375 0.0604167 0.03375 0.0238889 0.00486755
2 0.269375 0.0947222 0.00812499 0.0188889 0.00482941
2 0.133281 0.175972 0.00781251 0.0175 0.00481033
7 0.242188 0.138889 0.0075 0.0116667 0.00471878
7 0.86875 0.0826389 0.01 0.0225 0.00468063
2 0.115 0.192639 0.0084375 0.0183333 0.0046463
0 0.87125 0.0738889 0.02875 0.0223611 0.00452042
0 0.99625 0.134167 0.00749995 0.0311111 0.00443268
0 0.956875 0.104236 0.0237501 0.0298611 0.00432968
3 0.71375 0.181944 0.00999997 0.0683333 0.00432968
0 0.0918945 0.346667 0.0496484 0.0744444 0.00429916
0 0.0096875 0.328333 0.0125391 0.0244444 0.00421524
3 0.274688 0.0892361 0.00625 0.0197222 0.00419998
7 0.294063 0.11375 0.00437501 0.0119444 0.00407028
0 0.0321045 0.305 0.0316504 0.0444444 0.00403976
2 0.57125 0.0245486 0.00875003 0.0141667 0.00397491
2 0.72875 0.0270139 0.00750001 0.02125 0.00388527
3 0.19625 0.171806 0.00625 0.0238889 0.00376511
2 0.306875 0.0965278 0.00750001 0.0161111 0.00370789
7 0.0554297 0.308333 0.00414062 0.0155556 0.00365067
2 0.65625 0.0332986 0.00499999 0.0138194 0.00344276
3 0.70375 0.0277083 0.00499999 0.0134722 0.00337601
0 0.199063 0.156389 0.031875 0.0283333 0.00322342
3 0.230313 0.131667 0.008125 0.0216667 0.00312424
0 0.551563 0.0177778 0.00874996 0.0120833 0.00307465
2 0.79625 0.0727083 0.0112501 0.0294444 0.00302696
3 0.169063 0.159722 0.00687501 0.0155556 0.00300407
3 0.699375 0.194861 0.0112501 0.0469444 0.00296974
0 0.0140918 0.287222 0.0145898 0.0377778 0.00288963
0 0.00385254 0.350556 0.00768555 0.0388889 0.00277901
0 0.0351953 0.296111 0.0263281 0.0422222 0.00271416
0 0.32125 0.148611 0.03875 0.0430556 0.00265312
0 0.474688 0.0509028 0.0225 0.0238889 0.00253105
2 0.925 0.0883333 0.00750001 0.0191667 0.00250244
2 0.643125 0.0278472 0.00625 0.0129167 0.0024929
2 0.590625 0.0252778 0.00874996 0.0160417 0.00248146
0 0.44375 0.0253819 0.00749998 0.0125694 0.0024147
0 0.97625 0.118056 0.00750001 0.0175 0.00234222
7 0.41125 0.286111 0.0775 0.154444 0.00232315
0 0.795 0.05625 0.0225 0.0241667 0.00230598
0 0.310313 0.0908333 0.01 0.0175 0.00224304
0 0.344063 0.0916667 0.016875 0.0230556 0.00219917
7 0.74875 0.126389 0.00249996 0.0175 0.00219917
0 0.0791016 0.361667 0.0475781 0.0588889 0.00216484
2 0.268594 0.0908333 0.00968749 0.0205556 0.00212479
0 0.262969 0.151667 0.0384375 0.035 0.00204277
2 0.34125 0.0938889 0.015 0.0205556 0.00198746
7 0.76375 0.15 0.00499999 0.0161111 0.00195694
0 0.7825 0.0536111 0.01875 0.0225 0.00194168
2 0.203438 0.177639 0.009375 0.0408333 0.00188255
0 0.441563 0.0466493 0.011875 0.0217014 0.00187492
2 0.73375 0.107153 0.00999997 0.0415278 0.00186729
2 0.138203 0.215833 0.0114063 0.0238889 0.0018034
0 0.42625 0.0152778 0.00812499 0.0127778 0.00179577
7 0.72625 0.132222 0.00499999 0.0144444 0.00178242
0 0.295625 0.153472 0.06625 0.0455556 0.00176811
7 0.50875 0.262153 0.065 0.139028 0.0016613
0 0.98875 0.121111 0.015 0.0216667 0.00158501
3 0.106563 0.243611 0.021875 0.0372222 0.00153637
0 0.553125 0.0130556 0.00750001 0.00916667 0.0015192
7 0.127656 0.255833 0.019375 0.0394444 0.00151253
0 0.4175 0.0705556 0.0325 0.0272222 0.0014782
7 0.776875 0.145694 0.01 0.0208333 0.00146103
7 0.0950781 0.277222 0.00359375 0.0111111 0.00143242
2 0.0442969 0.241111 0.0090625 0.0172222 0.00137806
2 0.155547 0.175694 0.005 0.0141667 0.00137234
3 0.89625 0.202639 0.0125 0.0419444 0.00136185
0 0.68625 0.0643056 0.045 0.0230556 0.00135612
0 0.77 0.0669444 0.0475 0.0268056 0.0012846
2 0.69125 0.0227431 0.00875003 0.0177083 0.0012064
0 0.0278516 0.984167 0.0499219 0.0316666 0.00117397
0 0.539375 0.00487847 0.00625 0.00975695 0.00116062
0 0.529375 0.0186111 0.0125 0.0172222 0.00115108
5 0.00393799 0.248611 0.00787598 0.0311111 0.0011158
3 0.29 0.0966667 0.00687501 0.0208333 0.00109863
2 0.203281 0.159167 0.01875 0.0405556 0.00108624
0 0.7125 0.0566667 0.0725 0.0280556 0.00105286
3 0.69125 0.186528 0.025 0.0655556 0.00101662
2 0.6975 0.0176389 0.00499999 0.0182639 0.00100803
