0 0.0648828 0.871111 0.129609 0.216667 0.957031
0 0.182656 0.826667 0.1375 0.212222 0.94873
0 0.39625 0.538333 0.06375 0.102222 0.940918
0 0.48375 0.675556 0.08 0.155556 0.936035
0 0.191094 0.63 0.104688 0.134444 0.924316
1 0.6275 0.461944 0.12 0.187222 0.913574
0 0.274375 0.635556 0.1025 0.126667 0.905273
0 0.484375 0.454722 0.04 0.0633334 0.898438
0 0.0967969 0.518889 0.0548438 0.0677777 0.898438
0 0.191563 0.448611 0.045 0.0583333 0.89502
0 0.435625 0.416944 0.0375 0.0605556 0.894043
0 0.97625 0.921111 0.0475 0.157778 0.884766
0 0.479375 0.351389 0.0225 0.0311111 0.875977
0 0.535313 0.33 0.02125 0.0344444 0.873047
1 0.0560156 0.500833 0.112031 0.163889 0.865723
0 0.441563 0.356667 0.023125 0.0344445 0.864258
0 0.512813 0.343889 0.0225 0.0333333 0.845703
7 0.235313 0.502778 0.00687501 0.0222222 0.835449
0 0.0122852 0.633333 0.0244141 0.0788889 0.829102
0 0.235 0.392778 0.02875 0.0388889 0.818848
0 0.259063 0.416667 0.0390625 0.0488889 0.809082
0 0.540625 0.3 0.01875 0.0188889 0.796875
0 0.474375 0.318889 0.01375 0.02 0.796875
0 0.169219 0.434167 0.04125 0.0555556 0.795898
0 0.75125 0.329444 0.0375 0.0277778 0.778809
7 0.72875 0.439444 0.00499999 0.02 0.763672
0 0.450313 0.335278 0.0175 0.0272222 0.759277
0 0.289219 0.348889 0.0196875 0.0266667 0.754883
0 0.32625 0.36 0.0225 0.0333333 0.751953
2 0.127578 0.426111 0.0120312 0.0294444 0.750488
0 0.647344 0.31 0.0303125 0.0205556 0.725098
7 0.724375 0.400556 0.00374997 0.0177778 0.716797
0 0.49375 0.311111 0.01375 0.0222222 0.704102
7 0.749375 0.415 0.00500005 0.0188889 0.700684
0 0.87875 0.330833 0.02625 0.0183333 0.695801
7 0.925625 0.457778 0.00500005 0.0177778 0.689453
0 0.513125 0.288056 0.0125 0.0172222 0.672363
0 0.4625 0.314444 0.01375 0.02 0.672363
0 0.8225 0.326389 0.0362501 0.0233333 0.649414
0 0.493438 0.292222 0.01125 0.0177778 0.647949
0 0.584375 0.305 0.02875 0.0188889 0.645996
7 0.738125 0.428333 0.00625 0.0211111 0.643555
7 0.221875 0.517778 0.00687499 0.0222222 0.640625
0 0.261094 0.390833 0.031875 0.035 0.607422
0 0.0494922 0.440833 0.0303906 0.025 0.600098
0 0.38625 0.326111 0.014375 0.0244445 0.598145
0 0.408125 0.323333 0.014375 0.0205556 0.598145
0 0.0211133 0.4525 0.0274609 0.0244444 0.586914
2 0.252344 0.358333 0.0109375 0.02 0.554688
0 0.311406 0.333333 0.01375 0.0194444 0.542969
0 0.81625 0.328889 0.0425001 0.0244445 0.537109
0 0.918125 0.330556 0.02 0.015 0.53125
0 0.329375 0.331111 0.0175 0.0255556 0.523438
0 0.371875 0.327778 0.015 0.0222222 0.523438
0 0.309375 0.333333 0.013125 0.0177778 0.513672
0 0.0561328 0.433611 0.0232813 0.0261111 0.492188
0 0.494375 0.3075 0.0125 0.0233333 0.476562
0 0.474375 0.282778 0.009375 0.0155556 0.462891
0 0.37125 0.303889 0.01125 0.0144444 0.459961
0 0.413125 0.304444 0.01125 0.0161111 0.431152
2 0.6175 0.317778 0.015 0.0255555 0.416748
0 0.0111621 0.446111 0.022168 0.0255555 0.383057
0 0.46125 0.299167 0.01125 0.0161111 0.363037
0 0.38625 0.320556 0.01375 0.0222222 0.359375
0 0.76625 0.316667 0.03375 0.02 0.355713
0 0.0146484 0.447778 0.0221875 0.0227778 0.338867
0 0.525 0.28 0.01 0.0138889 0.331055
0 0.5125 0.2825 0.01125 0.015 0.325928
0 0.404063 0.320556 0.015625 0.0216667 0.324219
0 0.875 0.332778 0.0325 0.0211111 0.324219
0 0.411563 0.313333 0.0125 0.0177778 0.320801
0 0.45875 0.297778 0.01 0.0155555 0.27832
7 0.74625 0.400556 0.00500005 0.0144444 0.275146
0 0.764375 0.32 0.03375 0.0188889 0.273682
0 0.492813 0.278056 0.00874999 0.0133333 0.269043
0 0.484375 0.273889 0.00874999 0.0122222 0.256836
0 0.756875 0.322222 0.0325 0.0205555 0.250977
0 0.385625 0.331111 0.015 0.0222222 0.24585
0 0.280625 0.351667 0.0140625 0.0222222 0.242188
0 0.413125 0.298611 0.01125 0.0161111 0.237915
0 0.37125 0.311111 0.0125 0.0166667 0.228149
0 0.0517578 0.447222 0.0361719 0.0477778 0.227417
0 0.464688 0.276111 0.00625 0.0133334 0.226807
3 0.209688 0.367778 0.0046875 0.0255556 0.219971
0 0.484375 0.260833 0.00625 0.00944446 0.215332
3 0.212969 0.356111 0.005 0.0233333 0.206909
0 0.0583594 0.429444 0.0192187 0.0222222 0.196777
7 0.68375 0.352222 0.00500005 0.0155556 0.194336
3 0.212969 0.361944 0.005 0.0261111 0.193726
0 0.46 0.288889 0.01 0.0138889 0.193726
0 0.510313 0.270833 0.00812499 0.0105555 0.191895
2 0.626875 0.321389 0.00625 0.0238889 0.187134
3 0.15125 0.376667 0.0046875 0.0205556 0.181885
2 0.59625 0.305833 0.0137499 0.0188889 0.181274
0 0.475625 0.261111 0.00625 0.0105555 0.180664
0 0.78375 0.32 0.035 0.02 0.178955
0 0.493125 0.270278 0.00812499 0.0111111 0.177856
0 0.923125 0.331667 0.02875 0.0177778 0.175537
0 0.37125 0.301111 0.01125 0.015 0.174438
0 0.4375 0.275278 0.00749998 0.00944446 0.169922
3 0.205156 0.370556 0.00562499 0.0244444 0.166138
0 0.72375 0.321111 0.03875 0.0222222 0.165039
0 0.41875 0.285278 0.00874999 0.0133333 0.163452
3 0.69875 0.415278 0.0125 0.0538889 0.162964
7 0.144844 0.417778 0.00406249 0.0155555 0.155029
0 0.00642578 0.456944 0.0128125 0.025 0.153564
0 0.00561523 0.466667 0.0111133 0.0255556 0.151489
0 0.47 0.27 0.00625 0.00944446 0.151001
7 0.92375 0.466667 0.00499999 0.0166666 0.14856
0 0.474688 0.321944 0.015 0.0222222 0.143188
7 0.653125 0.324444 0.00499999 0.0194444 0.143188
0 0.522813 0.290278 0.011875 0.0155556 0.140381
0 0.404063 0.298333 0.0125 0.0188889 0.137939
2 0.665 0.312778 0.00749995 0.0244444 0.133911
0 0.504375 0.260556 0.00562499 0.00777777 0.128906
0 0.403438 0.283889 0.01125 0.015 0.125488
0 0.36875 0.311111 0.01 0.0166667 0.125488
2 0.69875 0.414722 0.0125 0.0555556 0.125122
0 0.366563 0.301111 0.010625 0.0144444 0.121704
0 0.4275 0.28 0.00750001 0.0122222 0.115967
0 0.50375 0.276389 0.00749998 0.0116667 0.111267
0 0.820625 0.323333 0.03125 0.0211111 0.110474
0 0.5375 0.300833 0.018125 0.0188889 0.108582
0 0.398125 0.315 0.0125 0.02 0.100525
0 0.7825 0.325 0.0375 0.0266667 0.0987549
0 0.385625 0.293889 0.0125 0.0222222 0.0946655
0 0.39 0.304444 0.0125 0.02 0.092041
3 0.674375 0.311944 0.00749995 0.0238889 0.0917358
0 0.0176953 0.466111 0.0344531 0.0322222 0.0907593
0 0.9175 0.335556 0.0225 0.0166667 0.0838623
0 0.46625 0.304444 0.0125 0.0161111 0.081543
2 0.105 0.391944 0.0075 0.0177778 0.0783691
0 0.6575 0.3 0.025 0.0194444 0.078064
0 0.333125 0.318333 0.01125 0.0138889 0.0775146
0 0.3975 0.283889 0.009375 0.0144444 0.0720825
3 0.20625 0.373889 0.00562501 0.0277778 0.0715942
2 0.635625 0.322778 0.00499999 0.0227778 0.0708008
0 0.895 0.332778 0.0275 0.0166667 0.0670776
0 0.414375 0.28 0.00812499 0.0122222 0.064209
7 0.685 0.360278 0.00374997 0.0161111 0.0600891
0 0.373125 0.331111 0.0175 0.0244444 0.0558167
0 0.0175391 0.448889 0.0243359 0.0255555 0.0541992
3 0.189531 0.369722 0.004375 0.0205556 0.0522461
0 0.515 0.263056 0.00499999 0.0105555 0.0492249
2 0.70125 0.415 0.015 0.0533333 0.0492249
0 0.39625 0.294167 0.0125 0.0238889 0.0483093
3 0.868125 0.311944 0.00625 0.0216667 0.0477905
2 0.153281 0.376667 0.00578125 0.02 0.0460205
0 0.68625 0.310833 0.03 0.0216667 0.0435181
0 0.00931152 0.63 0.018623 0.0755555 0.0428772
0 0.77125 0.326667 0.0375 0.0266667 0.0423889
0 0.44625 0.261944 0.00625 0.00944443 0.0422363
0 0.7175 0.317778 0.0325 0.0177778 0.0414734
7 0.234375 0.364444 0.00374999 0.0122222 0.0403748
0 0.65625 0.302778 0.03 0.0222222 0.0390625
7 0.675625 0.323889 0.00374997 0.0227778 0.0367737
3 0.670625 0.31 0.00750001 0.0233333 0.033844
0 0.289219 0.347222 0.0265625 0.0288889 0.031311
0 0.494063 0.263889 0.00687497 0.0111111 0.0311432
3 0.7 0.4175 0.0125 0.045 0.0310211
0 0.421875 0.293611 0.01 0.0166667 0.0306702
3 0.865 0.310278 0.00499999 0.02 0.0298767
0 0.718125 0.325 0.0449999 0.025 0.0298767
0 0.47375 0.293333 0.009375 0.0188889 0.0289764
0 0.68625 0.308889 0.02375 0.0211111 0.0280151
0 0.298906 0.336389 0.0153125 0.0183333 0.0271759
0 0.448125 0.267778 0.00625 0.00888887 0.0262604
3 0.129922 0.378889 0.004375 0.0177778 0.0261536
0 0.185156 0.423889 0.031875 0.03 0.026062
0 0.76875 0.312222 0.0275 0.02 0.0254669
2 0.153906 0.373333 0.0059375 0.0211111 0.025177
0 0.358438 0.31 0.009375 0.0133333 0.0236969
3 0.220625 0.356111 0.004375 0.0183333 0.0224609
7 0.224375 0.369722 0.00437501 0.0155555 0.0219421
0 0.0247656 0.465 0.0305469 0.0355555 0.021698
3 0.195469 0.369444 0.00375001 0.0233333 0.0212097
7 0.7375 0.431111 0.00499999 0.0183333 0.0201721
3 0.250313 0.349444 0.00562501 0.0255556 0.0198669
0 0.883125 0.333056 0.03 0.0183333 0.0196381
0 0.38125 0.29 0.00749998 0.0133334 0.0194244
0 0.31875 0.357222 0.019375 0.0344445 0.0186157
2 0.614688 0.313333 0.013125 0.0233333 0.0178528
2 0.675 0.302222 0.00750001 0.0188889 0.0163422
0 0.329688 0.323056 0.01625 0.0216667 0.016098
0 0.390938 0.323333 0.015 0.0211111 0.0160217
3 0.170625 0.380556 0.00375001 0.0211111 0.0153046
0 0.0453809 0.426667 0.014707 0.0194444 0.0149002
0 0.429375 0.272222 0.00625 0.01 0.0147858
0 0.00738281 0.48 0.0146875 0.0488889 0.014389
0 0.72375 0.312778 0.04125 0.0244444 0.014061
3 0.210625 0.351667 0.0046875 0.0277778 0.0137405
2 0.6 0.3075 0.01125 0.0177778 0.0135345
2 0.186563 0.367778 0.00625 0.0188889 0.01297
0 0.528125 0.274722 0.00874999 0.0155555 0.0127258
0 0.443125 0.272778 0.00625 0.0111111 0.0126724
0 0.64625 0.306667 0.03125 0.0238889 0.0124283
0 0.0478027 0.429444 0.0295508 0.0255555 0.0121002
1 0.0775781 0.467222 0.066875 0.0988889 0.0118713
3 0.276563 0.336389 0.00531251 0.0166667 0.0115967
7 0.585 0.326944 0.00499999 0.0138889 0.0115509
3 0.104766 0.3975 0.00734375 0.0233333 0.0109024
0 0.92 0.340556 0.0275 0.0222222 0.0108185
0 0.186563 0.442778 0.03625 0.0511111 0.0105667
0 0.498125 0.285 0.01 0.0144444 0.0104523
2 0.124688 0.38 0.0046875 0.0155555 0.0103302
7 0.65125 0.330833 0.00499999 0.0216667 0.00963593
3 0.205625 0.354444 0.00375001 0.02 0.00948334
2 0.25 0.356667 0.011875 0.02 0.0091629
0 0.328438 0.358333 0.030625 0.0322222 0.00912476
2 0.68375 0.301667 0.00999997 0.0188889 0.00905609
7 0.71875 0.450556 0.00874996 0.0227778 0.00894928
7 0.9275 0.452778 0.00499999 0.0166667 0.00847626
0 0.419063 0.307222 0.01375 0.0177778 0.00815582
0 0.5375 0.293333 0.01375 0.0188889 0.00793457
3 0.16375 0.385556 0.004375 0.0177778 0.00775528
2 0.554375 0.283333 0.00999997 0.0166667 0.00766754
0 0.0546484 0.442222 0.0296875 0.0377778 0.00748825
7 0.145156 0.411111 0.00437501 0.0222222 0.00731659
7 0.685 0.340556 0.00499999 0.0255556 0.00725937
0 0.87625 0.338056 0.0325 0.0255556 0.00712204
0 0.30875 0.338611 0.013125 0.0238889 0.0069046
3 0.706875 0.406111 0.00875003 0.0344444 0.0068779
3 0.66875 0.329444 0.00499999 0.03 0.00682449
7 0.72875 0.439444 0.00750001 0.0188889 0.00666809
0 0.8175 0.335556 0.04375 0.0311111 0.00658798
3 0.696875 0.408889 0.01125 0.06 0.00619125
0 0.96375 0.334444 0.015 0.0161111 0.00598145
2 0.694375 0.424167 0.02375 0.0905556 0.00575256
2 0.248125 0.363889 0.00874999 0.0222223 0.00572968
3 0.196094 0.380556 0.0046875 0.0177778 0.00561905
2 0.27625 0.359167 0.00562503 0.0177778 0.00547028
0 0.974375 0.335 0.02 0.0177778 0.00510025
3 0.104219 0.423889 0.0065625 0.0172222 0.00498199
7 0.923125 0.481111 0.00625 0.0233333 0.00498199
2 0.765 0.303611 0.00749995 0.02 0.0049057
0 0.0171875 0.481111 0.0337109 0.0466667 0.00486755
0 0.0108398 0.4925 0.0211328 0.106111 0.00486755
0 0.88375 0.340833 0.035 0.0233333 0.00479126
0 0.4525 0.303889 0.01625 0.025 0.00479126
0 0.00909668 0.668889 0.0181934 0.1 0.00475693
3 0.66625 0.320556 0.00499999 0.0311111 0.00473785
3 0.180313 0.358889 0.00437501 0.015 0.00448608
3 0.234688 0.355556 0.00374999 0.0166667 0.00445175
3 0.86625 0.302778 0.00500005 0.0172222 0.00441742
0 0.371563 0.335833 0.019375 0.0316667 0.00436401
2 0.8375 0.296667 0.00750001 0.0177778 0.00407028
2 0.69 0.416667 0.0199999 0.0522222 0.00399017
2 0.69375 0.342222 0.01875 0.03 0.0037365
3 0.77625 0.348889 0.00750001 0.03 0.00358009
0 0.0100293 0.594444 0.0200586 0.06 0.00353813
0 0.073125 0.442778 0.0321875 0.0455556 0.00337601
7 0.66625 0.363611 0.00499999 0.0138889 0.00329781
0 0.509375 0.290556 0.0125 0.0177778 0.00328636
0 0.555 0.289444 0.01 0.0155555 0.00323486
7 0.221875 0.508611 0.009375 0.03 0.00322342
3 0.162656 0.369444 0.00625 0.0244444 0.00317192
0 0.318125 0.318889 0.010625 0.0166667 0.00314713
2 0.604063 0.301389 0.00500005 0.0161111 0.00313568
7 0.629688 0.331111 0.00625 0.0255556 0.00312424
0 0.895625 0.343333 0.03 0.0222222 0.00311089
0 0.93375 0.334167 0.0275 0.0155556 0.0029583
7 0.79125 0.331111 0.0125 0.0233333 0.00290108
0 0.045791 0.461667 0.0224805 0.0377778 0.00287819
3 0.185469 0.379444 0.00687501 0.025 0.0028553
0 0.605 0.385 0.01875 0.0322222 0.00282288
1 0.38875 0.285556 0.01375 0.0188889 0.00279045
2 0.87375 0.3175 0.00999997 0.0188889 0.00279045
0 0.0724609 0.428889 0.0153906 0.0233333 0.00277901
0 0.1825 0.42 0.040625 0.0466667 0.00277901
3 0.72375 0.394444 0.00499999 0.0255556 0.00273705
7 0.74625 0.419722 0.00500005 0.0155555 0.00270462
3 0.255938 0.330278 0.005 0.0166667 0.00268364
0 0.536875 0.317222 0.02125 0.0288889 0.00264168
0 0.0935156 0.511111 0.0407813 0.0555556 0.00263214
3 0.270938 0.342778 0.00656249 0.0211111 0.00248146
0 0.53125 0.283333 0.01125 0.0177778 0.00247192
0 0.94875 0.339444 0.015 0.0155555 0.00231361
0 0.955 0.335 0.00999997 0.0144444 0.00230598
0 0.56375 0.290833 0.01125 0.0138889 0.00228691
7 0.7525 0.416111 0.00625 0.0188889 0.00226021
0 0.69625 0.335556 0.0175001 0.0327778 0.00216484
0 0.484688 0.245833 0.00625 0.0127778 0.00214005
0 0.0102539 0.492222 0.0205078 0.0661111 0.00214005
0 0.0174902 0.435278 0.0157617 0.0216667 0.00211525
0 0.563125 0.284167 0.00875003 0.0155556 0.00206757
0 0.41 0.330556 0.01625 0.0255556 0.00205803
7 0.6675 0.35 0.00499999 0.0227778 0.00204277
0 0.00338379 0.421111 0.00666016 0.0166667 0.00204277
0 0.4425 0.3425 0.019375 0.0294445 0.00203514
0 0.769375 0.306111 0.025 0.025 0.00199509
0 0.263438 0.371389 0.01375 0.0216667 0.00195694
2 0.125938 0.415556 0.00625 0.0311111 0.00194931
0 0.104453 0.430556 0.0101563 0.0255556 0.00194931
3 0.229688 0.341667 0.0059375 0.0211111 0.00185299
3 0.135469 0.373333 0.00437501 0.02 0.00182438
7 0.135938 0.4075 0.00374999 0.0166667 0.00176811
3 0.725 0.382222 0.00499999 0.04 0.00171375
3 0.135 0.382222 0.0034375 0.0155555 0.0017004
2 0.65375 0.282778 0.00750001 0.0177778 0.00168133
0 0.341875 0.313056 0.010625 0.0116667 0.0016613
