0 0.247188 0.431389 0.059375 0.0527778 0.888672
0 0.306719 0.376111 0.0478125 0.0333333 0.88623
0 0.139297 0.427778 0.0454688 0.0366667 0.885742
1 0.511875 0.336667 0.13625 0.0788889 0.876953
7 0.6775 0.480833 0.00749995 0.025 0.85791
0 0.328438 0.331667 0.018125 0.0222222 0.856934
0 0.668125 0.335556 0.04625 0.0322222 0.84375
5 0.394375 0.295 0.01875 0.0344445 0.820801
0 0.343125 0.331111 0.01625 0.0211111 0.812988
2 0.0346289 0.472222 0.0133203 0.0355555 0.806641
0 0.112188 0.426111 0.0375 0.0322222 0.791992
0 0.415 0.308333 0.01125 0.0183333 0.778809
0 0.369375 0.3425 0.04375 0.0327778 0.777344
0 0.415 0.337222 0.02875 0.0244445 0.749023
0 0.72125 0.332222 0.04 0.0255556 0.749023
5 0.3825 0.359444 0.06375 0.04 0.746094
3 0.66125 0.453889 0.0125 0.0622223 0.740234
7 0.234219 0.502778 0.0075 0.0222222 0.73584
0 0.00900879 0.461111 0.0179785 0.03 0.720215
0 0.7925 0.326667 0.0325 0.0233333 0.690918
7 0.92375 0.457222 0.00499999 0.0155555 0.651367
7 0.0228711 0.527778 0.00519531 0.0166667 0.651367
2 0.209688 0.371667 0.00687499 0.0233333 0.648926
0 0.79875 0.319444 0.03 0.0222222 0.604004
7 0.749375 0.415 0.00500005 0.0166667 0.592773
0 0.00320313 0.4325 0.00640625 0.02 0.586914
0 0.0071875 0.401667 0.0142773 0.0233333 0.57959
2 0.636875 0.318333 0.00875003 0.0244444 0.565918
0 0.73125 0.323889 0.035 0.0222222 0.527344
0 0.377813 0.317222 0.0125 0.0166667 0.509766
0 0.474375 0.280556 0.00874999 0.0161111 0.492188
0 0.388125 0.31 0.01 0.0166667 0.476562
7 0.745625 0.402222 0.00375004 0.0161111 0.435791
7 0.723125 0.401944 0.00499999 0.0172222 0.428223
7 0.728125 0.438333 0.00625 0.0194444 0.396973
0 0.41125 0.339444 0.035 0.0277778 0.377441
7 0.923125 0.466111 0.00499999 0.0166667 0.363037
0 0.79875 0.326111 0.035 0.0255555 0.325928
0 0.521875 0.276667 0.01 0.0116667 0.309082
0 0.454375 0.323889 0.02625 0.0255556 0.269043
7 0.74375 0.418333 0.00499999 0.0188889 0.262939
7 0.726875 0.439444 0.00499999 0.0188889 0.26123
5 0.370625 0.346667 0.04375 0.0388889 0.231567
3 0.190313 0.372778 0.00562501 0.0238889 0.228882
0 0.75875 0.310278 0.0175001 0.0166667 0.201782
0 0.405625 0.34 0.0225 0.0288889 0.188354
7 0.220313 0.508889 0.00625 0.0261111 0.158203
0 0.3825 0.295556 0.00750001 0.0211111 0.156616
0 0.798125 0.330556 0.03375 0.0244444 0.154541
0 0.475 0.288889 0.01125 0.0166667 0.144653
0 0.471875 0.270556 0.00749998 0.00833333 0.140381
0 0.379375 0.360833 0.0525 0.0377778 0.135254
7 0.220938 0.516944 0.00874999 0.025 0.128906
7 0.739375 0.422778 0.00499999 0.02 0.125977
0 0.405625 0.276111 0.00625 0.00999999 0.125488
0 0.450938 0.325278 0.0225 0.0238889 0.125488
0 0.433125 0.274444 0.00687497 0.01 0.123779
2 0.639844 0.311389 0.0103125 0.0205556 0.108582
0 0.75875 0.311667 0.0225 0.0188889 0.107788
0 0.72625 0.324444 0.0375 0.0244444 0.0977173
0 0.431563 0.272222 0.00562503 0.01 0.0866089
0 0.494375 0.261667 0.00625 0.00999999 0.0775146
0 0.425313 0.277778 0.00625 0.01 0.0715942
2 0.186875 0.372222 0.011875 0.0244444 0.0703125
0 0.484375 0.257222 0.00500002 0.0105555 0.0687866
0 0.685 0.329444 0.0275 0.0233333 0.064209
3 0.66125 0.447222 0.01 0.0511111 0.0555115
0 0.443125 0.263889 0.00499999 0.01 0.0541992
0 0.457813 0.325833 0.029375 0.0327778 0.0465393
7 0.0633594 0.471389 0.00460937 0.0127778 0.0420837
2 0.64125 0.302222 0.00999997 0.0177778 0.037323
7 0.0498438 0.48 0.0034375 0.0122222 0.0368958
2 0.210625 0.370833 0.009375 0.0227778 0.0347595
0 0.51875 0.275556 0.00874999 0.0105555 0.0298767
2 0.187344 0.377222 0.00968749 0.0266667 0.0290833
0 0.4925 0.266667 0.00750001 0.0116667 0.0265503
7 0.275313 0.351667 0.003125 0.00999999 0.0261536
0 0.368438 0.321944 0.015 0.0222222 0.0245209
7 0.73625 0.426389 0.00499999 0.0177778 0.0243378
7 0.265625 0.363333 0.00312498 0.00999999 0.0240479
0 0.79875 0.314444 0.0275 0.0233333 0.0233307
7 0.193438 0.38 0.005 0.0188889 0.021286
0 0.53375 0.277222 0.00625 0.0105555 0.0191193
3 0.665 0.455556 0.015 0.0633333 0.0181274
3 0.659375 0.45 0.01375 0.0655556 0.0173035
0 0.448125 0.268611 0.00625 0.00833333 0.0170441
7 0.265625 0.352222 0.00343752 0.0105555 0.0163422
7 0.595 0.301667 0.00374997 0.0144444 0.0161591
0 0.475 0.262222 0.00500002 0.0077778 0.0157166
7 0.67125 0.473889 0.00749995 0.03 0.0131683
7 0.00869629 0.542778 0.0056543 0.0222222 0.0131683
5 0.414688 0.305833 0.010625 0.0227778 0.0126724
3 0.579375 0.289722 0.00499999 0.0166667 0.0123367
0 0.460938 0.341111 0.035 0.0522222 0.0122375
2 0.638125 0.303333 0.00875003 0.02 0.011734
7 0.260469 0.359444 0.00406251 0.0133334 0.0116425
7 0.285 0.349444 0.00375001 0.01 0.0115051
0 0.00669922 0.395556 0.0133984 0.0261111 0.0112
2 0.208594 0.373889 0.0078125 0.0244445 0.011116
3 0.69625 0.444444 0.00999997 0.0588889 0.0108185
5 0.401875 0.294444 0.01 0.0261111 0.0104904
2 0.70875 0.318333 0.00999997 0.0188889 0.00941467
0 0.78 0.321111 0.03875 0.0211111 0.00930023
0 0.508125 0.341944 0.13 0.0677778 0.00912476
0 0.418125 0.276667 0.00812499 0.0105555 0.00905609
0 0.473438 0.313333 0.01875 0.0233333 0.00905609
0 0.378125 0.298889 0.01 0.0133333 0.00867462
3 0.105234 0.388889 0.0053125 0.0188889 0.00861359
7 0.224688 0.365 0.00375001 0.00999999 0.00854492
0 0.465313 0.263889 0.00375001 0.01 0.00837708
5 0.370625 0.362222 0.04 0.0344445 0.00806427
7 0.75375 0.416111 0.00499999 0.0188889 0.00763702
0 0.132031 0.414444 0.0267188 0.0333333 0.00748825
0 0.41875 0.282222 0.00749998 0.0155555 0.00740433
0 0.34375 0.319444 0.013125 0.0166667 0.00737381
0 0.465938 0.274167 0.00437501 0.0105555 0.00734711
2 0.178281 0.369167 0.008125 0.0188889 0.00712204
7 0.73375 0.431389 0.00500005 0.0172222 0.0069313
0 0.375 0.311667 0.0225 0.0233333 0.00674438
0 0.535313 0.264722 0.00437498 0.0122222 0.0064888
7 0.23 0.371111 0.004375 0.0133334 0.00643921
7 0.220156 0.359444 0.00375001 0.0122222 0.00638962
0 0.460938 0.3575 0.030625 0.0322222 0.00636292
0 0.37125 0.356111 0.041875 0.0361111 0.00629044
7 0.0565625 0.473333 0.00453125 0.0116666 0.00602722
0 0.443125 0.272778 0.00625 0.0122222 0.00579834
5 0.0101343 0.451389 0.0199268 0.0422222 0.00575256
7 0.234688 0.367778 0.0028125 0.00666668 0.00561905
7 0.615 0.329444 0.00374997 0.0111111 0.0055542
3 0.163438 0.378889 0.005 0.0244444 0.00551224
0 0.755 0.311389 0.025 0.02 0.00502014
3 0.583125 0.295556 0.00625 0.0155555 0.00481033
0 0.353125 0.322222 0.01125 0.0216667 0.00481033
0 0.38125 0.29 0.00749998 0.0144444 0.00446701
7 0.594375 0.308611 0.00437501 0.0155555 0.00416565
7 0.0436328 0.471667 0.00609375 0.0266667 0.0041008
0 0.6625 0.338056 0.035 0.0294444 0.00400543
3 0.0251367 0.404167 0.00613281 0.0166667 0.00400543
7 0.66125 0.459167 0.01 0.0683334 0.00399017
2 0.62375 0.297778 0.00499999 0.0155555 0.0039444
3 0.104219 0.399444 0.0065625 0.0177778 0.0039444
0 0.00829102 0.397778 0.016582 0.03 0.00391388
0 0.409375 0.269444 0.00687501 0.0122222 0.00379562
0 0.356875 0.281667 0.00625 0.0144444 0.00376511
0 0.74375 0.324167 0.045 0.025 0.0037365
0 0.481875 0.313889 0.0275 0.0233333 0.00367928
0 0.40625 0.264444 0.00500002 0.0122222 0.00365067
2 0.141406 0.413056 0.0146875 0.0261111 0.00342941
3 0.590625 0.301389 0.00437501 0.015 0.00336266
3 0.865 0.310556 0.00499999 0.0211111 0.00335121
0 0.53 0.277778 0.00750001 0.0255556 0.00317192
7 0.68625 0.32 0.00625 0.0177778 0.00311089
0 0.9675 0.346389 0.0175 0.0211111 0.00309944
3 0.775625 0.346944 0.00750001 0.0288889 0.00277901
3 0.29 0.341667 0.00625 0.0155556 0.00259018
7 0.00812988 0.540972 0.00670898 0.0180556 0.00232315
0 0.9675 0.338889 0.0125 0.0155556 0.00226021
2 0.0371484 0.469444 0.0188281 0.0322222 0.00224304
0 0.0131738 0.428056 0.0238086 0.0227778 0.00224304
0 0.408125 0.313889 0.010625 0.0155556 0.00209999
7 0.625 0.330556 0.003125 0.00888889 0.00208282
7 0.245313 0.367222 0.003125 0.00777777 0.00189686
0 0.33875 0.320556 0.0125 0.02 0.00186062
0 0.795 0.336111 0.0375 0.0288889 0.00183868
2 0.865 0.300556 0.00750001 0.0144444 0.00183105
7 0.613125 0.832222 0.00625 0.0133334 0.00177479
7 0.63125 0.338889 0.00750001 0.0166667 0.00176811
7 0.234531 0.353333 0.00343749 0.0122222 0.00174809
0 0.435313 0.263889 0.00437501 0.0105555 0.0017271
0 0.9075 0.339167 0.0175 0.0133333 0.00163555
0 0.0100098 0.466667 0.0185352 0.0388889 0.00163555
0 0.8075 0.333056 0.04 0.02 0.00162315
7 0.219375 0.518333 0.009375 0.0238889 0.00162315
0 0.00916504 0.416944 0.0177051 0.03 0.00160408
2 0.132031 0.413889 0.025 0.03 0.00157356
0 0.565 0.313333 0.025625 0.0322222 0.00144386
0 0.494375 0.312222 0.02 0.0227778 0.00142097
2 0.67875 0.342778 0.03875 0.0277778 0.00142097
2 0.182813 0.356111 0.0075 0.0188889 0.00141621
2 0.0366797 0.402778 0.00765625 0.0155556 0.00139904
0 0.123047 0.417222 0.0370313 0.0344444 0.00139904
0 0.509063 0.303889 0.02 0.0788889 0.00136185
7 0.7075 0.402778 0.00499999 0.015 0.00135136
0 0.52375 0.262778 0.00562503 0.00999999 0.00134563
2 0.76 0.306111 0.0175 0.0233333 0.00122547
1 0.97625 0.359444 0.0375 0.0344445 0.00122547
3 0.25 0.34 0.00374999 0.0188889 0.0012207
0 0.0308594 0.4675 0.0191406 0.0316666 0.00118351
0 0.90875 0.336111 0.0225 0.0155556 0.00117874
3 0.548125 0.308889 0.00875003 0.0972222 0.00116539
2 0.715625 0.301389 0.00625 0.0183333 0.0011158
3 0.154844 0.368333 0.00562499 0.0188889 0.0011158
0 0.691875 0.322222 0.0125 0.0233333 0.00110722
0 0.41875 0.311389 0.015625 0.0188889 0.00109005
0 0.7575 0.327778 0.02375 0.0211111 0.00107288
