5 0.810938 0.794444 0.378125 0.411111 0.959961
0 0.353125 0.578333 0.13375 0.257778 0.959473
0 0.497813 0.893333 0.2075 0.213333 0.956543
0 0.5075 0.510556 0.1 0.218889 0.954102
0 0.61 0.305278 0.0775 0.112222 0.94873
0 0.6575 0.489444 0.12125 0.233333 0.944824
0 0.408125 0.346389 0.07625 0.129444 0.936523
0 0.505625 0.304167 0.075 0.129444 0.936035
0 0.7225 0.324722 0.1 0.126667 0.927246
0 0.091543 0.252708 0.0356641 0.0345833 0.870605
0 0.595938 0.0672222 0.05375 0.0358333 0.850098
0 0.036582 0.305556 0.0349609 0.0372222 0.845703
0 0.338438 0.123472 0.04625 0.0377778 0.817383
7 0.70375 0.198889 0.00750001 0.0227778 0.81543
0 0.70125 0.0627083 0.04 0.0306944 0.812988
0 0.76125 0.0591667 0.04 0.0261111 0.799316
0 0.81875 0.0646528 0.035 0.0256944 0.779785
0 0.405 0.121424 0.06 0.0432639 0.770508
7 0.753125 0.164028 0.00625 0.0197222 0.770508
7 0.744375 0.176111 0.00625 0.0211111 0.769043
0 0.18625 0.198056 0.04625 0.0427778 0.760742
0 0.42625 0.0583333 0.015 0.0215278 0.754883
7 0.0450391 0.361944 0.00460937 0.0155556 0.750488
0 0.463438 0.0653472 0.0325 0.0240278 0.741699
0 0.00577637 0.328056 0.0115527 0.0338889 0.723145
0 0.40125 0.0605556 0.01375 0.0181944 0.70752
7 0.0308984 0.378333 0.00507813 0.0166667 0.705566
0 0.326172 0.0908333 0.0151563 0.0226389 0.700684
5 0.81625 0.043316 0.0725 0.0583681 0.695801
0 0.50375 0.0494444 0.01875 0.0216667 0.679199
7 0.7025 0.199306 0.00749995 0.0227778 0.665527
7 0.77125 0.127361 0.00500005 0.0169444 0.649414
0 0.339063 0.0851389 0.013125 0.0191667 0.640625
0 0.491875 0.0321181 0.01375 0.0195139 0.637207
0 0.8925 0.0844444 0.03 0.0227778 0.635254
0 0.39 0.0675 0.01625 0.0241667 0.605957
0 0.342188 0.0852778 0.01625 0.02 0.605957
7 0.945 0.218889 0.00499999 0.0180556 0.588867
2 0.285625 0.114583 0.011875 0.0222222 0.586914
7 0.7725 0.146111 0.00499999 0.0175 0.586914
5 0.315313 0.0791667 0.03 0.0411111 0.567871
7 0.247188 0.286667 0.0075 0.0233333 0.541016
3 0.725625 0.169028 0.00875003 0.0602778 0.519531
7 0.691875 0.185 0.00625 0.0233333 0.501953
0 0.366875 0.076875 0.01625 0.0222222 0.498047
0 0.351875 0.0818056 0.0175 0.0211111 0.466797
0 0.352813 0.0655556 0.0125 0.02 0.460938
5 0.36875 0.0568229 0.02125 0.0416319 0.455078
7 0.675 0.05125 0.00375004 0.015 0.455078
7 0.245938 0.285556 0.00874999 0.0255556 0.451416
0 0.3475 0.0676389 0.01125 0.0183333 0.44751
2 0.269844 0.119201 0.00718749 0.0215972 0.439697
3 0.0233252 0.334722 0.00842774 0.0333333 0.40918
3 0.7175 0.169722 0.01125 0.0611111 0.368408
2 0.608125 0.0409722 0.015 0.0211111 0.352295
3 0.72 0.169722 0.0175 0.0644445 0.345215
0 0.411875 0.0469444 0.0125 0.0180556 0.331055
2 0.610313 0.0401389 0.015 0.0206944 0.331055
7 0.746875 0.129722 0.00499999 0.0166667 0.329346
0 0.390625 0.0625 0.015625 0.0205556 0.323486
1 0.315781 0.0791667 0.0303125 0.0426389 0.319092
0 0.433125 0.0291667 0.0125 0.0148611 0.294189
0 0.394688 0.0508333 0.0125 0.0156944 0.273682
0 0.409688 0.0504861 0.011875 0.0184722 0.273682
2 0.274219 0.118472 0.00843751 0.0208333 0.271973
7 0.7625 0.15375 0.00750001 0.0186111 0.271973
0 0.743125 0.0511111 0.03125 0.0227778 0.269043
0 0.315625 0.0801389 0.030625 0.0411111 0.237183
0 0.434063 0.0497222 0.011875 0.0191667 0.2323
0 0.470625 0.0636111 0.03875 0.0266667 0.226807
0 0.339375 0.0765972 0.011875 0.0202778 0.219971
7 0.94625 0.215417 0.00499999 0.0191667 0.21936
5 0.803125 0.0447222 0.0475 0.0516667 0.213379
0 0.4075 0.0488194 0.01375 0.0181944 0.209473
0 0.500313 0.0272222 0.010625 0.0184722 0.208862
2 0.61125 0.0372917 0.010625 0.02 0.19873
0 0.34625 0.0845833 0.02125 0.0188889 0.19812
7 0.0690234 0.298889 0.00398437 0.0155555 0.194946
0 0.42375 0.0449306 0.0125 0.0163889 0.190063
3 0.715625 0.168472 0.00874996 0.0652778 0.187744
7 0.0664063 0.298333 0.00445313 0.0144444 0.180054
0 0.739375 0.0523611 0.0275 0.0188889 0.176636
0 0.895 0.0891667 0.03375 0.0291667 0.176147
0 0.70125 0.0575694 0.03875 0.0255556 0.173828
3 0.72375 0.168611 0.01375 0.0644445 0.17334
0 0.353125 0.0627778 0.01375 0.0180556 0.158203
0 0.70125 0.0536111 0.04 0.0194444 0.156128
0 0.493125 0.0122917 0.00812499 0.0125 0.146118
0 0.3825 0.0461806 0.015 0.0191667 0.141724
2 0.103125 0.211389 0.0071875 0.0194444 0.141235
2 0.608125 0.0385417 0.0125 0.0229167 0.140869
7 0.74875 0.129444 0.00499999 0.0166667 0.11438
0 0.42875 0.0575 0.0175 0.0208333 0.110107
7 0.746875 0.126111 0.00499999 0.0191667 0.110107
0 0.492188 0.0248611 0.0125 0.0148611 0.107056
0 0.00779297 0.281667 0.0142578 0.02 0.105225
0 0.4875 0.0564583 0.0275 0.02375 0.100525
2 0.194688 0.176389 0.0115625 0.0261111 0.0991211
0 0.193438 0.188889 0.041875 0.0338889 0.0939941
0 0.8925 0.0811111 0.0275 0.0225 0.093689
7 0.257656 0.263889 0.0078125 0.0288889 0.092041
0 0.425 0.0339583 0.00874999 0.0158333 0.088501
7 0.944375 0.232778 0.00500005 0.0227778 0.0766602
7 0.155313 0.225278 0.00406249 0.0102778 0.0675659
7 0.0753906 0.296944 0.0046875 0.0166667 0.0658569
0 0.3825 0.0670833 0.01875 0.0244444 0.0594177
0 0.2 0.176389 0.026875 0.0333333 0.0522461
0 0.00908691 0.328333 0.0175488 0.0355555 0.0522461
7 0.0666406 0.306944 0.00460937 0.0183333 0.0514526
7 0.7725 0.141667 0.00625 0.0177778 0.0497742
0 0.588438 0.0655556 0.040625 0.0308333 0.0487671
3 0.195938 0.155278 0.00499999 0.0191667 0.0486755
0 0.0103711 0.282222 0.0132813 0.0188889 0.0484924
7 0.65625 0.0522222 0.00375004 0.0134722 0.0481262
7 0.0845313 0.294167 0.00390625 0.0127778 0.0481262
7 0.275 0.126806 0.00562499 0.0205556 0.0463867
0 0.74375 0.0558333 0.0275 0.0233333 0.0460205
2 0.596875 0.0461806 0.00750001 0.0191667 0.0451965
0 0.4925 0.0399306 0.0175 0.0245833 0.0446777
7 0.70875 0.0761111 0.00999997 0.0161111 0.0433655
2 0.8475 0.0458333 0.00749995 0.0236111 0.0374756
5 0.819375 0.0473785 0.04625 0.0477431 0.036499
0 0.72875 0.0515972 0.03 0.0188889 0.0352783
0 0.791875 0.0608333 0.03375 0.0238889 0.0352783
7 0.146484 0.220833 0.00406251 0.0133333 0.0346069
0 0.43125 0.0251042 0.0125 0.0134722 0.0346069
7 0.65125 0.0552778 0.00250003 0.0113889 0.029541
3 0.10125 0.209722 0.0075 0.0236111 0.029541
0 0.4425 0.0413194 0.01125 0.0170833 0.0293121
7 0.146563 0.2125 0.00406251 0.0138889 0.0284424
0 0.9 0.0918056 0.04 0.0297222 0.0281067
2 0.2875 0.116389 0.009375 0.0238889 0.0259552
0 0.443125 0.0327431 0.00874999 0.0157639 0.0254669
0 0.77125 0.0641667 0.0425001 0.025 0.0251312
0 0.011875 0.324444 0.0226563 0.03 0.0248871
0 0.3325 0.0922222 0.0225 0.0211111 0.0246124
7 0.75375 0.166111 0.00750001 0.0222222 0.0243378
0 0.4175 0.0344097 0.009375 0.0145139 0.0227966
0 0.84125 0.0706944 0.0325 0.025 0.0222931
2 0.391563 0.0731944 0.02125 0.0236111 0.0214539
0 0.390625 0.0719444 0.0175 0.0247222 0.0213623
0 0.492813 0.0572917 0.01875 0.0244444 0.0212097
7 0.67 0.0500694 0.00250003 0.0148611 0.0210419
0 0.7225 0.0575 0.02125 0.0238889 0.02034
3 0.234688 0.13375 0.00374999 0.0197222 0.0197144
2 0.52125 0.0527083 0.01125 0.0209722 0.0196381
7 0.225625 0.156667 0.00375001 0.0127778 0.0195618
0 0.00560059 0.299167 0.010498 0.0277778 0.0190582
7 0.0323242 0.377778 0.00628907 0.0177778 0.0189056
3 0.848125 0.0468229 0.01125 0.0274653 0.0181885
2 0.571875 0.0229167 0.01125 0.0148611 0.0162201
2 0.854375 0.0463194 0.00750001 0.0259722 0.0160217
0 0.41375 0.0584722 0.015625 0.0202778 0.0159607
0 0.84 0.0733333 0.03875 0.0280556 0.0159607
3 0.2575 0.268056 0.009375 0.0377778 0.0154877
5 0.796875 0.0439583 0.035 0.0440278 0.0153656
0 0.500625 0.0173264 0.01 0.0152083 0.0151291
3 0.104219 0.219167 0.0075 0.0238889 0.0150146
7 0.00950684 0.373056 0.0037793 0.0188889 0.0146179
2 0.695 0.03125 0.00499999 0.0134722 0.0140076
0 0.79875 0.0514063 0.045 0.0385764 0.0137405
0 0.395625 0.107014 0.043125 0.0406944 0.0134811
3 0.184375 0.154583 0.004375 0.0225 0.0134811
0 0.396563 0.100486 0.04 0.0295833 0.0132751
3 0.307656 0.229444 0.0121875 0.0505555 0.0130234
3 0.261719 0.271111 0.0090625 0.0372222 0.01297
3 0.311563 0.231389 0.019375 0.0472222 0.0129242
2 0.00999512 0.275 0.0093457 0.0205555 0.0126266
0 0.394063 0.07875 0.025625 0.02 0.0125275
2 0.379688 0.1275 0.010625 0.0277778 0.0121918
0 0.60375 0.0670139 0.0375 0.0281944 0.0115967
0 0.499375 0.00602431 0.00750001 0.0120486 0.0111618
2 0.385625 0.126111 0.0225 0.0333333 0.0108185
3 0.180625 0.151111 0.005 0.0261111 0.0104523
7 0.64625 0.0508333 0.00250003 0.0119444 0.0103302
0 0.825 0.0697917 0.0475 0.0313889 0.0101318
2 0.0989062 0.212222 0.0110938 0.0211111 0.0101318
7 0.70875 0.0867361 0.00749995 0.0179167 0.00974274
7 0.00422363 0.385 0.00545898 0.0172222 0.00963593
0 0.339375 0.0684722 0.013125 0.0155556 0.00912476
7 0.655625 0.0582639 0.00374997 0.01375 0.00908661
7 0.254375 0.136389 0.00375001 0.0122222 0.00891876
7 0.115469 0.258889 0.004375 0.0172222 0.00891876
2 0.125938 0.188333 0.011875 0.02 0.00837708
7 0.105313 0.256042 0.011875 0.0290278 0.008255
0 0.39375 0.0858333 0.033125 0.0263889 0.00772476
0 0.0188965 0.291667 0.0278711 0.0266667 0.00763702
7 0.71125 0.197639 0.00499999 0.0263889 0.00743103
7 0.124688 0.226528 0.00296876 0.0119444 0.0069313
7 0.675 0.0575694 0.00499999 0.0177778 0.0068512
7 0.0457422 0.357222 0.00484375 0.0188889 0.00664139
3 0.262344 0.276389 0.0109375 0.0494444 0.00653839
2 0.885 0.0545833 0.00875003 0.02 0.00641251
3 0.73125 0.126111 0.00499999 0.0327778 0.00629044
2 0.133281 0.186667 0.00859376 0.0216667 0.00619125
0 0.345 0.0934722 0.0225 0.0223611 0.00609589
2 0.207188 0.142778 0.00750001 0.0188889 0.00598145
2 0.0150586 0.261944 0.0123047 0.0205555 0.00591278
0 0.0223242 0.258889 0.0264063 0.0327778 0.00588989
3 0.234063 0.125972 0.0046875 0.0233333 0.005867
0 0.487188 0.0122917 0.00687501 0.00944444 0.00568771
0 0.00604492 0.311667 0.011875 0.0266667 0.00564194
3 0.7175 0.152222 0.015 0.0555556 0.00548935
2 0.58375 0.0255208 0.009375 0.014375 0.0053215
2 0.208438 0.162222 0.011875 0.0261111 0.00526047
7 0.725625 0.267222 0.00625 0.0177778 0.00518036
0 0.3125 0.0756944 0.03 0.0305556 0.00502014
0 0.200625 0.185833 0.0303125 0.0305556 0.00494385
2 0.578125 0.0239583 0.01375 0.0144444 0.0049057
3 0.735 0.159722 0.00999997 0.0683333 0.0049057
2 0.276094 0.105833 0.00687501 0.0186111 0.00482941
7 0.124688 0.242778 0.0034375 0.0127778 0.00482941
7 0.955 0.265 0.00499999 0.0222222 0.00482941
7 0.505313 0.304444 0.074375 0.128333 0.0046463
2 0.205625 0.153056 0.01125 0.0244444 0.00457382
7 0.149219 0.200556 0.005 0.0183333 0.00457382
2 0.311406 0.225833 0.0190625 0.0572222 0.00432968
2 0.21375 0.142222 0.00531251 0.0169444 0.0042305
3 0.733125 0.122188 0.00625 0.0267361 0.00416565
2 0.73375 0.112083 0.00999997 0.0413889 0.00413513
3 0.0132813 0.339722 0.00617188 0.0322222 0.00400543
3 0.61 0.0304861 0.00625 0.0273611 0.00388527
2 0.524375 0.0561111 0.0125 0.0252778 0.0037365
0 0.34375 0.100139 0.03625 0.0313889 0.00363541
3 0.7125 0.182778 0.00750001 0.0583333 0.00362206
3 0.23125 0.131111 0.0046875 0.0205556 0.00358009
3 0.735625 0.164444 0.00750001 0.065 0.00353813
2 0.365938 0.0804167 0.019375 0.0272222 0.00348282
0 0.995 0.121389 0.00999997 0.0297222 0.00345612
0 0.203125 0.169167 0.02625 0.0322222 0.00345612
0 0.7475 0.0661111 0.0325 0.0225 0.00342941
3 0.451875 0.194861 0.009375 0.0313889 0.00332451
2 0.165313 0.175139 0.005 0.0180556 0.00331116
7 0.94125 0.218333 0.00500005 0.0177778 0.00327301
7 0.2475 0.290278 0.0078125 0.0316666 0.00312424
2 0.154063 0.174722 0.00562499 0.0172222 0.00288963
2 0.88125 0.0607639 0.0125 0.0245833 0.0028553
2 0.169688 0.165556 0.00874999 0.0211111 0.0028553
7 0.40875 0.346667 0.075 0.128333 0.00284576
0 0.63125 0.390556 0.06 0.0377778 0.00282288
7 0.154063 0.211806 0.0046875 0.0138889 0.00273705
3 0.109219 0.201111 0.0053125 0.0211111 0.00273705
0 0.0296094 0.293333 0.0260938 0.0277778 0.00273705
0 0.91 0.0972222 0.04125 0.0288889 0.00271416
2 0.597188 0.0398437 0.0125 0.0250347 0.00265312
0 0.534688 0.0502083 0.03125 0.0234722 0.00263214
0 0.99 0.119167 0.0199999 0.0241667 0.00258064
7 0.0278906 0.380556 0.0065625 0.0177778 0.00257111
0 0.473125 0.0601389 0.048125 0.0330556 0.00253105
0 0.995 0.132222 0.00999997 0.0427778 0.00248146
2 0.0363086 0.246389 0.00808594 0.0216667 0.00239754
0 0.85625 0.0768056 0.0425 0.0252778 0.00234985
2 0.197812 0.169722 0.02375 0.0277778 0.00233269
2 0.6575 0.0385938 0.00499999 0.0236458 0.00232315
7 0.715 0.0775 0.00749995 0.0148611 0.00232315
2 0.243438 0.137778 0.005 0.0147222 0.00223351
7 0.135469 0.240833 0.00406249 0.0122222 0.00221634
7 0.095625 0.268889 0.00640624 0.0266667 0.00218201
0 0.886875 0.083125 0.03 0.0223611 0.00214958
2 0.31375 0.222083 0.024375 0.0625 0.00210762
7 0.7725 0.126528 0.00750001 0.0194445 0.00202751
0 0.438125 0.0141319 0.00874999 0.0133333 0.00195694
2 0.89625 0.07125 0.00999997 0.0213889 0.00195694
3 0.69125 0.0246181 0.00999997 0.0222917 0.00190449
0 0.79125 0.0357986 0.0225 0.0307639 0.00188923
0 0.0634375 0.251597 0.041875 0.0334722 0.00188923
7 0.73375 0.126944 0.00625 0.0255556 0.00188255
7 0.0360156 0.348889 0.00507813 0.02 0.00188255
2 0.383125 0.144722 0.015 0.05 0.00186729
0 0.39625 0.124167 0.045 0.035 0.00183868
5 0.82125 0.0365972 0.085 0.0591667 0.00179577
0 0.442188 0.0135417 0.00874999 0.0133333 0.00175476
0 0.58875 0.0496528 0.03375 0.0193056 0.0017004
0 0.0196875 0.273333 0.0276172 0.0344445 0.0016613
0 0.530938 0.511667 0.055 0.223333 0.0015974
0 0.383125 0.100694 0.049375 0.0313889 0.00156689
2 0.71375 0.179167 0.025 0.0619445 0.00156689
2 0.252188 0.276667 0.02 0.0455556 0.00154877
2 0.735 0.0367708 0.01375 0.0207639 0.00154305
0 0.97875 0.113924 0.0175001 0.0210417 0.00154305
0 0.50875 0.0551389 0.03 0.0272222 0.00150108
7 0.95375 0.223056 0.00500005 0.0205556 0.00150108
2 0.576875 0.0174306 0.01 0.0179167 0.00148964
0 0.587188 0.0497222 0.01875 0.0177778 0.00148964
0 0.471875 0.0208333 0.01875 0.0202778 0.0014782
2 0.74375 0.111667 0.01 0.0488889 0.00143242
7 0.185313 0.247917 0.0075 0.0386111 0.00142097
0 0.0262842 0.266944 0.0339941 0.0433333 0.00142097
3 0.130469 0.192917 0.00515625 0.0191667 0.00140476
3 0.715 0.168889 0.0325 0.0622222 0.00135612
2 0.0796094 0.233889 0.0160937 0.0294444 0.00132465
7 0.6875 0.0831944 0.0125 0.0258333 0.00132465
0 0.979375 0.142222 0.0275 0.0266667 0.00130463
7 0.266875 0.127639 0.005 0.0213889 0.0012846
0 0.464375 0.0109028 0.00499999 0.00805556 0.00127411
7 0.665 0.0479861 0.00250003 0.0136111 0.00127411
5 0.7625 0.0451389 0.0525 0.0405556 0.00125504
7 0.7225 0.325556 0.1 0.128333 0.00125504
0 0.554375 0.0208333 0.02125 0.0155556 0.00124454
0 0.99625 0.0786111 0.00749995 0.0252778 0.00123501
