0 0.309063 0.807222 0.124375 0.215556 0.960449
0 0.192461 0.811111 0.138203 0.211111 0.959961
0 0.0857617 0.802222 0.136289 0.193333 0.953613
1 0.7775 0.696806 0.2525 0.441944 0.945801
0 0.199414 0.623333 0.0892969 0.113333 0.945312
0 0.658906 0.934444 0.149688 0.131111 0.944824
0 0.607813 0.651667 0.083125 0.141111 0.941406
0 0.286563 0.596667 0.08625 0.111111 0.939453
0 0.465313 0.678333 0.08125 0.155556 0.938965
0 0.243125 0.433056 0.03875 0.0544444 0.911133
0 0.48375 0.423333 0.035 0.0555556 0.910645
0 0.579375 0.399444 0.04625 0.0766667 0.908203
5 0.310625 0.366111 0.034375 0.0455556 0.901855
0 0.416875 0.437778 0.04 0.08 0.896484
0 0.441875 0.355833 0.02375 0.0333333 0.893066
0 0.15875 0.487222 0.059375 0.09 0.893066
0 0.204219 0.418333 0.0359375 0.0422222 0.891113
0 0.496563 0.359444 0.025 0.0366667 0.890137
0 0.47875 0.331389 0.02 0.0294445 0.875977
0 0.273906 0.380278 0.0290625 0.0383333 0.869629
0 0.245625 0.378889 0.02875 0.0411111 0.868164
0 0.0528516 0.439167 0.0319531 0.0311111 0.86084
0 0.139531 0.454167 0.0534375 0.0711111 0.842773
0 0.509375 0.307222 0.015 0.0188889 0.84082
0 0.459688 0.310556 0.013125 0.02 0.835449
0 0.0256836 0.456111 0.0321484 0.03 0.834473
0 0.735 0.327778 0.0425 0.03 0.830078
0 0.349063 0.327222 0.015 0.0211111 0.796875
0 0.370625 0.325278 0.01625 0.0194444 0.789062
7 0.234063 0.503333 0.0075 0.0227778 0.775879
0 0.0145605 0.452778 0.0285742 0.03 0.773438
7 0.665625 0.465556 0.00625 0.0211111 0.770508
0 0.869375 0.321667 0.03125 0.0277778 0.763672
0 0.336875 0.313333 0.011875 0.0177778 0.726562
0 0.7175 0.31 0.0325 0.0272222 0.712402
0 0.38625 0.323889 0.015 0.0205556 0.697754
0 0.48375 0.277778 0.00874999 0.0122222 0.694336
0 0.411875 0.315 0.01125 0.0194444 0.692871
0 0.80875 0.320556 0.03125 0.0211111 0.686035
2 0.00961914 0.936667 0.0191406 0.123333 0.666992
0 0.0446191 0.415556 0.017793 0.0222222 0.656738
0 0.318594 0.332222 0.0146875 0.0211111 0.647949
2 0.193125 0.375833 0.0075 0.0233333 0.644043
0 0.40125 0.321111 0.015 0.0244444 0.616699
7 0.74875 0.414444 0.00499999 0.0166667 0.607422
7 0.0230469 0.5275 0.0046875 0.0161111 0.605957
0 0.288438 0.359444 0.0209375 0.0272222 0.598145
7 0.676875 0.476111 0.00625 0.02 0.592773
7 0.925 0.456667 0.00499999 0.0155555 0.57959
7 0.74625 0.399444 0.00250003 0.0144444 0.554688
0 0.00680176 0.402778 0.0134277 0.0244444 0.548828
0 0.92375 0.328333 0.025 0.0177778 0.546875
7 0.728125 0.438333 0.00625 0.02 0.516602
0 0.478438 0.293056 0.01125 0.0144444 0.486328
5 0.376875 0.301944 0.01625 0.0305556 0.480469
0 0.366563 0.316111 0.010625 0.0177778 0.474609
0 0.955 0.333889 0.0225 0.0177778 0.470703
0 0.320938 0.345556 0.0175 0.0227778 0.460938
7 0.723125 0.401944 0.00499999 0.0177778 0.44751
0 0.346875 0.312222 0.01125 0.0183333 0.424316
0 0.468125 0.291111 0.00874999 0.0144444 0.418701
0 0.320313 0.332222 0.0175 0.0244444 0.407227
7 0.68375 0.353333 0.00500005 0.0122222 0.403564
0 0.356875 0.315 0.0125 0.02 0.397949
0 0.410625 0.309444 0.0125 0.0188889 0.384033
0 0.389688 0.304444 0.0125 0.02 0.383057
0 0.483125 0.313333 0.01375 0.0233333 0.379395
0 0.748125 0.325556 0.03375 0.0266667 0.379395
0 0.515 0.284444 0.00874999 0.0155555 0.377441
0 0.810625 0.323333 0.0325 0.0222222 0.37207
0 0.387813 0.313333 0.014375 0.0188889 0.370117
7 0.923125 0.466667 0.00499999 0.0161111 0.363037
0 0.00988281 0.937778 0.0195703 0.122222 0.355713
3 0.65625 0.335833 0.00499999 0.0311111 0.354004
7 0.73875 0.4225 0.00499999 0.0188889 0.335449
7 0.125781 0.417778 0.0034375 0.0122222 0.320801
0 0.506875 0.272222 0.00874999 0.0111111 0.320801
0 0.41375 0.295556 0.00874999 0.0144444 0.310791
0 0.48 0.295 0.0125 0.0177778 0.297363
0 0.43375 0.273889 0.00750001 0.00999999 0.295898
0 0.405 0.296389 0.010625 0.0144444 0.287842
0 0.3925 0.293611 0.01125 0.0161111 0.282959
0 0.47625 0.280833 0.00874999 0.0133333 0.269043
0 0.3475 0.307222 0.00874999 0.0133333 0.255371
0 0.72625 0.500278 0.0525 0.0611111 0.242188
0 0.0209961 0.455 0.0322266 0.03 0.226807
0 0.124844 0.463333 0.0328125 0.0411111 0.225464
7 0.736875 0.4275 0.00500005 0.0183333 0.220703
0 0.507188 0.275 0.00750001 0.01 0.218018
1 0.484375 0.261111 0.00812502 0.0144444 0.19873
7 0.220938 0.517778 0.00874999 0.0244445 0.19873
0 0.0145508 0.446667 0.0261328 0.025 0.194946
0 0.386563 0.298889 0.010625 0.0211111 0.187134
0 0.368125 0.295 0.01 0.0155555 0.158691
3 0.64875 0.312778 0.00499999 0.0222222 0.15564
0 0.00469238 0.407778 0.00938477 0.0288889 0.153564
0 0.418125 0.283889 0.00812499 0.0133333 0.151978
7 0.66625 0.3525 0.00499999 0.0111111 0.151001
7 0.0463281 0.476667 0.00375 0.0133333 0.150513
7 0.0635156 0.471111 0.00453125 0.0133333 0.1427
5 0.416875 0.281111 0.00874999 0.0144444 0.141724
0 0.467813 0.282778 0.00812502 0.0144444 0.136597
7 0.745 0.42 0.00374997 0.015 0.131226
2 0.6475 0.311667 0.00499999 0.0205556 0.128052
0 0.49375 0.260556 0.00625 0.00888889 0.124207
0 0.405 0.281111 0.00812499 0.00999999 0.119995
0 0.475625 0.263056 0.00687501 0.0122222 0.11438
0 0.13125 0.458333 0.045625 0.0566667 0.107422
0 0.44375 0.263611 0.00500002 0.00888887 0.104126
0 0.313438 0.338333 0.01875 0.0233333 0.0997925
7 0.0486719 0.477778 0.00375 0.0122222 0.0997925
0 0.431563 0.272222 0.00625 0.01 0.0943604
7 0.634375 0.328889 0.003125 0.0111111 0.0923462
7 0.635938 0.316944 0.00375004 0.0122222 0.0869141
0 0.73875 0.509167 0.07 0.0794445 0.0869141
0 0.309375 0.365 0.0325 0.0455556 0.0863037
7 0.144375 0.416944 0.00421874 0.0105556 0.083313
2 0.571875 0.295833 0.00750001 0.015 0.0761108
2 0.189375 0.373611 0.0115625 0.0266667 0.0700684
0 0.309063 0.3375 0.014375 0.0227778 0.0663452
0 0.49 0.268889 0.00499999 0.01 0.0614319
7 0.128906 0.414444 0.0034375 0.0122222 0.0600891
7 0.0558594 0.472778 0.0040625 0.0133334 0.0587769
0 0.480313 0.316389 0.016875 0.0272222 0.0566406
0 0.425938 0.277778 0.00625 0.01 0.0562439
0 0.125 0.458889 0.0328125 0.0588889 0.0549927
0 0.469375 0.268611 0.00625 0.00777777 0.0469055
2 0.187656 0.375556 0.010625 0.0277778 0.0463867
0 0.162656 0.44 0.03875 0.05 0.0423889
7 0.67125 0.478056 0.00500005 0.0188889 0.0423889
0 0.393125 0.281667 0.00812502 0.00999999 0.0409851
0 0.321875 0.338889 0.018125 0.0188889 0.0403748
0 0.378125 0.290556 0.009375 0.0138889 0.0387573
0 0.0403809 0.418889 0.0254883 0.0255556 0.0379028
7 0.22 0.51 0.00687501 0.0294444 0.0367737
0 0.161211 0.455556 0.0369531 0.0461111 0.036499
0 0.793125 0.545417 0.05125 0.0802778 0.0324707
7 0.144453 0.408056 0.00406249 0.0133333 0.0314941
0 0.0461328 0.418611 0.0221094 0.0227778 0.03125
3 0.219688 0.359444 0.00406249 0.015 0.0284424
0 0.95625 0.34 0.02625 0.0238889 0.0238647
0 0.525938 0.275 0.00625 0.01 0.0236053
7 0.00809082 0.541667 0.00663086 0.0177778 0.0233307
7 0.210313 0.370556 0.00375001 0.0155555 0.0230713
2 0.244063 0.354722 0.00625 0.0177778 0.0227966
0 0.303125 0.360556 0.025625 0.0333333 0.0227966
0 0.53375 0.279444 0.00625 0.00999999 0.0222015
0 0.7475 0.517222 0.055 0.09 0.0220337
0 0.78875 0.525 0.065 0.0933333 0.0216217
0 0.287813 0.363889 0.018125 0.03 0.0214539
3 0.695 0.444444 0.00999997 0.0572222 0.02034
0 0.91875 0.333611 0.025 0.0172222 0.0182953
2 0.235469 0.356667 0.005 0.0194444 0.0175171
7 0.565 0.316111 0.00374997 0.01 0.0174408
0 0.335625 0.311111 0.01375 0.0188889 0.0171051
0 0.526875 0.271111 0.00812499 0.0105555 0.016922
3 0.163438 0.38 0.005 0.0255556 0.0168457
0 0.7925 0.557778 0.0575 0.104444 0.0168457
7 0.14875 0.41 0.004375 0.0111111 0.0168457
0 0.485 0.309167 0.0125 0.0205555 0.0157776
3 0.249531 0.337778 0.00531249 0.0177778 0.0156708
0 0.335625 0.330556 0.0125 0.0177778 0.0146713
0 0.86375 0.301111 0.0125 0.0138889 0.0142288
3 0.7175 0.451111 0.00625 0.0233333 0.0123825
0 0.408438 0.272222 0.00749998 0.0116667 0.0122375
3 0.176719 0.37 0.00531251 0.0188889 0.0116882
0 0.465625 0.263333 0.00437498 0.01 0.0115967
7 0.124766 0.408333 0.0034375 0.0155556 0.0113754
0 0.6775 0.501667 0.05 0.0572222 0.0113754
7 0.224688 0.366667 0.0034375 0.0122222 0.0113297
0 0.353125 0.296667 0.00749998 0.01 0.0111618
0 0.0421484 0.413056 0.0229688 0.0233333 0.0106125
7 0.265313 0.3475 0.00437501 0.0122222 0.0105667
3 0.170156 0.3725 0.00531251 0.0188889 0.0104065
0 0.3275 0.316667 0.00874999 0.0138889 0.0101318
7 0.755 0.414444 0.00499999 0.0161111 0.00963593
7 0.778125 0.351944 0.00625 0.0216667 0.00963593
7 0.73375 0.431389 0.00500005 0.0177778 0.00945282
0 0.29 0.349444 0.0178125 0.0233333 0.00933838
7 0.66875 0.345556 0.00499999 0.0166667 0.00912476
7 0.594688 0.311111 0.00374997 0.0122222 0.00891876
0 0.169961 0.447778 0.0432031 0.04 0.00861359
0 0.960625 0.336111 0.025 0.0177778 0.00857544
0 0.7575 0.525556 0.0475 0.08 0.00834656
3 0.77625 0.352778 0.00750001 0.0255556 0.00815582
0 0.80125 0.57 0.075 0.118889 0.00706482
7 0.219375 0.518889 0.009375 0.0233333 0.00671768
0 0.48375 0.338889 0.01875 0.0344444 0.00664139
0 0.91125 0.335 0.02 0.0166667 0.0064888
0 0.504375 0.262222 0.00499999 0.00888887 0.00643921
0 0.282344 0.357778 0.0184375 0.0244444 0.00605011
3 0.164531 0.373889 0.004375 0.0233333 0.00572968
0 0.51375 0.288889 0.01 0.0155556 0.00548935
0 0.77125 0.511667 0.1 0.09 0.00534439
0 0.810625 0.330556 0.03125 0.0244444 0.00534439
0 0.48125 0.350556 0.021875 0.0511111 0.00530243
0 0.455 0.312222 0.01375 0.0255555 0.00530243
0 0.421563 0.298056 0.009375 0.0155556 0.00519943
0 0.0144141 0.435556 0.0263281 0.03 0.00508118
7 0.204375 0.370556 0.00375001 0.0144444 0.00484848
0 0.869375 0.327778 0.0300001 0.0288889 0.0042305
3 0.646875 0.306111 0.00625 0.0255556 0.00400543
0 0.42125 0.308611 0.01 0.0183333 0.00400543
3 0.213906 0.354444 0.004375 0.0188889 0.00382423
0 0.40625 0.263611 0.00625 0.0127778 0.0037365
7 0.136406 0.42 0.004375 0.0111111 0.0037365
0 0.165625 0.433889 0.0371875 0.0466667 0.0037365
0 0.515 0.263611 0.00375001 0.00944446 0.00362206
0 0.44875 0.267778 0.00625 0.0111111 0.00359344
7 0.0304297 0.473056 0.00804688 0.03 0.00345612
0 0.821875 0.57 0.05875 0.112222 0.00335121
2 0.63625 0.301667 0.00437501 0.0177778 0.00333786
0 0.472813 0.301111 0.015 0.02 0.00332451
2 0.65375 0.327222 0.00499999 0.0322222 0.00327301
7 0.204688 0.381667 0.004375 0.0144444 0.00322342
0 0.81 0.562778 0.0475 0.101111 0.00316048
0 0.162227 0.4725 0.0480469 0.085 0.00307465
0 0.499063 0.282778 0.01 0.0166667 0.00307465
0 0.753125 0.333333 0.04125 0.0244444 0.0030632
3 0.65125 0.334722 0.00499999 0.0266667 0.00302696
0 0.410313 0.322222 0.01125 0.02 0.00293541
7 0.6075 0.651667 0.0825 0.138889 0.00284576
0 0.66875 0.496944 0.0325 0.0511112 0.00277901
3 0.179688 0.362778 0.0059375 0.0177778 0.0027256
0 0.9225 0.324444 0.0275 0.0266667 0.00265312
0 0.495313 0.273056 0.00687501 0.0122222 0.0024929
7 0.595937 0.300833 0.00437501 0.0133333 0.00245285
0 0.965 0.351667 0.0275 0.0277778 0.00245285
3 0.69625 0.442222 0.0125 0.0666667 0.00243378
0 0.460313 0.288611 0.011875 0.0161111 0.0024147
2 0.62375 0.297778 0.00499999 0.0133333 0.00239754
7 0.67375 0.466667 0.00499999 0.0272222 0.00239754
3 0.486875 0.382778 0.00750001 0.0255556 0.00226021
0 0.965 0.335556 0.025 0.0177778 0.00225258
2 0.154844 0.37 0.0059375 0.0188889 0.00220871
7 0.615 0.33 0.00374997 0.0111111 0.00214958
0 0.0278516 0.424444 0.0148438 0.0238889 0.00214958
0 0.7575 0.328333 0.0375 0.0255556 0.00213242
0 0.80875 0.315 0.0300001 0.0233333 0.00211525
0 0.9225 0.34 0.0300001 0.0266667 0.0020504
0 0.172344 0.454444 0.039375 0.0466667 0.00196457
2 0.56875 0.297222 0.010625 0.0133333 0.00195694
3 0.785 0.311111 0.00374997 0.0144444 0.00185299
0 0.348438 0.330556 0.015625 0.0222222 0.00185299
0 0.0257471 0.448611 0.0332715 0.0283333 0.00183105
7 0.224688 0.354444 0.00375001 0.0166667 0.00182438
7 0.634375 0.346667 0.00375004 0.0122222 0.00176811
0 0.890625 0.335278 0.02625 0.0172222 0.00175476
7 0.0153711 0.485 0.00484375 0.0238889 0.00174141
0 0.00558106 0.396667 0.0111621 0.0294444 0.00165462
0 0.77125 0.540556 0.0275 0.0833333 0.00161648
0 0.98625 0.332778 0.00750001 0.0133333 0.00152493
0 0.169219 0.428889 0.045625 0.0466667 0.00147247
7 0.154219 0.405278 0.00421875 0.0116667 0.00146675
7 0.543125 0.297222 0.00625 0.0122222 0.00144958
0 0.99625 0.316111 0.00749995 0.0222222 0.00144386
0 0.72 0.305 0.03125 0.0227778 0.00143242
3 0.59125 0.302778 0.00499999 0.0155556 0.00143242
3 0.254531 0.331111 0.00531251 0.0233333 0.00139904
0 0.046709 0.41 0.0193945 0.02 0.00138855
0 0.435625 0.263889 0.00499999 0.01 0.00134563
0 0.443125 0.273056 0.00625 0.0122222 0.00134087
0 0.00839355 0.395556 0.0166504 0.0266667 0.00133514
0 0.7475 0.530833 0.065 0.115 0.00131512
0 0.524688 0.263333 0.00499999 0.00944443 0.00129986
0 0.69375 0.500278 0.03625 0.0583334 0.00129414
7 0.135703 0.406667 0.003125 0.0111111 0.00128937
2 0.71625 0.387778 0.01375 0.0355556 0.00123978
2 0.77375 0.313889 0.00499999 0.0177778 0.00123501
0 0.709375 0.316111 0.03125 0.02 0.00121593
0 0.77125 0.55125 0.0575 0.106389 0.00121593
3 0.579688 0.287778 0.00562496 0.0133333 0.00121593
3 0.78375 0.302222 0.00500005 0.0177778 0.00119209
7 0.165625 0.402778 0.00374999 0.0122222 0.00118828
2 0.6775 0.295556 0.00749995 0.0144444 0.00117874
3 0.584375 0.294444 0.00499999 0.0144444 0.0011692
3 0.71625 0.447778 0.00499999 0.0266667 0.00113773
7 0.0259766 0.478333 0.00554687 0.0355556 0.00113773
0 0.745 0.317778 0.035 0.0355556 0.00113773
0 0.00550781 0.371389 0.0110156 0.0238889 0.00112438
2 0.215156 0.364444 0.0034375 0.015 0.0011158
3 0.545313 0.276667 0.00375004 0.00999999 0.00109863
