0 0.652344 0.851111 0.147812 0.266667 0.963867
0 0.31875 0.82 0.13375 0.235556 0.960449
0 0.468125 0.888889 0.13875 0.22 0.955078
0 0.76125 0.773889 0.1375 0.202222 0.954102
0 0.58125 0.593333 0.075 0.113333 0.95166
0 0.197773 0.631111 0.100078 0.115556 0.944824
0 0.485 0.618333 0.075 0.134444 0.938965
0 0.684375 0.595556 0.09125 0.117778 0.938477
0 0.385625 0.626667 0.07625 0.12 0.928223
1 0.89375 0.852222 0.21 0.295556 0.915039
0 0.794375 0.433889 0.0425001 0.0611111 0.88623
0 0.245938 0.356667 0.028125 0.0233333 0.845703
7 0.235938 0.505 0.00687499 0.0233333 0.834473
0 0.295313 0.333611 0.0190625 0.0233333 0.817383
0 0.161914 0.385 0.0324219 0.0255555 0.790527
0 0.33875 0.333611 0.016875 0.0227778 0.785156
0 0.197031 0.408611 0.0471875 0.0377778 0.779785
0 0.745 0.333889 0.04 0.0277778 0.774414
0 0.84 0.333889 0.0325 0.025 0.773438
7 0.2225 0.518889 0.0075 0.0255555 0.767578
2 0.0189453 0.503056 0.0176953 0.0338889 0.753418
0 0.402188 0.323889 0.015625 0.0227778 0.733887
0 0.71875 0.323333 0.0325 0.0266667 0.732422
2 0.24875 0.417778 0.02125 0.0411111 0.730957
0 0.365625 0.327222 0.01625 0.0233333 0.725098
0 0.350313 0.326667 0.015625 0.02 0.708984
2 0.476563 0.352778 0.016875 0.0355555 0.705566
7 0.750625 0.415556 0.00625 0.0183333 0.699219
0 0.3925 0.308889 0.0125 0.0188889 0.694336
0 0.79 0.328889 0.0300001 0.0244445 0.689453
7 0.0244336 0.528889 0.00523438 0.0166667 0.689453
0 0.74 0.313889 0.0300001 0.0211111 0.679199
0 0.415625 0.311667 0.01125 0.0188889 0.668945
2 0.124375 0.388611 0.01125 0.0194444 0.663574
7 0.6675 0.465 0.00499999 0.0233334 0.622559
2 0.0478125 0.475556 0.0145313 0.0361111 0.609375
2 0.735625 0.388889 0.0225 0.0461111 0.600098
0 0.346875 0.3175 0.011875 0.0166667 0.594727
0 0.383438 0.314444 0.0125 0.02 0.569824
7 0.678125 0.480556 0.00750001 0.0261111 0.558105
5 0.385 0.293056 0.0175 0.0305556 0.550781
0 0.775 0.324444 0.0325 0.0222222 0.539062
5 0.0178711 0.461111 0.0355078 0.0461111 0.533203
0 0.375625 0.319722 0.01125 0.0183333 0.519531
7 0.145859 0.418611 0.00359375 0.0111111 0.480469
0 0.403125 0.282222 0.00874999 0.0111111 0.44751
2 0.0500781 0.472222 0.0178125 0.0322222 0.445557
2 0.57625 0.316667 0.01125 0.02 0.443604
7 0.729375 0.439444 0.00625 0.02 0.435059
0 0.0242188 0.428611 0.0226953 0.0205556 0.42627
0 0.405313 0.298889 0.009375 0.0166667 0.413086
0 0.433438 0.274444 0.00687501 0.01 0.411133
2 0.475 0.341111 0.01625 0.0244444 0.366699
2 0.249531 0.403333 0.020625 0.0288889 0.364746
0 0.7225 0.326111 0.03875 0.0277778 0.345215
0 0.735 0.330556 0.0375 0.0277778 0.317383
0 0.395938 0.297222 0.01125 0.0177778 0.310791
5 0.364688 0.301667 0.010625 0.0222222 0.309082
7 0.73875 0.427778 0.00499999 0.0211111 0.305664
0 0.510625 0.280278 0.01 0.0127778 0.29248
0 0.0236914 0.433611 0.0236328 0.0261111 0.279785
0 0.375625 0.3225 0.01375 0.02 0.256836
0 0.0284326 0.451667 0.0321973 0.0311111 0.256836
7 0.735 0.432222 0.00499999 0.0188889 0.237915
7 0.72625 0.398611 0.00499999 0.0238889 0.236572
0 0.50875 0.276111 0.00874999 0.0122222 0.224731
7 0.125938 0.421667 0.00437501 0.00999999 0.195557
0 0.413125 0.308889 0.01375 0.0194444 0.191284
2 0.6225 0.315 0.00875003 0.0205556 0.166626
0 0.448438 0.266667 0.00562499 0.01 0.164551
5 0.365625 0.306111 0.011875 0.0222222 0.162964
7 0.0647656 0.475 0.004375 0.0138889 0.160278
0 0.508125 0.271944 0.00625 0.0111111 0.158203
0 0.0252686 0.437222 0.0264941 0.0327778 0.155029
0 0.00337891 0.448333 0.00663086 0.0322222 0.148071
0 0.0428223 0.461111 0.0306055 0.0311111 0.129395
7 0.745 0.424444 0.00499999 0.0166667 0.119629
7 0.7375 0.428056 0.00625 0.0194444 0.119202
0 0.0489941 0.466111 0.0218555 0.0322222 0.11676
7 0.635625 0.332778 0.00374997 0.0122222 0.116333
7 0.684375 0.35 0.00375004 0.0116667 0.113953
5 0.0307422 0.441111 0.0373438 0.0377778 0.104858
7 0.205313 0.384444 0.003125 0.00888889 0.100159
2 0.578125 0.315 0.015 0.0211111 0.0997925
6 0.735 0.385 0.025 0.0488889 0.0980835
2 0.0629688 0.423889 0.00609375 0.0166667 0.0900879
0 0.00638672 0.460556 0.0126563 0.0455555 0.0866089
2 0.250938 0.396389 0.0175 0.0305556 0.0856934
7 0.0103687 0.544444 0.00574707 0.02 0.0856934
0 0.42375 0.280833 0.00750001 0.0133333 0.0853882
0 0.7975 0.330278 0.03875 0.0261111 0.0838623
2 0.176563 0.4125 0.020625 0.0288889 0.0812378
0 0.37 0.305556 0.00999997 0.0188889 0.0778198
0 0.735625 0.385556 0.025 0.0461111 0.0739746
0 0.43375 0.272778 0.00874999 0.0116667 0.0718384
0 0.420625 0.282778 0.00750001 0.0155556 0.0710449
7 0.209688 0.378056 0.003125 0.0116666 0.0685425
2 0.6225 0.325556 0.00812499 0.0266667 0.0587769
0 0.475625 0.259722 0.00500002 0.00666665 0.0554199
7 0.72625 0.444722 0.00499999 0.0227778 0.0545959
0 0.341875 0.322778 0.016875 0.0216667 0.0512695
0 0.350938 0.321111 0.014375 0.0188889 0.0492249
7 0.14875 0.411667 0.00421875 0.0127778 0.0450134
0 0.50375 0.261667 0.00500002 0.00888889 0.0435181
7 0.7225 0.449444 0.00750001 0.0211111 0.0430298
5 0.380938 0.298611 0.018125 0.0272222 0.0405273
3 0.19 0.373333 0.005 0.0211111 0.0360718
7 0.7525 0.415 0.00500005 0.0177778 0.0352783
0 0.0367773 0.454444 0.0375391 0.0255555 0.0350037
2 0.7325 0.385 0.0325 0.05 0.0342407
0 0.7325 0.336389 0.03 0.0277778 0.0340881
0 0.380625 0.29 0.00874999 0.0144444 0.0340271
7 0.74375 0.427778 0.00499999 0.0227778 0.0314941
7 0.669375 0.343889 0.00374997 0.0144444 0.0304413
0 0.47625 0.275 0.00625 0.0116667 0.029541
7 0.265313 0.365 0.00374999 0.0111111 0.0287628
0 0.42125 0.308889 0.00874999 0.0166667 0.0270691
0 0.4275 0.300278 0.015 0.0211111 0.0250854
7 0.127969 0.414444 0.0059375 0.02 0.0247955
7 0.66625 0.3525 0.00499999 0.0111111 0.0223694
2 0.183125 0.409444 0.0371875 0.0344445 0.0214539
0 0.0182031 0.504722 0.0191016 0.0333333 0.0210114
0 0.0266406 0.464444 0.0252344 0.04 0.018692
0 0.12125 0.387778 0.0175 0.0205556 0.0174408
0 0.765 0.33 0.04 0.0255556 0.0171814
7 0.0127954 0.539444 0.00601074 0.0177778 0.0166626
7 0.0692188 0.481111 0.004375 0.0122222 0.0164032
0 0.0316016 0.430556 0.034375 0.0244444 0.0162811
0 0.35125 0.330833 0.015 0.0216667 0.0156021
7 0.0162305 0.530278 0.00574219 0.0172222 0.0152512
0 0.33875 0.337778 0.0175 0.0244444 0.0149536
7 0.230313 0.373889 0.00375001 0.0122222 0.0138474
7 0.654375 0.332222 0.00374997 0.0122222 0.0136871
0 0.485625 0.257222 0.00625 0.00999999 0.0134811
0 0.446875 0.264167 0.00625 0.0105555 0.0125275
0 0.469375 0.27 0.00625 0.00999999 0.0124283
0 0.465 0.275556 0.00375001 0.00944446 0.0118256
2 0.125156 0.409444 0.00875 0.03 0.0115051
7 0.605625 0.331667 0.00374997 0.0122222 0.0106125
7 0.0341797 0.485556 0.00621094 0.0222222 0.00997162
0 0.80875 0.787222 0.0425001 0.137778 0.00981903
3 0.16625 0.413889 0.00375001 0.0222222 0.00974274
7 0.675 0.330556 0.00249996 0.0144444 0.00941467
7 0.215625 0.383889 0.00374999 0.00888889 0.00941467
0 0.495625 0.264444 0.00562503 0.0111111 0.00867462
0 0.4 0.284444 0.01125 0.0144444 0.0086441
2 0.155781 0.375 0.0096875 0.0222222 0.00854492
0 0.617188 0.311667 0.02 0.02 0.00790405
0 0.0567969 0.424167 0.0185937 0.0172222 0.00763702
7 0.70875 0.400556 0.00500005 0.0272222 0.00734711
2 0.18375 0.355 0.00562499 0.0155556 0.00731659
0 0.415 0.300833 0.00874999 0.0155556 0.00717545
7 0.669375 0.472222 0.00499999 0.0255556 0.00712204
0 0.385 0.322778 0.01125 0.02 0.00666809
7 0.485 0.617778 0.07375 0.133333 0.0064888
0 0.47625 0.339444 0.019375 0.0261111 0.00609589
0 0.295 0.337778 0.0175 0.0244444 0.00593567
0 0.410625 0.323333 0.01125 0.02 0.00582123
0 0.00311523 0.426667 0.00623047 0.0211111 0.00530243
0 0.249063 0.416111 0.028125 0.0422222 0.00524139
7 0.67625 0.318333 0.00250003 0.0155555 0.00521851
2 0.575 0.321667 0.00874996 0.0233333 0.00518036
0 0.49 0.266111 0.00437501 0.0122222 0.00468063
0 0.11375 0.387778 0.021875 0.0211111 0.0046463
0 0.1825 0.370556 0.014375 0.0238889 0.00457382
0 0.174219 0.382222 0.0290625 0.0222222 0.00446701
0 0.47375 0.3375 0.02 0.0227778 0.00416565
7 0.0239063 0.534445 0.00554688 0.0233333 0.00416565
5 0.428125 0.298056 0.01625 0.0283333 0.0041008
3 0.213906 0.353889 0.00406249 0.0222222 0.00391388
7 0.22375 0.3675 0.005 0.0138889 0.00391388
3 0.550625 0.306389 0.00625 0.0205555 0.00391388
2 0.476875 0.364167 0.01375 0.0505556 0.00387001
0 0.866875 0.299167 0.00750001 0.0133333 0.00362206
0 0.8125 0.795556 0.035 0.0588889 0.00358009
2 0.574063 0.311667 0.013125 0.0211111 0.00356483
0 0.166289 0.398889 0.0336719 0.0355556 0.00353813
3 0.2175 0.427778 0.00875001 0.0244444 0.00348282
0 0.7275 0.3375 0.0375 0.0305556 0.00336266
0 0.44375 0.272778 0.00500002 0.0111111 0.00314713
2 0.471875 0.309444 0.0125 0.0233333 0.00314713
0 0.17625 0.41 0.02875 0.0333333 0.00307465
0 0.164688 0.374167 0.0296875 0.025 0.00286674
2 0.164688 0.375556 0.021875 0.0244444 0.00284576
0 0.0113379 0.49 0.0204883 0.0422222 0.00273705
1 0.851875 0.852222 0.115 0.295556 0.00266266
0 0.526875 0.278333 0.00625 0.0111111 0.00255013
7 0.134844 0.417222 0.004375 0.0144444 0.0024147
7 0.684375 0.596667 0.09125 0.115556 0.0024147
3 0.192969 0.368333 0.005 0.0155555 0.00235939
0 0.79125 0.334444 0.04 0.0322222 0.00216484
2 0.0147656 0.501667 0.0250781 0.0366667 0.00216484
0 0.614063 0.313889 0.029375 0.02 0.00213242
7 0.609688 0.336389 0.00625 0.0183333 0.00212479
7 0.274688 0.365556 0.00374997 0.0122222 0.00211525
2 0.255156 0.331667 0.00625 0.0188889 0.0020504
0 0.411875 0.268889 0.01 0.0122222 0.0020504
7 0.125234 0.434444 0.00453125 0.0144444 0.00179577
7 0.675 0.350833 0.00249996 0.00944443 0.00173378
7 0.753125 0.428611 0.00625 0.0255556 0.0017271
0 0.415 0.28 0.00750001 0.01 0.0017004
2 0.27375 0.328333 0.00687501 0.02 0.00166798
2 0.556875 0.309444 0.00750001 0.02 0.0016613
0 0.484375 0.244444 0.00500002 0.00944443 0.00163555
7 0.275313 0.349722 0.00437501 0.00944446 0.00162315
0 0.133984 0.407778 0.0201562 0.0277778 0.00161076
0 0.0261768 0.424167 0.0280371 0.0333333 0.00153637
2 0.568125 0.313889 0.00875003 0.0133333 0.00146675
7 0.755 0.408889 0.00499999 0.0194444 0.00146675
5 0.0156055 0.404167 0.00882812 0.02 0.00145531
0 0.0435938 0.44 0.0266406 0.0188889 0.00145531
7 0.616875 0.332778 0.00499999 0.015 0.00137806
3 0.204844 0.3525 0.00343749 0.0177778 0.00134563
2 0.0247998 0.406111 0.0124316 0.0188889 0.00133514
7 0.225 0.438333 0.0046875 0.0166667 0.00132465
7 0.629375 0.335 0.00499999 0.0166667 0.00130939
0 0.785625 0.325556 0.02875 0.0255556 0.00129414
7 0.655 0.351667 0.00249996 0.00999999 0.00123978
2 0.63625 0.317778 0.00750001 0.0144444 0.00119686
3 0.546563 0.313889 0.011875 0.03 0.00118351
0 0.53375 0.276111 0.00562503 0.00888887 0.00113773
0 0.775 0.315556 0.03125 0.0277778 0.0011158
0 0.183125 0.415556 0.0325 0.0355556 0.00107288
7 0.00797974 0.543889 0.00734131 0.0166667 0.00106049
0 0.72125 0.316111 0.04 0.0277778 0.00104809
5 0.0198145 0.436667 0.0378711 0.0933333 0.00104809
0 0.195 0.385 0.004375 0.0116666 0.00100803
