0 0.512188 0.858889 0.17125 0.28 0.961914
0 0.696094 0.722778 0.170313 0.367778 0.958008
0 0.81375 0.515556 0.1525 0.241111 0.957031
0 0.948125 0.898333 0.10375 0.201111 0.956543
0 0.346563 0.541667 0.11875 0.221111 0.953125
0 0.0782813 0.680556 0.155625 0.276667 0.953125
0 0.709375 0.308056 0.09625 0.119444 0.945801
0 0.4975 0.466944 0.091875 0.180556 0.942871
0 0.24875 0.94 0.159375 0.12 0.941895
0 0.507188 0.321944 0.069375 0.117778 0.933105
0 0.345625 0.195556 0.0475 0.0722222 0.925781
0 0.405313 0.342222 0.079375 0.127778 0.925293
5 0.606875 0.306181 0.12125 0.206528 0.917969
0 0.295313 0.146389 0.035 0.0377778 0.898926
0 0.381875 0.128889 0.034375 0.0386111 0.888184
0 0.89875 0.106944 0.0375 0.0333333 0.883301
0 0.543438 0.0906944 0.049375 0.0355556 0.878906
5 0.0367969 0.276736 0.0460156 0.0631944 0.878906
0 0.263594 0.14125 0.0384375 0.0358333 0.863281
0 0.714375 0.0833333 0.045 0.0333333 0.842773
2 0.626875 0.103542 0.021875 0.0381945 0.829102
0 0.0326563 0.302778 0.0315625 0.0433333 0.816406
0 0.345625 0.0826389 0.01875 0.0225 0.81543
0 0.00755859 0.325556 0.0150781 0.0288889 0.810547
7 0.256563 0.263333 0.00687499 0.0222222 0.801758
7 0.2425 0.281667 0.0075 0.025 0.79834
3 0.360625 0.379444 0.0225 0.103333 0.792969
0 0.4125 0.0729861 0.01625 0.0286111 0.782715
0 0.856875 0.0686806 0.02875 0.0236111 0.774414
0 0.75625 0.0658333 0.04 0.0286111 0.773438
0 0.196875 0.172222 0.031875 0.0333333 0.767578
1 0.090625 0.21625 0.0675 0.0802778 0.764648
7 0.7425 0.173889 0.00499999 0.0216667 0.757812
0 0.395625 0.0730556 0.018125 0.0236111 0.756348
0 0.7975 0.0636806 0.035 0.0240278 0.746094
0 0.75875 0.046875 0.0375 0.0236111 0.73877
0 0.925 0.0846528 0.02375 0.0233333 0.73877
0 0.325 0.0881944 0.01625 0.0208333 0.73584
0 0.424375 0.0590278 0.015 0.0227778 0.730957
0 0.365 0.0733333 0.0175 0.0233333 0.710449
0 0.0705469 0.262153 0.035625 0.0334722 0.656738
2 0.223594 0.152778 0.00968749 0.025 0.647949
0 0.59375 0.0331944 0.02875 0.01625 0.645996
2 0.0782813 0.281667 0.0189063 0.0388889 0.642578
0 0.38 0.0699306 0.015 0.0234722 0.622559
7 0.945 0.220417 0.00499999 0.0147222 0.618652
0 0.4325 0.0504167 0.0125 0.0179167 0.583008
1 0.35875 0.0567882 0.025 0.0380903 0.521484
7 0.751875 0.162222 0.00625 0.02 0.517578
0 0.0945508 0.228472 0.0299609 0.0363889 0.505859
0 0.7575 0.0604167 0.04 0.03 0.499023
7 0.7675 0.130833 0.00499999 0.0172222 0.494141
7 0.0280469 0.379167 0.00476563 0.0172222 0.490234
0 0.394375 0.0503472 0.0125 0.0204167 0.466797
3 0.67 0.0455382 0.00499999 0.0233681 0.449463
0 0.417188 0.0329514 0.01 0.0157639 0.434082
0 0.413438 0.0440972 0.01125 0.0186111 0.414795
7 0.701875 0.198472 0.00750001 0.0263889 0.407227
0 0.392188 0.0540972 0.0125 0.01875 0.407227
2 0.60625 0.0396528 0.01375 0.0209722 0.405518
0 0.33875 0.0806944 0.0125 0.0222222 0.403564
2 0.61375 0.0344444 0.01125 0.0198611 0.394287
0 0.431875 0.0281944 0.00874999 0.0126389 0.392334
2 0.223125 0.139306 0.00687501 0.0241667 0.379395
0 0.43125 0.0222917 0.00749998 0.0109722 0.377441
7 0.945 0.2125 0.00499999 0.0155556 0.361084
2 0.628125 0.0362153 0.009375 0.0188194 0.354004
0 0.405 0.0480556 0.0125 0.0183333 0.346924
2 0.273594 0.117917 0.01125 0.0233333 0.346924
7 0.75375 0.16 0.00750001 0.0194444 0.289307
0 0.340625 0.0767361 0.01375 0.0202778 0.269775
2 0.613438 0.0384896 0.0125 0.0202431 0.269043
7 0.753125 0.1625 0.00625 0.02 0.256836
7 0.163594 0.204722 0.00406249 0.0116667 0.256836
0 0.400625 0.0636111 0.01125 0.0204167 0.250977
0 0.423438 0.0342361 0.009375 0.0168056 0.248047
0 0.85125 0.0725 0.0375 0.0247222 0.221313
0 0.34375 0.0734722 0.01625 0.0230556 0.220703
0 0.377813 0.0666667 0.01625 0.0233333 0.219971
5 0.0907031 0.211667 0.0673437 0.0719445 0.202393
3 0.366563 0.381667 0.015625 0.1 0.19812
7 0.144063 0.211389 0.00375001 0.0122222 0.192505
7 0.7 0.202778 0.00750001 0.03 0.184814
3 0.369375 0.395833 0.01 0.0794445 0.184204
7 0.74625 0.127778 0.00500005 0.0183333 0.182373
2 0.0741406 0.290556 0.0190625 0.0311111 0.180664
0 0.375625 0.0551389 0.01625 0.0277778 0.170532
1 0.377813 0.0503472 0.01625 0.02875 0.163452
7 0.65625 0.0483333 0.00249996 0.00888889 0.149536
0 0.41125 0.0563889 0.01625 0.0179167 0.139893
0 0.379375 0.0496528 0.013125 0.0269444 0.137573
7 0.0427734 0.359444 0.00539062 0.0166667 0.134277
0 0.339375 0.0722222 0.01375 0.0191667 0.12085
0 0.0879492 0.231667 0.0244141 0.035 0.117981
0 0.455313 0.00892361 0.00562499 0.00847222 0.115967
7 0.68625 0.0794444 0.00375004 0.0122222 0.113953
0 0.538125 0.0177431 0.01 0.0153472 0.111267
7 0.0675781 0.297222 0.0065625 0.0166667 0.111267
0 0.424063 0.0491667 0.0125 0.0216667 0.101562
0 0.0119727 0.266944 0.0174609 0.0316667 0.0966797
7 0.744375 0.124722 0.00499999 0.0166667 0.093689
0 0.00874512 0.267778 0.016709 0.0233333 0.0859985
0 0.778125 0.0659722 0.0525 0.0280556 0.0859985
7 0.25625 0.266111 0.008125 0.0255556 0.0789185
0 0.442813 0.0153125 0.00687501 0.0113194 0.0766602
3 0.222031 0.145556 0.00656249 0.0244445 0.0743408
0 0.544688 0.0133333 0.00625 0.0105556 0.0736694
0 0.00566895 0.273333 0.0113379 0.0255555 0.069519
7 0.690625 0.0539583 0.00375004 0.0130556 0.0692749
0 0.606875 0.0359722 0.01375 0.0201389 0.0646362
2 0.7275 0.0351042 0.00500005 0.0164583 0.0611877
2 0.270156 0.118889 0.0121875 0.0205556 0.0603027
0 0.46 0.00524306 0.00500002 0.0104861 0.0586548
0 0.397188 0.033125 0.00812499 0.0115278 0.0566406
5 0.4375 0.0127778 0.00749998 0.0126389 0.053009
0 0.109766 0.220833 0.0304688 0.035 0.0512695
0 0.404375 0.0370486 0.01125 0.0186806 0.0490417
5 0.0932031 0.202639 0.0623438 0.055 0.0462036
0 0.0728125 0.246667 0.0304688 0.0211111 0.0413208
0 0.75 0.0645833 0.04125 0.0272222 0.0367737
0 0.43 0.0566667 0.0125 0.0188889 0.0360718
2 0.7975 0.035 0.00999997 0.0166667 0.0348816
2 0.633438 0.039375 0.020625 0.0180556 0.0346069
7 0.766875 0.125278 0.00499999 0.0183333 0.0304413
7 0.140625 0.212222 0.00390625 0.0147222 0.0293732
3 0.735625 0.0324306 0.00499999 0.0140278 0.0292053
3 0.124531 0.217083 0.004375 0.0238889 0.0283356
0 0.0296875 0.2925 0.0295313 0.0366667 0.0267639
0 0.10002 0.209167 0.0487109 0.0505556 0.0262604
0 0.0229297 0.274444 0.0203906 0.0422222 0.0261536
7 0.94125 0.218056 0.00500005 0.015 0.0247955
2 0.133125 0.174306 0.006875 0.0158333 0.0238647
2 0.63 0.0368056 0.014375 0.0194444 0.0235138
2 0.715 0.0691667 0.00749995 0.0172222 0.0222015
2 0.67125 0.0433333 0.00749995 0.0220833 0.0219421
7 0.286094 0.120556 0.00562499 0.0166667 0.0212097
3 0.295625 0.103056 0.00499999 0.0147222 0.0206451
2 0.218438 0.155556 0.009375 0.0188889 0.0179138
0 0.415 0.0693056 0.018125 0.0280556 0.016922
0 0.0964258 0.231528 0.0377734 0.0408333 0.0162201
0 0.79625 0.0695139 0.04 0.0318056 0.0156021
3 0.00637573 0.380556 0.00717041 0.0255556 0.0151901
7 0.72875 0.120833 0.00750001 0.0222222 0.0145035
7 0.0946875 0.276111 0.00390625 0.0144444 0.0143356
2 0.805 0.0351042 0.00750001 0.0165972 0.0141754
2 0.596875 0.0409722 0.00750001 0.0170833 0.0124817
3 0.118672 0.21625 0.0148438 0.0255555 0.0121918
7 0.650625 0.0536111 0.00374997 0.0113889 0.0119171
7 0.168906 0.197222 0.00375001 0.0116667 0.0116882
0 0.99625 0.123889 0.00749995 0.025 0.0116425
2 0.255469 0.124028 0.0065625 0.0186111 0.0115051
0 0.482813 0.00861111 0.00625 0.00958333 0.0108185
2 0.65625 0.0326042 0.00499999 0.0138194 0.0106964
7 0.145313 0.220278 0.0034375 0.0116667 0.0106964
0 0.426563 0.0132292 0.00625 0.0107639 0.0100555
7 0.7725 0.1475 0.00499999 0.0166667 0.00997162
0 0.0185449 0.306111 0.0147461 0.0366667 0.00930023
0 0.49875 0.00347222 0.00625 0.00694444 0.0091629
3 0.46875 0.0611111 0.00687501 0.02 0.00912476
0 0.63625 0.0406771 0.01875 0.0164236 0.00908661
7 0.76375 0.150694 0.00499999 0.0166667 0.00888062
0 0.92375 0.0881944 0.02625 0.0283333 0.00867462
0 0.9575 0.105278 0.01875 0.0172222 0.00857544
0 0.448125 0.0181597 0.00812499 0.0117361 0.0085144
7 0.69 0.186944 0.00749995 0.0233333 0.00847626
0 0.462813 0.00840278 0.00625 0.00902778 0.00831604
3 0.00470215 0.378333 0.00716797 0.0311111 0.00809479
0 0.78125 0.055625 0.0225 0.0251389 0.00796509
3 0.23 0.132222 0.004375 0.02 0.00790405
3 0.168906 0.159722 0.00562499 0.0172222 0.00775528
2 0.274375 0.10941 0.00749998 0.0228472 0.00760651
0 0.538438 0.0219097 0.011875 0.0153472 0.00728989
3 0.369375 0.374444 0.02 0.09 0.00717545
0 0.70625 0.0735417 0.02 0.0251389 0.00677109
7 0.69375 0.0502778 0.00499999 0.0122222 0.00638962
0 0.415625 0.0723611 0.0225 0.0261111 0.00612259
7 0.0553125 0.301667 0.0065625 0.03 0.00566483
2 0.234063 0.1375 0.005 0.0188889 0.00561905
0 0.88125 0.0508333 0.01 0.0147222 0.00548935
2 0.215625 0.140556 0.005 0.0188889 0.00510025
0 0.7875 0.0719444 0.035 0.0255556 0.00494385
7 0.295313 0.115139 0.0046875 0.0133333 0.0049057
7 0.305 0.1 0.00437501 0.0125 0.00482941
7 0.00641724 0.380833 0.00851319 0.0255555 0.00479126
3 0.72875 0.0270139 0.00750001 0.0204167 0.00471878
2 0.225 0.157778 0.009375 0.0305556 0.00462723
2 0.673125 0.0357986 0.00499999 0.0215972 0.00450516
0 0.442813 0.023125 0.00749998 0.015 0.00443268
2 0.637188 0.0338889 0.018125 0.0169444 0.00426483
2 0.79375 0.0547222 0.02 0.0227778 0.0042305
3 0.367188 0.415 0.018125 0.0655555 0.00413513
0 0.8075 0.0702778 0.05 0.0236111 0.0041008
3 0.166719 0.158194 0.00562499 0.0183333 0.00397491
0 0.547813 0.0170833 0.00875003 0.0130556 0.00382423
1 0.36125 0.0495139 0.026875 0.0461111 0.00353813
3 0.284531 0.103194 0.00562499 0.0147222 0.00352478
0 0.995625 0.133333 0.00874996 0.0311111 0.00348282
0 0.575313 0.880278 0.04625 0.239444 0.00342941
0 0.9525 0.105278 0.015 0.0194444 0.00329781
3 0.0596094 0.283889 0.0096875 0.0311111 0.00327301
3 0.122266 0.186944 0.00671876 0.0172222 0.00317192
7 0.253438 0.265 0.009375 0.0222222 0.00302696
0 0.53875 0.00673611 0.00750001 0.0134722 0.00296974
0 0.0166406 0.308333 0.0324609 0.0388889 0.00292397
0 0.98875 0.118576 0.01625 0.0200694 0.00288963
0 0.00521973 0.299722 0.00893555 0.025 0.00284576
2 0.7125 0.0523611 0.00750001 0.0163889 0.00279999
3 0.74625 0.100139 0.00749995 0.0313889 0.00279999
1 0.3625 0.0373611 0.0575 0.0740278 0.00277901
7 0.69125 0.185278 0.00750001 0.0194444 0.0024929
0 0.00491943 0.331111 0.0098291 0.04 0.00235939
2 0.6125 0.0288194 0.013125 0.0198611 0.00235939
0 0.826875 0.0752778 0.025 0.0255556 0.00227928
7 0.685625 0.046875 0.00250003 0.00930555 0.00225258
0 0.439375 0.0466667 0.014375 0.0209722 0.00218201
0 0.0455859 0.227778 0.00835938 0.0183333 0.00218201
0 0.825 0.0709028 0.015 0.0206944 0.00216484
3 0.71625 0.1675 0.01125 0.0788889 0.00214958
0 0.0219531 0.688333 0.0439063 0.154444 0.00213242
0 0.9775 0.115972 0.0125 0.0186111 0.00202751
7 0.734375 0.119722 0.00625 0.0233333 0.00198746
2 0.0462109 0.286389 0.0280469 0.0455556 0.00198746
0 0.0686719 0.231528 0.0235937 0.0397222 0.00192642
0 0.313125 0.0895833 0.009375 0.0179167 0.00192642
0 0.552813 0.0116667 0.00750001 0.00895833 0.00179577
2 0.289688 0.0991667 0.00874999 0.0272222 0.00166798
3 0.67 0.0288889 0.00750001 0.0272222 0.00163555
7 0.688125 0.183611 0.00625 0.0205556 0.00161076
0 0.41125 0.0245139 0.011875 0.0166667 0.00152493
3 0.715 0.172083 0.00749995 0.0575 0.00148964
0 0.74625 0.055 0.06 0.0261111 0.00145531
7 0.71 0.309514 0.095 0.120972 0.00144386
3 0.266563 0.104792 0.00562499 0.0151389 0.00142097
7 0.405625 0.343333 0.07875 0.128889 0.00139904
0 0.323125 0.0919444 0.0175 0.0216667 0.0012846
0 0.0542969 0.222917 0.00640625 0.0177778 0.00126457
0 0.595 0.0382639 0.02625 0.0215278 0.00123978
2 0.608438 0.048316 0.0125 0.0233681 0.00123978
1 0.985625 0.144167 0.02875 0.0411111 0.0012064
7 0.135625 0.223194 0.00406251 0.0116667 0.0012064
3 0.884375 0.0602083 0.00499999 0.0193056 0.0011692
2 0.6275 0.0306597 0.009375 0.0245139 0.00115108
0 0.9725 0.107153 0.015 0.0204167 0.0011158
0 0.71125 0.0759722 0.0375 0.0286111 0.00110722
2 0.70875 0.0577778 0.015 0.0233333 0.0011034
7 0.655 0.0635417 0.00249996 0.00722222 0.00108147
0 0.96375 0.112917 0.025 0.0211111 0.00107288
0 0.0149902 0.675556 0.0298633 0.143333 0.00107288
0 0.866875 0.0869445 0.02125 0.0191667 0.00104809
2 0.629375 0.0499306 0.0125 0.0313889 0.00104046
3 0.0528125 0.213056 0.00703125 0.0183333 0.00102806
