0 0.64875 0.853333 0.14 0.262222 0.954102
0 0.4675 0.883889 0.1225 0.23 0.954102
0 0.334297 0.754444 0.118906 0.195556 0.951172
0 0.386875 0.574444 0.06875 0.105556 0.945312
0 0.676094 0.571667 0.0878125 0.117778 0.941406
0 0.48625 0.62 0.0725 0.133333 0.939453
0 0.197539 0.637778 0.103672 0.122222 0.936523
0 0.578125 0.561667 0.07 0.1 0.930664
0 0.824375 0.852222 0.18125 0.288889 0.914062
0 0.245781 0.976667 0.12125 0.0466666 0.888672
0 0.200625 0.427222 0.056875 0.0411111 0.876465
2 0.319063 0.4825 0.03375 0.0688889 0.874023
0 0.568125 0.331944 0.04625 0.03 0.870605
2 0.49125 0.442222 0.035 0.0588889 0.866211
0 0.49625 0.345833 0.05125 0.0338889 0.864258
5 0.83375 0.318056 0.0425 0.0461111 0.816406
2 0.0704688 0.516111 0.01625 0.0444444 0.803223
7 0.66625 0.463611 0.00750001 0.0222222 0.801758
0 0.3875 0.326667 0.01625 0.0222222 0.790527
0 0.680625 0.331111 0.04375 0.0288889 0.774414
0 0.77375 0.323333 0.0375 0.0244445 0.766113
7 0.235625 0.503889 0.0075 0.025 0.763672
0 0.365 0.329444 0.01625 0.0222222 0.746094
0 0.0573828 0.438056 0.0336719 0.0283333 0.741699
2 0.433438 0.484722 0.035625 0.0605555 0.741699
0 0.2525 0.351111 0.029375 0.0233333 0.737305
0 0.288125 0.338333 0.01875 0.02 0.732422
0 0.499375 0.301111 0.01375 0.0177778 0.730957
0 0.100625 0.402778 0.0275 0.0233333 0.71875
7 0.222188 0.519444 0.0075 0.0272222 0.708984
0 0.5025 0.276944 0.01125 0.0161111 0.705566
2 0.4375 0.455 0.04125 0.0622222 0.700684
0 0.0437598 0.461667 0.038418 0.0333334 0.694336
0 0.0103223 0.434444 0.0204492 0.0211111 0.692871
7 0.729375 0.438889 0.00625 0.0188889 0.690918
0 0.876875 0.325556 0.0275 0.02 0.679199
0 0.406875 0.321111 0.01625 0.0233333 0.673828
7 0.925 0.456667 0.00499999 0.0177778 0.663574
0 0.0785156 0.417778 0.0310938 0.0255556 0.662109
5 0.3825 0.296667 0.01625 0.03 0.660156
0 0.89125 0.330556 0.0275 0.0216667 0.65332
7 0.73875 0.429444 0.00499999 0.0211111 0.623535
0 0.353125 0.326111 0.014375 0.0211111 0.605957
0 0.921875 0.328889 0.0225 0.0188889 0.605957
7 0.74875 0.415556 0.00499999 0.0177778 0.605957
2 0.204063 0.375 0.01 0.0255556 0.583008
0 0.84625 0.333889 0.025 0.02 0.569824
2 0.215313 0.365556 0.010625 0.0233333 0.552734
0 0.9375 0.334444 0.025 0.0177778 0.519531
7 0.0104688 0.545417 0.00585938 0.0202777 0.516602
0 0.341875 0.337222 0.01625 0.0222222 0.509766
2 0.123906 0.386944 0.0075 0.0177778 0.496094
0 0.326875 0.337778 0.0125 0.0205556 0.478516
0 0.314531 0.335556 0.0159375 0.0222222 0.470703
0 0.37625 0.316667 0.0125 0.02 0.449463
0 0.95 0.327778 0.02 0.0177778 0.437744
7 0.634375 0.331111 0.00375004 0.0111111 0.405518
2 0.210313 0.372222 0.00968749 0.0255556 0.393311
0 0.466875 0.289444 0.01125 0.015 0.386719
7 0.746875 0.401389 0.00499999 0.0177778 0.368408
0 0.483438 0.275556 0.00749998 0.00999999 0.366699
7 0.72375 0.401111 0.00499999 0.0188889 0.359375
0 0.83375 0.318611 0.0425 0.0461111 0.35498
7 0.678125 0.478333 0.00750001 0.0244445 0.352295
7 0.924375 0.467222 0.00499999 0.02 0.319092
0 0.4675 0.281111 0.00999997 0.0166667 0.312256
0 0.43375 0.275 0.00874999 0.0111111 0.310791
0 0.391875 0.318333 0.0125 0.02 0.303955
7 0.65375 0.327222 0.00499999 0.0133333 0.299072
2 0.307188 0.346667 0.013125 0.0222222 0.29248
0 0.4125 0.295556 0.0125 0.0188889 0.287842
0 0.310938 0.3375 0.0175 0.0216667 0.282959
3 0.191875 0.372778 0.0059375 0.0277778 0.282227
3 0.0325195 0.512222 0.0103516 0.0522222 0.27832
7 0.145078 0.413333 0.004375 0.02 0.271973
0 0.0309424 0.425 0.0221777 0.0183333 0.267334
0 0.41 0.3075 0.01375 0.02 0.255371
2 0.434375 0.446944 0.035 0.06 0.253906
7 0.73375 0.397222 0.00500005 0.0188889 0.24939
0 0.0567578 0.426111 0.0272656 0.0183333 0.245117
3 0.151328 0.406389 0.0059375 0.03 0.244385
0 0.365 0.302778 0.0125 0.0188889 0.236572
3 0.192813 0.372778 0.00562499 0.0266667 0.230957
2 0.038125 0.520556 0.010625 0.0455556 0.230957
0 0.401875 0.282778 0.01375 0.02 0.226807
0 0.79625 0.335556 0.0362501 0.0238889 0.222656
2 0.361875 0.456111 0.0325 0.0611111 0.221313
3 0.0375781 0.517778 0.0107031 0.0466667 0.221313
0 0.47125 0.278333 0.01 0.0155555 0.21936
0 0.339063 0.338889 0.0125 0.0222222 0.213989
0 0.470625 0.271389 0.00750001 0.0105555 0.213989
0 0.0130762 0.430556 0.0206055 0.0211111 0.213379
0 0.344688 0.317222 0.015 0.0233333 0.210815
0 0.40875 0.316389 0.01625 0.0216667 0.202393
0 0.420625 0.306389 0.0125 0.0177778 0.201782
3 0.0315625 0.490278 0.00875 0.0372222 0.19812
3 0.0333984 0.5025 0.009375 0.0516667 0.192505
2 0.433125 0.446667 0.02375 0.0588889 0.184204
3 0.193281 0.375556 0.00562499 0.0255556 0.183594
3 0.733125 0.384722 0.00750001 0.0455555 0.182983
0 0.514375 0.276111 0.00750001 0.0111111 0.175537
0 0.375625 0.323333 0.01375 0.0222222 0.15979
2 0.152969 0.407222 0.00625 0.03 0.15918
0 0.353125 0.318333 0.0125 0.0211111 0.154541
0 0.36375 0.31 0.0125 0.02 0.154541
0 0.0330469 0.423333 0.0221094 0.0166667 0.149536
0 0.314063 0.34 0.01875 0.0216667 0.146118
7 0.12625 0.422778 0.0034375 0.01 0.143188
5 0.331875 0.315278 0.0125 0.0233333 0.1427
3 0.218594 0.362222 0.0059375 0.02 0.129395
0 0.475625 0.259444 0.00625 0.0122222 0.128052
0 0.37125 0.305 0.01 0.0177778 0.118408
3 0.148984 0.375556 0.004375 0.0222222 0.10968
0 0.3525 0.311667 0.01375 0.0194444 0.106323
7 0.736875 0.431667 0.00625 0.0177778 0.100159
2 0.225313 0.369444 0.00562501 0.02 0.0997925
3 0.0245117 0.528889 0.00671875 0.0255555 0.0980835
3 0.154531 0.408333 0.00656249 0.0311111 0.0977173
0 0.395313 0.290278 0.01125 0.0183333 0.0946655
0 0.390313 0.302222 0.010625 0.0233333 0.0939941
0 0.461875 0.286389 0.01125 0.015 0.0923462
5 0.484375 0.261111 0.00625 0.0133333 0.0917358
7 0.75625 0.416667 0.00499999 0.0205555 0.0891113
0 0.9425 0.335556 0.02625 0.0166667 0.0856934
0 0.490625 0.271111 0.00625 0.0111111 0.0853882
7 0.7375 0.428333 0.00499999 0.0211111 0.085083
7 0.685 0.347778 0.00499999 0.0122222 0.0823975
0 0.41875 0.287222 0.01 0.0155555 0.0809326
3 0.4025 0.440556 0.014375 0.0622222 0.0753174
7 0.66625 0.351111 0.00499999 0.0122222 0.0734253
0 0.444063 0.2625 0.00562503 0.00944443 0.0710449
0 0.096875 0.405833 0.03 0.0211111 0.0692749
0 0.0215039 0.4325 0.0257422 0.0205555 0.0678101
7 0.74625 0.419444 0.00500005 0.0144444 0.0656128
0 0.0108105 0.428889 0.0211133 0.0211111 0.0632324
3 0.73125 0.383889 0.00750001 0.0455555 0.0618896
0 0.5 0.290278 0.01125 0.0183333 0.0584412
2 0.146094 0.410833 0.0046875 0.0244444 0.0554199
2 0.119844 0.388889 0.0134375 0.0166667 0.0548096
0 0.0537598 0.441667 0.0382617 0.0333333 0.053009
0 0.88875 0.320556 0.02875 0.0211111 0.0505066
0 0.422188 0.3 0.00999997 0.0166667 0.0503235
2 0.215313 0.358333 0.0065625 0.0216667 0.0483093
0 0.052959 0.429167 0.0281445 0.0227778 0.0472412
2 0.535625 0.319444 0.00999997 0.0266667 0.0453491
0 0.33125 0.318333 0.015 0.0233333 0.0411377
7 0.604375 0.329444 0.00374997 0.0111111 0.0397949
3 0.0501172 0.471667 0.00773437 0.0338889 0.037323
0 0.529375 0.27 0.00750001 0.0111111 0.0370483
2 0.0667969 0.421667 0.0145313 0.0205556 0.0330811
0 0.380625 0.293333 0.01375 0.0188889 0.0319824
7 0.595625 0.327778 0.00499999 0.0155556 0.0316162
2 0.187813 0.371667 0.00874999 0.0255556 0.0309143
3 0.54375 0.313889 0.00499999 0.0177778 0.0307922
3 0.0466406 0.480556 0.00703125 0.0355555 0.0298767
0 0.031875 0.431667 0.0245313 0.0222222 0.0287628
0 0.49625 0.300556 0.015 0.0188889 0.0284424
3 0.0244336 0.470556 0.00371094 0.0233334 0.0275879
7 0.928125 0.453056 0.00499999 0.0172222 0.0273743
0 0.936875 0.339444 0.0275 0.0222222 0.0269623
0 0.401875 0.286667 0.0125 0.0216667 0.0268555
0 0.00337891 0.408889 0.00675781 0.0211111 0.0261536
7 0.675 0.3475 0.00499999 0.0133333 0.0249939
3 0.164375 0.380833 0.004375 0.0294444 0.0248871
3 0.146172 0.373333 0.00531249 0.02 0.0238647
2 0.436563 0.4775 0.0375 0.05 0.0236969
0 0.00375244 0.423611 0.00750488 0.0177778 0.0235138
2 0.254375 0.330556 0.00718749 0.0188889 0.0218658
0 0.808125 0.331667 0.02375 0.0211111 0.0214539
7 0.115156 0.436111 0.0034375 0.00888889 0.0208893
7 0.65125 0.335 0.00250003 0.0133333 0.0207214
3 0.54875 0.265833 0.00625 0.0216667 0.0205688
7 0.0639844 0.4725 0.00453125 0.0155555 0.0204926
0 0.434063 0.272778 0.01 0.0122222 0.0204926
2 0.72625 0.391111 0.00625 0.0355555 0.0202484
7 0.71 0.405 0.00499999 0.0177778 0.0194244
0 0.86625 0.333056 0.025 0.0183333 0.0187683
2 0.40125 0.445833 0.01625 0.0722222 0.0184021
0 0.495625 0.273889 0.00687497 0.0122222 0.0178528
2 0.227813 0.370556 0.00718749 0.0177778 0.0175781
7 0.170625 0.415556 0.00625 0.0188889 0.0175171
0 0.955 0.330556 0.025 0.0166667 0.0172424
3 0.039668 0.522778 0.0123047 0.0488889 0.0167847
3 0.163438 0.373333 0.005 0.0288889 0.0164032
2 0.5975 0.300556 0.00687497 0.0166667 0.0160217
3 0.028457 0.490556 0.00945313 0.0388889 0.0156708
2 0.212188 0.373056 0.01 0.0261111 0.0152512
0 0.69125 0.317778 0.0325 0.0172222 0.0148392
2 0.028125 0.519444 0.0107813 0.04 0.0147324
0 0.421875 0.2775 0.01 0.0138889 0.0141754
0 0.504063 0.244444 0.00687501 0.0122222 0.0136337
0 0.509063 0.273611 0.00812499 0.0138889 0.0136337
0 0.526875 0.276667 0.00875003 0.0116667 0.0132751
3 0.209063 0.347778 0.0046875 0.0255556 0.0131226
7 0.67 0.473333 0.00625 0.0311111 0.0125275
0 0.494375 0.262222 0.00625 0.00888887 0.0123825
3 0.3625 0.4425 0.01 0.0527778 0.0123367
0 0.831875 0.334444 0.0275 0.0177778 0.00941467
0 0.411875 0.281111 0.01 0.0133333 0.00894928
2 0.247813 0.337222 0.0078125 0.0177778 0.00844574
0 0.896875 0.319722 0.02125 0.0211111 0.00828552
3 0.224688 0.373333 0.00562499 0.0244444 0.00784302
3 0.7275 0.383333 0.00749995 0.0444444 0.00769424
0 0.550938 0.295 0.0175001 0.0166667 0.00757599
2 0.185938 0.377222 0.0075 0.0277778 0.00748825
0 0.0106274 0.411111 0.019917 0.0238889 0.00746155
0 0.359375 0.303889 0.01375 0.0188889 0.00743103
7 0.92375 0.483333 0.00499999 0.0211111 0.00698471
3 0.686875 0.425556 0.0112501 0.0511111 0.0069313
0 0.77625 0.33 0.035 0.0255556 0.00664139
3 0.204375 0.354444 0.005 0.0188889 0.00656509
7 0.685 0.357778 0.00499999 0.02 0.00656509
3 0.590625 0.301667 0.00499999 0.0166667 0.00634003
2 0.063125 0.507778 0.0122656 0.0522222 0.00634003
0 0.83375 0.338333 0.035 0.0266667 0.00629044
3 0.429375 0.444722 0.025 0.0655555 0.00624084
0 0.90375 0.333333 0.0275 0.0177778 0.00621796
3 0.4475 0.422222 0.00874999 0.0622222 0.00584412
7 0.167188 0.420556 0.00625 0.0144444 0.00582123
7 0.128438 0.414444 0.004375 0.0188889 0.00568771
3 0.169375 0.379444 0.00562499 0.0222222 0.00547028
0 0.0110449 0.415 0.0208398 0.0222222 0.00547028
0 0.469688 0.00103299 0.258125 0.00206597 0.00534439
7 0.66625 0.359444 0.00499999 0.0166667 0.00526047
7 0.62625 0.330556 0.00374997 0.01 0.00503922
0 0.248125 0.353611 0.02875 0.0188889 0.00498199
3 0.73125 0.401667 0.00750001 0.0266667 0.00498199
3 0.224531 0.356111 0.0046875 0.02 0.00471878
0 0.85625 0.338889 0.0325 0.0233333 0.00439835
3 0.126406 0.406944 0.0046875 0.0233333 0.0042305
3 0.128984 0.381111 0.00562499 0.0211111 0.0042305
3 0.146172 0.377778 0.00453124 0.0188889 0.00415039
2 0.69 0.308889 0.015 0.0166667 0.00407028
2 0.437813 0.478889 0.043125 0.0666667 0.0039444
3 0.775 0.347222 0.01 0.0311111 0.00344276
0 0.9425 0.340278 0.0325 0.0216667 0.00342941
0 0.497188 0.243611 0.00687497 0.0105555 0.00340271
0 0.94875 0.321667 0.0175 0.0222222 0.00337601
0 0.30375 0.348333 0.015625 0.0233333 0.00328636
7 0.72125 0.450833 0.00749995 0.0211111 0.00321007
0 0.68125 0.326667 0.03375 0.0277778 0.00314713
0 0.56125 0.303333 0.038125 0.0311111 0.00312424
0 0.8925 0.338611 0.0325 0.025 0.00300407
2 0.234219 0.365556 0.00531251 0.0155555 0.0029583
0 0.316406 0.318611 0.0115625 0.0155555 0.00293541
3 0.72375 0.405 0.00499999 0.0338889 0.00287819
0 0.97 0.336111 0.0225 0.02 0.00284576
2 0.68625 0.421111 0.0125 0.0494445 0.00279999
0 0.0534766 0.421944 0.0326563 0.0288889 0.00276756
7 0.48625 0.618889 0.0725 0.132222 0.00258064
2 0.423125 0.444444 0.0375 0.0622222 0.00253105
0 0.471875 0.288333 0.01 0.0166667 0.00251198
2 0.549375 0.298333 0.015625 0.0177778 0.00247192
3 0.154844 0.395 0.004375 0.0277778 0.00246239
3 0.135 0.383333 0.0040625 0.0166667 0.00243378
0 0.525625 0.263333 0.00437498 0.0122222 0.00242424
0 0.424688 0.304444 0.0175 0.0233333 0.00235939
0 0.845 0.338333 0.025 0.0238889 0.00234985
2 0.358438 0.463889 0.03625 0.07 0.00234222
0 0.77375 0.3175 0.035 0.0288889 0.00226021
0 0.190313 0.419444 0.03875 0.0311111 0.00224304
0 0.458125 0.29 0.00999997 0.0166667 0.00223351
2 0.528438 0.3125 0.01125 0.0294445 0.00219917
3 0.154844 0.371667 0.00406249 0.0222222 0.00216484
0 0.0319141 0.418889 0.0279687 0.0255556 0.00213242
2 0.106094 0.3925 0.014375 0.0222222 0.00212479
7 0.654375 0.320833 0.00374997 0.0172222 0.00204277
2 0.307188 0.353889 0.011875 0.0288889 0.00203514
2 0.0059375 0.551111 0.0102539 0.0333333 0.00200272
2 0.6025 0.300556 0.00500005 0.0155555 0.00195694
3 0.195313 0.358333 0.005 0.0233333 0.00179577
7 0.63125 0.337778 0.00375004 0.0122222 0.00177479
7 0.105469 0.435556 0.00375 0.0111111 0.00175476
2 0.534375 0.263889 0.00375004 0.0122222 0.00173378
2 0.70875 0.306111 0.00999997 0.0188889 0.0017271
7 0.67125 0.465556 0.00875003 0.0277778 0.00161076
3 0.701875 0.437778 0.00874996 0.0622222 0.00158501
3 0.546875 0.263333 0.00499999 0.02 0.00157356
7 0.00835449 0.545 0.00836914 0.0222222 0.00155449
0 0.68625 0.320556 0.025 0.0177778 0.00153637
0 0.534375 0.272778 0.00500002 0.0133333 0.00147247
0 0.283281 0.336667 0.0196875 0.0188889 0.00136662
7 0.595625 0.31 0.00375004 0.0155555 0.00135612
0 0.4675 0.263333 0.00750001 0.0111111 0.00134563
3 0.194063 0.445 0.00874999 0.0488889 0.00134563
3 0.70375 0.427778 0.0175 0.0611111 0.00132465
2 0.4175 0.44 0.030625 0.0622222 0.00131512
0 0.499375 0.305 0.013125 0.0227778 0.00130463
7 0.665 0.380833 0.00625 0.0183333 0.00129414
2 0.864375 0.302778 0.00750001 0.02 0.0012846
0 0.258594 0.347778 0.03 0.0222222 0.00127411
2 0.0642969 0.513889 0.0264062 0.0477778 0.00126457
0 0.8875 0.848333 0.055 0.168889 0.00126457
2 0.533125 0.310556 0.0225 0.0322222 0.0012207
0 0.247188 0.358889 0.01875 0.02 0.00121593
3 0.746875 0.393611 0.00625 0.0327778 0.00121593
3 0.635938 0.319444 0.00375004 0.0144444 0.0012064
0 0.0223047 0.406667 0.0096875 0.0177778 0.0012064
0 0.0996875 0.397778 0.0257813 0.03 0.00119686
7 0.221875 0.51 0.010625 0.0322222 0.00118828
