0 0.275625 0.309167 0.075 0.095 0.938965
0 0.513125 0.333889 0.0775 0.127222 0.936035
1 0.381875 0.180833 0.095 0.171111 0.905762
0 0.24625 0.157639 0.03625 0.0358333 0.888672
0 0.3075 0.132639 0.039375 0.0366667 0.875
0 0.439688 0.0789583 0.03 0.02625 0.861328
7 0.7025 0.198889 0.00625 0.0244445 0.842773
0 0.380625 0.0626389 0.015 0.0216667 0.841797
2 0.53 0.0995833 0.025 0.0369444 0.837402
0 0.0738672 0.2575 0.0333594 0.0322222 0.833496
0 0.143125 0.201389 0.03375 0.0344444 0.827637
2 0.0366211 0.354167 0.0204297 0.0438889 0.824219
7 0.244688 0.281389 0.00812499 0.025 0.813965
7 0.74375 0.173056 0.00499999 0.0211111 0.799316
5 0.0651172 0.902222 0.123672 0.195556 0.795898
0 0.760625 0.0611806 0.0325 0.0259722 0.785156
0 0.834375 0.0727083 0.03125 0.0254167 0.771973
0 0.87 0.0806945 0.03375 0.0251389 0.756348
0 0.414375 0.0706944 0.01875 0.0269444 0.743164
0 0.330547 0.208333 0.0439063 0.0683334 0.737305
2 0.468125 0.0877778 0.02 0.0327778 0.721191
0 0.400313 0.0854167 0.025625 0.0280556 0.712402
2 0.604688 0.0404167 0.013125 0.0206944 0.686035
5 0.379375 0.0377778 0.0175 0.0351389 0.67041
0 0.769375 0.0638889 0.04125 0.0275 0.662109
0 0.0491406 0.282222 0.0395313 0.0377778 0.662109
0 0.427813 0.0506944 0.015625 0.0225 0.645996
0 0.87 0.0729167 0.0325 0.0219444 0.645996
0 0.534063 0.0225694 0.0175 0.0204167 0.588867
7 0.945 0.220278 0.00499999 0.0166667 0.575684
0 0.415313 0.05125 0.013125 0.0177778 0.560059
7 0.6925 0.183889 0.00625 0.0216667 0.541016
2 0.248438 0.129722 0.00875001 0.0233333 0.538086
7 0.769375 0.131111 0.00374997 0.0172222 0.535156
7 0.70625 0.0779861 0.00375004 0.0122222 0.509766
7 0.773125 0.145833 0.00499999 0.0177778 0.472656
0 0.3975 0.0830556 0.02875 0.0263889 0.462891
0 0.40125 0.0635417 0.01375 0.0209722 0.445557
7 0.164375 0.204028 0.00375001 0.0125 0.414795
7 0.7525 0.162917 0.00500005 0.0191667 0.413086
7 0.675 0.0506944 0.00249996 0.0111111 0.405518
0 0.0233008 0.303889 0.0458984 0.0566667 0.401611
0 0.397188 0.0314236 0.01 0.0140972 0.359375
4 0.0239844 0.303889 0.0466406 0.0583333 0.357666
7 0.0302148 0.363611 0.00746094 0.0405555 0.348633
0 0.415 0.0619444 0.016875 0.0241667 0.331055
7 0.285781 0.117222 0.003125 0.01 0.300781
7 0.94625 0.214444 0.00499999 0.0177778 0.294189
5 0.0238086 0.303889 0.0467578 0.0588889 0.29248
7 0.258125 0.263333 0.008125 0.0244444 0.267334
0 0.4 0.0668056 0.016875 0.0216667 0.237915
0 0.50125 0.00538194 0.00812499 0.0107639 0.237183
0 0.00346924 0.323889 0.00693848 0.0277778 0.229492
7 0.75375 0.161667 0.00499999 0.0188889 0.187134
0 0.0452246 0.288056 0.0406445 0.045 0.174927
0 0.404063 0.0303472 0.00812502 0.0102083 0.174438
0 0.364688 0.131806 0.0375 0.0388889 0.167236
7 0.7625 0.153056 0.00499999 0.0183333 0.163452
7 0.0276953 0.379444 0.00617188 0.0177778 0.1427
0 0.00833008 0.318333 0.0166602 0.0344445 0.13208
7 0.746875 0.128056 0.00499999 0.0183333 0.124207
7 0.0857813 0.279444 0.005 0.00888889 0.112
5 0.0184375 0.244444 0.0180859 0.025 0.111267
7 0.00852051 0.379722 0.00442383 0.0161111 0.11084
0 0.41125 0.0726389 0.023125 0.0252778 0.100159
0 0.434375 0.00958333 0.00749998 0.0124306 0.0963745
0 0.360938 0.138889 0.040625 0.0355556 0.0866089
7 0.164063 0.195 0.00406251 0.0155556 0.0836182
7 0.74875 0.128194 0.00375004 0.0186111 0.0747681
0 0.40625 0.113889 0.03625 0.0386111 0.0745239
0 0.0237695 0.294167 0.0432422 0.0411111 0.0733032
2 0.7375 0.0357639 0.0125 0.0183333 0.0675659
7 0.65625 0.0515278 0.00375004 0.0116667 0.0658569
0 0.45875 0.00552083 0.00750001 0.0110417 0.064209
0 0.444375 0.0164583 0.00749998 0.0131944 0.0628052
0 0.453438 0.00857639 0.00687497 0.00868056 0.0605164
0 0.0107129 0.304444 0.0213086 0.0477778 0.0568542
0 0.0373828 0.280556 0.0336719 0.035 0.0541992
0 0.42875 0.0598611 0.015 0.0283333 0.0538025
7 0.0751563 0.293333 0.0034375 0.0111111 0.0507202
7 0.146797 0.219722 0.00531251 0.0138889 0.0458679
5 0.53375 0.0225694 0.018125 0.0201389 0.0423889
5 0.0144043 0.249444 0.0238867 0.0283333 0.0420837
2 0.00893066 0.267222 0.00981445 0.0188889 0.0411377
0 0.39875 0.111667 0.029375 0.035 0.0399475
7 0.125234 0.222778 0.00265625 0.0138889 0.0396423
0 0.393125 0.0423611 0.01125 0.0154167 0.0379028
2 0.573125 0.0197917 0.010625 0.0144444 0.0354004
0 0.0697656 0.255069 0.0339063 0.0309722 0.0334778
0 0.440625 0.040625 0.01125 0.0188889 0.0305634
0 0.42875 0.0122222 0.00874999 0.0108333 0.0297546
3 0.3125 0.0967361 0.00625 0.0172222 0.0284424
7 0.94125 0.219028 0.00500005 0.0158333 0.0275269
3 0.310938 0.0932639 0.00656252 0.0176389 0.0267639
0 0.442188 0.0326736 0.009375 0.0186806 0.0257568
0 0.40875 0.0212153 0.00874999 0.0101389 0.0230713
7 0.0696875 0.299444 0.00421875 0.0144444 0.0222015
0 0.76375 0.0583333 0.0375 0.0272222 0.02211
0 0.390625 0.0576389 0.0125 0.0169444 0.0213623
0 0.0620313 0.263056 0.025 0.0277778 0.0201721
7 0.65 0.0526389 0.00249996 0.0111111 0.0195312
7 0.257656 0.266667 0.0096875 0.0283333 0.0186157
0 0.464063 0.0816667 0.01625 0.0291667 0.0183716
3 0.00476563 0.256667 0.00777344 0.0183333 0.0178528
7 0.695625 0.0511111 0.00249996 0.0122222 0.0175171
0 0.248281 0.152917 0.0315625 0.0288889 0.016098
3 0.47 0.0625 0.00625 0.0211111 0.0147858
2 0.249844 0.132778 0.01375 0.0252778 0.0145035
0 0.74125 0.0423611 0.0225 0.01625 0.0139008
2 0.204375 0.153333 0.01125 0.0269444 0.0137405
5 0.375 0.0390972 0.02625 0.03625 0.0125732
7 0.715 0.0481944 0.00500005 0.0116667 0.0124817
7 0.67 0.0523611 0.00250003 0.0108333 0.0122375
3 0.183438 0.166944 0.0046875 0.02 0.0119171
7 0.0839063 0.29 0.0046875 0.0144444 0.0115967
2 0.470313 0.0681944 0.01375 0.0258333 0.0110321
0 0.41125 0.116667 0.03625 0.0425 0.0109863
3 0.196875 0.154722 0.00625 0.0216667 0.0108566
2 0.575 0.0173611 0.01125 0.0165278 0.0105667
0 0.995625 0.125972 0.00874996 0.0333333 0.00997162
7 0.00658691 0.380556 0.00655273 0.02 0.00933838
0 0.376875 0.0563889 0.0175 0.0219444 0.00923157
2 0.305 0.09875 0.00687501 0.0166667 0.00878143
0 0.44875 0.0171528 0.00999997 0.0134722 0.00871277
0 0.99375 0.1325 0.0124999 0.0341667 0.00844574
7 0.725625 0.0805556 0.00374997 0.01125 0.00834656
3 0.465313 0.0648611 0.00625 0.0151389 0.00787354
0 0.485 0.00875 0.00437498 0.00916667 0.00784302
0 0.531875 0.0208333 0.01625 0.0223611 0.00725937
3 0.285781 0.105208 0.00437501 0.0148611 0.00714874
7 0.0321094 0.379444 0.00742188 0.0188889 0.0068512
7 0.691875 0.186667 0.00625 0.0244444 0.00658798
0 0.00388672 0.276667 0.00757813 0.0244444 0.00638962
0 0.77 0.0681944 0.045 0.0319444 0.006073
2 0.608125 0.0409722 0.01875 0.0194444 0.00605011
2 0.252813 0.124583 0.0059375 0.0191667 0.00595856
4 0.0185938 0.25 0.021875 0.0338889 0.00591278
2 0.7375 0.0405729 0.0175 0.0174653 0.00575256
0 0.436875 0.035 0.00874999 0.0191667 0.0055542
0 0.393438 0.0273611 0.01125 0.0188889 0.00547028
0 0.835 0.0783333 0.035 0.0301389 0.00542831
7 0.704375 0.0483333 0.00374997 0.0116667 0.0053215
0 0.43 0.0185764 0.00750001 0.0127083 0.00508118
7 0.765625 0.123333 0.00375004 0.0172222 0.0050621
7 0.168594 0.196944 0.00437501 0.0116667 0.0050621
7 0.594063 0.0438194 0.00562496 0.0152778 0.00503922
5 0.0164063 0.249861 0.0150781 0.0325 0.00482941
0 0.99 0.124444 0.0199999 0.03 0.00479126
0 0.41375 0.03 0.00750001 0.00888889 0.00466537
0 0.389375 0.112083 0.02125 0.0313889 0.00443268
3 0.19 0.160833 0.005 0.0225 0.00441742
0 0.7775 0.0641667 0.0425001 0.0258333 0.00431442
7 0.70125 0.078125 0.00499999 0.0170833 0.00397491
2 0.306875 0.0886111 0.00687501 0.0158333 0.00365067
7 0.6925 0.0774306 0.00499999 0.0125 0.00365067
0 0.00515625 0.423611 0.0103125 0.0611111 0.00362206
0 0.40625 0.123368 0.04375 0.0538194 0.00337601
0 0.383125 0.120278 0.06125 0.0483333 0.00333786
0 0.870625 0.0856944 0.0375 0.0319444 0.00319672
0 0.380313 0.0631944 0.009375 0.0243056 0.00316048
2 0.844375 0.0495139 0.00625 0.0154167 0.00305176
7 0.5125 0.335 0.07625 0.127222 0.00299263
0 0.379063 0.125243 0.049375 0.0567361 0.00288963
7 0.7775 0.146111 0.00999997 0.0222222 0.00273705
0 0.40875 0.0491667 0.01125 0.0166667 0.00271416
0 0.987188 0.135417 0.025625 0.0319444 0.00260162
2 0.125391 0.195 0.00484375 0.0244444 0.00253105
2 0.74375 0.113056 0.01 0.0436111 0.0024929
2 0.0649609 0.230417 0.0110156 0.0222222 0.0024929
7 0.195 0.165278 0.00374999 0.0194444 0.00247192
7 0.9475 0.224722 0.00500005 0.0205556 0.00240517
2 0.705 0.0307639 0.00499999 0.0118056 0.00237846
0 0.8775 0.0859722 0.04 0.0238889 0.00234222
2 0.213906 0.141389 0.0046875 0.0166667 0.00226021
0 0.00374023 0.351111 0.00746094 0.0394445 0.00221634
5 0.0232617 0.245833 0.0233984 0.0327778 0.00209999
7 0.114375 0.23 0.00359375 0.0138889 0.00206757
7 0.64625 0.04875 0.00250003 0.00833333 0.0020504
2 0.209063 0.155694 0.00625 0.0244444 0.00201035
7 0.69 0.05375 0.00250003 0.0108333 0.00197983
7 0.7675 0.136667 0.00499999 0.0161111 0.0019722
0 0.347578 0.199722 0.0573437 0.0733333 0.00191212
7 0.65625 0.0609722 0.00249996 0.00972223 0.00176144
3 0.0325 0.261667 0.0116406 0.0211111 0.00171375
0 0.501563 0.00659722 0.00812502 0.0102778 0.00170708
2 0.453125 0.0677778 0.00749998 0.0175 0.00168705
3 0.0448438 0.310556 0.005625 0.0255556 0.00168705
5 0.0542969 0.254167 0.0275 0.0322222 0.00165462
7 0.0557422 0.346111 0.00476563 0.0177778 0.00163555
7 0.694375 0.0640278 0.00250003 0.00902778 0.00162888
0 0.875 0.0826389 0.03875 0.0270833 0.00162315
7 0.265938 0.119028 0.0034375 0.00972222 0.00157356
3 0.329375 0.06375 0.00750001 0.0269444 0.00157356
3 0.231563 0.131944 0.0075 0.0266667 0.00156689
2 0.0308984 0.245417 0.0132813 0.0202778 0.00154877
0 0.425 0.0330208 0.00749998 0.0150694 0.00152493
0 0.011123 0.332778 0.020957 0.0411111 0.00146675
7 0.274688 0.118611 0.00374997 0.00944445 0.00144386
0 0.993438 0.139167 0.013125 0.0394445 0.00141048
0 0.464063 0.00909722 0.00562499 0.00888889 0.00136662
3 0.167188 0.157222 0.00687499 0.0177778 0.00132465
0 0.830625 0.0755556 0.03625 0.0272222 0.00130939
3 0.234063 0.14125 0.005 0.0216667 0.0012846
7 0.688125 0.183611 0.00750001 0.0233333 0.00126457
7 0.030293 0.370556 0.0109766 0.02 0.00124454
0 0.9075 0.0952778 0.035 0.0227778 0.00123024
7 0.260625 0.278611 0.015 0.0455555 0.0012064
2 0.295313 0.100417 0.00500002 0.0163889 0.00119686
2 0.206875 0.146528 0.014375 0.0277778 0.00117874
0 0.82375 0.0697917 0.035 0.0231944 0.00109005
0 0.1875 0.156944 0.010625 0.0272222 0.00105667
2 0.615 0.0354167 0.00625 0.0175 0.00103188
