0 0.46625 0.829444 0.15 0.336667 0.95752
0 0.0391406 0.911667 0.0777344 0.174444 0.95166
0 0.197188 0.637778 0.0959375 0.112222 0.950684
0 0.5825 0.577917 0.07375 0.113056 0.946289
0 0.377188 0.6 0.073125 0.114444 0.9375
0 0.476563 0.558333 0.061875 0.11 0.922363
0 0.218125 0.413333 0.0515625 0.0355555 0.890137
0 0.286563 0.384167 0.046875 0.0338889 0.885742
0 0.07 0.446667 0.0373438 0.0316667 0.855957
0 0.395938 0.360833 0.044375 0.0316667 0.844727
0 0.0254883 0.452778 0.0302734 0.0288889 0.835449
0 0.128594 0.426389 0.0415625 0.03 0.832031
0 0.324688 0.336389 0.01875 0.0238889 0.827637
0 0.305313 0.339444 0.018125 0.0244444 0.800781
0 0.348125 0.331667 0.018125 0.0233333 0.795898
0 0.435 0.336667 0.030625 0.03 0.78125
0 0.450625 0.316944 0.01625 0.0211111 0.769043
0 0.387188 0.344444 0.039375 0.03 0.762207
0 0.0670313 0.414444 0.028125 0.0277778 0.73877
0 0.469375 0.305556 0.01375 0.02 0.73584
3 0.245469 0.49 0.01125 0.0588889 0.699219
0 0.527188 0.296667 0.0125 0.0177778 0.690918
7 0.6675 0.463889 0.00625 0.0233333 0.6875
0 0.365 0.327778 0.01625 0.0233333 0.680664
7 0.2225 0.519444 0.00625 0.0233333 0.677246
7 0.725 0.401111 0.00499999 0.0177778 0.654785
7 0.729375 0.441111 0.00625 0.0188889 0.65332
0 0.355 0.315556 0.0125 0.0177778 0.618652
7 0.925 0.458056 0.00499999 0.0166667 0.609375
0 0.40375 0.3225 0.01875 0.0233333 0.554688
5 0.390625 0.291111 0.015625 0.0288889 0.541016
7 0.68375 0.353889 0.00500005 0.0133334 0.537109
0 0.507188 0.281111 0.00812499 0.0133333 0.533203
7 0.75 0.417222 0.00625 0.0183333 0.525391
7 0.678125 0.48 0.00750001 0.0255556 0.507812
0 0.317969 0.321111 0.0159375 0.0222222 0.5
0 0.37375 0.295 0.00874999 0.0122222 0.488281
0 0.34375 0.314444 0.01125 0.0155555 0.484375
7 0.73875 0.429444 0.00499999 0.0211111 0.466797
7 0.746875 0.401111 0.00499999 0.0166667 0.462891
0 0.383125 0.315556 0.0125 0.0177778 0.457031
0 0.489375 0.311944 0.0175 0.03 0.455078
0 0.406875 0.299444 0.009375 0.0144444 0.435791
0 0.525625 0.281111 0.00874999 0.0144444 0.434082
0 0.377188 0.318056 0.011875 0.0194444 0.42627
0 0.478125 0.295556 0.01125 0.0188889 0.424316
0 0.36625 0.303889 0.01 0.0133334 0.390381
0 0.364688 0.299444 0.010625 0.0122222 0.363037
7 0.635313 0.331111 0.003125 0.0122222 0.363037
0 0.413125 0.292778 0.00874999 0.0122222 0.361084
7 0.0238281 0.528611 0.00757813 0.0227778 0.348633
7 0.92375 0.465833 0.00499999 0.0172222 0.343262
0 0.336875 0.326944 0.01125 0.0172222 0.338135
7 0.236094 0.504444 0.00593751 0.0222222 0.336426
2 0.00460205 0.515 0.0092041 0.0511111 0.324219
3 0.0182617 0.501944 0.00832031 0.0388889 0.312256
3 0.24 0.483333 0.014375 0.0544445 0.307373
0 0.364375 0.310556 0.01125 0.015 0.287842
0 0.391875 0.305556 0.01125 0.0183333 0.2854
0 0.3175 0.327778 0.015625 0.0244444 0.282959
0 0.337188 0.32 0.00999997 0.0166667 0.267334
3 0.00364258 0.510556 0.00728516 0.0511111 0.26123
7 0.73625 0.431667 0.00499999 0.0177778 0.246582
3 0.237188 0.483611 0.008125 0.0494444 0.225464
0 0.419375 0.286111 0.00812502 0.0133333 0.216064
3 0.0211719 0.510278 0.0138281 0.0516667 0.203735
0 0.74625 0.308889 0.0199999 0.02 0.19873
0 0.486875 0.296111 0.01125 0.0166667 0.196777
0 0.486563 0.281111 0.00749998 0.0122222 0.194946
0 0.43375 0.276111 0.00625 0.0077778 0.179565
0 0.53 0.296111 0.0125 0.0177778 0.170532
0 0.47125 0.272222 0.00750001 0.0111111 0.168823
0 0.471563 0.276667 0.00874999 0.0111111 0.150513
3 0.242188 0.481944 0.014375 0.0605555 0.150024
0 0.394375 0.31 0.00874999 0.0155555 0.131592
0 0.413125 0.312222 0.0125 0.0188889 0.120422
0 0.409375 0.301944 0.01125 0.0138889 0.113586
0 0.448125 0.267778 0.00625 0.00944446 0.112793
7 0.06625 0.475 0.0046875 0.0122222 0.111267
0 0.353438 0.309444 0.01125 0.0133334 0.106323
3 0.0232764 0.53 0.00782227 0.0344444 0.105957
0 0.494063 0.260556 0.00625 0.0111111 0.102661
0 0.388438 0.355 0.036875 0.0366667 0.0974121
0 0.425313 0.280278 0.00562503 0.0105556 0.0930176
3 0.00554688 0.513611 0.010918 0.0527778 0.0930176
7 0.736875 0.428889 0.00625 0.0211111 0.085083
0 0.41625 0.28 0.00625 0.01 0.0817871
7 0.65375 0.328889 0.00374997 0.0122222 0.0682983
0 0.46625 0.276111 0.00500002 0.00999999 0.0630493
0 0.4225 0.293611 0.00874999 0.0138889 0.0621033
7 0.72375 0.445556 0.00499999 0.0222222 0.0577087
7 0.204844 0.387222 0.00343749 0.0122222 0.0520325
7 0.7225 0.447778 0.00750001 0.0222222 0.0453491
3 0.0215039 0.507222 0.0103906 0.0477778 0.0372009
0 0.399375 0.33 0.02875 0.0277778 0.0370483
7 0.0494141 0.480833 0.00382812 0.0144444 0.0366211
7 0.74375 0.423889 0.00499999 0.0166667 0.0347595
0 0.515 0.278611 0.00499999 0.0105555 0.033844
3 0.239219 0.477778 0.0184375 0.0566667 0.0333252
0 0.5075 0.287778 0.00874999 0.0177778 0.0325928
0 0.378125 0.288889 0.00874999 0.0122222 0.0307922
0 0.44625 0.263611 0.00625 0.00999999 0.0296478
7 0.224844 0.370556 0.003125 0.0122222 0.029541
3 0.234688 0.477778 0.013125 0.0561111 0.0294189
0 0.450625 0.312778 0.015 0.0211111 0.0247955
5 0.489375 0.315556 0.0175 0.0355555 0.0234222
0 0.0679688 0.421111 0.0342188 0.0311111 0.0232849
3 0.54375 0.313889 0.01 0.0266667 0.0227203
2 0.48875 0.316111 0.0175 0.0344444 0.0224609
7 0.751875 0.417778 0.00750001 0.0177778 0.0220337
7 0.655 0.317778 0.00249996 0.0111111 0.0212097
0 0.43 0.271667 0.00499999 0.00888889 0.0198364
7 0.645 0.318333 0.00250003 0.0122222 0.0191956
7 0.00981445 0.543889 0.00578125 0.0233333 0.0161591
7 0.195625 0.386667 0.004375 0.0166667 0.016098
7 0.0121851 0.539444 0.00687988 0.0177778 0.0147858
7 0.685 0.358333 0.00499999 0.0188889 0.0146713
7 0.0456641 0.478333 0.00515625 0.0211111 0.0139008
0 0.487188 0.268611 0.00750001 0.0111111 0.0139008
0 0.498125 0.283333 0.00874999 0.0133333 0.0138474
7 0.615 0.330556 0.00374997 0.01 0.0134277
3 0.53375 0.311667 0.00812502 0.025 0.0131226
7 0.0462109 0.483333 0.00546875 0.02 0.012825
7 0.00658691 0.522222 0.0101074 0.0488889 0.0119171
7 0.244844 0.367222 0.0028125 0.00833333 0.0105667
7 0.928125 0.4525 0.00499999 0.0161111 0.0105667
3 0.481563 0.648889 0.01375 0.0733333 0.00974274
3 0.250781 0.336944 0.00406251 0.0216667 0.00933838
3 0.190469 0.376389 0.00499999 0.0233333 0.00933838
0 0.2125 0.4075 0.050625 0.0344444 0.00923157
5 0.485625 0.264444 0.00874999 0.0211111 0.00878143
3 0.66375 0.296111 0.00499999 0.0155555 0.00861359
7 0.66875 0.471667 0.00499999 0.0244445 0.0085144
2 0.55625 0.299444 0.00750001 0.0155556 0.00821686
7 0.67 0.341111 0.00250003 0.0133333 0.00806427
7 0.0680469 0.481111 0.0075 0.0177778 0.00800323
0 0.197969 0.410556 0.0628125 0.0344445 0.00751877
7 0.636875 0.318333 0.00500005 0.0133333 0.00748825
7 0.135156 0.403889 0.0034375 0.0111111 0.00728989
7 0.154688 0.403333 0.00359375 0.0111111 0.00717545
0 0.421875 0.307222 0.01 0.0166667 0.00619125
0 0.00319336 0.418889 0.00638672 0.02 0.00559998
5 0.475625 0.261667 0.00500002 0.0116667 0.00547028
0 0.405625 0.325556 0.02375 0.0277778 0.00544739
0 0.506875 0.273333 0.009375 0.0144444 0.00534439
5 0.7375 0.310556 0.0375 0.0222222 0.00498199
7 0.7425 0.427778 0.00750001 0.0211111 0.00481033
7 0.146016 0.406667 0.00421875 0.0144444 0.00457382
0 0.444688 0.273333 0.00562499 0.0111111 0.00436401
3 0.254219 0.330278 0.00562501 0.0216667 0.00415039
0 0.46 0.285278 0.00874999 0.0138889 0.00391388
7 0.166875 0.421111 0.0046875 0.0144444 0.00376511
0 0.465313 0.264722 0.00375001 0.0111111 0.00366402
2 0.114922 0.383333 0.005 0.0144444 0.00345612
7 0.71 0.401667 0.00499999 0.0266667 0.00342941
0 0.455938 0.263056 0.00499999 0.00888889 0.00318527
0 0.525938 0.263333 0.00499999 0.01 0.00312424
2 0.561875 0.298056 0.00749995 0.0166667 0.00312424
0 0.34625 0.336667 0.0175 0.0266667 0.00276756
3 0.0213672 0.458333 0.0166406 0.0333333 0.0026722
0 0.405938 0.280556 0.00625 0.00888889 0.00263214
3 0.81125 0.300833 0.00750001 0.0211111 0.00260162
0 0.995625 0.676111 0.00874996 0.0711111 0.00257111
7 0.575625 0.329444 0.00374997 0.0122222 0.0024929
7 0.147344 0.412778 0.00843749 0.0177778 0.00236893
0 0.184688 0.413889 0.0375 0.0311111 0.00235939
7 0.630313 0.335556 0.00374997 0.0133333 0.00228691
2 0.155078 0.370556 0.00531249 0.02 0.00225258
2 0.193438 0.444444 0.0115625 0.0461111 0.00209999
7 0.0527344 0.474444 0.0065625 0.0211111 0.00209999
0 0.86625 0.3 0.00625 0.0133333 0.00202751
2 0.695 0.332222 0.00999997 0.0288889 0.00194931
7 0.171094 0.417778 0.0103125 0.0233333 0.00194168
7 0.274844 0.352222 0.00437501 0.0133333 0.00192642
2 0.71125 0.305556 0.01125 0.0188889 0.00188923
2 0.265625 0.333889 0.00500002 0.0177778 0.00185299
7 0.695 0.316944 0.00499999 0.0144444 0.00183868
7 0.255313 0.365556 0.003125 0.00999999 0.00183105
7 0.6675 0.459444 0.00750001 0.0288889 0.00174141
7 0.605938 0.33 0.00374997 0.0122222 0.00167465
7 0.67625 0.318333 0.00374997 0.0133333 0.0016489
2 0.528125 0.307222 0.01125 0.0211111 0.00162315
3 0.260156 0.351944 0.004375 0.0188889 0.00159168
5 0.73 0.310833 0.0475 0.0255555 0.00157356
2 0.0232617 0.403611 0.00722656 0.0194444 0.00155449
3 0.164375 0.381667 0.004375 0.0222222 0.00151253
7 0.9325 0.452222 0.00499999 0.0188889 0.00148392
7 0.650625 0.334444 0.00374997 0.0155555 0.00146103
0 0.7475 0.319167 0.03125 0.0344445 0.00143242
3 0.0238281 0.461944 0.0229688 0.0366667 0.00137234
3 0.236563 0.428333 0.013125 0.0388889 0.00134563
3 0.247188 0.487778 0.016875 0.0633333 0.00132465
2 0.75875 0.314444 0.0237501 0.0244444 0.00131512
3 0.55 0.267778 0.00562496 0.0172222 0.00129986
2 0.286563 0.386111 0.0465625 0.0344444 0.0012064
3 0.479375 0.662778 0.02 0.05 0.0012064
0 0.49625 0.278889 0.00750001 0.0122222 0.00119686
0 0.33 0.338333 0.016875 0.0255556 0.00117397
0 0.515 0.262222 0.00375001 0.00888887 0.00115108
7 0.125313 0.405556 0.0075 0.0155556 0.00115108
2 0.48875 0.323333 0.0175 0.0394444 0.00111198
3 0.235 0.483056 0.029375 0.065 0.00109863
7 0.197344 0.637778 0.0946875 0.111111 0.00109863
7 0.476875 0.558889 0.0625 0.108889 0.00105286
7 0.605 0.299444 0.00375004 0.0133333 0.00104809
7 0.0741406 0.487222 0.00484374 0.0155555 0.00104046
3 0.195313 0.449722 0.00875001 0.0422222 0.00102806
2 0.185938 0.379444 0.011875 0.0227778 0.00101662
7 0.244688 0.383333 0.00375001 0.0144444 0.00100803
