0 0.1925 0.771111 0.124375 0.175556 0.955078
0 0.63375 0.492222 0.06375 0.08 0.943359
0 0.303594 0.562083 0.0815625 0.115833 0.942383
0 0.600313 0.652222 0.089375 0.137778 0.941895
0 0.10375 0.758889 0.118125 0.164444 0.939941
0 0.23125 0.573889 0.0790625 0.0966666 0.938477
0 0.405625 0.506389 0.05625 0.0838889 0.922363
0 0.5425 0.454444 0.051875 0.0744444 0.90918
0 0.111719 0.488333 0.049375 0.0633334 0.901367
0 0.501875 0.292778 0.0125 0.0144444 0.897461
0 0.43 0.376667 0.026875 0.0394444 0.887207
0 0.48 0.359444 0.0225 0.0444444 0.882324
0 0.522813 0.385278 0.03375 0.0477778 0.879883
0 0.5725 0.397222 0.034375 0.0477778 0.877441
0 0.0497754 0.440278 0.0326367 0.0305556 0.876465
0 0.46375 0.319444 0.015 0.0266667 0.875977
0 0.71 0.325556 0.03875 0.025 0.852051
0 0.36375 0.341944 0.0225 0.0283333 0.835449
0 0.0225391 0.467222 0.0333594 0.0311111 0.833496
5 0.85375 0.313889 0.04 0.0388889 0.818848
0 0.3275 0.341111 0.02 0.0233333 0.812988
0 0.0299023 0.899444 0.0598047 0.2 0.812988
7 0.234688 0.502778 0.00687499 0.0222222 0.785156
0 0.925 0.327222 0.0225 0.0177778 0.779785
0 0.315 0.334722 0.018125 0.0255556 0.773438
0 0.55125 0.304167 0.025 0.0188889 0.771973
1 0.346875 0.3125 0.02875 0.0416667 0.73584
0 0.295313 0.355278 0.02125 0.0255556 0.73584
0 0.405625 0.32 0.01625 0.0233333 0.728027
0 0.254688 0.376944 0.0246875 0.0394445 0.728027
7 0.0233594 0.528889 0.00492188 0.0155555 0.708984
2 0.626875 0.320833 0.013125 0.0255556 0.70752
0 0.384688 0.310556 0.011875 0.0177778 0.705566
2 0.575625 0.355556 0.00999997 0.0333334 0.672363
7 0.925 0.458889 0.00499999 0.0155556 0.67041
0 0.275313 0.371667 0.021875 0.0288889 0.651367
5 0.0106738 0.443611 0.0212305 0.0372222 0.647949
0 0.288906 0.348611 0.01875 0.0261111 0.642578
7 0.75 0.415556 0.00499999 0.0177778 0.624512
2 0.214375 0.368889 0.009375 0.0233333 0.613281
3 0.084375 0.434444 0.006875 0.0355555 0.611328
0 0.36625 0.316667 0.011875 0.02 0.605957
7 0.6775 0.479444 0.00749995 0.0233333 0.602051
0 0.00488281 0.468611 0.00976563 0.0283333 0.598145
0 0.28125 0.391944 0.033125 0.0455556 0.571777
7 0.221563 0.517222 0.0075 0.0244445 0.562012
0 0.403125 0.297778 0.00874999 0.0144444 0.556641
7 0.72875 0.438889 0.00499999 0.0194444 0.556641
2 0.145313 0.401111 0.00843749 0.0266667 0.517578
7 0.74625 0.4 0.00500005 0.0155556 0.507812
0 0.413125 0.291389 0.009375 0.0155555 0.498047
0 0.376563 0.311111 0.011875 0.0188889 0.488281
7 0.73875 0.425556 0.00499999 0.02 0.481445
7 0.72375 0.400556 0.00499999 0.0166667 0.460938
0 0.395625 0.297778 0.01 0.0133333 0.428223
7 0.7375 0.427222 0.00499999 0.0188889 0.397949
7 0.923125 0.466667 0.00499999 0.0166666 0.397949
2 0.685 0.348333 0.01375 0.0333333 0.381104
5 0.280938 0.391667 0.03375 0.0466667 0.359375
0 0.3775 0.301111 0.00874999 0.0144444 0.357666
2 0.212656 0.368889 0.00843751 0.0233333 0.356689
0 0.2775 0.3775 0.025625 0.0288889 0.343262
2 0.122734 0.423889 0.00765626 0.0338889 0.336426
0 0.411875 0.314444 0.014375 0.0222222 0.317383
7 0.6675 0.461667 0.00499999 0.0222222 0.315674
0 0.391875 0.305833 0.009375 0.0161111 0.281494
3 0.123047 0.424444 0.00796875 0.0327778 0.273682
0 0.385 0.298889 0.01 0.0133333 0.267334
0 0.36875 0.305833 0.0125 0.0166667 0.259033
7 0.06375 0.471389 0.00390625 0.0138889 0.252441
0 0.395625 0.307778 0.01 0.0166667 0.245117
3 0.148672 0.401111 0.00718749 0.0255556 0.23584
0 0.50125 0.29 0.010625 0.015 0.177856
2 0.6825 0.307778 0.00750001 0.02 0.17334
7 0.65375 0.328333 0.00374997 0.0111111 0.158203
0 0.431875 0.271389 0.00625 0.00944446 0.148071
2 0.68875 0.346667 0.0175 0.0305556 0.146118
2 0.82375 0.313611 0.00750001 0.0216667 0.130737
2 0.68375 0.302222 0.00749995 0.0216667 0.122498
0 0.166563 0.373056 0.031875 0.0238889 0.121704
7 0.0487891 0.477778 0.00390625 0.0127778 0.121277
0 0.49375 0.267778 0.00874999 0.00999999 0.110474
7 0.74375 0.420556 0.00499999 0.0177778 0.106323
0 0.011377 0.437222 0.0227539 0.0266667 0.092041
0 0.4175 0.285 0.00875003 0.0144444 0.0900879
7 0.72625 0.440556 0.00499999 0.0188889 0.0888062
0 0.25875 0.366389 0.0190625 0.0238889 0.0823975
7 0.00860352 0.543333 0.00576172 0.0211111 0.0809326
2 0.213438 0.358056 0.011875 0.0194444 0.0698242
0 0.379375 0.289444 0.00750001 0.0122222 0.067688
0 0.324375 0.32 0.0125 0.0155555 0.0637207
0 0.432813 0.273611 0.00625 0.01 0.0623169
7 0.0467578 0.475556 0.00484375 0.0144444 0.0598755
0 0.42875 0.371111 0.02625 0.0377778 0.0572815
7 0.66625 0.353333 0.00499999 0.0111111 0.0564575
7 0.22125 0.508889 0.00625 0.0255555 0.0544128
0 0.411563 0.306667 0.01 0.0127778 0.0460205
2 0.217344 0.36 0.0078125 0.0155555 0.0460205
7 0.75375 0.415556 0.00499999 0.0166667 0.0399475
7 0.67625 0.353333 0.00374997 0.0144444 0.0386047
0 0.314375 0.338889 0.0175 0.0244444 0.0366211
7 0.735625 0.430556 0.00625 0.0177778 0.035675
5 0.495 0.263333 0.00625 0.0111111 0.0333252
0 0.170625 0.372222 0.01625 0.0222222 0.0297546
0 0.308906 0.338333 0.016875 0.02 0.0283356
0 0.42625 0.276111 0.00687501 0.00888887 0.0282135
2 0.626875 0.315 0.01 0.0238889 0.0267639
3 0.77625 0.353056 0.00750001 0.0311111 0.0264587
2 0.574375 0.355556 0.0137499 0.0377778 0.0241394
2 0.68375 0.350556 0.00999997 0.0344445 0.021286
3 0.145156 0.406667 0.00562499 0.0311111 0.0205688
0 0.8575 0.321944 0.03 0.0255555 0.0195007
2 0.67875 0.300556 0.00875003 0.0172222 0.0190582
2 0.154375 0.377222 0.00640626 0.0222222 0.0184784
0 0.444375 0.274444 0.00500002 0.0105555 0.0181885
2 0.63625 0.316111 0.00499999 0.0172222 0.0175781
0 0.41375 0.282778 0.00874999 0.0122222 0.016098
2 0.6775 0.308611 0.00500005 0.0177778 0.0150757
2 0.68625 0.308333 0.0125 0.0227778 0.0147858
7 0.645 0.3175 0.00374997 0.0122222 0.0140076
0 0.485 0.256667 0.00625 0.0111111 0.0126266
7 0.165313 0.417222 0.003125 0.0111111 0.0123825
2 0.265938 0.356667 0.00999999 0.0211111 0.012146
0 0.00424805 0.405556 0.00828125 0.0155556 0.0118256
0 0.368125 0.301667 0.01125 0.0155555 0.0117798
3 0.576875 0.351667 0.01 0.0333333 0.0112915
7 0.230156 0.370278 0.00375001 0.0155555 0.0111618
3 0.151875 0.376667 0.0059375 0.0188889 0.0108185
2 0.153281 0.400556 0.00515625 0.0277778 0.0105667
0 0.475 0.26 0.00500002 0.00666668 0.0104904
0 0.44875 0.268889 0.00499999 0.00777777 0.00997162
7 0.7775 0.349167 0.00625 0.0238889 0.00948334
3 0.545625 0.277778 0.00375004 0.01 0.00926971
1 0.362188 0.280556 0.054375 0.0683334 0.00905609
0 0.514375 0.261667 0.00374997 0.00666668 0.00809479
2 0.122266 0.419444 0.0078125 0.0355555 0.00787354
7 0.594375 0.313333 0.00374997 0.0111111 0.00784302
0 0.464688 0.274167 0.00500002 0.00944446 0.0078125
0 0.404375 0.282222 0.00687501 0.0111111 0.00763702
3 0.6925 0.363889 0.00750001 0.0466667 0.00757599
7 0.67 0.341667 0.00499999 0.0161111 0.00728989
0 0.168125 0.377778 0.0265625 0.0255556 0.00703812
0 0.535 0.278611 0.00499999 0.00833333 0.00701141
7 0.91625 0.470556 0.00500005 0.0155556 0.0068779
0 0.351563 0.336667 0.010625 0.0244444 0.0068512
7 0.673125 0.474722 0.00875003 0.0261112 0.00682449
0 0.015166 0.439167 0.0213477 0.03 0.00669098
7 0.234375 0.37 0.00406251 0.0133333 0.00661469
7 0.666875 0.466667 0.00625 0.0266667 0.0064621
3 0.775625 0.357778 0.00750001 0.0344445 0.00641251
0 0.469688 0.268333 0.00437501 0.00888889 0.00638962
7 0.225625 0.370556 0.004375 0.0133333 0.00624084
0 0.289375 0.341667 0.019375 0.0244444 0.00584412
3 0.0866406 0.436389 0.0101563 0.0388889 0.00534439
0 0.0255908 0.454722 0.039834 0.0283333 0.00527954
0 0.529375 0.269722 0.00499999 0.00833333 0.00503922
0 0.0107324 0.836667 0.0214258 0.0811111 0.0046463
0 0.26125 0.358333 0.021875 0.0255556 0.00455475
7 0.205313 0.380556 0.00375001 0.0144444 0.00436401
2 0.578438 0.363333 0.016875 0.0466667 0.00432968
0 0.86625 0.335833 0.02125 0.0155555 0.00429916
2 0.82875 0.311667 0.00875003 0.0255556 0.0042305
7 0.165469 0.404722 0.003125 0.0127778 0.00413513
3 0.189688 0.371667 0.00499999 0.0211111 0.00391388
0 0.81875 0.331111 0.0275 0.0244444 0.00348282
0 0.8375 0.326944 0.00750001 0.0161111 0.00338936
0 0.949375 0.340833 0.01375 0.0138889 0.00332451
2 0.214688 0.373333 0.0078125 0.0244444 0.00327301
0 0.277969 0.356111 0.0215625 0.0244444 0.00298119
0 0.464375 0.264444 0.00499999 0.00999999 0.00293541
1 0.362813 0.2775 0.0125 0.0294444 0.00293541
7 0.928125 0.452778 0.00499999 0.0166667 0.00286674
2 0.120469 0.421667 0.013125 0.0322222 0.00283432
0 0.182969 0.368056 0.014375 0.0194444 0.00269318
0 0.455 0.262778 0.00374997 0.00777777 0.00263214
7 0.665 0.314167 0.00250003 0.0105555 0.00247192
3 0.6925 0.379722 0.00750001 0.0494444 0.00243378
7 0.605625 0.311667 0.00250003 0.00999999 0.00239754
2 0.624375 0.302778 0.00625 0.0194444 0.00235939
2 0.125469 0.422778 0.0129687 0.0311111 0.00230598
0 0.345 0.286667 0.00625 0.0255556 0.00225258
0 0.00761719 0.837778 0.0151563 0.0844445 0.00218201
7 0.2525 0.490833 0.00687501 0.0172222 0.00217438
2 0.81875 0.318889 0.01125 0.02 0.00216484
3 0.69375 0.362222 0.00499999 0.0277778 0.00215721
7 0.645625 0.345556 0.00375004 0.0111111 0.00211525
2 0.571875 0.377222 0.02 0.0455556 0.00210762
7 0.116094 0.436111 0.00421875 0.0138889 0.00209999
3 0.54875 0.271667 0.00687504 0.0166667 0.00209999
0 0.317813 0.322222 0.015625 0.0188889 0.0020504
7 0.655 0.318333 0.00249996 0.0122222 0.00201988
3 0.266563 0.335 0.00562499 0.0144444 0.00197983
7 0.0552734 0.473611 0.00375 0.0116667 0.00196457
0 0.160586 0.378889 0.0113281 0.0244444 0.00186062
2 0.575625 0.347778 0.00875003 0.0388889 0.00182438
0 0.525938 0.275833 0.00562499 0.00888889 0.00181007
3 0.6975 0.346111 0.0125 0.0338889 0.00181007
3 0.81 0.304167 0.00625 0.0194444 0.00172043
0 0.504375 0.280278 0.00625 0.0116666 0.00161076
5 0.00855957 0.435833 0.0171191 0.0377778 0.0015974
2 0.715625 0.298333 0.00499999 0.0155555 0.00157928
0 0.9875 0.333889 0.00750001 0.0138889 0.00148964
7 0.6725 0.467222 0.00750001 0.0277778 0.00145531
1 0.345547 0.268819 0.136406 0.115694 0.00140476
0 0.355938 0.284722 0.00750001 0.025 0.00130463
0 0.965625 0.348333 0.01125 0.02 0.00127411
0 0.8525 0.310556 0.0375 0.0333333 0.00123501
2 0.205938 0.365 0.01 0.0188889 0.00119686
0 0.468125 0.326667 0.01625 0.02 0.00118828
0 0.925 0.332222 0.02125 0.0222222 0.00117874
7 0.600625 0.652778 0.085 0.135556 0.00113392
0 0.423125 0.296667 0.00750001 0.0144444 0.00112057
2 0.578438 0.355556 0.01625 0.0372222 0.00112057
7 0.445 0.030625 0.00625 0.0136111 0.0011158
0 0.00893555 0.848333 0.017832 0.1 0.00111198
0 0.179688 0.382778 0.020625 0.0233333 0.00104046
