0 0.2675 0.868889 0.181875 0.26 0.955078
0 0.499063 0.572778 0.109375 0.244444 0.954102
0 0.285 0.409444 0.0975 0.143333 0.944824
0 0.121406 0.837222 0.185938 0.325556 0.942871
0 0.405938 0.301736 0.068125 0.106528 0.940918
0 0.74625 0.401667 0.1125 0.154444 0.935547
0 0.501875 0.268889 0.06 0.0994444 0.928711
0 0.227656 0.384167 0.0909375 0.120556 0.928711
5 0.589688 0.1875 0.078125 0.172778 0.918457
0 0.0630859 0.421667 0.0769531 0.117778 0.893066
0 0.465625 0.123611 0.033125 0.0444444 0.884766
0 0.187773 0.288403 0.0588281 0.0831944 0.866211
0 0.495313 0.0588889 0.016875 0.0247222 0.85791
4 0.122031 0.599444 0.126875 0.201111 0.850586
7 0.70375 0.199167 0.00750001 0.0244444 0.833496
0 0.59375 0.0683333 0.02375 0.0333333 0.825684
0 0.475625 0.0480556 0.01625 0.0190278 0.820801
0 0.41125 0.0786111 0.0175 0.0258333 0.804199
0 0.0867969 0.256944 0.0348438 0.035 0.804199
0 0.0411035 0.284444 0.0312305 0.0344445 0.803223
0 0.225938 0.188194 0.0371875 0.0441667 0.79834
0 0.36375 0.0820833 0.01875 0.0213889 0.795898
0 0.541875 0.128333 0.0325 0.0483333 0.791992
2 0.860625 0.202778 0.01625 0.0616667 0.789062
0 0.330313 0.124757 0.028125 0.0410417 0.786621
7 0.7525 0.164167 0.00500005 0.02 0.775879
7 0.245625 0.285 0.00875001 0.0277778 0.773438
0 0.51375 0.0264583 0.0125 0.0169444 0.770508
7 0.744375 0.177361 0.00625 0.0225 0.760742
0 0.869375 0.0790972 0.03125 0.0226389 0.751953
0 0.773125 0.0675 0.03875 0.0247222 0.741699
7 0.0314063 0.378889 0.0059375 0.0188889 0.73584
0 0.390938 0.0811111 0.016875 0.0255556 0.733887
2 0.00571289 0.36 0.0114063 0.0355556 0.725098
0 0.486563 0.0229861 0.009375 0.0134722 0.72168
0 0.268281 0.116806 0.0278125 0.0263889 0.715332
0 0.301875 0.134167 0.025625 0.0338889 0.715332
7 0.6925 0.185278 0.00750001 0.0230555 0.710449
0 0.19 0.244722 0.04125 0.055 0.697754
0 0.0766797 0.337778 0.0305469 0.0466667 0.697754
0 0.42 0.0644445 0.0175 0.0247222 0.692871
7 0.044375 0.361389 0.00546875 0.0161111 0.692871
0 0.82 0.0678472 0.035 0.0243056 0.6875
7 0.7725 0.146389 0.00499999 0.0183333 0.680664
0 0.541875 0.0958333 0.0325 0.0397222 0.679199
0 0.281406 0.139444 0.0259375 0.0338889 0.675781
0 0.91 0.0902778 0.0325 0.0236111 0.662109
0 0.556875 0.0679167 0.02 0.0302778 0.660156
0 0.331875 0.0959028 0.02125 0.0295833 0.642578
7 0.770625 0.128333 0.00499999 0.0172222 0.635254
0 0.96375 0.100833 0.025 0.0216667 0.629883
7 0.94625 0.218611 0.00499999 0.0208333 0.565918
0 0.319063 0.0879167 0.01875 0.0220833 0.542969
5 0.394688 0.0436111 0.01625 0.0295833 0.488281
0 0.375 0.0633333 0.015 0.0202778 0.480469
0 0.49625 0.0333333 0.01125 0.0183333 0.476562
0 0.5025 0.0247569 0.00874999 0.0135417 0.462891
0 0.503125 0.0122917 0.00812502 0.0138889 0.420654
2 0.1575 0.202917 0.0103125 0.0272222 0.418701
0 0.395313 0.0636111 0.015625 0.0213889 0.416748
0 0.332188 0.0916667 0.019375 0.0308333 0.394287
0 0.298125 0.116667 0.02125 0.0261111 0.390381
7 0.9475 0.216111 0.00500005 0.0222222 0.357666
0 0.430625 0.0559722 0.015 0.0198611 0.338867
7 0.258125 0.264167 0.008125 0.0227778 0.338135
0 0.28375 0.135833 0.02875 0.035 0.321777
0 0.431875 0.0317014 0.010625 0.0175694 0.320801
2 0.043125 0.312222 0.0132813 0.0411111 0.319092
2 0.228906 0.147639 0.010625 0.0258333 0.297363
0 0.415 0.0443056 0.013125 0.0208333 0.294189
2 0.615625 0.0277778 0.00625 0.015 0.284668
1 0.358125 0.0653472 0.019375 0.0320833 0.281494
7 0.746875 0.128889 0.00499999 0.0180556 0.27832
0 0.299688 0.121944 0.023125 0.0263889 0.271973
0 0.575625 0.0262847 0.01625 0.0115972 0.267334
0 0.383125 0.0660417 0.015 0.0176389 0.264404
3 0.0498438 0.310556 0.008125 0.0361111 0.245117
2 0.223438 0.142778 0.00687499 0.0213889 0.228149
2 0.0411035 0.315 0.0123242 0.0388889 0.224731
3 0.093125 0.269444 0.00953125 0.0361111 0.222656
3 0.142109 0.208056 0.00703125 0.0272222 0.216675
2 0.67375 0.0342361 0.00499999 0.0234722 0.201172
2 0.128828 0.217778 0.00906251 0.0255556 0.196777
7 0.944375 0.235 0.00500005 0.0194445 0.193726
0 0.409688 0.0752778 0.018125 0.0305556 0.188965
0 0.416563 0.0672222 0.01625 0.0261111 0.188965
0 0.3575 0.0758333 0.0175 0.0211111 0.174438
7 0.705 0.0826389 0.00499999 0.0155556 0.172119
7 0.730625 0.119028 0.00500005 0.0280556 0.161377
7 0.7625 0.15375 0.00750001 0.0202778 0.154053
2 0.1325 0.22 0.0071875 0.0255556 0.146606
2 0.302969 0.1025 0.0109375 0.0191667 0.145142
0 0.299219 0.106528 0.015625 0.02 0.137939
7 0.0441406 0.357222 0.00546875 0.0183333 0.137939
0 0.414063 0.0559722 0.015 0.0205556 0.13208
3 0.0875 0.274444 0.0084375 0.0333333 0.122131
3 0.675 0.0497222 0.00499999 0.02 0.121277
2 0.103594 0.255486 0.009375 0.0323611 0.12085
0 0.42625 0.0327778 0.009375 0.0170833 0.118774
5 0.395 0.0515278 0.01625 0.0322222 0.118774
0 0.318438 0.0922222 0.020625 0.0261111 0.11554
2 0.59375 0.0342014 0.00499999 0.0153472 0.112427
0 0.38 0.0715278 0.01375 0.025 0.108948
2 0.0764844 0.334722 0.0304688 0.0477778 0.107056
0 0.578125 0.0275 0.02 0.0122222 0.103394
5 0.413438 0.0246528 0.011875 0.0168056 0.101929
0 0.413125 0.0223958 0.01125 0.0156944 0.101929
2 0.230625 0.145833 0.01 0.0216667 0.100159
0 0.00608398 0.274444 0.0121484 0.0277778 0.0991211
2 0.0898438 0.258333 0.0259375 0.0355555 0.0970459
0 0.38125 0.0541667 0.01625 0.0222222 0.0966797
0 0.408125 0.0473437 0.01125 0.0192014 0.0953369
0 0.261875 0.120521 0.016875 0.0234028 0.0953369
7 0.0692187 0.301111 0.00570312 0.0155555 0.0927124
2 0.00378906 0.364722 0.00757813 0.0461111 0.0838623
2 0.593125 0.0455556 0.00875003 0.0186111 0.0803833
7 0.753125 0.166111 0.00625 0.0188889 0.0803833
0 0.7075 0.0420833 0.025 0.0179167 0.0797729
7 0.74875 0.129167 0.00375004 0.0188889 0.0731812
3 0.130469 0.22125 0.00718751 0.0275 0.0700684
3 0.14375 0.213611 0.00531249 0.0294444 0.0698242
7 0.69 0.0840278 0.00500005 0.0173611 0.0673218
0 0.427188 0.0427083 0.011875 0.0181944 0.0663452
2 0.122734 0.194167 0.0090625 0.0216667 0.0653687
0 0.90625 0.0768056 0.025 0.0216667 0.06427
7 0.0842188 0.292222 0.0046875 0.0133333 0.0628052
7 0.0753906 0.296667 0.0034375 0.0111111 0.0611877
7 0.75375 0.162778 0.00499999 0.0205556 0.0560303
0 0.97 0.102361 0.0325 0.0236111 0.0541992
0 0.453125 0.0107292 0.00749998 0.0103472 0.053009
0 0.965625 0.105556 0.02875 0.0283333 0.0526123
2 0.705625 0.0347222 0.00875003 0.01625 0.0524292
0 0.8475 0.0770833 0.0325 0.0219444 0.0507202
3 0.604375 0.0359375 0.00499999 0.0192361 0.049408
0 0.305938 0.130417 0.0275 0.035 0.0488586
3 0.163125 0.202639 0.00656249 0.0269444 0.0481262
0 0.460313 0.00585069 0.00687501 0.0117014 0.047699
0 0.494688 0.0120833 0.00562499 0.0118056 0.0476074
0 0.431875 0.0246181 0.01 0.0129167 0.0474243
7 0.109453 0.264167 0.00421875 0.02 0.0474243
3 0.134844 0.214444 0.005625 0.0244444 0.0470886
0 0.287969 0.131111 0.03125 0.035 0.0467224
2 0.102188 0.249028 0.00875 0.0291667 0.0460205
0 0.0829883 0.260278 0.0299609 0.0338889 0.0460205
0 0.488125 0.015625 0.00874999 0.0120833 0.0458679
3 0.895 0.0689583 0.00499999 0.01875 0.044342
3 0.232656 0.142361 0.00625 0.0216667 0.044342
3 0.104688 0.212639 0.0053125 0.0183333 0.0435181
0 0.53625 0.00840278 0.00750001 0.0108333 0.0422363
2 0.70625 0.0423611 0.02 0.0188889 0.0417786
5 0.358125 0.0656944 0.01875 0.0302778 0.0413208
3 0.130078 0.206667 0.00640625 0.0294444 0.0375977
3 0.604688 0.039566 0.00499999 0.0189236 0.0362244
0 0.84625 0.0734722 0.03375 0.0231944 0.0351562
7 0.78 0.146111 0.00750001 0.0183333 0.0344849
3 0.221563 0.13875 0.00625 0.0225 0.0340271
3 0.729375 0.100139 0.00625 0.0363889 0.0330811
3 0.230938 0.133889 0.00625 0.0238889 0.0327148
0 0.350625 0.0771528 0.015 0.0201389 0.0318604
0 0.448438 0.0120139 0.009375 0.0125694 0.0316162
7 0.70875 0.08375 0.00500005 0.0194444 0.03125
3 0.170938 0.161111 0.00375001 0.0227778 0.0310211
3 0.153047 0.206111 0.0090625 0.0291667 0.0299835
7 0.125156 0.241667 0.0034375 0.0116667 0.0297546
7 0.69375 0.0781944 0.00499999 0.0152778 0.0296478
0 0.00475586 0.284444 0.00951172 0.0305556 0.0294189
0 0.4625 0.00743056 0.00687501 0.01 0.0266571
0 0.195938 0.236806 0.045625 0.0625 0.0264587
0 0.574063 0.0234722 0.014375 0.0131944 0.0261536
7 0.65125 0.0552778 0.00374997 0.0108333 0.0257568
7 0.0136914 0.386389 0.005625 0.0166667 0.0254669
0 0.71375 0.0426563 0.035 0.0188542 0.025177
7 0.655625 0.0583333 0.00374997 0.0136111 0.0247955
3 0.885 0.0634722 0.00500005 0.02 0.0238647
0 0.442188 0.0333333 0.009375 0.0181944 0.0236969
2 0.559375 0.0545833 0.01625 0.0194444 0.0230713
3 0.885625 0.0536111 0.00499999 0.0211111 0.0220337
3 0.72875 0.106389 0.00750001 0.0436111 0.0220337
0 0.87625 0.0825 0.0325 0.0258333 0.0219421
0 0.36375 0.0883333 0.02 0.0297222 0.0217743
3 0.155078 0.209722 0.00765624 0.0355556 0.0214539
2 0.242969 0.133194 0.0065625 0.0205556 0.0207977
7 0.73375 0.128611 0.00500005 0.0194444 0.0187683
0 0.44125 0.0433333 0.01125 0.0161111 0.0186157
2 0.90125 0.0715278 0.01 0.0194444 0.0175171
7 0.7725 0.141944 0.00625 0.0177778 0.0171051
0 0.45 0.0153472 0.00874999 0.0133333 0.016922
7 0.9475 0.222222 0.00749995 0.0266667 0.0157776
0 0.0760156 0.356944 0.03 0.0505556 0.0147858
3 0.19625 0.157222 0.005 0.0219444 0.0147324
7 0.65625 0.0526389 0.00375004 0.0141667 0.0134277
3 0.6725 0.0311806 0.00625 0.0263889 0.0130692
3 0.888125 0.06 0.00625 0.0236111 0.01297
0 0.256406 0.127778 0.0115625 0.0211111 0.0126266
7 0.69 0.0529861 0.00250003 0.0129167 0.0126266
3 0.165313 0.155833 0.004375 0.0216667 0.012291
7 0.0269141 0.382778 0.00484375 0.0183333 0.0122375
3 0.164375 0.197083 0.004375 0.0208333 0.0121918
0 0.372187 0.0791667 0.015 0.0222222 0.012146
7 0.2575 0.269444 0.011875 0.0416667 0.0113297
2 0.105469 0.265833 0.006875 0.0322222 0.0111618
7 0.254063 0.265556 0.011875 0.0277778 0.0111618
3 0.109297 0.203333 0.00578125 0.0244444 0.0110703
7 0.0668359 0.298889 0.00507813 0.0166667 0.0108185
0 0.554375 0.0700694 0.02375 0.0293056 0.0106964
5 0.00921875 0.264167 0.0184375 0.0311111 0.0106506
7 0.706875 0.0723611 0.00499999 0.0208333 0.0103683
0 0.95875 0.100347 0.0275 0.0226389 0.0101318
0 0.77625 0.0723611 0.045 0.0280556 0.0100098
0 0.41125 0.0328472 0.01625 0.0173611 0.00997162
0 0.473438 0.0493056 0.018125 0.0191667 0.00948334
2 0.214688 0.141944 0.005 0.0188889 0.0091629
2 0.17375 0.157639 0.00625 0.0219444 0.00908661
2 0.6975 0.0477778 0.00750001 0.0186111 0.00841522
3 0.134297 0.19 0.00546875 0.0194444 0.00831604
0 0.525625 0.053125 0.01625 0.0193056 0.0078125
0 0.349375 0.08375 0.01375 0.0195833 0.00775528
7 0.0567969 0.343333 0.00640625 0.0255556 0.00766754
0 0.201094 0.225833 0.0375 0.0475 0.00757599
0 0.314844 0.0891667 0.0234375 0.02 0.00737381
3 0.174063 0.165833 0.00437501 0.0222222 0.00698471
7 0.025625 0.514444 0.00578125 0.0322222 0.00671768
0 0.435625 0.0145833 0.00625 0.0126389 0.00666809
7 0.16875 0.195278 0.004375 0.0183333 0.00666809
7 0.260625 0.267778 0.009375 0.0255555 0.00658798
7 0.0341016 0.369722 0.00382812 0.0133334 0.00658798
7 0.2475 0.294444 0.0125 0.04 0.00658798
2 0.7325 0.106875 0.00875003 0.0448611 0.00621796
2 0.610625 0.0274306 0.00625 0.0201389 0.00614548
7 0.7 0.0783333 0.00499999 0.0169444 0.00612259
3 0.105547 0.221667 0.00531251 0.0227778 0.00605011
0 0.270625 0.128333 0.026875 0.0316667 0.00593567
0 0.419375 0.0701389 0.0175 0.0275 0.00559998
0 0.98375 0.115035 0.0125 0.0171528 0.00557709
0 0.1925 0.150556 0.03625 0.0344445 0.00553513
0 0.00861328 0.278333 0.0172266 0.0288889 0.0053215
0 0.99375 0.120972 0.0124999 0.0247222 0.00527954
3 0.233125 0.126111 0.005 0.0233333 0.00511932
7 0.68625 0.0828472 0.00499999 0.0131944 0.0050621
2 0.783125 0.0561111 0.01625 0.0230556 0.00494385
0 0.204531 0.150139 0.01375 0.0266667 0.0049057
0 0.079336 0.343056 0.0363281 0.0544445 0.0049057
2 0.248125 0.125278 0.01375 0.0222222 0.00477219
0 0.54625 0.0520139 0.00999997 0.0169444 0.00468063
2 0.206875 0.143333 0.011875 0.0216667 0.00466537
3 0.0282813 0.464444 0.011875 0.0511111 0.00466537
2 0.00816895 0.359722 0.016084 0.0405556 0.00455475
0 0.21125 0.205278 0.0190625 0.0327778 0.00443268
2 0.968125 0.144722 0.01125 0.0283333 0.00439835
0 0.2175 0.149722 0.023125 0.0288889 0.00439835
0 0.854375 0.0820139 0.025 0.0229167 0.00439835
0 0.542188 0.0859028 0.02375 0.0370833 0.0042305
0 0.335625 0.106319 0.025 0.0306944 0.00395966
7 0.6725 0.0514583 0.00499999 0.0165278 0.00395966
0 0.711875 0.0362847 0.02625 0.0190972 0.0039444
0 0.268438 0.135 0.0340625 0.0344444 0.00391388
0 0.253906 0.127778 0.02125 0.0222222 0.00388527
0 0.355938 0.0720833 0.024375 0.0236111 0.00362206
2 0.733125 0.0357986 0.0125 0.0184028 0.00359344
0 0.475313 0.0559722 0.016875 0.0252778 0.00340271
0 0.51 0.0526389 0.02125 0.0302778 0.00337601
3 0.310781 0.231111 0.0184375 0.0444444 0.00336266
5 0.00348633 0.249722 0.00697266 0.0288889 0.00332451
0 0.214844 0.155833 0.01875 0.0294444 0.00331116
0 0.495625 0.0643056 0.01625 0.0294444 0.00323486
0 0.499688 0.00524306 0.00687501 0.0104861 0.00322342
2 0.00396973 0.350833 0.00772461 0.0472222 0.00321007
2 0.85875 0.203056 0.0225 0.0672222 0.00317192
3 0.149219 0.223056 0.00578125 0.0305556 0.00317192
2 0.709375 0.05125 0.00874996 0.0227778 0.00311089
7 0.615938 0.0463194 0.00437501 0.0123611 0.00307465
0 0.73375 0.04 0.0125 0.0176389 0.00305176
0 0.915 0.0934722 0.03625 0.0263889 0.00302696
7 0.771875 0.126944 0.00750001 0.02 0.00292397
2 0.73125 0.121389 0.00750001 0.0238889 0.00279999
3 0.100391 0.217778 0.00593751 0.0205556 0.00274658
7 0.115078 0.264444 0.0053125 0.0177778 0.0026722
7 0.67375 0.0577778 0.00499999 0.0158333 0.00261116
0 0.521875 0.0534028 0.0125 0.0188889 0.00259018
3 0.0744141 0.227778 0.00695312 0.0233333 0.00259018
0 0.593125 0.0605556 0.0199999 0.0325 0.00257111
2 0.120938 0.195833 0.0153125 0.0238889 0.00251198
5 0.0108984 0.255556 0.0215625 0.0388889 0.00251198
0 0.33875 0.0784722 0.0125 0.0230556 0.00251198
0 0.524375 0.0573611 0.016875 0.0213889 0.00248146
2 0.66625 0.0357986 0.00499999 0.020625 0.00245285
2 0.72875 0.10941 0.00999997 0.0422917 0.00245285
0 0.99625 0.06375 0.00749995 0.0284722 0.00239754
2 0.615313 0.0204514 0.00625 0.0225 0.00235939
0 0.871875 0.0866667 0.03625 0.0327778 0.00232315
0 0.715625 0.0358333 0.03625 0.0202778 0.00231361
0 0.192813 0.256667 0.046875 0.0555556 0.00226974
3 0.0278711 0.456667 0.00691406 0.0305556 0.00225258
2 0.0730469 0.366389 0.020625 0.03 0.00214958
3 0.715 0.149444 0.00999997 0.0777778 0.00214005
3 0.0236719 0.48 0.0151172 0.0844444 0.00213242
3 0.190625 0.159722 0.00562501 0.025 0.00213242
0 0.5475 0.0207639 0.01125 0.0136111 0.00209999
0 0.0464746 0.267778 0.0212695 0.0233333 0.00204277
2 0.0374219 0.247639 0.00734375 0.0186111 0.00203514
