0 0.179688 0.675556 0.150625 0.275556 0.964844
0 0.504375 0.703333 0.1325 0.355556 0.956543
0 0.312813 0.755556 0.149375 0.32 0.954102
0 0.73375 0.768889 0.1825 0.393333 0.954102
0 0.0341992 0.879444 0.0681641 0.238889 0.938965
0 0.278594 0.432778 0.100938 0.144444 0.933594
0 0.23125 0.382778 0.0875 0.121111 0.927246
0 0.433125 0.224722 0.05 0.0738889 0.908203
0 0.118359 0.581667 0.121406 0.191111 0.89502
1 0.654375 0.17375 0.12875 0.194167 0.893555
5 0.22125 0.176667 0.053125 0.0944444 0.885742
0 0.55125 0.103194 0.0325 0.0505556 0.880859
0 0.108828 0.315 0.0546875 0.0788889 0.876465
0 0.183438 0.267708 0.0525 0.07125 0.863281
0 0.46375 0.0942361 0.023125 0.0309722 0.84082
0 0.15 0.247778 0.045625 0.0583333 0.836426
0 0.28625 0.162778 0.04 0.0577778 0.835449
7 0.744375 0.175556 0.00625 0.0211111 0.803223
0 0.0740234 0.258056 0.0353906 0.0361111 0.803223
0 0.325938 0.114722 0.02375 0.0327778 0.795898
7 0.245 0.281667 0.008125 0.0255555 0.789062
7 0.0310938 0.3775 0.005625 0.0183333 0.779785
0 0.4725 0.0697917 0.01875 0.0256944 0.773438
1 0.549063 0.0527778 0.038125 0.0605556 0.764648
0 0.368125 0.08875 0.01875 0.03 0.747559
0 0.252188 0.153472 0.028125 0.0383333 0.73877
0 0.498438 0.0570139 0.0175 0.0273611 0.73584
7 0.0448438 0.360556 0.005 0.0166667 0.730957
7 0.753125 0.163889 0.00499999 0.0191667 0.728027
0 0.0143945 0.314444 0.0286328 0.0344445 0.723145
0 0.393438 0.0649306 0.015625 0.0208333 0.694336
0 0.8175 0.0623611 0.0325 0.0247222 0.684082
0 0.0514453 0.287778 0.0327344 0.0355555 0.679199
7 0.77 0.128194 0.00499999 0.0163889 0.679199
0 0.7875 0.065 0.04 0.0241667 0.677246
0 0.4075 0.0647222 0.015625 0.0213889 0.675781
0 0.425625 0.0591667 0.015 0.0231944 0.665527
0 0.0351758 0.29 0.0319922 0.035 0.654785
2 0.00421143 0.365833 0.00842285 0.0422222 0.645996
2 0.68625 0.0443056 0.00625 0.0243056 0.620605
7 0.7725 0.146944 0.00499999 0.0183333 0.620605
0 0.295156 0.126806 0.025 0.0325 0.611328
0 0.765 0.0569444 0.035 0.0247222 0.607422
0 0.488125 0.0316667 0.0125 0.0181944 0.598145
0 0.514688 0.0250694 0.01 0.0158333 0.583008
0 0.434375 0.0490278 0.01375 0.0188889 0.565918
2 0.6525 0.050625 0.00875003 0.0251389 0.550781
2 0.69625 0.0680556 0.00875003 0.0311111 0.535156
0 0.341875 0.0863889 0.01875 0.0255556 0.529297
2 0.67625 0.0516667 0.00625 0.025 0.507812
7 0.94625 0.221389 0.00499999 0.0172222 0.503906
7 0.257812 0.265556 0.008125 0.0233333 0.503906
2 0.111797 0.2175 0.0107813 0.0266667 0.5
3 0.143984 0.208056 0.00578124 0.0366667 0.496094
0 0.488125 0.0379167 0.01375 0.0215278 0.480469
0 0.918125 0.0920833 0.03375 0.0258333 0.453369
0 0.355 0.0773611 0.015 0.0202778 0.420654
3 0.170625 0.191667 0.00562499 0.0261111 0.354004
0 0.338125 0.0826389 0.01625 0.0247222 0.348633
3 0.154063 0.1975 0.00609376 0.0261111 0.343262
0 0.376563 0.0606944 0.015625 0.0244444 0.336426
0 0.52125 0.0325 0.01 0.01875 0.325928
3 0.153281 0.198889 0.00562499 0.0261111 0.305664
0 0.430625 0.0550694 0.01625 0.02125 0.304932
0 0.82 0.0661111 0.0325 0.0258333 0.29248
3 0.568125 0.178611 0.00999997 0.0283333 0.291016
0 0.49875 0.0136111 0.00875003 0.0140278 0.279785
0 0.404063 0.0325 0.013125 0.0186111 0.27832
0 0.7525 0.0463889 0.025 0.0175 0.27832
0 0.531875 0.0278125 0.01 0.0150694 0.271973
0 0.9775 0.106389 0.025 0.0202778 0.265869
0 0.5025 0.0240972 0.00874999 0.0141667 0.256836
0 0.78 0.0645833 0.04125 0.0280556 0.245117
2 0.70875 0.0839583 0.00999997 0.0415278 0.240723
0 0.334375 0.0852778 0.01625 0.025 0.222656
3 0.141016 0.208056 0.00671875 0.0311111 0.209473
0 0.413438 0.0449306 0.013125 0.0201389 0.20813
0 0.393125 0.0608333 0.015 0.0219444 0.206909
3 0.144609 0.218056 0.00578125 0.0211111 0.196777
0 0.356875 0.0680556 0.01375 0.0180556 0.186523
7 0.74875 0.127361 0.00499999 0.0194444 0.186523
3 0.151484 0.200833 0.00484374 0.0288889 0.177856
3 0.69875 0.0655556 0.00750001 0.0330556 0.176147
0 0.36375 0.0621528 0.015 0.02125 0.165039
3 0.163125 0.201667 0.00656249 0.0266667 0.151001
3 0.17375 0.197083 0.00562499 0.03 0.148071
0 0.43125 0.0319444 0.0125 0.0180556 0.147583
3 0.708125 0.080625 0.00874996 0.045 0.147583
0 0.00616699 0.278333 0.012334 0.0288889 0.144165
7 0.746875 0.126111 0.00499999 0.0194445 0.1427
3 0.145625 0.199028 0.00562499 0.0255556 0.139893
7 0.76125 0.155 0.00750001 0.0194444 0.139404
0 0.40625 0.0456944 0.01375 0.0206944 0.135254
7 0.0689844 0.300556 0.00421875 0.0166667 0.13208
2 0.167188 0.191944 0.00687499 0.0294444 0.128052
0 0.978125 0.110243 0.02875 0.0234028 0.127197
3 0.73 0.0948611 0.00750001 0.0438889 0.126343
0 0.7425 0.0419444 0.0275 0.0193056 0.12085
0 0.80625 0.06375 0.04 0.0236111 0.117554
5 0.00900391 0.270556 0.0179297 0.0333333 0.113159
0 0.48875 0.0250694 0.01125 0.0143056 0.112427
0 0.500625 0.015625 0.01 0.0131944 0.110107
0 0.427188 0.0347569 0.011875 0.0192361 0.109314
3 0.70875 0.0652083 0.00625 0.0279167 0.105957
0 0.424375 0.0526389 0.01375 0.02 0.105225
3 0.1725 0.195556 0.00687501 0.0294444 0.104126
3 0.64375 0.0400694 0.00499999 0.0209722 0.101257
0 0.39375 0.0477778 0.01125 0.0188889 0.0939941
0 0.8225 0.0725694 0.035 0.0240278 0.0897827
7 0.73125 0.123056 0.00499999 0.0236111 0.0875854
0 0.3825 0.0561111 0.01625 0.0236111 0.0853882
0 0.382813 0.0608333 0.014375 0.0244444 0.085083
3 0.7075 0.0731944 0.00750001 0.0388889 0.0844727
0 0.793125 0.05 0.03125 0.0202778 0.0827026
0 0.535 0.00875 0.00749998 0.0127778 0.0812378
0 0.79125 0.0550695 0.0375 0.0229167 0.0789185
0 0.0096582 0.272778 0.0193164 0.03 0.0778198
3 0.643125 0.0372917 0.00500005 0.0229167 0.0775146
0 0.431875 0.0215625 0.01 0.0102083 0.0772095
7 0.948125 0.225556 0.00499999 0.0197222 0.0758667
2 0.68625 0.0413194 0.00750001 0.0263889 0.0750122
0 0.209688 0.171944 0.03875 0.055 0.0710449
7 0.0141309 0.383056 0.00556641 0.0177778 0.0692749
7 0.77875 0.1475 0.00625 0.0177778 0.0687866
2 0.2 0.191667 0.026875 0.0305556 0.0668335
3 0.274375 0.095 0.00562499 0.0208333 0.0646362
0 0.0287939 0.291667 0.0247559 0.0311111 0.0640869
0 0.460938 0.00484375 0.00625 0.0096875 0.0635986
0 0.76 0.0559028 0.03375 0.0234722 0.0634766
2 0.6575 0.0374306 0.00750001 0.0204167 0.0632324
0 0.604688 0.0980556 0.028125 0.0327778 0.0630493
2 0.185781 0.199167 0.00593751 0.0222222 0.0628052
3 0.0864063 0.271667 0.00875 0.03 0.0614319
0 0.200625 0.186389 0.0365625 0.04 0.058136
7 0.735 0.129722 0.00499999 0.0177778 0.0560303
7 0.75375 0.165694 0.00750001 0.0186111 0.055603
2 0.121875 0.194444 0.00859375 0.0216667 0.0545959
0 0.41625 0.0331597 0.01 0.0134028 0.0522461
7 0.595625 0.0459028 0.00375004 0.0125 0.0514526
0 0.453438 0.0111458 0.00687497 0.0102778 0.0455322
0 0.00302002 0.323333 0.00604004 0.0255555 0.0453491
0 0.499375 0.00576389 0.00625 0.0115278 0.0453491
0 0.79625 0.0536111 0.025 0.0208333 0.0435181
7 0.675 0.085625 0.00499999 0.0148611 0.0422363
3 0.165 0.178889 0.005 0.02 0.0401001
0 0.37875 0.0584722 0.01875 0.0263889 0.0399475
3 0.27 0.0961806 0.00562503 0.0209722 0.0397949
2 0.71125 0.0820833 0.01125 0.0458333 0.0384521
0 0.461875 0.0811111 0.02125 0.0347222 0.0379639
7 0.75375 0.1625 0.00499999 0.0194444 0.0379028
0 0.198281 0.194722 0.0296875 0.0302778 0.0372009
0 0.446563 0.0145833 0.00874999 0.0125 0.0354004
0 0.5325 0.0223611 0.01125 0.0116667 0.0354004
0 0.365625 0.0555556 0.0125 0.0197222 0.0351562
7 0.0757031 0.296111 0.00531251 0.0166667 0.0324707
3 0.136719 0.188056 0.00531249 0.0205556 0.0317383
0 0.436875 0.0133681 0.00874999 0.0125 0.0309143
0 0.34625 0.0730556 0.01375 0.0205556 0.0292053
7 0.125156 0.244167 0.00281251 0.0138889 0.0289764
7 0.69 0.08875 0.00500005 0.0191667 0.028656
7 0.0845313 0.29 0.0059375 0.0222222 0.0271759
3 0.569375 0.178472 0.01375 0.0313889 0.0269623
0 0.441875 0.0279167 0.00874999 0.0145833 0.0264587
0 0.78625 0.0697222 0.04 0.0294444 0.0263519
0 0.527188 0.0104167 0.00812502 0.0133333 0.0255585
0 0.0247607 0.303889 0.0238379 0.0377778 0.025177
0 0.449375 0.0153819 0.00812499 0.0129861 0.0241394
2 0.715 0.06875 0.00749995 0.0319444 0.0234222
2 0.116953 0.211111 0.01875 0.0277778 0.021698
0 0.61125 0.0860417 0.01625 0.0275 0.0207977
3 0.183594 0.167222 0.0059375 0.0263889 0.0195007
3 0.174531 0.174583 0.004375 0.0175 0.0191193
0 0.239063 0.145556 0.02 0.0377778 0.018692
3 0.289688 0.0956944 0.00687501 0.0198611 0.0182343
0 0.608438 0.104028 0.035 0.0361111 0.0180511
0 0.5275 0.0429861 0.00874999 0.0222222 0.0178528
2 0.190625 0.195 0.00875001 0.0241667 0.0171814
7 0.946875 0.215417 0.00499999 0.0202778 0.0168457
3 0.285313 0.0983333 0.00437498 0.0122222 0.0165863
0 0.83125 0.0735417 0.045 0.0270833 0.016098
0 0.302813 0.121979 0.023125 0.0271528 0.0160217
0 0.376563 0.0659722 0.015 0.0244444 0.0158386
0 0.608125 0.09125 0.02375 0.0301389 0.0149002
3 0.72625 0.08375 0.00750001 0.0336111 0.014061
7 0.0953906 0.283333 0.004375 0.0211111 0.0140076
3 0.71625 0.118368 0.00750001 0.0465972 0.0131683
3 0.731875 0.106528 0.00875003 0.0430556 0.0125732
3 0.7125 0.0870139 0.01 0.0427778 0.0119171
0 0.205156 0.18375 0.0278125 0.0375 0.0113754
3 0.136172 0.208333 0.00484374 0.0261111 0.0110321
0 0.338125 0.0753472 0.01875 0.0240278 0.0109482
2 0.689375 0.05625 0.00625 0.0325 0.0103302
3 0.203125 0.255833 0.016875 0.0572222 0.00919342
0 0.99625 0.120278 0.00749995 0.0211111 0.0091629
7 0.113906 0.284167 0.00828125 0.0261111 0.0091629
0 0.400313 0.0347569 0.015625 0.0178472 0.00908661
3 0.7325 0.1225 0.00750001 0.0247222 0.00894928
3 0.7275 0.0955556 0.00749995 0.0325 0.00878143
0 0.728125 0.0474826 0.035 0.0222569 0.00837708
2 0.295938 0.0991667 0.00499999 0.0108333 0.00834656
0 0.289844 0.141667 0.035625 0.0444444 0.00834656
0 0.978125 0.115521 0.02875 0.0295139 0.00812531
3 0.169688 0.168611 0.00562499 0.0238889 0.00806427
7 0.94375 0.234167 0.00499999 0.0205556 0.0077858
3 0.0836719 0.222083 0.00578125 0.0188889 0.00769424
3 0.99125 0.119965 0.00999997 0.0245139 0.00712204
7 0.0318359 0.378889 0.00671875 0.0183333 0.00709534
7 0.94125 0.218611 0.00500005 0.0172222 0.0069313
2 0.119922 0.198333 0.01625 0.0266667 0.00666809
3 0.705 0.0503472 0.00499999 0.01625 0.00664139
3 0.885625 0.0595139 0.00499999 0.0230556 0.00664139
0 0.438125 0.0454861 0.01625 0.0180556 0.00661469
0 0.318125 0.118646 0.018125 0.0365972 0.00651169
7 0.604375 0.0452778 0.00374997 0.0119444 0.00636292
0 0.389375 0.0353125 0.01125 0.0204861 0.00591278
5 0.00783203 0.260069 0.0156641 0.0476389 0.00572968
2 0.725 0.0722222 0.00750001 0.0266667 0.00564194
3 0.196563 0.157639 0.005 0.0188889 0.00557709
7 0.261563 0.262222 0.00874999 0.0211111 0.0055542
2 0.66375 0.0363194 0.00499999 0.0186111 0.00510025
0 0.7775 0.0708333 0.0449999 0.0316667 0.0049057
0 0.28375 0.150556 0.0325 0.0377778 0.0049057
0 0.8975 0.0875 0.0275 0.0247222 0.00471878
3 0.234063 0.115278 0.005 0.0191667 0.0045929
3 0.266563 0.104028 0.005 0.0163889 0.00453949
0 0.145469 0.2475 0.0384375 0.05 0.00416565
0 0.844375 0.0794444 0.035 0.0238889 0.00411606
7 0.95375 0.211389 0.00500005 0.0155556 0.0041008
0 0.64875 0.0968056 0.02875 0.0408333 0.00403976
2 0.584375 0.0132639 0.00874996 0.0130556 0.00400543
0 0.205 0.155694 0.015625 0.0369444 0.00397491
7 0.585 0.0486111 0.00374997 0.0126389 0.00385475
2 0.0951563 0.207361 0.006875 0.0180556 0.00385475
3 0.0667188 0.302778 0.005625 0.0272222 0.00382423
7 0.7725 0.141806 0.00499999 0.0163889 0.00376511
2 0.9675 0.147778 0.00750001 0.0261111 0.00376511
2 0.0864063 0.243611 0.0129687 0.0255556 0.00376511
0 0.734375 0.0379861 0.015 0.02125 0.0037365
0 0.198125 0.198889 0.0378125 0.0383333 0.00372124
3 0.155156 0.180139 0.00484376 0.0225 0.00370789
0 0.98625 0.106042 0.025 0.0243056 0.00362206
7 0.625313 0.0480556 0.003125 0.01 0.00341606
3 0.20625 0.258333 0.011875 0.0555555 0.00328636
0 0.464375 0.00753472 0.00625 0.00993056 0.00327301
7 0.7675 0.13375 0.00499999 0.0166667 0.00324821
0 0.424688 0.0136111 0.00874999 0.0133333 0.00319672
7 0.935625 0.245278 0.00625 0.0277778 0.00319672
7 0.238281 0.287222 0.00843749 0.0233333 0.00318527
7 0.252813 0.269444 0.009375 0.03 0.00317192
7 0.7675 0.125278 0.00625 0.0205556 0.00314713
7 0.955625 0.271111 0.00499999 0.0277778 0.00309944
0 0.731875 0.05875 0.01125 0.0252778 0.00305176
0 0.501875 0.05375 0.02 0.0273611 0.00302696
3 0.885625 0.0533333 0.00625 0.0208333 0.00298119
3 0.123359 0.219722 0.0053125 0.0222222 0.00298119
3 0.389375 0.189722 0.02375 0.0622222 0.00298119
0 0.79375 0.0369444 0.0225 0.0215278 0.0029583
2 0.0771875 0.230278 0.00906251 0.0227778 0.00293541
3 0.255625 0.0997222 0.00437501 0.0133333 0.00292397
1 0.544063 0.0463194 0.0475 0.0480556 0.00286674
7 0.93625 0.249722 0.00499999 0.0272222 0.00282288
1 0.54625 0.0422396 0.045 0.066632 0.00279999
2 0.00355957 0.378056 0.00711914 0.0583333 0.00275803
0 0.55 0.0952778 0.03375 0.0427778 0.0027256
2 0.6975 0.0611111 0.00750001 0.0341667 0.00271416
0 0.6275 0.0996528 0.0112501 0.0320833 0.00270462
3 0.38625 0.190278 0.01375 0.0616667 0.0026722
0 0.32125 0.0885417 0.01625 0.0191667 0.00261116
7 0.0145117 0.342778 0.00675781 0.0277778 0.00260162
3 0.16625 0.163056 0.00625 0.0244444 0.00252151
0 0.373125 0.0898611 0.02875 0.0319444 0.00250244
0 0.876875 0.0847222 0.03125 0.025 0.00246239
0 0.218594 0.194444 0.0434375 0.0575 0.00245285
0 0.98875 0.128333 0.02 0.035 0.0024147
3 0.215313 0.278611 0.00874999 0.0616667 0.00232315
3 0.0901563 0.204167 0.00718749 0.0238889 0.00232315
3 0.7325 0.0926389 0.00750001 0.0483333 0.00231361
3 0.135625 0.180556 0.0075 0.0233333 0.00228691
3 0.715 0.120833 0.00875003 0.0533333 0.00224304
2 0.13 0.201667 0.00874999 0.0255555 0.00219917
7 0.67125 0.0498611 0.00500005 0.0225 0.00211525
0 0.86625 0.085 0.0275 0.0230556 0.00209999
4 0.118887 0.582222 0.120977 0.191111 0.00197983
0 0.499375 0.0622917 0.01875 0.0308333 0.00197983
0 0.6575 0.101528 0.02125 0.0369444 0.0019722
2 0.67625 0.0401389 0.00499999 0.0256944 0.00192642
3 0.272969 0.20375 0.0103125 0.0586111 0.00190449
0 0.414375 0.0641667 0.02 0.0261111 0.00186062
0 0.996875 0.129306 0.00624994 0.0347222 0.00185299
5 0.92125 0.0664583 0.04 0.0504167 0.00178909
0 0.620313 0.0895833 0.0225 0.0311111 0.00178909
7 0.0260938 0.371667 0.00460937 0.0144444 0.00178909
0 0.651875 0.100208 0.025 0.0415278 0.00177479
0 0.87125 0.0851389 0.02625 0.0230556 0.00175476
7 0.615625 0.0493056 0.00375004 0.0130556 0.00174809
3 0.73375 0.0675694 0.00500005 0.0198611 0.00169373
7 0.615625 0.0685417 0.00499999 0.0190278 0.00167465
0 0.406875 0.0276736 0.014375 0.0210417 0.0016613
0 0.680625 0.1225 0.0137499 0.0222222 0.0016489
7 0.575625 0.0490278 0.00625 0.0152778 0.00164223
