0 0.213281 0.599028 0.140938 0.241944 0.955566
0 0.0792578 0.907778 0.152734 0.182222 0.95166
0 0.113301 0.604445 0.128711 0.216667 0.949707
0 0.634375 0.387222 0.10125 0.178889 0.949219
0 0.379688 0.3625 0.11375 0.241667 0.948242
0 0.68875 0.283819 0.0925 0.123472 0.935059
0 0.50125 0.304375 0.0675 0.123472 0.933594
5 0.74 0.815556 0.21375 0.366667 0.931152
0 0.226719 0.378889 0.0940625 0.128333 0.922363
0 0.149844 0.285833 0.0559375 0.0827778 0.911621
0 0.0893945 0.335 0.0533984 0.0811111 0.906738
0 0.233125 0.221389 0.046875 0.065 0.905273
0 0.5525 0.104792 0.03875 0.0720833 0.896973
0 0.500625 0.106111 0.028125 0.0383333 0.895508
0 0.296563 0.368611 0.093125 0.136111 0.891113
0 0.544375 0.02375 0.0125 0.0172222 0.875977
0 0.094082 0.250278 0.0355859 0.0361111 0.870605
0 0.0212891 0.914444 0.0423438 0.164444 0.865234
0 0.53 0.0489583 0.0175 0.0256944 0.862305
0 0.451563 0.116806 0.029375 0.0444444 0.86084
0 0.505625 0.0709028 0.02125 0.0323611 0.853027
0 0.24875 0.181667 0.03625 0.0388889 0.827637
0 0.755625 0.0643056 0.03875 0.0236111 0.82666
0 0.573125 0.0816667 0.02625 0.0359722 0.819824
0 0.3225 0.128924 0.031875 0.0427083 0.818848
2 0.8 0.164722 0.0250001 0.0522222 0.818848
0 0.365938 0.0670833 0.015 0.0188889 0.816406
0 0.0146484 0.463611 0.0292188 0.1 0.816406
0 0.244063 0.128889 0.028125 0.0286111 0.813965
0 0.279219 0.137187 0.03625 0.060625 0.808105
0 0.339375 0.0852778 0.0175 0.0230556 0.801758
0 0.035625 0.303333 0.0346875 0.0422222 0.786621
0 0.400625 0.0633333 0.01625 0.0222222 0.782715
0 0.0423828 0.495556 0.0846094 0.157778 0.782715
7 0.255938 0.265 0.0075 0.0233333 0.773438
0 0.380938 0.06125 0.01375 0.02 0.770508
0 0.00786133 0.323889 0.0157031 0.0277778 0.751953
5 0.4725 0.0312153 0.015 0.0278472 0.749023
0 0.49625 0.0396007 0.01375 0.0196875 0.749023
0 0.733125 0.059375 0.03375 0.0238889 0.741699
0 0.309844 0.0917361 0.0196875 0.0226389 0.741699
0 0.286563 0.104097 0.020625 0.0256944 0.741699
2 0.0389258 0.347222 0.0155078 0.04 0.741699
0 0.163477 0.243056 0.0449219 0.0505556 0.740234
0 0.4575 0.0922917 0.025 0.0318056 0.73877
7 0.242813 0.280833 0.008125 0.0227778 0.73877
0 0.42125 0.0589583 0.014375 0.0211111 0.723145
7 0.743125 0.172778 0.00625 0.0205556 0.723145
0 0.905 0.0877083 0.0275 0.0229167 0.713867
0 0.0230273 0.302778 0.0271094 0.0333333 0.686035
0 0.430938 0.050625 0.010625 0.0191667 0.672363
7 0.75125 0.160556 0.00499999 0.0186111 0.672363
0 0.81375 0.0670139 0.0375 0.02375 0.663574
0 0.93875 0.0952778 0.025 0.0225 0.660156
0 0.464375 0.0676389 0.02125 0.0288889 0.631836
7 0.945 0.214722 0.00499999 0.0183333 0.611328
0 0.324375 0.111111 0.026875 0.0372222 0.588867
2 0.104844 0.208611 0.0065625 0.0183333 0.588867
0 0.860625 0.0800694 0.035 0.0247222 0.586914
7 0.0286328 0.378611 0.00507813 0.0194444 0.575684
0 0.0582813 0.278333 0.0317188 0.0311111 0.563965
0 0.505625 0.0241667 0.01125 0.0156944 0.556641
0 0.48625 0.00826389 0.00750001 0.0102778 0.554688
0 0.0525684 0.275 0.0325195 0.0288889 0.552734
7 0.0269922 0.379444 0.00554688 0.0177778 0.537109
0 0.387812 0.0436806 0.01 0.0175 0.525391
7 0.70375 0.0790278 0.00374997 0.0125 0.490234
0 0.85375 0.0793056 0.035 0.0238889 0.482422
7 0.94375 0.218889 0.00499999 0.0186111 0.482422
0 0.468125 0.0514583 0.015 0.0190278 0.458984
0 0.505938 0.0216319 0.010625 0.0150694 0.456055
0 0.152969 0.214167 0.0215625 0.0305556 0.453369
0 0.283438 0.107986 0.025625 0.0270833 0.449463
0 0.506875 0.00833333 0.00874999 0.0106944 0.44165
7 0.74375 0.124444 0.00499999 0.0155556 0.437744
0 0.495625 0.0336458 0.0125 0.0179861 0.420654
0 0.93875 0.0913889 0.02625 0.0216667 0.413086
7 0.7675 0.129722 0.00499999 0.0177778 0.412109
0 0.0626563 0.28 0.0279688 0.0316666 0.392334
0 0.465938 0.0595833 0.020625 0.025 0.391357
0 0.323203 0.119132 0.0285937 0.0428472 0.390381
2 0.171875 0.18375 0.0075 0.0244445 0.379395
2 0.72875 0.117535 0.00999997 0.0454861 0.36377
0 0.531875 0.0127083 0.00875003 0.0120833 0.361084
0 0.409063 0.0484722 0.011875 0.0188889 0.350342
2 0.0526172 0.243472 0.00703125 0.0175 0.350342
7 0.65125 0.0527778 0.00250003 0.0106944 0.342529
2 0.151406 0.214028 0.018125 0.0319444 0.334473
2 0.137891 0.200833 0.00765624 0.0233333 0.307373
0 0.410938 0.0609722 0.010625 0.0213889 0.305664
0 0.4275 0.0223958 0.01125 0.0131944 0.289307
0 0.41 0.0579167 0.01125 0.02 0.286865
0 0.420938 0.0518056 0.011875 0.0180556 0.269043
0 0.494375 0.0149306 0.00749998 0.0130556 0.265869
0 0.860625 0.0740278 0.0325 0.0202778 0.259766
0 0.0270361 0.303333 0.0320996 0.0388889 0.259766
0 0.46 0.073125 0.02125 0.0298611 0.259766
7 0.67125 0.0513889 0.00374997 0.0119444 0.259033
0 0.3925 0.0465278 0.00874999 0.0161111 0.255371
7 0.70125 0.19875 0.00750001 0.0247222 0.252441
0 0.0454688 0.278333 0.0265625 0.0305556 0.24939
2 0.137188 0.198333 0.00687499 0.0227778 0.246582
0 0.425938 0.0259375 0.010625 0.0142361 0.242188
7 0.94125 0.217778 0.00500005 0.0183333 0.230957
0 0.3975 0.031875 0.00750001 0.0122222 0.228149
0 0.494375 0.0189931 0.010625 0.0124306 0.226074
3 0.170938 0.186667 0.00812499 0.0261111 0.209473
7 0.655 0.0481944 0.00249996 0.00861111 0.204956
0 0.80875 0.0683333 0.0375 0.0244444 0.191284
0 0.113906 0.195556 0.0196875 0.025 0.190674
2 0.61625 0.0289236 0.00437501 0.0153472 0.190063
7 0.75375 0.1575 0.00499999 0.0169444 0.186523
7 0.745 0.127778 0.00499999 0.0177778 0.185913
0 0.81875 0.0683333 0.035 0.0252778 0.182983
7 0.00472168 0.379167 0.00754883 0.0222222 0.182373
0 0.50125 0.0482639 0.015 0.0215278 0.175537
0 0.369688 0.06 0.013125 0.0172222 0.17334
2 0.59125 0.0200694 0.00562503 0.0144444 0.170532
7 0.0655469 0.298611 0.00453125 0.0155556 0.168335
0 0.444063 0.0111806 0.00812499 0.0108333 0.153564
0 0.0247461 0.297222 0.0239063 0.03 0.150513
0 0.413125 0.0503472 0.0125 0.0176389 0.150024
7 0.0763672 0.293889 0.00429688 0.0122222 0.150024
7 0.70125 0.0777778 0.00499999 0.0168056 0.149048
0 0.406875 0.0333333 0.00749998 0.0136111 0.147095
0 0.743125 0.0629167 0.0449999 0.0261111 0.144165
7 0.766875 0.131111 0.00499999 0.0161111 0.135742
0 0.0412109 0.294722 0.0367188 0.0377778 0.128906
0 0.5 0.005 0.00749998 0.01 0.122925
0 0.415313 0.0347917 0.00874999 0.0169444 0.119995
2 0.151094 0.208889 0.0165625 0.0288889 0.112427
0 0.3925 0.0524306 0.01125 0.0163889 0.109314
0 0.0523438 0.28 0.0296094 0.0344444 0.109314
0 0.162656 0.254375 0.0475 0.0568056 0.106323
2 0.231563 0.130556 0.00687499 0.0258333 0.105591
7 0.215313 0.155139 0.00406249 0.0130556 0.104858
5 0.43625 0.0134028 0.00625 0.0122222 0.103027
2 0.00385254 0.378333 0.00750977 0.0266667 0.101562
7 0.594375 0.0452083 0.00374997 0.0118056 0.0960083
7 0.252188 0.263889 0.0078125 0.0233333 0.0957031
2 0.135234 0.178611 0.0096875 0.0205556 0.0917358
0 0.453125 0.009375 0.00625 0.00847222 0.0907593
0 0.0482422 0.271389 0.0274219 0.0261111 0.0866089
0 0.287188 0.100278 0.01875 0.0216667 0.0823975
0 0.529375 0.0161806 0.01125 0.01375 0.0731812
0 0.334375 0.0954167 0.0175 0.0258333 0.0663452
0 0.47125 0.0448611 0.014375 0.0229167 0.0651245
0 0.8475 0.0775 0.0300001 0.0219444 0.0639648
0 0.0168555 0.305833 0.0280078 0.0355555 0.0630493
0 0.148203 0.273958 0.0407813 0.0565278 0.0609741
0 0.4375 0.0292361 0.00749998 0.0119444 0.0585632
2 0.205 0.153472 0.0059375 0.0225 0.0538025
7 0.690625 0.187222 0.00625 0.0238889 0.0499573
7 0.75375 0.161806 0.00499999 0.0208333 0.0481262
0 0.34 0.0815972 0.01625 0.0220833 0.0476074
2 0.122031 0.193333 0.008125 0.0227778 0.0462036
7 0.76625 0.126111 0.00499999 0.0183333 0.0460205
7 0.68625 0.0788889 0.00499999 0.0113889 0.0445251
0 0.115234 0.191528 0.0189063 0.0255556 0.042572
7 0.0682031 0.299444 0.0059375 0.0172222 0.0419312
3 0.123125 0.215833 0.005 0.0238889 0.0411377
0 0.0550879 0.271111 0.0329492 0.0277778 0.0393372
3 0.0525 0.241944 0.00734375 0.0227778 0.0393372
0 0.0347266 0.289444 0.0300781 0.0311111 0.0363464
0 0.52875 0.0267014 0.01125 0.0151389 0.0344849
0 0.528125 0.0139583 0.00874999 0.0116667 0.0330811
2 0.73125 0.113889 0.0125 0.0444444 0.0327148
3 0.169375 0.164167 0.00499999 0.0205556 0.0324707
0 0.378125 0.0643056 0.014375 0.0230556 0.0244751
0 0.920625 0.0902778 0.01875 0.0213889 0.0233307
0 0.375 0.0531944 0.00874999 0.0163889 0.0229797
0 0.544688 0.0161111 0.0106249 0.0143056 0.0222015
0 0.449375 0.01625 0.00625 0.0130556 0.02211
0 0.53875 0.00590278 0.00875003 0.0118056 0.0218201
0 0.515625 0.00777778 0.00749998 0.00958333 0.0211182
3 0.123438 0.211944 0.00515625 0.0294444 0.0201721
2 0.72625 0.0353472 0.00750001 0.0158333 0.0194244
7 0.67375 0.0506944 0.00375004 0.0106944 0.0191193
0 0.339375 0.0888889 0.019375 0.0277778 0.0184021
5 0.00391602 0.270556 0.00783203 0.0288889 0.0184021
0 0.00410645 0.275556 0.0080957 0.0244444 0.0181274
7 0.0648438 0.306111 0.00453125 0.0177778 0.0181274
0 0.495 0.0563889 0.01375 0.0263889 0.0180511
7 0.162969 0.208194 0.00562501 0.0166667 0.0179138
0 0.96 0.105694 0.015 0.0166667 0.0162811
0 0.112344 0.199167 0.0209375 0.0305556 0.0134811
2 0.100156 0.209722 0.0103125 0.0233333 0.0131226
3 0.89 0.0609722 0.00374997 0.0211111 0.0127258
0 0.904375 0.0824306 0.02875 0.0245833 0.012146
0 0.159063 0.269444 0.0384375 0.055 0.0116882
3 0.194063 0.155833 0.00625 0.0283333 0.0113297
7 0.7 0.201944 0.00750001 0.035 0.0109024
0 0.80125 0.0611111 0.035 0.0241667 0.00978088
7 0.705 0.0456944 0.00249996 0.0116667 0.00941467
3 0.274375 0.0876389 0.00593748 0.0169444 0.00937653
7 0.76375 0.149167 0.00499999 0.015 0.00926971
0 0.43 0.0559722 0.011875 0.0197222 0.00923157
0 0.0389844 0.278333 0.0301563 0.0311111 0.00923157
2 0.883125 0.0513194 0.00625 0.0159722 0.00905609
2 0.00931763 0.274444 0.00913818 0.0211111 0.0086441
3 0.141328 0.205972 0.0115625 0.0313889 0.00831604
7 0.0845313 0.293333 0.0046875 0.0144444 0.00812531
7 0.665625 0.0473611 0.00249996 0.00777778 0.00796509
3 0.0601172 0.568889 0.0174219 0.0844444 0.00769424
3 0.714375 0.171667 0.00750001 0.0661111 0.00712204
2 0.269688 0.0968056 0.0075 0.0191667 0.00669098
7 0.77375 0.147222 0.00499999 0.0155556 0.00666809
0 0.45875 0.0617361 0.02375 0.0306944 0.00653839
0 0.7675 0.0680556 0.0475 0.0234722 0.00643921
2 0.14375 0.198611 0.00718751 0.0227778 0.00626373
2 0.585938 0.0158681 0.00625 0.0138194 0.00609589
0 0.79875 0.0728472 0.01625 0.0266667 0.00547028
3 0.190625 0.157778 0.0046875 0.0236111 0.00540543
3 0.26625 0.104167 0.00625 0.0202778 0.00527954
3 0.88375 0.0606944 0.00499999 0.0183333 0.0051384
0 0.0566406 0.300556 0.0071875 0.0322222 0.00510025
0 0.1575 0.262778 0.048125 0.0527778 0.00494385
2 0.0472266 0.249028 0.0164844 0.0202778 0.00475693
3 0.165781 0.157917 0.0046875 0.0188889 0.00471878
0 0.9725 0.106944 0.0137499 0.0177778 0.00468063
0 0.227656 0.219444 0.0371875 0.0583333 0.0046463
3 0.0144531 0.264444 0.00605469 0.0155555 0.0046463
0 0.344375 0.378333 0.04 0.181111 0.0046463
7 0.0534375 0.347222 0.00734375 0.0311111 0.00443268
7 0.690625 0.055 0.00375004 0.0105556 0.00443268
3 0.131719 0.200556 0.00890625 0.0294444 0.00436401
0 0.5525 0.0146528 0.00812505 0.0122222 0.0041008
0 0.282188 0.122639 0.029375 0.0419444 0.0041008
0 0.97625 0.114028 0.0125 0.0183333 0.00382423
0 0.352813 0.0572917 0.010625 0.0145833 0.00378036
7 0.953125 0.267222 0.00499999 0.0211111 0.0037365
2 0.169063 0.188333 0.010625 0.0233333 0.00372124
0 0.94625 0.100208 0.0225 0.0209722 0.00365067
3 0.194063 0.164028 0.00562499 0.0294444 0.00356483
0 0.2675 0.119722 0.013125 0.0305556 0.00351143
0 0.56625 0.08 0.0325 0.0397222 0.00348282
7 0.691875 0.186111 0.00625 0.0205556 0.00348282
0 0.464688 0.0601389 0.021875 0.0333333 0.00346947
0 0.489375 0.04125 0.01125 0.0197222 0.00345612
0 0.45875 0.00472222 0.00874999 0.00944445 0.00344276
2 0.734375 0.0352083 0.00625 0.0168056 0.00341606
0 0.965 0.111944 0.02 0.0208333 0.00341606
0 0.485 0.0576389 0.0175 0.025 0.00335121
0 0.424688 0.0160417 0.00812499 0.0125 0.00332451
7 0.74875 0.125556 0.00499999 0.0188889 0.00332451
7 0.238125 0.285556 0.008125 0.0255556 0.00329781
7 0.95375 0.270278 0.00500005 0.0216667 0.00328636
0 0.00485352 0.345 0.00925781 0.0444444 0.00327301
3 0.175469 0.159028 0.00718751 0.0230556 0.00324821
0 0.129844 0.180139 0.0209375 0.0236111 0.00322342
0 0.99625 0.125278 0.00749995 0.0233333 0.00305176
0 0.0833594 0.581111 0.0679688 0.151111 0.00305176
7 0.225625 0.379444 0.09 0.127222 0.00296974
5 0.00369629 0.253889 0.00739258 0.0377778 0.00288963
2 0.8275 0.04875 0.00999997 0.0216667 0.00279999
0 0.99625 0.135 0.00749995 0.0277778 0.00277901
2 0.594063 0.0173611 0.00562496 0.0154167 0.0026722
0 0.0663281 0.267222 0.0269531 0.0211111 0.00263214
3 0.0758594 0.226111 0.00398437 0.0138889 0.00258064
7 0.695 0.0471528 0.00250003 0.01125 0.00251198
2 0.156406 0.198056 0.00625 0.0230555 0.00248146
7 0.585625 0.0461111 0.00374997 0.0122222 0.00247192
3 0.969375 0.166944 0.00625 0.0294444 0.00245285
0 0.0141602 0.441111 0.0277734 0.06 0.00237846
2 0.0982813 0.211944 0.00906251 0.0166667 0.00235939
3 0.00556152 0.380556 0.0099707 0.0266667 0.00234222
2 0.784375 0.0525 0.00750001 0.0213889 0.00232315
0 0.93875 0.105417 0.02625 0.0352778 0.00228691
0 0.0114648 0.276667 0.0119922 0.0188889 0.00223351
0 0.00603027 0.422222 0.012041 0.0444444 0.00216484
2 0.585625 0.0292361 0.00437501 0.0105556 0.00211525
7 0.0929688 0.224861 0.009375 0.0136111 0.00209999
2 0.204688 0.143611 0.00625 0.0211111 0.0020504
3 0.204375 0.160556 0.0103125 0.0316667 0.0020504
2 0.0408203 0.342222 0.0220313 0.0466667 0.00200272
0 0.983125 0.11875 0.01125 0.0183333 0.0019722
3 0.71625 0.170139 0.015 0.0758333 0.00195694
2 0.0702344 0.579444 0.0414063 0.11 0.00194168
3 0.67625 0.0288889 0.00499999 0.0168056 0.00192642
0 0.418125 0.0651389 0.01625 0.0247222 0.00188923
2 0.167813 0.180278 0.00874999 0.0244445 0.00185299
2 0.603125 0.0336111 0.00499999 0.0194444 0.00181007
2 0.059375 0.562222 0.0225 0.116667 0.00179577
0 0.74125 0.0556944 0.04 0.0238889 0.00178242
0 0.0778516 0.245556 0.00726563 0.0211111 0.00177479
7 0.105625 0.272778 0.00593751 0.0177778 0.00171375
0 0.476875 0.0197917 0.009375 0.02125 0.00168705
0 0.329063 0.0884722 0.01625 0.0197222 0.0016489
0 0.388125 0.03625 0.01 0.0163889 0.00163555
7 0.209063 0.154583 0.00562499 0.0213889 0.00162315
0 0.242969 0.194444 0.0284375 0.0438889 0.0015974
0 0.97875 0.105764 0.01625 0.01875 0.00156116
0 0.8575 0.0656944 0.0375 0.0263889 0.00154877
2 0.0363672 0.34 0.0182031 0.0477778 0.00153065
0 0.35625 0.0619444 0.01 0.0152778 0.00148964
2 0.905 0.0691667 0.00750001 0.0186111 0.00146675
2 0.0399805 0.566667 0.0605859 0.117778 0.00144386
0 0.510625 0.0535417 0.01375 0.0208333 0.00138855
2 0.8025 0.158611 0.02 0.0505556 0.00138855
2 0.831875 0.0490972 0.0112501 0.0259722 0.00138283
