0 0.331172 0.743889 0.106406 0.177778 0.949219
0 0.576875 0.575417 0.07625 0.120278 0.937988
0 0.679375 0.58875 0.0875 0.113611 0.925781
5 0.4675 0.710139 0.145 0.3775 0.924316
0 0.385 0.585 0.07 0.117778 0.92041
0 0.114141 0.520556 0.0642188 0.0755555 0.913086
0 0.320625 0.403889 0.061875 0.0477778 0.881836
0 0.277188 0.382778 0.04125 0.0333333 0.870605
0 0.59875 0.343611 0.0525 0.0311111 0.852051
0 0.150469 0.429444 0.043125 0.0333333 0.848145
0 0.181406 0.410556 0.045625 0.0322222 0.816406
0 0.0973438 0.431667 0.0395312 0.03 0.812988
0 0.4825 0.317222 0.015 0.02 0.810547
0 0.788125 0.324444 0.035 0.0233333 0.809082
0 0.145938 0.388333 0.031875 0.0288889 0.78125
0 0.72125 0.328056 0.04 0.0272222 0.779785
0 0.341953 0.373889 0.0473437 0.0322222 0.779785
2 0.626875 0.316667 0.011875 0.0211111 0.764648
0 0.48625 0.547639 0.0425 0.0625 0.760742
0 0.0224561 0.470833 0.0346191 0.0305555 0.751953
0 0.0433496 0.426667 0.0279883 0.0244445 0.744629
0 0.346875 0.332778 0.014375 0.0194444 0.729492
0 0.40875 0.34 0.020625 0.0266667 0.725098
3 0.254063 0.474444 0.013125 0.0611111 0.708984
0 0.0540625 0.448333 0.0310938 0.0288889 0.70752
0 0.329375 0.334444 0.015 0.0222222 0.702637
0 0.0904688 0.413333 0.0309375 0.0266667 0.695801
0 0.418125 0.338333 0.03625 0.0288889 0.6875
0 0.47375 0.306111 0.0125 0.0166667 0.682617
0 0.483125 0.296667 0.011875 0.0177778 0.675781
3 0.269844 0.471111 0.0115625 0.0666667 0.671387
0 0.365625 0.330278 0.015 0.0188889 0.668945
2 0.700625 0.447222 0.03 0.06 0.666992
0 0.73125 0.321111 0.03625 0.0255556 0.658203
0 0.316094 0.331667 0.0140625 0.0177778 0.656738
3 0.66 0.452778 0.0125 0.0855555 0.629883
3 0.225313 0.495278 0.0128125 0.0616667 0.615234
2 0.605625 0.310833 0.0112501 0.0188889 0.611328
0 0.905 0.325 0.025 0.0188889 0.609375
2 0.210469 0.372778 0.011875 0.0255556 0.608398
0 0.83125 0.327222 0.0325 0.0238889 0.605957
0 0.41 0.317222 0.015625 0.02 0.604004
0 0.247813 0.354444 0.02375 0.02 0.592773
7 0.925 0.456111 0.00499999 0.0166667 0.583008
0 0.0247314 0.452778 0.0312402 0.0266667 0.581543
0 0.46125 0.294167 0.01125 0.0155555 0.57959
3 0.224531 0.510556 0.0125 0.06 0.577637
0 0.375 0.324722 0.014375 0.0205556 0.575684
2 0.57375 0.313333 0.00750001 0.0211111 0.571777
7 0.73875 0.431111 0.00499999 0.0233333 0.557129
7 0.72875 0.439722 0.00499999 0.02 0.546875
3 0.237188 0.484722 0.0125 0.0638889 0.541016
3 0.73625 0.398889 0.00750001 0.045 0.537109
2 0.214063 0.371667 0.01125 0.0255556 0.529297
3 0.23375 0.507222 0.011875 0.0533334 0.527344
3 0.241563 0.485278 0.0125 0.0683333 0.523438
3 0.755 0.403056 0.01 0.0477778 0.521484
3 0.735 0.398889 0.00750001 0.0427778 0.511719
0 0.385 0.315 0.0125 0.0177778 0.507812
3 0.23375 0.503056 0.015625 0.065 0.499023
3 0.0266211 0.509167 0.00992187 0.0505555 0.492188
3 0.659375 0.441667 0.01375 0.0711111 0.478516
0 0.240313 0.356111 0.024375 0.0205556 0.476562
0 0.7575 0.315 0.025 0.0194444 0.470703
3 0.65625 0.309444 0.00499999 0.0261111 0.455078
2 0.209063 0.374444 0.01 0.0255556 0.451416
0 0.8325 0.321944 0.03 0.0205556 0.44165
3 0.227344 0.498333 0.0140625 0.0622223 0.439697
3 0.0300391 0.506667 0.0111719 0.0444444 0.42627
3 0.0252344 0.514444 0.00742188 0.0533333 0.424316
0 0.82375 0.317778 0.025 0.0211111 0.418701
0 0.024082 0.457222 0.0334766 0.0288889 0.407227
0 0.82125 0.315556 0.0225 0.0177778 0.405518
0 0.313438 0.337222 0.0175 0.0205556 0.405518
2 0.265313 0.355 0.00843749 0.0211111 0.379395
2 0.58875 0.308889 0.01125 0.0177778 0.374756
0 0.46 0.296111 0.01125 0.0155555 0.370117
0 0.3925 0.311667 0.01125 0.0183333 0.366699
0 0.29875 0.342778 0.01125 0.0177778 0.359375
2 0.119219 0.455 0.0146875 0.0322222 0.354004
0 0.401875 0.298889 0.011875 0.0144444 0.338135
0 0.359375 0.314722 0.01125 0.0155556 0.334473
3 0.0446875 0.473333 0.00796875 0.0333333 0.331055
0 0.235781 0.358056 0.02375 0.02 0.327637
0 0.4725 0.293333 0.01125 0.0144444 0.32251
0 0.3375 0.314167 0.01375 0.0183333 0.313965
0 0.471875 0.278889 0.00812502 0.0127778 0.30249
5 0.384375 0.291389 0.01125 0.02 0.30249
0 0.349063 0.331111 0.01625 0.02 0.294189
3 0.17375 0.379167 0.005 0.0194444 0.29248
2 0.0636719 0.465833 0.00703125 0.0288889 0.289307
3 0.027832 0.503889 0.0116016 0.0438889 0.287842
0 0.361563 0.316389 0.0125 0.0144444 0.269043
7 0.7475 0.402222 0.00625 0.03 0.269043
7 0.68625 0.475 0.00499999 0.0188889 0.264404
7 0.724375 0.402222 0.00500005 0.0233333 0.252441
0 0.374375 0.317222 0.01375 0.02 0.246582
2 0.5725 0.311111 0.00750001 0.0211111 0.244385
3 0.666875 0.31 0.00499999 0.0211111 0.23938
0 0.391875 0.305556 0.00999997 0.0166667 0.228882
3 0.0492969 0.476667 0.00578125 0.0255556 0.227417
7 0.745 0.421111 0.00374997 0.0144444 0.223999
3 0.19125 0.375556 0.00625 0.0255556 0.223999
3 0.195 0.379444 0.00687499 0.0233333 0.222046
0 0.431875 0.56125 0.038125 0.0752778 0.219971
0 0.4825 0.277222 0.00812499 0.0133333 0.213989
7 0.685625 0.352778 0.00374997 0.0133333 0.206909
0 0.470938 0.271944 0.00749998 0.0105556 0.205566
0 0.0929688 0.428889 0.0359375 0.0316667 0.200562
3 0.255938 0.476667 0.010625 0.0711111 0.197388
0 0.407188 0.306111 0.013125 0.0155555 0.194946
0 0.395313 0.299167 0.01125 0.0138889 0.191284
3 0.7325 0.4 0.00999997 0.0455555 0.179565
3 0.668125 0.311944 0.00500005 0.025 0.178955
7 0.0109863 0.543889 0.00556641 0.0211112 0.176636
3 0.194531 0.376111 0.0065625 0.0266667 0.172729
3 0.171406 0.380556 0.00406249 0.0233333 0.165039
0 0.341563 0.313611 0.011875 0.0183333 0.162354
3 0.66 0.435 0.01125 0.0633334 0.161377
2 0.62875 0.315278 0.015 0.0227778 0.145142
0 0.465313 0.276944 0.00562499 0.0116667 0.130249
3 0.223438 0.499444 0.01125 0.0755556 0.125488
7 0.7375 0.430556 0.00625 0.02 0.125122
0 0.371875 0.306944 0.0125 0.0172222 0.119995
3 0.0565625 0.47 0.00640625 0.0311111 0.119202
2 0.705 0.440556 0.0275 0.0566667 0.118774
0 0.485 0.261111 0.00625 0.00888889 0.116333
2 0.264375 0.358889 0.00999999 0.0216667 0.111633
3 0.186094 0.371667 0.00531251 0.0233333 0.108948
2 0.628438 0.313889 0.01 0.0222222 0.105591
7 0.7375 0.424444 0.00625 0.02 0.103027
2 0.75 0.4025 0.00750001 0.0455556 0.0957031
3 0.0321484 0.501111 0.0078125 0.0422222 0.0927124
0 0.459375 0.288889 0.00874999 0.0133333 0.0923462
7 0.635625 0.330278 0.00374997 0.0105556 0.0881958
0 0.422813 0.294444 0.00812499 0.0133333 0.0869141
3 0.0767188 0.456389 0.00617188 0.0316667 0.0775146
0 0.5275 0.275278 0.00750001 0.00999999 0.0769653
7 0.67625 0.478333 0.00750001 0.0255556 0.0745239
0 0.475625 0.260556 0.00625 0.00944443 0.0731812
2 0.591875 0.310556 0.0125 0.0177778 0.0726318
0 0.233125 0.359444 0.023125 0.0188889 0.0723877
0 0.347813 0.309722 0.010625 0.015 0.0675659
2 0.65625 0.307222 0.00750001 0.0266667 0.0668335
3 0.0336328 0.508611 0.00707031 0.0416667 0.0653687
0 0.486563 0.268889 0.00812502 0.01 0.0639648
7 0.66625 0.353333 0.00499999 0.0138889 0.0628052
7 0.67875 0.481111 0.00750001 0.0233333 0.0628052
2 0.260469 0.3525 0.0065625 0.02 0.0607605
0 0.328125 0.317778 0.01 0.0155555 0.0577087
7 0.92375 0.465556 0.00499999 0.02 0.0577087
0 0.483125 0.308056 0.015 0.0205556 0.0548096
2 0.72875 0.397778 0.015 0.0394445 0.0488586
0 0.00340332 0.471111 0.0062207 0.0288889 0.0467224
0 0.432188 0.574444 0.040625 0.0977778 0.0460205
0 0.366875 0.300556 0.00875003 0.0133333 0.0422363
0 0.333672 0.38 0.0376563 0.0266667 0.0422363
7 0.126094 0.422778 0.00390625 0.0144444 0.0420837
0 0.00837402 0.466111 0.0160645 0.0322222 0.0420837
7 0.723125 0.449444 0.00625 0.0211111 0.0413208
0 0.5275 0.270833 0.00750001 0.0105555 0.0391846
7 0.67375 0.353889 0.00499999 0.0144444 0.0390625
3 0.214688 0.356389 0.005 0.02 0.0379028
2 0.7625 0.303889 0.01 0.0188889 0.0374756
2 0.122422 0.386111 0.00703125 0.0194444 0.0374756
7 0.0259961 0.536111 0.00644531 0.0222222 0.0363464
2 0.115781 0.458889 0.00906251 0.0366667 0.0360718
0 0.0476172 0.435278 0.0347656 0.0261111 0.0353394
2 0.404375 0.362778 0.00875003 0.0233333 0.0351562
0 0.494063 0.261389 0.00562503 0.00888889 0.0346069
2 0.18625 0.376944 0.0078125 0.0261111 0.0343628
2 0.751875 0.401389 0.01625 0.0416667 0.0339661
0 0.7525 0.337778 0.0475 0.02 0.0302124
3 0.676875 0.319167 0.00499999 0.0216667 0.029541
0 0.76 0.312222 0.03 0.0244445 0.0289764
0 0.420313 0.286944 0.00562499 0.0105555 0.0271149
3 0.222969 0.503333 0.0171875 0.0744445 0.0267639
0 0.82375 0.313611 0.03 0.0227778 0.0253754
0 0.769375 0.333333 0.02375 0.0255556 0.0252686
3 0.219375 0.363333 0.00687501 0.0188889 0.0251312
2 0.116406 0.388333 0.0078125 0.0177778 0.0245209
7 0.7275 0.4425 0.00625 0.0211111 0.0235138
7 0.67375 0.361111 0.00499999 0.0138889 0.0232391
0 0.364063 0.332778 0.01875 0.0188889 0.0222015
3 0.851875 0.431667 0.00875003 0.05 0.0219421
3 0.0775781 0.460833 0.00609375 0.0327778 0.0210419
2 0.575625 0.321944 0.00875003 0.0238889 0.0206451
2 0.699375 0.439444 0.0199999 0.0488889 0.0197906
0 0.73125 0.315 0.03375 0.0233333 0.0195312
2 0.6675 0.301944 0.00750001 0.0188889 0.0195007
0 0.905625 0.330833 0.02625 0.0227778 0.0194244
3 0.275625 0.336111 0.00437501 0.0172222 0.0193481
3 0.654375 0.322778 0.00374997 0.0211111 0.0181885
3 0.174375 0.376667 0.005 0.0233333 0.0177155
2 0.7275 0.403889 0.00999997 0.0466667 0.0175171
2 0.733125 0.393611 0.01625 0.0511111 0.0174408
7 0.9275 0.453333 0.00499999 0.0166667 0.0171814
3 0.0651563 0.403611 0.0053125 0.0177778 0.016922
3 0.23375 0.481667 0.021875 0.0566667 0.0162811
0 0.504688 0.243611 0.00500002 0.00916666 0.0158997
0 0.437813 0.273889 0.00687497 0.0122222 0.0158997
2 0.606875 0.306111 0.00875003 0.0227778 0.0152512
3 0.163906 0.386111 0.0046875 0.0255556 0.0142822
2 0.586875 0.302778 0.00875003 0.0177778 0.0142288
0 0.31125 0.339444 0.01625 0.0211111 0.0141754
0 0.003125 0.418889 0.00625 0.02 0.0139542
0 0.754375 0.313333 0.03 0.0216667 0.0133286
2 0.755 0.394444 0.0125 0.0422222 0.0133286
2 0.995 0.533333 0.00999997 0.0566667 0.012825
0 0.92625 0.331667 0.025 0.0166667 0.0127716
0 0.755 0.341667 0.04 0.0222222 0.0126266
7 0.0959375 0.470556 0.00375 0.0122223 0.0122375
3 0.65125 0.309722 0.00499999 0.0261111 0.0120544
0 0.914375 0.328333 0.03 0.0188889 0.0120087
0 0.0261768 0.436389 0.0286621 0.0266667 0.0115051
3 0.164063 0.368333 0.005 0.0277778 0.0112
0 0.510313 0.564583 0.04125 0.0841666 0.0110703
0 0.00486816 0.437778 0.00961914 0.02 0.0106964
3 0.705 0.446667 0.0225 0.06 0.00997162
0 0.840625 0.320556 0.03125 0.0188889 0.00993347
0 0.415938 0.275 0.00687497 0.0122222 0.00985718
3 0.685625 0.418889 0.00999997 0.0444444 0.00963593
2 0.119766 0.448889 0.0195313 0.0327778 0.00963593
0 0.8375 0.328889 0.03875 0.0222222 0.00948334
0 0.0958594 0.4175 0.0364063 0.025 0.00926971
3 0.25625 0.490278 0.01125 0.0572222 0.00871277
0 0.0603906 0.442778 0.03375 0.0322222 0.00854492
0 0.380625 0.29 0.00812502 0.0133334 0.00809479
0 0.33375 0.312778 0.015 0.0211111 0.00806427
3 0.0218555 0.504444 0.00910156 0.0411111 0.00787354
2 0.275469 0.353056 0.00437501 0.015 0.0077858
0 0.377188 0.301667 0.010625 0.0222222 0.00746155
2 0.294688 0.341667 0.0125 0.0177778 0.00669098
2 0.673125 0.299444 0.00750001 0.0155556 0.00658798
0 0.481875 0.320556 0.01625 0.0244445 0.00653839
0 0.41625 0.3 0.00749998 0.0166667 0.00631332
0 0.421875 0.2775 0.00874999 0.0166667 0.00616837
3 0.865 0.315556 0.00499999 0.0144444 0.00570679
0 0.81875 0.312778 0.02375 0.0222222 0.00551224
0 0.365 0.342778 0.02 0.0261111 0.00538635
0 0.74875 0.333889 0.05 0.0244444 0.00536346
7 0.923125 0.483056 0.00499999 0.0194444 0.00518036
0 0.00325684 0.410556 0.00651367 0.0222222 0.00503922
3 0.135625 0.440278 0.015 0.0244444 0.00484848
0 0.527188 0.263333 0.00562499 0.0111111 0.00477219
0 0.45 0.586111 0.075 0.121111 0.00471878
0 0.49625 0.244583 0.00625 0.00916666 0.00443268
0 0.935 0.335556 0.025 0.0155556 0.00431442
0 0.506875 0.574444 0.053125 0.103333 0.00428009
2 0.7575 0.401667 0.015 0.0477778 0.00419998
7 0.65 0.338333 0.00249996 0.0111111 0.00416565
0 0.471563 0.305556 0.015625 0.02 0.00413513
7 0.64625 0.346389 0.00250003 0.00944446 0.00413513
3 0.254688 0.332222 0.00531249 0.0211111 0.0041008
3 0.8525 0.446111 0.00999997 0.0677778 0.00403976
3 0.249531 0.371111 0.00625 0.02 0.00403976
2 0.555 0.295556 0.00625 0.0122222 0.0039444
0 0.715 0.329444 0.0475 0.0277778 0.00392914
7 0.685 0.479722 0.00499999 0.025 0.00391388
2 0.108359 0.387778 0.01375 0.0188889 0.00388527
2 0.7 0.428611 0.035 0.0744444 0.00356483
3 0.0554297 0.475278 0.00515625 0.035 0.00355148
0 0.46625 0.264167 0.00500002 0.0105555 0.00345612
0 0.587188 0.345 0.03375 0.0344445 0.00340271
2 0.625 0.302222 0.00687504 0.0222222 0.00338936
2 0.267344 0.345 0.0121875 0.0222222 0.00319672
0 0.75875 0.305556 0.0225 0.0244444 0.00314713
3 0.675 0.321667 0.00499999 0.0233333 0.00314713
3 0.136719 0.418333 0.0165625 0.0255555 0.00314713
0 0.337422 0.367222 0.0351562 0.0311111 0.00312424
3 0.549375 0.300556 0.00374997 0.0144444 0.00305176
3 0.69 0.307778 0.00500005 0.0166667 0.00302696
3 0.735 0.387778 0.00750001 0.0511111 0.00300407
3 0.80375 0.34 0.00500005 0.0255555 0.00298119
2 0.569688 0.314444 0.0112501 0.0177778 0.00293541
0 0.329063 0.342778 0.015625 0.0188889 0.00284576
0 0.43375 0.584445 0.04875 0.11 0.00277901
7 0.685 0.315556 0.00374997 0.0155555 0.00273705
3 0.209219 0.348056 0.00687501 0.0244444 0.00269318
0 0.533125 0.275556 0.00625003 0.00944446 0.00259018
2 0.99 0.534167 0.0199999 0.0583333 0.00253105
2 0.110156 0.381944 0.0096875 0.0211111 0.00253105
0 0.46 0.575417 0.03625 0.100278 0.00251198
0 0.485625 0.315278 0.02 0.02 0.00246239
0 0.32875 0.338889 0.01375 0.0222222 0.00242424
0 0.397813 0.326111 0.013125 0.0177778 0.0024147
0 0.475625 0.540556 0.0275 0.0433333 0.00239754
0 0.0229492 0.475 0.0301172 0.0366667 0.00235939
7 0.6725 0.473333 0.00999997 0.0344445 0.00233269
0 0.08125 0.411111 0.0290625 0.0244444 0.00227928
0 0.44625 0.262222 0.00625 0.0111111 0.00225258
2 0.6975 0.441111 0.03 0.0722222 0.00220871
2 0.99625 0.526111 0.00749995 0.0622222 0.00216484
0 0.0434473 0.422222 0.0299805 0.0244444 0.00214958
0 0.535625 0.262778 0.00437501 0.00999999 0.00200272
2 0.247969 0.348333 0.0159375 0.02 0.00200272
2 0.6575 0.431111 0.0175 0.0522222 0.00185299
3 0.665625 0.318611 0.00375004 0.0305556 0.00176811
0 0.9675 0.335 0.01375 0.0177778 0.00176811
7 0.634375 0.345556 0.00375004 0.0122222 0.00174141
