0 0.161719 0.712222 0.151875 0.284444 0.963379
0 0.30375 0.357222 0.091875 0.133333 0.928223
0 0.0960938 0.406389 0.0770313 0.138333 0.924316
0 0.2775 0.297292 0.0725 0.0943055 0.91748
0 0.177344 0.475833 0.115313 0.161667 0.91748
0 0.0292578 0.886667 0.0585156 0.222222 0.897461
0 0.274375 0.179167 0.0375 0.0516667 0.896973
0 0.341875 0.0950694 0.0225 0.0293056 0.884277
0 0.21 0.224167 0.045 0.06 0.878418
0 0.368125 0.0869444 0.01875 0.025 0.861328
7 0.7025 0.198611 0.00625 0.0244445 0.856934
0 0.174336 0.230833 0.0407031 0.0555556 0.853027
1 0.0559766 0.911111 0.110859 0.175556 0.843262
0 0.283125 0.145694 0.0309375 0.0344445 0.836426
0 0.0737109 0.2575 0.0333594 0.0316667 0.836426
7 0.244063 0.280556 0.008125 0.0233333 0.827637
0 0.564063 0.0276389 0.02 0.0181944 0.819824
0 0.87 0.08 0.0325 0.0263889 0.81543
7 0.74375 0.173333 0.00499999 0.0205556 0.786621
0 0.394375 0.0629861 0.015 0.0223611 0.78418
7 0.0299219 0.376667 0.00519531 0.02 0.777344
0 0.0628906 0.412222 0.0667188 0.112222 0.775879
0 0.834375 0.0733333 0.03125 0.0252778 0.747559
0 0.411875 0.0572222 0.015 0.0231944 0.744629
0 0.760625 0.0613889 0.0325 0.0261111 0.726562
2 0.755 0.116528 0.015 0.0430556 0.70752
0 0.0506641 0.281111 0.0363281 0.0366667 0.695801
0 0.769375 0.0638889 0.0425 0.0280556 0.692871
0 0.531875 0.019375 0.01375 0.0131944 0.692871
0 0.37375 0.0649306 0.014375 0.0213889 0.67041
2 0.284687 0.111389 0.0103125 0.0219444 0.665527
2 0.604375 0.0402778 0.013125 0.02 0.663574
0 0.42875 0.0538194 0.015 0.0181944 0.660156
7 0.0440625 0.359167 0.005625 0.0183333 0.62793
0 0.509063 0.0189583 0.011875 0.0133333 0.62793
7 0.945 0.220278 0.00499999 0.0172222 0.625977
7 0.705625 0.0784028 0.00374997 0.0120833 0.604004
0 0.372813 0.0620833 0.01375 0.02 0.592773
0 0.435625 0.0486111 0.0125 0.0175 0.562012
0 0.505625 0.0153125 0.00874999 0.0147917 0.537109
7 0.753125 0.163056 0.00499999 0.0188889 0.527344
7 0.76375 0.152778 0.00499999 0.0186111 0.5
0 0.412188 0.0519444 0.014375 0.0197222 0.476562
7 0.773125 0.145556 0.00499999 0.0177778 0.476562
0 0.0230273 0.304444 0.0449609 0.0561111 0.44458
0 0.426875 0.0483333 0.01125 0.0177778 0.403564
7 0.6925 0.183889 0.00499999 0.0211111 0.375732
7 0.2575 0.261389 0.008125 0.0216667 0.361084
7 0.675 0.0504167 0.00249996 0.0113889 0.343262
7 0.163281 0.205278 0.00562501 0.0163889 0.338135
4 0.0227734 0.304444 0.04375 0.0577778 0.275146
7 0.755 0.161667 0.00499999 0.0205556 0.262939
0 0.381875 0.065 0.0125 0.0194444 0.256836
7 0.145391 0.211389 0.003125 0.0122222 0.24939
7 0.770625 0.131389 0.00375004 0.0161111 0.246582
0 0.409375 0.0508333 0.01125 0.0186111 0.23938
0 0.76 0.0570833 0.0325 0.0236111 0.235107
7 0.94625 0.214444 0.00499999 0.0177778 0.235107
2 0.746875 0.120799 0.00874996 0.0400694 0.19873
0 0.385313 0.0518056 0.01125 0.0158333 0.194946
5 0.0182324 0.243611 0.0195508 0.025 0.174438
2 0.25875 0.1125 0.009375 0.0205556 0.151001
2 0.261406 0.112743 0.0125 0.0200694 0.143677
0 0.3975 0.0513889 0.01 0.0161111 0.141724
0 0.0664062 0.393056 0.05625 0.0766667 0.139404
0 0.37875 0.0666667 0.0125 0.0231944 0.133911
0 0.0442285 0.286667 0.0395117 0.0455556 0.128052
7 0.00890137 0.379444 0.00428711 0.0177778 0.126831
0 0.455 0.00736111 0.00625 0.00958333 0.116333
0 0.00309326 0.323333 0.00618652 0.0277778 0.107788
7 0.65625 0.0511111 0.00249996 0.0108333 0.107056
0 0.491563 0.00638021 0.00874999 0.0115451 0.102661
0 0.83125 0.0759722 0.03 0.0263889 0.102295
0 0.499375 0.00465278 0.00750001 0.00930556 0.100891
0 0.0224414 0.295556 0.0426172 0.0422222 0.0903931
0 0.00658691 0.315556 0.0131738 0.0361111 0.0863037
7 0.255 0.134444 0.0028125 0.00944444 0.0769653
7 0.0858594 0.279722 0.005 0.00888889 0.0766602
0 0.0389258 0.28 0.0319922 0.0333333 0.0713501
7 0.773125 0.142361 0.00499999 0.0169444 0.0665894
7 0.0750781 0.293333 0.0034375 0.0111111 0.0663452
2 0.75125 0.118924 0.015 0.0410417 0.0611877
0 0.44 0.0420833 0.011875 0.0197222 0.0554199
7 0.25 0.126944 0.003125 0.00972222 0.0541992
7 0.7525 0.165278 0.00500005 0.0194444 0.0505066
5 0.0216016 0.304444 0.0417188 0.0577778 0.0497742
0 0.458438 0.004375 0.00687501 0.00875 0.0488586
0 0.404375 0.0283333 0.00625 0.00861111 0.0450134
7 0.0283984 0.3775 0.00710938 0.02 0.0441895
7 0.0694531 0.3 0.00453126 0.0138889 0.0428772
7 0.94125 0.219444 0.00500005 0.0163889 0.0421753
0 0.00970703 0.304444 0.0191797 0.0477778 0.0362244
7 0.145938 0.221389 0.003125 0.01 0.0323486
2 0.00929688 0.266111 0.0101563 0.0177778 0.0306702
0 0.0685938 0.254444 0.0321875 0.03 0.0299835
0 0.446563 0.0122917 0.00750001 0.00930556 0.0296478
0 0.0143457 0.306667 0.0273242 0.0555556 0.029541
0 0.438125 0.0108333 0.00749998 0.0106944 0.0259552
5 0.0169336 0.247222 0.0212109 0.0333333 0.0244293
0 0.435625 0.0367361 0.00874999 0.0194444 0.0237732
7 0.0839063 0.290278 0.0046875 0.0138889 0.0216217
0 0.486875 0.00826389 0.00625 0.00930556 0.0205688
0 0.41375 0.0330556 0.00625 0.0125 0.0183411
0 0.0634375 0.261944 0.0264063 0.0294445 0.0176392
2 0.27625 0.121111 0.00687497 0.0161111 0.0172424
0 0.442188 0.0345139 0.00874999 0.0179167 0.0157166
0 0.77625 0.0640278 0.0425 0.0266667 0.0156708
7 0.67125 0.0519444 0.00250003 0.0113889 0.0151901
0 0.39625 0.0296875 0.00500002 0.00819445 0.0145035
0 0.425313 0.0340972 0.00750001 0.015 0.0123367
4 0.018457 0.248889 0.0228906 0.0333333 0.0122375
0 0.77 0.0595833 0.03875 0.0288889 0.0119171
2 0.609375 0.0417361 0.015 0.0176389 0.0118713
2 0.205156 0.153194 0.00874999 0.0263889 0.011734
0 0.280625 0.132778 0.026875 0.0305556 0.0115509
0 0.164063 0.458889 0.0834375 0.123333 0.0104904
0 0.373438 0.054375 0.011875 0.0175 0.00930023
7 0.65 0.0530556 0.00249996 0.0105556 0.00905609
7 0.140391 0.208194 0.00515625 0.0186111 0.00898743
0 0.53125 0.0170486 0.01375 0.015 0.0086441
3 0.20875 0.1575 0.00562499 0.0244444 0.00790405
3 0.196563 0.153889 0.00562501 0.0222222 0.0078125
7 0.70125 0.0783333 0.00499999 0.0166667 0.00751877
0 0.875 0.0811111 0.0375 0.0266667 0.00723267
0 0.995625 0.126632 0.00874996 0.035625 0.00717545
7 0.704375 0.0473611 0.00374997 0.0116667 0.00709534
3 0.189844 0.16 0.004375 0.02 0.00706482
2 0.263438 0.108611 0.01375 0.0211111 0.0068779
0 0.99375 0.131667 0.0124999 0.0355556 0.00671768
0 0.845 0.0754167 0.0375 0.0255556 0.00661469
7 0.244219 0.136806 0.00406249 0.0113889 0.00651169
3 0.00490723 0.259444 0.0072168 0.0166667 0.00626373
7 0.77875 0.145417 0.00750001 0.0216667 0.00626373
0 0.178125 0.222222 0.03875 0.0466667 0.00579834
7 0.595 0.0437674 0.00625 0.0155208 0.00542831
7 0.725625 0.0805556 0.00374997 0.0113889 0.00534439
3 0.183125 0.165278 0.005 0.0205556 0.00524139
5 0.0212158 0.244722 0.0220215 0.0288889 0.00521851
0 0.288125 0.323611 0.0575 0.0755556 0.0049057
7 0.71375 0.0490278 0.00499999 0.0119444 0.00475693
3 0.469375 0.0586111 0.00500002 0.0180556 0.00475693
0 0.351563 0.0870139 0.010625 0.0220833 0.00468063
7 0.691875 0.186528 0.00625 0.0247222 0.00457382
7 0.690625 0.0551389 0.00249996 0.00944445 0.00452042
0 0.059834 0.427222 0.0587695 0.0827778 0.00429916
0 0.00440918 0.427778 0.00881836 0.0588889 0.00413513
7 0.69375 0.0633333 0.00375004 0.00888889 0.0041008
2 0.0651563 0.23 0.0101563 0.0205556 0.00403976
0 0.00396973 0.279722 0.00754883 0.025 0.00369263
3 0.204375 0.188889 0.010625 0.0433333 0.00367928
2 0.29625 0.101667 0.00687501 0.015 0.00365067
0 0.282969 0.131944 0.025 0.0244445 0.00329781
7 0.294688 0.113194 0.00562499 0.0183333 0.00328636
3 0.2125 0.114479 0.00625 0.0177083 0.00317192
3 0.205313 0.166111 0.01 0.0416667 0.00313568
0 0.99 0.125278 0.0199999 0.0311111 0.00309944
2 0.575 0.0163889 0.00625 0.0150694 0.0030632
7 0.655625 0.0615278 0.00250003 0.00861111 0.00305176
3 0.184688 0.159167 0.005 0.025 0.00305176
2 0.7625 0.111389 0.035 0.0488889 0.00301552
0 0.986875 0.136389 0.02625 0.0305556 0.00300407
2 0.84375 0.050625 0.00625 0.0161111 0.00284576
0 0.303281 0.0978472 0.00843751 0.0159722 0.00282288
7 0.125469 0.221667 0.003125 0.0122222 0.00282288
0 0.88 0.08375 0.035 0.0233333 0.00271416
7 0.693125 0.0771528 0.00500005 0.0127778 0.00263214
2 0.4475 0.0580556 0.01 0.0170833 0.00263214
7 0.76375 0.127083 0.00499999 0.0255556 0.00261116
2 0.0330469 0.263889 0.0125781 0.0222222 0.00247192
1 0.0740234 0.91 0.0757031 0.177778 0.00228691
7 0.251719 0.265 0.0196875 0.0305556 0.00225258
0 0.288438 0.337222 0.06 0.0944444 0.00221634
7 0.695 0.0513889 0.00250003 0.0125 0.00219154
0 0.285313 0.141111 0.035625 0.0361111 0.00215721
7 0.00702637 0.379722 0.00719727 0.0216667 0.00204277
2 0.281094 0.108056 0.01625 0.0205556 0.0019722
0 0.0889844 0.404444 0.0654688 0.103333 0.00192642
0 0.0290625 0.85 0.058125 0.148889 0.00192642
7 0.665 0.0473611 0.00250003 0.00777778 0.00191879
0 0.531875 0.0221528 0.013125 0.0161111 0.00189686
2 0.613125 0.035625 0.00750001 0.0172222 0.00176811
3 0.167656 0.158333 0.00718751 0.0177778 0.0016489
0 0.9075 0.0947222 0.035 0.0230556 0.00161076
0 0.380625 0.0752778 0.0125 0.0208333 0.0015974
0 0.992188 0.139861 0.0156249 0.0408333 0.00159168
0 0.34 0.0827083 0.0175 0.0270833 0.00159168
7 0.71 0.0547222 0.00499999 0.0127778 0.00158501
7 0.0654688 0.307222 0.00375 0.0155555 0.00154877
7 0.6925 0.182361 0.00625 0.0244445 0.00153637
3 0.21375 0.140833 0.004375 0.015 0.00152493
7 0.158828 0.228889 0.0101563 0.0338889 0.00151253
7 0.465625 0.0616667 0.00562499 0.0152778 0.00150681
3 0.74625 0.151667 0.0112501 0.0580555 0.0014782
7 0.0317188 0.376667 0.00765625 0.02 0.00141048
3 0.230625 0.12875 0.00375001 0.0194444 0.00140476
3 0.73375 0.0342361 0.00625 0.0184722 0.00137806
7 0.688125 0.183472 0.00750001 0.0227778 0.00134563
0 0.81875 0.0697917 0.035 0.0234722 0.00131989
7 0.195469 0.165278 0.00375001 0.0188889 0.00131512
0 0.426875 0.0129861 0.00750001 0.01 0.00119686
7 0.445625 0.0613194 0.00625 0.0145833 0.0011692
2 0.73375 0.119583 0.00749995 0.0294444 0.00116062
2 0.309375 0.0929167 0.00749998 0.0144444 0.00116062
5 0.0283203 0.246111 0.0181641 0.0216667 0.0011425
2 0.206875 0.145417 0.014375 0.0258333 0.00112915
7 0.304063 0.357778 0.090625 0.135556 0.00110722
7 0.9475 0.224444 0.00625 0.0233333 0.00109863
0 0.00546875 0.423333 0.0109375 0.0588889 0.00103188
