0 0.295313 0.884444 0.15375 0.231111 0.958496
0 0.483125 0.768889 0.104375 0.212222 0.958008
0 0.171875 0.863333 0.144375 0.237778 0.958008
0 0.775 0.791111 0.145 0.215556 0.955078
0 0.616875 0.755556 0.12375 0.211111 0.952148
0 0.0358984 0.912222 0.0717969 0.175556 0.951172
0 0.273438 0.629444 0.09875 0.128889 0.949219
0 0.574375 0.585 0.075 0.115556 0.946777
0 0.365625 0.625556 0.08625 0.131111 0.944336
0 0.68375 0.593333 0.09375 0.127778 0.943359
0 0.48875 0.55875 0.06125 0.100278 0.941895
0 0.790625 0.528889 0.06 0.0911111 0.930664
0 0.141563 0.722222 0.115313 0.151111 0.921875
5 0.375313 0.358889 0.064375 0.05 0.906738
0 0.462813 0.298889 0.0125 0.0166667 0.901367
0 0.246563 0.565417 0.0825 0.0958333 0.898926
0 0.324688 0.405278 0.06 0.0661111 0.895508
0 0.463125 0.367222 0.05625 0.0388889 0.873047
0 0.107969 0.431667 0.0396875 0.03 0.861328
0 0.0229053 0.468333 0.0327051 0.03 0.856934
2 0.6525 0.440278 0.025 0.0605555 0.854004
2 0.744375 0.395278 0.015 0.0427778 0.835449
2 0.769375 0.424444 0.025 0.0516667 0.835449
0 0.494375 0.300833 0.011875 0.0188889 0.834473
0 0.456875 0.333333 0.03625 0.0333333 0.830078
1 0.851875 0.311111 0.0775 0.05 0.824219
0 0.309375 0.337222 0.016875 0.0222222 0.820801
7 0.2225 0.518889 0.00687501 0.0244445 0.820801
2 0.01625 0.521667 0.0177734 0.0422222 0.819824
3 0.86375 0.462222 0.015 0.0633333 0.816406
0 0.345 0.332778 0.0175 0.0211111 0.806641
0 0.73625 0.330556 0.0375 0.0244444 0.788086
0 0.3675 0.325 0.016875 0.0222222 0.78418
0 0.94 0.991111 0.07 0.0155556 0.78418
7 0.235781 0.502778 0.0065625 0.0211111 0.762207
0 0.19375 0.418611 0.05 0.0366667 0.759277
0 0.424063 0.338333 0.03 0.0266667 0.757812
0 0.474688 0.319167 0.015625 0.0227778 0.737305
7 0.6675 0.465 0.00750001 0.0238889 0.726562
0 0.70375 0.331667 0.0375 0.0244445 0.71875
0 0.855625 0.330833 0.035 0.0244444 0.713867
3 0.93375 0.504167 0.01125 0.0661111 0.700684
7 0.925 0.456111 0.00499999 0.0155556 0.692871
0 0.79875 0.328333 0.0325 0.0244444 0.690918
0 0.185313 0.418889 0.04125 0.0355555 0.690918
0 0.407188 0.32 0.018125 0.0216667 0.673828
0 0.64 0.310556 0.0199999 0.0211111 0.672363
0 0.0491016 0.447778 0.0359375 0.0288889 0.67041
2 0.0551563 0.470278 0.0148438 0.0333333 0.665527
0 0.324297 0.335556 0.0151562 0.0216667 0.658203
0 0.0452344 0.443611 0.0320313 0.0277778 0.656738
0 0.9 0.328889 0.0225 0.0177778 0.645996
0 0.3925 0.308889 0.01125 0.015 0.644043
7 0.72375 0.4 0.00499999 0.0172222 0.642578
7 0.72875 0.438889 0.00499999 0.0194444 0.615234
2 0.215938 0.371111 0.0075 0.0211111 0.613281
0 0.94 0.332778 0.025 0.0177778 0.611328
2 0.576875 0.309722 0.010625 0.0216667 0.604004
0 0.79125 0.324444 0.02625 0.0222222 0.596191
0 0.474375 0.280278 0.00874999 0.015 0.594727
3 0.686875 0.440556 0.0137499 0.0544444 0.588867
2 0.60625 0.315833 0.01 0.0211111 0.544922
0 0.37875 0.316667 0.01375 0.0194444 0.541016
0 0.74 0.325556 0.035 0.0238889 0.539062
0 0.380625 0.315556 0.01375 0.0188889 0.523438
2 0.20375 0.372222 0.00750001 0.0233333 0.519531
0 0.413125 0.294444 0.01 0.0133333 0.511719
0 0.476875 0.29 0.01125 0.0177778 0.511719
0 0.00343262 0.634444 0.00679688 0.0822222 0.511719
0 0.3575 0.3175 0.01125 0.0166667 0.496094
0 0.35625 0.325556 0.0125 0.02 0.490234
2 0.223125 0.354167 0.0078125 0.0194445 0.476562
2 0.595 0.310556 0.01375 0.0211111 0.474609
0 0.339375 0.315556 0.0125 0.0211111 0.470703
0 0.94 0.336111 0.025 0.0166667 0.458008
0 0.74375 0.323611 0.035 0.0244444 0.455078
7 0.73875 0.430278 0.00499999 0.0194444 0.449463
0 0.94875 0.328333 0.025 0.0177778 0.437744
5 0.1675 0.378889 0.035 0.0283333 0.422607
0 0.4075 0.299167 0.00874999 0.0133333 0.407227
0 0.481875 0.273889 0.00812502 0.0133333 0.386719
0 0.336875 0.329444 0.0125 0.0188889 0.383057
2 0.2575 0.357222 0.009375 0.0211111 0.368408
2 0.205313 0.374167 0.0096875 0.0227778 0.364746
0 0.0057959 0.406667 0.0115332 0.0311111 0.357666
2 0.586875 0.312222 0.0112501 0.0205556 0.352295
2 0.259688 0.355833 0.015625 0.0216667 0.325928
2 0.265625 0.353611 0.011875 0.0222222 0.32251
7 0.67875 0.479722 0.00750001 0.0261111 0.299072
2 0.195313 0.3775 0.00562501 0.0205556 0.295898
2 0.208438 0.373333 0.0075 0.0222222 0.295898
7 0.6775 0.478889 0.00749995 0.0266667 0.281494
0 0.486875 0.27 0.00750001 0.0122222 0.263672
0 0.86125 0.331111 0.035 0.0233333 0.252441
5 0.170938 0.376111 0.043125 0.0344445 0.240723
0 0.384375 0.298056 0.01 0.0138889 0.2323
0 0.367188 0.308333 0.01125 0.0161111 0.231567
7 0.145156 0.421111 0.003125 0.00999999 0.228149
0 0.42625 0.281111 0.00750001 0.0111111 0.222046
0 0.408125 0.304444 0.01375 0.0122222 0.222046
0 0.367188 0.321389 0.014375 0.0216667 0.217285
2 0.625625 0.310833 0.00750001 0.0177778 0.217285
0 0.89375 0.33 0.0225 0.02 0.212769
7 0.669375 0.34 0.00374997 0.0127778 0.185303
2 0.596875 0.303611 0.00812499 0.0194444 0.178345
0 0.419375 0.285833 0.00749998 0.0122222 0.169434
2 0.574375 0.309722 0.0137499 0.0211111 0.166626
0 0.485625 0.262222 0.00625 0.0127778 0.166138
0 0.47375 0.271667 0.00875003 0.0111111 0.165649
3 0.190938 0.376389 0.00625 0.0244444 0.160767
2 0.194219 0.373333 0.00562501 0.0222222 0.150513
0 0.745 0.321667 0.02875 0.0205555 0.147095
2 0.259375 0.353889 0.00875001 0.0233333 0.138428
0 0.39625 0.2975 0.01 0.0122222 0.136108
7 0.128594 0.413889 0.00375001 0.0133333 0.136108
0 0.375625 0.297222 0.00750001 0.00944443 0.126831
2 0.2225 0.359167 0.00718749 0.0216667 0.125977
2 0.576563 0.306111 0.01 0.0233333 0.118774
3 0.229375 0.347778 0.004375 0.02 0.118408
2 0.62875 0.322222 0.00875003 0.0222222 0.10968
0 0.0442188 0.455556 0.0335938 0.0272222 0.109314
2 0.608125 0.311389 0.00750001 0.02 0.107422
7 0.66625 0.462778 0.00499999 0.0233333 0.101562
7 0.00873047 0.546667 0.00472656 0.0177777 0.100159
2 0.6175 0.31 0.01 0.0183333 0.0957031
0 0.769375 0.423889 0.02625 0.0411111 0.092041
0 0.785625 0.325 0.03125 0.0222222 0.0907593
3 0.22125 0.356667 0.00562499 0.02 0.083313
0 0.515938 0.261111 0.00437501 0.00666665 0.0827026
0 0.351563 0.309167 0.01125 0.0138889 0.0797729
0 0.75 0.326667 0.03875 0.0222222 0.0792236
0 0.7025 0.336111 0.04 0.0305556 0.0775146
7 0.74375 0.418333 0.00750001 0.0166667 0.0772095
7 0.00729614 0.543333 0.00542725 0.0155555 0.0698242
0 0.00452881 0.409167 0.00905762 0.0327778 0.0685425
7 0.68375 0.351667 0.00500005 0.0133334 0.0682983
2 0.27 0.353611 0.01125 0.0216667 0.0680542
7 0.92375 0.465556 0.00499999 0.0166667 0.0639648
0 0.403125 0.280833 0.00625003 0.00888889 0.0634766
2 0.688125 0.441111 0.0175 0.055 0.0630493
2 0.758125 0.314444 0.01875 0.0188889 0.0628052
0 0.94 0.340278 0.025 0.0211111 0.0623169
0 0.8975 0.333333 0.0237501 0.0177778 0.0616455
0 0.7 0.319444 0.0325 0.0211111 0.0592041
0 0.495313 0.262222 0.00562499 0.0077778 0.0549927
7 0.736875 0.427222 0.00500005 0.02 0.0518494
0 0.41625 0.279722 0.00625 0.00888889 0.0465393
0 0.475625 0.306111 0.015 0.0244444 0.0463867
7 0.653125 0.328333 0.00375004 0.00999999 0.0460205
5 0.170313 0.369722 0.0403125 0.045 0.0455322
0 0.32375 0.339167 0.016875 0.0216667 0.0451965
2 0.212813 0.356111 0.008125 0.02 0.0446777
0 0.97125 0.333333 0.0175 0.0138889 0.0440063
2 0.65125 0.432778 0.02375 0.05 0.0422363
2 0.265625 0.36 0.00531251 0.0188889 0.041626
2 0.61625 0.303333 0.00562503 0.0188889 0.0397949
0 0.38 0.288889 0.00625 0.0111111 0.033844
3 0.995625 0.594444 0.00874996 0.0755556 0.032959
2 0.583438 0.303611 0.00812499 0.0211111 0.0328369
0 0.00338623 0.653333 0.00677246 0.112222 0.0321045
2 0.630625 0.323333 0.00999997 0.0211111 0.0317383
0 0.47625 0.265278 0.00625 0.0127778 0.0316162
0 0.78375 0.321944 0.0275 0.0216667 0.0306702
3 0.93625 0.500556 0.01125 0.0688889 0.0296478
0 0.4225 0.291667 0.00874999 0.0133333 0.0280151
7 0.755 0.414722 0.00499999 0.0211111 0.0271759
2 0.710625 0.308889 0.00875003 0.0177778 0.0258636
2 0.267031 0.351111 0.013125 0.0244445 0.0255585
0 0.0444629 0.435556 0.0418555 0.0266667 0.0255127
0 0.5275 0.271667 0.00812499 0.01 0.0250854
0 0.95625 0.331667 0.02375 0.0155555 0.0248871
3 0.691875 0.448333 0.00875003 0.0711111 0.0244293
1 0.379375 0.260833 0.0175 0.0233333 0.024231
7 0.928125 0.452222 0.00375004 0.0155555 0.0214539
1 0.378125 0.265 0.0175 0.0333333 0.0202484
0 0.805 0.322222 0.025 0.0211111 0.0190582
0 0.523438 0.262222 0.00562499 0.00888887 0.0187683
7 0.73625 0.431389 0.00499999 0.0188889 0.0173798
3 0.99375 0.59 0.0124999 0.0888889 0.0151901
2 0.60375 0.304444 0.00625 0.02 0.0143356
3 0.250625 0.348056 0.004375 0.0261111 0.0141754
0 0.357813 0.365 0.029375 0.0344445 0.014061
0 0.527188 0.273889 0.00749998 0.0111111 0.0137405
0 0.935 0.989167 0.06 0.0216666 0.0118713
0 0.89875 0.323333 0.0225 0.0227778 0.0113297
7 0.72625 0.443889 0.00499999 0.02 0.0109863
0 0.39625 0.281111 0.00625 0.00888889 0.00945282
0 0.428125 0.271111 0.00500002 0.00777777 0.00926971
0 0.931875 0.343333 0.0275 0.0211111 0.0091629
3 0.0295703 0.413333 0.00632813 0.0188889 0.0091629
0 0.97875 0.334444 0.0225 0.0166667 0.00871277
2 0.0527344 0.466667 0.0190625 0.0377778 0.00867462
0 0.433125 0.277778 0.00625 0.00777777 0.00828552
0 0.325 0.318333 0.01125 0.0155555 0.00809479
0 0.820625 0.326111 0.0175 0.0205556 0.00790405
0 0.42 0.308333 0.0125 0.0166667 0.0077858
2 0.57125 0.313333 0.0143751 0.0155556 0.00743103
0 0.00904297 0.406667 0.0180859 0.0294444 0.00720596
2 0.0628906 0.422222 0.00671875 0.0155556 0.00661469
0 0.96625 0.336389 0.0125 0.015 0.00658798
2 0.624063 0.304444 0.00687497 0.02 0.00651169
0 0.93875 0.993056 0.07 0.0138889 0.00651169
0 0.00361084 0.442778 0.00722168 0.0238889 0.00616837
0 0.92875 0.335556 0.025 0.0161111 0.00588989
0 0.00474365 0.666667 0.00948731 0.115556 0.00582123
0 0.466875 0.280556 0.00625 0.0122222 0.00575256
3 0.291406 0.342222 0.00562499 0.0177778 0.00568771
2 0.71375 0.318889 0.00999997 0.02 0.00548935
2 0.0589063 0.470556 0.0146875 0.0311111 0.00544739
3 0.9375 0.503889 0.0175 0.0677778 0.0053215
0 0.84125 0.326111 0.0375 0.0277778 0.00524139
2 0.0263867 0.44 0.0123047 0.0211111 0.00486755
0 0.1725 0.358056 0.0290625 0.0222222 0.00482941
0 0.9425 0.341667 0.0325 0.0233333 0.00469971
0 0.335625 0.311111 0.014375 0.0211111 0.0045929
0 0.0126172 0.455556 0.0208594 0.0222222 0.00450516
0 0.449688 0.267778 0.00499999 0.00888887 0.00446701
7 0.67 0.472778 0.00750001 0.0266667 0.00446701
0 0.365313 0.297222 0.00812499 0.00888889 0.00438309
7 0.221563 0.508889 0.00874999 0.03 0.00432968
7 0.125703 0.4075 0.00359375 0.0161111 0.00426483
2 0.0264258 0.423333 0.00722656 0.02 0.00421524
2 0.2075 0.357222 0.008125 0.02 0.00405502
7 0.72375 0.394444 0.00499999 0.0222222 0.00392914
0 0.495938 0.288889 0.01125 0.0161111 0.00391388
0 0.00521484 0.398889 0.0104297 0.0366666 0.00385475
7 0.134688 0.434167 0.00562499 0.0155555 0.00385475
2 0.765625 0.303889 0.00625 0.0211111 0.00379562
0 0.77375 0.333333 0.05625 0.0222222 0.00367928
0 0.96625 0.343611 0.0175001 0.0233333 0.00362206
7 0.665 0.314444 0.00250003 0.0122222 0.00359344
7 0.650625 0.333333 0.00374997 0.0172222 0.00359344
2 0.17 0.412778 0.011875 0.0311111 0.00356483
3 0.62875 0.328333 0.00750001 0.0272222 0.00356483
7 0.6675 0.353333 0.00499999 0.0116667 0.00355148
0 0.461563 0.290556 0.010625 0.0155555 0.00348282
7 0.284844 0.351667 0.00406253 0.0133334 0.00345612
7 0.7225 0.448889 0.00625 0.0222222 0.00329781
0 0.99375 0.591111 0.0124999 0.0866666 0.00324821
0 0.73 0.325556 0.03375 0.0277778 0.00319672
1 0.371875 0.261667 0.0325 0.0227778 0.00309944
0 0.855 0.336111 0.035 0.0277778 0.00300407
2 0.555 0.297222 0.010625 0.0144444 0.00288963
0 0.8225 0.301667 0.0199999 0.0233333 0.00284576
7 0.68375 0.593889 0.09375 0.127778 0.00284576
0 0.0375391 0.39 0.00929687 0.0188889 0.00283432
0 0.484063 0.246944 0.00625 0.0122222 0.00282288
7 0.135 0.42 0.0034375 0.01 0.00266266
7 0.284844 0.364444 0.00343749 0.0111111 0.00265312
7 0.66875 0.456111 0.015 0.0355555 0.00263214
2 0.715 0.301667 0.00749995 0.0166667 0.00258064
2 0.0250391 0.406667 0.00851563 0.02 0.00257111
1 0.355938 0.257778 0.011875 0.0166667 0.0024929
0 0.464375 0.309444 0.015 0.0277778 0.00247192
1 0.845625 0.302778 0.06625 0.0305556 0.00239754
0 0.9025 0.332222 0.0275 0.0166667 0.00227928
0 0.3775 0.325 0.01875 0.0222222 0.00226974
3 0.99625 0.603333 0.00749995 0.0688889 0.00226021
2 0.271875 0.356667 0.00812502 0.0233333 0.00223351
0 0.455 0.263889 0.00437501 0.01 0.00219154
7 0.743125 0.428889 0.00625 0.0222222 0.00216484
0 0.748125 0.313889 0.0275 0.0233333 0.00210762
3 0.105781 0.387222 0.0059375 0.0177778 0.00201988
0 0.533438 0.278333 0.00625003 0.00888889 0.00198746
0 0.796875 0.334722 0.035 0.0305556 0.00195694
0 0.263125 0.593333 0.05875 0.0622222 0.00191212
0 0.456875 0.364722 0.03625 0.0405556 0.00187492
7 0.365625 0.626111 0.085 0.132222 0.00182438
0 0.00948242 0.416944 0.0185156 0.0294444 0.00177479
7 0.67625 0.317778 0.00499999 0.0144444 0.00174809
0 0.89625 0.34 0.0275 0.0227778 0.00174141
0 0.9725 0.349444 0.0275 0.0277778 0.00171375
0 0.364375 0.364167 0.0425 0.0433333 0.00154877
2 0.6825 0.442778 0.02375 0.0577778 0.00154877
3 0.695 0.468333 0.0225 0.0911111 0.00150108
2 0.0337891 0.425556 0.00671875 0.0166667 0.00146675
0 0.6675 0.2875 0.025 0.0222222 0.00141048
2 0.114844 0.383889 0.00437501 0.0144444 0.00140476
7 0.294688 0.342778 0.00625 0.0177778 0.00139904
0 0.0214648 0.457222 0.0401172 0.0388889 0.00138283
2 0.0187207 0.517222 0.0196289 0.0477778 0.00137806
0 0.4125 0.271389 0.01 0.0116667 0.00136662
2 0.71625 0.386667 0.0125 0.0377778 0.00134563
7 0.685 0.357778 0.00499999 0.0211111 0.00134087
3 0.61875 0.290556 0.00625 0.0166667 0.00134087
0 0.375625 0.281111 0.00562499 0.0133333 0.00131512
0 0.301875 0.338333 0.02 0.02 0.00131512
5 0.0195898 0.452222 0.0312891 0.0388889 0.00129414
3 0.270313 0.363889 0.00656252 0.0283333 0.00126934
2 0.606875 0.319444 0.00875003 0.025 0.00118828
0 0.34375 0.338333 0.02 0.0266667 0.00118828
2 0.231875 0.349167 0.008125 0.0172222 0.0011692
7 0.536563 0.316111 0.00562503 0.0177778 0.00116062
0 0.564063 0.278889 0.00562496 0.0111111 0.00115585
0 0.8575 0.344444 0.0425 0.0388889 0.0011425
3 0.104844 0.400556 0.00765625 0.0194444 0.0011158
0 0.77 0.312778 0.025 0.0244444 0.00109005
0 0.166094 0.399444 0.0325 0.0355555 0.00105667
0 0.365313 0.2825 0.00625 0.015 0.00105286
0 0.445 0.263333 0.00375001 0.00888889 0.00104427
