0 0.6525 0.850556 0.1475 0.267778 0.963379
0 0.31875 0.820556 0.13375 0.236667 0.959961
0 0.468438 0.888889 0.139375 0.22 0.955078
0 0.76125 0.774444 0.1375 0.202222 0.953613
0 0.58125 0.593333 0.074375 0.113333 0.950195
0 0.197773 0.631111 0.100078 0.115556 0.946777
0 0.485313 0.617778 0.075 0.133333 0.940918
0 0.684375 0.595556 0.09125 0.117778 0.9375
0 0.385625 0.627222 0.07625 0.121111 0.933105
0 0.127344 0.527222 0.069375 0.0777778 0.926758
1 0.893125 0.852222 0.2125 0.295556 0.914551
0 0.28375 0.386111 0.0484375 0.0322222 0.850098
0 0.558125 0.346667 0.051875 0.0372222 0.848145
0 0.143828 0.424444 0.0454688 0.0344445 0.839844
7 0.235938 0.505 0.0075 0.0244445 0.836426
0 0.0569531 0.44 0.0359375 0.0344445 0.825684
5 0.36 0.305 0.01875 0.0333333 0.818848
0 0.729375 0.330556 0.03375 0.0266667 0.817383
0 0.88625 0.331111 0.03 0.02 0.810547
0 0.403125 0.324722 0.01875 0.0233333 0.78125
0 0.78625 0.328333 0.0325 0.0244444 0.773438
2 0.0189746 0.502778 0.0186914 0.0333333 0.751953
7 0.222656 0.519167 0.0075 0.0255555 0.746094
0 0.765 0.324444 0.0325 0.0244444 0.73584
0 0.72 0.323333 0.035 0.0266667 0.729492
0 0.465 0.314444 0.0175 0.0233333 0.704102
0 0.512188 0.277778 0.00812499 0.0116667 0.697754
0 0.0921875 0.404722 0.03125 0.03 0.697754
7 0.666875 0.462778 0.00625 0.0222222 0.690918
7 0.0242773 0.528333 0.00605469 0.0188889 0.6875
0 0.58625 0.305 0.02875 0.0216667 0.6875
0 0.375 0.311667 0.01125 0.0166667 0.682617
0 0.33875 0.333333 0.0175 0.0227778 0.680664
2 0.73625 0.388889 0.02 0.0477778 0.67041
7 0.73 0.44 0.00499999 0.02 0.658203
0 0.414063 0.311667 0.011875 0.0172222 0.637207
7 0.75 0.415556 0.00499999 0.0177778 0.631836
0 0.328125 0.330278 0.014375 0.02 0.613281
0 0.365 0.326944 0.015 0.0227778 0.600098
5 0.39375 0.301667 0.01625 0.0322222 0.588867
0 0.430938 0.336389 0.034375 0.0261111 0.588867
0 0.0925 0.409444 0.0325 0.0288889 0.57959
7 0.678125 0.480556 0.00750001 0.0255556 0.565918
2 0.0473438 0.475 0.0146875 0.0377778 0.558105
5 0.393125 0.305556 0.015 0.0238889 0.533203
2 0.0525 0.47 0.0164063 0.0355556 0.525391
0 0.384375 0.324722 0.015 0.0205556 0.515625
7 0.72625 0.401111 0.00499999 0.02 0.515625
2 0.5375 0.332222 0.02 0.03 0.503906
7 0.6675 0.465 0.00499999 0.0222222 0.501953
0 0.428125 0.343889 0.0375 0.0333333 0.476562
0 0.411563 0.293056 0.009375 0.015 0.466797
0 0.384375 0.315 0.0125 0.0177778 0.455078
0 0.350625 0.326667 0.0125 0.0194444 0.44751
7 0.739375 0.430556 0.00499999 0.0211111 0.420654
0 0.021792 0.455556 0.0241504 0.0322222 0.414795
0 0.00567383 0.456111 0.0113477 0.0455555 0.355713
5 0.0172656 0.463333 0.0341406 0.0394445 0.355713
0 0.424375 0.347222 0.03125 0.0333334 0.329346
0 0.403125 0.296667 0.00812502 0.0166667 0.327637
0 0.375 0.307778 0.0125 0.0211111 0.281494
0 0.00381592 0.451111 0.00756348 0.0411111 0.26123
0 0.179375 0.379444 0.026875 0.0211111 0.256836
7 0.74375 0.426667 0.00499999 0.0188889 0.235107
7 0.0646875 0.471389 0.00585938 0.0188889 0.2323
0 0.345 0.317778 0.0125 0.0166667 0.154053
0 0.502813 0.259444 0.00750001 0.00944446 0.149536
0 0.375 0.323333 0.015 0.0194444 0.127686
0 0.537813 0.332222 0.0225 0.0311111 0.127686
0 0.485 0.261111 0.00625 0.00888889 0.125488
2 0.0241016 0.442222 0.0145703 0.0244444 0.122498
7 0.0102832 0.544583 0.00583984 0.0197223 0.111267
2 0.419688 0.356111 0.0175 0.0333333 0.0960083
7 0.73375 0.435556 0.00500005 0.0177778 0.0913696
0 0.47125 0.270278 0.00562499 0.00944443 0.0907593
0 0.548125 0.343889 0.038125 0.0361111 0.0878906
5 0.00642578 0.456389 0.0128516 0.0455555 0.0797729
0 0.174063 0.378333 0.025 0.0227778 0.0786133
0 0.42125 0.3075 0.01 0.0183333 0.0736694
0 0.475938 0.261667 0.00499999 0.00777777 0.0723877
0 0.0517285 0.45 0.0237305 0.03 0.0687866
7 0.67 0.342222 0.00250003 0.0127778 0.0623169
0 0.179844 0.375278 0.026875 0.025 0.0618896
7 0.755 0.415556 0.00499999 0.0177778 0.0609741
0 0.4875 0.266111 0.00625 0.01 0.0596619
0 0.0235986 0.461667 0.0242871 0.04 0.0564575
0 0.475938 0.273333 0.00562499 0.0122222 0.0539856
5 0.0180664 0.452778 0.0315234 0.0377778 0.0538025
7 0.205313 0.386111 0.00375001 0.00888889 0.0528259
7 0.684375 0.349444 0.00375004 0.0111111 0.0522461
7 0.225 0.371111 0.003125 0.0111111 0.0499573
2 0.73375 0.386111 0.02625 0.0505556 0.0435181
0 0.0926563 0.399444 0.0303125 0.0333333 0.0422363
0 0.513125 0.271667 0.00749998 0.0111111 0.0413208
0 0.41 0.325 0.01125 0.0222222 0.0350037
7 0.264844 0.366944 0.00375001 0.00833333 0.0328369
3 0.291563 0.345278 0.00625 0.0183333 0.0327148
7 0.7375 0.428889 0.00750001 0.0227778 0.0321045
7 0.7225 0.449444 0.00750001 0.0211111 0.0319824
0 0.775 0.329444 0.02875 0.0255556 0.0314941
0 0.465 0.318333 0.01625 0.0288889 0.0310211
0 0.338438 0.337778 0.0175 0.025 0.0306702
0 0.725 0.328889 0.035 0.0266667 0.029541
0 0.43375 0.278056 0.00562499 0.00833333 0.0288696
0 0.0547266 0.429444 0.0283594 0.0233333 0.0244293
0 0.423125 0.278333 0.00625 0.00999999 0.0207214
2 0.536875 0.325556 0.01875 0.0266667 0.0178528
0 0.465938 0.275556 0.00499999 0.00888889 0.0171051
7 0.635625 0.334444 0.00374997 0.0138889 0.0167236
7 0.72625 0.445278 0.00499999 0.0222222 0.0165863
0 0.375625 0.3 0.009375 0.0122222 0.0153046
0 0.44625 0.261667 0.00499999 0.00888889 0.0146179
0 0.00330322 0.433889 0.00660645 0.0372222 0.014389
2 0.325547 0.341111 0.0139063 0.0222222 0.0142288
7 0.65375 0.318333 0.00250003 0.0122222 0.0136337
7 0.274688 0.351944 0.00406253 0.0111111 0.0130234
2 0.86375 0.311667 0.00499999 0.0177778 0.0127258
0 0.349375 0.330556 0.01375 0.0222222 0.0124817
0 0.424375 0.3025 0.01125 0.0211111 0.0124283
0 0.42625 0.304444 0.015625 0.0222222 0.0119171
0 0.41875 0.285556 0.00749998 0.0122222 0.0107346
0 0.810625 0.797778 0.03875 0.108889 0.0104904
0 0.8075 0.783889 0.045 0.145556 0.0104523
2 0.1925 0.370556 0.00625 0.02 0.00923157
0 0.0184375 0.467222 0.0322656 0.0388889 0.00891876
0 0.88625 0.336667 0.03 0.0277778 0.00871277
7 0.655 0.329444 0.00249996 0.0111111 0.0086441
2 0.115 0.380833 0.00546875 0.015 0.00857544
7 0.19625 0.4 0.005 0.02 0.00854492
2 0.55625 0.313889 0.00750001 0.0188889 0.00760651
2 0.72 0.387222 0.02 0.0433333 0.00734711
2 0.16375 0.372778 0.0075 0.0233333 0.00728989
7 0.285313 0.350556 0.00437498 0.0111111 0.00725937
0 0.96375 0.333333 0.01625 0.0166667 0.00717545
7 0.0336523 0.485556 0.00652344 0.0244445 0.00712204
7 0.0126758 0.541111 0.00580078 0.0155556 0.00679779
7 0.66625 0.350833 0.00374997 0.00944443 0.00674438
7 0.674375 0.328889 0.00374997 0.0144444 0.00664139
0 0.449375 0.266111 0.00562499 0.0111111 0.00643921
7 0.484063 0.618333 0.073125 0.134444 0.00641251
7 0.229375 0.374444 0.003125 0.00888889 0.00624084
7 0.675625 0.316389 0.00374997 0.0133334 0.00605011
0 0.377813 0.291944 0.00999997 0.0166667 0.00595856
0 0.0557031 0.433889 0.0326562 0.03 0.00591278
0 0.565 0.345833 0.0362501 0.035 0.00553513
0 0.495313 0.263056 0.00562499 0.0105555 0.00544739
0 0.80625 0.773333 0.0500001 0.195556 0.00540543
7 0.0168359 0.525556 0.00652344 0.0233333 0.00538635
2 0.556563 0.300833 0.00750001 0.0166667 0.00511932
7 0.67 0.473333 0.00499999 0.0255555 0.00475693
0 0.375625 0.258889 0.00812499 0.0144444 0.00468063
7 0.755625 0.408333 0.00374997 0.0183333 0.00446701
0 0.0193066 0.4325 0.0136523 0.0205555 0.00439835
0 0.519375 0.279444 0.01375 0.0133333 0.00428009
7 0.636563 0.316667 0.00499999 0.0133333 0.0042305
3 0.292813 0.343889 0.00625 0.0166667 0.00403976
0 0.960625 0.333333 0.02375 0.02 0.00397491
0 0.7425 0.33 0.04625 0.0255556 0.00395966
7 0.70875 0.399167 0.00500005 0.0316666 0.00388527
0 0.729375 0.336111 0.03625 0.0344444 0.00379562
2 0.86625 0.301667 0.00749995 0.0166667 0.0036068
2 0.42 0.366111 0.01625 0.05 0.00331116
0 0.77125 0.323333 0.035 0.0233333 0.00327301
7 0.605625 0.332778 0.00374997 0.0122222 0.00327301
7 0.0635938 0.478889 0.0201563 0.0255555 0.00307465
2 0.0226953 0.406667 0.0078125 0.02 0.00292397
0 0.0911133 0.419444 0.0371484 0.0344444 0.00287819
0 0.00914062 0.482222 0.0166797 0.0466667 0.00284576
0 0.0124219 0.420556 0.0143555 0.0166667 0.00273705
1 0.85375 0.851111 0.1175 0.297778 0.00268364
0 0.36375 0.259722 0.00625 0.0122222 0.00259018
7 0.684375 0.596111 0.09125 0.116667 0.00257111
7 0.0848438 0.471111 0.0040625 0.0133333 0.00255013
3 0.250313 0.339444 0.00374999 0.02 0.0024147
7 0.164844 0.409444 0.00531249 0.0188889 0.00239754
7 0.235938 0.381389 0.00374999 0.0127778 0.00225258
0 0.975 0.332778 0.04 0.0238889 0.00221634
0 0.48625 0.272222 0.00625 0.0133333 0.0019722
2 0.0159961 0.406389 0.00808594 0.0194444 0.00192642
0 0.467188 0.304444 0.013125 0.0244444 0.00182438
0 0.176563 0.393333 0.031875 0.0377778 0.00182438
2 0.0151465 0.501667 0.025293 0.0377778 0.00179577
7 0.755 0.431111 0.00499999 0.0211111 0.00178242
2 0.765 0.302222 0.00749995 0.0188889 0.00167465
0 0.161719 0.384444 0.0165625 0.0177778 0.00162315
2 0.0230469 0.505 0.0229297 0.0377778 0.00161076
0 0.329063 0.322222 0.011875 0.02 0.00158501
7 0.75375 0.391111 0.00499999 0.0233333 0.00157928
3 0.871875 0.309444 0.015 0.035 0.00157928
0 0.48375 0.244722 0.00499999 0.00999999 0.00153637
7 0.146563 0.448889 0.008125 0.0277778 0.00153065
7 0.271875 0.372222 0.00968752 0.0138889 0.00152493
0 0.0600391 0.430556 0.0311719 0.0277778 0.00152493
2 0.695625 0.331111 0.00750001 0.0233333 0.00150108
0 0.00363525 0.408611 0.00727051 0.025 0.00146675
7 0.235313 0.368611 0.00249999 0.00722224 0.00144386
0 0.33125 0.320556 0.01 0.0188889 0.0014267
0 0.146875 0.410278 0.011875 0.02 0.00141048
0 0.72 0.317222 0.0375 0.0288889 0.00141048
0 0.465625 0.264444 0.00375001 0.0111111 0.00139904
7 0.0247266 0.532222 0.00648438 0.0277778 0.00139427
0 0.429688 0.270556 0.00625 0.0105556 0.00139427
3 0.26125 0.352778 0.00562501 0.0177778 0.00136662
7 0.61375 0.333333 0.00499999 0.0133333 0.00132465
7 0.133359 0.409167 0.0075 0.0183333 0.00124931
7 0.245 0.367778 0.0028125 0.00777777 0.00124454
0 0.413125 0.283333 0.00874999 0.0144444 0.00123501
0 0.97125 0.343889 0.0425 0.0283333 0.0012064
0 0.513125 0.263333 0.00625 0.0105555 0.00119686
2 0.515313 0.290556 0.01 0.0166667 0.00119686
3 0.254375 0.328889 0.00562499 0.02 0.00119686
5 0.42875 0.295556 0.01625 0.0244445 0.00107288
3 0.65625 0.296389 0.00499999 0.0155555 0.00105667
2 0.8775 0.318333 0.00750001 0.02 0.00104427
7 0.293906 0.413889 0.00906248 0.025 0.00102425
0 0.785 0.336111 0.03 0.0333333 0.00101185
