0 0.485 0.818889 0.16375 0.36 0.958984
0 0.346875 0.545 0.12375 0.232222 0.955566
0 0.4975 0.455278 0.10125 0.208333 0.955078
0 0.591875 0.266042 0.06875 0.10125 0.939453
0 0.419375 0.315556 0.06875 0.104444 0.936523
0 0.505 0.2775 0.06375 0.140556 0.91748
0 0.502188 0.111111 0.053125 0.0377778 0.878906
0 0.69875 0.287847 0.0825 0.11875 0.875977
7 0.70375 0.200833 0.00750001 0.0222222 0.871582
0 0.551875 0.0611111 0.0475 0.0294444 0.862305
0 0.64125 0.0585417 0.04875 0.03 0.848145
0 0.221563 0.200694 0.06 0.0469444 0.839844
0 0.85125 0.0988889 0.045 0.0358333 0.835449
0 0.304375 0.131944 0.04625 0.0355556 0.827637
7 0.744375 0.175833 0.00625 0.0211111 0.805664
0 0.68 0.0519444 0.03375 0.0266667 0.803223
0 0.385625 0.0961111 0.041875 0.0341667 0.795898
0 0.77125 0.0615278 0.04 0.0241667 0.782715
7 0.753125 0.163611 0.00499999 0.0188889 0.773438
0 0.0840625 0.256736 0.0301562 0.0298611 0.764648
0 0.341875 0.0865278 0.0175 0.0252778 0.762207
2 0.766875 0.118472 0.01375 0.0436111 0.744141
0 0.118438 0.218056 0.0265625 0.0261111 0.726562
7 0.0312891 0.379444 0.00554687 0.0188889 0.71875
0 0.89 0.0799306 0.025 0.0186111 0.708984
4 0.27125 0.112361 0.08875 0.09 0.700684
7 0.0454688 0.362222 0.0053125 0.0177778 0.699219
1 0.359688 0.0623611 0.0325 0.0422222 0.694336
5 0.385 0.0440972 0.0175 0.0323611 0.689453
0 0.404688 0.0673611 0.015625 0.0202778 0.6875
7 0.245 0.285 0.00874999 0.0266667 0.686035
2 0.66375 0.159306 0.025 0.0583333 0.674805
7 0.6925 0.187778 0.00750001 0.025 0.607422
0 0.382813 0.0675 0.019375 0.0222222 0.605957
7 0.94625 0.220139 0.00499999 0.0177778 0.588867
5 0.0580469 0.272778 0.045 0.0538889 0.581543
0 0.335938 0.0873611 0.018125 0.0241667 0.517578
7 0.7725 0.145833 0.00499999 0.0188889 0.515625
2 0.524375 0.0538889 0.015 0.0202778 0.470703
5 0.427188 0.0490278 0.020625 0.0363889 0.464844
0 0.0131055 0.29 0.0244531 0.0255555 0.449463
0 0.318125 0.0958333 0.016875 0.0208333 0.445557
2 0.0586719 0.300556 0.0104687 0.0355555 0.373779
0 0.0573047 0.276944 0.0455469 0.0433333 0.368408
0 0.363438 0.0791667 0.020625 0.0240278 0.361084
0 0.386563 0.0913889 0.036875 0.0319444 0.352295
0 0.80375 0.0715278 0.03375 0.0229167 0.350342
2 0.229688 0.155556 0.0075 0.0227778 0.346924
7 0.164063 0.206667 0.00374999 0.0122222 0.345215
0 0.403125 0.0455556 0.01 0.0169444 0.339844
0 0.39125 0.0683333 0.01625 0.0238889 0.319092
2 0.873125 0.06375 0.01 0.0206944 0.305664
7 0.7625 0.154722 0.00750001 0.02 0.297363
0 0.428438 0.0570139 0.01625 0.0205556 0.294189
7 0.746875 0.128889 0.00499999 0.0183333 0.294189
2 0.137344 0.187778 0.008125 0.0211111 0.289307
0 0.0166406 0.288333 0.0222266 0.0277778 0.250977
7 0.705625 0.07875 0.00374997 0.0127778 0.24939
0 0.224688 0.992222 0.06875 0.0133334 0.23938
0 0.0141309 0.285556 0.022207 0.0255556 0.233765
0 0.38625 0.0520833 0.0175 0.0266667 0.233032
0 0.41625 0.05875 0.01375 0.0183333 0.229492
0 0.40875 0.0601389 0.01375 0.0202778 0.226074
7 0.74875 0.130278 0.00499999 0.0183333 0.212036
0 0.414063 0.0477083 0.01125 0.0172222 0.202393
0 0.398125 0.0489583 0.01125 0.0170833 0.19812
2 0.226563 0.154861 0.00562501 0.0222222 0.194336
2 0.0938281 0.219444 0.01375 0.0216667 0.193115
0 0.0751563 0.255278 0.0334375 0.0316667 0.191284
0 0.019043 0.285833 0.0201172 0.025 0.179565
2 0.0945313 0.215556 0.0107812 0.0216667 0.171631
0 0.380938 0.07 0.016875 0.0255556 0.171021
0 0.806875 0.07375 0.0325 0.0216667 0.168823
0 0.441875 0.0304167 0.01 0.0158333 0.161865
0 0.89125 0.0826389 0.025 0.0213889 0.146606
0 0.00571289 0.279444 0.0114258 0.03 0.13208
7 0.944375 0.234861 0.00500005 0.0191667 0.129883
7 0.258125 0.264167 0.00875001 0.0288889 0.125488
0 0.339688 0.0826389 0.016875 0.0261111 0.123352
7 0.946875 0.215417 0.00499999 0.0194444 0.120422
7 0.14625 0.221667 0.00406249 0.0116667 0.119995
5 0.311406 0.0973611 0.0303125 0.0347222 0.113159
7 0.9475 0.225 0.00500005 0.0216667 0.107788
0 0.425313 0.0592361 0.013125 0.0197222 0.100525
7 0.00896973 0.377222 0.00385742 0.0155555 0.100159
0 0.40625 0.0339931 0.01 0.0122917 0.0991211
0 0.00649414 0.291667 0.0129883 0.0244444 0.0977173
0 0.495938 0.00923611 0.00749998 0.0108333 0.0917358
3 0.7325 0.117639 0.00750001 0.0380556 0.0907593
0 0.358125 0.0790278 0.01375 0.0241667 0.0900879
7 0.146016 0.2125 0.00484374 0.0172222 0.0859985
0 0.0907813 0.223194 0.01875 0.0208333 0.0817871
0 0.324297 0.0886111 0.0126563 0.0211111 0.0783691
0 0.414375 0.0353472 0.009375 0.0155556 0.0778198
7 0.0852344 0.292222 0.0040625 0.0138889 0.0713501
7 0.7525 0.166667 0.00749995 0.0183333 0.0708008
0 0.436563 0.0272222 0.009375 0.0147222 0.0668335
5 0.445 0.0143056 0.0125 0.0163889 0.0656128
0 0.46125 0.00576389 0.00625 0.0115278 0.0596619
7 0.75375 0.162222 0.00499999 0.02 0.055603
5 0.317813 0.0908333 0.01875 0.0291667 0.0545959
2 0.128125 0.191806 0.01125 0.0208333 0.0544128
7 0.07375 0.296667 0.00578125 0.0188889 0.0538025
7 0.69375 0.0791667 0.00375004 0.0122222 0.0526123
2 0.526875 0.05625 0.02125 0.0234722 0.0476074
2 0.234688 0.154583 0.0078125 0.0230556 0.0453491
7 0.0714844 0.298611 0.0065625 0.0205555 0.0448608
0 0.4425 0.0470833 0.00999997 0.0163889 0.0446777
7 0.0449219 0.3075 0.00445312 0.0255556 0.0433655
2 0.530625 0.0550694 0.0175 0.02375 0.0432129
7 0.705 0.0486111 0.00375004 0.0152778 0.0419312
2 0.129063 0.194167 0.006875 0.0216667 0.0390625
0 0.312969 0.0931945 0.0278125 0.0344444 0.037323
0 0.49875 0.00515625 0.00750001 0.0103125 0.0372009
0 0.811875 0.0748611 0.03875 0.0233333 0.0370483
3 0.184375 0.166667 0.005 0.0227778 0.0367737
5 0.388125 0.0402083 0.01625 0.0245833 0.0348816
7 0.135469 0.24 0.00375001 0.0122222 0.0340881
2 0.665 0.0363194 0.00500005 0.0181944 0.0333252
0 0.55125 0.0215625 0.01125 0.014375 0.03125
2 0.245156 0.138472 0.01 0.0391667 0.0309143
0 0.012041 0.294167 0.0220898 0.0272222 0.0301056
0 0.463125 0.00753472 0.00749998 0.00972222 0.0299835
5 0.266094 0.119861 0.081875 0.0808333 0.0292053
0 0.00519531 0.2725 0.0103906 0.0288889 0.0280151
0 0.0817969 0.261389 0.0273438 0.0372222 0.0280151
0 0.895 0.08875 0.0325 0.0288889 0.0246124
0 0.551563 0.0566667 0.049375 0.0255556 0.0245209
7 0.700625 0.0763889 0.00499999 0.0147222 0.0223694
3 0.0513672 0.298611 0.005625 0.0272222 0.021286
2 0.224844 0.140278 0.004375 0.0194444 0.0210419
7 0.260938 0.266944 0.00875001 0.0288889 0.0210419
2 0.6725 0.0346528 0.00750001 0.0181944 0.0205688
0 0.446875 0.0167361 0.01 0.0129167 0.0204163
2 0.137031 0.1825 0.0084375 0.0261111 0.0202484
2 0.13375 0.212083 0.013125 0.0202778 0.0191193
3 0.21 0.159167 0.005 0.0230555 0.0188293
2 0.154375 0.175694 0.005 0.0158333 0.018692
5 0.306406 0.0890278 0.0240625 0.0461111 0.0175171
0 0.455625 0.00965278 0.00750001 0.00930556 0.0172424
2 0.56875 0.0229167 0.00874996 0.0144444 0.0170441
2 0.242813 0.148472 0.013125 0.03 0.0168457
0 0.0294336 0.275556 0.0263672 0.0383333 0.0165253
0 0.082832 0.236389 0.0330859 0.0361111 0.0164642
7 0.256563 0.270556 0.0075 0.0277778 0.0157776
0 0.38625 0.111806 0.04125 0.0358333 0.0151291
2 0.52375 0.0538889 0.02 0.0219444 0.0150757
0 0.93375 0.0955556 0.025 0.0229167 0.0150146
3 0.0549219 0.244861 0.005625 0.0147222 0.0137939
0 0.8 0.0655556 0.03 0.0252778 0.0131683
7 0.105547 0.260833 0.00453126 0.0177778 0.0131226
7 0.94125 0.22 0.00500005 0.0188889 0.0125275
0 0.338125 0.0681944 0.011875 0.0158333 0.0124817
0 0.86875 0.0820833 0.03375 0.0197222 0.0121918
7 0.254063 0.285 0.00687501 0.0261111 0.012146
0 0.117188 0.222222 0.029375 0.0311111 0.011734
0 0.2375 0.132222 0.0265625 0.0444444 0.0115051
0 0.236094 0.126111 0.021875 0.0294444 0.011467
0 0.300156 0.0956944 0.02875 0.0572222 0.011116
0 0.207188 0.200694 0.031875 0.0427778 0.011116
0 0.0874805 0.231944 0.0281641 0.0216667 0.0106506
3 0.257812 0.266944 0.00999999 0.045 0.0106125
0 0.00384277 0.303056 0.00768555 0.0294444 0.0102081
2 0.256875 0.143889 0.011875 0.0222222 0.0100098
0 0.0337109 0.273333 0.0358594 0.0327778 0.00989532
2 0.0377149 0.246111 0.00839844 0.02 0.00959778
0 0.385938 0.103403 0.04125 0.03875 0.00919342
0 0.93875 0.0956944 0.03 0.0227778 0.0091629
3 0.169844 0.16625 0.004375 0.0230555 0.00912476
7 0.109688 0.265278 0.005 0.0161111 0.00854492
3 0.73 0.0998611 0.00499999 0.0275 0.00841522
0 0.240313 0.988889 0.1 0.02 0.00818634
7 0.12625 0.241667 0.005 0.0116667 0.00809479
3 0.140313 0.209444 0.0046875 0.02 0.00787354
0 0.198125 0.153472 0.025 0.0236111 0.00748825
2 0.18875 0.161667 0.00718751 0.0227778 0.00746155
0 0.899375 0.0857639 0.035 0.0240278 0.00695801
2 0.44 0.0581944 0.0125 0.0197222 0.00677109
7 0.149063 0.203889 0.00437501 0.0197222 0.00664139
0 0.87125 0.0661111 0.02 0.0219444 0.00653839
2 0.19625 0.15875 0.008125 0.0208333 0.0064888
7 0.0052002 0.383333 0.00514648 0.0166667 0.0064621
0 0.297969 0.129444 0.03375 0.0338889 0.00641251
7 0.148438 0.2275 0.00531249 0.0155556 0.00638962
3 0.84375 0.0493056 0.00499999 0.0145833 0.00631332
0 0.0785156 0.243889 0.0367187 0.0355555 0.00626373
0 0.76875 0.0584722 0.035 0.0255556 0.00609589
7 0.169375 0.201111 0.00375001 0.0141667 0.00564194
0 0.214219 0.989444 0.06375 0.021111 0.00561905
0 0.505938 0.00854167 0.00687501 0.0105556 0.00548935
0 0.648594 0.0633333 0.0353125 0.03 0.00538635
7 0.70625 0.0693056 0.00375004 0.0140278 0.0051384
0 0.190625 0.161667 0.015 0.0255556 0.00511932
0 0.256563 0.148611 0.00687499 0.0263889 0.00494385
5 0.4325 0.0309028 0.01375 0.0265278 0.00494385
0 0.0958594 0.219167 0.0145313 0.0238889 0.00486755
0 0.0612109 0.295278 0.0242969 0.0327778 0.00473785
2 0.65625 0.0361806 0.00874996 0.0204167 0.00468063
7 0.709375 0.0851389 0.00625 0.0186111 0.00466537
0 0.53625 0.00850694 0.00687501 0.0104861 0.00460815
7 0.595938 0.0472222 0.00374997 0.0125 0.00446701
0 0.94375 0.0973611 0.02875 0.0227778 0.00432968
2 0.585 0.0129514 0.00812499 0.0147222 0.00416565
2 0.38625 0.114757 0.04125 0.0338195 0.00416565
5 0.280781 0.101597 0.071875 0.0693056 0.0041008
0 0.904375 0.0930556 0.0375 0.0294444 0.0041008
2 0.0727344 0.300278 0.0090625 0.0311111 0.0041008
7 0.685 0.0819444 0.00499999 0.0122222 0.00407028
2 0.213281 0.141528 0.0065625 0.0169444 0.00400543
3 0.195781 0.164167 0.00531249 0.0222222 0.00399017
7 0.0343359 0.355556 0.00476562 0.0177778 0.00399017
3 0.67125 0.0271528 0.00875003 0.0223611 0.00391388
0 0.93375 0.0885417 0.0125 0.0193056 0.00385475
7 0.778125 0.144444 0.00750001 0.0194444 0.00385475
0 0.93 0.0920139 0.0175 0.0179167 0.00382423
7 0.105 0.273889 0.0040625 0.0133333 0.00376511
0 0.94375 0.0940972 0.02375 0.0190278 0.00372124
2 0.0447656 0.246528 0.008125 0.0175 0.00370789
0 0.826875 0.0701389 0.0225 0.0222222 0.00367928
0 0.439375 0.0159375 0.01125 0.0170139 0.00345612
0 0.283281 0.104167 0.0621875 0.0752778 0.00340271
0 0.92 0.0975 0.0325 0.0269444 0.00336266
3 0.0501563 0.288333 0.0192188 0.0377778 0.00305176
0 0.63 0.0651389 0.035 0.0279167 0.00293541
0 0.242813 0.142222 0.03625 0.0388889 0.00283432
3 0.511875 0.186389 0.01 0.04 0.00275803
2 0.745625 0.114028 0.00750001 0.045 0.00273705
0 0.516875 0.00895833 0.01 0.0108333 0.00269318
2 0.0127148 0.264722 0.0101563 0.0205555 0.0026722
7 0.693125 0.184028 0.00749995 0.0283333 0.00264168
0 0.237188 0.136667 0.0175 0.0411111 0.00261116
3 0.4875 0.0460938 0.00749998 0.0172569 0.00259018
0 0.93625 0.0897222 0.02625 0.0227778 0.00255013
3 0.233281 0.160972 0.00718749 0.0238889 0.00253105
7 0.505 0.280278 0.065 0.137778 0.00252151
3 0.510625 0.194167 0.0125 0.0416667 0.00240517
7 0.935625 0.240556 0.00499999 0.0277778 0.00239754
4 0.261875 0.123056 0.075 0.0816667 0.00237846
0 0.52625 0.00888889 0.00687501 0.00986111 0.00228691
2 0.7175 0.138889 0.0275 0.0572222 0.00228691
2 0.8425 0.0663889 0.00999997 0.0155556 0.00226021
0 0.0354297 0.262292 0.0151563 0.0309722 0.00225258
0 0.538438 0.00390625 0.00812505 0.0078125 0.00219154
0 0.91625 0.0846528 0.035 0.0263889 0.00216484
3 0.0502344 0.242083 0.0170312 0.0319444 0.00214958
3 0.165 0.171389 0.004375 0.0161111 0.00211525
2 0.2075 0.142361 0.010625 0.0186111 0.0020752
3 0.453125 0.183056 0.015 0.0566667 0.00206757
0 0.316875 0.0747917 0.015 0.0305556 0.00198746
5 0.00393066 0.251667 0.00786133 0.0333333 0.00198746
7 0.250938 0.267222 0.01 0.0377778 0.00198746
7 0.238594 0.284722 0.00843749 0.0255556 0.00192642
0 0.995 0.1225 0.00999997 0.0280556 0.00186729
0 0.88375 0.0725 0.035 0.0238889 0.00177479
7 0.70875 0.0593056 0.00749995 0.01875 0.0015974
7 0.175313 0.205556 0.00375001 0.0116667 0.00157356
2 0.633125 0.161806 0.02875 0.0544444 0.00157356
0 0.416875 0.0644444 0.01625 0.0252778 0.00157356
0 0.275 0.128889 0.0253125 0.0475 0.00154877
0 0.488125 0.0115278 0.01 0.0110417 0.00150108
7 0.953125 0.225556 0.00499999 0.0183333 0.00143242
7 0.155313 0.191528 0.00375001 0.0125 0.00142097
0 0.265938 0.130833 0.015625 0.0455556 0.00141048
0 0.0907813 0.217639 0.019375 0.0272222 0.00139904
5 0.0785938 0.237778 0.0385938 0.04 0.00139427
2 0.35875 0.0890278 0.01375 0.0277778 0.00131512
7 0.95375 0.238333 0.00749995 0.0311111 0.00129414
0 0.77125 0.0673611 0.04125 0.0333333 0.00123501
7 0.237813 0.290556 0.0075 0.0244444 0.00123501
2 0.81375 0.0545833 0.00750001 0.0216667 0.00121117
7 0.584063 0.0583333 0.00625 0.01875 0.0012064
2 0.384688 0.106111 0.044375 0.0516667 0.00120163
2 0.5775 0.0151389 0.00999997 0.0143056 0.00117874
3 0.205625 0.16875 0.0109375 0.0327778 0.00115108
0 0.688125 0.023125 0.025 0.0216667 0.00113773
7 0.155469 0.223611 0.00406251 0.00888888 0.00113392
0 0.9875 0.117222 0.0175 0.0197222 0.00110722
7 0.215 0.171944 0.00499999 0.02 0.00104809
0 0.25375 0.117465 0.056875 0.0639583 0.00103188
