0 0.287344 0.841667 0.180938 0.313333 0.958008
0 0.271563 0.452778 0.106875 0.158889 0.953125
0 0.140938 0.543333 0.119375 0.18 0.943359
0 0.539375 0.177222 0.04875 0.0638889 0.930664
0 0.316875 0.237222 0.056875 0.0738889 0.930176
0 0.37625 0.220556 0.0525 0.0811111 0.928223
0 0.252188 0.204167 0.045625 0.0686111 0.913086
0 0.0625 0.960556 0.122656 0.0788888 0.912598
0 0.493125 0.0522222 0.016875 0.0255556 0.889648
0 0.398125 0.138333 0.03 0.0466667 0.888672
0 0.461875 0.111632 0.02625 0.0378472 0.883301
0 0.289063 0.1525 0.035 0.0427778 0.878418
0 0.0804688 0.369167 0.06125 0.112778 0.878418
0 0.0169043 0.922778 0.0338086 0.151111 0.877441
5 0.0346875 0.475 0.069375 0.281111 0.870605
5 0.218125 0.19375 0.05375 0.100278 0.869629
0 0.341875 0.117361 0.02625 0.0391667 0.868652
0 0.0393359 0.301111 0.0342188 0.0422222 0.858887
0 0.365625 0.08375 0.019375 0.0275 0.85498
0 0.405 0.0619444 0.0175 0.0216667 0.854004
0 0.259219 0.120556 0.02625 0.0266667 0.845703
0 0.354063 0.0591667 0.013125 0.0155556 0.822266
2 0.805 0.158611 0.0175 0.0494445 0.822266
0 0.327813 0.106458 0.021875 0.02875 0.816406
0 0.340313 0.0709722 0.01375 0.0183333 0.806641
0 0.575313 0.0291667 0.024375 0.0173611 0.805664
0 0.47875 0.0305556 0.01125 0.0180556 0.79834
2 0.88375 0.219167 0.0175 0.065 0.796875
1 0.7975 0.0497396 0.05 0.0494097 0.792969
0 0.313438 0.0891667 0.02 0.0270833 0.785156
0 0.0717188 0.261597 0.0307813 0.0323611 0.78418
7 0.255625 0.265556 0.00874999 0.0233333 0.78125
4 0.545625 0.0825694 0.04375 0.0873611 0.775879
7 0.242188 0.280556 0.008125 0.0233333 0.771973
0 0.699375 0.0393056 0.03375 0.0223611 0.764648
0 0.73125 0.0575 0.035 0.0263889 0.762207
0 0.185625 0.223611 0.03875 0.0572222 0.757812
0 0.29125 0.125833 0.025 0.0333333 0.753418
0 0.42375 0.0568056 0.015 0.0236111 0.747559
0 0.844375 0.0675 0.0300001 0.0233333 0.747559
0 0.76 0.064375 0.03625 0.0251389 0.744629
0 0.0116406 0.318889 0.0230469 0.0338889 0.729492
0 0.0701563 0.240833 0.0209375 0.0277778 0.712402
0 0.395 0.0579167 0.01375 0.0183333 0.710449
0 0.9275 0.0896528 0.025 0.0208333 0.70752
7 0.743125 0.1725 0.00625 0.0211111 0.705566
0 0.0553125 0.278333 0.0301563 0.0322222 0.692871
0 0.0258594 0.293889 0.0261719 0.03 0.6875
0 0.12 0.197778 0.0275 0.0305556 0.677246
0 0.96125 0.10375 0.02375 0.0225 0.67041
0 0.119453 0.210972 0.0310938 0.0341667 0.663574
0 0.509375 0.0246181 0.01 0.01625 0.658203
0 0.88875 0.0820833 0.03125 0.0247222 0.65332
0 0.495 0.02875 0.011875 0.0170833 0.633301
2 0.14 0.2175 0.0125 0.0311111 0.633301
7 0.75125 0.160556 0.00625 0.0194444 0.620605
0 0.37125 0.0668056 0.01375 0.0188889 0.598145
0 0.52875 0.00819444 0.01 0.0102083 0.59082
0 0.4325 0.0486111 0.0125 0.0194444 0.529297
0 0.883125 0.0769444 0.0275 0.0247222 0.511719
0 0.409063 0.0613889 0.015 0.0222222 0.490234
0 0.88125 0.0733333 0.0275 0.0197222 0.464844
0 0.77875 0.0636806 0.0375 0.0275 0.462891
0 0.375 0.0480556 0.01 0.0127778 0.44165
7 0.944375 0.213611 0.00500005 0.0163889 0.44165
0 0.414688 0.0467361 0.011875 0.0184722 0.424316
0 0.383125 0.0403472 0.01125 0.0154167 0.420654
7 0.94125 0.217222 0.00500005 0.0194444 0.407227
0 0.512813 0.00701389 0.00750001 0.0105556 0.401611
7 0.7675 0.130556 0.00499999 0.0166667 0.392334
7 0.253125 0.264444 0.009375 0.0222222 0.381104
0 0.503438 0.00927083 0.00750001 0.00979167 0.364746
0 0.530625 0.00989583 0.01125 0.0117361 0.364746
0 0.9625 0.0993056 0.0225 0.02 0.36377
0 0.415 0.0279167 0.00874999 0.0105556 0.363037
5 0.545 0.0813889 0.04375 0.0891667 0.357666
7 0.94375 0.219167 0.00499999 0.0180556 0.354004
0 0.3725 0.0588194 0.01125 0.0151389 0.352295
7 0.70375 0.0775 0.00374997 0.0127778 0.341553
0 0.743125 0.0543056 0.0362501 0.0244444 0.336426
7 0.744375 0.124444 0.00374997 0.0161111 0.336426
7 0.75375 0.157083 0.00625 0.0194444 0.310791
0 0.39375 0.0317361 0.00874999 0.015 0.303955
0 0.495938 0.009375 0.00687501 0.0100694 0.300781
0 0.54125 0.0452778 0.03125 0.0211111 0.289307
0 0.42625 0.0551389 0.015 0.0216667 0.289307
0 0.82875 0.0683333 0.03375 0.0247222 0.27832
0 0.184063 0.164444 0.0278125 0.0294444 0.275146
0 0.486563 0.01 0.00749998 0.01 0.264404
0 0.329922 0.103125 0.0239063 0.0315278 0.245117
7 0.67125 0.0520833 0.00250003 0.0111111 0.24292
0 0.118672 0.20375 0.0298437 0.0383333 0.240723
7 0.65125 0.0527778 0.00250003 0.0102778 0.237183
0 0.443438 0.0138889 0.00750001 0.0111111 0.224731
0 0.18 0.166667 0.018125 0.0272222 0.197388
0 0.395 0.0541667 0.01375 0.0209722 0.194946
7 0.745 0.1275 0.00499999 0.0177778 0.189575
3 0.153906 0.171389 0.004375 0.015 0.189575
0 0.499375 0.00416667 0.00687501 0.00833333 0.181274
7 0.753125 0.161667 0.00625 0.0216667 0.17334
7 0.70125 0.0770833 0.00499999 0.0161111 0.155029
7 0.07625 0.291667 0.0040625 0.0133333 0.151978
0 0.7725 0.0650694 0.045 0.0258333 0.149048
5 0.436875 0.0120833 0.00750001 0.0120833 0.143677
0 0.384688 0.0351389 0.009375 0.0143056 0.139893
0 0.493125 0.020625 0.01 0.0131944 0.138428
7 0.77375 0.147222 0.00499999 0.015 0.136597
0 0.288906 0.145556 0.0334375 0.0433333 0.135742
0 0.8425 0.0709028 0.035 0.0263889 0.126831
0 0.404375 0.0460417 0.0125 0.0180556 0.125488
7 0.6875 0.183333 0.00625 0.02 0.119202
0 0.525625 0.0511806 0.01 0.0230556 0.118774
7 0.655 0.0485417 0.00249996 0.00847222 0.117554
0 0.45375 0.00947917 0.00625 0.00791667 0.108948
0 0.5425 0.0157639 0.00874996 0.0136111 0.100525
0 0.41375 0.0234722 0.01 0.0116667 0.0970459
7 0.595937 0.0452778 0.00437501 0.0125 0.0900879
3 0.92625 0.228056 0.00750001 0.0472222 0.0881958
0 0.435625 0.0330903 0.00750001 0.0160417 0.0838623
0 0.459688 0.00326389 0.00562503 0.00652778 0.0806274
3 0.229375 0.131111 0.00375001 0.0233333 0.0750122
7 0.164063 0.205278 0.00374999 0.0122222 0.0703125
0 0.74 0.0615972 0.0449999 0.0277778 0.069519
7 0.68625 0.0790278 0.00499999 0.0111111 0.0670776
7 0.095 0.278333 0.0034375 0.0122222 0.0668335
0 0.78625 0.0627083 0.0375 0.0269444 0.0630493
2 0.615625 0.030625 0.00499999 0.0148611 0.0616455
0 0.180313 0.166944 0.026875 0.0294444 0.0545959
0 0.79 0.0351042 0.035 0.0214583 0.053009
3 0.150703 0.17 0.00515625 0.0211111 0.0520325
7 0.0651563 0.2975 0.00476563 0.0144444 0.0495911
0 0.7625 0.0575 0.045 0.0238889 0.0490417
0 0.211406 0.178611 0.0396875 0.0588889 0.0445251
0 0.39375 0.0254167 0.01 0.0138889 0.0428772
2 0.8825 0.0508333 0.01 0.0155556 0.0402527
0 0.40625 0.03 0.00874999 0.00680556 0.036499
2 0.14625 0.170278 0.005 0.015 0.0360718
0 0.770625 0.0559722 0.0275 0.0216667 0.0340881
0 0.809375 0.0640278 0.035 0.02375 0.0337219
3 0.204219 0.153333 0.0059375 0.0233333 0.0327148
0 0.529063 0.0175347 0.01 0.0145139 0.0324707
0 0.43 0.0561111 0.0125 0.02 0.0279083
0 0.208125 0.200556 0.03875 0.0822222 0.0263519
0 0.9675 0.109722 0.02 0.0227778 0.026062
3 0.0141406 0.263889 0.00582031 0.0177778 0.026062
0 0.0741406 0.251667 0.0278125 0.0261111 0.0254669
2 0.133047 0.168889 0.00593751 0.015 0.0249939
7 0.0853125 0.275 0.005 0.0233333 0.0249939
0 0.430938 0.0197222 0.00625 0.00791667 0.0227966
0 0.214063 0.205 0.045625 0.085 0.0227203
7 0.0644531 0.307222 0.0046875 0.0155555 0.0226288
0 0.423125 0.033125 0.00874999 0.0133333 0.0223694
3 0.165625 0.158472 0.005 0.0194444 0.0222931
0 0.2175 0.194861 0.053125 0.103611 0.0222931
7 0.715 0.0801389 0.00500005 0.0147222 0.0216217
0 0.204688 0.166944 0.016875 0.0411111 0.0209656
7 0.70125 0.199167 0.00750001 0.0238889 0.0208893
7 0.0689453 0.298889 0.00546875 0.0166667 0.02034
0 0.546563 0.0182292 0.011875 0.0151389 0.0196075
3 0.0101367 0.273889 0.00800781 0.0222222 0.0195007
7 0.73 0.124028 0.00499999 0.0166667 0.0193481
0 0.83125 0.0643056 0.0375 0.0256944 0.0190582
0 0.0568359 0.274167 0.0380469 0.0361111 0.0162811
7 0.665625 0.0489583 0.00249996 0.00958334 0.0160217
7 0.7 0.198611 0.00750001 0.0383333 0.0157776
0 0.88375 0.0813194 0.0325 0.0244444 0.0151901
7 0.69 0.186944 0.00500005 0.0233333 0.0145569
0 0.530313 0.05625 0.01625 0.0316667 0.0142288
7 0.766875 0.125972 0.00499999 0.0180556 0.0129242
0 0.0667578 0.248333 0.0269531 0.0277778 0.0127716
3 0.194063 0.160278 0.00625 0.0311111 0.0126266
0 0.00950684 0.303333 0.0171582 0.0322222 0.0123825
4 0.540625 0.0730556 0.034375 0.0644445 0.0119171
7 0.238125 0.287778 0.0075 0.0211111 0.0118713
2 0.72625 0.0337153 0.00625 0.0142361 0.0112915
7 0.0249805 0.317222 0.00402344 0.0344445 0.0103683
7 0.0494141 0.348333 0.0102344 0.0277778 0.0103683
4 0.545625 0.0961806 0.04375 0.06125 0.00955963
3 0.195 0.166944 0.00625 0.03 0.00937653
0 0.364375 0.0515972 0.00874999 0.0126389 0.0091629
3 0.234844 0.135 0.004375 0.0177778 0.00878143
3 0.92375 0.226667 0.00625 0.0466667 0.00831604
0 0.45 0.0169792 0.00500002 0.0113889 0.008255
0 0.54625 0.102222 0.0425 0.0488889 0.00803375
2 0.0457031 0.246389 0.00734375 0.0172222 0.00793457
7 0.21375 0.139306 0.004375 0.0141667 0.00766754
3 0.928125 0.231944 0.00750001 0.0383333 0.00763702
0 0.99625 0.124722 0.00749995 0.0244444 0.00757599
3 0.204688 0.143333 0.00562501 0.0211111 0.00754929
0 0.47375 0.0228472 0.010625 0.0145833 0.00748825
0 0.8775 0.0715278 0.0275 0.0183333 0.00728989
7 0.76375 0.14875 0.00499999 0.0155556 0.00714874
0 0.206875 0.217778 0.034375 0.0583333 0.00709534
0 0.35125 0.0888889 0.020625 0.0247222 0.0069313
0 0.324688 0.0907639 0.01625 0.0248611 0.0069046
0 0.0214502 0.2475 0.0156934 0.0188889 0.00661469
0 0.00355469 0.277222 0.00705078 0.0211111 0.00653839
2 0.78375 0.0702778 0.0325 0.0302778 0.00641251
7 0.0840625 0.290278 0.00453125 0.0144444 0.00641251
0 0.87875 0.0788194 0.0325 0.0222222 0.00638962
0 0.888125 0.0874306 0.03125 0.0279167 0.00638962
5 0.00383545 0.269444 0.0076709 0.0311111 0.00636292
0 0.3775 0.0670833 0.01375 0.0222222 0.00631332
2 0.715 0.0527778 0.01625 0.0197222 0.00629044
2 0.0353125 0.264167 0.009375 0.0216667 0.00591278
3 0.7125 0.1675 0.01 0.08 0.00579834
2 0.283438 0.147778 0.02 0.0338889 0.00559998
7 0.125156 0.240139 0.00484375 0.0197222 0.00559998
2 0.735 0.0346528 0.00750001 0.01625 0.00542831
0 0.21 0.225 0.0365625 0.045 0.0053215
0 0.424688 0.0133333 0.00562499 0.0102778 0.00530243
0 0.478125 0.0156944 0.00874999 0.0119444 0.00494385
0 0.77875 0.0697222 0.0425 0.0280556 0.00486755
0 0.92 0.0880556 0.03 0.0216667 0.00468063
3 0.132656 0.220417 0.008125 0.0316667 0.0046463
4 0.56 0.0809028 0.01625 0.03625 0.00460815
0 0.20625 0.156528 0.0165625 0.0263889 0.00460815
0 0.825625 0.0715278 0.0300001 0.0256944 0.00446701
0 0.3825 0.0626389 0.013125 0.0216667 0.0042305
0 0.538125 0.005625 0.00750001 0.01125 0.00402451
0 0.26875 0.119861 0.0146875 0.0275 0.00382423
3 0.225625 0.134028 0.0034375 0.0197222 0.00370789
0 0.214688 0.156111 0.0065625 0.0288889 0.00367928
0 0.0180957 0.435278 0.0361914 0.154444 0.00367928
3 0.275313 0.0898611 0.00687501 0.02 0.00345612
0 0.94125 0.0998611 0.01625 0.0188889 0.00345612
7 0.674375 0.0505556 0.00374997 0.0101389 0.00312424
0 0.0394922 0.986111 0.0780469 0.0255555 0.00309944
0 0.99625 0.132778 0.00749995 0.0294444 0.0029583
0 0.0331836 0.278611 0.0297266 0.0338889 0.0029583
0 0.82375 0.0593056 0.04 0.0358333 0.0026722
1 0.36875 0.0349306 0.015 0.0323611 0.00255013
3 0.269062 0.0952778 0.00874999 0.0226389 0.00254059
7 0.64625 0.0480556 0.00250003 0.00694444 0.0024929
0 0.76 0.0678472 0.04125 0.0308333 0.00247192
7 0.69375 0.189444 0.00499999 0.0194444 0.00239754
3 0.71375 0.171389 0.00750001 0.0666667 0.00234222
5 0.00378906 0.255625 0.00757813 0.0431945 0.00229645
0 0.169063 0.166944 0.01 0.0222222 0.00228691
0 0.035293 0.393611 0.0674609 0.110556 0.00228691
7 0.67375 0.0625 0.00499999 0.00888889 0.00226974
3 0.274063 0.0997222 0.00562499 0.0155556 0.00209999
3 0.220313 0.143889 0.005 0.0183333 0.0020752
0 0.00489014 0.333889 0.0089502 0.0477778 0.00202751
2 0.314063 0.0675 0.00843751 0.0161111 0.00201988
7 0.95375 0.264722 0.00500005 0.0194444 0.00201988
0 0.986875 0.121111 0.0125 0.0191667 0.00200272
0 0.0508984 0.387222 0.0666406 0.0966667 0.00198746
2 0.90375 0.0715278 0.00749995 0.0208333 0.00188255
3 0.137422 0.222778 0.00796874 0.0441667 0.00178909
3 0.73 0.0890972 0.0125 0.0545833 0.00174141
0 0.933125 0.0894445 0.0275 0.02 0.00171375
0 0.202813 0.188056 0.0221875 0.0283333 0.00170708
2 0.64375 0.0258681 0.00499999 0.0140972 0.0014782
0 0.0131934 0.443333 0.0263867 0.143333 0.0014782
7 0.114531 0.2375 0.008125 0.0266667 0.00144386
0 0.00903809 0.539444 0.0180762 0.145556 0.00142097
4 0.550625 0.0748611 0.035 0.0463889 0.00141621
3 0.210625 0.135 0.00625 0.0272222 0.00138283
3 0.234219 0.124167 0.00406249 0.0211111 0.00137234
7 0.105781 0.241389 0.00421875 0.02 0.00135612
0 0.0289063 0.408333 0.0578125 0.136111 0.00134563
0 0.243125 0.187222 0.025625 0.0616667 0.00134087
0 0.0642969 0.38 0.0476563 0.08 0.00126457
1 0.794375 0.0445139 0.06 0.05625 0.0012598
1 0.985625 0.145833 0.02875 0.0494445 0.00118828
5 0.0347461 0.451667 0.0675391 0.181111 0.00117874
1 0.374375 0.0323611 0.00874999 0.0188889 0.00116062
7 0.725 0.0755556 0.00499999 0.0227778 0.0011425
0 0.5375 0.0920139 0.0275 0.0515278 0.0011425
0 0.0697656 0.368611 0.0467188 0.0838889 0.0011425
0 0.104688 0.211111 0.0210938 0.0333333 0.00113392
7 0.6875 0.181528 0.00499999 0.0227778 0.00107288
7 0.15625 0.208611 0.004375 0.0127778 0.00107288
0 0.55375 0.0120139 0.00625 0.0102083 0.00106525
7 0.74875 0.125556 0.00499999 0.0188889 0.00105286
3 0.65625 0.0333333 0.00375004 0.0129167 0.00103664
2 0.8825 0.0548611 0.0225 0.0238889 0.00102043
