0 0.479375 0.572222 0.06625 0.117778 0.922363
0 0.420938 0.478611 0.049375 0.0805556 0.90918
0 0.115391 0.428889 0.0395312 0.0344445 0.852051
0 0.323203 0.371667 0.0423437 0.0316667 0.84082
0 0.344375 0.330833 0.0175 0.0233333 0.813965
5 0.405 0.341944 0.03375 0.0416667 0.808105
0 0.0460547 0.446944 0.0311719 0.03 0.804199
0 0.73375 0.33 0.0375 0.0283333 0.803223
0 0.0134473 0.4675 0.0266992 0.0344444 0.795898
2 0.0190918 0.502778 0.0179102 0.035 0.746094
0 0.245313 0.355278 0.025625 0.0216667 0.744629
0 0.72375 0.323056 0.035 0.0266667 0.733887
2 0.222813 0.364167 0.00750001 0.0222222 0.733887
7 0.223125 0.518889 0.008125 0.0244445 0.732422
7 0.75 0.415833 0.00499999 0.0177778 0.720215
7 0.72875 0.440556 0.00499999 0.0188889 0.702637
3 0.233125 0.49 0.01375 0.0572222 0.689453
0 0.362813 0.328333 0.01625 0.0255556 0.686035
0 0.329688 0.331944 0.015625 0.0194444 0.675781
7 0.0248242 0.53 0.0053125 0.0188889 0.672363
0 0.4825 0.297222 0.01125 0.0222222 0.656738
7 0.6675 0.463889 0.00625 0.0233333 0.651367
7 0.72375 0.401667 0.00499999 0.0177778 0.649414
2 0.811875 0.314722 0.00875003 0.0144444 0.613281
0 0.376875 0.318333 0.01375 0.02 0.611328
0 0.498125 0.281111 0.01 0.0166667 0.57959
0 0.00348877 0.448333 0.00697754 0.0322222 0.550781
2 0.0359766 0.474167 0.0139844 0.0388889 0.546875
7 0.73875 0.426667 0.00499999 0.0216667 0.545898
2 0.65125 0.303889 0.00750001 0.0166667 0.479492
0 0.3525 0.311667 0.00874999 0.0133333 0.462891
0 0.385625 0.295556 0.0125 0.02 0.460938
0 0.37625 0.322222 0.015625 0.0222222 0.40918
2 0.195313 0.377778 0.00875001 0.0244444 0.40918
7 0.67875 0.480833 0.00750001 0.0244444 0.407227
2 0.205625 0.368333 0.00812499 0.0211111 0.386719
7 0.146094 0.418056 0.00359375 0.0122222 0.379395
0 0.35375 0.307778 0.009375 0.0133333 0.376709
0 0.36875 0.305 0.01 0.0155556 0.373779
0 0.390313 0.317222 0.01125 0.0211111 0.352295
0 0.434375 0.274444 0.00500002 0.00944443 0.334473
0 0.496875 0.282778 0.010625 0.0166667 0.325195
7 0.0494531 0.479444 0.00390625 0.0177778 0.315674
2 0.573125 0.315833 0.00875003 0.0205556 0.313965
0 0.468125 0.283333 0.00812499 0.0144444 0.312256
2 0.0503906 0.413889 0.00734375 0.0211111 0.29248
0 0.415313 0.290833 0.00750001 0.0133333 0.286133
7 0.0654688 0.474444 0.00375 0.0133334 0.27832
2 0.193438 0.373056 0.0075 0.0255556 0.273682
0 0.4825 0.278889 0.00874999 0.0122222 0.267334
0 0.00944336 0.453889 0.0187695 0.0266667 0.253174
0 0.488438 0.268889 0.00687501 0.01 0.252441
2 0.0402734 0.471389 0.0204688 0.0388889 0.242188
5 0.446875 0.262778 0.00687501 0.0116667 0.217285
0 0.3875 0.303889 0.0125 0.0177778 0.216675
0 0.386875 0.312778 0.0125 0.0177778 0.165649
7 0.74625 0.401667 0.00500005 0.0177778 0.16394
0 0.385938 0.323333 0.01375 0.02 0.160278
0 0.3625 0.317778 0.015 0.0222222 0.146118
0 0.418438 0.284444 0.00874999 0.0144444 0.134766
7 0.0103125 0.543889 0.00628906 0.02 0.133911
0 0.41625 0.282778 0.00749998 0.0133333 0.130737
2 0.1925 0.375833 0.00874999 0.0255556 0.0960083
7 0.635 0.330833 0.003125 0.00888889 0.0933228
0 0.48625 0.257222 0.00625 0.0111111 0.0910645
2 0.238125 0.357222 0.0125 0.0227778 0.0844727
0 0.38125 0.291111 0.00749998 0.0133333 0.0836182
7 0.7375 0.428889 0.00625 0.0222222 0.0830078
2 0.0513672 0.417778 0.0103125 0.0177778 0.0734253
2 0.811875 0.311667 0.00750001 0.0188889 0.0720825
0 0.47625 0.259722 0.00625 0.00888889 0.0715942
7 0.77875 0.353611 0.00499999 0.0183333 0.0629272
0 0.182187 0.373889 0.03 0.0244445 0.0611877
7 0.265938 0.365 0.00374999 0.00999999 0.0611877
0 0.495938 0.263889 0.00625 0.0111111 0.0587769
0 0.37375 0.3025 0.01 0.0172222 0.0566406
0 0.00865234 0.449444 0.0169141 0.0311111 0.0544128
0 0.368438 0.301111 0.00875003 0.0133334 0.0541992
0 0.422188 0.3 0.009375 0.0211111 0.0510864
0 0.181406 0.377778 0.0321875 0.0266667 0.0474243
0 0.41 0.345 0.025 0.0355555 0.0474243
2 0.0629297 0.423333 0.00617188 0.0161111 0.0470886
7 0.685 0.351944 0.00250003 0.0133333 0.0460205
3 0.230938 0.492778 0.0175 0.0611111 0.0448608
0 0.422188 0.277778 0.00812499 0.0111111 0.044342
7 0.0547266 0.474444 0.00546875 0.0166667 0.0432129
0 0.35625 0.328333 0.01375 0.0244444 0.0419312
2 0.65125 0.31 0.00750001 0.0222222 0.0417786
7 0.63625 0.316667 0.00375004 0.0133333 0.0405273
7 0.65375 0.328333 0.00374997 0.0111111 0.0379028
0 0.469375 0.272778 0.00625 0.0122222 0.0347595
7 0.7225 0.45 0.00750001 0.0222222 0.0313721
0 0.448125 0.2675 0.00625 0.00833333 0.0313721
7 0.734375 0.433056 0.00499999 0.0177778 0.0304413
7 0.7525 0.417778 0.00500005 0.0188889 0.0297546
2 0.597188 0.303333 0.00874996 0.0177778 0.029541
2 0.17625 0.369444 0.008125 0.0188889 0.0289764
2 0.0164624 0.503056 0.0189502 0.0394445 0.0287628
2 0.221875 0.362778 0.00687499 0.0183333 0.0282745
3 0.551875 0.331667 0.00750001 0.03 0.0263519
7 0.21625 0.397778 0.004375 0.0144444 0.024231
0 0.345 0.319444 0.014375 0.0177778 0.0238647
7 0.148594 0.413056 0.00406249 0.0111111 0.0237732
7 0.64625 0.311111 0.00625 0.0188889 0.0232391
0 0.725 0.317222 0.0375 0.03 0.0228882
7 0.7275 0.445556 0.00625 0.0233333 0.0222931
0 0.52625 0.277222 0.00625 0.0105555 0.02211
2 0.0466406 0.479167 0.00859375 0.0305555 0.0218658
7 0.221875 0.504444 0.0075 0.0327777 0.021698
2 0.0475 0.408611 0.0078125 0.0188889 0.0184021
7 0.709375 0.404167 0.00499999 0.0194444 0.0180969
0 0.474375 0.280556 0.00499999 0.0122222 0.0159607
2 0.0485938 0.417778 0.0129688 0.0166667 0.0157776
0 0.330313 0.341944 0.01875 0.0255556 0.0149536
2 0.766875 0.317222 0.00625 0.0211111 0.0129242
0 0.421875 0.307778 0.00874999 0.0177778 0.0122375
7 0.0245117 0.534722 0.00507813 0.0216666 0.0118256
0 0.391875 0.2975 0.00750001 0.0144444 0.011734
7 0.144922 0.435 0.00484376 0.0133334 0.0111618
2 0.196875 0.393889 0.008125 0.0288889 0.0110703
2 0.81 0.316111 0.0125 0.0155556 0.0107803
0 0.595313 0.308333 0.0125 0.0194444 0.0106964
2 0.0514063 0.409444 0.00921875 0.0211111 0.0105667
7 0.175625 0.401944 0.00375001 0.0105555 0.0105667
2 0.64875 0.302778 0.01125 0.0177778 0.01017
0 0.430938 0.272222 0.00625 0.01 0.00955963
3 0.0246484 0.405556 0.00507813 0.0188889 0.00941467
7 0.669375 0.344444 0.00374997 0.0155556 0.00908661
2 0.219688 0.364444 0.01125 0.0188889 0.00867462
0 0.81625 0.315 0.025 0.0188889 0.0086441
2 0.204063 0.377778 0.00656249 0.0277778 0.00834656
3 0.024668 0.441111 0.00425781 0.0211111 0.00809479
7 0.625938 0.345833 0.00374997 0.0122222 0.00806427
7 0.74375 0.423056 0.00499999 0.0166667 0.00790405
7 0.67 0.471111 0.00499999 0.0261111 0.00787354
7 0.615 0.331389 0.00374997 0.00944443 0.00703812
2 0.222813 0.359722 0.00687501 0.0233333 0.0069046
2 0.81125 0.325833 0.015 0.0227778 0.00658798
0 0.00304932 0.431667 0.00609863 0.0355555 0.00629044
7 0.66625 0.352778 0.00499999 0.0122222 0.00570679
7 0.0117188 0.541111 0.00724609 0.0177777 0.00521851
2 0.115 0.383889 0.005 0.0166667 0.00486755
2 0.0343945 0.400278 0.00503906 0.02 0.00482941
3 0.549063 0.267778 0.00625 0.0188889 0.00457382
0 0.455 0.261944 0.00374997 0.00888889 0.00455475
7 0.165625 0.419167 0.003125 0.0111111 0.00446701
7 0.29 0.341111 0.00375001 0.0138889 0.00418091
3 0.57375 0.320833 0.00750001 0.0255556 0.00407028
2 0.164531 0.369722 0.0075 0.0238889 0.00391388
0 0.46 0.283056 0.0125 0.0161111 0.00383949
0 0.983438 0.343333 0.033125 0.0277778 0.00370789
7 0.126797 0.452778 0.00640625 0.0133333 0.00356483
2 0.581563 0.3125 0.009375 0.0172222 0.00337601
2 0.866875 0.299722 0.00750001 0.0133334 0.00324821
3 0.875 0.312778 0.00499999 0.0133333 0.00312424
2 0.593125 0.307222 0.01625 0.0172222 0.00309944
0 0.343125 0.338333 0.01875 0.0266667 0.00271416
7 0.204688 0.396667 0.004375 0.0177778 0.00269318
7 0.0324414 0.518056 0.0121875 0.0266667 0.0026722
2 0.205938 0.358889 0.00625 0.0244444 0.00265312
2 0.562813 0.281667 0.00687504 0.0122222 0.00256157
2 0.8125 0.304722 0.00750001 0.0238889 0.00253105
0 0.81125 0.326667 0.0225 0.0227778 0.00253105
0 0.465625 0.266389 0.00375001 0.0155555 0.00251198
0 0.0500391 0.433333 0.0260938 0.0227778 0.00250244
7 0.265 0.353889 0.00375001 0.0122222 0.00245285
7 0.275156 0.364444 0.00375001 0.0111111 0.00239754
3 0.106406 0.385833 0.00593751 0.0172222 0.00226974
0 0.415 0.315556 0.011875 0.0188889 0.00226021
7 0.695 0.318333 0.00499999 0.0155555 0.00206757
0 0.9725 0.342778 0.0175001 0.0238889 0.00206757
7 0.845 0.346667 0.00499999 0.0122222 0.00205803
0 0.5025 0.279444 0.00750001 0.0138889 0.0020504
0 0.4825 0.300556 0.0125 0.0277778 0.00198746
0 0.048916 0.439167 0.0356055 0.0277778 0.00192642
0 0.25 0.354722 0.02375 0.02 0.00191212
0 0.445938 0.274167 0.00562499 0.0105555 0.00189686
0 0.0032666 0.4075 0.0065332 0.0233333 0.00186729
7 0.0183398 0.525556 0.00925781 0.0277778 0.00186729
0 0.985 0.338333 0.03 0.02 0.00184631
0 0.485 0.244722 0.00500002 0.00888889 0.0018034
3 0.337188 0.345 0.011875 0.0288889 0.00179577
3 0.8675 0.303056 0.00999997 0.0194444 0.00161648
0 0.323047 0.355 0.0289063 0.0277778 0.00153637
2 0.86625 0.309722 0.00500005 0.0155556 0.00152493
0 0.86625 0.340833 0.0175001 0.0161111 0.00151253
2 0.214063 0.355 0.004375 0.0194444 0.00148392
7 0.155469 0.405833 0.0028125 0.0105556 0.00146675
2 0.7125 0.303333 0.01 0.02 0.00144386
7 0.155078 0.418889 0.00328126 0.00888889 0.00142097
7 0.223906 0.396667 0.0046875 0.0166667 0.00141048
7 0.69 0.309722 0.00500005 0.0172222 0.00141048
2 0.5525 0.317778 0.00875003 0.0255555 0.00140476
7 0.145781 0.41 0.00374999 0.0166667 0.00135136
0 0.412188 0.305556 0.0175 0.0266667 0.00134563
7 0.285938 0.350556 0.00406249 0.00999999 0.00133514
2 0.583125 0.2825 0.00750001 0.0161111 0.0012846
0 0.820625 0.335 0.03125 0.0227778 0.00127888
0 0.515 0.262222 0.00499999 0.00888887 0.00125504
2 0.7675 0.31 0.01 0.0227778 0.00125504
0 0.498125 0.2875 0.01 0.02 0.00120163
3 0.54625 0.275556 0.00500005 0.0133333 0.00119686
2 0.584375 0.298889 0.00625 0.0155555 0.00112915
2 0.69625 0.333333 0.00749995 0.0222222 0.0011034
0 0.815625 0.33 0.03375 0.0244444 0.00109005
0 0.604375 0.308889 0.03125 0.0222222 0.00104427
7 0.269063 0.372778 0.00781252 0.0205555 0.00103664
0 0.455625 0.274722 0.00499999 0.0111111 0.00103188
0 0.92375 0.327778 0.02125 0.0244444 0.00100803
