0 0.650625 0.881111 0.14125 0.233333 0.956543
5 0.105469 0.467222 0.0685938 0.117778 0.9375
0 0.484063 0.539444 0.059375 0.105556 0.935547
0 0.214219 0.593333 0.0840625 0.111111 0.928711
0 0.075625 0.582778 0.0776563 0.0955555 0.927246
0 0.217813 0.452778 0.0475 0.0616667 0.905762
5 0.116797 0.817222 0.233594 0.363333 0.903809
0 0.526875 0.404444 0.035 0.0511111 0.891602
0 0.160469 0.47 0.0440625 0.0577778 0.888184
0 0.45125 0.330556 0.0175 0.0244444 0.885742
5 0.38625 0.319444 0.02 0.0322222 0.881836
0 0.89125 0.371944 0.035 0.0383334 0.878906
0 0.444063 0.377222 0.025 0.0366667 0.877441
0 0.285938 0.373333 0.02625 0.0344445 0.863281
0 0.484375 0.338333 0.01875 0.0333333 0.858887
0 0.241875 0.406667 0.034375 0.0422222 0.856934
0 0.52375 0.343889 0.02125 0.03 0.852051
0 0.315313 0.371667 0.025 0.0333333 0.847168
0 0.19875 0.414444 0.034375 0.04 0.839844
2 0.8225 0.443889 0.015 0.0577778 0.837402
0 0.72875 0.335278 0.0425 0.0272222 0.836426
0 0.34 0.345833 0.02 0.0272222 0.830078
0 0.249688 0.381667 0.0275 0.0311111 0.822266
2 0.775625 0.411111 0.02375 0.0444444 0.813965
0 0.50125 0.307778 0.015 0.0233333 0.811523
7 0.666875 0.464444 0.00625 0.0222223 0.78418
7 0.234375 0.502778 0.00687499 0.0216666 0.78418
0 0.465625 0.306111 0.015 0.0222222 0.777344
0 0.298438 0.349444 0.02125 0.0266667 0.770508
0 0.351875 0.325278 0.016875 0.0194444 0.757812
0 0.405313 0.319722 0.01375 0.0216667 0.753418
0 0.0121777 0.461111 0.0242383 0.0288889 0.746094
0 0.0490723 0.446667 0.0374805 0.0388889 0.72168
0 0.320313 0.346944 0.0175 0.0227778 0.71875
2 0.580625 0.315833 0.015 0.0216667 0.712402
7 0.0232813 0.528333 0.00515625 0.0166667 0.686035
7 0.6775 0.48 0.00749995 0.0244445 0.675781
0 0.480625 0.288611 0.011875 0.0216667 0.654785
7 0.925 0.456944 0.00375004 0.015 0.633301
0 0.166563 0.380556 0.030625 0.0288889 0.62793
0 0.382188 0.298056 0.010625 0.0155556 0.624512
2 0.162344 0.399444 0.010625 0.0305556 0.618652
7 0.74875 0.415 0.00499999 0.0177778 0.615234
0 0.00689942 0.402222 0.0136621 0.0244444 0.609375
7 0.221563 0.518889 0.008125 0.0238889 0.569824
0 0.0803906 0.433056 0.0396875 0.0355555 0.565918
0 0.41375 0.31 0.01125 0.02 0.541016
0 0.0113281 0.449444 0.0226563 0.0255556 0.523438
0 0.5025 0.294444 0.0125 0.0188889 0.494141
7 0.72375 0.400833 0.00499999 0.0166667 0.462891
0 0.0768359 0.428333 0.0328906 0.0277778 0.462891
1 0.3975 0.277778 0.01625 0.0222222 0.445557
7 0.745625 0.400556 0.00375004 0.0133333 0.445557
0 0.480625 0.280556 0.0125 0.0205555 0.434082
7 0.68375 0.353333 0.00500005 0.0122222 0.430176
0 0.371563 0.317778 0.013125 0.0211111 0.411133
0 0.41375 0.293333 0.01 0.0161111 0.375732
3 0.653125 0.306944 0.00499999 0.0272222 0.368408
7 0.634375 0.329444 0.003125 0.0116667 0.357666
7 0.92375 0.466111 0.00499999 0.0166667 0.354004
0 0.464375 0.279722 0.00625 0.0127778 0.352295
0 0.471875 0.270833 0.00625 0.01 0.328613
0 0.490313 0.269444 0.00625 0.01 0.313232
0 0.497813 0.286667 0.011875 0.0161111 0.291748
0 0.505625 0.259444 0.00437501 0.00999999 0.270508
7 0.72875 0.437778 0.00499999 0.0205556 0.26123
0 0.459688 0.285 0.00999997 0.0144444 0.259033
0 0.49875 0.290833 0.01125 0.0194444 0.243652
0 0.0302734 0.444444 0.0208594 0.0266667 0.208862
0 0.371875 0.322778 0.013125 0.0216667 0.204346
7 0.73875 0.425278 0.00499999 0.0188889 0.201782
0 0.4975 0.284444 0.01 0.0188889 0.190674
0 0.471875 0.275556 0.00749998 0.0122222 0.176636
0 0.445313 0.264444 0.00625 0.0105555 0.174927
7 0.146094 0.415556 0.004375 0.0155555 0.171631
0 0.35375 0.316389 0.01375 0.0183333 0.169922
3 0.65375 0.304444 0.00625 0.0244444 0.169434
7 0.0463281 0.476111 0.00390625 0.0144444 0.169434
0 0.483125 0.263056 0.00750001 0.0122222 0.167236
0 0.0214844 0.443333 0.0244141 0.03 0.146118
0 0.354688 0.307778 0.0125 0.0133333 0.144165
0 0.35875 0.302222 0.01 0.0155556 0.142212
0 0.390625 0.318889 0.015 0.0333333 0.130737
0 0.475313 0.263056 0.00499999 0.00999999 0.130249
0 0.36125 0.301111 0.009375 0.0133334 0.128906
0 0.247656 0.39 0.0275 0.0333333 0.124634
0 0.371875 0.307222 0.01125 0.0144444 0.124634
0 0.361875 0.324444 0.0125 0.0188889 0.117554
0 0.37 0.317778 0.01375 0.0177778 0.108948
7 0.04875 0.477222 0.00390625 0.0144444 0.106323
0 0.49375 0.261944 0.00625 0.00888889 0.103027
0 0.425625 0.277778 0.00625 0.01 0.101929
7 0.745 0.416111 0.00374997 0.0166667 0.0960083
0 0.417813 0.285 0.009375 0.0144444 0.0957031
0 0.413125 0.28 0.00812502 0.0111111 0.0913696
7 0.736875 0.427778 0.00500005 0.0183333 0.0894775
0 0.433125 0.275556 0.00625 0.00944446 0.0888062
0 0.00413574 0.407778 0.00827148 0.0288889 0.0853882
0 0.393125 0.296389 0.00749998 0.0105555 0.0823975
0 0.170938 0.378889 0.0375 0.0277778 0.0809326
0 0.40625 0.299167 0.00874999 0.0144444 0.0736694
0 0.0771094 0.438889 0.0303125 0.0477778 0.0668335
0 0.429063 0.271667 0.00562499 0.00888889 0.0656128
0 0.775 0.413889 0.0275 0.04 0.0638428
0 0.45875 0.295833 0.009375 0.0144444 0.0628052
0 0.448125 0.265556 0.00625 0.0111111 0.0592041
7 0.725625 0.44 0.00374997 0.0183333 0.0577087
0 0.308438 0.344167 0.01625 0.0244445 0.0572815
7 0.224531 0.363889 0.00406251 0.0122222 0.0549927
7 0.0664062 0.486667 0.00507812 0.015 0.0539856
2 0.26625 0.350556 0.00531252 0.0161111 0.0512695
7 0.67 0.342778 0.00250003 0.0127778 0.0437012
0 0.0667969 0.429722 0.033125 0.0266667 0.0413208
7 0.00803833 0.541667 0.00663818 0.0188889 0.0384521
0 0.50375 0.282778 0.00749998 0.0144444 0.0362244
0 0.043125 0.428333 0.0205469 0.0222222 0.0333252
0 0.308438 0.338611 0.014375 0.0205556 0.0303345
0 0.508438 0.265278 0.00562499 0.0111111 0.0284424
0 0.15375 0.69 0.0703125 0.106667 0.0282135
2 0.77625 0.350833 0.00875003 0.0283333 0.0273743
7 0.755 0.415 0.00499999 0.0166667 0.0269623
0 0.381563 0.291667 0.00812499 0.0166667 0.0266571
7 0.6675 0.353889 0.00499999 0.0122222 0.0255585
0 0.501875 0.304722 0.0175 0.0222222 0.0253754
0 0.0473438 0.892222 0.0946875 0.213333 0.0244293
7 0.65375 0.327222 0.00374997 0.0122222 0.024231
3 0.695 0.447778 0.00999997 0.06 0.0226288
7 0.735 0.430556 0.00625 0.0188889 0.02211
7 0.0549609 0.471667 0.0034375 0.0105556 0.0205688
7 0.125 0.406111 0.00359375 0.0111111 0.0189819
2 0.160469 0.4 0.0125 0.0311111 0.0189056
3 0.0234961 0.465278 0.00425781 0.0288889 0.018692
7 0.614375 0.329722 0.00375004 0.0111111 0.0180511
0 0.0826367 0.689444 0.0806641 0.117778 0.0179138
0 0.42 0.308333 0.0125 0.0177778 0.0164032
7 0.135313 0.415278 0.00578125 0.0177778 0.016098
7 0.220625 0.36 0.00374999 0.0133334 0.0158997
7 0.115703 0.407222 0.00406249 0.0133334 0.0146713
0 0.170469 0.697778 0.0903125 0.105556 0.0142288
3 0.188438 0.374444 0.00687501 0.0233333 0.0138474
7 0.220625 0.504444 0.00875001 0.0333333 0.012825
2 0.5825 0.313056 0.0175 0.0222222 0.0126266
0 0.0139453 0.437222 0.0245313 0.0266667 0.0125275
7 0.0651563 0.475 0.00390625 0.01 0.0124283
7 0.64625 0.317778 0.00250003 0.0122222 0.0121918
7 0.148281 0.411667 0.0046875 0.0155556 0.0120544
0 0.0541797 0.435278 0.03375 0.0288889 0.0119629
7 0.135156 0.407222 0.0034375 0.0133334 0.0114212
2 0.575625 0.312222 0.01375 0.0205556 0.0110703
0 0.312188 0.339167 0.013125 0.0216667 0.0108566
3 0.77625 0.357778 0.00999997 0.0311111 0.0100937
3 0.776875 0.353333 0.00874996 0.02 0.00971222
0 0.17625 0.713333 0.091875 0.135556 0.00923157
7 0.636875 0.318333 0.00500005 0.0127778 0.0091629
3 0.145938 0.408889 0.0046875 0.0188889 0.00812531
2 0.0380859 0.424444 0.0169531 0.0188889 0.00796509
0 0.411875 0.273889 0.01 0.0155555 0.00787354
0 0.378125 0.300556 0.01 0.0155555 0.00775528
2 0.580625 0.32 0.01625 0.0244444 0.00706482
3 0.214063 0.351944 0.00374999 0.0183333 0.00674438
0 0.4225 0.296944 0.009375 0.0144444 0.00626373
0 0.179023 0.45 0.0425781 0.0511111 0.006073
7 0.68625 0.315 0.00249996 0.00999999 0.00602722
0 0.103984 0.469167 0.0682813 0.111667 0.00598145
0 0.52625 0.275 0.00625 0.01 0.00561905
7 0.15625 0.416111 0.0046875 0.0133333 0.0055542
0 0.088418 0.430278 0.0366016 0.0333333 0.00544739
0 0.43625 0.263056 0.00499999 0.00999999 0.00540543
7 0.595625 0.300833 0.00499999 0.0144444 0.0053215
0 0.0785938 0.423889 0.0375 0.03 0.00524139
2 0.0360742 0.401111 0.00980469 0.0177778 0.0051384
0 0.082168 0.4275 0.0412891 0.0372222 0.00494385
7 0.645 0.332778 0.00250003 0.01 0.00462723
3 0.115313 0.382222 0.0046875 0.0177778 0.00450516
3 0.81 0.300833 0.00625 0.0194444 0.00446701
0 0.533125 0.277222 0.00625003 0.00777777 0.00407028
2 0.5825 0.305 0.00999997 0.0244444 0.00392914
0 0.455313 0.262778 0.00375001 0.00777777 0.00385475
2 0.163906 0.405556 0.00906251 0.0344444 0.00370789
0 0.0926367 0.487778 0.0453516 0.0722222 0.00332451
7 0.274844 0.351667 0.0046875 0.0122222 0.00328636
0 0.188711 0.735 0.0882031 0.177778 0.00313568
7 0.567813 0.318056 0.00750001 0.0155556 0.00286674
7 0.695 0.315 0.00374997 0.00944446 0.0028553
3 0.0255469 0.404167 0.00671875 0.0183333 0.00284576
3 0.104844 0.385278 0.0053125 0.0183333 0.00282288
0 0.0921094 0.470833 0.0439063 0.0666666 0.00279999
2 0.116406 0.373333 0.00609375 0.0177778 0.00275803
7 0.035 0.462778 0.00398437 0.0355555 0.00274658
3 0.71 0.31 0.00999997 0.0211111 0.00274658
0 0.96625 0.345556 0.0175001 0.0211111 0.00271416
0 0.0912695 0.677222 0.0518359 0.0922222 0.0026207
2 0.164375 0.4 0.0178125 0.03 0.00256157
3 0.865625 0.311111 0.00499999 0.02 0.00251198
7 0.928125 0.451944 0.00499999 0.0166667 0.00245285
0 0.493125 0.303611 0.02 0.0238889 0.00243378
0 0.036582 0.390833 0.0106641 0.0216667 0.00228691
0 0.97375 0.336667 0.02 0.0177778 0.00226974
0 0.465313 0.263333 0.00437501 0.01 0.00218201
0 0.40625 0.271667 0.00687501 0.0255556 0.00216484
2 0.0310156 0.411389 0.00984375 0.0177778 0.00214958
0 0.155313 0.389722 0.0228125 0.0188889 0.00213242
3 0.686875 0.296667 0.00500005 0.0144444 0.00206757
0 0.0214648 0.889444 0.0429297 0.221111 0.00205803
7 0.67125 0.473611 0.00749995 0.025 0.00203514
7 0.225313 0.497222 0.008125 0.0355555 0.00198746
0 0.254844 0.362778 0.01875 0.0238889 0.00168133
7 0.7175 0.448889 0.00625 0.0222222 0.00167465
0 0.457188 0.280556 0.00687501 0.0122222 0.0016489
0 0.0980469 0.684444 0.0548438 0.106667 0.0016489
0 0.1975 0.449444 0.0346875 0.0488889 0.00163555
0 0.00882813 0.421667 0.0167188 0.0233333 0.00158501
7 0.00454102 0.486667 0.0065625 0.0233333 0.00158501
0 0.00606445 0.396667 0.0121289 0.0288889 0.00152493
0 0.985 0.335556 0.0125 0.0166667 0.00150108
7 0.204688 0.385833 0.00531249 0.0155555 0.00144386
7 0.204688 0.37 0.003125 0.0111111 0.00143242
3 0.865625 0.299722 0.00499999 0.015 0.0014267
2 0.69625 0.441667 0.00999997 0.0677778 0.00137806
3 0.54875 0.268889 0.00625 0.0166667 0.00137806
0 0.0130273 0.775556 0.0260547 0.153333 0.00134563
2 0.624063 0.2975 0.00562503 0.0161111 0.00132465
7 0.129531 0.413333 0.0071875 0.0172222 0.00130463
0 0.9675 0.337222 0.015 0.0188889 0.00129414
2 0.5925 0.315556 0.00750001 0.0144444 0.00127411
0 0.00842773 0.396389 0.0163281 0.0272222 0.00127411
2 0.0238281 0.423889 0.0108594 0.0244445 0.00123501
7 0.7175 0.446944 0.00499999 0.0244444 0.00118351
0 0.513125 0.263889 0.00500002 0.00888889 0.00117874
7 0.705625 0.31 0.00374997 0.0144444 0.0011692
0 0.52875 0.270556 0.00625 0.00999999 0.0011692
0 0.297813 0.343889 0.02 0.0266667 0.00109863
3 0.266094 0.338333 0.00531249 0.0188889 0.00107765
2 0.6625 0.295833 0.0125 0.0177778 0.00104809
7 0.0138965 0.483056 0.00681641 0.0277778 0.00104046
0 0.113594 0.418889 0.0248438 0.0277778 0.00103188
2 0.81125 0.298333 0.00999997 0.02 0.00102425
0 0.170469 0.398333 0.0303125 0.0344445 0.00102425
