0 0.648906 0.853333 0.139687 0.262222 0.955078
0 0.4675 0.884444 0.1225 0.23 0.953613
0 0.334375 0.754444 0.119375 0.195556 0.950195
0 0.386875 0.574583 0.07 0.104167 0.945801
0 0.675625 0.571111 0.0875 0.117778 0.943359
0 0.48625 0.619444 0.0725 0.131111 0.938965
0 0.197344 0.638889 0.103125 0.125556 0.938965
0 0.57875 0.562778 0.07 0.101111 0.933105
0 0.82375 0.851667 0.1825 0.29 0.922363
0 0.24375 0.976111 0.125 0.0444444 0.888672
2 0.568125 0.462222 0.03875 0.0622223 0.833496
2 0.58875 0.438889 0.0325 0.0622222 0.813965
2 0.6425 0.439444 0.03125 0.06 0.809082
7 0.235313 0.5025 0.00687501 0.0216667 0.789062
0 0.476875 0.327778 0.02375 0.0272222 0.786621
0 0.0508203 0.439444 0.0330469 0.03 0.78125
0 0.387188 0.326944 0.015625 0.0211111 0.775879
0 0.225 0.361389 0.029375 0.0227778 0.757812
0 0.0434473 0.459444 0.0368555 0.0288889 0.756348
7 0.222188 0.518056 0.00687499 0.0261111 0.740234
0 0.365 0.330556 0.015 0.02 0.737305
0 0.8775 0.327222 0.0275 0.0211111 0.720215
2 0.656875 0.456667 0.02625 0.06 0.716797
7 0.0238281 0.532222 0.0053125 0.0177778 0.70752
0 0.0975 0.404444 0.029375 0.0233333 0.677246
0 0.70125 0.329722 0.0425 0.0277778 0.675781
0 0.342188 0.337222 0.016875 0.02 0.673828
0 0.78 0.327778 0.0375 0.0266667 0.67041
3 0.00559692 0.523889 0.00814209 0.0422223 0.67041
7 0.729375 0.438889 0.00625 0.0188889 0.662109
2 0.264531 0.353611 0.010625 0.0194444 0.651367
5 0.385625 0.296667 0.019375 0.0333333 0.645996
0 0.291875 0.338333 0.02125 0.0188889 0.642578
0 0.459063 0.307222 0.014375 0.0194444 0.622559
0 0.9225 0.328333 0.025 0.0183333 0.618652
7 0.925 0.458333 0.00499999 0.0166667 0.618652
0 0.479063 0.3 0.01125 0.0177778 0.607422
0 0.949375 0.329444 0.02125 0.02 0.602051
0 0.325625 0.337778 0.0125 0.02 0.598145
0 0.406875 0.322222 0.01625 0.0211111 0.598145
0 0.3525 0.328333 0.0125 0.0188889 0.594727
1 0.84125 0.32 0.05 0.0477778 0.57959
5 0.84125 0.319444 0.0487501 0.0477778 0.558105
0 0.309688 0.339444 0.014375 0.02 0.558105
2 0.205938 0.377778 0.0134375 0.0266667 0.525391
7 0.73875 0.430556 0.00499999 0.0211111 0.524414
7 0.749375 0.417778 0.00500005 0.0188889 0.50293
2 0.567188 0.315278 0.01125 0.0255556 0.494141
7 0.746875 0.398889 0.00499999 0.0166667 0.460938
0 0.493125 0.279722 0.00874999 0.0127778 0.455078
0 0.31125 0.335 0.01375 0.0205556 0.407227
0 0.71875 0.325 0.0325 0.0222222 0.405518
7 0.92375 0.467778 0.00499999 0.02 0.383057
0 0.798125 0.317778 0.0275 0.02 0.379395
0 0.3925 0.318611 0.01125 0.0216667 0.363037
0 0.376875 0.32 0.01125 0.02 0.361084
7 0.65375 0.326667 0.00250003 0.0122222 0.354004
0 0.461875 0.296111 0.01125 0.0177778 0.348633
7 0.725 0.4 0.00499999 0.0177778 0.348633
0 0.089668 0.414722 0.0275391 0.0227778 0.341553
0 0.409688 0.3175 0.015 0.0211111 0.339844
7 0.126563 0.423889 0.00375 0.0111111 0.339844
0 0.71875 0.321111 0.0325 0.0188889 0.336426
0 0.518125 0.285556 0.010625 0.0188889 0.324219
3 0.0446484 0.477222 0.00742188 0.0344444 0.310791
3 0.73375 0.380556 0.00749995 0.0388889 0.30249
0 0.412813 0.296111 0.01125 0.0177778 0.29248
7 0.67875 0.479444 0.00750001 0.03 0.29248
0 0.4125 0.301667 0.01125 0.0144444 0.283691
2 0.2025 0.373333 0.00687501 0.03 0.273682
0 0.47125 0.275556 0.01 0.0144444 0.271973
3 0.191563 0.373056 0.00562499 0.0288889 0.269775
0 0.46 0.303333 0.01375 0.0205556 0.267334
0 0.468125 0.279444 0.00874999 0.0122222 0.265869
7 0.635 0.328889 0.00374997 0.0144444 0.262939
0 0.49 0.290833 0.01125 0.0183333 0.26123
7 0.146094 0.416111 0.004375 0.0188889 0.258301
3 0.149063 0.406944 0.00499999 0.0333333 0.258301
3 0.153438 0.406667 0.00531251 0.0322222 0.250977
0 0.386875 0.321944 0.015 0.0222222 0.246582
0 0.403125 0.297222 0.013125 0.0155556 0.23938
3 0.0337109 0.497222 0.00960938 0.0466667 0.237915
0 0.517813 0.288333 0.01125 0.0166667 0.226807
0 0.37625 0.323889 0.0125 0.0211111 0.21936
0 0.47 0.273611 0.00750001 0.0127778 0.218018
0 0.0435254 0.463056 0.0306055 0.0305556 0.216064
7 0.7375 0.426667 0.00625 0.02 0.213379
3 0.192813 0.374167 0.00562499 0.03 0.206909
7 0.0106445 0.542361 0.00587891 0.0263889 0.203125
3 0.00831909 0.526944 0.00931885 0.0505555 0.196777
3 0.193438 0.377778 0.0059375 0.0288889 0.185913
0 0.362188 0.315556 0.010625 0.0155555 0.174927
0 0.353125 0.315 0.011875 0.0188889 0.158203
0 0.49625 0.506111 0.0375 0.0622222 0.158203
0 0.345313 0.316667 0.014375 0.0205555 0.156616
0 0.445 0.264167 0.00812499 0.0116667 0.150024
5 0.331875 0.316111 0.01375 0.0255556 0.150024
3 0.0478125 0.479722 0.0078125 0.0311111 0.150024
0 0.89375 0.332222 0.03125 0.0194444 0.149048
0 0.484375 0.262222 0.00625 0.0122222 0.138916
3 0.0330078 0.506111 0.00960938 0.0377778 0.137573
7 0.0632422 0.475 0.00476563 0.0144445 0.134766
0 0.401875 0.280556 0.01 0.015 0.133423
0 0.42125 0.295556 0.01 0.0133334 0.131226
3 0.0298438 0.485278 0.00625 0.0394445 0.126343
0 0.460938 0.288056 0.009375 0.0144444 0.121277
7 0.666875 0.354167 0.00499999 0.0133333 0.12085
0 0.487813 0.270556 0.00750001 0.0111111 0.119629
0 0.485625 0.278889 0.01 0.0155555 0.10968
0 0.419688 0.3075 0.013125 0.0183333 0.107422
0 0.79625 0.322778 0.0275 0.0238889 0.105591
0 0.267813 0.3525 0.016875 0.02 0.104126
2 0.57125 0.316389 0.00999997 0.0238889 0.10376
0 0.4175 0.288889 0.00999997 0.0133333 0.10376
3 0.155313 0.407222 0.00578124 0.0322222 0.101929
7 0.73375 0.397778 0.00500005 0.0183333 0.0994873
3 0.0243359 0.466667 0.00414063 0.025 0.0974121
0 0.47625 0.261111 0.00687501 0.0105555 0.0950317
2 0.0324023 0.501111 0.0111328 0.0477778 0.0943604
3 0.146797 0.411389 0.00515625 0.0255555 0.093689
0 0.70875 0.325 0.04125 0.0255556 0.0933228
0 0.353125 0.31 0.0125 0.0172222 0.0913696
0 0.415313 0.278889 0.009375 0.0144444 0.0847778
7 0.685 0.359444 0.00499999 0.0166667 0.0847778
0 0.446875 0.266111 0.00874999 0.0122222 0.083313
0 0.0254102 0.423333 0.0209766 0.0177778 0.0823975
0 0.921875 0.331667 0.02625 0.02 0.0806274
0 0.89 0.33 0.03 0.02 0.0797729
0 0.0269873 0.431389 0.024541 0.0244444 0.078064
1 0.330625 0.319444 0.01625 0.0233333 0.0761108
3 0.0263672 0.495 0.00757813 0.0433333 0.0758667
0 0.525313 0.276667 0.00750001 0.0122222 0.0736694
0 0.048125 0.447222 0.0364063 0.0322222 0.0675659
7 0.0333203 0.520833 0.00703125 0.0216666 0.062561
7 0.115469 0.438056 0.0034375 0.00888889 0.0616455
7 0.709375 0.404444 0.00499999 0.0166667 0.0616455
0 0.0842969 0.414722 0.0285937 0.0222222 0.0598755
3 0.128281 0.381667 0.0046875 0.02 0.0577087
0 0.885 0.333333 0.0275 0.0172222 0.0534058
2 0.62625 0.300278 0.00625 0.0216667 0.0516663
5 0.377813 0.297222 0.014375 0.0277778 0.0503235
7 0.93375 0.441667 0.00499999 0.0144444 0.0503235
0 0.399063 0.279722 0.01125 0.0111111 0.0484924
2 0.0300781 0.506944 0.0153906 0.0561111 0.0451965
7 0.736875 0.432222 0.00625 0.0194444 0.0448608
0 0.9525 0.331667 0.0275 0.0211111 0.0438538
2 0.263438 0.350833 0.01125 0.0216667 0.043457
0 0.73125 0.331389 0.0425 0.0227778 0.0419312
7 0.685 0.350556 0.00499999 0.00944446 0.0413208
3 0.153984 0.391389 0.00453124 0.02 0.0413208
0 0.0226367 0.432222 0.0299609 0.0244445 0.0411377
0 0.475625 0.3 0.0175 0.0188889 0.0397949
0 0.373125 0.305 0.01125 0.0188889 0.0389099
0 0.0220703 0.4275 0.026875 0.0233333 0.0367737
7 0.67375 0.351667 0.00499999 0.0155555 0.0362244
7 0.9225 0.481944 0.00500005 0.0211111 0.0350037
0 0.383125 0.293333 0.01375 0.0194444 0.032959
7 0.745625 0.423333 0.00499999 0.0177778 0.0317383
7 0.105781 0.438333 0.00375 0.00999999 0.0306702
7 0.664375 0.308611 0.00375004 0.0172222 0.0305634
0 0.0463379 0.438611 0.0266992 0.0261111 0.0293121
3 0.250625 0.340556 0.004375 0.0222222 0.0290833
0 0.738125 0.331944 0.04375 0.0261111 0.0276947
0 0.805 0.318056 0.03 0.0216667 0.0264587
7 0.169375 0.413889 0.00437501 0.0177778 0.0252686
7 0.22125 0.508611 0.00687501 0.0266667 0.0227203
7 0.109844 0.443333 0.0028125 0.0127778 0.0218658
3 0.126719 0.381389 0.005 0.0172222 0.0215302
0 0.00520508 0.431944 0.0103711 0.0205555 0.0165863
0 0.0951563 0.409444 0.0314063 0.03 0.016098
7 0.166875 0.415833 0.005 0.0155556 0.0158997
2 0.187188 0.372778 0.008125 0.0266667 0.0157776
2 0.185625 0.378889 0.009375 0.0277778 0.0149536
0 0.504688 0.244722 0.00625 0.0105555 0.0149002
0 0.00315186 0.422222 0.00630371 0.0177778 0.0147324
7 0.67 0.340833 0.00250003 0.0127778 0.0131683
0 0.485 0.506667 0.014375 0.0622222 0.0123367
3 0.626875 0.306389 0.00499999 0.0216667 0.0122375
0 0.876875 0.331667 0.03125 0.02 0.0120544
0 0.0198047 0.425556 0.01 0.0161111 0.0117798
3 0.254375 0.330278 0.005 0.0194444 0.0116425
0 0.80125 0.312222 0.0225 0.0188889 0.0113297
7 0.12875 0.416667 0.00375 0.0177778 0.0112457
0 0.364375 0.301111 0.01 0.0155555 0.011116
3 0.628125 0.3025 0.00499999 0.0216667 0.0109024
0 0.88875 0.320833 0.025 0.0205555 0.0108185
3 0.636875 0.323333 0.00500005 0.0222222 0.0103302
0 0.71875 0.311111 0.03 0.0222222 0.0100937
7 0.91625 0.474722 0.00500005 0.0183333 0.00948334
2 0.265313 0.356667 0.008125 0.0233333 0.00945282
2 0.54375 0.297778 0.01125 0.0144444 0.00933838
0 0.494375 0.2625 0.00625 0.0111111 0.00926971
0 0.845625 0.318333 0.04625 0.0366667 0.00926971
3 0.548125 0.46 0.014375 0.0544444 0.00923157
7 0.92875 0.449444 0.00374997 0.0155555 0.00841522
7 0.225313 0.3775 0.00562501 0.0194444 0.00812531
0 0.5275 0.270556 0.00750001 0.00999999 0.00809479
3 0.149844 0.380833 0.00437501 0.0227778 0.00751877
2 0.6875 0.413889 0.0125 0.0422222 0.00746155
3 0.68875 0.413889 0.0125 0.0422222 0.00734711
3 0.7275 0.38 0.00749995 0.045 0.0069046
0 0.324063 0.339444 0.014375 0.02 0.0068512
2 0.105469 0.39 0.010625 0.0188889 0.00674438
7 0.274375 0.36 0.00437498 0.0166667 0.00664139
3 0.72625 0.390556 0.00499999 0.0311111 0.00621796
7 0.728125 0.440556 0.00625 0.0166667 0.006073
7 0.675 0.327778 0.00499999 0.0177778 0.00557709
0 0.42125 0.277222 0.01 0.0144444 0.00547028
0 0.935 0.343056 0.0175001 0.0194444 0.00521851
7 0.011311 0.544444 0.00788574 0.02 0.00516129
2 0.689375 0.410556 0.015 0.045 0.0050621
3 0.0536328 0.403333 0.0059375 0.0188889 0.00503922
3 0.546875 0.456389 0.01375 0.0444444 0.00502014
7 0.605 0.330278 0.00375004 0.0105556 0.00498199
0 0.945 0.340556 0.02 0.0211111 0.00494385
0 0.085 0.409167 0.0254688 0.0211111 0.0049057
0 0.895 0.320556 0.02375 0.0211111 0.00486755
3 0.54875 0.270278 0.00625 0.0216667 0.00439835
0 0.9575 0.341667 0.03 0.0255556 0.00416565
0 0.48625 0.296667 0.01875 0.0266667 0.00403976
0 0.92125 0.324444 0.02375 0.0244444 0.00379562
7 0.74375 0.428611 0.00499999 0.02 0.00379562
3 0.73125 0.401667 0.00625 0.0233333 0.00376511
0 0.94875 0.338333 0.025 0.0244444 0.00374985
2 0.67375 0.298333 0.00625 0.0144444 0.00366402
0 0.88875 0.340556 0.02875 0.0222222 0.00363541
0 0.793125 0.315833 0.03375 0.0322222 0.00362206
2 0.051875 0.411389 0.0096875 0.0172222 0.0036068
7 0.67625 0.321111 0.00499999 0.0188889 0.00358009
3 0.170313 0.383333 0.00562501 0.0227778 0.00340271
3 0.654375 0.442222 0.02 0.0577778 0.00333786
3 0.0242969 0.533889 0.00550781 0.0244445 0.00329781
0 0.496875 0.244722 0.00625 0.0105555 0.00322342
3 0.501875 0.325278 0.00875003 0.02 0.00316048
7 0.66625 0.359444 0.00374997 0.0166667 0.00311089
0 0.9225 0.340278 0.02625 0.0233333 0.00309944
0 0.8625 0.340556 0.025 0.0211111 0.0030632
0 0.319375 0.32 0.011875 0.0177778 0.00305176
3 0.0100586 0.521667 0.0159766 0.0444444 0.0029583
3 0.00973145 0.525 0.0125488 0.0455556 0.0029583
7 0.48625 0.619444 0.07 0.13 0.00293541
0 0.26875 0.347222 0.01625 0.0233333 0.00291252
7 0.66625 0.471667 0.00750001 0.0477778 0.0028553
2 0.5725 0.321667 0.009375 0.0233333 0.00279999
2 0.6625 0.457222 0.04 0.0566667 0.00273705
0 0.805625 0.3275 0.035 0.0227778 0.00271416
0 0.96875 0.335556 0.025 0.02 0.00271416
7 0.675 0.470556 0.00750001 0.0388889 0.00263214
7 0.139219 0.421667 0.00531251 0.02 0.00245285
0 0.705 0.337222 0.0225 0.0277778 0.002388
0 0.434375 0.276667 0.00625 0.00944446 0.00236893
3 0.583438 0.316389 0.00562503 0.0188889 0.00235939
7 0.75375 0.418333 0.00499999 0.0188889 0.00234222
0 0.505625 0.255556 0.00499999 0.0122222 0.00230598
7 0.7075 0.403333 0.00499999 0.0161111 0.00227928
0 0.70125 0.336111 0.0375 0.0311111 0.00225258
0 0.519375 0.29 0.01375 0.0166667 0.00219917
2 0.546563 0.3 0.015 0.0244444 0.00215721
7 0.9325 0.452222 0.00499999 0.0233333 0.00210762
0 0.86875 0.341389 0.03 0.0211111 0.00206757
0 0.0035791 0.409722 0.00695313 0.0216667 0.00206757
7 0.72125 0.450833 0.00749995 0.0211111 0.00185299
0 0.283438 0.338611 0.0225 0.0211111 0.00184631
2 0.6925 0.308333 0.015 0.0172222 0.00184631
0 0.0513965 0.434444 0.032207 0.0311111 0.00183868
0 0.38625 0.330833 0.016875 0.0216667 0.0018034
0 0.6975 0.325833 0.0325 0.0272222 0.00177479
7 0.0548828 0.482222 0.00484375 0.0233333 0.00172043
2 0.801875 0.333889 0.025 0.02 0.0017004
2 0.0232617 0.406667 0.00789063 0.0177778 0.00168705
0 0.0277002 0.417222 0.0174902 0.0227778 0.00168705
3 0.66625 0.298056 0.00499999 0.0188889 0.0016489
3 0.145391 0.387222 0.0034375 0.0155555 0.00160408
2 0.560625 0.452778 0.041875 0.0555555 0.00156116
2 0.630625 0.3 0.015 0.0244444 0.00154305
0 0.45375 0.262778 0.00625 0.00999999 0.00153637
3 0.745 0.394722 0.00499999 0.025 0.00150108
2 0.257188 0.351389 0.00750001 0.0227778 0.00149536
3 0.67 0.305 0.00625 0.0194444 0.00143814
7 0.595937 0.299444 0.00437501 0.0133333 0.00138855
0 0.846875 0.307778 0.0425 0.0288889 0.00138855
0 0.525625 0.262778 0.00500002 0.0111111 0.00137234
0 0.496875 0.284167 0.011875 0.015 0.00136662
0 0.445625 0.272222 0.00875003 0.0133333 0.00134087
0 0.504688 0.276111 0.00500002 0.0122222 0.00132465
3 0.59 0.302778 0.00500005 0.0138889 0.00132465
2 0.266875 0.343889 0.0103125 0.03 0.00127411
0 0.78 0.334167 0.0375 0.0322222 0.00125504
7 0.65375 0.320556 0.00499999 0.0166667 0.00124454
3 0.154844 0.373889 0.0046875 0.0222222 0.00124454
7 0.135 0.407778 0.003125 0.0166667 0.00121593
0 0.4125 0.276111 0.015625 0.02 0.00116062
7 0.605 0.299722 0.00375004 0.0127778 0.00115108
7 0.915 0.488333 0.00625 0.0444444 0.00115108
7 0.695 0.363333 0.00499999 0.0166667 0.00109863
0 0.745 0.323333 0.04 0.0266667 0.00108147
2 0.71375 0.303889 0.01375 0.0233333 0.00104809
7 0.0953906 0.457778 0.00328125 0.00999999 0.00104427
3 0.0207227 0.497222 0.0111328 0.0405555 0.00104427
0 0.8525 0.341111 0.0225 0.02 0.00103188
