0 0.66625 0.872778 0.1425 0.254444 0.958984
0 0.318438 0.825556 0.1425 0.246667 0.958008
0 0.71125 0.657222 0.1075 0.141111 0.950195
0 0.39375 0.577222 0.0675 0.103333 0.944336
0 0.86125 0.906667 0.1925 0.186667 0.943359
0 0.481563 0.675556 0.079375 0.151111 0.94043
0 0.591875 0.638889 0.08625 0.135556 0.934082
0 0.653125 0.527778 0.07875 0.107778 0.929199
0 0.561875 0.519444 0.06125 0.0933333 0.928711
0 0.469375 0.97 0.1275 0.06 0.925781
0 0.482813 0.512222 0.053125 0.0833333 0.905273
0 0.0289111 0.466667 0.0328027 0.0322222 0.861328
0 0.322813 0.380278 0.051875 0.0344445 0.858887
0 0.7525 0.328889 0.04 0.0277778 0.850098
7 0.235938 0.505 0.0075 0.0244445 0.845703
0 0.373438 0.358056 0.0425 0.0322222 0.830078
0 0.456875 0.331667 0.02875 0.03 0.81543
0 0.308438 0.337778 0.018125 0.0222222 0.813965
0 0.484375 0.293889 0.01125 0.0166667 0.805664
7 0.222813 0.52 0.0078125 0.0233333 0.79834
0 0.124688 0.435278 0.041875 0.0322222 0.790527
0 0.342813 0.3325 0.0175 0.0272222 0.789062
0 0.130156 0.421111 0.0442187 0.0322222 0.770508
0 0.363125 0.327222 0.01875 0.0255556 0.759277
3 0.665625 0.4325 0.01 0.0583333 0.746094
0 0.93875 0.331389 0.0225 0.0177778 0.716797
0 0.388125 0.311667 0.01375 0.02 0.690918
0 0.327813 0.332222 0.015625 0.0238889 0.686035
0 0.412188 0.292222 0.01 0.0166667 0.679199
7 0.73 0.44 0.00499999 0.0188889 0.668945
7 0.025 0.530556 0.00574219 0.0177778 0.666992
7 0.72375 0.401111 0.00499999 0.0177778 0.665527
2 0.166563 0.391944 0.009375 0.0277778 0.635254
2 0.268125 0.350556 0.0115625 0.02 0.631836
7 0.75 0.417222 0.00625 0.0177778 0.620605
0 0.351875 0.304444 0.009375 0.0144444 0.613281
2 0.6675 0.309167 0.01 0.0238889 0.567871
0 0.45875 0.310556 0.0125 0.0172222 0.565918
7 0.925 0.458889 0.00499999 0.0144444 0.563965
0 0.00874024 0.457778 0.0174023 0.0255556 0.562012
0 0.39625 0.294444 0.00874999 0.0144444 0.548828
0 0.483125 0.278056 0.00750001 0.0127778 0.544922
2 0.59375 0.302778 0.01 0.0177778 0.539062
0 0.404375 0.299722 0.01 0.015 0.498047
7 0.73875 0.428333 0.00499999 0.0222222 0.458008
0 0.364063 0.316667 0.013125 0.0166667 0.443604
7 0.746875 0.400556 0.00499999 0.0166667 0.42627
0 0.372813 0.305833 0.010625 0.0144444 0.417725
0 0.39 0.310556 0.0125 0.0188889 0.414795
0 0.463125 0.290556 0.01 0.0155555 0.355713
0 0.512813 0.267778 0.00750001 0.0111111 0.354004
7 0.92375 0.466667 0.00499999 0.0155556 0.352295
0 0.47125 0.271111 0.00625 0.0105555 0.341553
2 0.375625 0.325 0.015 0.0222222 0.338135
0 0.464375 0.279167 0.00625 0.0111111 0.329346
7 0.678125 0.479167 0.00750001 0.0244444 0.305664
0 0.471875 0.273889 0.00749998 0.0122222 0.303955
0 0.352188 0.313056 0.01125 0.0144444 0.294189
7 0.666875 0.464722 0.00625 0.0211111 0.286133
0 0.374375 0.319167 0.015 0.02 0.270508
0 0.461875 0.288056 0.009375 0.015 0.255371
0 0.345625 0.3125 0.01 0.0133333 0.223999
0 0.4525 0.32 0.0175 0.0211111 0.222656
0 0.459375 0.298889 0.010625 0.0133333 0.218018
7 0.634688 0.332778 0.003125 0.0111111 0.215332
0 0.383125 0.299444 0.01 0.0133333 0.20813
0 0.48875 0.267222 0.00499999 0.00999999 0.20752
0 0.51375 0.273889 0.00812499 0.0111111 0.206909
7 0.0647656 0.473611 0.00390625 0.0116667 0.206299
7 0.0101465 0.544583 0.00623047 0.0197223 0.189575
0 0.375 0.3 0.01 0.0116667 0.17334
0 0.3525 0.301389 0.009375 0.0127778 0.171631
0 0.492188 0.284444 0.00812502 0.0155555 0.153564
0 0.00923828 0.467222 0.0172266 0.03 0.144653
2 0.593125 0.305278 0.00875003 0.0194444 0.138916
7 0.0503125 0.481667 0.0046875 0.0116666 0.122925
0 0.484688 0.263056 0.00562503 0.0111111 0.115173
2 0.27125 0.359444 0.00874999 0.0222222 0.10968
0 0.495938 0.2625 0.00562499 0.0105555 0.105957
0 0.405 0.302222 0.01125 0.0138889 0.105957
0 0.513125 0.264167 0.00625 0.0105555 0.104492
0 0.126875 0.43 0.044375 0.0377778 0.104492
2 0.269219 0.353889 0.0125 0.0233333 0.102295
0 0.418438 0.286111 0.009375 0.0133333 0.0891113
7 0.205 0.386111 0.00374999 0.01 0.0710449
2 0.0213867 0.441389 0.0117578 0.025 0.0703125
7 0.73375 0.433889 0.00500005 0.0177778 0.0675659
0 0.475 0.261667 0.00500002 0.00777777 0.0663452
0 0.423125 0.297222 0.01 0.0166667 0.0611877
7 0.65375 0.328889 0.00250003 0.0111111 0.0587769
7 0.194688 0.382222 0.00531251 0.0211111 0.0574951
2 0.162656 0.371944 0.01 0.0233333 0.0560303
2 0.0632813 0.425556 0.00632813 0.0177778 0.0544128
7 0.7375 0.428333 0.00625 0.0222222 0.0544128
0 0.454375 0.309722 0.01625 0.0194444 0.0488586
7 0.284063 0.366667 0.00437501 0.0133333 0.0465393
0 0.179688 0.385833 0.031875 0.0272222 0.0402527
7 0.685625 0.351667 0.00374997 0.0144444 0.0397949
2 0.326875 0.341111 0.016875 0.0227778 0.0377502
7 0.7225 0.448889 0.00750001 0.0211111 0.0332031
0 0.505625 0.259167 0.00499999 0.00722224 0.0307922
0 0.4125 0.281667 0.00874999 0.0111111 0.0303345
7 0.92875 0.4525 0.00500005 0.015 0.0296478
0 0.9425 0.331944 0.0275 0.0183333 0.0294189
0 0.43375 0.275 0.00625 0.00888889 0.0279083
0 0.379375 0.288889 0.00750001 0.0122222 0.0276947
7 0.224375 0.370833 0.00343749 0.0111111 0.0273743
0 0.49125 0.288333 0.00874999 0.0166667 0.0249939
7 0.66625 0.327222 0.00499999 0.0177778 0.0241394
0 0.424375 0.28 0.00625 0.0111111 0.0239563
0 0.0049292 0.448611 0.0098584 0.025 0.0227203
0 0.464375 0.301667 0.015 0.0177778 0.0214539
7 0.725 0.445556 0.00499999 0.0222222 0.0204163
0 0.449375 0.268056 0.00625 0.01 0.0201416
0 0.362813 0.295556 0.00874999 0.00999999 0.0200958
7 0.7425 0.423333 0.00499999 0.0177778 0.0192719
2 0.191875 0.377778 0.00687499 0.0266667 0.0190125
7 0.255313 0.364167 0.003125 0.00999999 0.0186157
2 0.414375 0.332778 0.01125 0.02 0.0182953
0 0.0108813 0.471111 0.0142529 0.03 0.0182648
0 0.405938 0.306111 0.01 0.0177778 0.0162811
2 0.269219 0.357778 0.010625 0.0244444 0.0162811
0 0.365625 0.333056 0.025 0.0261111 0.0149536
0 0.3325 0.320833 0.01125 0.0183333 0.0149002
0 0.431563 0.269444 0.00562503 0.00777777 0.0141754
7 0.67375 0.330556 0.00249996 0.0127778 0.0137939
3 0.250625 0.338889 0.00406249 0.0211111 0.0135345
2 0.270469 0.364722 0.0090625 0.0272222 0.0118713
7 0.229375 0.374722 0.003125 0.00944446 0.0115051
0 0.34875 0.301944 0.009375 0.015 0.0112457
2 0.67 0.309444 0.0125 0.0244445 0.0112
7 0.678125 0.481111 0.00874996 0.03 0.0109863
5 0.360938 0.284722 0.01125 0.0222222 0.0108185
7 0.65 0.335 0.00375004 0.0144444 0.0102921
7 0.0550391 0.475556 0.00414062 0.0133334 0.00971222
3 0.83 0.481111 0.00999997 0.0455555 0.00908661
0 0.342188 0.338889 0.016875 0.0244444 0.00898743
7 0.165313 0.417222 0.0046875 0.0155556 0.00894928
2 0.590625 0.301389 0.015 0.0172222 0.00871277
7 0.245 0.367222 0.0028125 0.00777777 0.00834656
2 0.414375 0.33 0.01375 0.0216667 0.00784302
0 0.99625 0.674444 0.00749995 0.0688889 0.0078125
0 0.305469 0.338889 0.0234375 0.0211111 0.00725937
7 0.636875 0.317778 0.00500005 0.0133334 0.00717545
0 0.00313965 0.423889 0.0062793 0.0244445 0.00664139
3 0.663125 0.425556 0.00999997 0.0522222 0.00634003
0 0.0113892 0.448611 0.0184326 0.03 0.00631332
3 0.0299609 0.411111 0.0046875 0.0177778 0.00629044
0 0.177188 0.391667 0.030625 0.0355555 0.00626373
0 0.172188 0.370556 0.03875 0.0288889 0.00624084
7 0.155391 0.403056 0.00375001 0.0122222 0.00591278
0 0.35625 0.285 0.00749998 0.02 0.00575256
0 0.445625 0.263333 0.00499999 0.00888889 0.00568771
7 0.7525 0.417778 0.00749995 0.0183333 0.00547028
0 0.936875 0.333889 0.0275 0.0166667 0.00544739
0 0.42125 0.312778 0.01 0.0166667 0.00521851
0 0.1725 0.381667 0.023125 0.0266667 0.0050621
0 0.0283398 0.460556 0.0312109 0.0311111 0.00473785
0 0.374375 0.348889 0.04 0.0288889 0.00468063
7 0.71 0.402778 0.00499999 0.0233333 0.0046463
0 0.403125 0.2825 0.00749998 0.0116667 0.00460815
3 0.63625 0.297222 0.00499999 0.0144444 0.00439835
0 0.388125 0.325556 0.0125 0.02 0.00436401
0 0.49625 0.283056 0.01125 0.0172222 0.00421524
3 0.86625 0.312778 0.00500005 0.0155555 0.0041008
2 0.159453 0.370556 0.0135938 0.0244444 0.00397491
7 0.0753125 0.474167 0.00359375 0.0105556 0.0039444
2 0.267656 0.343889 0.0103125 0.0288889 0.00391388
2 0.0231299 0.406111 0.00741211 0.02 0.00379562
2 0.160156 0.386667 0.01375 0.0222222 0.00370789
7 0.0247656 0.535 0.005625 0.0211111 0.00365067
7 0.645 0.317222 0.00250003 0.0122222 0.00353813
3 0.290938 0.340556 0.00625 0.0177778 0.00352478
3 0.83125 0.484444 0.01 0.0444444 0.00348282
0 0.1825 0.3725 0.020625 0.025 0.00345612
7 0.0696094 0.482222 0.00484375 0.0144445 0.00345612
3 0.549375 0.265556 0.00625 0.0166667 0.00342941
0 0.93625 0.340556 0.025 0.0222222 0.00329781
7 0.195938 0.394722 0.00562499 0.0266667 0.00313568
3 0.261875 0.349722 0.00750001 0.0205556 0.00300407
7 0.591875 0.64 0.08375 0.135556 0.00298119
7 0.675 0.349444 0.00375004 0.0122222 0.00293541
3 0.0229297 0.428056 0.006875 0.0261111 0.00291252
0 0.87 0.339444 0.025 0.0155555 0.00282288
7 0.7425 0.427778 0.00625 0.0222222 0.00279999
3 0.254063 0.3325 0.00625 0.025 0.0026722
0 0.525625 0.276389 0.00625 0.00944443 0.00255013
7 0.575 0.33 0.00375004 0.0122222 0.00255013
7 0.0654688 0.461667 0.0034375 0.0155556 0.00253105
7 0.615 0.330556 0.00374997 0.0111111 0.00246239
2 0.1825 0.355556 0.00718751 0.0172222 0.00243378
0 0.996875 0.327222 0.00624994 0.0238889 0.00240517
7 0.655625 0.317222 0.00374997 0.0122222 0.00234222
0 0.98625 0.333889 0.0125 0.0144444 0.00234222
2 0.65625 0.298611 0.00499999 0.0155556 0.00232315
2 0.17375 0.392778 0.019375 0.0311111 0.00223351
0 0.525625 0.263333 0.00500002 0.0111111 0.00212479
7 0.695 0.316667 0.00499999 0.0133333 0.00202751
2 0.670625 0.302778 0.0125 0.02 0.00192642
7 0.0114087 0.542361 0.00772949 0.0175 0.00190449
7 0.394063 0.577917 0.068125 0.104167 0.00189686
0 0.87375 0.338333 0.0325 0.02 0.00183868
7 0.48125 0.676111 0.07875 0.151111 0.00178909
3 0.0262305 0.518611 0.00648438 0.0416667 0.00157356
7 0.204688 0.402778 0.005 0.0122222 0.00156689
3 0.951875 0.401389 0.00750001 0.0338889 0.00152493
3 0.875 0.316111 0.00499999 0.015 0.0014782
0 0.485 0.298056 0.01375 0.0194444 0.00144958
7 0.67 0.336389 0.00750001 0.0177778 0.00144386
3 0.810625 0.301667 0.00625 0.0211111 0.00143242
0 0.87875 0.341111 0.0300001 0.0144444 0.00136662
3 0.254375 0.350556 0.00375001 0.0188889 0.00134563
0 0.3275 0.321111 0.0125 0.0194444 0.00133514
7 0.66625 0.348333 0.00499999 0.0133334 0.0012846
7 0.67 0.505278 0.035 0.0738889 0.0012846
3 0.71 0.303889 0.00499999 0.0188889 0.0012598
2 0.42 0.324722 0.01375 0.0233333 0.00125504
7 0.0846875 0.473056 0.00375001 0.0116667 0.00123978
7 0.584688 0.313889 0.00562496 0.0144444 0.00118828
0 0.318281 0.32 0.0109375 0.02 0.00118351
0 0.484063 0.244722 0.00499999 0.00944446 0.00112438
7 0.21625 0.385 0.00375001 0.00999999 0.00109005
0 0.455625 0.262778 0.00437501 0.00888889 0.00108147
0 0.930625 0.343611 0.0275 0.0222222 0.00107765
7 0.65 0.308889 0.00499999 0.0166667 0.00104427
0 0.389688 0.323611 0.014375 0.0233333 0.00104046
0 0.96375 0.334444 0.01375 0.0155555 0.00102425
3 0.0344531 0.403889 0.00492187 0.0211111 0.00102043
