0 0.179063 0.689444 0.160625 0.304444 0.958008
0 0.329688 0.646528 0.15125 0.298056 0.958008
0 0.691406 0.689861 0.157187 0.344722 0.956055
0 0.0505469 0.804444 0.101094 0.281111 0.94873
0 0.415 0.275833 0.06375 0.0944445 0.9375
0 0.510625 0.290069 0.06125 0.113194 0.932617
0 0.7475 0.415556 0.12625 0.174444 0.920898
0 0.290313 0.395 0.09875 0.144444 0.915527
0 0.643125 0.184167 0.0625 0.0833333 0.913574
0 0.573125 0.204722 0.05375 0.0844445 0.90332
0 0.50625 0.176111 0.04125 0.0633333 0.897461
0 0.230313 0.386944 0.084375 0.116667 0.884277
0 0.505625 0.0954167 0.025 0.0361111 0.879883
0 0.461875 0.0921528 0.0225 0.0343056 0.877441
0 0.531875 0.0710417 0.01875 0.0252778 0.866211
7 0.744375 0.175556 0.00625 0.02 0.827637
0 0.270313 0.152083 0.0325 0.0394444 0.82666
0 0.164531 0.266597 0.041875 0.0679167 0.796875
7 0.70375 0.199167 0.00750001 0.0236111 0.795898
0 0.7675 0.0495833 0.0325 0.0222222 0.786621
0 0.298125 0.111528 0.025625 0.0333333 0.778809
7 0.75375 0.164167 0.00499999 0.0194444 0.770508
0 0.343125 0.109201 0.02625 0.0360417 0.764648
0 0.0664063 0.260278 0.0329688 0.0372222 0.763672
7 0.245625 0.280556 0.00875001 0.0244444 0.760742
0 0.0262305 0.293611 0.0258203 0.0322222 0.759277
0 0.0515527 0.287222 0.0342383 0.0344445 0.756348
0 0.383438 0.0748611 0.016875 0.0225 0.751953
5 0.324688 0.0794444 0.0275 0.0452778 0.743164
0 0.941875 0.0913889 0.02375 0.0227778 0.732422
2 0.0498438 0.337778 0.0129688 0.0344445 0.71875
7 0.7025 0.19875 0.00749995 0.0238889 0.716797
2 0.82 0.158333 0.0225 0.0505555 0.708984
0 0.365625 0.0791667 0.01625 0.0229167 0.686035
0 0.813125 0.0594444 0.04 0.0308333 0.682617
7 0.0308594 0.379444 0.00492188 0.0166667 0.651367
0 0.318906 0.116076 0.0203125 0.0295139 0.640625
0 0.4275 0.0579167 0.01625 0.0211111 0.629883
7 0.258125 0.264722 0.008125 0.0227778 0.569824
0 0.490625 0.0192361 0.01125 0.0130556 0.567871
7 0.945 0.220556 0.00499999 0.0175 0.501953
2 0.130156 0.233889 0.0128125 0.0294444 0.498047
2 0.765625 0.114132 0.01125 0.040625 0.494141
0 0.357188 0.0706944 0.01625 0.0213889 0.44165
0 0.00391602 0.316111 0.00783203 0.0338889 0.434082
0 0.4425 0.0450174 0.01125 0.0155208 0.416748
0 0.400938 0.0579167 0.013125 0.0183333 0.405518
7 0.045 0.361111 0.0059375 0.02 0.405518
0 0.53625 0.0174306 0.010625 0.0144444 0.370117
3 0.77625 0.137778 0.00999997 0.0433333 0.370117
2 0.885 0.0675 0.015 0.0202778 0.359375
0 0.315938 0.102153 0.014375 0.0226389 0.355713
0 0.328047 0.0970833 0.0201563 0.0258333 0.346924
2 0.231875 0.144028 0.00874999 0.0283333 0.327637
0 0.41625 0.0595139 0.0125 0.0206944 0.315674
0 0.3575 0.0755556 0.0175 0.0238889 0.305664
2 0.775625 0.138333 0.01125 0.0466667 0.305664
0 0.41625 0.0438889 0.01375 0.0184722 0.303955
7 0.691875 0.185556 0.00750001 0.0222222 0.297363
0 0.39875 0.0580556 0.0125 0.0186111 0.271973
0 0.43125 0.0527083 0.0125 0.0191667 0.267334
3 0.64375 0.0392361 0.00499999 0.0241667 0.26123
2 0.116094 0.216944 0.0075 0.0222222 0.255371
0 0.34375 0.1025 0.025 0.0341667 0.254639
2 0.114531 0.254444 0.0153125 0.0277778 0.252441
0 0.360313 0.0720833 0.01875 0.0236111 0.248047
2 0.7375 0.0809722 0.01 0.0238889 0.242188
0 0.38875 0.0563889 0.01375 0.0198611 0.220703
0 0.4325 0.0299306 0.00874999 0.0148611 0.217285
0 0.380625 0.0729167 0.01625 0.0236111 0.217285
0 0.42375 0.0309722 0.00999997 0.0143056 0.213379
0 0.3725 0.0559722 0.01125 0.0161111 0.210083
2 0.114844 0.214722 0.00671876 0.0225 0.209473
0 0.17125 0.264444 0.0571875 0.0744445 0.208862
3 0.794375 0.110972 0.01125 0.0386111 0.206909
7 0.94625 0.213333 0.00499999 0.0188889 0.203735
2 0.0895313 0.266111 0.0078125 0.0255556 0.194946
7 0.675 0.0503472 0.00375004 0.0151389 0.192505
2 0.0933594 0.263264 0.01125 0.0268056 0.188354
2 0.54375 0.0529167 0.01125 0.0158333 0.186523
7 0.74875 0.126528 0.00499999 0.0222222 0.186523
3 0.153672 0.209444 0.00609376 0.0269444 0.182373
3 0.150156 0.208889 0.00625 0.0272222 0.181274
0 0.49125 0.0172917 0.01 0.0147917 0.177856
7 0.7625 0.153194 0.00750001 0.0211111 0.177246
0 0.373125 0.0674305 0.0125 0.0206944 0.172729
2 0.16625 0.190833 0.00625 0.0272222 0.165649
7 0.245625 0.282778 0.010625 0.0277778 0.164551
2 0.925625 0.226389 0.0112501 0.0488889 0.146118
3 0.194688 0.17 0.00531251 0.0277778 0.144653
7 0.075625 0.296111 0.00453125 0.0144444 0.143677
0 0.5225 0.0541667 0.00874999 0.0186111 0.143188
0 0.00819336 0.310556 0.0163867 0.0283333 0.143188
0 0.00679688 0.311111 0.0135938 0.0372222 0.1427
7 0.0697656 0.299167 0.00453125 0.0166667 0.139404
0 0.388125 0.0460938 0.01375 0.0236458 0.138916
2 0.122734 0.193889 0.00703125 0.0186111 0.138916
7 0.695 0.0791667 0.00250003 0.0130556 0.137939
2 0.79375 0.112361 0.0125 0.0408333 0.135254
2 0.0873438 0.270556 0.0078125 0.0288889 0.133911
0 0.375625 0.0517361 0.014375 0.01875 0.132568
3 0.270625 0.0939583 0.00499999 0.0206944 0.130249
0 0.403125 0.0511806 0.015 0.0198611 0.125488
0 0.431563 0.0217361 0.00812499 0.00972222 0.12085
0 0.98375 0.111944 0.0175 0.0188889 0.120422
0 0.41625 0.0365972 0.01125 0.01875 0.118408
2 0.0946094 0.268056 0.00796875 0.0294445 0.113586
2 0.147188 0.2125 0.0059375 0.0216667 0.111633
0 0.123281 0.247778 0.0309375 0.0377778 0.111267
0 0.577813 0.0239583 0.019375 0.0150694 0.110474
2 0.0870313 0.266111 0.00843751 0.0277778 0.110474
3 0.193281 0.157639 0.00562499 0.0277778 0.102661
7 0.73125 0.12375 0.00375004 0.0230556 0.0987549
0 0.0514453 0.282222 0.0311719 0.0377778 0.0970459
2 0.120469 0.251667 0.0259375 0.0311111 0.0939941
2 0.177656 0.193889 0.0065625 0.0244444 0.0930176
7 0.0204297 0.355 0.00453125 0.0211111 0.0927124
0 0.349688 0.0847222 0.014375 0.0191667 0.0900879
0 0.333438 0.1025 0.018125 0.0330556 0.0894775
3 0.187031 0.173056 0.0059375 0.0261111 0.0875854
3 0.189375 0.169722 0.00562499 0.0333333 0.0872803
2 0.77125 0.129688 0.015 0.0511806 0.0863037
7 0.705 0.085 0.00499999 0.0133333 0.076416
7 0.945 0.235278 0.00499999 0.02 0.0745239
3 0.110938 0.258333 0.0078125 0.0283333 0.0710449
2 0.230625 0.138056 0.00687501 0.0255556 0.0703125
0 0.00823731 0.2775 0.0164746 0.0288889 0.0648804
7 0.0849219 0.291111 0.004375 0.0155556 0.0637207
2 0.88625 0.0634028 0.00999997 0.0247222 0.0623169
0 0.98 0.107847 0.01625 0.01875 0.0614319
5 0.172656 0.2625 0.0584375 0.0772222 0.0609741
0 0.455313 0.010625 0.00749998 0.0109722 0.0596619
0 0.054375 0.278611 0.0339063 0.0311111 0.0577087
7 0.746875 0.1275 0.00499999 0.0205556 0.0570679
7 0.65625 0.0581944 0.00499999 0.0152778 0.0554199
0 0.488438 0.0237153 0.009375 0.0145139 0.0548096
0 0.443438 0.0323611 0.009375 0.0152778 0.0541992
2 0.764375 0.119722 0.00750001 0.0419445 0.0541992
7 0.7475 0.126111 0.00499999 0.0205556 0.0534058
3 0.154844 0.211667 0.0059375 0.0288889 0.0510864
3 0.189531 0.186111 0.0065625 0.0308333 0.0495911
7 0.71 0.0851389 0.00499999 0.0186111 0.0490417
0 0.489375 0.0173611 0.00999997 0.0155556 0.0465393
3 0.146484 0.215833 0.0046875 0.0213889 0.0463867
2 0.105859 0.2575 0.026875 0.0305556 0.0456848
3 0.163438 0.205 0.005 0.0222222 0.0446777
3 0.925625 0.226389 0.0112501 0.045 0.0440063
0 0.174063 0.254722 0.0559375 0.0633333 0.0438538
0 0.89 0.0717361 0.0275 0.01875 0.0432129
3 0.775625 0.146528 0.01125 0.0641667 0.0419312
7 0.753125 0.162778 0.00499999 0.0211111 0.0406799
7 0.0100195 0.371667 0.00347656 0.0155555 0.0390625
2 0.0938281 0.251736 0.0059375 0.0231945 0.0389099
0 0.77 0.0636111 0.03375 0.0277778 0.0386963
3 0.1775 0.195278 0.00625 0.0269444 0.0379028
3 0.169375 0.191111 0.0046875 0.0244444 0.0374756
0 0.310156 0.0988194 0.0125 0.0220833 0.0324707
2 0.0125781 0.281667 0.0111719 0.0255555 0.0323486
0 0.41 0.0558333 0.01 0.0205556 0.0313721
2 0.88625 0.0558333 0.00750001 0.0216667 0.0309143
0 0.78625 0.0654167 0.0325 0.0238889 0.0309143
0 0.00988281 0.274722 0.0197266 0.0261111 0.0309143
3 0.184844 0.19 0.005 0.0283333 0.0306702
3 0.7375 0.08 0.01 0.0241667 0.0306702
3 0.273438 0.0945833 0.00531251 0.0197222 0.0297546
0 0.46375 0.00798611 0.00750001 0.0102778 0.0288696
0 0.49125 0.0242014 0.01125 0.0144444 0.0285492
3 0.123516 0.206944 0.00578125 0.0233333 0.0285492
7 0.95375 0.208194 0.00500005 0.0177778 0.0285492
0 0.80625 0.0559722 0.0375001 0.0279167 0.0248871
2 0.08625 0.225556 0.00625 0.0194444 0.0246124
0 0.766875 0.0581944 0.0325 0.0225 0.0245209
7 0.65625 0.0534722 0.00499999 0.0166667 0.0243378
0 0.82 0.0659722 0.0375 0.0258333 0.0233307
3 0.129063 0.195 0.00593751 0.0188889 0.0233307
3 0.163125 0.216667 0.00499999 0.0208333 0.0207977
3 0.769375 0.147917 0.00625 0.0327778 0.0207977
0 0.994375 0.116076 0.00999997 0.020625 0.0200958
2 0.655 0.0351389 0.00750001 0.0191667 0.0200195
2 0.165781 0.18 0.005 0.0205556 0.0199432
3 0.18625 0.164306 0.00562499 0.0327778 0.0196381
2 0.735 0.102917 0.00999997 0.0516667 0.0188293
0 0.447188 0.0132292 0.00750001 0.0134028 0.018692
2 0.735 0.0755556 0.00875003 0.0283333 0.0181274
2 0.8825 0.0694444 0.02 0.0194444 0.0176392
0 0.105313 0.254722 0.0292188 0.0305556 0.0175171
2 0.175938 0.176389 0.004375 0.0222222 0.0171051
2 0.0357617 0.258403 0.00691406 0.0176389 0.0170441
2 0.79625 0.108333 0.0175001 0.045 0.016983
2 0.207344 0.1425 0.00843749 0.0188889 0.0162811
0 0.8875 0.0745139 0.0275 0.0234722 0.0161591
3 0.71 0.0615278 0.00499999 0.02375 0.0159607
3 0.70375 0.0474306 0.00625 0.0219444 0.0158386
2 0.155313 0.198333 0.00593751 0.025 0.0154877
2 0.74125 0.0947222 0.015 0.04 0.0150146
7 0.695 0.0584722 0.00499999 0.0154167 0.0146179
0 0.740625 0.04125 0.02375 0.0169444 0.0141754
7 0.650625 0.0541667 0.00250003 0.0113889 0.0141754
0 0.460625 0.0863194 0.02 0.0351389 0.0136337
3 0.145156 0.190833 0.00375001 0.0155556 0.0134277
2 0.73375 0.0359028 0.0112501 0.0170833 0.0131226
0 0.460625 0.00631944 0.00687501 0.0126389 0.0123825
3 0.140625 0.212778 0.00531249 0.0244445 0.0120544
0 0.0694531 0.251944 0.0345313 0.0283333 0.0119171
2 0.230938 0.149444 0.00687501 0.0294444 0.0116882
2 0.74625 0.105694 0.00749995 0.0408333 0.0114212
0 0.181094 0.245556 0.0434375 0.0494445 0.0112915
7 0.9475 0.225972 0.00500005 0.0222222 0.0112457
0 0.83375 0.075 0.03875 0.0258333 0.0111618
0 0.8275 0.0751389 0.0325 0.02375 0.011116
0 0.98875 0.118889 0.015 0.0255556 0.0108185
7 0.00355957 0.385278 0.00557617 0.0155556 0.0106125
7 0.9525 0.220833 0.00499999 0.0219444 0.0102463
0 0.355625 0.0693056 0.015 0.0333333 0.0102463
3 0.0474219 0.324167 0.00859375 0.0316667 0.0100937
7 0.105234 0.271667 0.00453125 0.0211111 0.0100555
7 0.73375 0.126111 0.00500005 0.0244444 0.00993347
3 0.184531 0.193611 0.00531251 0.03 0.00974274
2 0.106797 0.212778 0.00625 0.0205556 0.00963593
0 0.8925 0.0709722 0.02875 0.0233333 0.0091629
0 0.44875 0.0163889 0.00875003 0.01375 0.0086441
3 0.209688 0.156944 0.0059375 0.025 0.00844574
0 0.975 0.11375 0.025 0.025 0.00809479
0 0.436563 0.0140972 0.00749998 0.0127778 0.00806427
7 0.94875 0.206944 0.00499999 0.0222222 0.0078125
0 0.74375 0.0427083 0.0325 0.0193056 0.00772476
7 0.91125 0.210833 0.00625 0.0338889 0.00769424
3 0.4725 0.0480556 0.00874999 0.0238889 0.00757599
0 0.00589356 0.261736 0.0117871 0.0276389 0.00757599
2 0.118359 0.195556 0.00953125 0.0211111 0.00720596
2 0.205938 0.152083 0.009375 0.0255555 0.00701141
3 0.0885938 0.232083 0.00718749 0.0219444 0.00682449
0 0.493438 0.0583333 0.00812499 0.0166667 0.00666809
0 0.38875 0.0387326 0.01375 0.0211458 0.00641251
2 0.735 0.0870833 0.0125 0.0363889 0.00638962
0 0.96375 0.103194 0.01 0.0172222 0.00626373
3 0.135313 0.188333 0.005 0.0205556 0.00626373
3 0.471563 0.051875 0.00687501 0.0183333 0.00598145
1 0.325 0.0779167 0.02875 0.0480556 0.00595856
2 0.715 0.0707639 0.00749995 0.0273611 0.005867
7 0.670625 0.0508333 0.00249996 0.0138889 0.00584412
2 0.0366016 0.247639 0.00882812 0.0191667 0.00575256
2 0.76875 0.115833 0.01625 0.0416667 0.00568771
3 0.110391 0.208056 0.006875 0.0261111 0.00564194
7 0.934375 0.23875 0.00499999 0.0325 0.00551224
2 0.105156 0.220694 0.00531251 0.0225 0.00538635
0 0.938125 0.0951389 0.0300001 0.0272222 0.00510025
2 0.0141113 0.266111 0.00990235 0.0177778 0.0050621
7 0.0323828 0.379167 0.00644531 0.0177778 0.0050621
3 0.170156 0.166944 0.00499999 0.0225 0.00494385
7 0.733125 0.123333 0.00625 0.0233333 0.00484848
7 0.595313 0.0464583 0.00375004 0.0109722 0.00481033
0 0.93625 0.0903472 0.02375 0.0233333 0.00481033
7 0.7 0.0769444 0.00499999 0.0163889 0.00473785
3 0.273125 0.0902778 0.00593751 0.0205556 0.00468063
3 0.97125 0.199444 0.00499999 0.0533333 0.00468063
7 0.615 0.0495833 0.00374997 0.01125 0.00455475
3 0.150156 0.220833 0.0128125 0.0366667 0.00453949
7 0.940625 0.218889 0.00499999 0.0211111 0.00446701
3 0.77875 0.153889 0.0175 0.0805556 0.00434875
0 0.88375 0.0766667 0.025 0.0231944 0.00429916
2 0.965 0.146389 0.00750001 0.0244444 0.00429916
7 0.574688 0.0468056 0.00374997 0.01 0.00418091
7 0.244375 0.136667 0.005 0.0166667 0.00403976
2 0.790625 0.113333 0.015 0.0380556 0.00395966
3 0.19625 0.186389 0.00562499 0.0283333 0.00385475
7 0.69125 0.05375 0.00374997 0.0134722 0.00383949
7 0.0277148 0.382222 0.00628906 0.0177778 0.00382423
0 0.72 0.0469444 0.0275 0.0179167 0.00380898
0 0.0104272 0.321944 0.0142627 0.0377778 0.00378036
3 0.154844 0.175556 0.004375 0.015 0.00367928
3 0.87 0.0592361 0.00625 0.0206944 0.00362206
0 0.84125 0.0791667 0.04 0.0263889 0.00348282
7 0.69 0.0859722 0.00500005 0.0158333 0.00348282
7 0.61 0.0535417 0.00374997 0.0113889 0.00346947
7 0.675 0.0573611 0.00499999 0.0158333 0.00344276
3 0.93625 0.18 0.00875003 0.0486111 0.00342941
2 0.114219 0.262778 0.00875 0.0361111 0.00331116
2 0.214375 0.142083 0.004375 0.0175 0.00329781
2 0.69625 0.0526389 0.00500005 0.0172222 0.00327301
0 0.531563 0.065 0.02 0.0252778 0.00327301
0 0.40625 0.0329167 0.00749998 0.0125 0.00321007
0 0.200938 0.164028 0.019375 0.0358333 0.00317192
3 0.705625 0.0313194 0.00500005 0.0130556 0.00300407
0 0.74125 0.036875 0.0275 0.0193056 0.0029583
0 0.3525 0.0722917 0.01875 0.0226389 0.00290108
7 0.235938 0.335556 0.00625 0.0177778 0.00284576
0 0.0493359 0.274444 0.0309375 0.0366667 0.00275803
0 0.73125 0.0800694 0.02375 0.0281944 0.0027256
3 0.234375 0.12 0.004375 0.0188889 0.0026722
7 0.0146484 0.367222 0.00453125 0.0155556 0.00265312
0 0.89375 0.0770139 0.0325 0.0270833 0.00253105
7 0.265 0.118611 0.00375001 0.0138889 0.0024929
2 0.2275 0.139444 0.00593751 0.0211111 0.0024929
0 0.515625 0.0084375 0.00625 0.00993056 0.00246239
3 0.453125 0.185833 0.01125 0.0438889 0.00245285
7 0.25 0.272222 0.0075 0.0288889 0.00245285
0 0.0317383 0.281111 0.0322266 0.0344445 0.002388
0 0.995 0.104583 0.00999997 0.0291667 0.00230598
2 0.825625 0.163056 0.00999997 0.0566667 0.00226974
