0 0.465 0.868333 0.12375 0.258889 0.958008
0 0.7775 0.759444 0.1375 0.197778 0.95752
0 0.616563 0.743333 0.109375 0.188889 0.952637
0 0.307031 0.864444 0.122813 0.213333 0.950195
0 0.36 0.657778 0.091875 0.14 0.947266
0 0.0543359 0.586667 0.0664844 0.0966667 0.941895
0 0.696875 0.959444 0.16125 0.0811111 0.939453
0 0.679375 0.55875 0.10125 0.160278 0.934082
0 0.579375 0.566111 0.08125 0.135556 0.933105
0 0.480313 0.611667 0.07125 0.132222 0.929199
0 0.916875 0.963889 0.1525 0.0722222 0.927246
0 0.151016 0.417778 0.0414063 0.0411111 0.862305
0 0.309063 0.336389 0.01625 0.0222222 0.839844
7 0.23625 0.505278 0.0075 0.0238889 0.829102
0 0.403125 0.324167 0.01625 0.0238889 0.794434
0 0.78625 0.328889 0.03 0.0222222 0.790527
7 0.6675 0.466667 0.00625 0.0211111 0.771973
7 0.223125 0.519444 0.008125 0.025 0.770508
0 0.86375 0.329167 0.03 0.0194444 0.769043
0 0.475625 0.301944 0.0125 0.0188889 0.759277
0 0.76375 0.324444 0.0325 0.0255556 0.749023
7 0.0258984 0.529444 0.00460937 0.0166667 0.747559
0 0.037168 0.460556 0.0356641 0.03 0.737305
7 0.73 0.440556 0.00499999 0.0177778 0.715332
0 0.35625 0.326389 0.013125 0.0205555 0.712402
0 0.445 0.326944 0.0175 0.0261111 0.712402
0 0.411875 0.314167 0.0125 0.0194444 0.686035
0 0.696875 0.336944 0.04625 0.0294445 0.686035
0 0.342188 0.331667 0.01625 0.0227778 0.682617
0 0.504375 0.305556 0.01375 0.02 0.672363
0 0.7175 0.3275 0.0375 0.0255555 0.668945
2 0.0334375 0.476667 0.0161719 0.0322222 0.654785
0 0.32625 0.325 0.016875 0.0194444 0.647949
7 0.925 0.457778 0.00499999 0.0166667 0.644043
7 0.74 0.428333 0.00500005 0.0211111 0.632324
0 0.4825 0.281667 0.00874999 0.0166667 0.629883
7 0.72375 0.401389 0.00499999 0.0172222 0.604004
0 0.46625 0.29 0.01 0.0155555 0.544922
7 0.746875 0.400556 0.00499999 0.0155556 0.519531
3 0.0158691 0.511667 0.00998047 0.0433333 0.509766
0 0.385 0.326667 0.015 0.0216667 0.507812
0 0.368125 0.330278 0.01625 0.0216667 0.494141
0 0.391875 0.3075 0.01125 0.0155555 0.492188
0 0.370313 0.304167 0.00874999 0.0138889 0.460938
0 0.391563 0.310556 0.01125 0.0166667 0.451416
0 0.411875 0.292222 0.00874999 0.0133333 0.422607
0 0.401875 0.3 0.01125 0.0172222 0.416748
7 0.635625 0.331667 0.00374997 0.0111111 0.411133
0 0.445625 0.322778 0.01875 0.0216667 0.403564
0 0.364063 0.312778 0.01 0.0166667 0.394287
0 0.373125 0.319167 0.01125 0.0177778 0.377441
0 0.373125 0.323611 0.015 0.0188889 0.37207
0 0.395 0.2975 0.00875003 0.0138889 0.368408
0 0.411875 0.308889 0.01125 0.0177778 0.357666
0 0.86125 0.331667 0.0325 0.0211111 0.357666
0 0.432813 0.273889 0.00687501 0.00999999 0.354004
0 0.38125 0.298889 0.01125 0.0122222 0.325928
7 0.75 0.4175 0.00499999 0.0172222 0.306641
0 0.386563 0.315 0.01125 0.0177778 0.294189
0 0.411875 0.281111 0.00812499 0.0111111 0.289307
7 0.92375 0.466111 0.00499999 0.0166667 0.275146
0 0.7275 0.303889 0.0225 0.02 0.26123
7 0.0642188 0.473889 0.00453125 0.0122222 0.256836
0 0.701875 0.322778 0.0325 0.0211111 0.253906
0 0.42 0.285 0.00874999 0.0133333 0.24585
0 0.468125 0.283333 0.009375 0.0161111 0.240723
3 0.0177637 0.511111 0.00810547 0.0411111 0.240723
0 0.355 0.32 0.011875 0.0166667 0.236572
0 0.337188 0.328333 0.0175 0.02 0.235107
0 0.486875 0.260833 0.00687501 0.0116666 0.228149
7 0.0111914 0.543194 0.0053125 0.0202778 0.204346
0 0.34625 0.317222 0.01125 0.0133333 0.185913
3 0.551875 0.331667 0.00750001 0.0277778 0.177856
0 0.42375 0.281944 0.00750001 0.0122222 0.167725
0 0.366875 0.333889 0.01625 0.0188889 0.151978
2 0.72875 0.305278 0.015 0.0222222 0.151001
0 0.38 0.301667 0.01125 0.0144444 0.144165
2 0.0330859 0.465278 0.0207813 0.0294445 0.136108
0 0.469375 0.271667 0.00749998 0.0111111 0.119995
0 0.476563 0.260833 0.00625 0.00944446 0.102295
0 0.423125 0.293333 0.00874999 0.0155555 0.0984497
2 0.196406 0.403333 0.0115625 0.0333333 0.0903931
7 0.67875 0.48 0.00750001 0.0238889 0.0903931
2 0.0632813 0.423333 0.00546875 0.0144444 0.0753174
7 0.7525 0.42 0.00749995 0.0166667 0.0646362
0 0.486875 0.264722 0.00750001 0.0122222 0.0630493
0 0.711875 0.326111 0.0449999 0.0277778 0.0618896
7 0.7425 0.423611 0.00499999 0.0172222 0.0594177
7 0.205 0.385 0.003125 0.00999999 0.0583496
0 0.69125 0.338333 0.035 0.0288889 0.058136
7 0.678125 0.483889 0.01 0.02 0.0572815
3 0.114453 0.490556 0.0084375 0.0511111 0.0562439
7 0.125391 0.417778 0.0078125 0.0177778 0.0495911
0 0.495938 0.263056 0.00625 0.00944446 0.0451965
3 0.112734 0.488889 0.00734375 0.0488889 0.0451965
7 0.0513672 0.471389 0.006875 0.0294444 0.0450134
0 0.327422 0.341667 0.0164063 0.0222222 0.0446777
7 0.7375 0.427222 0.00625 0.0211111 0.0420837
0 0.33125 0.335556 0.01875 0.0211111 0.0417786
7 0.255 0.388889 0.005 0.0205555 0.0402527
0 0.505625 0.258889 0.00499999 0.00888889 0.0394897
7 0.709375 0.404444 0.00375004 0.0177778 0.032959
7 0.73375 0.435556 0.00500005 0.0188889 0.0319824
7 0.615 0.331111 0.003125 0.0105555 0.0305634
0 0.76375 0.328611 0.035 0.0261111 0.0304413
0 0.4725 0.280278 0.00874999 0.0166667 0.0293121
7 0.0455469 0.482222 0.005625 0.0288889 0.0273743
0 0.405938 0.281667 0.00687501 0.0111111 0.025177
0 0.448125 0.2675 0.00625 0.00944443 0.0248871
0 0.46125 0.286667 0.00875003 0.0133333 0.0239105
7 0.654375 0.316944 0.00250003 0.00999999 0.0236053
7 0.7225 0.449444 0.00625 0.0211111 0.0207214
3 0.0218359 0.5125 0.0146484 0.0438889 0.02034
0 0.765 0.316111 0.0325 0.0277778 0.0181885
0 0.52875 0.268611 0.00625 0.00999999 0.016922
0 0.37875 0.290556 0.00812499 0.0133333 0.0148392
0 0.385 0.330556 0.01625 0.0233333 0.0145035
2 0.0236719 0.443889 0.00710938 0.02 0.014061
2 0.7675 0.302222 0.0125 0.0188889 0.0139542
7 0.0119336 0.54 0.00695313 0.0166667 0.0115051
7 0.265938 0.366389 0.00374999 0.00888889 0.0113297
2 0.154063 0.390556 0.00562499 0.02 0.011116
3 0.115234 0.491389 0.0128125 0.0572222 0.011116
7 0.725625 0.445556 0.00374997 0.0216667 0.0110703
7 0.0326172 0.509167 0.00804688 0.0188889 0.0103302
0 0.185 0.401667 0.033125 0.0366666 0.00941467
7 0.65375 0.328056 0.00250003 0.0116667 0.00867462
3 0.255 0.396667 0.00625 0.0338889 0.00837708
0 0.131406 0.412222 0.0221875 0.0244444 0.00828552
0 0.86125 0.337222 0.0325 0.0266667 0.00818634
7 0.229375 0.375 0.003125 0.00944443 0.00800323
0 0.715 0.312778 0.0375 0.0261111 0.00775528
3 0.190938 0.377778 0.005 0.0233333 0.00740433
7 0.224063 0.370556 0.00375001 0.0111111 0.00717545
0 0.526875 0.275 0.00750001 0.0111111 0.0068512
0 0.32625 0.322222 0.014375 0.0194444 0.00671768
0 0.771875 0.321667 0.0325 0.0233333 0.00666809
3 0.549375 0.266111 0.00625 0.0166667 0.0064888
0 0.421875 0.306667 0.011875 0.0211111 0.00588989
2 0.193125 0.407778 0.0178125 0.0333333 0.00572968
2 0.65625 0.296111 0.00499999 0.0155555 0.00542831
0 0.189375 0.405833 0.02625 0.0327778 0.00536346
0 0.35125 0.308889 0.01125 0.0166667 0.00510025
7 0.9275 0.453889 0.00499999 0.0188889 0.00482941
3 0.113438 0.496944 0.0103125 0.0694444 0.00469971
5 0.73375 0.309722 0.0375 0.0227778 0.0046463
7 0.480313 0.611111 0.071875 0.131111 0.00446701
3 0.19625 0.389722 0.00562499 0.02 0.00432968
7 0.57375 0.329444 0.00375004 0.0122222 0.00411606
0 0.9875 0.334444 0.01 0.0166667 0.00405502
0 0.99625 0.67 0.00749995 0.06 0.00397491
3 0.143281 0.456389 0.00859375 0.0261111 0.00388527
0 0.331875 0.341111 0.01625 0.0233333 0.00385475
7 0.57875 0.566667 0.07875 0.135556 0.00379562
0 0.7325 0.303333 0.03 0.0211111 0.00365067
2 0.139688 0.458611 0.0140625 0.04 0.00365067
7 0.0948438 0.423889 0.00359375 0.0122222 0.00351143
0 0.408125 0.321111 0.01625 0.0238889 0.00348282
7 0.685 0.356111 0.00374997 0.0233333 0.00348282
0 0.79375 0.332222 0.04125 0.0266667 0.00342941
0 0.0263281 0.404167 0.0120313 0.0205555 0.00340271
0 0.484688 0.245278 0.00437501 0.00944443 0.00327301
0 0.445 0.272778 0.00625 0.0133333 0.00317192
0 0.367813 0.3 0.010625 0.0122222 0.00317192
0 0.411875 0.273889 0.00874999 0.0133333 0.00314713
3 0.7225 0.547917 0.0175 0.126389 0.00312424
5 0.348125 0.3 0.011875 0.0238889 0.00311089
7 0.66625 0.483056 0.00999997 0.0283333 0.00309944
2 0.0289648 0.41 0.0113672 0.0266667 0.00284576
0 0.785 0.335 0.0325 0.0311111 0.00283432
2 0.139141 0.466667 0.0114062 0.0344445 0.00282288
7 0.7425 0.428333 0.00625 0.0211111 0.00274658
3 0.66375 0.295556 0.00499999 0.0133334 0.00273705
5 0.00494141 0.406667 0.0096875 0.02 0.0027256
7 0.645 0.318056 0.00250003 0.0116667 0.00265312
7 0.245313 0.368333 0.003125 0.00888887 0.00265312
0 0.466875 0.326667 0.014375 0.0277778 0.00263214
0 0.00325195 0.4175 0.00650391 0.0227778 0.00253105
0 0.446563 0.264444 0.00562499 0.0111111 0.00252151
7 0.625625 0.330833 0.003125 0.00999999 0.00243378
0 0.99625 0.325 0.00749995 0.0233333 0.00235939
7 0.215938 0.385 0.003125 0.00833333 0.00234222
0 0.3675 0.338889 0.015 0.0244444 0.00232315
7 0.0283789 0.518056 0.00753906 0.0288889 0.00229645
7 0.636875 0.319444 0.00500005 0.0144444 0.00224304
7 0.665 0.311111 0.00250003 0.0122222 0.00222588
7 0.359297 0.659444 0.0914063 0.138889 0.00221634
7 0.274844 0.366111 0.00343749 0.0122222 0.00209999
7 0.265625 0.351667 0.00375001 0.0111111 0.00198746
2 0.137031 0.456111 0.011875 0.0377778 0.00195694
7 0.57 0.334167 0.00625 0.0177778 0.00188255
0 0.99625 0.32 0.00749995 0.0244444 0.00186062
7 0.605625 0.33 0.00374997 0.0122222 0.00174141
3 0.20375 0.350556 0.004375 0.0155556 0.00174141
0 0.93 0.986667 0.06 0.0266666 0.0017271
0 0.798125 0.332222 0.04 0.0222222 0.0016489
0 0.183125 0.3875 0.021875 0.025 0.00163555
3 0.291563 0.341667 0.00625 0.0188889 0.00150108
7 0.63625 0.343889 0.00437501 0.0144444 0.00146675
0 0.328125 0.309722 0.01375 0.02 0.00145531
7 0.68125 0.49 0.01 0.0322222 0.00136662
7 0.0549219 0.439167 0.00375 0.0116666 0.00130939
2 0.563125 0.281667 0.00625 0.0122222 0.00129414
7 0.209688 0.376111 0.005 0.015 0.00129414
0 0.177656 0.369444 0.023125 0.0222222 0.00124454
7 0.675 0.361111 0.00249996 0.0155556 0.00124454
3 0.250313 0.339167 0.00374999 0.0205556 0.00124454
0 0.335625 0.320556 0.01125 0.0155555 0.00123501
3 0.67 0.307222 0.00499999 0.0166667 0.00123501
7 0.64625 0.467222 0.00875003 0.0277778 0.00123024
7 0.216563 0.4 0.00499999 0.0166667 0.0012064
0 0.176094 0.368889 0.0134375 0.0188889 0.00118828
7 0.259688 0.357222 0.005 0.0133334 0.00117397
3 0.546563 0.312222 0.00999997 0.0311111 0.00113392
0 0.509688 0.266667 0.00687497 0.0144444 0.0011158
0 0.70125 0.31 0.0375 0.0211111 0.0011158
0 0.4975 0.288333 0.0125 0.0172222 0.00107765
0 0.75375 0.316111 0.05 0.0322222 0.00107288
7 0.29375 0.345 0.00562499 0.0155555 0.00104046
0 0.426563 0.304722 0.021875 0.0305556 0.00104046
0 0.526875 0.263889 0.00625 0.0122222 0.00101662
