0 0.485625 0.778889 0.11625 0.271111 0.956055
0 0.65 0.521667 0.07 0.09 0.949219
0 0.61 0.702222 0.11125 0.182222 0.942871
0 0.570625 0.553889 0.06625 0.107778 0.938965
0 0.47875 0.572778 0.06625 0.118889 0.923828
1 0.130938 0.792778 0.260625 0.414444 0.918945
0 0.420625 0.476944 0.05 0.0805556 0.908203
0 0.436875 0.381667 0.06375 0.0433333 0.888672
0 0.0536328 0.443333 0.0326563 0.0311111 0.88623
0 0.137031 0.440556 0.05375 0.0377778 0.859863
7 0.235469 0.505 0.00718751 0.0233333 0.841797
1 0.77375 0.316111 0.1125 0.06 0.833496
5 0.390625 0.309722 0.02125 0.0416667 0.829102
7 0.222188 0.519444 0.0075 0.0244444 0.813965
0 0.302813 0.3425 0.019375 0.0222222 0.795898
0 0.7675 0.357222 0.0575 0.0438889 0.778809
0 0.0167871 0.4475 0.0305273 0.0338889 0.767578
0 0.00642578 0.470278 0.0126953 0.0333333 0.751953
7 0.6675 0.465 0.00750001 0.0222222 0.749023
2 0.448438 0.329167 0.014375 0.0233333 0.737305
0 0.364063 0.327778 0.016875 0.0255556 0.730957
0 0.343125 0.33 0.01625 0.0233333 0.712402
7 0.724375 0.4 0.00374997 0.0177778 0.694336
2 0.0189355 0.502222 0.0193945 0.0344444 0.689453
7 0.0245313 0.528611 0.00578125 0.0183334 0.673828
2 0.4775 0.32 0.01125 0.0233333 0.651367
0 0.403125 0.325 0.01625 0.02 0.647949
0 0.328125 0.333611 0.01375 0.0216667 0.638672
0 0.413125 0.316389 0.01 0.0161111 0.571777
7 0.72875 0.439444 0.00499999 0.0188889 0.546875
7 0.749375 0.413889 0.00500005 0.0177778 0.529297
0 0.246719 0.352778 0.021875 0.0222223 0.507812
0 0.37625 0.319444 0.013125 0.0222222 0.503906
7 0.73875 0.425 0.00499999 0.0205555 0.503906
0 0.3525 0.318056 0.01125 0.0166667 0.488281
0 0.92125 0.337222 0.025 0.0211111 0.482422
5 0.378125 0.301111 0.01375 0.0266667 0.470703
7 0.678125 0.479444 0.00750001 0.0233333 0.44165
2 0.0255811 0.490556 0.0122754 0.0316667 0.418701
2 0.536563 0.314444 0.010625 0.0255556 0.416748
0 0.406875 0.297222 0.01125 0.0172222 0.388672
0 0.411875 0.296111 0.01 0.0144444 0.361084
0 0.3625 0.310278 0.010625 0.015 0.350342
0 0.405625 0.315833 0.01125 0.0161111 0.300781
0 0.7475 0.337778 0.0475 0.0222222 0.284668
0 0.4125 0.305278 0.01125 0.015 0.273682
0 0.5075 0.270833 0.00625 0.0105555 0.251709
2 0.269531 0.355 0.0103125 0.0222222 0.250977
2 0.0321484 0.476667 0.0225 0.0333334 0.235107
7 0.684375 0.352222 0.00375004 0.0122222 0.233765
0 0.42 0.285 0.00874999 0.0133333 0.228882
7 0.635625 0.33 0.00374997 0.0111111 0.226807
2 0.535313 0.325556 0.015 0.0255556 0.223389
7 0.0102051 0.544444 0.00628906 0.02 0.208862
7 0.7475 0.398611 0.00499999 0.0177778 0.204346
0 0.42625 0.281389 0.00812499 0.0122222 0.201782
0 0.3725 0.303889 0.0125 0.02 0.199341
0 0.75375 0.340556 0.0375 0.0233333 0.169434
0 0.364375 0.302222 0.00874999 0.0155556 0.146118
0 0.4425 0.263889 0.00625 0.0111111 0.143188
7 0.0497656 0.480833 0.0040625 0.0172222 0.133911
0 0.484688 0.261111 0.00625 0.0122222 0.128906
0 0.343125 0.320556 0.015 0.0188889 0.125977
0 0.398438 0.325833 0.01125 0.0216667 0.119629
7 0.125781 0.420556 0.0034375 0.00999999 0.110107
7 0.7275 0.443333 0.00500005 0.0216667 0.105591
0 0.526875 0.276667 0.00625 0.0111111 0.100525
7 0.7375 0.427222 0.00499999 0.02 0.0943604
2 0.0347656 0.471944 0.0221875 0.0344445 0.0663452
7 0.67 0.473611 0.00999997 0.0227778 0.0630493
7 0.7225 0.449167 0.00625 0.0211111 0.0587769
7 0.636875 0.319167 0.00500005 0.0155555 0.0501404
0 0.79625 0.333333 0.0375 0.0238889 0.0474243
0 0.505 0.260833 0.00374997 0.0077778 0.0470886
7 0.754375 0.416111 0.00499999 0.0172222 0.0430298
0 0.925 0.34 0.0325 0.0266667 0.0422363
3 0.143594 0.379444 0.0046875 0.0211111 0.0419312
0 0.328438 0.337778 0.015 0.0255556 0.041626
0 0.495 0.263056 0.00499999 0.00944446 0.0414734
2 0.270313 0.357778 0.011875 0.025 0.0408325
0 0.755 0.332778 0.045 0.04 0.0397949
2 0.531563 0.329444 0.02125 0.0255556 0.0368958
7 0.745625 0.421389 0.00375004 0.0161111 0.035675
0 0.5075 0.273333 0.00625 0.0111111 0.0327148
0 0.308125 0.338889 0.01625 0.0211111 0.0327148
2 0.546875 0.328889 0.015625 0.0244445 0.0323486
0 0.449063 0.266667 0.00500002 0.01 0.0322266
0 0.3575 0.325 0.015 0.0222222 0.0304413
0 0.476563 0.261111 0.00562499 0.00888889 0.0285492
7 0.129219 0.412222 0.005 0.0166667 0.0284424
0 0.515 0.261667 0.00375001 0.00777777 0.0283356
0 0.529375 0.270556 0.00750001 0.0111111 0.0283356
0 0.76875 0.34 0.08 0.04 0.0281067
7 0.73375 0.432778 0.00500005 0.0188889 0.0269623
0 0.353125 0.309444 0.011875 0.015 0.0266571
7 0.0642188 0.4725 0.00484375 0.0144444 0.0258636
0 0.411875 0.323889 0.01 0.0188889 0.025177
7 0.655 0.330556 0.00249996 0.00888889 0.0234222
2 0.145625 0.421944 0.01125 0.0172222 0.0225372
0 0.423125 0.291667 0.00874999 0.0166667 0.0218658
0 0.734375 0.301111 0.035 0.0188889 0.021698
2 0.239063 0.356111 0.00999999 0.025 0.0211182
2 0.0636328 0.425278 0.00664063 0.0155555 0.0208893
0 0.7275 0.305556 0.035 0.0227778 0.0207214
2 0.269844 0.363889 0.0109375 0.0311111 0.0204926
7 0.085 0.471111 0.00375 0.0122222 0.0200195
0 0.76625 0.325 0.0862501 0.0488889 0.0199127
2 0.540938 0.316389 0.02 0.0277778 0.0197906
2 0.24625 0.35 0.020625 0.0227778 0.0196838
0 0.421875 0.309444 0.01125 0.0188889 0.0193481
0 0.786875 0.337778 0.03875 0.0233333 0.0191956
7 0.565625 0.315556 0.00375004 0.00888889 0.0177155
2 0.55 0.326944 0.011875 0.0227778 0.0174408
0 0.331875 0.338889 0.01375 0.0266667 0.0168457
0 0.0150586 0.441111 0.0276953 0.03 0.0166626
7 0.0550391 0.473056 0.00539062 0.0183333 0.0165253
7 0.224688 0.368333 0.00531251 0.0122222 0.0162811
0 0.929375 0.343889 0.04 0.0344445 0.0162201
7 0.655 0.316667 0.00249996 0.01 0.0154877
7 0.70875 0.403889 0.00500005 0.0194444 0.0144501
0 0.487813 0.265833 0.00562503 0.0111111 0.0137405
0 0.72875 0.310278 0.0325 0.0311111 0.0136337
3 0.55125 0.331111 0.00875003 0.0255556 0.0123367
0 0.434688 0.276111 0.00499999 0.00888887 0.0122375
0 0.9175 0.338889 0.03 0.0222222 0.0121002
0 0.513125 0.278333 0.00687501 0.00888889 0.0110321
0 0.804375 0.333333 0.03375 0.0222222 0.0107803
0 0.416563 0.281667 0.00687501 0.0122222 0.0102463
0 0.47 0.270833 0.00499999 0.01 0.01017
2 0.190781 0.371111 0.00687501 0.0211111 0.0100555
0 0.465 0.274444 0.00499999 0.01 0.00981903
0 0.9175 0.343333 0.03125 0.0266667 0.00974274
3 0.433438 0.318333 0.00625 0.0177778 0.00959778
0 0.525 0.260556 0.00500002 0.00777777 0.00926971
0 0.0304297 0.470278 0.0275 0.0344444 0.00905609
2 0.76375 0.381389 0.00750001 0.0394445 0.00847626
0 0.769375 0.3575 0.0475 0.0333333 0.00834656
0 0.302969 0.345833 0.0234375 0.0294445 0.00815582
7 0.229375 0.372778 0.005 0.0133333 0.00787354
0 0.427188 0.272778 0.00749998 0.0116667 0.00737381
0 0.415 0.333333 0.01625 0.0255556 0.00677109
3 0.549063 0.266667 0.00562503 0.0177778 0.00634003
7 0.67 0.339722 0.00374997 0.0138889 0.00624084
0 0.7375 0.298889 0.0375 0.0211111 0.00598145
0 0.475625 0.273333 0.00500002 0.0111111 0.00595856
0 0.141719 0.429444 0.036875 0.0261111 0.00568771
2 0.253125 0.33 0.008125 0.0211111 0.00564194
2 0.5325 0.317222 0.0175 0.0233333 0.00559998
0 0.8675 0.34 0.0225 0.0155555 0.00559998
0 0.783125 0.338611 0.02875 0.0233333 0.00557709
0 0.53375 0.277222 0.00500002 0.00777777 0.00548935
0 0.740625 0.318889 0.04625 0.0466667 0.00542831
7 0.075625 0.472778 0.00359375 0.0111111 0.00502014
0 0.34375 0.337778 0.015625 0.0255556 0.00498199
0 0.378125 0.292222 0.01 0.0155555 0.00494385
7 0.595313 0.315833 0.00437501 0.0116667 0.00492477
0 0.0033252 0.424444 0.00662109 0.0211111 0.00488663
3 0.659375 0.29 0.00499999 0.0177778 0.00486755
0 0.0141797 0.471667 0.0271094 0.0311111 0.00469971
7 0.0432129 0.479444 0.00826172 0.0322222 0.00441742
3 0.665 0.294722 0.00500005 0.0172222 0.00419998
0 0.18 0.371389 0.023125 0.025 0.00403976
0 0.00440186 0.405556 0.00880371 0.0194444 0.00400543
0 0.260938 0.350833 0.010625 0.02 0.00372124
0 0.921875 0.353056 0.0375 0.0416667 0.00366402
7 0.025 0.534444 0.00578125 0.0244445 0.00366402
7 0.0157129 0.525556 0.005625 0.0277778 0.00340271
2 0.388125 0.331389 0.01 0.0222222 0.00335121
7 0.202344 0.380556 0.00718751 0.0222222 0.00327301
2 0.549688 0.317778 0.01375 0.0205556 0.00309944
0 0.182656 0.375 0.0215625 0.0294445 0.003088
0 0.455 0.263333 0.00374997 0.00888889 0.00305176
7 0.83375 0.335 0.00499999 0.015 0.00305176
7 0.67625 0.317778 0.00250003 0.0133334 0.00293541
7 0.615 0.331111 0.00374997 0.0111111 0.00287819
7 0.134219 0.4075 0.0046875 0.015 0.00279999
2 0.695 0.331944 0.00875003 0.0255556 0.00274658
3 0.6575 0.296944 0.00499999 0.0166667 0.00265312
0 0.915 0.3525 0.0425 0.0427778 0.00264168
7 0.0117969 0.541667 0.00703125 0.0166667 0.00254059
2 0.0133887 0.503889 0.020957 0.0333333 0.0024929
7 0.574375 0.328056 0.00500005 0.0127778 0.00243378
2 0.431875 0.392222 0.05 0.0388889 0.00239754
3 0.875 0.315833 0.00499999 0.0155555 0.00235939
0 0.736875 0.330556 0.05125 0.0244444 0.00235939
0 0.98125 0.336111 0.01875 0.0166667 0.00235939
2 0.0323047 0.506111 0.0235156 0.0411111 0.00226021
7 0.0310938 0.505278 0.0139844 0.025 0.00222588
7 0.67375 0.332222 0.00499999 0.0127778 0.0020752
7 0.605 0.299722 0.00375004 0.0127778 0.00203514
7 0.0742578 0.460278 0.0046875 0.0161111 0.00203514
7 0.150469 0.412778 0.00828125 0.0188889 0.00194931
0 0.014082 0.432222 0.0237891 0.0338889 0.00191212
1 0.7425 0.298056 0.045 0.0244444 0.00179577
0 0.0158984 0.404167 0.00953125 0.0194444 0.00171375
7 0.7075 0.403056 0.00499999 0.0177778 0.0017004
0 0.171094 0.369444 0.0346875 0.0255556 0.0016613
2 0.710625 0.305278 0.00999997 0.0172222 0.0015974
2 0.229531 0.356667 0.0165625 0.0233333 0.00150108
0 0.996875 0.316111 0.00624994 0.0188889 0.00148964
7 0.645 0.346111 0.00374997 0.0111111 0.00148964
1 0.7725 0.298889 0.1125 0.11 0.00148964
3 0.580625 0.285278 0.00625 0.015 0.00144386
7 0.125781 0.408889 0.00375 0.0166667 0.00143814
0 0.868125 0.341944 0.025 0.02 0.00143242
0 0.190469 0.376111 0.01875 0.03 0.00138855
0 0.230938 0.647222 0.05625 0.107778 0.00138855
0 0.97875 0.337222 0.025 0.0183333 0.00132465
7 0.625625 0.346667 0.00374997 0.0133333 0.00131989
2 0.269375 0.349167 0.013125 0.025 0.00129986
7 0.65 0.335556 0.00499999 0.0144444 0.0012846
7 0.665 0.311111 0.00374997 0.0166667 0.00124454
2 0.0247266 0.405556 0.00726563 0.0188889 0.00123978
0 0.44375 0.273333 0.00500002 0.0111111 0.00122547
0 0.485313 0.275 0.00562499 0.01 0.0012064
7 0.63 0.339444 0.00375004 0.0122222 0.0012064
0 0.0090918 0.845556 0.0181641 0.126667 0.00119686
0 0.928125 0.355556 0.04375 0.0466667 0.00116539
7 0.2225 0.507222 0.010625 0.0294444 0.00105667
3 0.74625 0.396111 0.00625 0.0266667 0.00104809
0 0.0108203 0.861111 0.0215625 0.12 0.00104046
3 0.86625 0.311667 0.00500005 0.0161111 0.00101662
