0 0.203711 0.607222 0.143828 0.241111 0.962402
0 0.349922 0.551111 0.122656 0.225556 0.959473
0 0.686875 0.662778 0.15 0.327778 0.958008
0 0.300625 0.381667 0.09625 0.142222 0.95166
0 0.506875 0.506389 0.1 0.219444 0.95166
0 0.403125 0.303958 0.0925 0.183194 0.940918
0 0.613125 0.330278 0.08375 0.135 0.939453
0 0.5175 0.932222 0.1775 0.135556 0.938477
0 0.257188 0.942778 0.18875 0.114444 0.9375
0 0.243125 0.346111 0.095625 0.141111 0.936523
0 0.1375 0.566806 0.132813 0.215278 0.931641
0 0.57625 0.231389 0.05875 0.0916667 0.927246
1 0.726406 0.296944 0.184688 0.305556 0.925293
0 0.0649609 0.955556 0.119766 0.0866667 0.919434
0 0.50125 0.325556 0.07 0.123333 0.918457
0 0.339375 0.154583 0.058125 0.0525 0.888184
0 0.61625 0.0686111 0.04875 0.0316667 0.879883
0 0.149141 0.225278 0.0454687 0.0408333 0.875
0 0.457813 0.0634722 0.024375 0.0222222 0.870605
0 0.206563 0.182778 0.043125 0.0377778 0.865234
0 0.3725 0.100139 0.03875 0.0316667 0.850098
0 0.210156 0.252222 0.0628125 0.0744444 0.845703
0 0.8875 0.0741667 0.0275 0.0244444 0.838867
0 0.754375 0.0605556 0.03875 0.0269444 0.820801
2 0.76375 0.118021 0.01625 0.0422917 0.819824
0 0.0279102 0.3 0.0258984 0.0388889 0.819824
0 0.87 0.0784722 0.03 0.0244444 0.813965
0 0.7325 0.0602778 0.0375 0.0259722 0.786621
0 0.8125 0.0641667 0.035 0.0244444 0.782715
2 0.85 0.185694 0.0175 0.0480556 0.773438
2 0.8825 0.214028 0.02 0.0525 0.770508
7 0.25625 0.263611 0.00687499 0.0205556 0.770508
0 0.40375 0.06375 0.015 0.0208333 0.767578
0 0.42125 0.0577778 0.0175 0.0236111 0.759277
2 0.0451172 0.342778 0.0178906 0.0422222 0.754883
0 0.339453 0.128889 0.0548437 0.04 0.749023
5 0.386875 0.0579861 0.02 0.0381944 0.73584
0 0.0738672 0.238889 0.0235156 0.0311111 0.715332
2 0.536875 0.0715278 0.01625 0.0294444 0.712402
0 0.341875 0.085625 0.0175 0.0223611 0.70752
0 0.276875 0.107639 0.02375 0.0205556 0.70752
2 0.56125 0.0642361 0.01625 0.02875 0.663574
0 0.323438 0.0913889 0.0175 0.0219444 0.662109
0 0.00458984 0.290278 0.00917969 0.0255556 0.656738
3 0.0168652 0.363333 0.00853516 0.0466667 0.654785
0 0.365313 0.0752083 0.020625 0.0205556 0.622559
7 0.0280469 0.379167 0.00507813 0.0172222 0.602051
0 0.312188 0.0929861 0.0175 0.0209722 0.575684
0 0.34 0.0835417 0.0175 0.0225 0.57373
0 0.0853906 0.249167 0.035625 0.0427778 0.57373
2 0.0491797 0.303611 0.0126563 0.0344444 0.567871
0 0.495 0.0567361 0.0275 0.02625 0.560059
7 0.945 0.214722 0.00499999 0.0177778 0.541016
7 0.75125 0.159722 0.00499999 0.0191667 0.541016
0 0.373125 0.0555556 0.01125 0.01625 0.53125
2 0.215625 0.15 0.010625 0.0263889 0.521484
0 0.485 0.0223611 0.00874999 0.0143056 0.517578
7 0.944375 0.218611 0.00500005 0.0169444 0.513672
7 0.70375 0.0790278 0.00374997 0.0125 0.501953
5 0.0855469 0.249444 0.0360938 0.0427778 0.498047
0 0.353125 0.0648611 0.014375 0.0197222 0.488281
0 0.50125 0.0543056 0.01625 0.0252778 0.486328
6 0.670625 0.0482639 0.02 0.0240278 0.470703
2 0.593125 0.0403472 0.00749995 0.0218056 0.462891
0 0.49125 0.0497222 0.01875 0.0259722 0.453369
0 0.431875 0.0501389 0.01375 0.01875 0.435791
2 0.0656641 0.295 0.0116406 0.0277778 0.405518
2 0.67125 0.0488194 0.0175001 0.0244444 0.400635
0 0.373125 0.0644445 0.011875 0.0177778 0.399902
2 0.69875 0.1425 0.01875 0.0466667 0.399902
2 0.071875 0.293889 0.0142188 0.0288889 0.398926
0 0.427813 0.05375 0.014375 0.02125 0.397949
2 0.721875 0.151528 0.02375 0.0508333 0.390381
0 0.3525 0.0625 0.0125 0.0183333 0.390381
2 0.696875 0.143611 0.01375 0.0444444 0.38501
7 0.2425 0.2775 0.00687499 0.0172222 0.383057
0 0.415313 0.0310764 0.01 0.0153472 0.379395
2 0.135156 0.182778 0.006875 0.0211111 0.350342
0 0.364375 0.0706944 0.015 0.0211111 0.345215
2 0.58875 0.0402778 0.00875003 0.0206944 0.343262
2 0.265313 0.117639 0.014375 0.0244444 0.334473
2 0.0704688 0.290556 0.015 0.0255556 0.334473
0 0.408125 0.0475 0.01125 0.0169444 0.327637
0 0.42875 0.05 0.01125 0.0205556 0.327637
0 0.404688 0.0306597 0.010625 0.0139583 0.32251
0 0.36625 0.0519444 0.01 0.0125 0.320801
0 0.374375 0.0502778 0.009375 0.0145833 0.317383
0 0.424063 0.0285417 0.00749998 0.0118056 0.310791
2 0.65375 0.0481771 0.00625 0.0233681 0.307373
7 0.0269141 0.380278 0.005625 0.0188889 0.297363
0 0.43125 0.021875 0.01 0.0105556 0.290283
7 0.94125 0.216111 0.00500005 0.0166667 0.273682
2 0.0690234 0.288333 0.0189844 0.0288889 0.271973
0 0.433125 0.0279861 0.00750001 0.0134722 0.265869
2 0.274375 0.116389 0.0125 0.0261111 0.259766
2 0.63875 0.0496528 0.00875003 0.0223611 0.236572
2 0.269531 0.117361 0.0125 0.025 0.23584
0 0.339688 0.0765278 0.0125 0.0181944 0.235107
0 0.349688 0.0772222 0.014375 0.0215278 0.233765
2 0.72125 0.1575 0.0199999 0.0605555 0.233765
2 0.640625 0.0500694 0.01 0.0216667 0.230957
2 0.210938 0.153472 0.00999999 0.0275 0.221313
2 0.72625 0.145278 0.02 0.045 0.219971
0 0.39375 0.0311111 0.009375 0.0123611 0.218018
7 0.75375 0.156806 0.00499999 0.0175 0.211426
0 0.503125 0.0226736 0.010625 0.0149306 0.205566
2 0.74375 0.130833 0.00750001 0.0272222 0.200562
2 0.615625 0.0281944 0.00499999 0.0138889 0.196777
0 0.409375 0.0570833 0.0125 0.0211111 0.196167
2 0.60375 0.0361458 0.00750001 0.0199306 0.189575
0 0.445625 0.0177778 0.01125 0.0125 0.187134
0 0.350313 0.0675 0.01375 0.0175 0.181885
0 0.505938 0.00951389 0.00625 0.00798611 0.17334
2 0.194688 0.154583 0.0075 0.0288889 0.171021
2 0.20875 0.153056 0.016875 0.0283333 0.167725
2 0.726875 0.0351389 0.00625 0.0161111 0.160278
2 0.605 0.0398611 0.00750001 0.0209722 0.150513
7 0.0428125 0.360833 0.0075 0.0155555 0.149048
2 0.72875 0.148472 0.0175 0.0475 0.146606
2 0.2175 0.144722 0.0075 0.0233333 0.135254
1 0.44375 0.0172569 0.00874999 0.0152083 0.127197
7 0.74375 0.169722 0.00625 0.0177778 0.122498
1 0.428125 0.0136806 0.00874999 0.0138889 0.114746
0 0.41875 0.0535417 0.011875 0.0209722 0.113586
2 0.68125 0.0463194 0.00750001 0.0227778 0.112793
7 0.70125 0.0772222 0.00499999 0.0163889 0.0913696
0 0.455 0.00791667 0.00625 0.00930556 0.0844727
7 0.68625 0.0796528 0.00375004 0.0108333 0.0806274
2 0.68125 0.0357639 0.01 0.01625 0.0803833
2 0.71125 0.164861 0.04 0.0652778 0.0755615
3 0.229063 0.129583 0.00375001 0.0211111 0.0755615
7 0.251875 0.265556 0.0075 0.0222222 0.0750122
3 0.73 0.155278 0.015 0.0572222 0.0710449
2 0.297813 0.100556 0.00874999 0.0180556 0.0692749
0 0.458438 0.00394097 0.00625 0.00788194 0.0568542
2 0.196719 0.156111 0.02125 0.0277778 0.0566406
0 0.435313 0.0140278 0.00687501 0.0118056 0.0558167
0 0.485625 0.0158681 0.00812499 0.0122222 0.0554199
6 0.67875 0.0369792 0.0125 0.0186806 0.0509033
0 0.4125 0.0247569 0.01 0.0122917 0.0495911
2 0.69375 0.148056 0.02375 0.045 0.0474243
2 0.7025 0.143611 0.025 0.0516667 0.0453491
0 0.83125 0.0751389 0.04 0.0241667 0.0450134
7 0.69125 0.0520833 0.00499999 0.0141667 0.0441895
3 0.699375 0.1425 0.0125 0.0477778 0.0437012
0 0.429375 0.0561111 0.013125 0.0202778 0.0433655
0 0.338125 0.0734722 0.01375 0.0197222 0.0419312
2 0.27875 0.110417 0.01875 0.0244445 0.0367737
2 0.74375 0.128611 0.00499999 0.0266667 0.0358276
3 0.00588867 0.378333 0.00735352 0.0261111 0.0347595
2 0.534375 0.0629167 0.013125 0.0266667 0.0337219
2 0.70125 0.16 0.03125 0.06 0.032959
0 0.976875 0.112257 0.01875 0.0182639 0.0323486
0 0.192813 0.183611 0.016875 0.0338889 0.0310211
2 0.0127954 0.261667 0.00925293 0.0177778 0.0304413
0 0.00587402 0.261944 0.011748 0.0277778 0.0303345
3 0.655 0.0355903 0.00499999 0.0185417 0.0297546
7 0.925 0.210833 0.00499999 0.0194444 0.0297546
0 0.82375 0.0644444 0.0325 0.0231944 0.029541
2 0.65125 0.0482639 0.00625 0.0201389 0.0288696
7 0.245313 0.137361 0.003125 0.0086111 0.0287628
0 0.3425 0.0903472 0.018125 0.0225 0.0285492
0 0.8225 0.0725 0.025 0.0238889 0.0281067
7 0.75375 0.161944 0.00499999 0.0211111 0.0281067
0 0.49875 0.00517361 0.00750001 0.0103472 0.0276337
7 0.0948438 0.276111 0.004375 0.0105556 0.0275879
0 0.83875 0.0765278 0.03 0.0230556 0.0254669
0 0.376875 0.0670139 0.0175 0.02375 0.0245209
2 0.56 0.0594444 0.014375 0.0308333 0.0236053
2 0.735 0.121944 0.0125 0.0363889 0.0235138
7 0.085 0.280278 0.0034375 0.0127778 0.0230713
7 0.0840625 0.291667 0.0046875 0.0144444 0.0214539
2 0.715625 0.149722 0.0325 0.055 0.0207977
3 0.0118555 0.364167 0.00699219 0.0483333 0.0202484
2 0.5925 0.0465104 0.01 0.0225347 0.0202179
2 0.72125 0.172222 0.0425001 0.0788889 0.0197144
0 0.9775 0.114583 0.0225 0.0186111 0.0184784
2 0.235469 0.138333 0.00374999 0.0133333 0.0184021
2 0.534375 0.0559722 0.01125 0.0227778 0.0175781
0 0.21125 0.234722 0.0475 0.0522222 0.0171051
2 0.225625 0.1375 0.005 0.0177778 0.0150146
7 0.255625 0.266389 0.00750001 0.0261111 0.0149536
2 0.735 0.0361111 0.00499999 0.0177778 0.0148392
2 0.195938 0.238333 0.0103125 0.0283333 0.0139542
0 0.97375 0.107153 0.0175 0.0190278 0.0135345
3 0.144375 0.170556 0.00437501 0.0144444 0.0132751
3 0.0194141 0.363056 0.0130469 0.0472222 0.0132217
2 0.8775 0.212222 0.03 0.0544444 0.0123367
0 0.819375 0.0743056 0.02625 0.02125 0.0120087
0 0.00375488 0.300556 0.00750977 0.0361111 0.0119629
7 0.0358594 0.368333 0.00359375 0.0144444 0.0117798
0 0.00779297 0.272222 0.014082 0.0188889 0.0117798
3 0.125156 0.220694 0.0065625 0.0275 0.0106964
0 0.215938 0.241667 0.050625 0.0583333 0.0104904
3 0.925625 0.0867361 0.00625 0.0188889 0.0104065
2 0.265313 0.124722 0.009375 0.0244444 0.00971222
0 0.0658594 0.243056 0.0278125 0.0305555 0.00967407
0 0.960625 0.104722 0.01625 0.0161111 0.00952148
2 0.114375 0.186944 0.0117188 0.0244444 0.00937653
3 0.168906 0.157222 0.00531251 0.0166667 0.00908661
7 0.69375 0.0479861 0.00499999 0.0168056 0.00901794
0 0.800625 0.0579167 0.03875 0.0226389 0.0088501
0 0.2075 0.148333 0.028125 0.0288889 0.00854492
6 0.66625 0.0384896 0.00750001 0.0219097 0.0085144
0 0.836875 0.0714583 0.0325 0.0220833 0.00841522
2 0.55375 0.0625 0.03125 0.0336111 0.00831604
2 0.785 0.0520833 0.00750001 0.0205556 0.00769424
3 0.234063 0.124167 0.004375 0.0197222 0.00769424
3 0.0350391 0.261111 0.00601562 0.0177778 0.00763702
2 0.725 0.17625 0.025 0.0725 0.00743103
0 0.35625 0.0529167 0.00874999 0.0144444 0.00737381
0 0.0292188 0.99 0.046875 0.0177777 0.00737381
3 0.165625 0.158056 0.005 0.0183333 0.00728989
0 0.00608887 0.294167 0.0121777 0.0294444 0.00717545
2 0.5425 0.0565972 0.01 0.0247222 0.00677109
2 0.0621875 0.295 0.0179688 0.0355555 0.00674438
0 0.549375 0.0188889 0.009375 0.0129861 0.00638962
7 0.95375 0.270833 0.00500005 0.0205555 0.00614548
3 0.125156 0.190139 0.0046875 0.0194444 0.006073
0 0.515625 0.00791667 0.00625 0.00875 0.0055542
3 0.00512207 0.373889 0.00637695 0.0333333 0.0055542
1 0.445 0.0225 0.0125 0.0215278 0.00540543
2 0.728125 0.130278 0.01 0.0316667 0.00540543
2 0.609688 0.0286458 0.00625 0.021875 0.00530243
0 0.4975 0.0675 0.02375 0.0258333 0.00530243
2 0.8825 0.0508333 0.00750001 0.0144444 0.00521851
0 0.99625 0.126806 0.00749995 0.0263889 0.00521851
0 0.97125 0.112813 0.0275 0.0204861 0.00511932
0 0.0094043 0.281944 0.0141797 0.0216667 0.00511932
2 0.0650781 0.3 0.00640625 0.03 0.00511932
0 0.493125 0.00927083 0.00499999 0.00826389 0.00510025
3 0.0213232 0.366111 0.0117285 0.0433333 0.00508118
3 0.79625 0.0809722 0.00625 0.0272222 0.00479126
2 0.854375 0.21 0.01 0.0377778 0.00457382
2 0.0665625 0.289444 0.026875 0.0311111 0.00457382
2 0.294688 0.110972 0.00687501 0.0202778 0.00446701
3 0.0163184 0.352222 0.00554688 0.0488889 0.00439835
0 0.625625 0.0516667 0.035 0.0230556 0.00432968
3 0.96875 0.1625 0.00499999 0.025 0.00426483
2 0.274844 0.12375 0.00718749 0.0269444 0.00421524
2 0.340625 0.0932639 0.015625 0.0201389 0.00419998
0 0.9775 0.1075 0.02 0.0205556 0.00382423
7 0.249688 0.124444 0.004375 0.0138889 0.00367928
7 0.255 0.129722 0.00374999 0.0161111 0.00352478
3 0.149375 0.167778 0.00484374 0.0188889 0.00337601
5 0.00516602 0.253056 0.010332 0.0288889 0.00335121
2 0.642656 0.0575 0.00718753 0.0201389 0.00328636
0 0.0745703 0.252292 0.0266406 0.0320833 0.00319672
0 0.995 0.134444 0.00999997 0.03 0.00317192
7 0.69 0.0859028 0.00500005 0.0206944 0.003088
0 0.860625 0.0754167 0.02875 0.0241667 0.00304031
2 0.258281 0.120417 0.008125 0.0194444 0.00298119
6 0.88 0.195278 0.02 0.0586111 0.00290108
3 0.705 0.0447917 0.00375004 0.0125 0.00286674
7 0.74 0.138889 0.00749995 0.0261111 0.00282288
7 0.613125 0.331111 0.0825 0.135556 0.00243378
7 0.165781 0.190556 0.004375 0.0122222 0.00235939
0 0.393125 0.0259028 0.01 0.0174306 0.00226974
0 0.195 0.177778 0.0221875 0.0319445 0.00221634
0 0.715 0.184444 0.0525 0.095 0.00216484
3 0.655625 0.0540972 0.00500005 0.0241667 0.00209045
0 0.68625 0.0336806 0.025 0.0163889 0.00206757
0 0.0212891 0.245833 0.0160938 0.0194444 0.00206757
2 0.560313 0.0684028 0.0175001 0.0304167 0.00204277
0 0.695625 0.180556 0.0575 0.0822222 0.00203514
0 0.795 0.0556944 0.025 0.0233333 0.00201988
2 0.64375 0.0313542 0.00625 0.0142361 0.00194168
0 0.61125 0.0454167 0.014375 0.0152778 0.00192642
2 0.274688 0.0884722 0.00687497 0.0175 0.0018177
2 0.0448047 0.293611 0.00921875 0.035 0.00176144
0 0.414063 0.0152778 0.00625 0.0122222 0.00175476
2 0.524063 0.0524306 0.013125 0.0191667 0.00171375
1 0.984375 0.143889 0.0312499 0.0416667 0.00168705
2 0.865 0.187778 0.00999997 0.04 0.0016613
7 0.104844 0.276111 0.003125 0.0111111 0.00165462
0 0.545625 0.0117361 0.00625 0.00847222 0.0016489
0 0.7425 0.189167 0.0175 0.055 0.00164223
7 0.76375 0.151667 0.00625 0.0172222 0.00162315
0 0.853125 0.0816667 0.03875 0.0261111 0.00145531
5 0.012439 0.249444 0.0159814 0.0211111 0.0014267
2 0.635625 0.0365972 0.00625 0.0193056 0.00138855
3 0.154922 0.1725 0.00375001 0.0138889 0.00137806
0 0.656406 0.171389 0.0446875 0.0588889 0.00132465
2 0.528125 0.0672222 0.02 0.0275 0.0012846
0 0.685625 0.168056 0.05 0.0555556 0.0012846
0 0.277188 0.101389 0.0225 0.0252778 0.0012846
3 0.92625 0.225556 0.00750001 0.0477778 0.00127411
0 0.0576563 0.251181 0.0210938 0.0331944 0.00127411
0 0.7675 0.210694 0.04 0.0830556 0.00125504
3 0.0108813 0.365 0.0171436 0.0466667 0.00125504
7 0.075625 0.302778 0.008125 0.0255556 0.00122547
0 0.387812 0.0345486 0.00874999 0.014375 0.00118828
0 0.7575 0.215694 0.06 0.1025 0.00117874
7 0.0235156 0.328333 0.00648438 0.0155555 0.00117397
0 0.459375 0.0588889 0.0225 0.0269444 0.00115108
3 0.895 0.101944 0.00750001 0.0194444 0.00115108
7 0.154844 0.189167 0.0034375 0.0105556 0.0011425
3 0.226563 0.125833 0.00531249 0.0222222 0.00112438
7 0.301563 0.3825 0.093125 0.141667 0.0011158
3 0.0140405 0.359167 0.0169971 0.0527778 0.00111198
