0 0.6825 0.282708 0.08375 0.106806 0.941895
0 0.406875 0.333611 0.0775 0.125556 0.941895
0 0.247813 0.355556 0.083125 0.111111 0.941895
0 0.509688 0.634583 0.1225 0.326389 0.941895
0 0.508125 0.312222 0.06875 0.118889 0.928223
0 0.0385938 0.301944 0.0327344 0.0416667 0.878418
0 0.349375 0.0804167 0.01625 0.0222222 0.866211
5 0.297188 0.0915278 0.0325 0.0416667 0.85498
0 0.745 0.0595139 0.04 0.0255556 0.853027
2 0.910625 0.219167 0.01625 0.06 0.850098
0 0.4275 0.0575 0.01625 0.0219444 0.848145
0 0.0725 0.261667 0.0314063 0.0333333 0.835449
0 0.365625 0.0756944 0.0175 0.0244444 0.834473
7 0.0308594 0.376111 0.0059375 0.02 0.824219
7 0.70375 0.2 0.00750001 0.0247222 0.823242
0 0.52 0.0228819 0.015 0.0158333 0.819824
7 0.246094 0.28 0.0078125 0.0233333 0.819824
0 0.789375 0.0593056 0.03375 0.0248611 0.81543
2 0.148438 0.20875 0.01125 0.0325 0.81543
7 0.744375 0.173889 0.00625 0.0205556 0.811523
2 0.164688 0.227083 0.02125 0.0402778 0.795898
3 0.6475 0.164583 0.0125 0.0636111 0.794434
2 0.0655859 0.298889 0.0116406 0.0344445 0.774414
0 0.4075 0.0618056 0.01625 0.0238889 0.773438
0 0.54125 0.0140278 0.0125 0.0125694 0.759277
5 0.73 0.045 0.0375 0.0325 0.692871
0 0.38625 0.0697222 0.0175 0.0219444 0.690918
7 0.691875 0.184861 0.00625 0.0225 0.6875
2 0.580938 0.0422917 0.014375 0.025 0.684082
0 0.8125 0.065 0.03 0.0222222 0.67041
2 0.225781 0.144444 0.00875001 0.0222222 0.67041
7 0.0443359 0.359444 0.0053125 0.0166667 0.651367
0 0.82375 0.0709722 0.03375 0.0233333 0.645996
7 0.945625 0.223333 0.00499999 0.0177778 0.622559
0 0.394063 0.0629861 0.013125 0.0198611 0.600098
7 0.770625 0.129583 0.00375004 0.0166667 0.588867
0 0.360625 0.0680556 0.01625 0.0230556 0.575684
7 0.753125 0.163333 0.00499999 0.0194444 0.575684
0 0.376875 0.0661111 0.0125 0.0219444 0.563965
7 0.77375 0.146667 0.00499999 0.0172222 0.507812
0 0.416875 0.0438889 0.0125 0.0191667 0.484375
0 0.404688 0.05125 0.011875 0.0183333 0.437744
2 0.265938 0.119444 0.00750001 0.0202778 0.430176
7 0.675 0.0507639 0.00249996 0.0126389 0.395996
0 0.3625 0.0723611 0.015625 0.0280556 0.357666
0 0.499063 0.0164583 0.009375 0.0145833 0.343262
0 0.395938 0.0483333 0.01125 0.0170833 0.338135
7 0.74875 0.128889 0.00499999 0.0166667 0.33374
0 0.435625 0.0490972 0.01125 0.0181944 0.295898
0 0.436875 0.0264583 0.00874999 0.0113889 0.279785
0 0.815625 0.0677778 0.0375001 0.0258333 0.277588
0 0.374375 0.0623611 0.01625 0.0188889 0.273682
7 0.70625 0.0790972 0.00499999 0.0120833 0.271973
0 0.39375 0.05875 0.01375 0.0183333 0.214722
0 0.382188 0.0691667 0.01375 0.0238889 0.184814
7 0.7625 0.153611 0.00625 0.0183333 0.158691
2 0.595937 0.0363889 0.00750001 0.0205556 0.149536
2 0.594375 0.0386285 0.00875003 0.0213542 0.140381
0 0.386563 0.0526389 0.01 0.0152778 0.132935
2 0.136406 0.177639 0.008125 0.0202778 0.126831
7 0.93 0.237778 0.00499999 0.0211111 0.126831
0 0.396563 0.0356597 0.01125 0.0157639 0.11084
0 0.8275 0.0736111 0.04 0.0252778 0.0977173
7 0.7475 0.128056 0.00499999 0.0177778 0.0917358
0 0.425 0.0311806 0.00749998 0.0123611 0.0827026
0 0.405 0.0335417 0.00625 0.0123611 0.0747681
7 0.258438 0.263333 0.008125 0.0233333 0.0715942
7 0.254688 0.134861 0.00374999 0.00750001 0.0678101
2 0.0719531 0.248333 0.0148438 0.0188889 0.0548096
0 0.416875 0.0348611 0.01 0.0152778 0.0428772
7 0.246563 0.282778 0.009375 0.0288889 0.0420837
0 0.579375 0.0215278 0.021875 0.0151389 0.0370483
2 0.580625 0.0377778 0.01875 0.0234722 0.0352783
0 0.00634766 0.256111 0.01125 0.0255556 0.0351562
0 0.82125 0.0663889 0.0375 0.0241667 0.0347595
7 0.94 0.220833 0.00499999 0.0177778 0.0340881
7 0.725 0.08 0.00249996 0.0122222 0.0318604
7 0.9275 0.225833 0.00625 0.0305556 0.0279083
2 0.265938 0.119306 0.010625 0.0233333 0.0275879
2 0.60375 0.0394444 0.00750001 0.0204167 0.0274811
0 0.44 0.0428993 0.013125 0.0217014 0.0272675
0 0.355 0.0622917 0.0175 0.02375 0.0245209
7 0.6925 0.0773611 0.00499999 0.0127778 0.0232391
2 0.23625 0.138611 0.00625 0.0161111 0.0228882
7 0.946875 0.214583 0.00499999 0.0191667 0.0226288
0 0.78625 0.0643056 0.04125 0.0261111 0.0213623
2 0.579688 0.0309028 0.0175 0.0159722 0.0212097
0 0.519375 0.02 0.015 0.0201389 0.0197144
2 0.00846191 0.262222 0.0116699 0.0238889 0.0190125
7 0.746875 0.125833 0.00499999 0.0188889 0.0188293
0 0.374375 0.0509028 0.01 0.0136111 0.0185394
0 0.443125 0.0306944 0.00750001 0.0155556 0.0178528
7 0.773125 0.136389 0.00499999 0.0144444 0.0168457
0 0.78625 0.0566667 0.0275 0.0247222 0.0154266
0 0.76375 0.0515278 0.0325 0.0216667 0.0149536
7 0.00893066 0.3775 0.00424805 0.0205556 0.0145569
7 0.933125 0.236667 0.00625 0.0205556 0.0139008
2 0.205469 0.153056 0.01125 0.0241667 0.0137939
7 0.0753125 0.295 0.00476562 0.02 0.0133743
7 0.7525 0.167222 0.00625 0.0211111 0.0132217
0 0.444375 0.0144097 0.00625 0.0111806 0.0131683
7 0.286875 0.116667 0.00500002 0.0111111 0.0128708
0 0.0217627 0.247778 0.0146777 0.02 0.012825
7 0.169375 0.201111 0.00593751 0.0152778 0.0125275
2 0.215313 0.1425 0.004375 0.02 0.0124283
7 0.695625 0.0517361 0.00249996 0.0129167 0.0109024
2 0.222344 0.142639 0.00874999 0.0219444 0.0107803
0 0.580625 0.0186458 0.0237501 0.0177778 0.0104904
5 0.0171484 0.249028 0.0132813 0.0208333 0.0104904
7 0.28875 0.120278 0.00562503 0.0183333 0.0102921
0 0.0605469 0.283333 0.019375 0.0294445 0.00997162
7 0.65625 0.0519444 0.00499999 0.0136111 0.00989532
3 0.0136328 0.259167 0.0100781 0.0222222 0.00971222
3 0.88625 0.0643056 0.00499999 0.0188889 0.00952148
2 0.26 0.123194 0.015 0.0188889 0.00926971
2 0.0704688 0.250694 0.0240625 0.0225 0.0088501
0 0.475625 0.0262847 0.00500002 0.01125 0.00861359
7 0.249688 0.127222 0.00406249 0.0133333 0.0085144
7 0.294688 0.114167 0.00437498 0.0133333 0.00847626
0 0.539688 0.00694444 0.00875003 0.0138889 0.0078125
2 0.6 0.0259722 0.01375 0.01625 0.00769424
3 0.137344 0.180694 0.00734374 0.0225 0.00731659
3 0.209063 0.156111 0.00625 0.0222222 0.00731659
0 0.430625 0.0228472 0.01 0.0127778 0.00703812
3 0.895 0.0665278 0.00499999 0.0172222 0.00643921
0 0.346875 0.0794444 0.02 0.0233333 0.00624084
5 0.75 0.0397917 0.06 0.0331944 0.00619125
0 0.0755469 0.252847 0.0239062 0.0243056 0.00612259
2 0.267188 0.109444 0.00812502 0.0233333 0.00600433
0 0.4375 0.0136458 0.00749998 0.0103472 0.00595856
0 0.00420166 0.281667 0.00831543 0.0222222 0.005867
0 0.995 0.124479 0.00999997 0.0371528 0.00584412
0 0.453125 0.00861111 0.00749998 0.00944445 0.00582123
7 0.165469 0.192222 0.00343749 0.0116667 0.00575256
0 0.99375 0.130833 0.0124999 0.0372222 0.00542831
7 0.095 0.278611 0.003125 0.0111111 0.00502014
0 0.485625 0.0110417 0.00499999 0.00958333 0.00494385
7 0.948125 0.223889 0.00499999 0.0216667 0.00492477
3 0.189688 0.165833 0.00499999 0.0222222 0.00479126
0 0.0564063 0.266667 0.026875 0.0277778 0.00468063
0 0.296094 0.085 0.025625 0.0294444 0.00431442
7 0.0953125 0.262778 0.0040625 0.0166667 0.0041008
2 0.207188 0.145556 0.01125 0.0244445 0.00403976
2 0.215313 0.153056 0.00625 0.0205556 0.00382423
7 0.405938 0.334722 0.07625 0.124444 0.00376511
7 0.65 0.054375 0.00249996 0.0106944 0.00359344
7 0.765 0.120417 0.00374997 0.0144444 0.00351143
2 0.15125 0.218333 0.011875 0.0422222 0.00351143
5 0.763125 0.0390278 0.03375 0.0315278 0.00348282
7 0.244688 0.138056 0.00375001 0.00999999 0.00335121
3 0.71125 0.0509722 0.00499999 0.0179167 0.00309944
0 0.9875 0.137361 0.0249999 0.0291667 0.00274658
0 0.0652734 0.251389 0.028125 0.025 0.00271416
0 0.498438 0.00631944 0.00874999 0.0126389 0.00268364
0 0.99 0.125 0.0199999 0.0319444 0.00259018
2 0.582813 0.0447222 0.019375 0.0272222 0.00255013
2 0.0472656 0.300833 0.0175 0.04 0.00253105
7 0.0832812 0.290278 0.0053125 0.0155556 0.00252151
7 0.136172 0.223333 0.00453126 0.0127778 0.00239754
7 0.69375 0.0636111 0.00249996 0.00888889 0.00237846
7 0.67 0.0527778 0.00250003 0.0116667 0.00237846
3 0.88875 0.0638889 0.00499999 0.0252778 0.00222588
0 0.29125 0.0913889 0.035 0.0294444 0.00220871
0 0.130781 0.181111 0.0184375 0.0277778 0.00209999
7 0.184688 0.170556 0.00375001 0.0161111 0.00208282
2 0.0133203 0.276111 0.0125781 0.0244445 0.00206757
2 0.277188 0.101806 0.0078125 0.0205556 0.00199509
3 0.265781 0.125 0.00562499 0.0244445 0.00188255
7 0.248438 0.298889 0.014375 0.0688889 0.00186729
0 0.47 0.0202083 0.00625 0.0101389 0.00174141
7 0.69 0.0554167 0.00250003 0.00986111 0.00161076
0 0.0717188 0.243611 0.0270313 0.0288889 0.00161076
3 0.123438 0.188611 0.00625 0.0244445 0.00154877
2 0.74625 0.115139 0.00749995 0.0416667 0.00151253
7 0.70125 0.0770833 0.00499999 0.0165278 0.00150108
2 0.140781 0.18 0.0115625 0.0216667 0.00145531
2 0.225 0.130278 0.00625 0.0291667 0.00141048
5 0.590625 0.0196181 0.028125 0.0202083 0.00138855
0 0.846875 0.0808333 0.03125 0.0211111 0.00134087
2 0.73375 0.113611 0.00999997 0.0436111 0.00130939
0 0.995313 0.143333 0.00937494 0.0388889 0.00129986
0 0.00711426 0.42 0.0142285 0.0505556 0.00127888
7 0.925 0.220278 0.00499999 0.0405556 0.0012598
0 0.0307031 0.295 0.0310938 0.035 0.00116062
0 0.0045752 0.29 0.0090332 0.0255555 0.00112438
5 0.308125 0.0830556 0.0178125 0.0259722 0.0011158
0 0.0471973 0.288611 0.024043 0.0305556 0.00108624
2 0.6025 0.0174306 0.00875003 0.0194444 0.00104046
0 0.98375 0.141389 0.0275 0.0266667 0.00102425
7 0.664375 0.0499306 0.00249996 0.01125 0.00100803
