0 0.486875 0.801111 0.1125 0.231111 0.952148
0 0.677656 0.91 0.157187 0.177778 0.950195
0 0.377813 0.632222 0.0775 0.124444 0.923828
0 0.486563 0.598889 0.068125 0.134444 0.921387
0 0.4625 0.351667 0.04 0.0311111 0.880859
0 0.568125 0.360556 0.0581251 0.0366667 0.878418
0 0.371563 0.414444 0.035 0.0466667 0.878418
0 0.275625 0.433889 0.05875 0.05 0.873047
5 0.5275 0.300556 0.02125 0.045 0.866211
7 0.235938 0.505 0.0075 0.0244445 0.847168
0 0.120313 0.396667 0.02875 0.0327778 0.837402
0 0.33 0.334444 0.01625 0.02 0.827637
0 0.370313 0.347222 0.02 0.0266667 0.820801
0 0.0267236 0.468611 0.0359277 0.0294444 0.817383
0 0.0471094 0.45 0.0334375 0.0311111 0.813965
0 0.71625 0.325833 0.035 0.0261111 0.79834
0 0.344375 0.330278 0.015 0.0227778 0.771973
7 0.73 0.439444 0.00499999 0.02 0.753418
7 0.222969 0.519444 0.0078125 0.0233333 0.749023
7 0.725 0.401111 0.00499999 0.0177778 0.743164
2 0.0726172 0.462222 0.0182031 0.0327778 0.743164
7 0.6675 0.4675 0.00625 0.0222222 0.702637
0 0.0105469 0.460278 0.0210547 0.0311111 0.689453
7 0.925 0.4575 0.00499999 0.0183333 0.665527
0 0.7475 0.331111 0.04375 0.0333333 0.662109
0 0.406875 0.298611 0.010625 0.015 0.656738
0 0.0650781 0.420278 0.0228125 0.0205556 0.656738
7 0.0254102 0.529444 0.0059375 0.0188889 0.651367
7 0.75 0.415833 0.00499999 0.0177778 0.640625
7 0.73875 0.429444 0.00499999 0.0211111 0.620605
2 0.0332813 0.509167 0.0117188 0.045 0.59375
0 0.0582813 0.438889 0.0325 0.03 0.586914
0 0.385625 0.314444 0.0125 0.0188889 0.567871
0 0.357188 0.325556 0.015 0.02 0.521484
0 0.388438 0.298889 0.01 0.0133333 0.474609
7 0.7475 0.399444 0.00499999 0.0155555 0.462891
0 0.390313 0.303056 0.0125 0.0172222 0.417725
0 0.4725 0.268056 0.00749998 0.0127778 0.416748
7 0.68375 0.353889 0.00500005 0.0133334 0.399902
7 0.65375 0.328333 0.00374997 0.0111111 0.383057
0 0.39375 0.300556 0.01 0.0155555 0.375732
0 0.378125 0.313611 0.01 0.0161111 0.364746
7 0.0488281 0.480278 0.0040625 0.0155556 0.361084
0 0.74125 0.329444 0.0425 0.0311111 0.355713
0 0.365 0.318889 0.01125 0.0144444 0.341553
7 0.678125 0.480833 0.00750001 0.0272222 0.339844
7 0.145234 0.418611 0.00359375 0.0116667 0.320801
0 0.74125 0.323333 0.03875 0.0277778 0.312256
7 0.635 0.328889 0.00374997 0.0127778 0.29248
0 0.377188 0.330556 0.014375 0.02 0.291016
0 0.394688 0.283056 0.009375 0.0122222 0.262939
0 0.39625 0.306111 0.01125 0.0177778 0.253906
0 0.0616406 0.425556 0.0292188 0.0244444 0.237915
7 0.0104395 0.544444 0.00644531 0.02 0.218628
0 0.0291797 0.464444 0.0384375 0.0388889 0.205566
7 0.92375 0.464722 0.00499999 0.0188889 0.193115
0 0.362813 0.327222 0.011875 0.02 0.160767
0 0.0601953 0.443333 0.0347656 0.03 0.151978
0 0.4375 0.274444 0.00625 0.01 0.147095
0 0.0596094 0.434444 0.0280469 0.0255556 0.146118
7 0.205625 0.386111 0.00343749 0.01 0.139404
0 0.4825 0.262778 0.00750001 0.00999999 0.137939
0 0.3825 0.327778 0.01375 0.0205555 0.122131
7 0.149063 0.412778 0.00343749 0.0122222 0.112
7 0.234375 0.368889 0.00374999 0.00999999 0.0841675
0 0.47375 0.266111 0.00625 0.0144444 0.0838623
7 0.127031 0.421667 0.0059375 0.0111111 0.0827026
5 0.494375 0.263611 0.00749998 0.0116666 0.0783691
0 0.44875 0.266667 0.00562503 0.01 0.0718384
7 0.674375 0.329722 0.00374997 0.0144444 0.0658569
0 0.421875 0.28 0.00749998 0.0122222 0.0623169
0 0.489375 0.264444 0.00499999 0.0122222 0.0455322
7 0.7375 0.428889 0.00625 0.0222222 0.0437012
0 0.355625 0.322778 0.01375 0.0211111 0.0309143
7 0.6675 0.471667 0.00625 0.0244445 0.0303345
0 0.481875 0.272222 0.00874999 0.0122222 0.0248871
0 0.42 0.285 0.00625 0.0133333 0.0226288
7 0.745625 0.422222 0.00375004 0.0155556 0.0212097
7 0.230313 0.372222 0.003125 0.01 0.0186157
7 0.734375 0.431944 0.00499999 0.0205555 0.0184784
0 0.74875 0.325278 0.0425 0.0277778 0.0150146
7 0.224219 0.370833 0.00374999 0.0116667 0.0150146
7 0.65375 0.320556 0.00499999 0.0155555 0.0131226
7 0.67 0.342778 0.00250003 0.0133334 0.0126724
2 0.555313 0.297778 0.00687497 0.0155555 0.0124283
0 0.370625 0.307778 0.0125 0.0155556 0.0114212
7 0.0550391 0.474722 0.0059375 0.0133333 0.0106506
7 0.56625 0.316667 0.00374997 0.0127778 0.00937653
0 0.0607031 0.423889 0.0313281 0.0344445 0.00912476
0 0.423125 0.300278 0.01 0.0222222 0.00831604
7 0.615625 0.332222 0.00375004 0.0122222 0.00775528
7 0.7525 0.416944 0.00749995 0.0172222 0.00772476
7 0.265938 0.365833 0.00374999 0.00944443 0.00746155
0 0.454375 0.26 0.00499999 0.00833333 0.00728989
7 0.48625 0.599444 0.0675 0.135556 0.00728989
7 0.776875 0.3525 0.00874996 0.0238889 0.00728989
7 0.9275 0.453611 0.00499999 0.0177778 0.00621796
0 0.4725 0.271667 0.00749998 0.0133333 0.00595856
7 0.0245703 0.535556 0.00507813 0.02 0.00588989
7 0.68375 0.359444 0.00500005 0.0166667 0.00564194
0 0.445625 0.263889 0.00437501 0.01 0.0053215
7 0.67375 0.353889 0.00499999 0.0133334 0.00527954
7 0.195469 0.383889 0.00406249 0.0177778 0.00516129
7 0.378125 0.632778 0.0775 0.123333 0.00503922
2 0.0312891 0.511111 0.0147656 0.05 0.00502014
7 0.285 0.351111 0.00375001 0.0105556 0.00500107
7 0.254688 0.365 0.003125 0.00999999 0.00492477
0 0.431875 0.270833 0.00749998 0.01 0.00475693
3 0.19 0.373333 0.004375 0.0222222 0.00468063
2 0.866875 0.300833 0.00625 0.015 0.00455475
0 0.421875 0.314444 0.00874999 0.0127778 0.00411606
7 0.63 0.338889 0.00375004 0.0111111 0.00397491
0 0.37625 0.302222 0.00875003 0.0155556 0.00370789
7 0.7275 0.444167 0.00500005 0.0211111 0.00370789
0 0.4075 0.305 0.01 0.0188889 0.00356483
0 0.38 0.288333 0.00874999 0.0133333 0.00351143
7 0.209688 0.376667 0.003125 0.00999999 0.00345612
7 0.71 0.401667 0.00499999 0.025 0.00322342
3 0.695625 0.319444 0.00499999 0.0188889 0.00302696
7 0.666875 0.353333 0.00499999 0.0133333 0.00286674
7 0.265781 0.351389 0.00406249 0.0111111 0.00277901
7 0.0114746 0.543333 0.00765625 0.0177778 0.0026722
7 0.146094 0.408333 0.00421875 0.0155556 0.00252151
7 0.1675 0.420556 0.00562499 0.0166667 0.00228691
7 0.215469 0.382778 0.0028125 0.00888889 0.00226974
3 0.86625 0.3075 0.00500005 0.0194444 0.00226021
7 0.154531 0.406111 0.00343749 0.0127778 0.00223351
7 0.564063 0.376389 0.00750001 0.025 0.00209045
3 0.8675 0.304167 0.00875003 0.0205555 0.00209045
5 0.73875 0.311944 0.0425 0.0394445 0.00204277
0 0.484688 0.243889 0.00499999 0.0111111 0.00201988
0 0.695 0.329444 0.00750001 0.0255556 0.00200272
7 0.245313 0.367222 0.003125 0.00833333 0.00192642
7 0.7225 0.449444 0.00750001 0.0222222 0.00190449
3 0.27 0.343889 0.00374997 0.0194444 0.00188923
0 0.35375 0.309167 0.01375 0.0211111 0.00179577
0 0.754375 0.3325 0.045 0.03 0.00178242
7 0.0464063 0.484444 0.0065625 0.02 0.00171375
7 0.295313 0.348333 0.00375001 0.0122222 0.00161076
0 0.00794922 0.452778 0.0158984 0.035 0.00156689
2 0.0263721 0.493333 0.0274902 0.0616667 0.00151253
7 0.275313 0.35 0.00375001 0.0111111 0.00148964
7 0.126094 0.435 0.005 0.0133334 0.00147247
7 0.625625 0.344167 0.00374997 0.0144444 0.00144386
0 0.74 0.317222 0.0425001 0.0344445 0.00142097
0 0.415625 0.337778 0.0225 0.0322222 0.00140476
0 0.402188 0.282778 0.00750001 0.0116667 0.00134563
7 0.574688 0.335 0.00687497 0.0177778 0.00134563
2 0.0859375 0.424444 0.008125 0.0144444 0.00124454
7 0.595 0.301111 0.00499999 0.0144444 0.00121593
0 0.465625 0.273611 0.00500002 0.0105555 0.0011692
7 0.636875 0.32 0.00500005 0.0155555 0.00113773
7 0.66625 0.361111 0.00499999 0.0144444 0.0011158
3 0.168906 0.4125 0.00562499 0.0216667 0.0011034
2 0.77625 0.355 0.00875003 0.0222222 0.00107288
7 0.155234 0.417778 0.00375001 0.0122222 0.00104809
0 0.444375 0.273333 0.00500002 0.0111111 0.00103188
