0 0.124238 0.588333 0.147148 0.236667 0.951172
0 0.235625 0.566667 0.139375 0.23 0.944824
0 0.229688 0.377778 0.098125 0.133333 0.933594
0 0.32375 0.338611 0.08375 0.115 0.923828
0 0.0553125 0.966667 0.110625 0.0666666 0.910645
0 0.581875 0.175972 0.04625 0.0658333 0.90332
0 0.169688 0.289167 0.07 0.115 0.897461
0 0.093125 0.324444 0.0635938 0.09 0.893066
0 0.298438 0.160278 0.03625 0.05 0.84375
0 0.5425 0.0969444 0.02875 0.0402778 0.837402
0 0.404063 0.0668056 0.0175 0.0220833 0.818848
7 0.70375 0.198611 0.00750001 0.0238889 0.818848
0 0.0733984 0.259444 0.0355469 0.0377778 0.818848
0 0.235781 0.175 0.03125 0.0388889 0.808105
0 0.287656 0.148472 0.0315625 0.0444444 0.805664
0 0.955 0.126667 0.02875 0.0333333 0.792969
7 0.744375 0.176111 0.00625 0.0222222 0.792969
0 0.0298242 0.895556 0.0596484 0.206667 0.791992
7 0.6925 0.184167 0.00625 0.0233333 0.78418
0 0.338125 0.102222 0.0225 0.0311111 0.78125
0 0.77125 0.0668056 0.03875 0.0266667 0.779785
0 0.379063 0.075 0.0175 0.0272222 0.775879
0 0.218125 0.218889 0.043125 0.0577778 0.764648
0 0.506875 0.079375 0.020625 0.0318056 0.763672
7 0.044375 0.361389 0.0046875 0.015 0.750488
0 0.0104297 0.496111 0.0207813 0.103333 0.733887
7 0.0296094 0.378889 0.00492187 0.0177778 0.726562
7 0.245 0.279722 0.009375 0.0255556 0.723145
0 0.42625 0.0595833 0.014375 0.0227778 0.713867
0 0.0396484 0.298056 0.0291406 0.0322222 0.700684
0 0.296719 0.0984722 0.0253125 0.02 0.6875
7 0.7525 0.164444 0.00500005 0.02 0.6875
0 0.4675 0.0622917 0.02 0.02625 0.677246
0 0.84 0.07375 0.035 0.0286111 0.675781
2 0.603125 0.0398611 0.0125 0.0204167 0.649414
7 0.945 0.219306 0.00499999 0.0169444 0.644043
0 0.0128613 0.311111 0.025293 0.0322222 0.629883
0 0.0313281 0.289167 0.0339063 0.0366667 0.624512
0 0.2675 0.117812 0.026875 0.0254861 0.615234
0 0.896875 0.0861111 0.02875 0.0222222 0.600098
0 0.51875 0.0393056 0.01875 0.0226389 0.596191
0 0.364375 0.0671528 0.016875 0.0270833 0.577637
0 0.492813 0.0276042 0.01 0.0135417 0.541016
2 0.224063 0.146667 0.0065625 0.0211111 0.511719
0 0.505625 0.0651389 0.0175 0.0241667 0.503906
0 0.513438 0.0102083 0.00812499 0.0120833 0.5
3 0.78875 0.137639 0.00999997 0.045 0.480469
7 0.675625 0.0516667 0.00374997 0.0138889 0.466797
0 0.263906 0.121528 0.023125 0.025 0.455078
0 0.00676758 0.313611 0.0135352 0.0327778 0.449463
2 0.244063 0.133333 0.0075 0.0219444 0.435791
0 0.43375 0.0502778 0.015 0.0216667 0.434082
0 0.345 0.0718056 0.0175 0.0225 0.428223
0 0.478438 0.0408507 0.0125 0.0182986 0.42627
7 0.257812 0.264722 0.008125 0.0244444 0.40918
7 0.7725 0.14625 0.00499999 0.0197222 0.388672
0 0.42875 0.0566667 0.0175 0.0215278 0.388672
3 0.7575 0.11 0.00750001 0.0438889 0.336426
0 0.504375 0.0625 0.01625 0.0205556 0.303955
0 0.490625 0.0212847 0.01 0.0132639 0.295898
0 0.495 0.0102083 0.00750001 0.0122222 0.276611
0 0.5025 0.0132639 0.00812499 0.0120833 0.269043
7 0.7625 0.154167 0.00750001 0.0188889 0.264404
2 0.1775 0.176667 0.008125 0.0219444 0.258301
0 0.3425 0.0743056 0.015 0.0238889 0.258301
2 0.778125 0.129722 0.0125 0.0416667 0.253906
0 0.49125 0.0406944 0.01125 0.0181944 0.252441
0 0.22125 0.191944 0.024375 0.0344444 0.252441
0 0.00536621 0.317222 0.0107324 0.0344445 0.246582
7 0.94625 0.215139 0.00499999 0.0194444 0.236572
7 0.084375 0.293611 0.0046875 0.0238889 0.228149
2 0.257969 0.127361 0.00968749 0.0216667 0.225464
3 0.780625 0.133611 0.00749995 0.0411111 0.223999
0 0.47875 0.0353125 0.01125 0.0192361 0.218628
7 0.7525 0.166667 0.00625 0.0188889 0.218628
0 0.399063 0.0515278 0.01 0.0211111 0.200562
0 0.48375 0.0260417 0.01 0.0145833 0.197388
3 0.235938 0.133611 0.00562501 0.0258333 0.193726
0 0.409063 0.0563889 0.01375 0.01875 0.188965
7 0.70625 0.0831944 0.00499999 0.0152778 0.187744
0 0.503125 0.0245833 0.01 0.0145833 0.181885
0 0.4175 0.0490278 0.01375 0.0190278 0.166626
3 0.22125 0.14125 0.00531251 0.0244444 0.158691
0 0.465625 0.065 0.01875 0.0266667 0.148071
0 0.482813 0.0401389 0.013125 0.0166667 0.14563
0 0.423438 0.0297917 0.011875 0.01875 0.1427
7 0.746875 0.129028 0.00499999 0.0191667 0.142212
0 0.401875 0.06125 0.01625 0.0252778 0.135254
0 0.5125 0.0206944 0.01 0.014375 0.13208
0 0.405 0.0499306 0.01625 0.0195833 0.127197
7 0.00919922 0.376389 0.00351563 0.0172222 0.124207
7 0.245 0.271111 0.00874999 0.0277778 0.120422
7 0.94875 0.226389 0.00499999 0.02 0.10968
0 0.00876465 0.307778 0.0175293 0.03 0.108948
0 0.259844 0.123021 0.019375 0.0289583 0.107422
2 0.180625 0.173333 0.0109375 0.0261111 0.105225
3 0.23375 0.126111 0.00499999 0.0211111 0.104858
0 0.487813 0.0145486 0.00812499 0.0122917 0.103027
2 0.1225 0.195833 0.0071875 0.0211111 0.103027
2 0.71375 0.0366667 0.00750001 0.0179167 0.100525
0 0.2325 0.178333 0.033125 0.0405556 0.0994873
0 0.221406 0.194722 0.031875 0.0283333 0.0987549
0 0.895 0.0813194 0.025 0.0222222 0.0974121
3 0.145938 0.218333 0.00375001 0.0183333 0.093689
3 0.145938 0.214444 0.00406249 0.0197222 0.0930176
3 0.0344141 0.320556 0.00734375 0.0311111 0.0927124
0 0.415625 0.0330556 0.010625 0.0169444 0.0923462
7 0.0686719 0.300278 0.005 0.015 0.0894775
2 0.775625 0.13 0.01125 0.0405556 0.0881958
0 0.3475 0.0761111 0.0175 0.02375 0.0872803
0 0.42875 0.0230556 0.01125 0.0143056 0.0800781
0 0.294375 0.155833 0.03625 0.0472222 0.0789185
3 0.164688 0.206389 0.00437501 0.0158333 0.0786133
0 0.423125 0.0552778 0.01375 0.025 0.0778198
7 0.250938 0.264444 0.00812499 0.0244444 0.0766602
3 0.7925 0.133056 0.01 0.0427778 0.076416
7 0.0754297 0.298889 0.00429688 0.0155555 0.076416
2 0.71375 0.0390972 0.00999997 0.01875 0.0726318
0 0.35 0.0695833 0.014375 0.0202778 0.0720825
3 0.78125 0.133333 0.0125 0.0433333 0.0708008
3 0.215938 0.142222 0.005 0.0177778 0.0692749
0 0.498125 0.00512153 0.00874999 0.0102431 0.0678101
2 0.0542578 0.248611 0.00820313 0.0211111 0.0663452
3 0.796875 0.111076 0.00750001 0.0478472 0.0656128
7 0.264063 0.253333 0.00875001 0.0316667 0.0656128
0 0.900625 0.0882639 0.03125 0.0241667 0.0632324
3 0.209219 0.156111 0.00562499 0.0252778 0.0632324
0 0.453438 0.009375 0.00687497 0.00875 0.0628052
7 0.75375 0.162917 0.00499999 0.0211111 0.0616455
3 0.175 0.1825 0.004375 0.02 0.0607605
0 0.0281836 0.290556 0.0245703 0.0322222 0.0605164
2 0.217031 0.151389 0.00625 0.0216667 0.0594177
0 0.469375 0.0583333 0.02 0.0277778 0.0587769
2 0.616875 0.0234028 0.00562503 0.0165278 0.0585632
7 0.0664062 0.3 0.00492188 0.0155556 0.0583496
7 0.2575 0.268889 0.008125 0.0261111 0.0541992
0 0.436875 0.0281944 0.01125 0.0141667 0.0535889
0 0.39375 0.0518056 0.015 0.0202778 0.0507202
0 0.825625 0.0758333 0.04125 0.0288889 0.0505981
0 0.9 0.0922222 0.035 0.0272222 0.0440063
3 0.23125 0.130556 0.00625 0.0244445 0.0435181
7 0.0654688 0.3075 0.00476563 0.0166667 0.0433655
0 0.386875 0.0453472 0.01 0.0173611 0.0422363
0 0.988125 0.122778 0.0225 0.0277778 0.041626
7 0.262813 0.255 0.008125 0.0316666 0.0413208
0 0.376875 0.0533333 0.0175 0.0269444 0.0405273
0 0.5725 0.0220833 0.0175 0.0127083 0.0394897
0 0.277188 0.112639 0.0175 0.0208333 0.0391846
0 0.440625 0.0304861 0.011875 0.0206944 0.0375977
0 0.33875 0.085 0.01625 0.0208333 0.0372009
0 0.460625 0.00616319 0.00562499 0.0123264 0.0372009
3 0.237188 0.147778 0.0075 0.0172222 0.0359497
0 0.464375 0.00840278 0.00625 0.00944444 0.0339661
0 0.3675 0.0641667 0.018125 0.0288889 0.0332031
0 0.00401855 0.276667 0.00803711 0.0216667 0.0323486
3 0.51125 0.186806 0.00999997 0.0463889 0.0321045
7 0.65625 0.0523611 0.00375004 0.0133333 0.0305634
2 0.0525781 0.285 0.01375 0.0222222 0.0293121
7 0.65625 0.0596528 0.00249996 0.0120833 0.0290833
3 0.704375 0.0431771 0.00499999 0.0214236 0.0267639
0 0.227031 0.190972 0.028125 0.03 0.0266571
7 0.74875 0.126111 0.00499999 0.0252778 0.0265503
2 0.0960938 0.207778 0.0053125 0.02 0.0261536
7 0.94125 0.218194 0.00500005 0.0177778 0.0252228
0 0.5425 0.0827778 0.0225 0.0331944 0.0236511
5 0.42875 0.0170833 0.01125 0.0175 0.0235138
0 0.44 0.0402778 0.0125 0.0204167 0.0230713
0 0.047041 0.275556 0.022168 0.0266667 0.0227203
7 0.69375 0.0772222 0.00499999 0.015 0.02211
0 0.00683594 0.525 0.0136719 0.108889 0.02211
2 0.250156 0.128056 0.00718749 0.0225 0.02211
2 0.616875 0.0186458 0.00499999 0.0184722 0.0214539
0 0.445 0.0135417 0.00625 0.01 0.021286
7 0.945 0.232917 0.00499999 0.0219445 0.0206451
7 0.65 0.0540278 0.00249996 0.0108333 0.0202179
2 0.122969 0.2 0.0059375 0.0252778 0.0199432
0 0.37125 0.0599306 0.0225 0.0308333 0.0171051
7 0.73125 0.123333 0.00499999 0.0286111 0.0167847
3 0.0672266 0.229722 0.00671875 0.0208333 0.0166626
7 0.6925 0.186389 0.00750001 0.0258333 0.0165253
0 0.5325 0.0505556 0.00750005 0.0166667 0.0161591
3 0.709375 0.061875 0.00499999 0.0238889 0.0157166
2 0.0691406 0.235278 0.0154688 0.0166667 0.0153046
3 0.761875 0.107361 0.00749995 0.0433333 0.0151291
3 0.7125 0.133056 0.01 0.0563889 0.0148392
0 0.5425 0.0526389 0.015 0.0175 0.0144501
0 0.43125 0.01375 0.01125 0.0127778 0.0142288
0 0.40875 0.0354167 0.01125 0.0188889 0.014061
3 0.71375 0.127535 0.00999997 0.054375 0.0134277
3 0.206719 0.150556 0.00843751 0.0238889 0.0134277
0 0.4675 0.0698611 0.02 0.0286111 0.0130234
7 0.70875 0.0818056 0.00500005 0.0236111 0.012825
3 0.104219 0.207083 0.0046875 0.0194444 0.0127258
3 0.0896875 0.204444 0.005 0.0238889 0.0126266
0 0.96375 0.129167 0.04375 0.0316667 0.0124817
0 0.208125 0.200694 0.023125 0.0327778 0.012291
3 0.190313 0.196111 0.009375 0.0236111 0.0115051
0 0.818125 0.0697222 0.0325 0.0216667 0.0110321
3 0.0998438 0.207083 0.0046875 0.0236111 0.0108566
2 0.0865625 0.241389 0.0096875 0.0216667 0.0108185
2 0.244375 0.128333 0.00687501 0.0236111 0.0106964
7 0.69 0.051875 0.00250003 0.0138889 0.0106964
0 0.202031 0.190417 0.0209375 0.0380556 0.0103302
0 0.7775 0.0660417 0.0425001 0.0254167 0.0102081
0 0.497188 0.0616667 0.015625 0.0247222 0.0100937
3 0.20625 0.170278 0.010625 0.0327778 0.00989532
3 0.164844 0.174722 0.00374999 0.0152778 0.00971222
3 0.51125 0.195 0.010625 0.0627778 0.00967407
3 0.165 0.195417 0.00406249 0.0180556 0.00959778
0 0.736875 0.0403993 0.01875 0.0194792 0.00955963
0 0.98875 0.129722 0.0225 0.04 0.00955963
7 0.0030957 0.383889 0.00578125 0.02 0.00941467
0 0.845 0.0784028 0.045 0.0281944 0.00891876
0 0.0107715 0.272778 0.0167773 0.0244444 0.0088501
2 0.9825 0.102083 0.00750001 0.0158333 0.00878143
3 0.9775 0.186944 0.00750001 0.055 0.00867462
2 0.65625 0.0347222 0.00499999 0.0180556 0.00861359
0 0.0446777 0.3 0.0248633 0.0344444 0.00847626
3 0.110469 0.196111 0.0053125 0.0194444 0.00837708
0 0.74125 0.0423438 0.0325 0.0217014 0.0077858
3 0.760625 0.111111 0.00999997 0.0469444 0.00775528
0 0.53 0.0491493 0.00750001 0.0233681 0.00775528
0 0.197031 0.195278 0.0309375 0.0372222 0.00772476
0 0.0501172 0.264722 0.0239844 0.03 0.00772476
3 0.70625 0.0326042 0.00499999 0.0146528 0.00757599
0 0.3275 0.0888889 0.01375 0.02 0.00746155
0 0.9675 0.118194 0.025 0.0252778 0.00743103
7 0.765 0.141389 0.00500005 0.0188889 0.00712204
3 0.170625 0.170972 0.00562499 0.0263889 0.00706482
3 0.98875 0.189583 0.00750001 0.0480556 0.0069046
3 0.969375 0.166389 0.00500005 0.0261111 0.00679779
7 0.690625 0.084375 0.00375004 0.0163889 0.00664139
0 0.475 0.0594444 0.02875 0.0255556 0.00661469
7 0.0279688 0.380278 0.00640625 0.0177778 0.0064621
0 0.336563 0.127222 0.02125 0.0416667 0.00634003
2 0.0142188 0.264444 0.00699219 0.02 0.00634003
2 0.97375 0.103333 0.00875003 0.0191667 0.00616837
0 0.7225 0.0407639 0.02625 0.0206944 0.00602722
0 0.184531 0.202778 0.044375 0.0505555 0.00593567
0 0.00377441 0.268333 0.00754883 0.0233333 0.005867
3 0.154922 0.175556 0.00437501 0.0158333 0.00582123
0 0.180625 0.215833 0.0446875 0.0505556 0.00572968
7 0.0954688 0.287222 0.00484375 0.0222222 0.00561905
2 0.0854688 0.226667 0.00531251 0.02 0.00559998
2 0.610625 0.0210417 0.00499999 0.0141667 0.00530243
0 0.745 0.0462674 0.0375 0.0174653 0.00526047
2 0.165156 0.222222 0.0046875 0.0166667 0.00516129
7 0.69625 0.0515278 0.00500005 0.0144444 0.00510025
2 0.114219 0.194167 0.00625 0.0208333 0.00510025
2 0.601563 0.0379861 0.015625 0.0225 0.00508118
0 0.521875 0.0150694 0.00874999 0.0133333 0.00502014
0 0.277969 0.108264 0.014375 0.0206944 0.00502014
7 0.7075 0.0738889 0.00499999 0.0240278 0.0046463
2 0.746875 0.113889 0.00750001 0.0444444 0.00455475
2 0.78125 0.0574306 0.01875 0.0248611 0.00453949
3 0.0864063 0.210556 0.00546875 0.0211111 0.00439835
7 0.694375 0.07 0.00374997 0.0183333 0.00426483
0 0.192188 0.196667 0.01875 0.0386111 0.00426483
3 0.69625 0.0320139 0.00250003 0.0118056 0.0042305
3 0.0748438 0.22875 0.00453125 0.0169444 0.00402451
0 0.5375 0.0114583 0.00750001 0.0108333 0.0039444
0 0.159844 0.215833 0.0265625 0.0438889 0.00388527
0 0.548438 0.0188889 0.01 0.0143056 0.00382423
0 0.771875 0.0575 0.03375 0.0240278 0.0037365
0 0.195781 0.201944 0.0340625 0.0372222 0.0037365
0 0.542813 0.064375 0.0175 0.03 0.00370789
2 0.75125 0.104861 0.00625 0.0366667 0.00365067
0 0.723125 0.0357292 0.02625 0.0209028 0.00362206
3 0.168438 0.199583 0.00687499 0.0202778 0.00362206
0 0.218125 0.21 0.040625 0.0522222 0.00349617
5 0.0478125 0.895 0.095625 0.207778 0.00345612
7 0.67125 0.0518056 0.00250003 0.0136111 0.00327301
7 0.685 0.0665972 0.00250003 0.01125 0.00319672
0 0.45 0.0182986 0.0125 0.0170139 0.00307465
0 0.00605957 0.548333 0.0121191 0.0955556 0.00305176
0 0.154063 0.235 0.0390625 0.0511111 0.0029583
7 0.254375 0.284167 0.0075 0.0272222 0.00286674
2 0.207813 0.144722 0.00999999 0.0222222 0.00282288
7 0.73375 0.120243 0.00500005 0.025625 0.00275803
2 0.8825 0.0544444 0.0125 0.0209722 0.00274658
2 0.4675 0.0688889 0.02 0.0297222 0.00271416
7 0.9525 0.236667 0.00750001 0.0227778 0.00269318
3 0.710625 0.026875 0.00499999 0.0216667 0.00268364
0 0.175352 0.2275 0.0511719 0.0711111 0.00264168
0 0.377813 0.0791667 0.01875 0.0291667 0.00263214
0 0.34375 0.095 0.025 0.0319444 0.0026207
3 0.86375 0.0477083 0.00499999 0.0184722 0.00259018
5 0.0130469 0.558333 0.0260938 0.243333 0.00255013
3 0.224375 0.126111 0.00562499 0.0233333 0.00251198
7 0.0442188 0.358056 0.00484375 0.0205556 0.00251198
3 0.966875 0.169444 0.00625 0.0266667 0.00250244
7 0.675 0.0570139 0.00375004 0.0166667 0.00245285
0 0.0513672 0.248333 0.0205469 0.0233333 0.0024147
0 0.816875 0.0777778 0.03125 0.0277778 0.00240517
2 0.88125 0.0595833 0.015 0.0247222 0.00237846
0 0.910625 0.0888889 0.035 0.0222222 0.00232315
2 0.7325 0.0374306 0.015 0.0211111 0.00230598
7 0.68625 0.04875 0.00249996 0.0111111 0.00226974
0 0.572188 0.0236806 0.02 0.0138889 0.00218201
0 0.49 0.0515104 0.0275 0.0317014 0.00214958
