0 0.495625 0.846111 0.17125 0.302222 0.963867
0 0.90125 0.786667 0.1925 0.397778 0.959961
0 0.201719 0.643889 0.144063 0.257778 0.958984
0 0.261094 0.842222 0.196563 0.314444 0.958984
0 0.0860938 0.918889 0.171563 0.161111 0.954102
0 0.77125 0.918333 0.19 0.163333 0.951172
0 0.654375 0.506111 0.1275 0.242222 0.950684
0 0.763125 0.445556 0.1225 0.186667 0.946777
0 0.695 0.286181 0.08625 0.115417 0.941895
0 0.395938 0.350556 0.0925 0.147778 0.941895
0 0.52 0.4775 0.09375 0.190556 0.938477
0 0.607188 0.3025 0.078125 0.118333 0.936523
0 0.87125 0.388889 0.1075 0.153333 0.933594
0 0.2925 0.366111 0.121875 0.212222 0.930176
0 0.494063 0.309167 0.064375 0.114444 0.929199
0 0.816875 0.192222 0.04125 0.0716667 0.890137
0 0.175938 0.185278 0.035 0.0316667 0.865234
0 0.282656 0.138889 0.0459375 0.0366667 0.863281
0 0.38625 0.0929861 0.045 0.0379167 0.85791
2 0.316719 0.232222 0.0334375 0.0611111 0.856934
0 0.013291 0.304167 0.0261523 0.035 0.854004
0 0.263125 0.118056 0.0290625 0.0266667 0.848145
0 0.69625 0.0877778 0.0625 0.0361111 0.841797
0 0.67625 0.0514583 0.04 0.0254167 0.84082
0 0.571875 0.0552778 0.045 0.0344444 0.837402
0 0.469375 0.0788889 0.05 0.0313889 0.812988
2 0.163906 0.267708 0.0290625 0.0479167 0.809082
0 0.34375 0.0823611 0.0175 0.0208333 0.789062
7 0.743125 0.172917 0.00625 0.02 0.757812
3 0.440625 0.199306 0.015 0.0558333 0.744629
4 0.0814063 0.656111 0.162813 0.48 0.737793
0 0.404375 0.0622222 0.015 0.02 0.73584
0 0.763125 0.0639583 0.0425 0.0243056 0.732422
0 0.825 0.0675694 0.03 0.0240278 0.732422
0 0.07625 0.237639 0.0292188 0.0258333 0.732422
0 0.325938 0.0902778 0.0175 0.0216667 0.729492
2 0.76 0.120521 0.0125 0.0389583 0.725098
0 0.392813 0.06125 0.01375 0.0194444 0.71875
7 0.242969 0.280556 0.008125 0.0233333 0.71875
0 0.88375 0.0827083 0.03125 0.0229167 0.713867
2 0.72625 0.124861 0.0125 0.04 0.713867
0 0.72875 0.0566667 0.0375 0.0272222 0.713867
0 0.94125 0.0952778 0.02875 0.0236111 0.677246
0 0.851875 0.070625 0.03 0.0236111 0.67041
5 0.0567285 0.2675 0.0424805 0.0538889 0.660156
3 0.250469 0.242222 0.0203125 0.0644445 0.645996
7 0.945 0.214722 0.00499999 0.0180556 0.635254
0 0.424375 0.0579861 0.015625 0.0209722 0.62793
0 0.89 0.0769444 0.0275 0.0244444 0.605957
2 0.22625 0.136111 0.00874999 0.0238889 0.596191
2 0.77375 0.129167 0.01 0.0472222 0.571777
0 0.3375 0.0804167 0.015 0.0194444 0.563965
0 0.382813 0.0684722 0.015 0.0225 0.562012
0 0.348125 0.0677083 0.01375 0.0177778 0.544922
0 0.4325 0.0492361 0.01125 0.0184722 0.542969
0 0.775 0.0545139 0.0325 0.0244444 0.533203
7 0.0281055 0.38 0.005 0.0188889 0.522461
7 0.750625 0.161111 0.00499999 0.0186111 0.511719
7 0.75375 0.158194 0.00499999 0.0169444 0.492188
7 0.94375 0.218333 0.00499999 0.0183333 0.478516
0 0.426563 0.0545139 0.015625 0.0209722 0.46875
0 0.7825 0.0502778 0.035 0.0219444 0.464844
0 0.414375 0.0493056 0.00999997 0.0169444 0.460938
0 0.77 0.0620833 0.03875 0.0247222 0.457031
0 0.382188 0.0472222 0.01 0.0148611 0.453369
0 0.368125 0.0551389 0.01125 0.0172222 0.44165
0 0.375625 0.0686111 0.014375 0.0216667 0.403564
0 0.41625 0.0590278 0.015 0.0191667 0.403564
0 0.42375 0.0509722 0.0125 0.0175 0.386719
2 0.5025 0.048316 0.01 0.0286458 0.377441
0 0.351875 0.0681944 0.0125 0.0180556 0.366699
7 0.65125 0.0536806 0.00250003 0.0122222 0.36377
7 0.94125 0.218194 0.00500005 0.0180556 0.345215
0 0.3775 0.050625 0.01 0.0144444 0.338135
0 0.364375 0.0718056 0.015 0.0215278 0.325928
3 0.77375 0.129965 0.01 0.0461806 0.324219
0 0.365625 0.0563194 0.015 0.0215278 0.319092
0 0.36375 0.0758333 0.01625 0.0227778 0.319092
7 0.0639063 0.298889 0.00429688 0.0155555 0.312256
0 0.4125 0.0584722 0.01375 0.0197222 0.269043
0 0.395 0.0463889 0.01125 0.0169444 0.267334
0 0.425 0.0297222 0.00812502 0.0127778 0.240723
0 0.405313 0.0496528 0.011875 0.0158333 0.237915
2 0.166523 0.165278 0.0169531 0.0294444 0.237915
0 0.405625 0.0319792 0.00874999 0.0110417 0.236572
0 0.41375 0.0304167 0.00750001 0.0116667 0.222656
0 0.0558984 0.269931 0.040625 0.0501389 0.216675
0 0.433125 0.0334028 0.00875003 0.0138889 0.214722
7 0.754375 0.162222 0.00625 0.02 0.200562
7 0.764375 0.15125 0.00499999 0.0183333 0.188354
0 0.340625 0.0798611 0.015 0.0205556 0.180054
7 0.74375 0.128611 0.00499999 0.0172222 0.176636
2 0.72875 0.122778 0.015 0.0427778 0.173828
2 0.615625 0.028125 0.00499999 0.015 0.161865
0 0.429688 0.0218056 0.00812502 0.0106944 0.146606
7 0.214688 0.154583 0.004375 0.0119445 0.142212
5 0.4375 0.0142361 0.00749998 0.0140278 0.135254
7 0.0761719 0.292778 0.00398438 0.0122222 0.134766
0 0.379375 0.0683333 0.01625 0.0225 0.122131
3 0.5175 0.0519444 0.00875003 0.0213889 0.116333
0 0.0633203 0.258611 0.030625 0.0372222 0.107788
0 0.35625 0.0775 0.015 0.0230556 0.106689
7 0.255 0.265556 0.009375 0.0288889 0.104492
7 0.775 0.141944 0.00750001 0.025 0.100525
0 0.170586 0.1625 0.0238281 0.0355556 0.0994873
2 0.204375 0.152083 0.00625 0.0225 0.0960083
7 0.143438 0.211111 0.005 0.0166667 0.0878906
2 0.227344 0.134167 0.00843749 0.0244444 0.0844727
7 0.14125 0.211944 0.00437501 0.0161111 0.0789185
0 0.88375 0.0877778 0.03375 0.0294444 0.0766602
0 0.4425 0.0142014 0.00750001 0.0119444 0.0755615
2 0.23375 0.137222 0.00499999 0.0177778 0.0734253
6 0.170313 0.16375 0.024375 0.0313889 0.072876
7 0.655 0.05 0.00249996 0.0136111 0.0708008
2 0.132734 0.176806 0.00671876 0.0175 0.0661011
0 0.455 0.00923611 0.00499999 0.00819444 0.0648804
0 0.464063 0.0773611 0.036875 0.0333333 0.0606384
0 0.396563 0.0324306 0.00812499 0.00972222 0.0596619
0 0.0507129 0.281667 0.0291992 0.0355556 0.0560303
0 0.0137598 0.298611 0.0236523 0.03 0.0495911
3 0.0111426 0.271111 0.00964844 0.0233333 0.0458679
3 0.0135156 0.263889 0.00683594 0.0188889 0.0433655
0 0.00365234 0.276111 0.00730469 0.0255555 0.0406799
7 0.70125 0.197917 0.00750001 0.0247222 0.0399475
2 0.453125 0.0641667 0.0125 0.0177778 0.0394897
2 0.726875 0.0359028 0.00750001 0.0163889 0.0390625
2 0.194688 0.149722 0.008125 0.0227778 0.0374756
7 0.690625 0.187222 0.00625 0.0233333 0.0374756
0 0.77875 0.0566667 0.04 0.0243056 0.0367737
0 0.45875 0.00435764 0.00625 0.00871528 0.0358887
2 0.470625 0.0633333 0.01625 0.0236111 0.0350037
0 0.349375 0.0625 0.01125 0.0166667 0.0332031
2 0.453125 0.0591667 0.01375 0.0218056 0.0325928
0 0.516875 0.00784722 0.00625 0.00902778 0.029541
0 0.38125 0.0915278 0.04125 0.0323611 0.0279083
7 0.0424219 0.360833 0.00585938 0.0177778 0.0269623
0 0.9575 0.102917 0.0175 0.0166667 0.0268555
0 0.74125 0.0619444 0.05 0.0283333 0.0257568
0 0.286563 0.136111 0.036875 0.0361111 0.025177
0 0.410625 0.0244097 0.00750001 0.0115972 0.024231
3 0.0575781 0.288889 0.00625 0.0311111 0.0229797
3 0.221406 0.135972 0.00625 0.0216667 0.0205688
0 0.769375 0.0711806 0.0475 0.0293056 0.0201721
0 0.271563 0.135139 0.034375 0.0327778 0.0197144
0 0.8825 0.0484028 0.01 0.0133333 0.0191956
7 0.0845313 0.282778 0.00375 0.0122222 0.0188293
0 0.804375 0.0608333 0.0375 0.0225 0.0184021
2 0.115156 0.188056 0.00875 0.0230555 0.0181274
0 0.0203857 0.247222 0.017666 0.02 0.0179901
7 0.143594 0.216111 0.00453126 0.0194444 0.0175781
2 0.45375 0.0509028 0.01 0.0176389 0.0167847
0 0.7125 0.0677778 0.0225 0.02 0.0167847
0 0.429688 0.0568056 0.013125 0.0197222 0.0158997
2 0.0110938 0.272778 0.0107227 0.02 0.0157166
7 0.0364844 0.368889 0.00425781 0.0155555 0.0154266
3 0.505938 0.0487326 0.01125 0.0247569 0.0153656
0 0.75125 0.0558333 0.04 0.0227778 0.0151901
3 0.44375 0.199444 0.01625 0.055 0.0147324
0 0.363438 0.0547222 0.02 0.0195833 0.0146179
0 0.0158398 0.88 0.0316016 0.24 0.0133743
2 0.589063 0.0451215 0.0125 0.0178125 0.0131683
2 0.203438 0.144167 0.00625 0.0222222 0.0116425
0 0.179375 0.159722 0.0325 0.0361111 0.0115051
2 0.73375 0.114132 0.0112501 0.0450694 0.0110321
2 0.77875 0.0780556 0.0425 0.0318056 0.0109024
2 0.574375 0.0295833 0.015 0.0138889 0.0100098
0 0.99625 0.124583 0.00749995 0.0230555 0.00974274
0 0.7625 0.06875 0.0475 0.0297222 0.00967407
2 0.19625 0.143333 0.0096875 0.0205556 0.00963593
3 0.518125 0.05625 0.01 0.0261111 0.00898743
2 0.65625 0.0345139 0.00499999 0.0151389 0.00891876
2 0.227188 0.131111 0.00718749 0.03 0.00812531
7 0.0678125 0.297778 0.00640625 0.0172222 0.00787354
7 0.295156 0.100625 0.00437501 0.0126389 0.0077858
7 0.12375 0.216944 0.004375 0.0211111 0.00731659
0 0.0451465 0.279444 0.0229883 0.0311111 0.00725937
2 0.5 0.0508333 0.0125 0.0241667 0.00706482
0 0.9375 0.0934028 0.0275 0.0248611 0.00679779
0 0.97125 0.107222 0.015 0.0188889 0.00658798
0 0.99625 0.133194 0.00749995 0.0277778 0.00636292
0 0.8525 0.0663889 0.0275 0.0233333 0.00624084
2 0.603125 0.0333681 0.00562496 0.0177083 0.00616837
0 0.444688 0.0442882 0.0125 0.0205903 0.00609589
0 0.97625 0.115868 0.0125 0.0177083 0.00598145
2 0.275469 0.0898611 0.00718753 0.0191667 0.00582123
2 0.269063 0.09625 0.00999999 0.0225 0.00582123
7 0.0435938 0.315278 0.00484375 0.0138889 0.00561905
7 0.286563 0.121667 0.00750001 0.0127778 0.00521851
3 0.5025 0.0503472 0.01 0.03 0.00519943
2 0.57 0.0233333 0.00999997 0.0145833 0.00510025
7 0.7 0.2025 0.00750001 0.0336111 0.00508118
2 0.7225 0.112361 0.02 0.0558333 0.00498199
7 0.928125 0.236667 0.00625 0.0244445 0.00494385
5 0.00436768 0.27 0.00873535 0.0266667 0.00482941
7 0.70375 0.0476389 0.00499999 0.0152778 0.0045929
7 0.209063 0.154722 0.00625 0.02 0.00455475
0 0.7 0.0823611 0.0575 0.0313889 0.00455475
2 0.64375 0.0245833 0.00499999 0.0159722 0.00450516
7 0.0569141 0.301667 0.00523437 0.0266667 0.00450516
3 0.54375 0.0513194 0.00750001 0.0215278 0.00446701
7 0.0241406 0.328889 0.00429688 0.0144444 0.00419998
0 0.251563 0.39 0.04 0.138889 0.00402451
7 0.00543945 0.38 0.00802734 0.0272222 0.00399017
7 0.0840625 0.290556 0.004375 0.0133333 0.0039444
7 0.095 0.277778 0.003125 0.01 0.00391388
2 0.56625 0.0345139 0.00999997 0.0161111 0.00376511
3 0.247813 0.235278 0.015 0.0583333 0.00367928
0 0.940625 0.104583 0.03 0.0369445 0.00365067
3 0.246875 0.248056 0.029375 0.0694445 0.00351143
7 0.77625 0.1375 0.01125 0.0283333 0.00324821
2 0.48875 0.058125 0.01375 0.0213889 0.00318527
0 0.33625 0.0722917 0.01125 0.0180556 0.00311089
0 0.454375 0.0647222 0.02125 0.0236111 0.00305176
0 0.203125 0.159583 0.0125 0.0308333 0.00305176
1 0.36625 0.0420833 0.035 0.0429167 0.00301552
7 0.77 0.1525 0.00625 0.0233333 0.00298119
2 0.359375 0.0898611 0.01375 0.0280556 0.00291252
5 0.0168555 0.864444 0.0337109 0.268889 0.00284576
7 0.6925 0.186667 0.00750001 0.02 0.00275803
5 0.00428223 0.251111 0.00856445 0.03 0.00270462
0 0.0120508 0.898889 0.0240234 0.202222 0.00265312
0 0.798125 0.0543056 0.02375 0.0202778 0.0026207
7 0.6875 0.183333 0.00625 0.0216667 0.00253105
3 0.826875 0.04875 0.00875003 0.0194444 0.0024929
3 0.2725 0.102917 0.01 0.0172222 0.00245285
0 0.9825 0.118611 0.01375 0.0186111 0.00244331
2 0.685 0.0323611 0.00499999 0.0141667 0.00239754
0 0.965 0.11309 0.02 0.0215972 0.00239754
7 0.312188 0.259167 0.02125 0.0211111 0.00239754
7 0.239063 0.285 0.0096875 0.0255556 0.00234222
0 0.450313 0.0182639 0.01125 0.0165278 0.00205803
3 0.435313 0.200139 0.025625 0.0558333 0.0020504
2 0.552188 0.0200347 0.00875003 0.0120139 0.00199509
5 0.0588281 0.255833 0.0476563 0.0627778 0.00195694
3 0.214688 0.139444 0.00406249 0.0161111 0.00191212
0 0.424688 0.0154861 0.00562499 0.0115278 0.00188255
0 0.0617188 0.271597 0.03375 0.0468055 0.00183868
3 0.210625 0.130556 0.0075 0.0261111 0.00183868
3 0.70375 0.0296528 0.00499999 0.0140278 0.00181007
2 0.73375 0.0365972 0.00875003 0.0184722 0.00174141
0 0.186875 0.149722 0.039375 0.0344444 0.00172043
2 0.124219 0.188611 0.005 0.0172222 0.0017004
2 0.00395996 0.379167 0.00745117 0.0316666 0.00168133
2 0.265625 0.108472 0.018125 0.0202778 0.00162315
2 0.148516 0.199861 0.0125 0.0283333 0.00156689
0 0.168711 0.152778 0.0300781 0.0286111 0.00156689
2 0.7675 0.120972 0.01875 0.0444444 0.00156116
0 0.0181152 0.845 0.0362305 0.215556 0.00156116
7 0.305 0.0963195 0.00499999 0.0147222 0.00154877
0 0.5 0.0046875 0.00749998 0.009375 0.00151253
0 0.539375 0.00434028 0.00750001 0.00868056 0.00147247
7 0.64625 0.0480556 0.00250003 0.0075 0.00144386
2 0.277031 0.1375 0.0346875 0.0366667 0.00143242
2 0.7225 0.124444 0.02 0.0419444 0.00142097
7 0.244375 0.134583 0.00375001 0.00972222 0.00138855
5 0.1675 0.16375 0.0278125 0.0338889 0.00134563
2 0.505313 0.0422222 0.00687501 0.0302778 0.00131989
4 0.0829688 0.58 0.162188 0.327778 0.00130463
2 0.268594 0.0904167 0.00968749 0.0197222 0.00123501
2 0.167656 0.170417 0.026875 0.0263889 0.00123501
0 0.73875 0.916667 0.1275 0.162222 0.00123501
1 0.3675 0.0368056 0.0125 0.0275 0.00122547
0 0.0350391 0.284444 0.0219531 0.0355556 0.00122547
2 0.6025 0.0413889 0.00625 0.0186111 0.00121593
0 0.876875 0.0501389 0.01375 0.0165278 0.00118351
3 0.0580469 0.288333 0.01 0.0244444 0.00115585
7 0.595 0.0347222 0.00374997 0.0161111 0.0011425
4 0.0708594 0.774444 0.141719 0.366667 0.00113392
7 0.151875 0.205833 0.0101563 0.0158333 0.00112438
3 0.73375 0.0747222 0.00749995 0.0245833 0.00112057
2 0.602813 0.0134028 0.00687497 0.0147222 0.00109863
2 0.233906 0.125 0.004375 0.0188889 0.00109863
0 0.585938 0.0345139 0.010625 0.0163889 0.00105667
0 0.484375 0.0102778 0.00375001 0.00819444 0.00104809
0 0.993125 0.142639 0.0137499 0.0352778 0.00101185
