0 0.170664 0.843889 0.154297 0.24 0.964844
0 0.291562 0.900556 0.15125 0.197778 0.963379
0 0.677344 0.89 0.165313 0.217778 0.956543
0 0.279063 0.613889 0.09625 0.12 0.95166
0 0.0822656 0.797778 0.13375 0.202222 0.949219
0 0.489375 0.943333 0.15375 0.113333 0.948242
0 0.6875 0.596111 0.09 0.117778 0.942871
0 0.48375 0.664444 0.08 0.148889 0.941895
0 0.210313 0.601667 0.0878125 0.105556 0.940918
0 0.579063 0.581667 0.075625 0.123333 0.9375
0 0.38 0.61 0.0775 0.117778 0.936035
1 0.816875 0.523889 0.155 0.3 0.91748
0 0.26375 0.369444 0.03625 0.0377778 0.881836
0 0.5875 0.3075 0.03 0.0216667 0.84375
0 0.386875 0.323611 0.01625 0.0227778 0.829102
0 0.308906 0.337778 0.0184375 0.0222222 0.81543
0 0.5275 0.3 0.02 0.0177778 0.806641
0 0.745625 0.325556 0.0375 0.0233333 0.804199
0 0.0560547 0.439444 0.03125 0.0277778 0.794434
7 0.234375 0.503333 0.00687499 0.0233333 0.792969
2 0.036875 0.482222 0.0160937 0.0366667 0.78125
7 0.666875 0.464444 0.00625 0.0233333 0.767578
0 0.0183008 0.451667 0.0277734 0.0277778 0.759277
0 0.886875 0.326944 0.02875 0.0216667 0.737305
0 0.0277734 0.4625 0.0319531 0.0333333 0.71875
7 0.925625 0.457222 0.00374997 0.0155555 0.712402
0 0.345625 0.328611 0.0175 0.0177778 0.704102
0 0.338672 0.358889 0.0501562 0.0411111 0.697754
0 0.40875 0.318889 0.015 0.0211111 0.6875
0 0.363125 0.328889 0.0175 0.0222222 0.6875
7 0.0233203 0.528333 0.00492188 0.0155555 0.675781
3 0.0807031 0.513056 0.0160938 0.0538889 0.673828
7 0.6775 0.479722 0.00749995 0.0244445 0.665527
0 0.41125 0.315278 0.015 0.02 0.660156
0 0.90375 0.330556 0.0275 0.0211111 0.637207
2 0.0710156 0.459444 0.0142187 0.03 0.633301
2 0.0538281 0.466111 0.0145313 0.0388889 0.633301
7 0.221719 0.518056 0.0075 0.0233333 0.616699
7 0.72875 0.438333 0.00499999 0.0194444 0.586914
2 0.0535156 0.469167 0.0117188 0.0366666 0.557129
1 0.376875 0.291111 0.015 0.0288889 0.548828
1 0.332188 0.313333 0.021875 0.0377778 0.490234
0 0.377188 0.32 0.013125 0.02 0.476562
0 0.373125 0.324167 0.01375 0.0216667 0.449463
7 0.92375 0.466667 0.00499999 0.0155556 0.44165
7 0.72375 0.400278 0.00499999 0.0172222 0.430176
0 0.395 0.309444 0.01125 0.0166667 0.42627
7 0.145313 0.416111 0.00374999 0.0122222 0.418701
5 0.331875 0.312222 0.02375 0.0366666 0.390381
2 0.0677344 0.461111 0.0151563 0.0333333 0.377441
0 0.360625 0.317778 0.015 0.02 0.366699
0 0.414375 0.290556 0.00999997 0.0161111 0.361084
0 0.3875 0.294722 0.01 0.0138889 0.357666
0 0.395938 0.297778 0.01125 0.0144444 0.334473
0 0.359375 0.327222 0.01625 0.0205555 0.332764
7 0.68375 0.352778 0.00500005 0.0138889 0.317383
7 0.125625 0.420556 0.0034375 0.00888889 0.30249
0 0.359063 0.318333 0.01375 0.0166667 0.29248
0 0.396875 0.280833 0.00937503 0.0116667 0.282959
0 0.401875 0.300833 0.00875003 0.015 0.258301
0 0.411875 0.311389 0.015 0.0205556 0.253906
7 0.63375 0.330556 0.00374997 0.0116667 0.245117
0 0.4175 0.286667 0.00875003 0.0144444 0.235107
3 0.774375 0.365 0.00749995 0.0455556 0.228149
0 0.393125 0.305278 0.01 0.0177778 0.21936
0 0.0569531 0.446111 0.0320313 0.0366666 0.202393
0 0.37125 0.305556 0.01125 0.0177778 0.178345
0 0.428125 0.276944 0.00874999 0.0111111 0.172119
0 0.334375 0.332778 0.0225 0.0211111 0.147095
0 0.42875 0.273056 0.00687501 0.0105555 0.140381
7 0.65375 0.327222 0.00374997 0.0111111 0.136597
0 0.49375 0.267222 0.00874999 0.0105555 0.128052
0 0.3325 0.316389 0.0225 0.0416667 0.121704
0 0.447813 0.267222 0.00625 0.00833333 0.117188
0 0.414063 0.281667 0.00874999 0.00999999 0.11676
3 0.77625 0.362222 0.00750001 0.0427778 0.105957
0 0.349063 0.317778 0.011875 0.0183333 0.0859985
2 0.041084 0.478333 0.015332 0.0344444 0.0823975
3 0.70875 0.310278 0.00500005 0.0194444 0.0789185
0 0.338047 0.343333 0.0376562 0.0266667 0.0772095
0 0.404375 0.280833 0.00625 0.00944446 0.0723877
5 0.494375 0.264444 0.00687501 0.0116667 0.0678101
0 0.377813 0.288333 0.009375 0.0133333 0.0647583
0 0.341563 0.353333 0.044375 0.0388889 0.0616455
1 0.379375 0.285833 0.0125 0.0183333 0.0562439
7 0.68625 0.315278 0.00499999 0.0111111 0.0433655
0 0.445 0.264722 0.00499999 0.0105555 0.0420837
2 0.68625 0.294444 0.00750001 0.0177778 0.0391846
7 0.234219 0.368056 0.0034375 0.00833333 0.0343628
0 0.7475 0.329167 0.0425 0.025 0.0327148
0 0.434688 0.274722 0.00625 0.00999999 0.0319824
7 0.00836914 0.543194 0.00558594 0.0202778 0.0299835
7 0.14875 0.4125 0.00375001 0.0116667 0.0279083
7 0.205313 0.383333 0.003125 0.00888889 0.0262604
7 0.725625 0.441389 0.00374997 0.0172222 0.0256653
2 0.82125 0.31 0.00750001 0.0222222 0.024704
0 0.350938 0.310278 0.013125 0.0188889 0.0241394
3 0.774375 0.368333 0.00999997 0.05 0.0230713
1 0.3275 0.316667 0.0275 0.0288889 0.0227203
2 0.265 0.346389 0.008125 0.0127778 0.0198669
0 0.455 0.2625 0.00374997 0.00833333 0.0164642
7 0.67 0.340278 0.00250003 0.0122222 0.0161591
3 0.189688 0.374722 0.00437501 0.0233333 0.0156708
0 0.475625 0.259167 0.00500002 0.00666665 0.0140076
2 0.693125 0.334167 0.0125 0.0266667 0.0138474
0 0.4125 0.270556 0.00874999 0.00944446 0.0130234
0 0.446563 0.272778 0.00750001 0.0122222 0.0126724
0 0.420938 0.308889 0.010625 0.0177778 0.0122375
7 0.636563 0.318333 0.00437501 0.0122222 0.00974274
2 0.073125 0.465833 0.0126563 0.0405555 0.00955963
7 0.220625 0.360556 0.00374999 0.0133333 0.00894928
2 0.62375 0.298333 0.00562496 0.0155555 0.00847626
7 0.65375 0.318333 0.00374997 0.0111111 0.00831604
0 0.75625 0.331667 0.04 0.0233333 0.00806427
2 0.81875 0.311389 0.00750001 0.0183333 0.00754929
2 0.26625 0.338333 0.00562501 0.0177778 0.00720596
7 0.73375 0.436944 0.00500005 0.02 0.00714874
0 0.485625 0.256667 0.00625 0.00999999 0.00695801
7 0.66625 0.354167 0.00499999 0.0127778 0.00638962
7 0.221563 0.509722 0.0078125 0.0294444 0.00629044
2 0.748125 0.411111 0.0175 0.04 0.00605011
7 0.225156 0.366667 0.003125 0.00777777 0.00579834
7 0.7775 0.353611 0.00749995 0.0222222 0.00557709
2 0.269063 0.340278 0.00750001 0.0172222 0.0055542
3 0.29125 0.338889 0.00562499 0.0166667 0.00548935
3 0.86625 0.313889 0.00500005 0.0144444 0.00547028
3 0.68875 0.309167 0.00499999 0.0155556 0.00538635
0 0.344063 0.296667 0.00687501 0.0105555 0.0051384
0 0.00490967 0.403333 0.00900879 0.0155556 0.00498199
7 0.129063 0.413333 0.0034375 0.0122222 0.00494385
1 0.371875 0.293333 0.0275 0.0388889 0.00475693
2 0.821875 0.303056 0.00874996 0.0183333 0.00471878
0 0.344375 0.285278 0.00750001 0.02 0.00453949
2 0.7075 0.308333 0.00625 0.0155556 0.00438309
0 0.465 0.263889 0.00375001 0.01 0.00434875
2 0.6925 0.341944 0.0125 0.0316667 0.00429916
3 0.544688 0.273889 0.00437495 0.0133333 0.0042305
2 0.186875 0.381667 0.00874999 0.0255556 0.00408554
1 0.356875 0.281667 0.00750001 0.0211111 0.00407028
2 0.69375 0.350556 0.00750001 0.0244444 0.00399017
0 0.90125 0.336944 0.03 0.0272222 0.00391388
0 0.515 0.261111 0.00375001 0.00611112 0.00376511
7 0.194375 0.385 0.00375001 0.0133334 0.00345612
0 0.7525 0.335556 0.0425001 0.0255556 0.00344276
0 0.036875 0.388611 0.0101563 0.0216667 0.00329781
2 0.36125 0.339444 0.015 0.0244444 0.00327301
0 0.00421875 0.426667 0.00745117 0.0277778 0.00319672
3 0.695625 0.446667 0.01125 0.0633334 0.00300407
7 0.145781 0.408333 0.00374999 0.0138889 0.00293541
0 0.366875 0.3 0.00750001 0.02 0.00287819
3 0.48875 0.3075 0.00499999 0.0188889 0.00286674
2 0.55625 0.280556 0.00625 0.0122222 0.00282288
3 0.99375 0.583889 0.01125 0.0855556 0.00277901
7 0.215313 0.368333 0.003125 0.00999999 0.0027256
0 0.0127441 0.406111 0.0105273 0.0161111 0.0026722
0 0.3525 0.2925 0.00874999 0.0155556 0.00261116
0 0.469688 0.268056 0.00499999 0.00944443 0.00261116
0 0.0285547 0.446667 0.0417188 0.0255556 0.00259018
2 0.115938 0.372222 0.0065625 0.0166667 0.00251198
2 0.678125 0.297778 0.00750001 0.0133333 0.00247192
0 0.436875 0.261667 0.00499999 0.00999999 0.0024147
0 0.910625 0.333333 0.03625 0.0177778 0.0024147
7 0.23 0.369444 0.005 0.0166667 0.00235939
0 0.95 0.342222 0.0175 0.0155555 0.00232315
2 0.154844 0.369444 0.00625 0.0188889 0.00222588
7 0.723125 0.448333 0.00499999 0.02 0.00218201
7 0.67625 0.315 0.00250003 0.00999999 0.00216484
2 0.765 0.3025 0.00749995 0.0205556 0.00214005
7 0.569688 0.315833 0.0112501 0.0133333 0.00209999
0 0.96625 0.346111 0.0175001 0.02 0.00202751
7 0.6875 0.597222 0.09 0.116667 0.00201988
0 0.422813 0.297222 0.00812499 0.0144444 0.00200272
0 0.529375 0.270556 0.00625 0.00999999 0.00197983
7 0.66375 0.312778 0.00499999 0.0111111 0.00194168
0 0.9725 0.335833 0.0199999 0.0161111 0.00191212
3 0.249688 0.34 0.0075 0.02 0.00189686
2 0.534063 0.277778 0.00625 0.00944443 0.00186729
0 0.9275 0.334722 0.02 0.0161111 0.00182438
2 0.255 0.358889 0.01375 0.0222222 0.00182438
0 0.464375 0.274444 0.00499999 0.00944443 0.0018034
7 0.574375 0.326944 0.00374997 0.0155555 0.00176144
3 0.254688 0.331111 0.00562501 0.02 0.0017271
2 0.176563 0.370556 0.005 0.0166667 0.00168705
7 0.671875 0.474722 0.00750001 0.0266667 0.00168705
0 0.00575195 0.3875 0.0100391 0.0166667 0.0016613
3 0.82875 0.305556 0.00749995 0.0211111 0.0016489
7 0.9275 0.453889 0.00625 0.02 0.0016489
2 0.18625 0.370556 0.0090625 0.0211111 0.00161076
7 0.165938 0.417778 0.00375001 0.0122222 0.00160408
3 0.164063 0.382222 0.004375 0.02 0.0015974
3 0.54875 0.268889 0.00625 0.0155556 0.00158501
7 0.285 0.35 0.00375001 0.0127778 0.00156116
7 0.615 0.330278 0.00374997 0.0105556 0.00155449
7 0.38 0.61 0.076875 0.12 0.00153065
0 0.3025 0.337778 0.0225 0.02 0.00152493
0 0.425938 0.306111 0.0225 0.0327778 0.00148392
3 0.86625 0.301944 0.00500005 0.0172222 0.00142097
3 0.81 0.303889 0.00749995 0.0211111 0.00138283
0 0.9675 0.339167 0.0125 0.0161111 0.00138283
0 0.965 0.335833 0.0125 0.0172222 0.00136662
1 0.365625 0.266667 0.015625 0.03 0.00134563
2 0.690625 0.338889 0.01625 0.03 0.00130463
2 0.5825 0.281111 0.00875003 0.0133333 0.00127888
7 0.675 0.331667 0.00249996 0.0111111 0.00127411
2 0.0130664 0.422222 0.0144922 0.015 0.00127411
7 0.48125 0.665 0.07375 0.148889 0.00126457
0 0.484688 0.243611 0.00499999 0.00888889 0.00122547
7 0.287188 0.613889 0.0775 0.116667 0.0012207
7 0.6725 0.467222 0.00750001 0.03 0.0012064
0 0.504063 0.242639 0.00437501 0.00777777 0.00119209
0 0.81375 0.406667 0.025 0.04 0.00117874
0 0.75875 0.405556 0.0375 0.0533333 0.00115108
2 0.114531 0.382778 0.00531251 0.0155555 0.00113773
0 0.891875 0.34 0.03625 0.0244445 0.00113392
7 0.205313 0.371111 0.003125 0.0122222 0.0011158
7 0.579375 0.582361 0.075 0.121944 0.00106525
