0 0.129863 0.553333 0.128086 0.208889 0.958008
0 0.319063 0.23625 0.06125 0.0813889 0.939453
0 0.0932031 0.364444 0.0646875 0.1 0.925293
0 0.134688 0.267153 0.058125 0.0990278 0.90918
0 0.506875 0.109688 0.0275 0.0411806 0.90332
0 0.0233398 0.915556 0.0466797 0.166667 0.901367
0 0.230469 0.199722 0.040625 0.0536111 0.899902
0 0.314375 0.134722 0.03 0.0388889 0.888184
0 0.359063 0.149861 0.03 0.0475 0.881836
0 0.4025 0.149444 0.035 0.0544444 0.881836
5 0.518125 0.0352778 0.025 0.0413889 0.879883
0 0.391875 0.0634722 0.016875 0.0222222 0.853027
2 0.6825 0.16 0.0325 0.0577778 0.851074
0 0.0256445 0.310556 0.0307422 0.035 0.850098
7 0.244063 0.281667 0.0075 0.0244445 0.820801
0 0.73875 0.0522917 0.0375 0.0258333 0.811523
0 0.0545313 0.276944 0.0360938 0.0472222 0.806641
7 0.74375 0.173472 0.00750001 0.0211111 0.803223
0 0.392188 0.127778 0.02875 0.0355556 0.801758
7 0.0284766 0.377222 0.00515625 0.02 0.795898
0 0.42125 0.06125 0.01625 0.0209722 0.792969
0 0.0677344 0.260069 0.0301562 0.0276389 0.791992
0 0.408125 0.0602083 0.01375 0.0225 0.78125
7 0.7025 0.198333 0.00749995 0.0255556 0.78125
7 0.257656 0.262778 0.00718749 0.0233333 0.778809
5 0.83375 0.0623611 0.0325 0.0358333 0.756348
0 0.589375 0.0261806 0.02875 0.0230556 0.746094
0 0.9 0.0830556 0.02875 0.0208333 0.710449
3 0.0356836 0.336944 0.0108203 0.0494444 0.70752
0 0.495625 0.0349653 0.01375 0.0215972 0.67041
0 0.481875 0.0233333 0.01125 0.0154861 0.654785
0 0.431875 0.0509722 0.0125 0.0191667 0.651367
7 0.7525 0.163194 0.00500005 0.0194444 0.625977
7 0.76875 0.13 0.00499999 0.0161111 0.624512
2 0.22875 0.144444 0.011875 0.0233333 0.609375
7 0.945 0.220556 0.00499999 0.0177778 0.584961
0 0.512813 0.00674479 0.00999997 0.0106771 0.583008
0 0.43125 0.0541667 0.0125 0.0193056 0.581543
0 0.9725 0.101944 0.02125 0.0205556 0.571777
0 0.0258643 0.302222 0.0284277 0.0322222 0.571777
0 0.0269189 0.289444 0.0283496 0.0277778 0.567871
5 0.783125 0.0563889 0.04625 0.0316667 0.430176
0 0.815 0.0618056 0.0300001 0.0240278 0.420654
0 0.533125 0.0214236 0.01 0.0157639 0.414062
7 0.7725 0.146389 0.00499999 0.0175 0.381104
0 0.77625 0.0619444 0.0325 0.0244444 0.379395
7 0.163438 0.2025 0.00375001 0.0116667 0.364746
0 0.0257617 0.296389 0.0291797 0.0344445 0.359375
7 0.145 0.208611 0.00390625 0.0111111 0.346924
7 0.94625 0.214722 0.00499999 0.0177778 0.339844
0 0.494375 0.0109722 0.00625 0.0122917 0.338135
7 0.705 0.0784722 0.00499999 0.0119444 0.332764
0 0.424375 0.0474306 0.01 0.0161111 0.303955
7 0.675 0.0504167 0.00249996 0.0108333 0.300781
0 0.801875 0.0598611 0.0375 0.0230556 0.297363
0 0.81 0.0609722 0.0300001 0.02375 0.290283
7 0.74625 0.124583 0.00500005 0.0172222 0.270508
0 0.489375 0.0185417 0.00750001 0.0120833 0.248657
0 0.40625 0.0518056 0.011875 0.0175 0.245117
0 0.4175 0.0509722 0.010625 0.0163889 0.2323
7 0.70125 0.0777778 0.00499999 0.0152778 0.215332
0 0.503125 0.0110417 0.00749998 0.0120833 0.200562
0 0.49875 0.00586806 0.00750001 0.0117361 0.19812
7 0.0432031 0.358889 0.005 0.0177778 0.186523
5 0.0197949 0.246111 0.0194727 0.025 0.157715
7 0.74625 0.128056 0.00500005 0.0183333 0.154541
7 0.0753125 0.293333 0.00359375 0.0116667 0.149536
0 0.484375 0.0136806 0.00687501 0.0103472 0.147095
0 0.416875 0.02875 0.00750001 0.00993056 0.136108
0 0.3975 0.050625 0.01 0.0172222 0.123779
0 0.9725 0.108125 0.0225 0.0229167 0.120422
0 0.425625 0.0279861 0.00812502 0.00958333 0.117981
0 0.81875 0.0669444 0.0475 0.0277778 0.107788
7 0.94125 0.220278 0.00500005 0.0177778 0.104858
7 0.691875 0.1825 0.00750001 0.0222222 0.102661
0 0.77375 0.054375 0.035 0.0270833 0.100159
7 0.65625 0.0506944 0.00375004 0.0116667 0.0987549
0 0.78 0.0536806 0.03875 0.0279167 0.0872803
7 0.0428125 0.356667 0.00585938 0.0177778 0.0656128
0 0.479375 0.0239583 0.01 0.0144444 0.0587769
2 0.116406 0.199444 0.0065625 0.02 0.0562439
0 0.43375 0.0293403 0.00874999 0.0147917 0.0552063
7 0.763125 0.151944 0.00499999 0.0177778 0.0534058
0 0.77875 0.0635417 0.0475 0.0280556 0.0533142
0 0.90125 0.0897917 0.0325 0.0266667 0.0509033
2 0.117969 0.195556 0.0129688 0.0211111 0.0507202
7 0.690625 0.185278 0.00750001 0.0294444 0.0483093
7 0.249375 0.13 0.003125 0.0144444 0.0430298
0 0.0876367 0.345556 0.0444141 0.0633334 0.0420837
0 0.8125 0.0576389 0.0325 0.0247222 0.0401001
7 0.285313 0.116944 0.003125 0.00888889 0.0389099
0 0.804375 0.0561111 0.03375 0.0227778 0.0386047
0 0.50125 0.0263194 0.01125 0.0228472 0.0381775
0 0.430625 0.0214583 0.00750001 0.0101389 0.0368958
3 0.00896484 0.265833 0.00695313 0.0194444 0.035675
3 0.196406 0.154167 0.00562499 0.0266667 0.0350037
0 0.975 0.112222 0.0225 0.0197222 0.0306702
2 0.230313 0.136806 0.0090625 0.0247222 0.0296478
0 0.824375 0.0711111 0.03625 0.0275 0.0274811
3 0.309531 0.0970833 0.00625 0.0175 0.0274811
0 0.968125 0.104722 0.03 0.0227778 0.0272675
7 0.69 0.055 0.00250003 0.00944444 0.0254669
0 0.405313 0.0275694 0.00687501 0.00958333 0.0248871
0 0.53375 0.0180208 0.01 0.0159028 0.0247955
7 0.670625 0.0520833 0.00375004 0.0116667 0.0239563
7 0.139531 0.210278 0.004375 0.0161111 0.0207672
0 0.460313 0.00428819 0.00562499 0.00857639 0.0196838
0 0.396875 0.139167 0.02875 0.05 0.0195618
2 0.205781 0.152361 0.00718751 0.0252778 0.0194244
0 0.0644922 0.264444 0.0324219 0.0333333 0.018692
3 0.00578125 0.263889 0.00644531 0.0188889 0.0184021
2 0.601875 0.0401562 0.00874996 0.0199653 0.0179901
7 0.274375 0.1175 0.00437498 0.01 0.0173035
2 0.295313 0.0977778 0.00593748 0.0197222 0.0159607
7 0.0280859 0.376667 0.006875 0.0216667 0.0152512
3 0.0380859 0.340278 0.0159375 0.0472222 0.0149536
7 0.136172 0.222639 0.00546875 0.0144444 0.0142288
2 0.73375 0.035625 0.00999997 0.0165278 0.0136871
7 0.16875 0.198889 0.00374999 0.0105556 0.0135345
3 0.0141113 0.2575 0.00785156 0.0183333 0.0132217
7 0.254688 0.134167 0.00374999 0.00944444 0.0130692
2 0.616875 0.0294444 0.00625 0.0147222 0.0130234
3 0.166719 0.157222 0.00531251 0.0175 0.01297
0 0.438125 0.0125 0.00749998 0.00930556 0.0124283
0 0.0304346 0.281111 0.0310059 0.0322222 0.0120544
0 0.589375 0.0221528 0.02625 0.0243056 0.0118713
0 0.418125 0.0620139 0.01625 0.0263889 0.0118713
2 0.229063 0.150833 0.0125 0.0294444 0.0117798
0 0.424375 0.0153472 0.00812499 0.0118056 0.0112915
7 0.74875 0.126667 0.00375004 0.0172222 0.00930023
3 0.125469 0.219028 0.00375001 0.0194444 0.00837708
7 0.0856055 0.345556 0.0253516 0.0383334 0.00787354
2 0.113984 0.197222 0.0126563 0.0194444 0.00740433
7 0.7675 0.135556 0.00499999 0.0144444 0.00731659
3 0.00359863 0.273889 0.00688477 0.02 0.00717545
7 0.0842188 0.28 0.00359375 0.0111111 0.00701141
3 0.124453 0.212222 0.0040625 0.02 0.0064621
2 0.73375 0.108854 0.00999997 0.035625 0.00629044
0 0.440938 0.0435417 0.010625 0.0198611 0.00588989
5 0.0170313 0.2475 0.0199219 0.0338889 0.005867
0 0.44375 0.0120833 0.00625 0.00819444 0.00579834
5 0.00740234 0.251667 0.0104102 0.0266667 0.00577545
0 0.99625 0.1275 0.00749995 0.0344444 0.00566483
5 0.0193555 0.250278 0.0192578 0.0266667 0.00561905
3 0.196875 0.168056 0.00531249 0.0277778 0.00547028
2 0.244063 0.132083 0.00625 0.0158333 0.00544739
0 0.4725 0.0206944 0.00749998 0.0110417 0.00530243
7 0.306406 0.0990278 0.00562499 0.0152778 0.00526047
3 0.796875 0.0772917 0.00874996 0.0294444 0.00498199
0 0.388125 0.0492361 0.00874999 0.0148611 0.00486755
0 0.455313 0.00829861 0.00500002 0.00888889 0.00466537
2 0.214688 0.140833 0.005 0.0172222 0.00453949
0 0.33625 0.0711806 0.015 0.0173611 0.00450516
0 0.396875 0.0302431 0.00749998 0.00875 0.00436401
7 0.135625 0.212778 0.00374999 0.015 0.00370789
0 0.7325 0.0538889 0.0375 0.0244444 0.00344276
2 0.733125 0.110278 0.00750001 0.0352778 0.00332451
2 0.2075 0.143889 0.01125 0.0227778 0.00327301
3 0.204375 0.166389 0.010625 0.0394445 0.00307465
0 0.0218359 0.242639 0.0217969 0.0280556 0.0029583
3 0.168594 0.159306 0.00593751 0.0169444 0.00279999
3 0.675625 0.034375 0.00374997 0.0145833 0.00271416
7 0.695 0.0497222 0.00250003 0.0108333 0.00269318
0 0.8375 0.0797222 0.04 0.0172222 0.00251198
3 0.183125 0.165556 0.00562499 0.025 0.00246239
0 0.966875 0.11 0.02875 0.0277778 0.00245285
0 0.410625 0.023125 0.01125 0.0136111 0.00239754
0 0.224531 0.138889 0.01375 0.0233333 0.00237846
0 0.00553223 0.379444 0.00950195 0.0366666 0.00232315
0 0.910625 0.0889583 0.035 0.0219444 0.00218201
7 0.106172 0.277778 0.00390625 0.0172222 0.00216484
0 0.522813 0.0415972 0.02625 0.0295833 0.00201988
7 0.0691016 0.297778 0.00851562 0.02 0.00198746
0 0.0625 0.256111 0.02625 0.0338889 0.00195694
7 0.69625 0.0335417 0.00374997 0.0126389 0.00194168
2 0.285 0.10375 0.00437501 0.0144444 0.00194168
3 0.715 0.14125 0.00999997 0.0733333 0.00194168
0 0.0882031 0.3525 0.0542188 0.0661111 0.00192642
2 0.290625 0.096875 0.009375 0.0222222 0.00191212
7 0.65 0.0520833 0.00375004 0.0136111 0.00181007
2 0.113438 0.250972 0.0114063 0.0302778 0.0018034
7 0.7725 0.143194 0.00499999 0.0180556 0.00175476
0 0.00389648 0.380556 0.00767578 0.0383333 0.00173378
0 0.47875 0.0168403 0.00874999 0.0139583 0.00171375
0 0.114219 0.196111 0.0221875 0.0213889 0.00168133
2 0.728125 0.0354167 0.00874996 0.0165278 0.00163555
2 0.207813 0.15875 0.0090625 0.0275 0.00154877
7 0.615625 0.0476389 0.00499999 0.0113889 0.00146675
2 0.310625 0.0968056 0.00999997 0.0161111 0.00146103
0 0.385 0.0673611 0.02 0.0222222 0.0014267
5 0.59125 0.02375 0.0325 0.0275 0.00141048
7 0.69 0.179028 0.0125 0.0319444 0.00140476
0 0.8175 0.0729861 0.03 0.0265278 0.00139427
2 0.244375 0.125139 0.00718749 0.0188889 0.00133514
3 0.705 0.0279167 0.00499999 0.0125 0.00132465
7 0.665 0.0496528 0.00250003 0.00972222 0.00127411
0 0.463125 0.0084375 0.00625 0.00972222 0.00126934
7 0.675 0.0618056 0.00249996 0.00861111 0.00124931
3 0.715 0.125972 0.00999997 0.0594444 0.00124454
2 0.275938 0.103333 0.00625 0.015 0.00122547
0 0.224063 0.202778 0.03625 0.0483333 0.00122547
7 0.76625 0.125 0.00499999 0.0186111 0.0012207
0 0.574375 0.0217361 0.015 0.0156944 0.00120163
2 0.233594 0.125833 0.00562501 0.0205556 0.00119209
2 0.0382031 0.264444 0.0134375 0.0227778 0.0011425
2 0.7425 0.111424 0.01 0.0377083 0.00110722
5 0.0214258 0.234444 0.0206641 0.0283333 0.00109482
7 0.00650879 0.378889 0.0100293 0.03 0.00108624
2 0.295938 0.0897222 0.00750001 0.0194444 0.00106049
0 0.849375 0.0761806 0.04125 0.0244444 0.00105667
7 0.93375 0.235694 0.00750001 0.0236111 0.00105286
7 0.2525 0.266667 0.010625 0.03 0.00102806
