0 0.615625 0.773333 0.115 0.215556 0.958984
0 0.80375 0.854445 0.1675 0.257778 0.958496
0 0.280469 0.890556 0.166563 0.218889 0.954102
0 0.57875 0.574306 0.075 0.113611 0.953613
0 0.473125 0.927778 0.14125 0.142222 0.94873
0 0.229063 0.711667 0.11375 0.156667 0.945801
0 0.67 0.569028 0.08 0.110833 0.945312
0 0.4775 0.674444 0.08125 0.146667 0.937988
0 0.38 0.613333 0.075 0.12 0.937012
0 0.485 0.49 0.055625 0.0922222 0.932617
0 0.202227 0.619444 0.100547 0.125556 0.931641
5 0.86375 0.318611 0.0475 0.0494444 0.904785
0 0.0123145 0.468889 0.0245898 0.03 0.868652
0 0.258594 0.346111 0.02125 0.0266667 0.845703
0 0.360625 0.329444 0.0175 0.0222222 0.84082
6 0.74375 0.391944 0.03 0.0505555 0.823242
0 0.79125 0.325833 0.03375 0.0227778 0.817383
0 0.8125 0.326111 0.0325 0.0233333 0.817383
7 0.234688 0.503611 0.00687499 0.0222222 0.81543
0 0.306875 0.337778 0.015625 0.0211111 0.804199
0 0.749375 0.327222 0.04125 0.03 0.803223
2 0.9675 0.595556 0.035 0.0933333 0.801758
2 0.00886231 0.524722 0.0150488 0.0383334 0.795898
0 0.7325 0.323611 0.035 0.0261111 0.788086
0 0.329375 0.332222 0.0175 0.0222222 0.779785
7 0.666875 0.463333 0.00625 0.0222222 0.774414
0 0.91875 0.33 0.025 0.02 0.770508
7 0.221563 0.518056 0.0075 0.0238889 0.73877
7 0.925625 0.459444 0.00374997 0.015 0.730957
0 0.345 0.326944 0.01625 0.025 0.728027
7 0.0230859 0.529444 0.00515625 0.0166667 0.668945
0 0.374375 0.322778 0.01375 0.0211111 0.666992
2 0.583438 0.314167 0.013125 0.0222222 0.665527
0 0.4 0.322222 0.0175 0.0261111 0.633301
7 0.6775 0.479444 0.00749995 0.0244444 0.594727
7 0.68375 0.353333 0.00500005 0.0122222 0.59082
0 0.308438 0.335 0.0165625 0.02 0.567871
7 0.735625 0.432778 0.00625 0.0177778 0.544922
0 0.3725 0.319444 0.010625 0.0222222 0.509766
0 0.38625 0.316111 0.0125 0.0222222 0.507812
0 0.364063 0.301111 0.009375 0.0133334 0.503906
0 0.405625 0.298333 0.01125 0.0144444 0.498047
0 0.3525 0.317222 0.01125 0.0166667 0.462891
7 0.634375 0.33 0.00375004 0.0111111 0.462891
7 0.126328 0.420556 0.00390625 0.00999999 0.460938
7 0.73875 0.430278 0.00499999 0.02 0.456055
0 0.323125 0.32 0.01625 0.025 0.449463
0 0.36375 0.31 0.00999997 0.0144444 0.434082
0 0.3875 0.306944 0.01125 0.0161111 0.430176
0 0.493125 0.27 0.00812499 0.0105555 0.410156
7 0.145703 0.415556 0.0034375 0.0122222 0.403564
7 0.92375 0.465556 0.00499999 0.0166667 0.345215
0 0.386563 0.322222 0.01375 0.0233333 0.343262
0 0.34375 0.321667 0.01625 0.0222222 0.324219
0 0.3925 0.296111 0.01 0.0144444 0.305664
0 0.387812 0.298889 0.00874999 0.0133333 0.299072
0 0.34125 0.320556 0.01625 0.02 0.269043
0 0.378125 0.300556 0.01125 0.0144444 0.196167
7 0.653125 0.327222 0.00375004 0.0122222 0.195557
0 0.418125 0.284167 0.00812499 0.0138889 0.194336
0 0.48375 0.263333 0.00750001 0.0122222 0.17334
7 0.064375 0.472222 0.00421875 0.0127778 0.15918
7 0.725625 0.442778 0.00499999 0.0177778 0.153076
0 0.44625 0.262778 0.00499999 0.00999999 0.150024
0 0.411875 0.316667 0.01375 0.02 0.149536
7 0.72875 0.439444 0.00499999 0.0177778 0.149048
0 0.41375 0.292778 0.00874999 0.0155555 0.137085
7 0.0491406 0.476667 0.00390625 0.0133333 0.132568
0 0.74 0.323333 0.0375 0.0277778 0.131592
0 0.424688 0.278333 0.00687501 0.0111111 0.130737
7 0.0462891 0.475278 0.00398438 0.0127778 0.120422
2 0.721875 0.404167 0.01 0.035 0.119629
0 0.4075 0.303333 0.010625 0.0144444 0.115173
2 0.7225 0.404167 0.00750001 0.0294445 0.101257
0 0.37375 0.302778 0.01 0.0144444 0.0753174
7 0.0127637 0.536528 0.00671875 0.0180556 0.0747681
7 0.00677246 0.526111 0.00883789 0.04 0.0745239
0 0.379375 0.289444 0.00750001 0.0122222 0.062439
7 0.73625 0.428889 0.00750001 0.0211111 0.0605164
7 0.754375 0.414444 0.00499999 0.0144444 0.0596619
0 0.47625 0.258889 0.00499999 0.00944446 0.0574951
0 0.413125 0.278889 0.00749998 0.0077778 0.0560303
7 0.66875 0.341111 0.00249996 0.0116667 0.0524292
3 0.99625 0.595556 0.00749995 0.08 0.0499573
0 0.88 0.335556 0.0225 0.0188889 0.0479431
7 0.235 0.367778 0.003125 0.00777777 0.0470886
7 0.745 0.420278 0.00499999 0.0122222 0.044342
5 0.494688 0.261667 0.00625 0.00888889 0.0405273
2 0.725625 0.3925 0.00750001 0.0477778 0.0372009
0 0.411875 0.271111 0.00687501 0.0111111 0.0324707
2 0.72 0.400556 0.015 0.0377778 0.0310211
0 0.74375 0.328889 0.035 0.0266667 0.0266571
7 0.205313 0.383889 0.0034375 0.00888889 0.0255585
0 0.0122559 0.473889 0.0220898 0.0377778 0.0249939
2 0.581875 0.3175 0.0175 0.0166667 0.0235138
2 0.68625 0.292222 0.00750001 0.0188889 0.0190582
7 0.0107397 0.546667 0.00660645 0.0188889 0.0166626
7 0.63625 0.318333 0.00375004 0.0116667 0.0163422
0 0.84875 0.313889 0.0175 0.0344444 0.0156708
7 0.6675 0.354167 0.00499999 0.0127778 0.0155411
7 0.685 0.315 0.00250003 0.0111111 0.0139008
0 0.00316895 0.45 0.00633789 0.0344444 0.0139008
7 0.220938 0.361111 0.004375 0.0144444 0.0136871
0 0.449375 0.265278 0.00499999 0.01 0.0135345
2 0.584375 0.308333 0.01125 0.0288889 0.0134277
0 0.405 0.280556 0.00750001 0.00888889 0.0128708
7 0.274844 0.351111 0.00437501 0.0155555 0.0123825
0 0.89 0.335556 0.02875 0.0155556 0.0116425
2 0.0224561 0.435556 0.00680664 0.0233333 0.0106964
0 0.455625 0.263333 0.00375001 0.00944443 0.00952148
0 0.35375 0.310556 0.0125 0.0166667 0.00926971
7 0.148594 0.414444 0.00406249 0.0133333 0.00919342
7 0.145938 0.408056 0.00375001 0.0138889 0.00898743
0 0.323828 0.313333 0.0148438 0.0211111 0.00898743
3 0.77625 0.351389 0.00750001 0.0272222 0.00891876
0 0.848125 0.331111 0.01625 0.0233333 0.00881195
7 0.221563 0.508333 0.0075 0.0277778 0.00857544
0 0.428125 0.271111 0.00562499 0.00888889 0.0085144
7 0.215 0.367778 0.00375001 0.0122222 0.00806427
0 0.345 0.284444 0.00750001 0.0188889 0.00760651
0 0.534688 0.278333 0.00437501 0.00888889 0.00706482
2 0.709375 0.311111 0.00625 0.02 0.00695801
0 0.00354004 0.417222 0.00708008 0.0211111 0.0069046
7 0.67125 0.475556 0.00749995 0.0272222 0.00679779
2 0.72 0.393611 0.02 0.0472222 0.00658798
7 0.285625 0.348333 0.00437501 0.0127778 0.00593567
7 0.5675 0.3175 0.00625 0.0133333 0.00591278
0 0.464688 0.264444 0.00437498 0.00999999 0.00582123
7 0.224688 0.366667 0.0034375 0.00888889 0.00519943
2 0.765 0.3025 0.00625 0.0205556 0.00510025
0 0.354375 0.282222 0.00625 0.0166667 0.00482941
0 0.41125 0.323056 0.00999997 0.0194444 0.00479126
0 0.503125 0.258889 0.00500002 0.00777777 0.00468063
0 0.00441895 0.406667 0.0087207 0.0188889 0.00460815
2 0.97125 0.613333 0.0225 0.0644444 0.00460815
2 0.695 0.333889 0.00999997 0.0277778 0.00438309
0 0.98625 0.333889 0.00999997 0.0138889 0.00391388
7 0.609375 0.307222 0.00375004 0.0127778 0.00387001
0 0.88875 0.341667 0.035 0.0211111 0.00362206
3 0.0303711 0.41 0.00671875 0.0177778 0.00345612
7 0.595625 0.300556 0.00499999 0.0133333 0.00332451
3 0.0211279 0.431667 0.00547852 0.0177778 0.00331116
7 0.65375 0.317778 0.00374997 0.00999999 0.00314713
0 0.4925 0.271667 0.00750001 0.0133333 0.00312424
0 0.36375 0.330556 0.0175 0.0233333 0.00305176
7 0.128438 0.416111 0.004375 0.0155555 0.00298119
2 0.572813 0.311111 0.013125 0.0222222 0.00294685
3 0.189531 0.373889 0.00374999 0.02 0.00284576
2 0.0347852 0.399444 0.0118359 0.0244444 0.00282288
7 0.928125 0.452222 0.00499999 0.0161111 0.00271416
0 0.435625 0.263333 0.00437501 0.0111111 0.00270462
7 0.7175 0.45 0.00750001 0.0222222 0.00269318
1 0.365313 0.273611 0.0475 0.0644445 0.0026722
0 0.96625 0.345278 0.01625 0.0205555 0.00228691
2 0.176719 0.37 0.00531251 0.0166667 0.00217438
0 0.3 0.337222 0.015 0.0177778 0.0020504
3 0.203125 0.350556 0.005 0.0166667 0.00191879
0 0.356875 0.296944 0.00874999 0.0111111 0.00189686
3 0.545625 0.276944 0.00375004 0.0105555 0.00185299
2 0.70625 0.309444 0.00499999 0.0144444 0.00183868
2 0.0232031 0.428056 0.006875 0.0244445 0.00178242
0 0.878125 0.342222 0.015 0.0188889 0.00176811
7 0.67625 0.315 0.00374997 0.0105556 0.00174141
3 0.292188 0.337778 0.00749998 0.0166667 0.00168705
7 0.265938 0.361111 0.00562499 0.0144444 0.00163555
3 0.164063 0.385 0.004375 0.0172222 0.00162315
7 0.0549219 0.472222 0.00328125 0.0122222 0.00146675
0 0.91875 0.339722 0.02375 0.0238889 0.00143242
0 0.0124805 0.406667 0.0127734 0.0188889 0.0014267
2 0.154688 0.370556 0.0059375 0.02 0.00142097
7 0.615 0.329444 0.00374997 0.0111111 0.00137806
2 0.0358203 0.391389 0.0134375 0.0255556 0.00137806
0 0.9675 0.339444 0.0125 0.0155555 0.00136662
0 0.514688 0.2625 0.00375001 0.00777777 0.00136185
7 0.970625 0.617778 0.02125 0.0544444 0.00135612
0 0.9725 0.336667 0.025 0.0177778 0.00134563
0 0.469688 0.268333 0.00562499 0.00999999 0.00133514
0 0.39375 0.281667 0.00749998 0.00999999 0.00131512
3 0.488125 0.31 0.00749998 0.0255556 0.00131512
7 0.166094 0.417778 0.00374999 0.0122222 0.00128937
0 0.8625 0.305556 0.045 0.0255556 0.00127888
0 0.95 0.341111 0.02 0.0166667 0.00127411
2 0.186094 0.381389 0.0078125 0.0255556 0.00126934
7 0.645 0.318056 0.00250003 0.0116667 0.00124454
0 0.96625 0.336389 0.0125 0.0177778 0.00123501
7 0.380313 0.613333 0.07375 0.12 0.00123024
3 0.54875 0.268889 0.00625 0.015 0.00121593
7 0.59125 0.315556 0.00999997 0.0155555 0.00117874
0 0.7475 0.335 0.0375 0.0322222 0.0011692
7 0.0852344 0.439444 0.0040625 0.0122222 0.00115108
2 0.115313 0.383889 0.004375 0.0144444 0.00113392
2 0.185938 0.37 0.008125 0.02 0.00112915
1 0.360938 0.270556 0.12875 0.0955556 0.0011158
7 0.115234 0.436111 0.00437501 0.0122222 0.00106049
3 0.775 0.362222 0.00750001 0.0422222 0.00103188
7 0.4775 0.675556 0.08 0.146667 0.00100422
