0 0.465625 0.829444 0.15 0.336667 0.958008
0 0.197227 0.637778 0.0955469 0.113333 0.94873
0 0.5825 0.577222 0.073125 0.112222 0.947266
0 0.376875 0.599444 0.07375 0.113333 0.938477
0 0.476875 0.558333 0.0625 0.11 0.908691
0 0.79625 0.424722 0.04 0.0527778 0.86084
0 0.324453 0.335556 0.0198437 0.0255556 0.836426
0 0.304844 0.34 0.0178125 0.0244445 0.82666
0 0.224063 0.388333 0.036875 0.03 0.813965
0 0.510625 0.293889 0.01 0.0144444 0.79834
0 0.0106445 0.464444 0.0212109 0.0277778 0.790527
0 0.348438 0.330556 0.01875 0.0244444 0.775879
7 0.73 0.44 0.00499999 0.0188889 0.756348
7 0.222813 0.518333 0.00687501 0.0233333 0.750488
0 0.755625 0.334722 0.04 0.0266667 0.744629
0 0.9375 0.3625 0.0325 0.0277778 0.744629
3 0.23875 0.490833 0.0125 0.0605556 0.702637
0 0.365 0.326667 0.015 0.0244444 0.697754
7 0.725 0.402222 0.00499999 0.0177778 0.697754
7 0.6675 0.464444 0.00625 0.0238889 0.67041
0 0.0619531 0.440278 0.0271875 0.0227778 0.665527
0 0.40875 0.298333 0.01125 0.0155555 0.620605
0 0.0517578 0.447222 0.0316406 0.0311111 0.611328
0 0.336875 0.316111 0.011875 0.02 0.604004
7 0.75 0.416667 0.00499999 0.0166667 0.567871
0 0.0164648 0.452778 0.0277734 0.0244444 0.562012
7 0.925 0.458889 0.00499999 0.0155556 0.558105
0 0.374375 0.321667 0.014375 0.0244444 0.554688
0 0.382813 0.310556 0.01125 0.0166667 0.552734
5 0.371875 0.298889 0.0125 0.0244444 0.550781
0 0.36125 0.314722 0.0125 0.0233333 0.542969
0 0.4825 0.272222 0.00750001 0.0133333 0.541016
7 0.73875 0.425833 0.00499999 0.0205556 0.529297
2 0.584063 0.311111 0.01375 0.0222222 0.519531
7 0.68375 0.353333 0.00500005 0.0133333 0.501953
0 0.0172363 0.433889 0.0256445 0.0266667 0.498047
0 0.35875 0.312778 0.015 0.0216667 0.492188
7 0.145781 0.419167 0.00374999 0.0116667 0.478516
0 0.416875 0.310833 0.0125 0.0194444 0.44165
7 0.74625 0.400556 0.00500005 0.0155556 0.42627
0 0.389375 0.306944 0.01 0.0155556 0.404541
7 0.126406 0.421667 0.00375 0.00999999 0.394287
0 0.0520313 0.4575 0.031875 0.0305556 0.386719
7 0.0243555 0.528889 0.00675781 0.0166667 0.379395
7 0.67875 0.48 0.00750001 0.0244445 0.368408
7 0.635625 0.332778 0.00374997 0.0133333 0.363037
2 0.0455566 0.475556 0.0187305 0.0455555 0.359375
2 0.0576563 0.465 0.0179688 0.0355555 0.319092
0 0.75875 0.337778 0.0425001 0.0288889 0.312256
0 0.47 0.273056 0.00625 0.0111111 0.306641
6 0.0477246 0.475556 0.0229883 0.045 0.294189
7 0.92375 0.465833 0.00499999 0.0166667 0.245117
0 0.345313 0.315556 0.0125 0.0166667 0.243652
0 0.0164355 0.438611 0.0261133 0.0316667 0.230957
0 0.49125 0.267778 0.00562499 0.0122222 0.223389
0 0.355625 0.308889 0.014375 0.0166667 0.201172
2 0.84375 0.315556 0.00750001 0.0122222 0.191895
0 0.413125 0.297778 0.00874999 0.0166667 0.186523
0 0.448125 0.268889 0.00625 0.00944443 0.178955
0 0.33625 0.328611 0.0125 0.02 0.167725
3 0.0179492 0.504167 0.00726562 0.0427778 0.14563
0 0.48375 0.261944 0.00625 0.01 0.137939
0 0.38375 0.297778 0.00625 0.0111111 0.130249
2 0.0533594 0.465 0.0275781 0.0388889 0.123779
0 0.376875 0.29 0.01 0.0133334 0.121704
0 0.0592578 0.428333 0.0249219 0.0216667 0.116333
0 0.41875 0.308889 0.015 0.0216667 0.107422
3 0.0176563 0.497222 0.00710938 0.0333333 0.100159
0 0.468125 0.275833 0.00750001 0.0105555 0.0894775
0 0.494375 0.262222 0.00625 0.00888887 0.0875854
0 0.42375 0.278333 0.00750001 0.0111111 0.0863037
0 0.433125 0.278333 0.00625 0.00888889 0.0823975
0 0.4225 0.298889 0.01 0.0188889 0.0797729
7 0.0103687 0.543333 0.00641113 0.0211111 0.076416
3 0.0224023 0.508333 0.0126172 0.0511111 0.0718384
0 0.41875 0.286111 0.00874999 0.0144444 0.0709229
7 0.7375 0.427778 0.00625 0.0211111 0.0637207
3 0.0185547 0.501111 0.00652344 0.0311111 0.0571899
0 0.0567188 0.437778 0.02625 0.0244445 0.0565491
0 0.476875 0.26 0.00562503 0.0111111 0.0560303
3 0.2375 0.482222 0.01375 0.06 0.0510864
0 0.372187 0.296667 0.015 0.02 0.0469055
0 0.49375 0.272778 0.00625 0.0133333 0.0462036
3 0.723125 0.306111 0.00499999 0.0188889 0.0450134
0 0.0572656 0.427222 0.01875 0.02 0.0446777
0 0.41125 0.281667 0.00999997 0.0122222 0.0437012
7 0.654375 0.326667 0.00374997 0.0122222 0.0437012
7 0.655 0.318056 0.00249996 0.0116667 0.0420837
0 0.40875 0.306111 0.009375 0.0177778 0.0387573
3 0.0235352 0.496389 0.00824219 0.0388889 0.0333252
2 0.58375 0.304444 0.0112501 0.0211111 0.0285492
7 0.265938 0.365833 0.00312502 0.00944443 0.0283356
0 0.42875 0.270833 0.00500002 0.00833333 0.0279083
7 0.67 0.341111 0.00250003 0.0133333 0.0279083
2 0.41375 0.325556 0.0125 0.0233333 0.0269623
3 0.9525 0.389444 0.00750001 0.0388889 0.0269623
0 0.472188 0.275 0.00812499 0.0111111 0.026062
7 0.7525 0.418333 0.00749995 0.0166667 0.0257568
7 0.7325 0.433889 0.00625 0.0188889 0.0241394
7 0.0234375 0.537222 0.00617188 0.0222222 0.0238647
2 0.935 0.371389 0.025 0.0344445 0.0235138
7 0.148984 0.413056 0.00359375 0.0127778 0.02211
7 0.928125 0.452222 0.00499999 0.0155555 0.0216217
7 0.725 0.445556 0.00499999 0.0211111 0.0209656
7 0.574375 0.328333 0.00374997 0.0122222 0.0206451
2 0.58125 0.312222 0.019375 0.0233333 0.0202484
3 0.81125 0.300833 0.00625 0.0188889 0.0196838
7 0.7225 0.448889 0.00750001 0.0211111 0.0191193
7 0.636875 0.318056 0.00500005 0.0127778 0.0178528
0 0.335313 0.311111 0.013125 0.0188889 0.0158997
2 0.9525 0.395 0.00750001 0.0344444 0.0153656
7 0.74375 0.423333 0.00499999 0.0166667 0.0151901
0 0.326563 0.316667 0.010625 0.0133333 0.0150757
2 0.9475 0.381111 0.00999997 0.03 0.0150146
3 0.250625 0.338611 0.00375001 0.0222222 0.0142288
0 0.44375 0.272778 0.00625 0.0127778 0.0139008
7 0.195625 0.383333 0.004375 0.0166667 0.0130234
0 0.394375 0.302222 0.00874999 0.0155556 0.01297
7 0.129219 0.415556 0.00296875 0.0133334 0.0124817
7 0.225938 0.368333 0.00499999 0.0111111 0.0120087
7 0.674375 0.33 0.00374997 0.0144444 0.0113297
3 0.190625 0.375556 0.005 0.0233333 0.00963593
2 0.71 0.305 0.00625 0.0166667 0.00948334
0 0.0597656 0.447778 0.0320313 0.03 0.00888062
0 0.409063 0.283333 0.01 0.0144444 0.00878143
0 0.0601563 0.431667 0.0310938 0.0266667 0.00841522
2 0.7175 0.301667 0.01125 0.0177778 0.00793457
0 0.510625 0.297222 0.01 0.0166667 0.00787354
7 0.66875 0.471667 0.00625 0.0255556 0.00757599
2 0.414063 0.333333 0.011875 0.0211111 0.00746155
3 0.505 0.636667 0.00999997 0.0633334 0.00723267
0 0.391875 0.306667 0.00999997 0.0166667 0.00720596
7 0.0749219 0.471667 0.004375 0.0166667 0.0068779
3 0.0255859 0.471667 0.00714844 0.0233333 0.00669098
2 0.721875 0.302222 0.00750001 0.0188889 0.00664139
2 0.58875 0.312778 0.02 0.0194444 0.00643921
7 0.645 0.3175 0.00250003 0.0111111 0.00634003
7 0.709375 0.403333 0.00499999 0.0216667 0.00602722
6 0.0539063 0.471111 0.0267188 0.0477778 0.00572968
0 0.0550781 0.430556 0.0310156 0.0266667 0.00544739
0 0.455 0.262222 0.00374997 0.0077778 0.00418091
2 0.715 0.306667 0.00749995 0.02 0.00376511
3 0.244219 0.479444 0.00718749 0.0577778 0.0037365
7 0.269375 0.371111 0.00499999 0.0155555 0.00369263
3 0.865 0.313333 0.00499999 0.0133333 0.00356483
0 0.995625 0.675556 0.00874996 0.0688889 0.00322342
3 0.23625 0.407222 0.0090625 0.0361111 0.00321007
0 0.960625 0.366667 0.02875 0.0244444 0.00317192
0 0.379375 0.322222 0.01375 0.0222222 0.00316048
7 0.235625 0.37 0.00562499 0.0122222 0.00305176
7 0.169219 0.415833 0.0046875 0.0183333 0.00302696
7 0.615 0.330833 0.00374997 0.0111111 0.00296974
0 0.41 0.273333 0.00874999 0.0144444 0.00291252
7 0.135547 0.420556 0.00328126 0.00888889 0.00284576
2 0.69375 0.333333 0.0125 0.0266667 0.00277901
3 0.55 0.266389 0.00562496 0.0172222 0.00276756
7 0.933125 0.451667 0.00499999 0.0166667 0.00273705
7 0.630625 0.335 0.00374997 0.0144444 0.00273705
7 0.26 0.359444 0.004375 0.0144444 0.00255013
7 0.135156 0.434167 0.00437501 0.0127778 0.00253105
7 0.16625 0.42 0.00375001 0.0144444 0.00242424
3 0.254063 0.331667 0.00593751 0.0233333 0.00237846
3 0.0187207 0.509444 0.00896484 0.0511111 0.00230598
2 0.5775 0.310278 0.0237501 0.0205556 0.00225258
7 0.284688 0.364167 0.00437501 0.0127778 0.00222588
7 0.67125 0.467778 0.00999997 0.0288889 0.00191879
0 0.96625 0.35 0.0300001 0.0233333 0.00188255
7 0.65 0.308889 0.00375004 0.0133333 0.00188255
2 0.811875 0.299444 0.00750001 0.0183333 0.00181007
3 0.23375 0.488333 0.02375 0.0611111 0.00181007
7 0.0111426 0.54125 0.0084375 0.0175 0.0018034
0 0.526563 0.276667 0.00625 0.00888889 0.00170708
0 0.9375 0.374167 0.03125 0.0377778 0.00157356
7 0.095625 0.425 0.00390625 0.0133333 0.00153065
0 0.52875 0.270556 0.00500002 0.0111111 0.0015192
0 0.0288672 0.426111 0.0169531 0.02 0.00147247
0 0.86625 0.300278 0.00749995 0.0133333 0.00144958
2 0.76375 0.323056 0.0225 0.0222222 0.00141048
0 0.84 0.316667 0.0175 0.0138889 0.00141048
0 0.6875 0.333611 0.025 0.0277778 0.00141048
7 0.2225 0.508333 0.010625 0.0355555 0.00139427
0 0.845 0.317222 0.02625 0.0155555 0.00137234
7 0.105781 0.436667 0.004375 0.0133333 0.00131989
7 0.476875 0.558333 0.0625 0.107778 0.00131989
7 0.275 0.365278 0.003125 0.0111111 0.00131512
0 0.41875 0.325278 0.018125 0.0238889 0.00129414
0 0.48375 0.245694 0.00625 0.0105555 0.00128937
0 0.348125 0.335 0.01875 0.0288889 0.0012846
7 0.155469 0.416667 0.00359375 0.0122222 0.0012846
7 0.197539 0.637778 0.0942969 0.111111 0.00127411
3 0.484375 0.658889 0.02875 0.0633334 0.00127411
0 0.98625 0.333889 0.0125 0.0161111 0.0012064
7 0.255313 0.365 0.0028125 0.00999999 0.00120163
3 0.029043 0.475 0.0248047 0.0522222 0.00117874
7 0.7425 0.428056 0.00625 0.0222222 0.0011692
3 0.664375 0.294722 0.00499999 0.0161111 0.0011158
2 0.185 0.378889 0.013125 0.0244444 0.00106525
2 0.1925 0.450556 0.011875 0.0433333 0.00106525
7 0.625938 0.331111 0.003125 0.0111111 0.00100422
