0 0.80125 0.511667 0.145 0.221111 0.961426
0 0.269688 0.825556 0.200625 0.345556 0.961426
0 0.175469 0.68 0.15125 0.271111 0.956055
0 0.693125 0.617778 0.15375 0.346667 0.95459
0 0.362813 0.467222 0.104375 0.19 0.953125
0 0.505625 0.660556 0.1275 0.322222 0.95166
0 0.715625 0.309167 0.095 0.125556 0.946777
0 0.0850781 0.681111 0.129844 0.236667 0.946777
0 0.598125 0.28 0.068125 0.105556 0.944824
0 0.202148 0.433056 0.101328 0.142222 0.942383
0 0.305625 0.372778 0.09875 0.133333 0.941895
0 0.76625 0.951944 0.17 0.0961111 0.941895
0 0.50625 0.3875 0.079375 0.149444 0.936523
5 0.93125 0.788889 0.1375 0.42 0.908203
0 0.815 0.196111 0.04125 0.0783333 0.903809
0 0.0726563 0.262222 0.0365625 0.0411111 0.888184
0 0.325625 0.115417 0.04375 0.0322222 0.867188
0 0.720625 0.0919444 0.0575 0.0427778 0.822266
7 0.245938 0.281111 0.0075 0.0222222 0.812988
0 0.346563 0.0797222 0.014375 0.0238889 0.804199
7 0.744375 0.173889 0.00625 0.0211111 0.803223
7 0.0314844 0.377222 0.00558594 0.02 0.799316
0 0.3325 0.0848611 0.0175 0.0219444 0.795898
7 0.70375 0.200833 0.00750001 0.0238889 0.792969
2 0.705625 0.165833 0.03375 0.0577778 0.767578
2 0.0489844 0.306667 0.0171875 0.0355556 0.766113
1 0.35625 0.0562674 0.026875 0.0388542 0.744629
5 0.76375 0.0610417 0.0475 0.0327778 0.73877
7 0.0448438 0.360278 0.005625 0.0172222 0.733887
0 0.426875 0.0570833 0.015 0.0213889 0.720215
0 0.368438 0.0705556 0.020625 0.0263889 0.682617
0 0.0241992 0.275556 0.0224609 0.0288889 0.682617
0 0.39125 0.0676389 0.01625 0.0208333 0.645996
0 0.7525 0.0521528 0.0275 0.0229167 0.622559
0 0.384375 0.0652778 0.01125 0.0233333 0.613281
5 0.408438 0.0565278 0.01625 0.0294444 0.613281
7 0.75375 0.163333 0.00499999 0.0194444 0.609375
7 0.94625 0.222222 0.00499999 0.0166667 0.604004
0 0.434063 0.0518056 0.01125 0.0172222 0.600098
7 0.77375 0.146111 0.00499999 0.0177778 0.554688
2 0.648125 0.0345139 0.01375 0.0190278 0.472656
0 0.425313 0.0316667 0.009375 0.0141667 0.466797
0 0.75875 0.0569444 0.0375 0.0294444 0.379395
0 0.394375 0.0475 0.011875 0.0169444 0.375732
7 0.165938 0.204444 0.00375001 0.0105556 0.357666
7 0.77125 0.130139 0.00500005 0.0152778 0.350342
7 0.74875 0.126667 0.00375004 0.0188889 0.331055
0 0.431875 0.0195833 0.01 0.0127083 0.299805
7 0.675 0.05125 0.00249996 0.0125 0.287842
7 0.7625 0.153611 0.00625 0.0188889 0.286133
0 0.394063 0.0568056 0.0125 0.0175 0.245117
0 0.38375 0.0508333 0.01 0.0136111 0.237915
0 0.404375 0.0329514 0.00750001 0.0135417 0.219971
0 0.425 0.0471528 0.0125 0.0175 0.204956
0 0.0692187 0.257778 0.031875 0.0372222 0.199951
0 0.37375 0.0636111 0.015 0.0238889 0.199951
0 0.65 0.0344097 0.01875 0.0190972 0.192505
0 0.344375 0.0811111 0.0175 0.0236111 0.191895
0 0.00866211 0.281111 0.017207 0.0288889 0.185303
7 0.0739063 0.293889 0.00421875 0.0122222 0.169922
0 0.0139551 0.276111 0.0245898 0.03 0.158203
0 0.418125 0.0314236 0.00874999 0.0134028 0.157104
0 0.433125 0.0308681 0.00750001 0.0127778 0.154053
0 0.0189648 0.274444 0.0280859 0.0333333 0.144165
0 0.3375 0.0798611 0.015 0.0201389 0.143677
0 0.769375 0.061875 0.04 0.0305556 0.134277
7 0.145469 0.210833 0.0028125 0.0116667 0.131592
0 0.3925 0.0322917 0.01 0.0111111 0.127686
0 0.37875 0.0518056 0.0125 0.0166667 0.122925
0 0.0457813 0.261944 0.0190625 0.0261111 0.122498
7 0.656875 0.0516667 0.00499999 0.0156944 0.102295
0 0.0266455 0.269444 0.0212402 0.0244444 0.0987549
0 0.445 0.0146528 0.00750001 0.0118056 0.0980835
0 0.328828 0.105833 0.0310938 0.025 0.0872803
7 0.946875 0.214444 0.00499999 0.0183333 0.0685425
7 0.0694531 0.299167 0.005 0.0144444 0.0665894
5 0.431875 0.0172569 0.00874999 0.0152778 0.0661011
5 0.00604492 0.260486 0.0118945 0.03125 0.0541992
7 0.77375 0.137778 0.00499999 0.0152778 0.0483093
0 0.00594727 0.283889 0.0118359 0.0277778 0.0456848
5 0.0059082 0.254167 0.0117773 0.0288889 0.0423889
2 0.7325 0.0333333 0.00750001 0.0165278 0.0401001
7 0.285781 0.1175 0.003125 0.0108333 0.0397949
0 0.379063 0.0669444 0.015625 0.0252778 0.0389099
0 0.748125 0.05125 0.03125 0.0205556 0.0317383
0 0.315937 0.106597 0.02125 0.02375 0.0304413
7 0.693125 0.18625 0.00625 0.0225 0.0303345
0 0.389375 0.0708333 0.0175 0.0255556 0.0270691
0 0.576875 0.0225694 0.019375 0.0140278 0.0250854
2 0.7475 0.125694 0.00625 0.0230556 0.024704
2 0.616875 0.0307292 0.00625 0.0140278 0.0244293
7 0.71125 0.20375 0.00750001 0.025 0.0241394
0 0.455 0.010625 0.00625 0.00805556 0.0238647
0 0.46 0.00475694 0.00500002 0.00951389 0.021698
7 0.695625 0.0506944 0.00249996 0.0108333 0.0216217
2 0.70375 0.161667 0.025 0.0561111 0.0213318
0 0.4425 0.0415972 0.013125 0.0195833 0.0208893
2 0.715 0.0686111 0.00749995 0.0205556 0.0195007
7 0.255313 0.135278 0.003125 0.00777777 0.0191956
7 0.7525 0.166944 0.00749995 0.0233333 0.0175781
0 0.7825 0.0658333 0.035 0.0238889 0.0168457
0 0.9775 0.690556 0.0449999 0.23 0.0166626
0 0.589063 0.0222917 0.0225 0.0131944 0.0164032
0 0.193438 0.156111 0.0346875 0.03 0.0162811
7 0.25875 0.263611 0.00812499 0.0227778 0.0156708
2 0.604375 0.0403993 0.00562503 0.0192014 0.0156021
7 0.69125 0.187222 0.00499999 0.0236111 0.0156021
7 0.224844 0.154722 0.0034375 0.00944446 0.0155411
0 0.192969 0.158333 0.0259375 0.0294444 0.0153046
0 0.19125 0.16125 0.03375 0.0319444 0.0139542
7 0.295313 0.117222 0.003125 0.01 0.0136337
0 0.0201563 0.28 0.0280469 0.0355555 0.0136337
2 0.0139087 0.260833 0.0115967 0.0255555 0.013588
7 0.70375 0.196389 0.00750001 0.0216667 0.0132751
2 0.6475 0.0377778 0.00999997 0.0208333 0.012291
7 0.594688 0.0443056 0.00437495 0.01375 0.0118713
5 0.0210938 0.246528 0.01875 0.0219444 0.0115967
7 0.69 0.055 0.00250003 0.0102778 0.0111618
7 0.0655078 0.298333 0.0040625 0.015 0.0110703
2 0.60125 0.0263194 0.0125 0.0145833 0.0107803
5 0.0150586 0.249722 0.0105078 0.0222222 0.0105667
0 0.443125 0.0294792 0.01 0.0200694 0.0102463
7 0.730625 0.120694 0.00625 0.0252778 0.01017
0 0.7075 0.0838889 0.03125 0.0297222 0.00993347
0 0.319688 0.112083 0.031875 0.0291667 0.00941467
0 0.386875 0.0338542 0.00749998 0.0135417 0.00937653
7 0.16625 0.196667 0.00375001 0.0172222 0.00891876
7 0.25 0.124306 0.003125 0.0108333 0.0085144
7 0.670625 0.0527778 0.00249996 0.0105556 0.00812531
2 0.74625 0.0988194 0.0112501 0.0401389 0.00803375
0 0.449063 0.0170833 0.01 0.0141667 0.00800323
7 0.7475 0.124028 0.00625 0.02 0.00734711
3 0.70875 0.0244792 0.00500005 0.0178472 0.00679779
3 0.88625 0.06375 0.00499999 0.0188889 0.00621796
7 0.70375 0.0477778 0.00499999 0.0102778 0.00619125
7 0.694375 0.0613889 0.00374997 0.00958334 0.00582123
7 0.9475 0.224444 0.00500005 0.02 0.00575256
0 0.598125 0.0235417 0.01375 0.0155556 0.00551224
0 0.995625 0.123056 0.00874996 0.0372222 0.00502014
0 0.99375 0.131111 0.0124999 0.0383333 0.00494385
0 0.4625 0.00923611 0.00625 0.00833333 0.00479126
7 0.615 0.0461111 0.00562503 0.0133333 0.00477219
7 0.168281 0.198889 0.004375 0.0133333 0.00473785
7 0.0840625 0.290278 0.005 0.0144444 0.00468063
7 0.254688 0.121944 0.00374999 0.0133333 0.0046463
0 0.48625 0.0121875 0.00499999 0.00847222 0.00450516
7 0.14625 0.22 0.00375001 0.0113889 0.00446701
2 0.70375 0.025625 0.00499999 0.0154167 0.00434875
2 0.295 0.085 0.01125 0.02 0.00426483
7 0.94125 0.219167 0.00500005 0.0155556 0.00426483
2 0.132969 0.176111 0.00703126 0.0177778 0.00403976
0 0.3375 0.0706944 0.01 0.0169444 0.00399017
5 0.45 0.0338194 0.0225 0.03125 0.0039444
7 0.0951563 0.278889 0.00281251 0.00944446 0.0039444
7 0.140625 0.215556 0.00406251 0.0127778 0.00388527
7 0.260625 0.263056 0.009375 0.0238889 0.00387001
7 0.765 0.118333 0.00374997 0.015 0.00351143
5 0.5825 0.0238889 0.03125 0.0163889 0.00319672
0 0.409375 0.0249306 0.01 0.0148611 0.00318527
7 0.149844 0.201806 0.003125 0.0138889 0.00302696
7 0.135078 0.223056 0.00328124 0.0105555 0.00293541
0 0.986875 0.1375 0.02625 0.0288889 0.00284576
5 0.430313 0.016875 0.0125 0.0152778 0.00281143
0 0.74875 0.0572222 0.03375 0.0252778 0.00275803
0 0.99 0.125035 0.0199999 0.0327083 0.00275803
2 0.20875 0.157778 0.009375 0.0269444 0.00265312
7 0.246875 0.278889 0.0090625 0.0244445 0.0024929
7 0.715 0.0491667 0.00500005 0.0130556 0.00247192
7 0.664375 0.0490278 0.00249996 0.00916667 0.00237846
0 0.0716406 0.243194 0.0301562 0.0286111 0.00231361
3 0.274375 0.10375 0.00562499 0.0208333 0.00214958
0 0.195313 0.164167 0.0178125 0.0283333 0.00206757
7 0.715625 0.310278 0.09375 0.126111 0.00206757
3 0.270625 0.100278 0.00531251 0.0272222 0.00199509
0 0.8325 0.0756944 0.035 0.0247222 0.00198746
3 0.214688 0.141111 0.004375 0.0166667 0.00183868
7 0.65125 0.0484028 0.00499999 0.02125 0.00174141
0 0.7725 0.0754167 0.025 0.0184722 0.00168133
0 0.864375 0.0833333 0.03 0.02 0.00165462
7 0.244688 0.1375 0.003125 0.00944444 0.0015974
0 0.324063 0.0913889 0.0225 0.0238889 0.00158501
0 0.00836914 0.424167 0.0167188 0.0566666 0.00158501
0 0.735 0.0669444 0.05375 0.0294444 0.00150108
2 0.206563 0.144722 0.01125 0.0233333 0.00139904
0 0.995625 0.110313 0.00874996 0.0399306 0.00138855
3 0.235156 0.135 0.00406251 0.0188889 0.00137806
0 0.995 0.142917 0.00999997 0.0391667 0.00135612
0 0.81625 0.0770833 0.0425001 0.0255556 0.00135612
1 0.3725 0.0332639 0.01 0.02375 0.00131512
0 0.9825 0.141667 0.0275 0.0261111 0.00126457
3 0.70625 0.016875 0.00750001 0.0184028 0.00123501
7 0.12625 0.221111 0.00406249 0.0144444 0.00123501
5 0.187188 0.160556 0.033125 0.0338889 0.00117874
0 0.973125 0.645556 0.05375 0.135556 0.0011692
0 0.83375 0.0729167 0.0275 0.0219444 0.0011425
3 0.8875 0.0630556 0.00750001 0.0263889 0.0011425
0 0.981875 0.653333 0.03625 0.151111 0.00113392
0 0.71125 0.0802778 0.0425 0.0391667 0.00113392
5 0.00363281 0.239583 0.00726563 0.0425 0.0011158
2 0.73375 0.121389 0.00749995 0.0216667 0.00109863
7 0.71125 0.201944 0.01 0.0294444 0.00109005
0 0.0492969 0.251597 0.0185938 0.0256944 0.00101662
