0 0.83125 0.886667 0.18 0.226667 0.958984
0 0.615625 0.773333 0.115 0.215556 0.958496
0 0.57875 0.574306 0.075 0.113611 0.956543
0 0.280625 0.890833 0.16625 0.218333 0.955566
0 0.229063 0.711667 0.114375 0.155556 0.951172
0 0.473125 0.927778 0.141875 0.142222 0.94873
0 0.4775 0.674444 0.080625 0.146667 0.938965
0 0.674375 0.578889 0.08125 0.114444 0.9375
0 0.38 0.613333 0.075 0.121111 0.936035
0 0.485 0.490278 0.05625 0.0927778 0.93457
5 0.40125 0.3425 0.05375 0.0555556 0.90918
0 0.179414 0.488056 0.0649219 0.0688889 0.907227
0 0.385 0.394444 0.065625 0.0455555 0.895508
0 0.555625 0.350278 0.055 0.0355556 0.891602
0 0.0630469 0.44 0.0373438 0.0311111 0.875
0 0.28375 0.388333 0.0475 0.0344445 0.873047
0 0.224375 0.399167 0.051875 0.0366667 0.862305
0 0.329375 0.331944 0.01875 0.0227778 0.850098
0 0.139219 0.431667 0.054375 0.0366667 0.842773
1 0.72875 0.317222 0.12 0.0622222 0.833984
2 0.230781 0.426667 0.0246875 0.0388889 0.825684
2 0.318906 0.391111 0.0196875 0.0366667 0.820801
0 0.461563 0.308056 0.01375 0.0188889 0.813965
1 0.86625 0.316667 0.0475 0.0444444 0.806641
0 0.36125 0.329444 0.0175 0.0205556 0.803223
0 0.012168 0.468333 0.0243359 0.03 0.796875
0 0.345625 0.327778 0.014375 0.0233333 0.786621
2 0.00864746 0.525 0.0149902 0.0388889 0.78125
7 0.666875 0.463889 0.00625 0.0233333 0.767578
7 0.234688 0.503889 0.00718751 0.0222222 0.766113
0 0.92 0.329722 0.0225 0.0194444 0.751953
0 0.0220752 0.455 0.0301465 0.0283333 0.747559
0 0.79875 0.326944 0.0325 0.0244444 0.71875
0 0.05625 0.417222 0.0228125 0.0238889 0.694336
7 0.92625 0.457778 0.00499999 0.0144444 0.649414
7 0.0231445 0.528889 0.00527344 0.0166667 0.647949
7 0.221563 0.517778 0.0078125 0.0244445 0.618652
0 0.361563 0.31 0.01125 0.0177778 0.584961
7 0.75 0.415 0.00499999 0.0166667 0.583008
7 0.6775 0.48 0.00749995 0.0244445 0.577637
2 0.583125 0.315556 0.011875 0.0188889 0.567871
0 0.420938 0.332778 0.03375 0.0311111 0.533203
7 0.72875 0.438889 0.00499999 0.0188889 0.514648
7 0.74625 0.401667 0.00500005 0.015 0.503906
0 0.0116699 0.453889 0.0233008 0.0255556 0.472656
7 0.63375 0.330278 0.00374997 0.0111111 0.466797
7 0.72375 0.4 0.00499999 0.0166667 0.445557
0 0.0152734 0.452778 0.0302734 0.0288889 0.430176
7 0.92375 0.466667 0.00499999 0.0155556 0.405518
7 0.73875 0.426389 0.00499999 0.0194444 0.385742
7 0.0639063 0.471667 0.004375 0.0144444 0.267334
7 0.65375 0.327222 0.00374997 0.0122222 0.259766
0 0.371875 0.311667 0.00874999 0.0166667 0.21936
0 0.354375 0.313333 0.00999997 0.0155556 0.218018
5 0.494688 0.262222 0.00687501 0.0111111 0.213989
7 0.74375 0.418333 0.00499999 0.0177778 0.210815
0 0.686875 0.306667 0.0375 0.0222222 0.196777
0 0.445938 0.263611 0.00625 0.0111111 0.190063
0 0.695625 0.309444 0.05625 0.0266667 0.177856
7 0.735625 0.431111 0.00625 0.0177778 0.169434
7 0.0128516 0.537222 0.00615234 0.0166667 0.155029
0 0.386875 0.295556 0.00749998 0.0122222 0.140381
0 0.420625 0.283333 0.00687497 0.0122222 0.139404
0 0.37125 0.308889 0.00874999 0.0155555 0.119995
7 0.0489844 0.4775 0.00421875 0.0133333 0.117554
2 0.6825 0.343056 0.00999997 0.0261111 0.115173
7 0.7375 0.428333 0.00499999 0.0188889 0.11438
0 0.0143555 0.461667 0.0273828 0.0311111 0.0913696
0 0.485313 0.258333 0.00562499 0.00944443 0.0827026
7 0.0466797 0.476111 0.00421875 0.0122223 0.081543
0 0.4225 0.282222 0.00874999 0.0144444 0.0755615
7 0.72625 0.441111 0.00499999 0.0183333 0.0673218
2 0.690625 0.340556 0.02 0.0288889 0.0510864
0 0.760625 0.330556 0.0375 0.0266667 0.0507202
2 0.1925 0.452222 0.013125 0.0444444 0.0450134
0 0.54875 0.347222 0.041875 0.0333334 0.0406189
0 0.00505859 0.407222 0.01 0.0177778 0.0375977
0 0.685 0.301111 0.035 0.0222222 0.0366211
3 0.193125 0.45 0.0128125 0.0422222 0.0328369
7 0.224688 0.365556 0.003125 0.0105556 0.0325928
0 0.79 0.324722 0.0362501 0.0272222 0.0323486
0 0.373438 0.326667 0.01625 0.0211111 0.0322266
0 0.379688 0.288889 0.00687501 0.0111111 0.0272217
7 0.75375 0.415 0.00499999 0.0161111 0.0258636
2 0.149688 0.431944 0.0378125 0.0372222 0.0257568
0 0.7675 0.328333 0.0425 0.0266667 0.0239563
0 0.363125 0.331111 0.02125 0.0244444 0.0236969
0 0.00368652 0.415278 0.00736328 0.0188889 0.0224609
7 0.234375 0.365556 0.003125 0.00888887 0.0220337
0 0.878125 0.333889 0.0225 0.0161111 0.0206451
0 0.418125 0.325 0.025 0.0277778 0.0202484
7 0.221875 0.506111 0.0075 0.0266667 0.0190887
0 0.447188 0.266111 0.00750001 0.01 0.0165253
0 0.0116602 0.473889 0.0219922 0.0388889 0.0164032
0 0.0478809 0.422222 0.0292383 0.0233333 0.0155411
0 0.564375 0.348889 0.035 0.0322222 0.0154266
0 0.435938 0.277778 0.00562499 0.00888889 0.0151291
7 0.125156 0.406111 0.00328125 0.0127778 0.0145569
5 0.435 0.261667 0.00500002 0.00999999 0.0136871
0 0.493125 0.266667 0.00750001 0.01 0.0131683
7 0.67625 0.3475 0.00499999 0.0138889 0.0130234
2 0.188594 0.453889 0.0190625 0.0455556 0.0130234
2 0.584375 0.312778 0.01375 0.0211111 0.0126266
0 0.69 0.297222 0.0375 0.0244444 0.0123825
7 0.65375 0.318889 0.00374997 0.0122222 0.0109863
2 0.57625 0.317778 0.01375 0.0155555 0.0108185
0 0.694375 0.328889 0.04125 0.0394444 0.0105667
7 0.9275 0.452222 0.00499999 0.0155555 0.00989532
3 0.220781 0.360833 0.004375 0.015 0.00981903
0 0.475 0.26 0.00500002 0.00666668 0.00891876
0 0.3775 0.298056 0.00812502 0.0111111 0.00881195
0 0.345625 0.323056 0.01375 0.0222222 0.00871277
7 0.145234 0.404167 0.00375001 0.0116667 0.00871277
7 0.66625 0.354444 0.00374997 0.0122222 0.00847626
0 0.39 0.317778 0.01375 0.0216667 0.008255
0 0.70875 0.295 0.075 0.0188889 0.00809479
3 0.77625 0.347778 0.00750001 0.0255556 0.00775528
0 0.765625 0.317778 0.04625 0.0322222 0.00757599
0 0.389375 0.3075 0.0175 0.0205556 0.00723267
0 0.756875 0.318889 0.06 0.0433333 0.00703812
2 0.691875 0.332222 0.035 0.0355555 0.00695801
7 0.566875 0.318056 0.00499999 0.0144444 0.0069046
2 0.292813 0.344444 0.00812499 0.0166667 0.00679779
3 0.157734 0.442778 0.0107813 0.0355555 0.00656509
0 0.00890625 0.406944 0.0151367 0.0177778 0.00643921
7 0.609688 0.308889 0.003125 0.0138889 0.00629044
3 0.260625 0.353056 0.0059375 0.0183333 0.00619125
0 0.8875 0.335 0.02 0.0144444 0.00557709
0 0.98625 0.333611 0.00750001 0.0133333 0.00544739
0 0.0631641 0.433889 0.0347656 0.0322222 0.00540543
2 0.58375 0.306389 0.00875003 0.0255556 0.00534439
0 0.328125 0.303889 0.01 0.0155555 0.00530243
7 0.6725 0.336667 0.00750001 0.0188889 0.00526047
5 0.420625 0.329444 0.035 0.035 0.00492477
0 0.22875 0.43 0.023125 0.0366667 0.00482941
7 0.594375 0.316667 0.00499999 0.0133333 0.00469971
7 0.0552344 0.473333 0.00335937 0.0127778 0.00450516
3 0.48875 0.308889 0.00499999 0.0211111 0.00439835
0 0.97125 0.336111 0.01875 0.0166667 0.00397491
0 0.464375 0.265 0.00437501 0.0111111 0.0039444
7 0.615 0.328889 0.00374997 0.0111111 0.0039444
0 0.469375 0.268333 0.00500002 0.00888889 0.0039444
0 0.525625 0.274722 0.00500002 0.00999999 0.00391388
0 0.445938 0.272222 0.00749998 0.0138889 0.00383949
7 0.284687 0.352222 0.00406249 0.0122222 0.00382423
0 0.9675 0.337778 0.0125 0.015 0.00376511
7 0.0114282 0.545417 0.00796387 0.0225 0.0037365
0 0.534375 0.277778 0.00437501 0.00777777 0.00370789
0 0.74375 0.304444 0.0825 0.0316667 0.00370789
0 0.388125 0.316111 0.0125 0.0172222 0.00362206
7 0.293125 0.346667 0.00625 0.0144444 0.00353813
7 0.265313 0.351944 0.00374999 0.0122222 0.00349617
0 0.391875 0.298333 0.010625 0.0133334 0.00337601
7 0.214688 0.366111 0.0028125 0.0133333 0.00335121
0 0.455625 0.262222 0.00375001 0.00888887 0.00333786
7 0.63625 0.318333 0.00375004 0.0122222 0.00324821
0 0.74125 0.298056 0.0825 0.025 0.00319672
3 0.189531 0.373889 0.005 0.0216667 0.00319672
7 0.614688 0.315278 0.003125 0.00944443 0.00314713
3 0.164063 0.382222 0.004375 0.0222222 0.00284576
0 0.74375 0.317778 0.0875 0.05 0.00282288
0 0.69625 0.308889 0.0575 0.04 0.00274658
0 0.96625 0.345833 0.015 0.02 0.00265312
0 0.339063 0.315278 0.0125 0.0138889 0.00263214
0 0.464375 0.274444 0.00499999 0.01 0.00259018
7 0.605625 0.313611 0.00374997 0.00944446 0.00228691
0 0.8525 0.312222 0.0225 0.0311111 0.00228691
0 0.0348828 0.403056 0.010625 0.0177778 0.00226974
2 0.70375 0.344444 0.0125 0.02 0.00223351
0 0.725 0.297778 0.1225 0.0244444 0.00221634
0 0.8875 0.341944 0.035 0.0216667 0.00219917
7 0.671875 0.473889 0.00750001 0.0266667 0.00218201
0 0.529688 0.269722 0.00500002 0.00833333 0.00214005
1 0.7275 0.302222 0.1175 0.0333333 0.00211525
0 0.965 0.334722 0.00999997 0.0155556 0.0020504
7 0.253594 0.491111 0.00562499 0.0177777 0.00198746
0 0.0314063 0.410556 0.0102344 0.02 0.0019722
3 0.775 0.348889 0.0125 0.0255556 0.0019722
0 0.87875 0.309722 0.0199999 0.0316666 0.00189686
0 0.75875 0.302778 0.0550001 0.0255556 0.00186729
2 0.320938 0.386111 0.016875 0.0455555 0.00185299
0 0.00952149 0.415 0.019043 0.0277778 0.00179577
7 0.265313 0.367222 0.00437501 0.0111111 0.0017271
2 0.0358984 0.391667 0.0115625 0.0233333 0.0017004
0 0.758125 0.339722 0.03375 0.0244444 0.00168705
0 0.35375 0.31 0.0125 0.0177778 0.00163555
0 0.86375 0.328333 0.0425 0.0205556 0.00156116
0 0.36375 0.301667 0.00750001 0.0144444 0.00154877
3 0.694375 0.447778 0.00875003 0.0616667 0.00153637
0 0.70375 0.298889 0.065 0.0277778 0.00153065
0 0.4225 0.29 0.00812502 0.0144444 0.00148964
0 0.429375 0.269444 0.00625 0.00888889 0.0014782
0 0.91875 0.339444 0.0225 0.0244444 0.00145531
0 0.484688 0.244444 0.00499999 0.00944443 0.00140476
0 0.405 0.28 0.00625 0.00888889 0.00136185
2 0.114375 0.384444 0.005 0.0155555 0.00134563
0 0.356875 0.280556 0.00625 0.0194444 0.00133514
2 0.222813 0.418333 0.044375 0.0466667 0.00129414
2 0.68625 0.285556 0.00750001 0.0177778 0.00127411
0 0.0059668 0.386111 0.0110742 0.02 0.00127411
7 0.134219 0.406667 0.0046875 0.0155555 0.00123501
7 0.630313 0.335 0.00437501 0.0144444 0.00113392
7 0.275938 0.351944 0.00437498 0.0122222 0.00112438
0 0.765625 0.307222 0.045 0.0322222 0.0011034
0 0.0179785 0.436111 0.0211523 0.0266667 0.00108147
0 0.41875 0.279167 0.00874999 0.01 0.00107765
7 0.380313 0.613889 0.074375 0.121111 0.00106907
0 0.515 0.262222 0.00375001 0.00722221 0.00106525
7 0.145 0.386111 0.0034375 0.01 0.00103188
