0 0.29125 0.861667 0.156875 0.274444 0.959961
0 0.464063 0.887778 0.130625 0.224444 0.953613
0 0.665 0.559444 0.0800001 0.108889 0.945801
0 0.675 0.918889 0.1525 0.162222 0.945312
0 0.601875 0.664444 0.1025 0.182222 0.941895
0 0.4825 0.624444 0.0725 0.131111 0.94043
0 0.38375 0.578333 0.08125 0.125556 0.939941
0 0.7525 0.726111 0.1325 0.192222 0.936523
0 0.88875 0.9475 0.1625 0.105 0.925781
0 0.350938 0.479722 0.055625 0.0716667 0.922852
0 0.558125 0.507222 0.0575 0.0855555 0.922852
0 0.289688 0.383889 0.038125 0.0322222 0.891602
0 0.448125 0.334167 0.04 0.0294445 0.878418
0 0.37875 0.404444 0.03 0.0444444 0.875
0 0.310156 0.400556 0.0334375 0.0388889 0.868652
0 0.71875 0.325278 0.04 0.0272222 0.801758
2 0.00719727 0.515833 0.0143945 0.0366666 0.800781
2 0.641875 0.375833 0.025 0.0377778 0.79834
0 0.0435938 0.446667 0.0334375 0.0288889 0.786621
0 0.150313 0.401389 0.031875 0.0283333 0.78418
7 0.235938 0.504444 0.00687499 0.0244444 0.771973
0 0.0178418 0.466111 0.0355273 0.0355556 0.764648
7 0.66625 0.465556 0.00499999 0.0211111 0.762207
0 0.67625 0.310278 0.035 0.0227778 0.750488
0 0.255625 0.350556 0.025 0.0233333 0.730957
0 0.7625 0.334444 0.0425 0.0255555 0.725098
7 0.222188 0.519722 0.00687499 0.0227778 0.694336
0 0.386563 0.348333 0.0225 0.0277778 0.673828
2 0.224844 0.366111 0.0125 0.02 0.665527
0 0.95125 0.3625 0.0325 0.0294445 0.65332
7 0.72375 0.398611 0.00499999 0.015 0.649414
2 0.0696875 0.464444 0.0152344 0.0283333 0.642578
0 0.348125 0.332222 0.015 0.0222222 0.637207
7 0.72875 0.439444 0.00499999 0.0188889 0.635254
0 0.127813 0.391111 0.0251563 0.0211111 0.605957
0 0.0960938 0.409444 0.0303125 0.0244444 0.604004
2 0.589375 0.3125 0.015 0.0194444 0.592773
2 0.6425 0.315 0.00874996 0.0227778 0.59082
0 0.127969 0.395556 0.0264063 0.0233333 0.577637
7 0.74875 0.416111 0.00499999 0.0166667 0.556641
2 0.0259961 0.511667 0.0172656 0.0427778 0.554688
0 0.39625 0.326944 0.01875 0.0205556 0.519531
2 0.0290039 0.514444 0.0166797 0.0433333 0.507812
0 0.350313 0.329444 0.0175 0.0227778 0.505859
0 0.333125 0.331389 0.015 0.0244444 0.498047
0 0.82 0.332778 0.0375 0.0222222 0.482422
0 0.0090332 0.454167 0.0180664 0.0277778 0.478516
7 0.738125 0.427222 0.00499999 0.0211111 0.467773
0 0.0996875 0.405278 0.0314063 0.0227778 0.466797
0 0.329688 0.332778 0.015625 0.0211111 0.458984
2 0.0301563 0.518889 0.0127344 0.0366666 0.457031
0 0.90125 0.326111 0.0275 0.02 0.430176
7 0.0488672 0.477778 0.00382813 0.0166666 0.421631
0 0.350625 0.306111 0.01125 0.0155555 0.38501
7 0.74625 0.4 0.00500005 0.0155556 0.379395
2 0.207031 0.377222 0.0059375 0.0233333 0.37207
0 0.367188 0.326667 0.015 0.0216667 0.357666
0 0.406875 0.317222 0.015 0.02 0.345215
0 0.394375 0.305556 0.0125 0.0177778 0.343262
2 0.62375 0.323056 0.01 0.0266667 0.319092
0 0.895 0.326111 0.025 0.0172222 0.315674
7 0.126484 0.423333 0.0040625 0.0111111 0.303955
0 0.9475 0.360556 0.0275 0.0277778 0.303223
0 0.395 0.307778 0.015 0.0188889 0.299072
0 0.384375 0.333889 0.018125 0.0205556 0.294189
7 0.010459 0.545556 0.00505859 0.0177778 0.286133
0 0.3825 0.315556 0.01375 0.0177778 0.284668
7 0.924375 0.457222 0.00499999 0.0188889 0.273682
0 0.385 0.344722 0.020625 0.0311111 0.260498
0 0.365313 0.316111 0.01375 0.02 0.248047
0 0.374375 0.326667 0.015 0.0194444 0.211426
0 0.408125 0.279444 0.00875003 0.0122222 0.206299
0 0.50375 0.2575 0.00625 0.0105555 0.202393
0 0.39875 0.324444 0.01875 0.0211111 0.193115
0 0.3475 0.311389 0.0125 0.0183333 0.189575
0 0.435 0.275556 0.01 0.0144444 0.184204
0 0.33625 0.319444 0.0125 0.0155556 0.177856
0 0.110781 0.400833 0.02 0.0216667 0.176147
3 0.207813 0.377222 0.00562501 0.0222222 0.168823
0 0.413438 0.310556 0.015625 0.0188889 0.160767
0 0.0074707 0.448611 0.0149414 0.025 0.152588
0 0.408438 0.307222 0.01375 0.0183333 0.144165
0 0.37625 0.315 0.0125 0.0188889 0.134766
1 0.378125 0.299444 0.01625 0.0227778 0.125488
0 0.395 0.302222 0.0125 0.0172222 0.120422
0 0.410938 0.279444 0.010625 0.0133333 0.108948
7 0.00713745 0.542083 0.00646729 0.0180556 0.108582
0 0.351563 0.31 0.01125 0.0183333 0.104858
0 0.136484 0.398889 0.0282813 0.0238889 0.10376
0 0.40625 0.298333 0.0125 0.0183333 0.102661
2 0.259531 0.351667 0.00874999 0.0233333 0.0970459
0 0.844375 0.335 0.03125 0.0177778 0.0957031
3 0.273906 0.347778 0.00437501 0.0211111 0.0943604
2 0.235938 0.346389 0.005 0.0166667 0.0888062
7 0.68625 0.353056 0.00499999 0.015 0.0863037
7 0.6775 0.478333 0.00749995 0.0233333 0.083313
0 0.484375 0.264444 0.00500002 0.0116667 0.0820923
2 0.0622656 0.422778 0.00796875 0.02 0.0800781
2 0.257812 0.362778 0.0075 0.0177778 0.0786133
0 0.90125 0.331111 0.03125 0.0227778 0.0786133
0 0.317344 0.315556 0.00968752 0.0188889 0.0755615
0 0.475938 0.263056 0.00625 0.0105555 0.0750122
0 0.370938 0.310833 0.0125 0.02 0.0653687
0 0.319688 0.326389 0.0125 0.0166667 0.0632324
5 0.383125 0.296111 0.01125 0.0183333 0.0621033
2 0.55625 0.297222 0.01 0.0161111 0.0621033
2 0.6925 0.392778 0.015 0.0333333 0.0618896
0 0.43125 0.273056 0.00874999 0.0138889 0.0605164
3 0.0227344 0.514444 0.0125781 0.0455556 0.0566406
3 0.88625 0.425278 0.00999997 0.0472222 0.0564575
0 0.445 0.263333 0.00625 0.0111111 0.0524292
7 0.74625 0.418889 0.00500005 0.0161111 0.0437012
3 0.21375 0.355556 0.005 0.0188889 0.0432129
7 0.73625 0.430278 0.00499999 0.02 0.042572
3 0.209375 0.348889 0.005 0.0244445 0.0417786
3 0.163125 0.368889 0.00562499 0.0211111 0.0408325
0 0.515 0.261667 0.00499999 0.00888889 0.0391846
0 0.895 0.321944 0.0225 0.0194444 0.0389099
2 0.221875 0.362222 0.00718751 0.0188889 0.0387573
0 0.4725 0.266667 0.00625 0.01 0.037323
3 0.169531 0.375556 0.0059375 0.0188889 0.0367737
0 0.448438 0.268056 0.00562499 0.01 0.0366211
0 0.424688 0.277222 0.01 0.0155556 0.036499
0 0.526563 0.276111 0.00687501 0.0105556 0.0360718
0 0.324922 0.318333 0.0126562 0.0166667 0.0352783
0 0.487813 0.268333 0.00625 0.00888889 0.0339661
2 0.0272461 0.506667 0.0188281 0.0422222 0.0306702
2 0.655 0.313333 0.00499999 0.02 0.0289764
7 0.6325 0.3275 0.00625 0.0172222 0.0281067
7 0.0250195 0.537222 0.00457031 0.02 0.0280151
0 0.89875 0.322778 0.0275 0.0211111 0.0279083
2 0.269688 0.348889 0.00437498 0.0211111 0.0273743
3 0.190313 0.369722 0.00562501 0.0205556 0.0267639
0 0.413125 0.295 0.01 0.0138889 0.0253754
0 0.0886133 0.419167 0.0312109 0.025 0.0252686
7 0.67375 0.329722 0.00499999 0.0116667 0.0235138
7 0.630938 0.332778 0.00437501 0.0183333 0.02211
0 0.4175 0.284722 0.00999997 0.0155556 0.0218201
3 0.853125 0.408889 0.00874996 0.0522222 0.0208893
0 0.421875 0.307778 0.0125 0.0177778 0.0206451
0 0.00382324 0.404444 0.00764649 0.0166667 0.0202484
2 0.646875 0.313611 0.01 0.0216667 0.0201416
2 0.214531 0.362222 0.00406249 0.0177778 0.0197906
0 0.351563 0.303056 0.010625 0.0166667 0.0195618
0 0.424063 0.300278 0.0125 0.02 0.0189819
3 0.6875 0.384722 0.00750001 0.0261111 0.0184021
0 0.0551953 0.426111 0.0146875 0.0211111 0.0183411
0 0.443125 0.274444 0.00750001 0.0116667 0.0176392
2 0.7125 0.300556 0.00750001 0.0166667 0.0175171
7 0.68375 0.479444 0.00500005 0.0222223 0.0167847
2 0.886875 0.421667 0.00999997 0.0477778 0.0167236
0 0.45375 0.262222 0.00562499 0.00999999 0.0164642
2 0.585 0.299444 0.00687497 0.0155556 0.0163422
2 0.0470313 0.476389 0.00578125 0.015 0.0159607
2 0.546875 0.297222 0.00874996 0.0155556 0.0158997
7 0.67 0.472222 0.00499999 0.0261111 0.0157166
0 0.948125 0.369167 0.02875 0.035 0.0154877
2 0.68625 0.384444 0.00750001 0.0244444 0.0149536
3 0.0645703 0.401667 0.00492188 0.0177778 0.0147858
3 0.84375 0.316389 0.00499999 0.0161111 0.0141754
7 0.928125 0.449167 0.00499999 0.0177778 0.0141144
2 0.192656 0.368611 0.00625 0.0211111 0.014061
3 0.8875 0.43 0.01125 0.0561111 0.014061
0 0.137813 0.402778 0.0234375 0.0233333 0.0138474
3 0.155625 0.371944 0.005 0.0183333 0.0130692
7 0.92375 0.466667 0.00499999 0.0272222 0.0130692
2 0.548438 0.299444 0.00687504 0.0155556 0.0125275
0 0.41 0.275833 0.0125 0.0166667 0.0122375
2 0.18625 0.366111 0.0125 0.02 0.0121918
7 0.0131641 0.545556 0.00503906 0.0177778 0.0119629
0 0.42 0.328333 0.02125 0.0233333 0.0115967
7 0.67375 0.361111 0.00499999 0.0155556 0.0115051
3 0.265313 0.362222 0.00437501 0.0144444 0.0107803
2 0.0503906 0.416667 0.00921875 0.02 0.0106506
5 0.494375 0.2625 0.00500002 0.0105555 0.0104904
7 0.71 0.403611 0.00499999 0.0211111 0.0104904
0 0.363125 0.301111 0.01 0.0166667 0.0103683
3 0.00315674 0.417222 0.00589356 0.0144444 0.0103302
2 0.6925 0.403333 0.0175 0.0544445 0.0101318
0 0.53 0.268889 0.00625 0.01 0.00963593
3 0.65375 0.322778 0.00499999 0.0211111 0.00952148
2 0.688125 0.396111 0.00999997 0.0433333 0.00861359
2 0.0718359 0.461111 0.0157031 0.0333333 0.0085144
0 0.765625 0.323056 0.0275 0.0222222 0.00837708
7 0.6175 0.326667 0.00625 0.0205556 0.00834656
0 0.819375 0.336111 0.04125 0.0277778 0.00831604
7 0.7275 0.44 0.00500005 0.0177778 0.008255
0 0.104844 0.391667 0.0215625 0.0211111 0.00800323
0 0.0469531 0.426667 0.0308594 0.0261111 0.00793457
2 0.2275 0.365833 0.01625 0.0205556 0.00772476
7 0.575 0.326111 0.00437501 0.0144444 0.00763702
0 0.72125 0.306667 0.03375 0.0172222 0.00757599
2 0.143438 0.392222 0.0109375 0.02 0.00714874
0 0.3725 0.332778 0.02375 0.0266667 0.00701141
2 0.643125 0.370278 0.02625 0.0316667 0.00698471
0 0.34875 0.303333 0.01125 0.0177778 0.00671768
7 0.67375 0.354722 0.00499999 0.0155556 0.00669098
3 0.146094 0.408333 0.0103125 0.0255556 0.0064621
7 0.67 0.339444 0.00499999 0.0177778 0.00638962
7 0.195313 0.384167 0.004375 0.0166667 0.00626373
2 0.639688 0.314444 0.013125 0.0222222 0.00616837
0 0.765 0.324444 0.035 0.0255556 0.00595856
0 0.901875 0.340556 0.03625 0.0255556 0.00553513
2 0.162656 0.386111 0.0075 0.0233333 0.00551224
2 0.00564453 0.506667 0.010625 0.045 0.00540543
0 0.474375 0.273333 0.00499999 0.0111111 0.00521851
3 0.865 0.314167 0.00374997 0.0166667 0.00518036
7 0.294688 0.349444 0.00375001 0.0122222 0.00518036
3 0.0455078 0.406667 0.00492188 0.0188889 0.00503922
2 0.248906 0.358333 0.010625 0.0211111 0.00479126
2 0.642656 0.318889 0.00718753 0.0288889 0.00468063
7 0.716875 0.450278 0.00499999 0.0216667 0.00468063
3 0.87375 0.316667 0.00499999 0.0155556 0.0046463
0 0.7325 0.318889 0.03 0.02 0.00460815
0 0.379375 0.289444 0.00875003 0.0155555 0.00457382
3 0.609063 0.305 0.00562503 0.0166667 0.00450516
3 0.205313 0.351667 0.00375001 0.0211111 0.00448608
0 0.0544531 0.440556 0.0242188 0.0255555 0.00443268
7 0.482188 0.624444 0.0725 0.131111 0.00432968
0 0.38625 0.355 0.02375 0.0266667 0.00429916
0 0.1575 0.388889 0.01375 0.02 0.00428009
2 0.570625 0.308333 0.01125 0.0188889 0.00426483
0 0.95875 0.360833 0.04 0.0283333 0.00418091
7 0.66625 0.353333 0.00374997 0.0133333 0.00402451
7 0.755625 0.416667 0.00500005 0.0177778 0.00397491
0 0.911875 0.328889 0.03125 0.0194444 0.00385475
7 0.7075 0.403056 0.00499999 0.0205556 0.00379562
7 0.383125 0.579028 0.07875 0.126389 0.00379562
0 0.414688 0.334444 0.02625 0.0227778 0.00379562
2 0.725 0.390556 0.00499999 0.0288889 0.00362206
3 0.85375 0.400833 0.00999997 0.0533333 0.00359344
2 0.584063 0.315556 0.024375 0.0166667 0.00344276
3 0.0558203 0.406389 0.00570312 0.0188889 0.00335121
0 0.85 0.333611 0.0325 0.0172222 0.00333786
7 0.665 0.383333 0.00500005 0.0138889 0.00332451
0 0.0472656 0.425556 0.0125 0.0188889 0.00328636
0 0.535625 0.263333 0.00374997 0.0111111 0.00317192
0 0.795 0.334444 0.0325 0.0211111 0.00307465
2 0.8325 0.322778 0.0125 0.0222222 0.00304031
2 0.223281 0.36 0.0096875 0.0266667 0.0029583
2 0.591875 0.305556 0.01125 0.0233333 0.00288963
2 0.88875 0.4225 0.015 0.0516667 0.00284576
0 0.82125 0.321667 0.0225 0.0211111 0.00271416
0 0.429063 0.303056 0.0275 0.0338889 0.00269318
0 0.52625 0.263611 0.00499999 0.0111111 0.00263214
0 0.886875 0.331667 0.02875 0.0166667 0.00263214
3 0.885625 0.439444 0.01125 0.0733333 0.00260162
3 0.545313 0.277778 0.00437501 0.0133333 0.00253105
2 0.230313 0.345278 0.00562499 0.0244444 0.00251198
3 0.27375 0.34 0.00499999 0.0211111 0.00245285
7 0.665625 0.363889 0.00375004 0.0122222 0.00245285
7 0.68625 0.370278 0.00499999 0.0238889 0.00242424
0 0.764375 0.338889 0.04375 0.0277778 0.002388
2 0.016543 0.492222 0.0298828 0.0377778 0.00237846
2 0.634375 0.311111 0.01875 0.0244444 0.00236893
0 0.37125 0.342778 0.02125 0.0244445 0.00232315
0 0.535 0.276111 0.00499999 0.0105556 0.00229645
0 0.968125 0.353889 0.04125 0.0266667 0.00224304
7 0.174844 0.415278 0.0046875 0.0138889 0.00219917
0 0.383125 0.363889 0.02375 0.0333334 0.00215721
7 0.214688 0.380833 0.003125 0.0138889 0.00213242
3 0.548438 0.27 0.00687504 0.0205556 0.00209045
2 0.09875 0.395278 0.0210938 0.0261111 0.00202751
2 0.70625 0.299722 0.00750001 0.0205556 0.00198746
3 0.86875 0.308889 0.00625 0.0222222 0.00198746
0 0.424688 0.332222 0.026875 0.0255556 0.00196457
2 0.621875 0.322222 0.015 0.0255556 0.00194168
2 0.184375 0.378056 0.0125 0.0272222 0.00189686
3 0.6975 0.417778 0.0175 0.0566667 0.00183868
2 0.254219 0.335833 0.00875001 0.0194444 0.00179577
7 0.208281 0.409722 0.0075 0.0177778 0.00177479
7 0.235625 0.512222 0.0075 0.0344445 0.00176144
3 0.0302148 0.415556 0.00832031 0.0244445 0.00176144
7 0.635625 0.347778 0.00374997 0.00777777 0.00174141
7 0.566875 0.315 0.00562503 0.0122222 0.0017271
7 0.250938 0.368333 0.00874999 0.0211111 0.0017004
7 0.64625 0.347778 0.00500005 0.00999999 0.0016613
3 0.835 0.449722 0.00999997 0.055 0.00165462
0 0.3925 0.347778 0.03125 0.03 0.0016489
3 0.177344 0.378889 0.0065625 0.02 0.00160408
0 0.380625 0.398611 0.03125 0.0383333 0.00155449
2 0.695 0.408333 0.01875 0.0655556 0.00155449
7 0.0475781 0.481944 0.00640625 0.0216667 0.00154877
3 0.00838379 0.413889 0.0103809 0.0233333 0.00153065
0 0.0753906 0.402222 0.00640625 0.02 0.0015192
2 0.115156 0.374167 0.0065625 0.0233333 0.00150681
2 0.184531 0.357778 0.0078125 0.0211111 0.0014782
2 0.0742188 0.391667 0.0078125 0.0216667 0.00145531
3 0.0696094 0.4125 0.0101563 0.0216667 0.00142097
3 0.725 0.378056 0.00499999 0.0377778 0.00138283
0 0.0137891 0.183889 0.0274609 0.0877778 0.00136185
0 0.0352734 0.446389 0.0297656 0.0244444 0.00134563
2 0.695 0.413889 0.025 0.0588889 0.0012846
0 0.96625 0.341667 0.01625 0.0244444 0.00127411
3 0.605313 0.298333 0.00437501 0.0133334 0.00125504
0 0.9625 0.367778 0.055 0.0511111 0.00121117
2 0.175469 0.372222 0.005 0.0177778 0.0012064
2 0.85375 0.32 0.00749995 0.0177778 0.00120163
0 0.694375 0.327778 0.01625 0.0233333 0.00112438
2 0.0149219 0.421667 0.005625 0.0133333 0.00110722
