0 0.163594 0.743889 0.15625 0.298889 0.961426
0 0.915 0.818889 0.1675 0.362222 0.959961
0 0.720625 0.793889 0.1975 0.412222 0.959473
0 0.483125 0.809167 0.15 0.381667 0.958984
0 0.354453 0.493611 0.113594 0.201667 0.95166
0 0.64375 0.451111 0.11625 0.195556 0.951172
0 0.40375 0.320556 0.0725 0.117778 0.947266
0 0.23875 0.910556 0.1975 0.176667 0.944824
0 0.107422 0.617222 0.128281 0.21 0.944336
0 0.685 0.255486 0.0775 0.123472 0.94043
0 0.292813 0.398889 0.09875 0.144444 0.939941
0 0.225625 0.384444 0.08875 0.122222 0.938477
0 0.4875 0.424722 0.08375 0.162778 0.9375
0 0.34875 0.274722 0.06625 0.0927778 0.936035
0 0.587813 0.266042 0.068125 0.0979167 0.93457
0 0.77375 0.4425 0.125 0.186111 0.933105
0 0.49875 0.293889 0.06125 0.103889 0.921387
0 0.0169629 0.923333 0.0338477 0.148889 0.917969
0 0.398125 0.130139 0.06125 0.0475 0.880859
0 0.90625 0.131667 0.0375 0.0358333 0.872559
0 0.614063 0.0931945 0.061875 0.0383333 0.868652
0 0.334688 0.111944 0.044375 0.0338889 0.868164
0 0.479375 0.0724306 0.046875 0.0315278 0.86084
2 0.542188 0.166667 0.036875 0.0583333 0.851562
5 0.571563 0.0518056 0.06375 0.0540278 0.84082
4 0.926875 0.273611 0.095 0.159444 0.839355
2 0.575 0.180556 0.038125 0.0611111 0.833496
0 0.77125 0.0603472 0.0375 0.0270833 0.819824
0 0.690625 0.0538889 0.0425 0.0319444 0.800781
0 0.404688 0.0623611 0.0175 0.0213889 0.794434
0 0.160781 0.179167 0.03 0.0269444 0.782715
0 0.87375 0.07875 0.03 0.0241667 0.773438
7 0.743125 0.172361 0.00625 0.0216667 0.762207
0 0.906875 0.0827778 0.02875 0.02 0.760742
0 0.0495703 0.293333 0.0314063 0.0333333 0.760742
7 0.25625 0.265556 0.0075 0.0222222 0.756348
0 0.0679688 0.241667 0.02125 0.0238889 0.73584
0 0.783125 0.0486806 0.03375 0.0256944 0.729492
0 0.423125 0.0579861 0.015 0.0226389 0.728027
7 0.2425 0.280556 0.008125 0.0227778 0.725098
2 0.92875 0.183889 0.0112501 0.0494444 0.710449
0 0.3825 0.0660417 0.01625 0.025 0.699219
0 0.34625 0.0773611 0.01875 0.0241667 0.6875
7 0.75125 0.160833 0.00499999 0.0188889 0.663574
2 0.247188 0.125278 0.00875001 0.0233333 0.649414
0 0.84625 0.0679861 0.03 0.0198611 0.642578
0 0.955 0.0915278 0.0225 0.0213889 0.631836
2 0.302344 0.105347 0.011875 0.0254167 0.605957
0 0.395313 0.058125 0.0125 0.0194444 0.604004
0 0.3525 0.0595139 0.01375 0.0175 0.588867
2 0.462813 0.0604861 0.01375 0.0218056 0.586914
1 0.406875 0.0265625 0.015 0.0235417 0.571777
0 0.328125 0.0888194 0.020625 0.0243056 0.554688
0 0.41125 0.0466667 0.01125 0.0161111 0.548828
0 0.326953 0.0923611 0.0248438 0.0241667 0.548828
3 0.218438 0.25 0.016875 0.0566667 0.541016
0 0.37125 0.0555556 0.01 0.0147222 0.521484
0 0.93 0.0943056 0.0275 0.0202778 0.519531
0 0.432188 0.0493056 0.0125 0.0191667 0.513672
7 0.0272266 0.379444 0.00578125 0.0188889 0.513672
0 0.430313 0.055 0.0125 0.0216667 0.512695
7 0.7675 0.128889 0.00499999 0.0163889 0.498047
2 0.313438 0.102222 0.00749998 0.0241667 0.482422
0 0.3725 0.0501389 0.01 0.01375 0.470703
0 0.408125 0.061875 0.01625 0.0222222 0.44165
0 0.705 0.0454167 0.03375 0.0238889 0.434082
0 0.352813 0.0634722 0.015 0.0226389 0.430176
0 0.365625 0.0680556 0.01375 0.0198611 0.42627
0 0.370625 0.0669444 0.011875 0.0211111 0.422607
7 0.945 0.212778 0.00750001 0.0202778 0.414795
0 0.403438 0.0470833 0.010625 0.0166667 0.405518
2 0.464375 0.0622222 0.01625 0.0261111 0.387695
0 0.426563 0.0279514 0.010625 0.0186806 0.366699
7 0.744375 0.1275 0.00499999 0.0183333 0.331055
7 0.285625 0.117778 0.00374997 0.0111111 0.327637
0 0.343125 0.0749306 0.01375 0.0215278 0.312256
7 0.75375 0.158333 0.00499999 0.0188889 0.303955
3 0.215938 0.252778 0.0153125 0.055 0.303223
0 0.385 0.0469444 0.01 0.0136111 0.295898
0 0.395 0.0525 0.01125 0.0172222 0.295898
0 0.4225 0.0518056 0.01125 0.0211111 0.294189
7 0.74375 0.125278 0.00499999 0.0177778 0.294189
7 0.65125 0.0529167 0.00250003 0.0108333 0.289307
2 0.37625 0.0789583 0.01625 0.0243056 0.279785
0 0.96875 0.105278 0.0175 0.0183333 0.26123
7 0.0426953 0.360556 0.005625 0.0177778 0.255371
7 0.69 0.187778 0.00500005 0.0236111 0.247314
2 0.153281 0.201111 0.0065625 0.0261111 0.246582
0 0.426563 0.0244444 0.01125 0.0159722 0.240723
7 0.76625 0.132778 0.00499999 0.0161111 0.217285
0 0.379375 0.0678472 0.015625 0.0223611 0.213379
2 0.206875 0.151944 0.008125 0.0247222 0.196777
0 0.955 0.0964583 0.025 0.0284722 0.196167
2 0.144453 0.209583 0.005 0.0283333 0.182983
7 0.164375 0.204444 0.00375001 0.0122222 0.182373
0 0.83375 0.0686806 0.035 0.0213889 0.181885
2 0.72625 0.0355556 0.00750001 0.0158333 0.181274
2 0.15125 0.201389 0.00843749 0.0266667 0.180664
0 0.84625 0.0722222 0.035 0.0244444 0.178955
0 0.4875 0.07 0.03125 0.0319444 0.173828
2 0.46375 0.0576389 0.015 0.0245833 0.167236
0 0.443438 0.0133681 0.00750001 0.0109722 0.161377
2 0.2125 0.150139 0.00687499 0.0247222 0.158203
2 0.312188 0.0990278 0.00812499 0.0230556 0.156616
7 0.0844531 0.283889 0.00390625 0.0144444 0.154541
0 0.394375 0.0311806 0.01 0.0111111 0.153076
5 0.4375 0.0140278 0.00812502 0.0136111 0.151001
7 0.70375 0.0773611 0.00374997 0.0141667 0.150024
0 0.51625 0.0075 0.00625 0.0101389 0.14856
2 0.210313 0.151389 0.0078125 0.0261111 0.137939
7 0.655 0.05 0.00249996 0.0102778 0.132935
7 0.0632031 0.295833 0.005 0.0227778 0.123352
2 0.52125 0.053125 0.015 0.0179167 0.118408
0 0.928125 0.0902778 0.02625 0.0191667 0.11554
0 0.850625 0.0726389 0.03375 0.0213889 0.110107
0 0.34375 0.0723611 0.02 0.0198611 0.107788
0 0.71125 0.0468056 0.035 0.0254167 0.107422
7 0.70125 0.197639 0.00750001 0.0258333 0.105591
0 0.854375 0.0761111 0.04 0.0238889 0.0994873
7 0.0762891 0.292778 0.00414063 0.0122222 0.0977173
1 0.410625 0.0256944 0.0125 0.0219444 0.0966797
3 0.2125 0.261111 0.0075 0.0533333 0.0966797
2 0.054375 0.298889 0.008125 0.0333333 0.0939941
7 0.764375 0.148889 0.00499999 0.0155556 0.0853882
2 0.9175 0.193611 0.0175 0.0405556 0.0817871
0 0.00390625 0.276944 0.0078125 0.025 0.0739746
7 0.753125 0.161667 0.00625 0.0211111 0.0736694
2 0.378125 0.0834028 0.02125 0.0259722 0.0734253
0 0.434375 0.0284722 0.00625 0.0117361 0.0673218
3 0.229688 0.131528 0.00374999 0.0211111 0.0665894
7 0.665 0.0461111 0.00250003 0.0113889 0.0562439
2 0.615625 0.0275694 0.00437501 0.0123611 0.0558167
2 0.9075 0.199167 0.01 0.0372222 0.0539856
1 0.409375 0.0228819 0.01375 0.0254861 0.0512695
0 0.4525 0.00993056 0.00750001 0.00805556 0.0507202
2 0.0971875 0.206389 0.00609376 0.02 0.0499573
0 0.0655859 0.244167 0.0246094 0.0266667 0.0488586
7 0.0062207 0.380278 0.00685547 0.0222222 0.0484924
7 0.700625 0.07 0.00499999 0.0158333 0.0479431
0 0.993125 0.120139 0.0137499 0.0230556 0.0441895
7 0.71625 0.0824306 0.00499999 0.0133333 0.0423889
0 0.458438 0.005 0.00687501 0.01 0.0409851
5 0.426875 0.0170833 0.01125 0.0157639 0.0405273
0 0.46625 0.0697917 0.020625 0.0284722 0.0401611
7 0.0241797 0.328889 0.00453125 0.0138889 0.0375977
0 0.0657813 0.249167 0.0198437 0.0277778 0.0370483
7 0.68625 0.0784722 0.00499999 0.0122222 0.0352783
2 0.532813 0.0533333 0.00750001 0.0190278 0.033844
2 0.116406 0.19 0.00875 0.0216667 0.0332031
0 0.97375 0.110972 0.0125 0.02 0.0330811
2 0.88375 0.264167 0.00875003 0.0388889 0.0330811
0 0.368125 0.0759028 0.0125 0.0233333 0.0303345
7 0.774375 0.146389 0.00500005 0.0163889 0.0302124
0 0.70125 0.0583333 0.0375 0.0330556 0.0283356
0 0.925 0.0929861 0.0275 0.0234722 0.0281067
7 0.906875 0.192222 0.00500005 0.0194444 0.0272675
7 0.253438 0.265556 0.00875001 0.0222222 0.0263519
0 0.38 0.0743056 0.02 0.0252778 0.025177
0 0.965 0.10875 0.02375 0.0236111 0.0247955
2 0.3775 0.0895833 0.016875 0.0283333 0.024231
3 0.0136426 0.262778 0.00708984 0.0183333 0.0239563
2 0.6975 0.036875 0.00999997 0.0198611 0.0236053
0 0.83125 0.0728472 0.03375 0.0248611 0.0236053
2 0.00979492 0.270556 0.010293 0.0222222 0.0235138
0 0.99 0.118854 0.01875 0.0211806 0.0224609
2 0.151719 0.191389 0.016875 0.0194444 0.0224609
2 0.79625 0.0845833 0.00749995 0.0279167 0.0220337
3 0.21375 0.278889 0.008125 0.0655555 0.0216217
0 0.96 0.0969444 0.0275 0.0241667 0.0212097
2 0.211875 0.145278 0.00687501 0.0252778 0.0211182
0 0.55375 0.0336111 0.02 0.0204167 0.0209656
3 0.0995313 0.207222 0.00531251 0.0230556 0.0209198
7 0.6975 0.198611 0.00750001 0.0227778 0.0204163
2 0.132812 0.176389 0.0075 0.0177778 0.0198669
0 0.779375 0.0533333 0.03875 0.0294444 0.0180511
0 0.71875 0.0527083 0.03125 0.0240278 0.0173035
2 0.205938 0.146528 0.0125 0.0277778 0.0155411
2 0.299688 0.107222 0.010625 0.0247222 0.0144501
2 0.886875 0.213611 0.0125 0.0533333 0.0141144
0 0.00406006 0.27 0.00812012 0.0288889 0.014061
7 0.0695313 0.299167 0.00609375 0.0172222 0.014061
7 0.69375 0.191944 0.00499999 0.0244445 0.0131683
0 0.550938 0.0442361 0.021875 0.0295833 0.0130692
3 0.193906 0.152222 0.00625 0.0261111 0.0124817
0 0.838125 0.0649306 0.02625 0.0213889 0.012291
3 0.141094 0.208611 0.00531249 0.0236111 0.012291
0 0.8275 0.069375 0.0275 0.0201389 0.0115967
0 0.365 0.0511111 0.00749998 0.0116667 0.0115051
2 0.735 0.0340625 0.00499999 0.0150694 0.0113297
3 0.714375 0.173472 0.00750001 0.0633333 0.0113297
2 0.92 0.185833 0.03 0.0525 0.0108185
0 0.0210889 0.249167 0.0174316 0.0205556 0.0105667
7 0.766875 0.126111 0.00499999 0.0183333 0.0100937
0 0.0589844 0.253403 0.0275 0.0265278 0.00985718
2 0.655625 0.033125 0.00374997 0.01375 0.00978088
2 0.589375 0.0232986 0.00874996 0.0116667 0.00945282
0 0.0600781 0.242222 0.03375 0.0305556 0.00945282
0 0.175 0.155278 0.011875 0.0244445 0.00933838
7 0.14375 0.213333 0.00406251 0.025 0.00930023
0 0.70625 0.0415104 0.035 0.0280903 0.00871277
7 0.0357813 0.368889 0.00390625 0.0155555 0.00861359
2 0.7175 0.0573611 0.0225 0.0259722 0.00857544
2 0.0471094 0.299722 0.00984375 0.0355556 0.00857544
7 0.00615356 0.382222 0.00868896 0.0233333 0.00787354
0 0.92625 0.228333 0.0325 0.0727778 0.00769424
2 0.905625 0.185 0.00625 0.0394445 0.00754929
0 0.450625 0.0163889 0.00812502 0.0125 0.00714874
0 0.995 0.128889 0.00999997 0.0308333 0.00703812
2 0.51875 0.0568056 0.016875 0.0216667 0.0069046
0 0.9775 0.107639 0.02125 0.0197222 0.00682449
7 0.12375 0.22 0.0040625 0.0172222 0.00666809
7 0.225156 0.152639 0.003125 0.00972222 0.00643921
7 0.68625 0.185417 0.00499999 0.0233333 0.00643921
0 0.5775 0.0487326 0.053125 0.0353125 0.00641251
2 0.8825 0.0505556 0.00750001 0.0148611 0.00634003
7 0.938125 0.213056 0.0137499 0.0294444 0.00612259
7 0.73 0.125278 0.00499999 0.0186111 0.00595856
0 0.0545313 0.2475 0.025 0.0238889 0.00588989
2 0.602813 0.0317361 0.00562503 0.0125 0.00584412
7 0.0835156 0.289722 0.005 0.0144444 0.00584412
0 0.3875 0.0327778 0.00749998 0.0108333 0.00582123
2 0.8875 0.222778 0.015 0.0711111 0.00582123
0 0.9575 0.104653 0.025 0.0329167 0.00559998
2 0.496563 0.0552083 0.011875 0.0225 0.0055542
5 0.00355713 0.252708 0.00711426 0.0301389 0.00551224
2 0.205156 0.159444 0.0090625 0.035 0.00547028
7 0.234063 0.137222 0.004375 0.0147222 0.00524139
0 0.51375 0.05375 0.03125 0.0202778 0.00508118
3 0.213125 0.224861 0.01125 0.0438889 0.0050621
2 0.94375 0.215556 0.00750001 0.0255555 0.00503922
2 0.88625 0.231806 0.0125 0.0786111 0.00494385
3 0.88625 0.269722 0.0125 0.0455556 0.0049057
0 0.575 0.0328472 0.009375 0.0256944 0.00477219
2 0.500938 0.0509722 0.01125 0.0197222 0.00453949
0 0.9075 0.0897222 0.0325 0.0269444 0.00453949
0 0.570625 0.0271181 0.015625 0.0190972 0.00443268
3 0.190781 0.154167 0.00625 0.025 0.00436401
3 0.0353125 0.261389 0.0046875 0.02 0.0041008
0 0.92375 0.233333 0.045 0.0761111 0.00408554
2 0.0920313 0.206389 0.0084375 0.0230555 0.00399017
2 0.92625 0.177222 0.0125 0.0522222 0.00380898
7 0.68625 0.200556 0.01 0.0233333 0.0037365
2 0.8925 0.215417 0.0225 0.0566667 0.0037365
0 0.88875 0.0820833 0.0425 0.0244444 0.00365067
2 0.365 0.0927083 0.01 0.0240278 0.00353813
0 0.72375 0.0485417 0.03 0.0206944 0.00351143
0 0.93 0.210694 0.0225 0.0477778 0.00351143
2 0.87625 0.0509722 0.01 0.015 0.00342941
4 0.94625 0.2975 0.0575 0.105 0.00332451
3 0.9675 0.288611 0.01875 0.0844445 0.00324821
7 0.0758984 0.284444 0.00421875 0.0166667 0.00317192
4 0.931875 0.320278 0.07 0.0661111 0.00317192
7 0.238438 0.286111 0.00812499 0.0238889 0.00309944
2 0.0727344 0.232778 0.015625 0.0191667 0.00305176
7 0.74875 0.126667 0.00375004 0.0177778 0.00302696
3 0.880625 0.207083 0.01375 0.0402778 0.00301552
7 0.155313 0.221806 0.00375001 0.00972222 0.00288963
0 0.184063 0.152639 0.00999999 0.0286111 0.00274658
4 0.934375 0.3075 0.07125 0.0911111 0.00270462
7 0.0428906 0.356667 0.005625 0.0177778 0.00269318
2 0.249375 0.124444 0.0121875 0.0227778 0.00263214
3 0.266875 0.104931 0.00531249 0.01875 0.00261116
0 0.3975 0.11441 0.055625 0.0384028 0.00261116
0 0.845625 0.0649306 0.0325 0.0218056 0.00260162
0 0.576563 0.0666667 0.035625 0.03 0.00252151
0 0.611875 0.0745833 0.0143751 0.0272222 0.0024929
2 0.0857031 0.210556 0.0059375 0.0172222 0.00242424
2 0.885625 0.207778 0.01125 0.0411111 0.00237846
3 0.97 0.288333 0.0125 0.0766667 0.00232315
2 0.12375 0.19 0.005 0.0175 0.00225258
4 0.9525 0.287292 0.04375 0.0831944 0.00225258
7 0.0951563 0.277778 0.0034375 0.00944443 0.00223351
7 0.226563 0.384722 0.0875 0.122778 0.00223351
0 0.913125 0.242361 0.05625 0.0830555 0.00219917
2 0.583125 0.0136806 0.00562496 0.0125694 0.00213242
0 0.995625 0.104861 0.00874996 0.0280556 0.00202751
2 0.8525 0.05375 0.00999997 0.0222222 0.00200272
3 0.21 0.244306 0.0140625 0.0508333 0.00198746
3 0.95625 0.288056 0.035 0.0833333 0.00197983
2 0.379375 0.102222 0.02 0.0197222 0.0019722
3 0.210313 0.230833 0.01625 0.0433333 0.00195694
0 0.0206445 0.255486 0.0189453 0.0256944 0.00194931
2 0.267188 0.1175 0.00500002 0.0155556 0.00193405
0 0.586875 0.0305903 0.0112501 0.0197917 0.00191879
0 0.554063 0.0125694 0.00812505 0.00986111 0.00187492
0 0.59375 0.0911111 0.030625 0.0326389 0.00186729
7 0.219531 0.144444 0.004375 0.0155556 0.00185299
0 0.506563 0.00944445 0.00625 0.00881945 0.00175476
0 0.395 0.123611 0.05625 0.0386111 0.00162888
3 0.211875 0.254931 0.015625 0.0534722 0.00162315
3 0.22 0.320278 0.0325 0.177778 0.00162315
0 0.163477 0.170833 0.0317969 0.0222222 0.00161076
2 0.53375 0.0572917 0.00749998 0.0223611 0.00158501
1 0.98625 0.143611 0.0275 0.0472222 0.00154877
0 0.515 0.05625 0.02625 0.0222222 0.00153637
0 0.0501953 0.260278 0.0210938 0.02 0.00152493
0 0.416875 0.0645833 0.015625 0.0244444 0.00146103
3 0.274063 0.0983333 0.00625 0.0191667 0.00138855
2 0.88875 0.222639 0.02 0.0886111 0.00138855
2 0.112266 0.194167 0.011875 0.0222222 0.00137806
