0 0.254375 0.915 0.156875 0.168889 0.958496
0 0.79875 0.835556 0.1625 0.257778 0.958008
0 0.470313 0.85 0.12375 0.3 0.956055
0 0.157324 0.864444 0.158164 0.255556 0.954102
0 0.62375 0.738889 0.12 0.195556 0.95166
0 0.372187 0.625556 0.09125 0.151111 0.948242
0 0.2825 0.588889 0.086875 0.135556 0.945801
0 0.72125 0.624444 0.1 0.141111 0.942383
0 0.111719 0.75 0.125625 0.172222 0.937988
0 0.573125 0.575 0.070625 0.112222 0.934082
0 0.476563 0.627222 0.070625 0.131111 0.929199
0 0.218125 0.598889 0.078125 0.104444 0.922363
0 0.83375 0.399722 0.0375 0.0505556 0.89502
0 0.654844 0.326944 0.0428125 0.0277778 0.890137
0 0.515 0.377778 0.0625 0.04 0.88623
0 0.290625 0.407222 0.0625 0.0461111 0.871582
0 0.0723438 0.454444 0.040625 0.0344445 0.870605
0 0.41625 0.353611 0.048125 0.0294445 0.859863
0 0.695625 0.983333 0.11875 0.0333333 0.858887
0 0.342813 0.331944 0.01625 0.0227778 0.831055
7 0.234375 0.503889 0.00687499 0.0233333 0.817383
0 0.849375 0.327222 0.03 0.0222222 0.81543
0 0.0845313 0.413056 0.0284375 0.0227778 0.811523
0 0.4425 0.342222 0.03375 0.0266667 0.810547
0 0.059375 0.438333 0.0335938 0.0255556 0.810547
5 0.72875 0.325 0.055 0.0361111 0.78125
5 0.212344 0.379167 0.050625 0.0444444 0.778809
7 0.666875 0.463889 0.00625 0.0227778 0.774414
2 0.0273047 0.509444 0.0129687 0.0411111 0.767578
1 0.312031 0.324444 0.0365625 0.0461111 0.760742
6 0.7425 0.39 0.0325 0.0533333 0.756348
0 0.381875 0.327222 0.0175 0.0222222 0.694336
7 0.925 0.459444 0.00499999 0.0144444 0.679199
0 0.35375 0.325 0.01375 0.0222222 0.665527
0 0.324688 0.333333 0.015 0.0233333 0.642578
0 0.019502 0.449167 0.0279102 0.0288889 0.633301
7 0.221875 0.518333 0.0075 0.025 0.62793
7 0.6775 0.479722 0.00749995 0.0244445 0.602051
0 0.365625 0.323056 0.015 0.0233333 0.552734
0 0.404375 0.318889 0.01875 0.0244444 0.550781
7 0.735625 0.433056 0.00625 0.0166667 0.501953
0 0.473125 0.273333 0.00625 0.0111111 0.498047
7 0.92375 0.466389 0.00499999 0.0161111 0.494141
7 0.725 0.401111 0.00499999 0.0188889 0.492188
7 0.73875 0.430556 0.00499999 0.0183333 0.449463
0 0.495625 0.278333 0.00875003 0.0144444 0.44165
7 0.145313 0.416111 0.00374999 0.0116667 0.437744
0 0.382188 0.315 0.015 0.0244445 0.42627
0 0.392813 0.311111 0.010625 0.0177778 0.414795
7 0.12625 0.419722 0.00375001 0.00888887 0.403564
7 0.72875 0.439167 0.00499999 0.0183333 0.397949
2 0.107969 0.39 0.011875 0.0216667 0.390381
0 0.35125 0.320556 0.0125 0.0222222 0.38501
0 0.3925 0.298889 0.010625 0.0177778 0.375732
0 0.392813 0.303889 0.010625 0.0144444 0.370117
7 0.0487109 0.478611 0.0040625 0.0127778 0.345215
0 0.3725 0.306389 0.00874999 0.0172222 0.320801
0 0.715 0.317222 0.0300001 0.0255556 0.30249
0 0.48375 0.262222 0.00562499 0.0111111 0.264404
0 0.405 0.283611 0.00875003 0.0155555 0.240723
0 0.473438 0.271667 0.00812502 0.0111111 0.240112
0 0.4125 0.311944 0.0125 0.0194444 0.230957
0 0.407188 0.297222 0.011875 0.0166667 0.226807
0 0.364688 0.32 0.015625 0.0266667 0.209473
2 0.238125 0.357222 0.010625 0.0188889 0.206299
0 0.37125 0.310556 0.01 0.02 0.193726
0 0.389375 0.296667 0.01125 0.015 0.184204
2 0.875 0.316111 0.00750001 0.0166667 0.166138
0 0.373438 0.300556 0.00874999 0.0133333 0.161377
7 0.736875 0.4275 0.00625 0.0194444 0.151489
0 0.415625 0.295 0.00687501 0.0138889 0.137573
2 0.109766 0.389722 0.0121875 0.02 0.131226
0 0.41125 0.314444 0.01375 0.0244444 0.125977
0 0.286563 0.398889 0.05375 0.0333333 0.108948
0 0.4125 0.280556 0.00874999 0.0111111 0.105957
2 0.237031 0.358889 0.01125 0.02 0.104126
0 0.379688 0.289444 0.00687501 0.0111111 0.0970459
0 0.715625 0.323889 0.03125 0.0288889 0.0869141
7 0.68375 0.352778 0.00500005 0.0133333 0.0853882
5 0.0186914 0.448889 0.0300391 0.0311111 0.0812378
3 0.164063 0.38 0.00562501 0.0233333 0.0755615
0 0.448125 0.267778 0.00625 0.0077778 0.0663452
0 0.0026709 0.470278 0.0053418 0.0266667 0.0587769
3 0.7275 0.386944 0.00749995 0.0427778 0.0566406
7 0.265625 0.363333 0.00312498 0.0111111 0.0564575
5 0.73125 0.3275 0.0475 0.0288889 0.0535889
0 0.305 0.341667 0.02 0.0233333 0.0534058
0 0.729375 0.326111 0.0525 0.0338889 0.0534058
0 0.444375 0.264444 0.00562499 0.00999999 0.0520325
5 0.495 0.262222 0.00625 0.00999999 0.0507202
7 0.72625 0.442222 0.00499999 0.0177778 0.0507202
7 0.74625 0.419722 0.00625 0.0144444 0.0432129
7 0.0458594 0.475556 0.0034375 0.0127778 0.0420837
0 0.489375 0.268333 0.00374997 0.00888889 0.0403748
0 0.475 0.263611 0.00625 0.00944446 0.0390625
0 0.418125 0.284444 0.00812499 0.0122222 0.035614
7 0.00805664 0.543889 0.00556641 0.02 0.0314941
7 0.75375 0.415 0.00499999 0.0166667 0.0276947
0 0.396875 0.281667 0.00749998 0.00999999 0.0271759
1 0.352422 0.281111 0.0826562 0.0727778 0.026062
7 0.00804688 0.541667 0.00650391 0.0177778 0.0256653
0 0.422188 0.278333 0.00812499 0.0111111 0.0229797
0 0.3625 0.305833 0.010625 0.0227778 0.0191193
3 0.16375 0.376111 0.00531249 0.0266667 0.0185394
0 0.35125 0.311111 0.0125 0.0172222 0.0185394
2 0.10875 0.386111 0.00921875 0.0233333 0.0178528
0 0.298438 0.343889 0.00843751 0.0211111 0.0164032
7 0.56625 0.317222 0.00374997 0.0111111 0.0161591
0 0.33375 0.32 0.01125 0.0166667 0.0123367
0 0.865 0.336111 0.0275 0.0166667 0.0119171
0 0.435938 0.3425 0.0325 0.0305556 0.0116425
7 0.12875 0.415556 0.0034375 0.0133334 0.0112457
1 0.361875 0.275833 0.05125 0.0683334 0.0103302
1 0.3625 0.282222 0.01125 0.0255556 0.00989532
7 0.609375 0.308333 0.00375004 0.0122222 0.00971222
0 0.0209424 0.444444 0.0292871 0.0261111 0.00937653
0 0.204219 0.388889 0.0390625 0.0344444 0.00919342
0 0.43625 0.277222 0.00625 0.00888889 0.00894928
0 0.445625 0.272778 0.00625 0.0122222 0.00894928
7 0.169219 0.412222 0.004375 0.0111111 0.00787354
0 0.059375 0.443333 0.0317188 0.0333333 0.0078125
2 0.106875 0.396111 0.0121875 0.0227778 0.00775528
2 0.408125 0.323889 0.01625 0.0188889 0.00717545
2 0.0242383 0.508889 0.0160547 0.0422222 0.00706482
0 0.736875 0.321111 0.0375 0.0266667 0.00703812
7 0.594688 0.314444 0.00437495 0.0111111 0.0068512
0 0.49625 0.280556 0.01 0.0166667 0.00651169
3 0.81125 0.303333 0.00750001 0.0177778 0.00605011
2 0.238594 0.356111 0.0140625 0.0177778 0.00602722
7 0.285313 0.347778 0.00500002 0.0144444 0.00553513
7 0.148516 0.410556 0.00406251 0.0111111 0.00553513
0 0.465625 0.264444 0.00500002 0.00999999 0.0051384
3 0.298906 0.347778 0.00718753 0.0244444 0.00488663
0 0.345 0.285278 0.00687497 0.0227778 0.00466537
7 0.221563 0.508333 0.0075 0.0266667 0.0046463
7 0.605 0.299167 0.003125 0.0111111 0.00443268
7 0.165625 0.417222 0.00374999 0.0111111 0.00407028
3 0.77625 0.355556 0.00750001 0.0333334 0.00388527
0 0.00316162 0.426667 0.00632324 0.0233333 0.00379562
0 0.514375 0.261389 0.00374997 0.00611112 0.00376511
0 0.229844 0.356111 0.01625 0.0177778 0.00365067
0 0.358438 0.300833 0.010625 0.0138889 0.00353813
0 0.6975 0.319167 0.00750001 0.0177778 0.00329781
0 0.2025 0.394167 0.03875 0.0261111 0.00314713
3 0.268906 0.343333 0.005 0.0188889 0.00312424
7 0.290938 0.343333 0.00562499 0.0177778 0.0030632
2 0.855 0.320556 0.02375 0.0177778 0.00300407
2 0.695 0.331944 0.01125 0.0238889 0.00291252
7 0.115938 0.420833 0.00359375 0.00944443 0.00286674
3 0.775 0.362222 0.00750001 0.0377778 0.00284576
2 0.68625 0.291667 0.00499999 0.0172222 0.00271416
7 0.275156 0.352222 0.00406249 0.0111111 0.00253105
0 0.865 0.301944 0.00750001 0.0172222 0.00246239
2 0.110781 0.395556 0.0115625 0.0233333 0.00246239
3 0.77625 0.356111 0.00999997 0.0255556 0.00245285
0 0.38375 0.331667 0.02125 0.0233333 0.0024147
0 0.429375 0.269444 0.00625 0.00888889 0.00237846
5 0.436875 0.263333 0.00499999 0.0111111 0.00234222
3 0.179844 0.358333 0.00531251 0.0133333 0.00232315
0 0.1875 0.366667 0.011875 0.0211111 0.00230598
7 0.0560156 0.466667 0.0046875 0.0222222 0.00230598
0 0.465 0.275 0.00375001 0.00888889 0.00228691
7 0.125469 0.409444 0.0034375 0.0166667 0.00225258
0 0.84875 0.323333 0.0275 0.0211111 0.00221634
0 0.35625 0.283333 0.01 0.0233333 0.00218201
7 0.0665625 0.471667 0.0190625 0.0377778 0.00217438
7 0.671875 0.473889 0.00750001 0.0244444 0.00214005
7 0.266563 0.353333 0.004375 0.0122222 0.00213242
0 0.364688 0.33 0.0175 0.025 0.00203514
7 0.282656 0.59 0.0853125 0.134444 0.00202751
0 0.185938 0.381667 0.016875 0.0277778 0.00200272
0 0.00416504 0.405 0.00805664 0.0161111 0.00191879
0 0.455 0.262778 0.00374997 0.00888889 0.00188255
2 0.0361328 0.401111 0.00890625 0.0183333 0.00181007
2 0.8125 0.301389 0.01 0.0172222 0.00179577
2 0.0129102 0.406111 0.00925781 0.0155556 0.00178242
2 0.6775 0.294444 0.00749995 0.0166667 0.00175476
7 0.5725 0.318611 0.00687497 0.0127778 0.00171375
0 0.510625 0.268611 0.00750001 0.0122222 0.00161076
3 0.489063 0.309444 0.00687501 0.0227778 0.0015192
7 0.260781 0.3575 0.00562499 0.0144444 0.00150681
7 0.723125 0.447778 0.00499999 0.02 0.00140476
7 0.615 0.329444 0.00374997 0.0111111 0.00137806
2 0.17625 0.367778 0.005 0.0155555 0.00133514
2 0.705 0.341111 0.01 0.0333333 0.00132465
2 0.694375 0.346111 0.00875003 0.0255556 0.00121593
0 0.9675 0.3475 0.02 0.0211111 0.00117874
7 0.685625 0.315556 0.00499999 0.0122222 0.00115108
0 0.116953 0.796667 0.0742188 0.0977778 0.00115108
2 0.0356836 0.422778 0.00503906 0.0161111 0.00113392
7 0.145781 0.408611 0.00374999 0.0144444 0.0011158
2 0.0362891 0.391111 0.0107031 0.0233333 0.0011034
7 0.671875 0.467222 0.00750001 0.03 0.00109005
0 0.0172363 0.424444 0.0171289 0.0188889 0.00106525
0 0.0592969 0.433056 0.0342188 0.0288889 0.00104809
7 0.153984 0.404444 0.004375 0.0111111 0.00104046
