0 0.675 0.56125 0.145 0.2775 0.959961
0 0.126563 0.841111 0.16875 0.316667 0.958984
0 0.268594 0.862222 0.182813 0.273333 0.958984
0 0.508125 0.481667 0.1075 0.223333 0.953125
0 0.356562 0.501667 0.113125 0.21 0.947266
0 0.0366992 0.861111 0.0733984 0.277778 0.946777
0 0.403125 0.321111 0.07125 0.115556 0.944824
0 0.302188 0.355 0.0925 0.156667 0.942383
0 0.493125 0.944444 0.163125 0.111111 0.941895
0 0.209336 0.414167 0.0988281 0.140556 0.938477
0 0.61625 0.285 0.07625 0.124444 0.922852
5 0.5075 0.2375 0.09 0.215556 0.921387
0 0.0449219 0.44 0.0679688 0.114444 0.920898
0 0.37625 0.224444 0.055 0.0777778 0.918945
0 0.310625 0.226667 0.06625 0.106111 0.918457
0 0.124063 0.361111 0.0721875 0.121111 0.916504
0 0.399063 0.126806 0.031875 0.0497222 0.884277
0 0.195625 0.214167 0.039375 0.055 0.875
0 0.134688 0.289167 0.050625 0.0705556 0.868652
0 0.0759375 0.256944 0.0328125 0.0316666 0.841797
0 0.3475 0.0813889 0.0175 0.0219444 0.837402
0 0.0557031 0.281111 0.0283594 0.0322222 0.837402
5 0.54125 0.0318403 0.02375 0.0417361 0.832031
0 0.365 0.0745139 0.015625 0.0213889 0.825684
7 0.7425 0.173194 0.00625 0.0216667 0.813965
0 0.0290625 0.306667 0.0352344 0.0366666 0.812988
0 0.484375 0.0383333 0.01375 0.0222222 0.803223
0 0.27625 0.109479 0.0259375 0.0277083 0.801758
2 0.643594 0.0477604 0.0078125 0.0247569 0.796875
0 0.324063 0.0903472 0.020625 0.0270833 0.78418
0 0.00570313 0.329167 0.0113672 0.0277778 0.775879
0 0.564375 0.0279167 0.020625 0.0168056 0.774414
0 0.396875 0.0691667 0.01625 0.0222222 0.763672
7 0.256875 0.264444 0.00687501 0.0238889 0.760742
7 0.241875 0.281389 0.0075 0.0233333 0.756348
0 0.75625 0.0602778 0.0375 0.0243056 0.741699
0 0.77 0.0640278 0.03625 0.0244444 0.725098
0 0.420938 0.0619444 0.015 0.0197222 0.686035
0 0.81375 0.061875 0.035 0.0248611 0.67041
0 0.88625 0.0747222 0.0275 0.0230556 0.666992
2 0.225781 0.135556 0.00687499 0.0188889 0.654785
0 0.0461035 0.272222 0.0254492 0.0322222 0.651367
0 0.733125 0.0508333 0.035 0.0238889 0.649414
7 0.751875 0.161389 0.00625 0.0194444 0.633301
2 0.626875 0.0415972 0.00874996 0.0230556 0.625977
0 0.43 0.0523611 0.013125 0.0180556 0.625977
0 0.408125 0.0622222 0.01375 0.0194444 0.592773
0 0.76 0.0629167 0.045 0.0259722 0.577637
0 0.00504883 0.476389 0.0100195 0.0783334 0.565918
0 0.8675 0.0804167 0.03 0.0236111 0.562012
5 0.507188 0.0378472 0.01625 0.0241667 0.560059
0 0.336875 0.0754167 0.01625 0.0222222 0.558105
7 0.0280859 0.379444 0.00488281 0.0177778 0.521484
0 0.873125 0.0809722 0.0325 0.0234722 0.515625
2 0.612813 0.0352083 0.013125 0.0209722 0.511719
0 0.378125 0.0684722 0.014375 0.0211111 0.509766
0 0.388125 0.0551389 0.0125 0.0175 0.505859
7 0.7675 0.129444 0.00499999 0.0172222 0.495117
0 0.506875 0.0189931 0.01125 0.0148611 0.487305
0 0.784375 0.0558333 0.03875 0.0230556 0.462891
0 0.515625 0.0120139 0.00749998 0.0126389 0.44751
7 0.94375 0.219583 0.00499999 0.0161111 0.443604
2 0.252031 0.121944 0.00687501 0.0208333 0.418701
0 0.3775 0.0464583 0.00874999 0.0123611 0.397949
0 0.388125 0.0498611 0.010625 0.0165278 0.381104
7 0.704375 0.0781944 0.00374997 0.0122222 0.37207
7 0.16375 0.204861 0.00406251 0.0127778 0.37207
2 0.251875 0.12 0.00562501 0.0194444 0.371094
0 0.398125 0.0504167 0.0125 0.0191667 0.352295
0 0.37875 0.0732639 0.015 0.0233333 0.343262
0 0.4225 0.0493056 0.01125 0.0177778 0.331055
0 0.0139453 0.305 0.0269922 0.0333333 0.327637
2 0.609688 0.0388194 0.016875 0.0211111 0.319092
0 0.494063 0.0157292 0.00875003 0.0159028 0.317383
0 0.0206445 0.305833 0.0307422 0.0361111 0.310791
0 0.82875 0.0676389 0.0300001 0.0233333 0.303955
0 0.485625 0.0116319 0.00625 0.0119444 0.294189
7 0.744375 0.124861 0.00374997 0.0163889 0.289307
7 0.70125 0.197778 0.00750001 0.0247222 0.287842
0 0.8125 0.0666667 0.0375001 0.0245833 0.279053
7 0.70125 0.0773611 0.00499999 0.0161111 0.273682
7 0.0758594 0.293889 0.00367188 0.0122222 0.271973
0 0.560938 0.0262847 0.01625 0.0204861 0.270508
0 0.407188 0.0522222 0.010625 0.0197222 0.252441
0 0.4325 0.021875 0.00874999 0.0129167 0.245117
7 0.745 0.127639 0.00499999 0.0177778 0.243652
0 0.3725 0.0577083 0.0125 0.015 0.24292
0 0.4225 0.0304167 0.00874999 0.0129167 0.240723
0 0.43375 0.02625 0.009375 0.0159722 0.2323
2 0.6575 0.0386806 0.00625 0.0205556 0.2323
0 0.41875 0.0480556 0.01 0.0141667 0.230957
0 0.82875 0.0731944 0.0325 0.025 0.223999
0 0.38125 0.0658333 0.01375 0.0208333 0.20752
5 0.398125 0.0321181 0.01125 0.0142361 0.206909
7 0.0428125 0.358889 0.00640625 0.0188889 0.203125
0 0.443125 0.0125694 0.00625 0.0102778 0.188354
0 0.406875 0.028125 0.00874999 0.0135417 0.179565
7 0.256875 0.266667 0.00874999 0.0255556 0.176147
0 0.00447266 0.276944 0.00894531 0.0261111 0.172119
7 0.945 0.213333 0.00499999 0.0166667 0.15979
5 0.0399609 0.277778 0.0357031 0.0422222 0.157715
7 0.753125 0.1625 0.00625 0.02 0.154053
7 0.144219 0.211944 0.0034375 0.0127778 0.154053
0 0.499375 0.00434028 0.00750001 0.00868056 0.149536
0 0.505625 0.0153472 0.010625 0.0176389 0.144165
0 0.042041 0.275 0.0331055 0.0377778 0.138428
7 0.673125 0.0494444 0.00374997 0.01 0.133911
7 0.7 0.200556 0.00750001 0.0344444 0.131592
0 0.41875 0.0323611 0.01 0.0130556 0.127197
0 0.35875 0.0713889 0.013125 0.0193056 0.11554
2 0.66375 0.0345139 0.00499999 0.0206944 0.105225
7 0.75375 0.159722 0.00499999 0.0194444 0.104126
0 0.406875 0.0237153 0.00874999 0.0122917 0.103027
0 0.455625 0.00805556 0.00499999 0.00902778 0.102295
7 0.94125 0.218611 0.00500005 0.0155556 0.100525
7 0.67125 0.0511806 0.00374997 0.0125 0.0900879
0 0.00388672 0.469444 0.00777344 0.0711111 0.0891113
0 0.0247852 0.298333 0.0283203 0.0333333 0.0820923
5 0.0379688 0.284444 0.0325781 0.0422222 0.0800781
0 0.48 0.0270486 0.01125 0.0148611 0.0789185
7 0.145078 0.220833 0.003125 0.0105556 0.0769653
0 0.458125 0.00423611 0.00750001 0.00847222 0.0719604
0 0.435938 0.0135417 0.00749998 0.0101389 0.055603
0 0.00508789 0.334722 0.00998047 0.0333333 0.0492249
5 0.537813 0.0315278 0.028125 0.0322222 0.041626
7 0.69125 0.186389 0.00750001 0.0244445 0.0411377
3 0.00562012 0.379444 0.00871094 0.0277778 0.0384521
7 0.773125 0.148333 0.00499999 0.0147222 0.0379028
7 0.0860156 0.281111 0.00703125 0.0144444 0.0375977
0 0.86875 0.0743056 0.03 0.0218056 0.0366211
0 0.81875 0.0704167 0.04 0.0275 0.0350037
7 0.594375 0.0444444 0.00499999 0.0141667 0.032959
7 0.69 0.0540972 0.00250003 0.0101389 0.0318604
3 0.205 0.153056 0.00531249 0.0194444 0.0303345
7 0.140781 0.213889 0.00375001 0.0122222 0.0296478
0 0.8775 0.0830556 0.03 0.0247222 0.0294189
7 0.294063 0.113646 0.00499999 0.0165972 0.0292053
0 0.74875 0.0633333 0.0425 0.0275 0.0225067
7 0.0694922 0.296667 0.00507813 0.0188889 0.0213623
2 0.64625 0.035 0.0112501 0.0184722 0.0212097
7 0.585625 0.0466667 0.00374997 0.0105556 0.0211182
0 0.88125 0.0517361 0.01375 0.0168056 0.0201721
0 0.00492187 0.27 0.00899414 0.0244444 0.0187683
0 0.96 0.105486 0.0175001 0.0168056 0.0164032
7 0.73 0.120972 0.00499999 0.0191667 0.0141754
2 0.00773438 0.273333 0.0122656 0.0244445 0.0135345
0 0.42625 0.0136806 0.00625 0.0105556 0.0132751
0 0.873125 0.0756944 0.03625 0.0236111 0.0125732
0 0.7325 0.0380729 0.0275 0.0199653 0.0123367
0 0.8625 0.0757639 0.0325 0.0259722 0.0121002
2 0.925 0.088125 0.00874996 0.0194444 0.0101318
7 0.095 0.278611 0.0034375 0.0122222 0.00941467
7 0.766875 0.126389 0.00499999 0.0188889 0.00901794
7 0.68625 0.07875 0.00499999 0.0116667 0.00854492
0 0.429688 0.0566667 0.013125 0.0188889 0.00812531
2 0.226875 0.133889 0.0090625 0.0216667 0.00812531
7 0.765 0.149444 0.00500005 0.0161111 0.00809479
0 0.77 0.0690278 0.04 0.0304167 0.00769424
7 0.235156 0.138194 0.004375 0.0138889 0.0068779
0 0.729375 0.0541667 0.045 0.0219444 0.00664139
3 0.0112891 0.264167 0.0110938 0.025 0.00626373
0 0.0346484 0.425556 0.0430469 0.0677778 0.00624084
0 0.524063 0.0104167 0.00625 0.00791667 0.00602722
0 0.417813 0.0645833 0.013125 0.0236111 0.00557709
0 0.99625 0.121389 0.00749995 0.025 0.00548935
2 0.010354 0.273333 0.012417 0.0244445 0.0053215
3 0.675 0.0351042 0.00249996 0.0164583 0.0051384
0 0.4875 0.173056 0.050625 0.0844445 0.0051384
0 0.3675 0.0505556 0.00874999 0.0125 0.0050621
0 0.9575 0.104861 0.0175 0.0188889 0.00475693
7 0.0839063 0.290833 0.0046875 0.0133333 0.00471878
2 0.194688 0.154444 0.00531251 0.0233333 0.00450516
0 0.496875 0.025 0.01125 0.0191667 0.00426483
7 0.171563 0.197917 0.01125 0.0191667 0.00424957
7 0.0549609 0.298889 0.010625 0.0344445 0.0041008
3 0.252813 0.126111 0.00625 0.0216667 0.00400543
7 0.215 0.155556 0.00375001 0.0108333 0.00379562
2 0.613125 0.0314931 0.01125 0.0250694 0.00379562
0 0.97125 0.107569 0.0175 0.0195833 0.00376511
3 0.714375 0.167639 0.01125 0.0858333 0.00372124
0 0.97625 0.113472 0.015 0.0194444 0.00337601
0 0.995625 0.135 0.00874996 0.03 0.00316048
0 0.55125 0.0171875 0.011875 0.0174306 0.00312424
0 0.473125 0.0221181 0.01125 0.0140972 0.00300407
3 0.714375 0.176389 0.00750001 0.0663889 0.00292397
5 0.73 0.0410417 0.0325 0.0276389 0.00279045
0 0.0376172 0.437222 0.0552344 0.0922222 0.00276756
0 0.311563 0.198333 0.053125 0.0511111 0.00274658
7 0.155 0.221944 0.00375001 0.0105555 0.0027256
7 0.665 0.0623611 0.00250003 0.00805556 0.00269318
0 0.718125 0.0561111 0.0137499 0.0255556 0.00255013
0 0.0098877 0.318611 0.015498 0.0388889 0.00253105
2 0.132891 0.176111 0.00781251 0.0177778 0.00225258
3 0.169219 0.161111 0.0059375 0.0155556 0.00208282
7 0.615625 0.285278 0.07625 0.125 0.0020752
3 0.205 0.167778 0.01125 0.035 0.00204277
0 0.478438 0.0152778 0.00875003 0.0123611 0.00203514
5 0.00393799 0.248611 0.00787598 0.0305555 0.00203514
0 0.87125 0.0861111 0.04125 0.0305556 0.00202751
2 0.114219 0.190833 0.0071875 0.0194444 0.00202751
0 0.316875 0.0919444 0.01625 0.0247222 0.00201988
7 0.694375 0.0483333 0.00374997 0.0122222 0.00200272
2 0.248125 0.121389 0.008125 0.0177778 0.0019722
0 0.9675 0.112083 0.02375 0.0211111 0.00194168
0 0.0292383 0.438333 0.0502734 0.0788889 0.00181007
3 0.715 0.185833 0.00749995 0.0733333 0.0017004
7 0.955 0.224722 0.00499999 0.0166667 0.00165462
7 0.965 0.226667 0.00374997 0.0172222 0.00162888
7 0.183906 0.331111 0.0065625 0.02 0.00159168
0 0.881875 0.055 0.0225 0.0222222 0.00154877
2 0.47 0.0602778 0.009375 0.0191667 0.0014782
0 0.90875 0.0944444 0.0325 0.0263889 0.00145531
0 0.995625 0.105972 0.00874996 0.0341667 0.00142097
7 0.245 0.136528 0.003125 0.00777779 0.00140476
2 0.73375 0.107222 0.00999997 0.0405556 0.00133514
3 0.166875 0.158333 0.00562501 0.0177778 0.00133514
0 0.332813 0.0729167 0.01875 0.0205556 0.00132465
2 0.80375 0.075 0.025 0.0291667 0.00131512
2 0.203125 0.144583 0.008125 0.0233333 0.00129414
3 0.73 0.0915278 0.0125 0.0502778 0.00128937
0 0.191719 0.215556 0.0365625 0.0427778 0.00127411
7 0.164844 0.196528 0.00374999 0.0172222 0.00121593
0 0.98875 0.12 0.0175 0.0216667 0.0012064
0 0.196719 0.170139 0.0078125 0.0302778 0.00119686
0 0.479375 0.168889 0.03375 0.0672222 0.00119686
7 0.253438 0.267778 0.010625 0.0244445 0.00119209
7 0.65625 0.0630556 0.00499999 0.0102778 0.00118828
7 0.685625 0.0484722 0.00250003 0.00833333 0.00116062
7 0.21 0.415 0.09875 0.142222 0.00115108
2 0.665 0.0390972 0.00374997 0.0202778 0.0011158
0 0.0221924 0.463889 0.0281934 0.0711111 0.00109863
7 0.74875 0.128056 0.00375004 0.0194444 0.00104809
7 0.305938 0.09875 0.00625 0.0147222 0.00103664
7 0.6875 0.182917 0.00625 0.0208333 0.00103188
7 0.104766 0.228333 0.004375 0.0144444 0.00101662
