0 0.170977 0.843333 0.153047 0.24 0.963867
0 0.0640234 0.837222 0.128047 0.217778 0.958984
0 0.291094 0.901111 0.152187 0.197778 0.958984
0 0.676875 0.89 0.165 0.217778 0.956055
0 0.27875 0.613889 0.09625 0.12 0.950684
0 0.489375 0.943056 0.15375 0.113889 0.94873
0 0.6875 0.595556 0.09 0.117778 0.942871
0 0.483438 0.664444 0.080625 0.148889 0.941895
0 0.21 0.601111 0.0875 0.104444 0.941406
0 0.579063 0.581667 0.075625 0.123333 0.938477
0 0.38 0.61 0.0775 0.116667 0.936523
1 0.84875 0.590972 0.22125 0.384722 0.92627
0 0.43625 0.340556 0.03875 0.0344445 0.867188
0 0.6275 0.33 0.05 0.0366667 0.862305
0 0.386875 0.323333 0.01625 0.0233333 0.833496
7 0.234063 0.503889 0.00718749 0.0233333 0.833496
0 0.0160547 0.466111 0.0321094 0.0305556 0.819824
0 0.345938 0.332778 0.01625 0.0205555 0.813965
0 0.3625 0.329444 0.01625 0.0211111 0.812988
0 0.8575 0.327222 0.02875 0.0211111 0.808105
0 0.7075 0.312778 0.035 0.0211111 0.79834
0 0.0569531 0.440556 0.0323438 0.0288889 0.79834
0 0.308594 0.337222 0.0184375 0.0233333 0.789062
7 0.666875 0.463889 0.00625 0.0222222 0.785156
7 0.0232031 0.528333 0.005 0.0166667 0.73584
2 0.0670703 0.461667 0.0158594 0.0333334 0.716797
2 0.0373633 0.472778 0.0113672 0.0344444 0.694336
2 0.0521094 0.469444 0.013125 0.0355555 0.674805
2 0.00996094 0.505 0.0096875 0.0377778 0.669922
7 0.92625 0.457222 0.00499999 0.0155555 0.642578
7 0.221563 0.518333 0.0075 0.0244444 0.638672
0 0.41375 0.312778 0.010625 0.0166667 0.637207
5 0.330313 0.318333 0.0275 0.045 0.631836
7 0.6775 0.479444 0.00749995 0.0244444 0.605957
1 0.385938 0.285556 0.01625 0.0288889 0.586914
0 0.0203125 0.449444 0.0282422 0.0244444 0.584961
0 0.408125 0.32 0.014375 0.02 0.567871
7 0.145234 0.416389 0.00375001 0.0122222 0.548828
0 0.373125 0.323889 0.01375 0.0211111 0.521484
3 0.118828 0.503889 0.0148438 0.0561111 0.511719
7 0.72875 0.437778 0.00499999 0.0211111 0.504883
0 0.376563 0.32 0.013125 0.02 0.492188
7 0.72375 0.400556 0.00499999 0.0177778 0.480469
7 0.74625 0.401944 0.00374997 0.0161111 0.480469
1 0.330313 0.318056 0.026875 0.0438889 0.476562
7 0.75125 0.4125 0.00499999 0.0177778 0.438721
0 0.362813 0.316111 0.0125 0.0172222 0.437744
2 0.116875 0.501667 0.0175 0.0605555 0.420654
0 0.395 0.309167 0.01125 0.0155556 0.411133
0 0.370625 0.304444 0.01125 0.0166667 0.402588
0 0.397188 0.300833 0.013125 0.0216667 0.379395
7 0.68375 0.353333 0.00374997 0.0122222 0.377441
0 0.0201611 0.453333 0.031709 0.0277778 0.373779
7 0.92375 0.466111 0.00499999 0.0166667 0.373779
0 0.35125 0.318333 0.0125 0.0177778 0.368408
0 0.585313 0.306111 0.030625 0.0211111 0.361084
0 0.394375 0.305278 0.01125 0.0177778 0.317383
7 0.125781 0.42 0.00359375 0.00777777 0.300781
0 0.40625 0.281667 0.00749998 0.0111111 0.291016
0 0.349688 0.317222 0.0125 0.0211111 0.27832
2 0.835 0.310278 0.00500005 0.0155555 0.26123
0 0.371875 0.301667 0.01 0.0166667 0.2323
0 0.412188 0.300278 0.010625 0.02 0.212036
7 0.74375 0.42 0.00499999 0.0155556 0.199951
2 0.0530469 0.4675 0.0182812 0.0388889 0.181885
0 0.0101001 0.425 0.0175342 0.0188889 0.170532
0 0.40125 0.298333 0.01 0.0172222 0.165649
0 0.00612793 0.425 0.0111816 0.0177778 0.15979
0 0.410938 0.309722 0.01375 0.0177778 0.15918
0 0.421875 0.276111 0.00874999 0.0133334 0.158203
0 0.866875 0.336111 0.0275 0.0166667 0.152588
3 0.81125 0.301111 0.00750001 0.02 0.117188
7 0.204844 0.382778 0.00343749 0.00999999 0.100525
0 0.443438 0.264722 0.00562499 0.0105555 0.0987549
0 0.419375 0.283611 0.00749998 0.0138889 0.0927124
7 0.00841797 0.544444 0.00582031 0.0188889 0.0888062
0 0.0145313 0.443889 0.02625 0.0261111 0.0859985
7 0.75375 0.413611 0.00499999 0.0183333 0.0761108
7 0.736875 0.425 0.00500005 0.0155556 0.0755615
7 0.74 0.428333 0.00500005 0.0211111 0.0699463
0 0.35125 0.311667 0.0125 0.0188889 0.0643921
0 0.49375 0.266667 0.00874999 0.01 0.0632324
0 0.3325 0.321111 0.0225 0.0411111 0.0621033
2 0.0365234 0.470556 0.0155469 0.0322222 0.0600891
7 0.265938 0.3625 0.00374999 0.0116667 0.0589905
7 0.726875 0.44 0.00499999 0.0177778 0.0544128
0 0.447188 0.267222 0.00750001 0.00888889 0.0528259
7 0.234844 0.368889 0.003125 0.00777777 0.0526123
0 0.86375 0.335278 0.03 0.0194444 0.0481262
5 0.494375 0.263611 0.00625 0.0105556 0.0477905
7 0.67 0.342222 0.00250003 0.0122222 0.0470886
0 0.411875 0.281944 0.009375 0.0116667 0.0441895
0 0.3825 0.287778 0.009375 0.0133333 0.0268555
2 0.573125 0.309444 0.01375 0.0188889 0.0259552
3 0.189688 0.373611 0.0046875 0.0233333 0.0207977
2 0.81125 0.301111 0.00750001 0.0188889 0.0198669
7 0.148906 0.413333 0.0034375 0.0122222 0.0181274
7 0.275313 0.352778 0.00375001 0.0111111 0.0179138
7 0.73625 0.434444 0.00499999 0.0222222 0.0177155
0 0.0150391 0.436389 0.0224609 0.0233333 0.0172424
0 0.344375 0.285556 0.00750001 0.0211111 0.0157776
2 0.0619531 0.427222 0.0114063 0.0188889 0.0154266
7 0.128906 0.412778 0.0034375 0.0111111 0.0131226
1 0.384375 0.287778 0.02125 0.0322222 0.0115051
0 0.411875 0.270556 0.00874999 0.00888887 0.0110321
7 0.22125 0.509722 0.00750001 0.0294444 0.0106125
7 0.9275 0.452778 0.00499999 0.0155556 0.0104065
7 0.66625 0.354444 0.00499999 0.0127778 0.0100937
0 0.755 0.440556 0.03375 0.0533333 0.0100555
2 0.624375 0.295556 0.00562503 0.0155555 0.00908661
2 0.0482031 0.475556 0.008125 0.0338889 0.00888062
0 0.42875 0.269444 0.00562499 0.00777777 0.0088501
7 0.194688 0.384167 0.0034375 0.0138889 0.00871277
2 0.0676562 0.467222 0.0170312 0.0355556 0.00871277
0 0.296563 0.337222 0.01375 0.02 0.00754929
0 0.465 0.264444 0.00375001 0.00999999 0.00740433
0 0.965625 0.335278 0.01125 0.0166667 0.00723267
7 0.567813 0.315 0.00687497 0.0122222 0.0068779
3 0.488438 0.309444 0.00499999 0.0211111 0.00656509
0 0.8675 0.340833 0.0275 0.0211111 0.00643921
0 0.485313 0.256042 0.00625 0.01125 0.00629044
2 0.693125 0.328889 0.0112501 0.0233333 0.00588989
7 0.220313 0.360556 0.00374999 0.0122222 0.00582123
0 0.9725 0.335 0.025 0.0166667 0.00579834
7 0.78375 0.401111 0.00749995 0.0144444 0.00572968
0 0.746875 0.440556 0.01625 0.05 0.00553513
7 0.285 0.349444 0.00375001 0.0111111 0.00542831
7 0.7775 0.350556 0.00749995 0.0211111 0.00542831
2 0.69375 0.339167 0.015 0.0311111 0.00518036
0 0.355625 0.283333 0.00687501 0.0222222 0.00502014
0 0.475625 0.259444 0.00500002 0.00666668 0.00496292
3 0.163906 0.381111 0.0046875 0.0233333 0.0049057
0 0.40875 0.323333 0.015 0.0205556 0.00486755
0 0.00962891 0.419167 0.0185156 0.0216667 0.00484848
3 0.83125 0.31 0.00499999 0.02 0.00468063
2 0.186563 0.38 0.00812499 0.0255556 0.0046463
0 0.515 0.262222 0.00375001 0.00722221 0.00457382
7 0.229375 0.371667 0.00375001 0.0122222 0.00429916
0 0.90625 0.335556 0.0225 0.015 0.00402451
0 0.422188 0.297222 0.00875003 0.0144444 0.00392914
2 0.115469 0.3825 0.00484375 0.0161111 0.00385475
3 0.120938 0.514722 0.013125 0.0794445 0.00382423
2 0.26625 0.351111 0.004375 0.0122222 0.00379562
7 0.225313 0.3675 0.003125 0.00777777 0.00348282
2 0.035918 0.400556 0.00894531 0.0183333 0.00346947
0 0.968125 0.344444 0.02125 0.0222222 0.00342941
3 0.291719 0.335833 0.00656249 0.0166667 0.00335121
0 0.455 0.262778 0.00374997 0.00833333 0.00329781
3 0.77625 0.351667 0.00750001 0.0266667 0.00329781
7 0.75375 0.409444 0.00499999 0.0188889 0.00309944
0 0.444063 0.2725 0.00687497 0.0133333 0.00293541
2 0.534375 0.277778 0.00500002 0.00833333 0.00292397
2 0.83625 0.304444 0.00750001 0.0222222 0.00286674
7 0.66375 0.310556 0.00374997 0.0111111 0.00286674
3 0.25 0.344444 0.0034375 0.0222222 0.0028553
0 0.0118555 0.835556 0.0237109 0.168889 0.00283432
0 0.00444336 0.408333 0.00859375 0.0211111 0.00275803
0 0.705625 0.318611 0.0375 0.0288889 0.0026722
0 0.42125 0.308889 0.01 0.0166667 0.00261116
3 0.268438 0.343056 0.00625 0.0177778 0.00261116
2 0.0588672 0.427222 0.0166406 0.02 0.00257111
7 0.260469 0.356389 0.0046875 0.0127778 0.0024929
2 0.186563 0.371111 0.00874999 0.0222222 0.0024147
7 0.6875 0.597222 0.09 0.116667 0.0024147
2 0.65625 0.297778 0.00499999 0.0133333 0.00210762
7 0.72375 0.447222 0.00499999 0.0211111 0.00209999
2 0.00882813 0.513056 0.00830078 0.0461111 0.00209999
7 0.145156 0.386111 0.003125 0.01 0.00204277
0 0.464375 0.274444 0.00499999 0.01 0.00185299
0 0.928125 0.666667 0.06375 0.196667 0.00182438
2 0.154844 0.368611 0.00625 0.0205555 0.00181007
0 0.87 0.338611 0.03375 0.0188889 0.00178242
7 0.7175 0.449167 0.00750001 0.0233333 0.00177479
0 0.74875 0.443889 0.0225 0.0433333 0.00176144
2 0.177031 0.369167 0.00531249 0.0172222 0.0017004
3 0.120156 0.515 0.0178125 0.0733333 0.00167465
7 0.204688 0.371667 0.003125 0.0133333 0.00164223
0 0.469375 0.268056 0.00687501 0.01 0.00163555
2 0.555625 0.28 0.00500005 0.0111111 0.00161076
2 0.811875 0.306111 0.00750001 0.02 0.00161076
0 0.435 0.263611 0.00437498 0.0105556 0.0015974
7 0.68625 0.316667 0.00499999 0.0144444 0.0015974
7 0.125625 0.408333 0.0034375 0.0144444 0.00157356
0 0.525625 0.262778 0.00437498 0.00999999 0.00156689
0 0.435625 0.278056 0.00499999 0.00833333 0.00154305
7 0.215156 0.367222 0.003125 0.01 0.00146675
3 0.68625 0.296111 0.00499999 0.0155555 0.00143242
7 0.38 0.61 0.0775 0.117778 0.00132465
7 0.480938 0.665556 0.07375 0.148889 0.00131989
3 0.77625 0.36 0.00750001 0.0344445 0.00131512
3 0.266719 0.339444 0.00625002 0.0211111 0.00130463
7 0.67125 0.474444 0.00749995 0.0266667 0.00130463
7 0.56625 0.327222 0.00499999 0.0144444 0.00129414
0 0.184375 0.21375 0.0425 0.0502778 0.0012846
0 0.91625 0.335 0.0275 0.0155555 0.00126457
0 0.9725 0.349444 0.0325 0.0277778 0.00122547
2 0.0353906 0.423889 0.00523438 0.0166667 0.00118351
7 0.165938 0.418889 0.00375001 0.0122222 0.00116062
0 0.9075 0.337778 0.0175 0.0144444 0.00115108
0 0.9775 0.337222 0.03 0.0194444 0.00112438
7 0.66 0.359444 0.00750001 0.0172222 0.00112438
0 0.9675 0.337778 0.01375 0.0188889 0.00111198
2 0.0364453 0.39 0.010625 0.0227778 0.00109005
2 0.556563 0.300556 0.00874996 0.0155555 0.00105667
2 0.115625 0.373611 0.00625 0.0183333 0.00104809
1 0.365 0.272292 0.040625 0.0465278 0.00100422
7 0.289375 0.613889 0.073125 0.116667 0.00100422
