0 0.485625 0.822222 0.10875 0.228889 0.955078
0 0.314688 0.775556 0.120625 0.2 0.950195
0 0.661406 0.546667 0.0846875 0.106667 0.944336
0 0.38125 0.592083 0.07875 0.129167 0.939453
0 0.479063 0.600972 0.07 0.131389 0.935547
0 0.578125 0.575417 0.07125 0.120278 0.933105
0 0.124219 0.490278 0.0565625 0.0533334 0.916504
0 0.340938 0.448056 0.03625 0.0616667 0.909668
0 0.495625 0.355 0.05625 0.0388889 0.888672
0 0.312188 0.408056 0.035 0.0483333 0.888184
0 0.416875 0.338333 0.035 0.0261111 0.835449
0 0.323672 0.336667 0.0189062 0.0233333 0.830078
0 0.76625 0.358889 0.055 0.0388889 0.825684
0 0.74375 0.329444 0.035 0.0255556 0.824219
7 0.235156 0.503333 0.00718751 0.0233333 0.799316
0 0.0718359 0.415 0.0255469 0.02 0.785156
2 0.74625 0.397778 0.015 0.0411111 0.773438
7 0.66625 0.465 0.00625 0.0211111 0.769043
0 0.014834 0.468889 0.0295117 0.0338889 0.766113
0 0.3925 0.332222 0.0175 0.0266667 0.763672
0 0.17 0.396944 0.0375 0.0283333 0.763672
7 0.222188 0.517222 0.0075 0.0233333 0.757812
0 0.619688 0.308889 0.031875 0.0222222 0.754883
5 0.00750488 0.426667 0.0150098 0.05 0.743164
0 0.0518359 0.4375 0.0323438 0.0322222 0.741699
2 0.0470313 0.473611 0.0166406 0.0372222 0.740234
7 0.0236328 0.528889 0.00492188 0.0155555 0.730957
0 0.513125 0.279444 0.00874999 0.0144444 0.710449
7 0.92625 0.456944 0.00499999 0.015 0.680664
2 0.203125 0.374444 0.008125 0.0233333 0.672363
7 0.72375 0.401111 0.00375004 0.0177778 0.672363
0 0.404375 0.317778 0.014375 0.0177778 0.665527
7 0.6775 0.48 0.00749995 0.0222222 0.633301
2 0.155625 0.401389 0.0103125 0.0266667 0.596191
2 0.804375 0.311111 0.00625 0.0177778 0.563965
0 0.76125 0.332778 0.0425 0.0238889 0.548828
0 0.0087207 0.445 0.0173438 0.0311111 0.539062
0 0.0491797 0.427778 0.0288281 0.0266667 0.496094
7 0.72875 0.438333 0.00499999 0.02 0.490234
2 0.643125 0.313889 0.00625 0.02 0.46875
7 0.684375 0.353333 0.00375004 0.0122222 0.451416
7 0.92375 0.466667 0.00499999 0.0155556 0.437744
0 0.0494922 0.433889 0.0298438 0.0333333 0.416748
0 0.519688 0.292222 0.010625 0.0144444 0.38501
0 0.87875 0.324722 0.0237501 0.02 0.383057
7 0.75375 0.417778 0.00499999 0.0172222 0.332764
0 0.764375 0.335833 0.0475 0.0233333 0.330322
0 0.0111914 0.458889 0.0223047 0.0288889 0.325928
2 0.621563 0.324444 0.00875003 0.0233333 0.320801
7 0.145781 0.418056 0.00374999 0.0105555 0.307373
7 0.739375 0.431944 0.00375004 0.0183333 0.300781
2 0.153594 0.403333 0.00999999 0.0266667 0.286865
7 0.128906 0.414444 0.0034375 0.0122222 0.281494
7 0.734375 0.432778 0.00625 0.0188889 0.271973
5 0.87875 0.325278 0.025 0.0211111 0.245117
7 0.65375 0.3275 0.00374997 0.0111111 0.2323
2 0.0450781 0.467222 0.0173438 0.0355556 0.188354
0 0.875 0.321111 0.015 0.02 0.178955
2 0.64375 0.320833 0.00499999 0.025 0.16394
7 0.67 0.34 0.00250003 0.0116666 0.15918
0 0.761875 0.353611 0.04625 0.035 0.149536
7 0.125781 0.418611 0.003125 0.00944443 0.148071
7 0.726875 0.443333 0.00499999 0.0188889 0.138428
0 0.4075 0.290278 0.00874999 0.0133333 0.119629
5 0.495 0.263056 0.00750001 0.0111111 0.108215
0 0.0184375 0.455 0.0302344 0.0238889 0.0974121
2 0.155313 0.405833 0.009375 0.0311111 0.0963745
0 0.513125 0.273056 0.00749998 0.0122222 0.0963745
7 0.635625 0.3275 0.003125 0.0155555 0.0946655
3 0.70875 0.310556 0.00500005 0.0188889 0.0869141
0 0.485938 0.2575 0.00500002 0.00944446 0.0758667
7 0.00850098 0.543889 0.00545898 0.02 0.0708008
7 0.26625 0.363333 0.00343749 0.00999999 0.064209
0 0.417813 0.283333 0.00874999 0.0144444 0.0610962
0 0.413125 0.280556 0.00874999 0.00888889 0.0462036
0 0.386875 0.297222 0.00812502 0.0111111 0.0458679
5 0.88125 0.322778 0.03 0.0266667 0.0456848
0 0.411563 0.318333 0.015 0.0166667 0.0419312
2 0.76 0.322222 0.02125 0.02 0.0372009
2 0.162461 0.372778 0.00820313 0.0211111 0.0362244
7 0.73625 0.428333 0.00499999 0.02 0.0362244
2 0.8075 0.311389 0.01 0.02 0.0348816
0 0.0347461 0.453333 0.0202734 0.0266667 0.0339661
0 0.475938 0.26 0.00437501 0.00666668 0.0302124
0 0.493125 0.265 0.00750001 0.0111111 0.0301056
0 0.401875 0.319444 0.01875 0.0205555 0.0297546
0 0.44375 0.264167 0.00500002 0.00999999 0.029541
0 0.8725 0.318611 0.0175001 0.0166667 0.0273743
7 0.0653125 0.473333 0.00421875 0.0155556 0.025177
2 0.554375 0.298333 0.00999997 0.0144444 0.0246124
3 0.189063 0.374167 0.005 0.0227778 0.0235138
0 0.423125 0.300833 0.01 0.0161111 0.02034
0 0.0122559 0.435833 0.0230664 0.0272222 0.02034
0 0.893125 0.335556 0.03375 0.0166667 0.0200195
2 0.80875 0.315 0.015 0.0177778 0.0195007
0 0.407188 0.283889 0.00874999 0.0133333 0.0191193
5 0.8825 0.328333 0.03 0.02 0.0177765
0 0.379688 0.288889 0.00687501 0.0122222 0.0161591
0 0.448125 0.2675 0.00499999 0.00722224 0.0158997
7 0.220313 0.358889 0.00374999 0.0105555 0.0138474
0 0.620625 0.305556 0.030625 0.0216667 0.0116882
7 0.9275 0.4525 0.00499999 0.0155555 0.0113297
0 0.377813 0.297222 0.009375 0.01 0.0112
0 0.0152637 0.446111 0.0283008 0.0266667 0.0109024
3 0.290469 0.342222 0.00375001 0.0133333 0.0105667
0 0.0504688 0.42 0.0289063 0.0222222 0.00967407
2 0.199688 0.373333 0.0146875 0.0233333 0.00891876
0 0.436875 0.275833 0.00625 0.00944443 0.00844574
2 0.422188 0.309167 0.00999997 0.0161111 0.00837708
0 0.185938 0.373333 0.00875001 0.0222222 0.0078125
2 0.64875 0.313333 0.00625 0.0216667 0.00769424
7 0.653125 0.317778 0.00499999 0.0127778 0.00766754
0 0.422188 0.28 0.00812499 0.0122222 0.00748825
7 0.380625 0.592778 0.075625 0.128889 0.00737381
0 0.87875 0.332222 0.0275 0.0233333 0.00717545
5 0.0354688 0.426667 0.03 0.0316667 0.00698471
2 0.274063 0.333889 0.00750001 0.0166667 0.0069046
0 0.412188 0.271111 0.00750001 0.00888889 0.00674438
0 0.415625 0.291667 0.00874999 0.0138889 0.0064621
2 0.174375 0.369444 0.00562499 0.0177778 0.00631332
2 0.155703 0.372778 0.00546875 0.02 0.00621796
7 0.565625 0.315556 0.00375004 0.00999999 0.00600433
7 0.66375 0.315 0.00374997 0.0111111 0.00584412
7 0.47875 0.60125 0.06875 0.133056 0.00551224
7 0.293438 0.345 0.00499999 0.0144444 0.00538635
7 0.221563 0.508333 0.0075 0.0272222 0.00466537
7 0.225313 0.366389 0.003125 0.00833333 0.00432968
0 0.388125 0.322222 0.01125 0.0205555 0.00416565
7 0.6725 0.467222 0.00625 0.0283333 0.00403976
0 0.88125 0.333333 0.0275 0.0177778 0.00402451
2 0.198125 0.377778 0.009375 0.0211111 0.00397491
0 0.53375 0.277222 0.00500002 0.00888889 0.0039444
0 0.00450684 0.388333 0.00871094 0.02 0.00385475
0 0.0354102 0.421111 0.0262109 0.0294444 0.00376511
0 0.0356641 0.390556 0.0120312 0.0211111 0.0037365
0 0.515 0.263611 0.00499999 0.00944446 0.00365067
0 0.89125 0.342222 0.035 0.0233333 0.00349617
2 0.149922 0.408056 0.0115625 0.0211111 0.00342941
7 0.695 0.351944 0.00499999 0.0161111 0.00337601
7 0.229375 0.3725 0.004375 0.0122222 0.00322342
0 0.0258008 0.402222 0.0148828 0.0211111 0.00319672
7 0.266094 0.352778 0.00406251 0.0122222 0.00317192
5 0.88875 0.322222 0.0425 0.0333333 0.00312424
7 0.285 0.344722 0.00531251 0.0144444 0.00298119
7 0.235 0.3675 0.003125 0.00611112 0.0029583
7 0.673125 0.485556 0.00875003 0.0466667 0.00268364
2 0.5525 0.299444 0.00875003 0.0144444 0.00261116
2 0.284219 0.337222 0.0121875 0.0166667 0.00257111
3 0.250156 0.342778 0.00343749 0.02 0.00257111
0 0.90125 0.336111 0.03 0.0166667 0.00255013
2 0.695 0.335 0.00750001 0.0288889 0.00251198
2 0.706875 0.310556 0.00625 0.0155556 0.00247192
7 0.666875 0.353333 0.00499999 0.0127778 0.00243378
7 0.650625 0.336667 0.00374997 0.0122222 0.002388
0 0.430625 0.268889 0.00625 0.00833333 0.00234222
0 0.465313 0.262778 0.00375001 0.00888889 0.00220871
3 0.686875 0.294444 0.00500005 0.0155556 0.00213242
0 0.50375 0.258333 0.00500002 0.01 0.00212479
0 0.96625 0.346667 0.0175001 0.0222222 0.00208282
7 0.574375 0.317778 0.00500005 0.0122222 0.00203514
0 0.394375 0.297778 0.00874999 0.0111111 0.00201035
0 0.8075 0.323889 0.0175 0.0255556 0.00195694
0 0.7475 0.324444 0.035 0.0233333 0.00194168
5 0.0308398 0.395556 0.0226172 0.03 0.00186729
7 0.655 0.471944 0.00499999 0.0183333 0.00186729
0 0.985 0.335556 0.00999997 0.0155556 0.00185299
0 0.0298828 0.398056 0.0225 0.0277778 0.00178242
0 0.374063 0.303056 0.011875 0.0166667 0.00175476
0 0.389688 0.303333 0.01625 0.02 0.00174141
0 0.760625 0.324722 0.0375 0.0261111 0.00164223
0 0.309688 0.413611 0.03625 0.0422222 0.00164223
7 0.575 0.327222 0.00499999 0.0133333 0.00163555
2 0.641406 0.305556 0.0121875 0.0233333 0.00162888
7 0.72375 0.448333 0.00499999 0.0211111 0.00157356
3 0.71625 0.421667 0.00750001 0.05 0.00152493
2 0.805 0.305556 0.00750001 0.0244444 0.00151253
7 0.635625 0.349444 0.00374997 0.01 0.00146103
0 0.903125 0.341667 0.04125 0.0222222 0.00145531
2 0.7175 0.387222 0.015 0.0411111 0.00139904
7 0.135078 0.406111 0.00296876 0.0111111 0.00135612
0 0.75125 0.356667 0.04 0.0372222 0.00134087
0 0.407813 0.308889 0.019375 0.0222222 0.00132465
0 0.80875 0.326667 0.0225 0.0233333 0.00131989
7 0.391875 0.595 0.05625 0.123333 0.00129986
0 0.97625 0.337778 0.025 0.02 0.00123978
7 0.723125 0.393333 0.00625 0.03 0.00123501
7 0.214063 0.363889 0.00406251 0.0133333 0.0012207
0 0.170586 0.379167 0.0257031 0.0188889 0.00117874
0 0.9675 0.337778 0.0125 0.0188889 0.00116062
2 0.272969 0.337222 0.0103125 0.0155555 0.0011425
3 0.715 0.441389 0.00500005 0.0377778 0.0011158
0 0.97125 0.352778 0.03125 0.0305556 0.00107288
3 0.134844 0.388333 0.0034375 0.0138889 0.00104809
