0 0.64875 0.852778 0.14 0.261111 0.95459
0 0.4675 0.884444 0.1225 0.23 0.953613
0 0.334375 0.754444 0.11875 0.195556 0.951172
0 0.386875 0.574306 0.06875 0.104722 0.945801
0 0.67625 0.571111 0.0875 0.117778 0.940918
0 0.1975 0.637778 0.102813 0.123333 0.940918
0 0.48625 0.619444 0.0725 0.132222 0.938965
0 0.57875 0.562222 0.06875 0.101111 0.931152
0 0.245938 0.975556 0.1225 0.0477778 0.894043
2 0.510625 0.443889 0.0375 0.0588889 0.873047
2 0.441563 0.470556 0.035625 0.0622223 0.866211
0 0.105 0.448333 0.04625 0.0361111 0.863281
0 0.652656 0.3275 0.0446875 0.0272222 0.854004
0 0.82375 0.853333 0.18125 0.291111 0.841797
0 0.613438 0.336111 0.04625 0.0277778 0.837402
2 0.57375 0.439444 0.03375 0.0577778 0.829102
7 0.66625 0.464167 0.00750001 0.0227778 0.813965
2 0.558125 0.466667 0.03625 0.0633333 0.812988
0 0.0581641 0.438889 0.0332031 0.0283333 0.803223
7 0.235313 0.502778 0.00718749 0.0227778 0.801758
0 0.74375 0.329444 0.04125 0.0266667 0.796875
0 0.3875 0.327222 0.015 0.0211111 0.794434
0 0.4925 0.312222 0.015 0.0211111 0.789062
2 0.281563 0.351944 0.011875 0.0216667 0.782715
0 0.365 0.33 0.01625 0.0211111 0.770508
0 0.265469 0.346667 0.029375 0.0211111 0.764648
0 0.0114453 0.470556 0.0227344 0.0294445 0.723145
0 0.342188 0.336667 0.0175 0.0222222 0.695801
7 0.222188 0.518333 0.00687499 0.0266667 0.694336
0 0.165625 0.383333 0.03125 0.0244444 0.677246
0 0.87625 0.327222 0.0275 0.0211111 0.668945
2 0.0417871 0.520556 0.0114258 0.04 0.654785
7 0.729375 0.438889 0.00625 0.0188889 0.654785
7 0.75 0.417222 0.00499999 0.0188889 0.640625
5 0.38375 0.296111 0.015 0.0311111 0.633301
7 0.925625 0.458889 0.00500005 0.0177778 0.633301
0 0.4075 0.32 0.015625 0.0233333 0.624512
2 0.304219 0.350278 0.0121875 0.0211111 0.611328
5 0.84 0.318889 0.0475 0.0455555 0.596191
3 0.0228955 0.522222 0.0103809 0.0488889 0.59082
0 0.858125 0.334444 0.035 0.02 0.586914
0 0.462813 0.292778 0.01125 0.0166667 0.583008
0 0.51125 0.282222 0.01125 0.0155555 0.577637
0 0.3525 0.326111 0.013125 0.02 0.550781
0 0.325313 0.337778 0.0125 0.0188889 0.546875
2 0.204375 0.376389 0.01 0.0255556 0.546875
0 0.314219 0.333889 0.0153125 0.0188889 0.509766
0 0.795 0.320556 0.03 0.0233333 0.486328
0 0.302656 0.335 0.0171875 0.0188889 0.480469
7 0.73875 0.430556 0.00499999 0.0211111 0.473633
0 0.48125 0.291111 0.01 0.0155556 0.470703
0 0.92375 0.328333 0.0275 0.0177778 0.470703
7 0.0101343 0.544583 0.00609863 0.0219444 0.462891
0 0.8925 0.330556 0.03 0.02 0.457031
0 0.7875 0.322778 0.0325 0.0238889 0.453369
0 0.37625 0.319167 0.0125 0.02 0.449463
0 0.0533203 0.422222 0.0249219 0.0177778 0.443604
0 0.39375 0.317778 0.0125 0.0188889 0.439697
0 0.939375 0.333889 0.02625 0.02 0.439697
0 0.484688 0.276111 0.00812499 0.0116666 0.42627
5 0.33125 0.318333 0.01375 0.0288889 0.42627
7 0.725 0.401389 0.00499999 0.0172222 0.42627
7 0.746875 0.400556 0.00499999 0.0155556 0.407227
0 0.9325 0.329722 0.02 0.0188889 0.394287
2 0.20875 0.374444 0.010625 0.0233333 0.379395
2 0.144375 0.390556 0.00828126 0.0166667 0.373779
0 0.0483984 0.423889 0.0259375 0.02 0.37207
0 0.47875 0.292778 0.01125 0.0155555 0.370117
0 0.313125 0.337778 0.014375 0.0205556 0.356689
2 0.215313 0.364722 0.00843751 0.0238889 0.350342
1 0.84125 0.319444 0.05 0.0444444 0.338135
3 0.191563 0.373333 0.00562499 0.0266667 0.338135
7 0.678125 0.478889 0.00750001 0.0233334 0.336426
2 0.153125 0.408889 0.00875001 0.0272222 0.312256
3 0.0295313 0.489444 0.0078125 0.04 0.293457
0 0.386563 0.32 0.01375 0.0188889 0.281494
0 0.409688 0.308889 0.015 0.0177778 0.27124
0 0.943125 0.337222 0.02625 0.0177778 0.270508
2 0.146016 0.408333 0.00734375 0.0266667 0.269043
3 0.0496094 0.474722 0.00625 0.0272222 0.262207
0 0.466875 0.28 0.00750001 0.0122222 0.258301
0 0.0107227 0.465556 0.0214453 0.0233333 0.258301
3 0.5475 0.308333 0.00625 0.0244444 0.250977
0 0.89125 0.333333 0.0300001 0.0177778 0.244385
0 0.508438 0.281944 0.010625 0.015 0.243652
0 0.47375 0.276111 0.00750001 0.0122222 0.242188
0 0.0558594 0.426944 0.02375 0.0194444 0.237915
0 0.375938 0.323333 0.0125 0.0211111 0.236572
0 0.470938 0.270556 0.00687501 0.00999999 0.233032
0 0.363125 0.313333 0.01125 0.0166667 0.229492
0 0.9475 0.33 0.0225 0.0177778 0.229492
2 0.224688 0.37 0.00562499 0.0211111 0.202393
3 0.0351562 0.483333 0.0102344 0.0411111 0.201782
2 0.0355469 0.475556 0.0107031 0.0338889 0.200562
0 0.371563 0.298056 0.00999997 0.0166667 0.196777
0 0.36875 0.3 0.011875 0.015 0.193115
0 0.35375 0.316111 0.0125 0.0211111 0.193115
0 0.345 0.316944 0.01375 0.0227778 0.188965
2 0.148438 0.409167 0.0078125 0.0277778 0.187744
0 0.413125 0.293333 0.01125 0.0166667 0.186523
0 0.403438 0.291944 0.01125 0.0138889 0.182983
3 0.193125 0.377222 0.0059375 0.0272222 0.182373
3 0.0280469 0.491111 0.00820313 0.0355556 0.182373
0 0.8725 0.33 0.03125 0.0222222 0.171631
3 0.192656 0.373333 0.0059375 0.0283333 0.168823
7 0.0636719 0.475833 0.00453125 0.0127778 0.162964
0 0.353438 0.309444 0.011875 0.0166667 0.154541
3 0.0473438 0.471111 0.0075 0.0311111 0.146606
0 0.412813 0.277778 0.00875003 0.0144444 0.1427
7 0.92375 0.466667 0.00499999 0.0211111 0.132935
0 0.491875 0.270556 0.00874999 0.0133334 0.13208
0 0.394688 0.290278 0.01125 0.0194444 0.130737
2 0.155625 0.408889 0.0059375 0.0266667 0.130737
2 0.21625 0.356667 0.00625 0.0188889 0.129395
7 0.734375 0.396667 0.00499999 0.0183333 0.12854
0 0.402188 0.278611 0.00874999 0.0127778 0.127686
3 0.0215234 0.501389 0.00773438 0.0477778 0.120422
3 0.0295117 0.504444 0.00628906 0.0333333 0.119629
0 0.461875 0.287778 0.00874999 0.0144444 0.117188
0 0.42125 0.299444 0.01125 0.0166667 0.115967
3 0.219219 0.36 0.00531251 0.02 0.110474
0 0.39625 0.283333 0.01 0.0144444 0.10968
0 0.391563 0.302778 0.011875 0.0222222 0.107788
7 0.7375 0.426111 0.00499999 0.0183333 0.0977173
7 0.685 0.353889 0.00250003 0.0133334 0.0953369
7 0.126484 0.421111 0.00390625 0.0111111 0.0946655
0 0.418125 0.287778 0.00874999 0.0133333 0.0939941
0 0.484375 0.26 0.00625 0.0105555 0.0910645
2 0.73125 0.385 0.00874996 0.04 0.0900879
0 0.474375 0.261667 0.00625 0.00999999 0.0881958
0 0.493438 0.272778 0.00750001 0.0133333 0.0863037
3 0.7325 0.385 0.00875003 0.0422222 0.0841675
2 0.256875 0.346667 0.01625 0.02 0.0726318
7 0.146875 0.412778 0.00562501 0.0222222 0.0718384
0 0.94375 0.340556 0.0275 0.0216667 0.069519
0 0.312344 0.34 0.0228125 0.0205556 0.0661011
2 0.0549219 0.475278 0.00632812 0.0233333 0.0607605
0 0.43625 0.275833 0.00625 0.00888889 0.0589905
2 0.473125 0.326111 0.01 0.0222222 0.0548096
5 0.4925 0.264444 0.00750001 0.0144444 0.0545959
0 0.4125 0.274444 0.01125 0.0133333 0.0539856
3 0.73375 0.385556 0.00749995 0.04 0.0531921
3 0.224219 0.355 0.0046875 0.0177778 0.0495911
0 0.855 0.334722 0.0275 0.0177778 0.0495911
2 0.302188 0.3475 0.00968749 0.0261111 0.042572
0 0.0503906 0.419167 0.0257813 0.0188889 0.0408325
0 0.0601953 0.431667 0.0311719 0.0266667 0.0333252
3 0.54625 0.303611 0.00562503 0.0222222 0.0324707
0 0.80375 0.317778 0.0325 0.0211111 0.0322266
0 0.420625 0.305833 0.0125 0.0194444 0.0299835
3 0.0394922 0.501944 0.0119531 0.0416667 0.0282135
7 0.128516 0.416111 0.00453125 0.0166667 0.0271759
2 0.0301172 0.479444 0.0136719 0.0355555 0.0262604
7 0.565 0.317222 0.00374997 0.0133333 0.0256653
7 0.685 0.360833 0.00250003 0.0144444 0.0253754
2 0.72625 0.388333 0.00750001 0.0377778 0.0246124
0 0.44375 0.263333 0.00625 0.01 0.0238647
3 0.0466797 0.460278 0.00796875 0.0266667 0.0234222
0 0.38125 0.292778 0.01125 0.0166667 0.0230255
3 0.7275 0.382778 0.00749995 0.0416667 0.0229797
2 0.0357422 0.469167 0.00992187 0.0305556 0.0215302
7 0.71 0.404722 0.00499999 0.0166667 0.0211182
0 0.85625 0.338333 0.03 0.0255556 0.0208893
3 0.556875 0.315556 0.00625 0.0222222 0.02034
0 0.0332031 0.425556 0.0240625 0.02 0.0193481
2 0.0425879 0.485556 0.00935547 0.0377778 0.0192719
0 0.79625 0.313333 0.0325 0.0227778 0.018692
0 0.573438 0.435833 0.0325 0.0572222 0.0181885
7 0.66875 0.472778 0.00750001 0.0311111 0.0180969
0 0.460938 0.297222 0.01375 0.0155556 0.0176392
0 0.448125 0.268611 0.00562499 0.00888889 0.0158997
3 0.0895313 0.408889 0.005625 0.0155556 0.0150757
7 0.91625 0.472778 0.00500005 0.0155555 0.0147324
0 0.796875 0.333333 0.02625 0.0177778 0.0147324
7 0.74375 0.429444 0.00499999 0.0188889 0.014061
0 0.918125 0.333889 0.025 0.0183333 0.013588
0 0.89125 0.339444 0.0300001 0.0233333 0.0130234
0 0.95375 0.333056 0.0275 0.0161111 0.0128708
0 0.526563 0.276667 0.00687501 0.0111111 0.0124817
7 0.234219 0.368056 0.004375 0.0133333 0.0123367
0 0.323125 0.34 0.015 0.0188889 0.012291
0 0.505313 0.244306 0.00562499 0.0111111 0.0121918
0 0.80125 0.33 0.0375 0.0211111 0.0112457
3 0.548125 0.2675 0.00625 0.0188889 0.0112457
0 0.85375 0.302778 0.0300001 0.02 0.0109863
3 0.224531 0.372778 0.00562501 0.0255556 0.0100555
2 0.166094 0.373889 0.011875 0.0222222 0.00978088
0 0.0293018 0.434444 0.0186621 0.0222222 0.00959778
2 0.283594 0.333333 0.00718749 0.0166667 0.00933838
7 0.928125 0.454444 0.00499999 0.0211111 0.00901794
0 0.76625 0.321111 0.01875 0.0194444 0.0088501
0 0.012666 0.476111 0.0208008 0.0355555 0.00871277
0 0.71 0.324444 0.0375 0.0222222 0.00821686
7 0.685 0.317778 0.00374997 0.0144444 0.00790405
7 0.575938 0.328333 0.00437495 0.0133333 0.00757599
2 0.0433594 0.518889 0.0163281 0.0433334 0.00751877
0 0.461875 0.305556 0.01375 0.0233333 0.00728989
0 0.0411328 0.433333 0.0171094 0.0233333 0.00712204
2 0.0733984 0.403889 0.00640625 0.0177778 0.00679779
0 0.890625 0.3225 0.025 0.0216667 0.00653839
0 0.92375 0.324167 0.0275 0.025 0.00651169
0 0.929375 0.341111 0.03125 0.0227778 0.00643921
0 0.42125 0.277222 0.00874999 0.0133333 0.00636292
3 0.903125 0.440556 0.00750001 0.0388889 0.00634003
0 0.534063 0.276111 0.00625 0.0111111 0.00598145
7 0.654375 0.363333 0.00374997 0.0122222 0.00582123
7 0.221563 0.508889 0.0075 0.0288889 0.00582123
7 0.215 0.375556 0.00437501 0.0211111 0.00568771
3 0.69375 0.443889 0.00874996 0.0733333 0.00553513
0 0.356875 0.302222 0.01 0.0155556 0.00548935
7 0.92375 0.478889 0.00750001 0.0333333 0.00510025
3 0.0206689 0.519167 0.0134277 0.0538889 0.0050621
0 0.1675 0.378611 0.0321875 0.0283333 0.00502014
7 0.66875 0.368889 0.00499999 0.0183333 0.00502014
7 0.745 0.424167 0.00499999 0.0177778 0.00494385
0 0.7925 0.315556 0.03375 0.0266667 0.0049057
0 0.00304443 0.416944 0.00608887 0.0166667 0.00482941
7 0.72125 0.451111 0.00749995 0.0211111 0.00482941
0 0.4425 0.272222 0.00750001 0.0122222 0.00475693
0 0.94875 0.321667 0.02125 0.0211111 0.00475693
0 0.18625 0.373889 0.01 0.0261111 0.00446701
7 0.666875 0.352778 0.00625 0.0144444 0.00436401
0 0.6625 0.320833 0.03125 0.02 0.00431442
3 0.205 0.356389 0.005 0.0205556 0.00418091
2 0.61375 0.301667 0.00562503 0.0155555 0.00413513
2 0.094375 0.407222 0.00515625 0.0155555 0.00408554
3 0.61 0.303333 0.00750001 0.0166667 0.00395966
2 0.301563 0.346111 0.0153125 0.0216667 0.00387001
0 0.498438 0.282222 0.009375 0.0144444 0.00383949
3 0.689375 0.306944 0.00499999 0.0133333 0.00358009
7 0.68375 0.325556 0.00500005 0.0188889 0.00345612
3 0.555 0.416111 0.01375 0.0555556 0.00323486
0 0.00671875 0.4475 0.0134375 0.0261111 0.00319672
3 0.485625 0.505833 0.01125 0.0661111 0.00311089
0 0.29 0.3375 0.015625 0.0177778 0.00305176
2 0.140703 0.39 0.0132813 0.0166667 0.00302696
3 0.6875 0.431944 0.0125 0.0561111 0.00302696
0 0.77875 0.334444 0.035 0.0188889 0.00300407
0 0.386875 0.330833 0.01625 0.0216667 0.00296974
2 0.5625 0.284444 0.00874996 0.0161111 0.00291252
2 0.280625 0.355278 0.013125 0.0255556 0.00279999
7 0.165938 0.418333 0.004375 0.0133334 0.00279999
3 0.77625 0.346111 0.00875003 0.0305556 0.00277901
0 0.453438 0.260556 0.00562503 0.00777777 0.00263214
3 0.503438 0.33 0.00875003 0.0244444 0.00260162
3 0.557813 0.425278 0.01875 0.0538889 0.00260162
7 0.75375 0.417222 0.00499999 0.0188889 0.00253105
3 0.0549219 0.476944 0.00742188 0.0316666 0.00251198
7 0.486563 0.618889 0.07125 0.131111 0.00251198
0 0.705625 0.319722 0.0237501 0.0177778 0.00247192
7 0.735 0.435 0.00499999 0.0183333 0.00239754
7 0.428125 0.483333 0.00749998 0.0366667 0.00234985
3 0.77875 0.351111 0.00750001 0.0238889 0.00230598
0 0.0589844 0.447222 0.0353125 0.0327778 0.00228691
3 0.903125 0.449722 0.00625 0.0405555 0.00228691
0 0.506563 0.259444 0.00562503 0.00944446 0.00226974
3 0.227813 0.368333 0.00687501 0.02 0.00219917
0 0.532188 0.291111 0.015625 0.0161111 0.00218201
2 0.56125 0.288889 0.01 0.0155556 0.00218201
0 0.0111328 0.453889 0.0222656 0.0222222 0.00216484
0 0.7 0.318333 0.01375 0.0166667 0.00209045
7 0.665625 0.38 0.00499999 0.0155555 0.00204277
2 0.0867188 0.405 0.00593751 0.0155555 0.00200272
2 0.304219 0.355 0.011875 0.0266667 0.00197983
7 0.135312 0.420556 0.0034375 0.0111111 0.00192642
0 0.529375 0.269444 0.00750001 0.0111111 0.00189686
7 0.00842285 0.543889 0.0078418 0.0211112 0.00188255
0 0.8875 0.846111 0.055 0.167778 0.00188255
0 0.068125 0.413333 0.0171094 0.0177778 0.00188255
3 0.72375 0.406944 0.00499999 0.0316666 0.00182438
2 0.5575 0.283333 0.00812499 0.0166667 0.0017271
0 0.85875 0.349444 0.045 0.0266667 0.00170708
2 0.0400391 0.522778 0.0141406 0.0477778 0.0017004
7 0.6725 0.463056 0.00625 0.0305556 0.0016613
5 0.0127734 0.43 0.0251953 0.0311111 0.0015974
0 0.79625 0.334722 0.0375 0.0205555 0.00153065
7 0.666875 0.364444 0.00499999 0.0111111 0.00150108
0 0.515625 0.264444 0.00500002 0.0111111 0.00146103
7 0.673125 0.353056 0.00499999 0.0133334 0.00146103
0 0.95625 0.345 0.0325 0.0211111 0.00145531
0 0.0033374 0.408889 0.00667481 0.02 0.00144386
0 0.525625 0.262778 0.00437498 0.0111111 0.00139904
2 0.675 0.2975 0.00499999 0.015 0.00139904
3 0.6775 0.441667 0.00999997 0.0688889 0.00135612
2 0.71375 0.308333 0.01875 0.0238889 0.00132465
0 0.865 0.340556 0.0275 0.0211111 0.00129986
7 0.0639063 0.485 0.00515625 0.0161111 0.00129986
2 0.47375 0.331389 0.01625 0.0405556 0.0012846
0 0.265625 0.342778 0.02875 0.025 0.00126457
7 0.565313 0.329444 0.00437501 0.0122222 0.0012207
0 0.316094 0.319722 0.0103125 0.0183333 0.00118828
0 0.74625 0.301667 0.0225 0.0177778 0.00116539
0 0.533125 0.2625 0.00625003 0.0111111 0.00113392
0 0.510625 0.275556 0.0175 0.0244444 0.00112438
2 0.257188 0.340556 0.011875 0.0244444 0.0011158
0 0.915 0.343333 0.02375 0.0211111 0.00108147
0 0.74375 0.337778 0.04125 0.0255556 0.00106525
0 0.301406 0.324167 0.0134375 0.0261111 0.00104046
2 0.555 0.435 0.03375 0.0683333 0.00103188
0 0.49625 0.245833 0.00625 0.0122222 0.00102425
