0 0.309688 0.878889 0.139375 0.241111 0.959961
0 0.666875 0.882222 0.155 0.233333 0.959473
0 0.78875 0.810556 0.15375 0.236667 0.958984
0 0.117656 0.754444 0.131875 0.177778 0.953125
0 0.678594 0.582361 0.0878125 0.126389 0.944824
0 0.28625 0.584444 0.080625 0.125556 0.943848
0 0.375938 0.623889 0.083125 0.128889 0.940918
0 0.581875 0.605 0.07875 0.116667 0.939941
5 0.48375 0.848889 0.1425 0.302222 0.933594
0 0.4825 0.634444 0.07375 0.128889 0.932129
0 0.239063 0.561667 0.075625 0.0977778 0.913574
0 0.634375 0.372778 0.06125 0.0388889 0.878418
0 0.2475 0.377778 0.0390625 0.0333333 0.854004
0 0.130781 0.405278 0.03625 0.0288889 0.851074
0 0.346875 0.330278 0.01625 0.0222222 0.839844
0 0.474375 0.337778 0.040625 0.0316667 0.832031
0 0.74125 0.335 0.0425 0.0266667 0.830078
0 0.325078 0.332778 0.0185937 0.025 0.82666
0 0.366875 0.325556 0.01625 0.0244444 0.824219
0 0.0632813 0.438333 0.0324219 0.0288889 0.822266
2 0.76375 0.405556 0.0175 0.0444444 0.790527
7 0.666875 0.464444 0.00625 0.0227778 0.78125
0 0.386875 0.323611 0.015 0.0222222 0.778809
2 0.224375 0.361111 0.009375 0.02 0.778809
0 0.85125 0.333889 0.02875 0.0211111 0.774414
0 0.433125 0.351111 0.05125 0.0311111 0.756348
2 0.7275 0.403889 0.015 0.04 0.754883
2 0.056875 0.466944 0.0167188 0.0338889 0.741699
3 0.202344 0.486389 0.0178125 0.0616667 0.732422
0 0.79875 0.332778 0.04 0.0233333 0.730957
2 0.0277295 0.483056 0.0167285 0.0361111 0.726562
7 0.925 0.457222 0.00375004 0.0155555 0.712402
2 0.739375 0.395 0.0175 0.0411111 0.710449
0 0.356875 0.315833 0.01375 0.0194444 0.700684
7 0.0233594 0.528333 0.00539062 0.0155555 0.689453
1 0.380938 0.288889 0.019375 0.0277778 0.682617
0 0.403125 0.322222 0.015625 0.02 0.651367
0 0.411563 0.317222 0.011875 0.0188889 0.622559
2 0.196406 0.369722 0.0075 0.02 0.616699
0 0.371875 0.319167 0.01375 0.0222222 0.596191
7 0.234688 0.501667 0.00625 0.0205556 0.57959
7 0.6775 0.48 0.00749995 0.0244445 0.537109
2 0.0314844 0.472222 0.0154688 0.0355555 0.529297
7 0.68375 0.353056 0.00374997 0.0127778 0.449463
0 0.368438 0.322778 0.015 0.0255556 0.44751
0 0.3925 0.296944 0.00874999 0.0144444 0.428223
7 0.73625 0.433056 0.00499999 0.0166667 0.390381
0 0.390625 0.304167 0.01 0.0161111 0.384033
7 0.92375 0.466667 0.00499999 0.0155556 0.373779
2 0.0326953 0.468333 0.0132813 0.03 0.350342
0 0.338438 0.325833 0.011875 0.0211111 0.339844
0 0.412813 0.31 0.013125 0.0205556 0.331055
7 0.72875 0.439444 0.00499999 0.0177778 0.313232
0 0.493125 0.278889 0.01 0.0127778 0.300781
0 0.34 0.321667 0.014375 0.0211111 0.286133
0 0.343125 0.319444 0.013125 0.0183333 0.281494
5 0.496875 0.328889 0.0475 0.0311111 0.276611
0 0.369063 0.306944 0.009375 0.0127778 0.258301
0 0.3975 0.315 0.01125 0.0183333 0.236572
7 0.63375 0.328333 0.00374997 0.0111111 0.223999
7 0.221563 0.516111 0.0075 0.025 0.220703
0 0.40375 0.295 0.00874999 0.0122222 0.206909
7 0.739375 0.432222 0.00375004 0.0183333 0.190674
2 0.223125 0.359167 0.00874999 0.0216667 0.176147
7 0.220781 0.506667 0.00562499 0.0233333 0.169434
0 0.431563 0.275 0.00999997 0.0111111 0.161865
0 0.485 0.258333 0.00437498 0.00944443 0.144165
2 0.22125 0.357778 0.00656249 0.0177778 0.137573
0 0.74625 0.332222 0.0425001 0.0266667 0.134766
7 0.725 0.442222 0.00499999 0.0177778 0.127686
0 0.493125 0.2725 0.00750001 0.0116667 0.125488
7 0.66875 0.345 0.00375004 0.0155555 0.118774
0 0.41375 0.293611 0.01 0.0155555 0.105591
2 0.216563 0.365 0.00562499 0.0144444 0.0841675
7 0.744375 0.423889 0.00625 0.0155555 0.0775146
2 0.191563 0.368611 0.00687501 0.0211111 0.0739746
0 0.4175 0.285 0.00875003 0.0133333 0.0619812
0 0.426563 0.349444 0.03625 0.0333333 0.0588989
0 0.4125 0.285 0.01 0.0166667 0.0539856
7 0.00806641 0.543333 0.00574219 0.0211111 0.0495911
5 0.495 0.260556 0.00625 0.00888889 0.0463867
7 0.65375 0.327778 0.00374997 0.0111111 0.0440063
0 0.486563 0.327222 0.028125 0.0266667 0.0432129
0 0.448125 0.268611 0.00562499 0.00722221 0.033844
2 0.597188 0.302778 0.00625 0.0177778 0.0328369
0 0.379375 0.289167 0.00875003 0.0133333 0.0299835
0 0.405 0.281667 0.00750001 0.0111111 0.0296478
3 0.265781 0.348889 0.004375 0.0133333 0.028656
3 0.0218701 0.483333 0.00930664 0.0377778 0.0277405
0 0.43 0.276667 0.0125 0.0122222 0.0265503
2 0.7225 0.402778 0.02 0.0422222 0.0257568
4 0.49875 0.3275 0.04375 0.0338889 0.0255585
3 0.70875 0.31 0.00500005 0.0177778 0.0250854
2 0.0223828 0.434444 0.0071875 0.0222222 0.024231
0 0.355 0.311667 0.01375 0.0183333 0.0239563
2 0.76625 0.403056 0.0175 0.0427778 0.0238647
0 0.47625 0.261667 0.00562499 0.00777777 0.0232391
0 0.444375 0.263611 0.00500002 0.00944446 0.0227203
7 0.614375 0.331667 0.00375004 0.00999999 0.0220337
7 0.275 0.363611 0.00375001 0.0133333 0.02034
7 0.275313 0.352222 0.00375001 0.0116667 0.0202484
2 0.7225 0.396944 0.025 0.0427778 0.0195007
0 0.42125 0.308889 0.01125 0.0166667 0.0191193
2 0.72 0.400556 0.0175 0.04 0.0190582
2 0.49375 0.326389 0.01375 0.0277778 0.0176392
7 0.284687 0.350556 0.00375001 0.0105555 0.0154877
2 0.41125 0.322778 0.00999997 0.02 0.0145569
0 0.858125 0.334444 0.0375 0.0194444 0.014061
0 0.491875 0.288333 0.01125 0.0155556 0.0134811
0 0.423438 0.299444 0.00812502 0.0155556 0.0126724
0 0.8525 0.337778 0.0325 0.0255556 0.0123367
7 0.63625 0.317222 0.00375004 0.0122222 0.0119629
2 0.244063 0.354444 0.00625 0.0144444 0.0116425
0 0.00297607 0.438333 0.00595215 0.0233333 0.0104065
3 0.0209424 0.431944 0.00538086 0.0188889 0.0103683
0 0.622813 0.357778 0.024375 0.0233333 0.00981903
2 0.741875 0.397778 0.02 0.0433333 0.00981903
0 0.39375 0.280556 0.00625 0.01 0.00978088
0 0.470625 0.2675 0.00499999 0.00944443 0.00955963
0 0.454375 0.262778 0.00437501 0.00777777 0.00888062
0 0.366563 0.300833 0.00874999 0.0155556 0.00861359
2 0.705 0.309444 0.00499999 0.0144444 0.00861359
0 0.496875 0.282222 0.01 0.0155555 0.00784302
7 0.685 0.315556 0.00250003 0.00999999 0.0078125
7 0.666875 0.352222 0.00499999 0.0111111 0.00757599
2 0.74 0.391111 0.025 0.0477778 0.00703812
7 0.66125 0.3625 0.00750001 0.0177778 0.00677109
2 0.735 0.389444 0.0275 0.0483333 0.00666809
0 0.534375 0.277778 0.00500002 0.00888889 0.00661469
2 0.0493359 0.468889 0.0107031 0.03 0.00579834
0 0.489375 0.283611 0.00999997 0.0161111 0.00538635
2 0.190313 0.37 0.014375 0.0211111 0.00536346
2 0.234688 0.353056 0.004375 0.0144444 0.00496292
0 0.510313 0.268333 0.00625 0.0111111 0.00494385
3 0.292188 0.338333 0.00687501 0.0144444 0.00479126
2 0.693125 0.333889 0.0112501 0.0277778 0.00475693
5 0.489688 0.334444 0.0625 0.0344445 0.00475693
3 0.77625 0.350833 0.00750001 0.0261111 0.00475693
7 0.0461719 0.483333 0.0046875 0.0233333 0.00475693
2 0.7625 0.321667 0.0125 0.0205555 0.00460815
7 0.253438 0.493333 0.00625 0.0177778 0.00436401
3 0.71 0.397778 0.00750001 0.0355555 0.00436401
3 0.59625 0.307222 0.00500005 0.0188889 0.0042305
7 0.155781 0.417222 0.00406249 0.0122222 0.00407028
2 0.0546875 0.466667 0.023125 0.0355555 0.00403976
0 0.430938 0.274722 0.010625 0.0144444 0.00402451
7 0.375625 0.624444 0.0825 0.13 0.00379562
7 0.675 0.352222 0.00249996 0.0111111 0.00362206
0 0.412188 0.270556 0.00874999 0.0111111 0.00346947
7 0.56625 0.327222 0.00437501 0.0122222 0.00335121
2 0.215313 0.356944 0.00406249 0.0188889 0.00327301
3 0.16375 0.380833 0.005 0.025 0.00327301
3 0.266563 0.338611 0.00562499 0.0188889 0.00317192
0 0.00561523 0.387778 0.0104883 0.0188889 0.00317192
0 0.0635938 0.443333 0.030625 0.0344445 0.00314713
0 0.755 0.334444 0.04375 0.0233333 0.00314713
0 0.626875 0.359444 0.0375 0.0266667 0.00313568
0 0.53 0.270556 0.00499999 0.00888887 0.00302696
7 0.650625 0.336667 0.00625 0.0155555 0.00301552
0 0.445 0.273333 0.00499999 0.0111111 0.00300407
0 0.985625 0.334444 0.01125 0.0144444 0.00287819
0 0.00451904 0.404167 0.00870606 0.0172222 0.00286674
2 0.0585938 0.472222 0.015625 0.0416666 0.00286674
0 0.503125 0.259722 0.00500002 0.00722224 0.00270462
0 0.514375 0.2625 0.00374997 0.00777777 0.0026722
0 0.481563 0.325833 0.029375 0.0294445 0.0026722
7 0.582188 0.606111 0.078125 0.117778 0.00264168
3 0.68625 0.293333 0.00499999 0.0177778 0.0026207
2 0.177188 0.369444 0.00562499 0.0177778 0.00257111
7 0.645 0.318056 0.00250003 0.0116667 0.00251198
0 0.97125 0.336111 0.0175 0.0166667 0.00250244
5 0.422813 0.310278 0.03375 0.035 0.0024929
7 0.7775 0.352222 0.00749995 0.0222222 0.00227928
7 0.482188 0.634444 0.07375 0.128889 0.00218201
2 0.115703 0.385833 0.00515625 0.0155555 0.00211525
7 0.0748828 0.468889 0.00429688 0.0188889 0.00209999
0 0.968125 0.345 0.02 0.0205556 0.00206757
7 0.677656 0.583333 0.0871875 0.125556 0.0019722
0 0.0250586 0.484444 0.0253125 0.0355555 0.00195694
2 0.105703 0.385556 0.0065625 0.0188889 0.00191879
0 0.9675 0.338056 0.0125 0.0166667 0.00174809
0 0.00299316 0.425 0.00598633 0.0244444 0.00173378
2 0.195938 0.373611 0.00750001 0.025 0.00170708
2 0.728125 0.386111 0.0175 0.0444444 0.0017004
3 0.16375 0.373889 0.004375 0.0244445 0.00166798
7 0.67 0.473889 0.00750001 0.0255556 0.0016489
0 0.96625 0.336389 0.0125 0.0177778 0.00162888
0 0.783125 0.333056 0.025 0.0222222 0.00154305
2 0.29375 0.337222 0.00874999 0.0155555 0.00150108
7 0.7175 0.451111 0.00625 0.0222222 0.00146675
3 0.545625 0.279444 0.00375004 0.00999999 0.00139427
2 0.185625 0.378056 0.010625 0.0238889 0.00138855
2 0.0441406 0.423333 0.006875 0.0144444 0.00138855
7 0.9275 0.452778 0.00499999 0.0188889 0.00129414
0 0.52625 0.275 0.00625 0.01 0.00126457
3 0.775625 0.363889 0.00625 0.0355555 0.00126457
7 0.645 0.331111 0.00250003 0.00888889 0.00124454
0 0.9025 0.333333 0.0175 0.0144444 0.00123978
2 0.268125 0.342222 0.0075 0.0177778 0.00123024
2 0.0245117 0.484444 0.0215625 0.035 0.00121593
7 0.574375 0.326667 0.00500005 0.0138889 0.0012064
2 0.695 0.349444 0.00625 0.0211111 0.0012064
0 0.0475 0.436667 0.0317187 0.0255556 0.0012064
0 0.431563 0.335833 0.021875 0.0183333 0.00119686
7 0.7225 0.447778 0.00499999 0.0205555 0.00119686
2 0.0243359 0.430556 0.00863281 0.0283333 0.00117397
0 0.435625 0.340833 0.04125 0.0261111 0.0011692
0 0.97 0.347778 0.02625 0.0244444 0.00116062
7 0.566563 0.317778 0.00500005 0.0122222 0.00113392
0 0.465625 0.264167 0.00375001 0.00999999 0.00112438
3 0.81 0.307222 0.0125 0.0233333 0.00111198
3 0.200469 0.498333 0.0315625 0.0811111 0.00111198
0 0.0382813 0.424444 0.01375 0.0188889 0.00110722
3 0.154766 0.37 0.00546875 0.0188889 0.00109863
2 0.195938 0.359444 0.00562499 0.0244445 0.00106907
7 0.66375 0.311389 0.00499999 0.0127778 0.00105286
7 0.152656 0.405556 0.00843751 0.0166667 0.00104046
2 0.69125 0.341111 0.0125 0.03 0.00104046
2 0.254688 0.353611 0.00687499 0.0155556 0.00101185
