0 0.175625 0.680556 0.151563 0.272222 0.952148
0 0.0848242 0.681111 0.129102 0.236667 0.944824
0 0.21 0.419444 0.1 0.135556 0.941895
0 0.305625 0.373889 0.0975 0.133333 0.940918
0 0.504375 0.343333 0.07375 0.124444 0.931641
5 0.546563 0.0982639 0.04125 0.0665278 0.901367
0 0.21125 0.225417 0.045 0.0625 0.892578
0 0.0728125 0.261597 0.03625 0.0401389 0.871582
0 0.468438 0.0645833 0.0175 0.0252778 0.870605
0 0.345625 0.107917 0.02375 0.0313889 0.862305
0 0.311563 0.142778 0.031875 0.0422222 0.845703
0 0.042041 0.301111 0.0351367 0.0388889 0.837402
5 0.271875 0.140833 0.034375 0.0505556 0.836426
0 0.386875 0.0677778 0.0175 0.025 0.834473
0 0.239375 0.185278 0.03625 0.045 0.834473
7 0.70375 0.200417 0.00750001 0.0247222 0.831055
0 0.485313 0.0335764 0.011875 0.020625 0.825684
0 0.64375 0.0330556 0.03625 0.0254167 0.823242
7 0.245938 0.281389 0.008125 0.0233333 0.813965
7 0.0308984 0.377778 0.00609375 0.0194444 0.813965
0 0.42625 0.05875 0.015 0.0225 0.812988
0 0.504063 0.0679861 0.019375 0.0276389 0.812988
7 0.744375 0.174167 0.00625 0.0211111 0.810547
2 0.921875 0.182917 0.01125 0.0469444 0.791992
7 0.6925 0.184722 0.00625 0.0222222 0.769043
5 0.7625 0.0598611 0.045 0.0333333 0.759277
7 0.0445703 0.36 0.005625 0.0172222 0.725098
0 0.353125 0.0874306 0.02 0.0268056 0.716797
7 0.75375 0.163333 0.00499999 0.02 0.708984
0 0.31125 0.121076 0.025 0.0334028 0.692871
0 0.337188 0.08875 0.01875 0.0280556 0.672363
0 0.405938 0.0599306 0.018125 0.0295833 0.666992
0 0.00606934 0.327222 0.0121387 0.0266667 0.635254
7 0.945625 0.222639 0.00499999 0.0180556 0.62793
0 0.503125 0.0277083 0.01125 0.0175 0.622559
0 0.395313 0.0465451 0.0125 0.0191319 0.613281
0 0.71625 0.0386806 0.03375 0.0206944 0.602051
7 0.770625 0.129722 0.00375004 0.0161111 0.602051
0 0.435 0.0509722 0.01125 0.0180556 0.569824
0 0.0133203 0.306667 0.0259375 0.0277778 0.533203
0 0.530625 0.0519444 0.0175 0.0255556 0.525391
2 0.216875 0.155694 0.008125 0.0275 0.515625
0 0.753125 0.0543056 0.02875 0.025 0.5
0 0.295 0.11941 0.02125 0.0267361 0.492188
5 0.945 0.0905556 0.03 0.0286111 0.455078
7 0.165625 0.203472 0.0034375 0.0111111 0.439697
5 0.406563 0.0581944 0.018125 0.0336111 0.430176
7 0.773125 0.145972 0.00499999 0.0180556 0.413086
0 0.0163477 0.301667 0.0275 0.0333333 0.392334
0 0.0226367 0.296111 0.0312109 0.0355555 0.375732
0 0.0428906 0.293056 0.0335938 0.0361111 0.357666
0 0.288438 0.126944 0.0228125 0.0316667 0.341553
0 0.29125 0.123611 0.01875 0.0288889 0.338867
0 0.4225 0.0320486 0.00749998 0.0136806 0.331055
0 0.416875 0.0433507 0.0125 0.0174653 0.331055
7 0.7625 0.153472 0.00625 0.0188889 0.327637
2 0.71625 0.0679861 0.0125 0.0356944 0.324219
7 0.675 0.0513889 0.00249996 0.0125 0.317383
0 0.49375 0.00909722 0.00749998 0.00993056 0.297363
0 0.5025 0.00965278 0.00812499 0.0134722 0.286133
0 0.516875 0.0109028 0.00874999 0.0148611 0.284668
7 0.74875 0.128333 0.00499999 0.0172222 0.284668
0 0.43125 0.0183333 0.01 0.0128472 0.279785
1 0.526875 0.0286806 0.02625 0.03625 0.271973
0 0.486875 0.0128819 0.00625 0.0102778 0.258301
0 0.0276123 0.290278 0.0318848 0.0316666 0.252441
0 0.280313 0.117639 0.019375 0.0238889 0.24939
7 0.70625 0.0819444 0.00499999 0.0108333 0.245117
0 0.285156 0.12125 0.021875 0.0280556 0.222656
1 0.531875 0.0259028 0.01625 0.0306944 0.221313
0 0.00775391 0.320556 0.0154883 0.0277778 0.21936
0 0.75625 0.0577778 0.035 0.0302778 0.218628
0 0.0090332 0.326667 0.0179102 0.0311111 0.210815
0 0.203281 0.1575 0.0328125 0.0327778 0.193726
0 0.416875 0.0330556 0.00874999 0.0138889 0.184204
0 0.390625 0.06375 0.015 0.0223611 0.181885
0 0.423125 0.0468056 0.01 0.0177778 0.172729
5 0.430938 0.0168056 0.010625 0.0155556 0.160767
7 0.0744922 0.293889 0.00375 0.0111111 0.146606
7 0.144844 0.210694 0.0028125 0.0111111 0.137085
0 0.486875 0.0211458 0.00874999 0.0116667 0.125488
7 0.604688 0.0423785 0.00499999 0.0149653 0.11676
0 0.0230859 0.294444 0.0240234 0.0277778 0.0974121
1 0.520625 0.0313194 0.01875 0.0320833 0.0953369
0 0.944375 0.0908333 0.03125 0.02625 0.092041
7 0.7475 0.128056 0.00499999 0.0183333 0.0907593
0 0.4325 0.029375 0.00750001 0.0126389 0.0872803
0 0.77 0.0632639 0.0425 0.0293056 0.085083
0 0.214063 0.155694 0.01375 0.0263889 0.0786133
0 0.500313 0.00576389 0.00750001 0.0115278 0.0778198
0 0.533125 0.0141667 0.011875 0.0181944 0.0753174
0 0.453125 0.00805556 0.00625 0.00944444 0.0726318
0 0.207813 0.155 0.025 0.0288889 0.0713501
2 0.6 0.0212153 0.0125 0.0174306 0.0678101
0 0.319375 0.111528 0.02125 0.0269444 0.062561
0 0.78 0.0658333 0.0375 0.0241667 0.0614319
7 0.08375 0.291111 0.005 0.0144444 0.0614319
2 0.714375 0.0523611 0.015 0.0177778 0.0607605
0 0.268125 0.144444 0.0275 0.0444444 0.0598755
0 0.443438 0.0404861 0.0125 0.0206944 0.0589905
0 0.445938 0.0122222 0.00625 0.0101389 0.058136
1 0.5225 0.0142708 0.00874999 0.0232639 0.0535889
2 0.217188 0.151944 0.00875001 0.0227778 0.0528259
0 0.336875 0.0825 0.01875 0.025 0.0519409
7 0.0696094 0.299722 0.00375 0.0138889 0.0505066
0 0.51125 0.0184028 0.00625 0.0148611 0.0488586
0 0.0291992 0.303333 0.0333203 0.0361111 0.0484924
2 0.237188 0.137222 0.0075 0.0188889 0.0479431
7 0.92875 0.226944 0.00500005 0.0216667 0.0469055
0 0.295 0.108819 0.016875 0.0229167 0.0423889
3 0.926875 0.203889 0.00750001 0.0544444 0.035675
1 0.520625 0.0366667 0.01625 0.0265278 0.0348816
1 0.430625 0.0155556 0.0125 0.0151389 0.0339661
2 0.215938 0.145833 0.00562501 0.0227778 0.0330811
0 0.405625 0.0327431 0.00625 0.0127083 0.0317383
7 0.946875 0.215278 0.00499999 0.0197222 0.0317383
2 0.277188 0.106528 0.01 0.0169444 0.0290833
0 0.539062 0.0435938 0.014375 0.0186458 0.0243378
0 0.387812 0.0511111 0.00874999 0.0158333 0.0240479
0 0.78625 0.0663889 0.04 0.0236111 0.0238647
7 0.595625 0.0444444 0.00375004 0.0134722 0.0236053
7 0.773125 0.136944 0.00499999 0.015 0.0231476
0 0.445 0.0366319 0.013125 0.0236806 0.0216217
2 0.618125 0.035625 0.00875003 0.0184722 0.0205688
0 0.310938 0.113889 0.02375 0.0313889 0.0193481
7 0.665 0.0480556 0.00250003 0.00805556 0.0174408
2 0.257656 0.135972 0.0065625 0.0247222 0.0165253
7 0.0651953 0.296944 0.00304687 0.0122222 0.0159607
7 0.6925 0.0772222 0.00499999 0.0130556 0.0142288
0 0.4775 0.0275 0.00750001 0.0127778 0.0138474
7 0.94 0.220833 0.00499999 0.0191667 0.0137405
7 0.260625 0.263333 0.009375 0.0233333 0.0135345
7 0.25875 0.263889 0.00874999 0.0233333 0.0133743
0 0.00498535 0.283333 0.0094043 0.0233333 0.0129242
5 0.944375 0.0809722 0.03125 0.0423611 0.012825
5 0.0203906 0.245833 0.0170703 0.02 0.0119171
0 0.0043457 0.338333 0.00869141 0.0344444 0.0119171
7 0.65125 0.0534722 0.00625 0.0170833 0.0117798
0 0.0470703 0.286667 0.0294531 0.0277778 0.0116425
0 0.7225 0.0418056 0.0275 0.0219444 0.0106125
0 0.285313 0.106736 0.00812502 0.0184722 0.0105667
7 0.695 0.0520833 0.00250003 0.0141667 0.00981903
7 0.165781 0.196806 0.0034375 0.0172222 0.00978088
2 0.0108008 0.270556 0.0107422 0.02 0.00933838
7 0.93375 0.235139 0.00625 0.0194444 0.0091629
7 0.140625 0.214861 0.00390625 0.0122222 0.00912476
2 0.57375 0.0213889 0.01 0.0129167 0.00881195
2 0.709375 0.06625 0.01125 0.0327778 0.00841522
0 0.326563 0.106389 0.013125 0.0238889 0.00831604
7 0.69375 0.0636111 0.00375004 0.01 0.00790405
5 0.45 0.0327083 0.02 0.0295833 0.00737381
5 0.00595215 0.257222 0.0112207 0.0255556 0.00734711
3 0.88625 0.0631944 0.00499999 0.02 0.00723267
7 0.0245703 0.328056 0.004375 0.0188889 0.00682449
2 0.72 0.0677778 0.0125 0.0325 0.00658798
5 0.0172656 0.247222 0.0110938 0.0188889 0.00643921
2 0.0156836 0.262222 0.008125 0.0166667 0.00641251
5 0.94875 0.0953472 0.0375 0.0306944 0.00602722
2 0.0345898 0.259444 0.0115234 0.015 0.00595856
7 0.145859 0.22 0.0034375 0.0116667 0.00561905
0 0.83625 0.0768056 0.035 0.0241667 0.00542831
0 0.459375 0.00588542 0.00749998 0.0117708 0.00510025
7 0.246875 0.278889 0.009375 0.0255555 0.00492477
7 0.50375 0.344167 0.073125 0.123889 0.00486755
7 0.65625 0.0586111 0.00499999 0.0158333 0.00482941
7 0.67 0.0520139 0.00250003 0.0113889 0.00481033
7 0.9475 0.223611 0.00500005 0.0216667 0.00457382
0 0.79375 0.0634722 0.0437501 0.0255556 0.00445175
5 0.0050293 0.253403 0.00998047 0.0276389 0.00445175
0 0.59375 0.0213889 0.0175 0.0130556 0.00439835
0 0.535625 0.0647222 0.023125 0.0233333 0.00429916
7 0.168281 0.200833 0.004375 0.0138889 0.00424957
0 0.804375 0.0663889 0.03625 0.0233333 0.00419998
0 0.994375 0.131111 0.01125 0.0383333 0.00419998
0 0.539062 0.0325 0.01625 0.0251389 0.00413513
7 0.095 0.279444 0.00296875 0.00999999 0.00413513
0 0.995625 0.124028 0.00874996 0.0372222 0.0039444
7 0.7525 0.167222 0.00749995 0.0227778 0.00391388
7 0.700625 0.075 0.00499999 0.0169444 0.0037365
0 0.0327783 0.280556 0.0328027 0.0333333 0.00372124
0 0.72 0.0475 0.03 0.0272222 0.00369263
0 0.3625 0.0665278 0.013125 0.0147222 0.00367928
7 0.125703 0.22125 0.00359375 0.0130556 0.00356483
0 0.464375 0.0101389 0.00499999 0.00791667 0.00346947
2 0.745 0.115278 0.00999997 0.0430555 0.00344276
2 0.61875 0.04 0.00874996 0.0216667 0.00342941
7 0.0655469 0.308333 0.00375 0.0155556 0.00325966
5 0.446875 0.0405729 0.02 0.0310764 0.00316048
0 0.780625 0.0754167 0.0325 0.02 0.00314713
7 0.244688 0.139861 0.00499999 0.0152778 0.00271416
5 0.449063 0.0196875 0.02 0.0249306 0.00246239
2 0.219375 0.1575 0.0121875 0.0261111 0.00236893
0 0.99 0.125417 0.0199999 0.0319444 0.00226974
0 0.049541 0.274444 0.0343555 0.0311111 0.00222588
0 0.205156 0.159722 0.0253125 0.0336111 0.0020752
2 0.207344 0.145556 0.0140625 0.0233333 0.00197983
0 0.9875 0.1375 0.0249999 0.0283333 0.00192642
2 0.133516 0.174444 0.00609375 0.0155556 0.00192642
2 0.0424121 0.266111 0.0112695 0.0211111 0.00192642
3 0.256406 0.125833 0.00499999 0.0211111 0.00189686
7 0.765625 0.121944 0.00375004 0.0177778 0.00184631
0 0.356563 0.0684722 0.014375 0.0172222 0.00168133
7 0.725 0.0778472 0.00499999 0.0184722 0.00156116
0 0.84375 0.0790278 0.03625 0.0230556 0.00150108
0 0.9475 0.104653 0.03375 0.0370833 0.00144958
0 0.46875 0.0565278 0.01625 0.0263889 0.00144386
7 0.675 0.0604167 0.00249996 0.0122222 0.00142097
2 0.9275 0.185 0.02375 0.0533333 0.00139904
0 0.97 0.101875 0.02 0.02125 0.00138283
0 0.75125 0.0673611 0.0375 0.0280556 0.00134087
7 0.690625 0.0548611 0.00375004 0.0126389 0.00133514
0 0.78 0.0724306 0.0375 0.0261111 0.00131989
0 0.995625 0.10875 0.00874996 0.0397222 0.00130463
0 0.7675 0.0701389 0.03 0.0277778 0.00127411
2 0.294844 0.0880556 0.00843751 0.0186111 0.00122547
0 0.81625 0.0716667 0.0375 0.0238889 0.00121593
0 0.811875 0.0754167 0.05 0.0263889 0.00118828
0 0.00765137 0.426667 0.0153027 0.0622222 0.00112438
0 0.60375 0.0218056 0.01875 0.0179167 0.00109863
0 0.536875 0.00555556 0.01125 0.0111111 0.00109863
2 0.62375 0.0387326 0.00625 0.0200347 0.00109005
0 0.20125 0.151389 0.0359375 0.0369445 0.00105667
2 0.575938 0.0183333 0.013125 0.0173611 0.00104809
3 0.196875 0.165 0.00687499 0.0233333 0.00104809
7 0.135625 0.210278 0.003125 0.0125 0.00100422
