0 0.309688 0.851111 0.133125 0.245556 0.956543
0 0.459375 0.878889 0.1275 0.24 0.956543
0 0.668906 0.906111 0.152187 0.185556 0.95166
0 0.089707 0.790556 0.138398 0.198889 0.946289
0 0.274219 0.617222 0.0928125 0.125556 0.944336
0 0.378125 0.602222 0.07625 0.117778 0.941895
0 0.6 0.666667 0.0925 0.146667 0.939453
0 0.481563 0.6 0.07 0.122222 0.933105
0 0.58 0.546111 0.06875 0.1 0.918457
5 0.204688 0.598889 0.102187 0.124444 0.91748
0 0.380625 0.393889 0.065625 0.0433333 0.907227
0 0.566875 0.373611 0.065 0.0416667 0.898438
0 0.83125 0.356667 0.0425 0.0344445 0.878418
2 0.535625 0.445833 0.035 0.0572222 0.867188
0 0.429375 0.349444 0.04125 0.0322222 0.849121
0 0.71125 0.326111 0.0375 0.0244445 0.847168
0 0.567813 0.333889 0.049375 0.0311111 0.845703
0 0.159609 0.435556 0.0507813 0.0366667 0.84375
0 0.2925 0.374444 0.04625 0.0344445 0.838867
0 0.79375 0.326667 0.0325 0.0255556 0.812988
0 0.333125 0.361667 0.0375 0.0288889 0.809082
7 0.23625 0.504444 0.00687499 0.0255556 0.804199
3 0.300781 0.486389 0.0190625 0.0638889 0.801758
0 0.0800781 0.434444 0.0367187 0.0288889 0.796875
2 0.207188 0.509444 0.030625 0.0566667 0.789062
2 0.89875 0.511667 0.02 0.0666667 0.78418
0 0.0610547 0.455556 0.0375781 0.0311111 0.771973
0 0.0315625 0.4525 0.0371094 0.0327778 0.767578
0 0.121875 0.403333 0.0325 0.0255556 0.763672
0 0.75125 0.335556 0.03875 0.0261111 0.743164
5 0.77 0.302222 0.065 0.0522222 0.740234
2 0.7375 0.387778 0.0175 0.0422222 0.730957
0 0.195 0.392778 0.043125 0.0294444 0.71875
0 0.3875 0.326389 0.015625 0.0227778 0.713867
2 0.465 0.318056 0.01 0.0216667 0.705566
2 0.90625 0.416667 0.0125 0.04 0.697754
0 0.5125 0.288889 0.01125 0.0155556 0.692871
0 0.846875 0.326389 0.03125 0.0227778 0.668945
7 0.75 0.416667 0.00499999 0.02 0.658203
7 0.0240234 0.53 0.00445312 0.0144444 0.640625
0 0.303594 0.335556 0.01875 0.0233333 0.635254
2 0.225313 0.371111 0.0103125 0.0244445 0.615234
3 0.145938 0.497778 0.01125 0.04 0.584961
7 0.924375 0.460833 0.00499999 0.0183333 0.542969
7 0.665 0.466944 0.00500005 0.0233333 0.541016
7 0.73875 0.428611 0.00499999 0.0216667 0.541016
3 0.128359 0.504722 0.0139063 0.0561111 0.540039
0 0.34625 0.331111 0.01625 0.0244444 0.523438
2 0.665 0.308333 0.00749995 0.0205555 0.503906
5 0.369063 0.296389 0.014375 0.0266667 0.494141
2 0.675 0.441667 0.02375 0.05 0.486328
7 0.73 0.438611 0.00499999 0.02 0.466797
0 0.327578 0.334444 0.0173437 0.0211111 0.462891
0 0.365625 0.336111 0.014375 0.02 0.460938
0 0.8975 0.329444 0.0300001 0.0177778 0.434082
0 0.0253516 0.427222 0.0242578 0.0211111 0.416748
3 0.678125 0.471111 0.00874996 0.0466667 0.394287
0 0.405938 0.321944 0.015 0.0194444 0.392334
7 0.725 0.399444 0.00499999 0.0177778 0.366699
0 0.385938 0.317222 0.01375 0.0177778 0.364746
0 0.3325 0.333333 0.01625 0.0222222 0.359375
2 0.04875 0.520833 0.0109375 0.0405555 0.339844
2 0.217656 0.368611 0.00874999 0.0255556 0.327637
0 0.023501 0.434444 0.0280762 0.03 0.327637
3 0.125469 0.507778 0.015625 0.055 0.324219
2 0.21 0.371111 0.0075 0.0244445 0.321777
0 0.421875 0.3 0.010625 0.0205555 0.307373
0 0.3125 0.36 0.03 0.0283333 0.30249
3 0.675 0.470556 0.01 0.0477778 0.297363
0 0.365 0.315833 0.0125 0.0161111 0.295898
0 0.351875 0.311389 0.01375 0.0194444 0.287842
2 0.236875 0.360556 0.00593751 0.02 0.276611
7 0.634375 0.331111 0.00375004 0.0111111 0.255371
3 0.67 0.472222 0.00999997 0.0422223 0.245117
3 0.854375 0.426389 0.01 0.0461111 0.243652
7 0.7375 0.427778 0.00499999 0.0188889 0.242188
2 0.685 0.436944 0.025 0.0572222 0.240723
7 0.65375 0.328611 0.00499999 0.015 0.23938
2 0.73625 0.386667 0.0125 0.0422222 0.237915
0 0.310313 0.335 0.015 0.0222222 0.228149
0 0.311563 0.355 0.024375 0.0266667 0.222046
0 0.390938 0.304722 0.01 0.0172222 0.217285
0 0.37125 0.315 0.0125 0.0155555 0.20752
7 0.685 0.352778 0.00374997 0.0144444 0.20752
3 0.170938 0.383333 0.00499999 0.0233333 0.206909
0 0.84625 0.3225 0.03 0.0205556 0.199951
2 0.203125 0.369722 0.00625002 0.025 0.19873
0 0.394375 0.299444 0.0125 0.0155556 0.178345
0 0.411563 0.317222 0.015 0.0177778 0.177856
5 0.384375 0.292778 0.01375 0.0255555 0.176147
6 0.613125 0.311111 0.02125 0.0166667 0.168823
7 0.92375 0.467778 0.00499999 0.0222222 0.168823
2 0.173594 0.389444 0.0059375 0.0255556 0.165039
0 0.613438 0.310278 0.021875 0.0177778 0.156616
3 0.66875 0.470278 0.01 0.05 0.149536
0 0.349375 0.331667 0.01625 0.0211111 0.14563
0 0.371875 0.324444 0.0175 0.0211111 0.141235
0 0.485 0.263056 0.00625 0.0116667 0.140381
0 0.0277002 0.429444 0.026709 0.025 0.138428
0 0.396563 0.317222 0.0125 0.0177778 0.137573
2 0.236563 0.357778 0.00562499 0.0188889 0.135742
3 0.0483984 0.523333 0.0109375 0.0455556 0.133911
7 0.2225 0.521667 0.0075 0.0266667 0.132935
0 0.324453 0.345556 0.0198437 0.0222222 0.13208
0 0.351875 0.305833 0.01375 0.02 0.128052
2 0.194219 0.372778 0.00531249 0.0227778 0.120422
0 0.34 0.318889 0.01375 0.0155556 0.117981
2 0.904375 0.418333 0.0125 0.0427778 0.11084
7 0.0105371 0.543194 0.00556641 0.0202778 0.105957
0 0.900625 0.332222 0.0325 0.0177778 0.105591
3 0.121563 0.5075 0.0153125 0.0572222 0.10376
3 0.85375 0.441111 0.00999997 0.07 0.100525
7 0.126875 0.418333 0.00625 0.0155555 0.0997925
0 0.47625 0.262222 0.00625 0.00999999 0.0930176
2 0.218125 0.363333 0.00718749 0.0211111 0.0930176
0 0.00844727 0.450556 0.0168945 0.0255556 0.0869141
0 0.364375 0.339444 0.01375 0.0233333 0.0863037
0 0.344375 0.318056 0.016875 0.0155556 0.0856934
2 0.19125 0.372222 0.00687501 0.02 0.0792236
2 0.945 0.372778 0.00750001 0.0311111 0.0775146
0 0.430625 0.278333 0.01125 0.0133333 0.0713501
2 0.585 0.316111 0.01625 0.0166667 0.0648804
0 0.505 0.258889 0.00499999 0.00888889 0.0643921
3 0.855 0.435278 0.0125 0.0555556 0.062561
0 0.421563 0.305833 0.01125 0.0211111 0.0609741
0 0.412813 0.310556 0.015 0.0233333 0.0609741
2 0.177813 0.395556 0.0134375 0.0255556 0.0598755
0 0.0116211 0.4475 0.0231641 0.0277778 0.0596619
0 0.417813 0.286111 0.01 0.0133333 0.0594177
2 0.908125 0.414444 0.01625 0.0388889 0.0579224
2 0.68625 0.435 0.0175 0.0566667 0.0560303
2 0.665625 0.305 0.00625 0.0227778 0.0534058
7 0.106094 0.439722 0.0040625 0.0138889 0.0534058
0 0.416875 0.28 0.00874999 0.0133333 0.0497742
0 0.896875 0.334167 0.03125 0.0166667 0.0495911
3 0.214688 0.357222 0.005 0.0211111 0.0490417
2 0.59 0.309444 0.00749995 0.0183333 0.0483093
3 0.855625 0.446667 0.00999997 0.0766667 0.0474243
2 0.6125 0.31 0.02375 0.0177778 0.0450134
7 0.604375 0.331111 0.00374997 0.00999999 0.0441895
0 0.49375 0.261944 0.00625 0.00944443 0.0438538
7 0.0492188 0.480278 0.00484375 0.0133333 0.0427246
3 0.655625 0.318056 0.00374997 0.0183333 0.0417786
0 0.429375 0.279444 0.01125 0.0144444 0.041626
3 0.5125 0.44 0.01125 0.06 0.0406799
3 0.142969 0.488333 0.00999999 0.0477778 0.0397949
2 0.0441797 0.489722 0.0114063 0.0338889 0.0391846
0 0.4175 0.299444 0.013125 0.0211111 0.0389099
3 0.106719 0.403333 0.00562499 0.0211111 0.0387573
3 0.5125 0.423056 0.01375 0.075 0.0379028
2 0.0864063 0.397222 0.0053125 0.0177778 0.0366211
2 0.0435547 0.422778 0.0059375 0.0144444 0.0363464
0 0.303438 0.340278 0.020625 0.0222222 0.0362244
7 0.109453 0.443889 0.00359375 0.0133333 0.0346069
2 0.4125 0.329444 0.00874999 0.0166667 0.0344849
3 0.130547 0.495556 0.0125 0.0522222 0.0339661
2 0.0644922 0.427778 0.0046875 0.0211111 0.033844
3 0.50875 0.506944 0.0125 0.0705556 0.0318604
7 0.134688 0.439722 0.00437501 0.0211111 0.0310211
3 0.725 0.383611 0.00625 0.0427778 0.0309143
3 0.105 0.391389 0.005 0.0205556 0.0309143
3 0.694375 0.455278 0.00875003 0.0705556 0.0302124
3 0.265313 0.332222 0.00437501 0.0177778 0.0301056
0 0.475 0.272778 0.00625 0.0133333 0.0297546
0 0.38 0.289444 0.00750001 0.0144444 0.0275879
0 0.487813 0.266667 0.00625 0.01 0.0271759
0 0.119609 0.407778 0.0257813 0.0283333 0.0269623
0 0.342188 0.348333 0.028125 0.0238889 0.0264587
7 0.71 0.404167 0.00499999 0.0183333 0.0256653
0 0.44625 0.263889 0.01 0.0133333 0.0248871
3 0.5125 0.429444 0.01 0.0833333 0.0247955
3 0.163125 0.367778 0.00562499 0.0233333 0.0240479
3 0.146094 0.504444 0.011875 0.0544444 0.0236969
3 0.0941406 0.396111 0.00515625 0.0188889 0.0227966
3 0.48625 0.458611 0.00875003 0.0366667 0.0222931
0 0.471875 0.268333 0.00625 0.00944446 0.0216217
0 0.57875 0.318889 0.02875 0.0211111 0.0215302
7 0.0256055 0.538333 0.00433594 0.0155556 0.0208893
7 0.923125 0.482778 0.00625 0.0222222 0.0207977
3 0.9025 0.415 0.00999997 0.0411111 0.0205688
2 0.7625 0.304444 0.045 0.0372222 0.0204163
0 0.89625 0.322778 0.0275 0.0255556 0.0202484
0 0.325938 0.315 0.010625 0.0127778 0.0201721
0 0.52625 0.279722 0.00750001 0.0116667 0.0191193
0 0.514688 0.262222 0.00500002 0.00888887 0.0179901
3 0.85625 0.421389 0.0125 0.0422222 0.0175171
3 0.0552344 0.422222 0.00515625 0.015 0.0175171
3 0.250625 0.345 0.00406249 0.0222222 0.0173035
7 0.725 0.442222 0.00499999 0.0205555 0.0172424
2 0.72625 0.389167 0.00750001 0.035 0.0170441
2 0.563125 0.29 0.00875003 0.0155555 0.0159607
0 0.448125 0.266667 0.009375 0.0133333 0.0153046
0 0.318125 0.314722 0.00874999 0.0161111 0.0149002
7 0.153047 0.401667 0.0046875 0.0122222 0.0142822
3 0.0646094 0.407222 0.0046875 0.0166667 0.0141144
2 0.595625 0.295556 0.00499999 0.0138889 0.014061
7 0.264531 0.370556 0.00375001 0.0155555 0.014061
0 0.845 0.332778 0.0275 0.0255556 0.0139542
2 0.291875 0.338056 0.00750001 0.0205556 0.0137405
7 0.0362891 0.512222 0.00492187 0.0216667 0.0134277
7 0.222188 0.516389 0.0075 0.0294444 0.0129242
3 0.492188 0.452778 0.021875 0.0555555 0.0125732
2 0.225625 0.356111 0.005 0.0177778 0.0125275
3 0.165625 0.383889 0.004375 0.0244444 0.0124283
3 0.255 0.328056 0.005 0.0194444 0.0121918
0 0.429375 0.34 0.04 0.0233333 0.0119171
3 0.6675 0.306389 0.00499999 0.0188889 0.0113297
3 0.485625 0.483611 0.01 0.0894445 0.0109024
2 0.452188 0.315 0.00812502 0.0211111 0.0107803
3 0.269531 0.341111 0.00437498 0.0183333 0.0106964
0 0.08625 0.432778 0.0321875 0.0255556 0.0105286
2 0.746875 0.315556 0.01875 0.0166667 0.0104904
7 0.68625 0.333333 0.00499999 0.0166667 0.0104065
2 0.74125 0.386111 0.02125 0.0411111 0.0103683
2 0.495625 0.329167 0.0125 0.0238889 0.0103302
0 0.150469 0.436111 0.035625 0.0388889 0.0101318
7 0.66625 0.352778 0.00499999 0.0122222 0.00967407
2 0.858125 0.428333 0.01875 0.0566666 0.00952148
2 0.0499609 0.523333 0.0122656 0.0477778 0.00941467
0 0.956875 0.372222 0.0300001 0.0311111 0.00933838
7 0.65125 0.335278 0.00374997 0.0116667 0.0091629
7 0.7075 0.401667 0.00499999 0.0144444 0.00888062
6 0.6125 0.306111 0.025 0.0255556 0.00878143
2 0.565 0.283333 0.00625 0.0144444 0.00857544
2 0.185938 0.371111 0.008125 0.0222222 0.00854492
0 0.00395752 0.424444 0.00705566 0.0211111 0.00844574
2 0.5925 0.312222 0.00750001 0.0155555 0.00837708
3 0.925 0.411667 0.00499999 0.03 0.00812531
7 0.0366016 0.489722 0.00523438 0.0255555 0.00809479
6 0.623125 0.310833 0.02875 0.0161111 0.00796509
2 0.71125 0.3075 0.01 0.0172222 0.0078125
2 0.605625 0.303889 0.00625 0.0211111 0.00760651
3 0.508125 0.486111 0.01375 0.0988889 0.00757599
0 0.404688 0.299444 0.011875 0.0211111 0.00751877
3 0.54875 0.269444 0.00562496 0.02 0.00723267
2 0.0942188 0.391667 0.0059375 0.0205555 0.00703812
7 0.106016 0.454722 0.0040625 0.00944443 0.00658798
2 0.58625 0.298889 0.00750001 0.0155555 0.00634003
3 0.69 0.304444 0.00500005 0.0166667 0.00609589
2 0.71375 0.298889 0.00875003 0.0155555 0.00598145
0 0.451875 0.2625 0.00750001 0.0111111 0.00591278
0 0.895625 0.339444 0.03875 0.0266667 0.00577545
2 0.634375 0.302222 0.01 0.02 0.00566483
0 0.753125 0.317222 0.0325 0.0266667 0.00564194
0 0.89625 0.321111 0.0225 0.0216667 0.00553513
0 0.53 0.270278 0.00750001 0.0105555 0.00553513
2 0.555625 0.292778 0.015 0.0144444 0.00551224
7 0.72125 0.448333 0.00749995 0.0222222 0.00551224
3 0.883125 0.406667 0.00999997 0.0577778 0.00530243
3 0.65 0.312222 0.00375004 0.0211111 0.00516129
7 0.746875 0.418611 0.00499999 0.0194444 0.00510025
3 0.85625 0.427778 0.0175 0.0544445 0.00488663
0 0.425938 0.3425 0.035 0.0272222 0.00479126
2 0.675 0.298889 0.00625 0.0144444 0.00471878
3 0.204688 0.357222 0.004375 0.0222222 0.00460815
2 0.47 0.316389 0.016875 0.0266667 0.0045929
7 0.263125 0.378333 0.00625 0.0188889 0.00453949
0 0.176406 0.410556 0.021875 0.0222222 0.00450516
3 0.86375 0.381389 0.00750001 0.0333333 0.00439835
0 0.514063 0.285 0.009375 0.0177778 0.00434875
0 0.0597656 0.465556 0.0367188 0.0383333 0.00416565
2 0.6775 0.431667 0.0325 0.0566667 0.00413513
0 0.525625 0.262222 0.00437498 0.0111111 0.00405502
3 0.123203 0.497222 0.0242188 0.0611111 0.00403976
0 0.44375 0.272778 0.00749998 0.0133333 0.00399017
0 0.774375 0.331667 0.04625 0.0233333 0.00390053
2 0.9025 0.413889 0.0175 0.0455555 0.00382423
0 0.297813 0.364444 0.0440625 0.0305556 0.0037365
3 0.129531 0.379444 0.0071875 0.0222222 0.00372124
7 0.151875 0.407222 0.0109375 0.0177778 0.00370789
7 0.114844 0.437222 0.00375 0.0111111 0.00366402
0 0.5725 0.320833 0.038125 0.0216667 0.00362206
0 0.504375 0.244028 0.00625 0.0111111 0.00359344
3 0.276875 0.336667 0.00625 0.0188889 0.00359344
3 0.486875 0.471389 0.01125 0.0722222 0.00355148
2 0.124844 0.387778 0.005625 0.0177778 0.00351143
0 0.95 0.373889 0.0175 0.0322222 0.00342941
7 0.685 0.36 0.00499999 0.0161111 0.00340271
7 0.48125 0.601111 0.07125 0.124444 0.00333786
3 0.275938 0.350278 0.00406249 0.0116667 0.00332451
3 0.195938 0.456111 0.00687501 0.0322222 0.00331116
0 0.178438 0.374444 0.013125 0.0261111 0.00329781
0 0.534375 0.274444 0.00500002 0.0122222 0.00327301
3 0.929375 0.407222 0.00499999 0.0288889 0.00327301
7 0.244219 0.365556 0.00375001 0.0122222 0.00323486
0 0.53375 0.444444 0.0325 0.0655556 0.00314713
0 0.0692969 0.445556 0.0353125 0.03 0.00313568
0 0.125781 0.408333 0.0270313 0.0311111 0.00309944
2 0.685 0.426389 0.015 0.0527778 0.00302696
0 0.406875 0.28 0.00874999 0.0105555 0.00300407
2 0.556875 0.281667 0.00687497 0.0144444 0.0029583
0 0.206094 0.499167 0.0334375 0.0555556 0.0028553
0 0.395938 0.283889 0.00812499 0.015 0.00279999
0 0.770625 0.291389 0.05375 0.035 0.00271416
2 0.0866406 0.392222 0.00874999 0.02 0.00271416
2 0.0494531 0.418889 0.0104688 0.0277778 0.00268364
3 0.7175 0.447778 0.00625 0.0266667 0.0026722
0 0.48625 0.273889 0.00499999 0.0111111 0.00265312
0 0.86375 0.302222 0.01 0.0166667 0.00258064
2 0.454375 0.363889 0.00874999 0.0277778 0.00257111
