0 0.3075 0.716667 0.15625 0.315556 0.965332
0 0.2975 0.3775 0.09125 0.123889 0.933594
0 0.399063 0.336667 0.07375 0.124444 0.928711
0 0.82375 0.261736 0.065 0.110972 0.925293
0 0.498438 0.228333 0.049375 0.0794444 0.910645
0 0.240938 0.371111 0.085 0.105556 0.903809
0 0.128672 0.312778 0.0560938 0.0811111 0.90332
1 0.64 0.148333 0.1125 0.183333 0.899414
0 0.55625 0.150972 0.041875 0.0616667 0.895508
0 0.459688 0.141389 0.03125 0.0472222 0.888672
0 0.237969 0.217222 0.045 0.0627778 0.879883
0 0.50875 0.133611 0.035 0.055 0.878418
0 0.5 0.0758333 0.021875 0.0347222 0.854004
0 0.651875 0.0350694 0.02875 0.0204167 0.824219
0 0.530938 0.0525 0.016875 0.0225 0.804199
0 0.539062 0.0722222 0.024375 0.0316667 0.804199
0 0.579375 0.0926389 0.028125 0.0386111 0.796875
7 0.0304688 0.378889 0.00515625 0.0166667 0.785156
0 0.331172 0.123056 0.0251562 0.0330556 0.770508
0 0.40375 0.0695833 0.01625 0.0229167 0.769043
7 0.744375 0.176389 0.00625 0.0219444 0.769043
2 0.262344 0.2425 0.040625 0.0594444 0.767578
0 0.189063 0.224722 0.045 0.0527778 0.762207
7 0.7525 0.163611 0.00500005 0.0197222 0.757812
7 0.044375 0.361389 0.00484375 0.0155555 0.749023
0 0.36375 0.0894445 0.0175 0.0247222 0.743164
0 0.8825 0.0800694 0.03 0.0238889 0.710449
0 0.270469 0.153889 0.031875 0.0383333 0.6875
1 0.329375 0.0840278 0.043125 0.0577778 0.684082
0 0.084043 0.254375 0.0300391 0.0301389 0.677246
2 0.222188 0.151111 0.011875 0.0277778 0.668945
0 0.0331641 0.290278 0.0271094 0.0377778 0.668945
2 0.185625 0.176528 0.0096875 0.0225 0.663574
7 0.7725 0.146389 0.00499999 0.0183333 0.624512
2 0.04625 0.309444 0.0096875 0.0311111 0.609375
7 0.77 0.129028 0.00499999 0.0186111 0.584961
7 0.70375 0.199722 0.00750001 0.0238889 0.552734
7 0.94625 0.220139 0.00499999 0.0202778 0.53125
2 0.6875 0.0465451 0.00625 0.0238542 0.523438
0 0.805 0.0694444 0.035 0.0244444 0.455078
0 0.282969 0.103611 0.0234375 0.0241667 0.443604
0 0.280625 0.127917 0.021875 0.0308333 0.428223
0 0.360625 0.07 0.015 0.0238889 0.418701
3 0.688125 0.0476215 0.00625 0.0244792 0.418701
7 0.74875 0.1275 0.00499999 0.0188889 0.418701
0 0.373125 0.0623611 0.01375 0.0186111 0.413086
0 0.426875 0.05875 0.015625 0.0218056 0.411133
2 0.61625 0.0357292 0.00999997 0.0190972 0.405518
7 0.245938 0.285833 0.009375 0.0277778 0.386719
7 0.0689844 0.3 0.00437501 0.0144444 0.373779
5 0.384375 0.0436111 0.01375 0.0263889 0.361084
0 0.5825 0.09 0.035 0.0444444 0.355713
0 0.0587891 0.28 0.0403906 0.0411111 0.353027
3 0.656875 0.0563889 0.00625 0.0338889 0.343262
2 0.158359 0.1925 0.00828125 0.025 0.334473
0 0.385313 0.0615278 0.01375 0.0180556 0.331055
0 0.354375 0.0783333 0.01625 0.0211111 0.329346
0 0.131172 0.295556 0.0417188 0.0488889 0.329346
0 0.411875 0.0445833 0.01 0.0168056 0.325928
3 0.7 0.0688194 0.00750001 0.0290278 0.320801
3 0.169063 0.193889 0.00531251 0.0305556 0.320068
0 0.395313 0.0625 0.013125 0.0213889 0.317383
0 0.372187 0.0533333 0.013125 0.0169444 0.29834
5 0.4275 0.0552778 0.0175 0.0261111 0.275146
0 0.287188 0.104028 0.02875 0.0252778 0.264404
0 0.414375 0.0591667 0.013125 0.0184722 0.24939
0 0.0785938 0.252778 0.0340625 0.0316667 0.23938
2 0.218125 0.1575 0.009375 0.0241667 0.233765
0 0.394375 0.0576389 0.01125 0.0186111 0.231567
0 0.372813 0.0498611 0.01375 0.0186111 0.217285
5 0.054209 0.279444 0.0487695 0.0544444 0.217285
7 0.946875 0.216528 0.00499999 0.0216667 0.209473
0 0.405 0.0461285 0.0125 0.0180208 0.194336
2 0.7025 0.0702778 0.00749995 0.0302778 0.193726
7 0.0842969 0.290833 0.005 0.0166667 0.187744
0 0.00680664 0.273889 0.0135547 0.0266667 0.187134
7 0.124844 0.240694 0.003125 0.0116667 0.171631
7 0.0751953 0.2975 0.00507813 0.0138889 0.162354
0 0.0562402 0.281667 0.0462695 0.0522222 0.160278
2 0.625625 0.0252083 0.00499999 0.01375 0.158203
0 0.532188 0.0577083 0.0175 0.0281944 0.157104
0 0.50125 0.0598611 0.020625 0.0188889 0.157104
2 0.165938 0.199444 0.0065625 0.0266667 0.15564
7 0.7475 0.127778 0.00499999 0.0188889 0.154053
0 0.405 0.0317014 0.01 0.0142361 0.149048
5 0.04875 0.284444 0.0553125 0.05 0.14856
0 0.407813 0.0611111 0.015 0.0208333 0.141724
7 0.746875 0.126111 0.00499999 0.0194445 0.139404
2 0.69875 0.0716667 0.00874996 0.02875 0.135254
0 0.436875 0.0244097 0.00874999 0.0140278 0.133911
7 0.761875 0.153889 0.00625 0.0194444 0.133423
7 0.67375 0.0525 0.00499999 0.0148611 0.127686
0 0.428125 0.0549306 0.01625 0.0243056 0.123352
2 0.250938 0.253611 0.02 0.0461111 0.121277
2 0.122344 0.195833 0.00843751 0.0205556 0.110474
0 0.395 0.0518056 0.01125 0.0155556 0.106689
0 0.804375 0.06375 0.03625 0.025 0.102661
3 0.0463281 0.309444 0.009375 0.0288889 0.101562
0 0.0360742 0.286667 0.0338672 0.0433333 0.0991211
7 0.0100488 0.373889 0.00367188 0.0155555 0.0939941
2 0.216875 0.163194 0.0078125 0.0261111 0.092041
7 0.695 0.0780556 0.00499999 0.0177778 0.0900879
0 0.00892578 0.272222 0.0177344 0.0277778 0.0894775
2 0.164063 0.196667 0.00687499 0.0288889 0.0878906
2 0.223125 0.146389 0.008125 0.0227778 0.0866089
0 0.844375 0.0761111 0.0362501 0.0266667 0.0863037
0 0.579375 0.08625 0.0225 0.0355556 0.0856934
0 0.417813 0.0311806 0.009375 0.0116667 0.0844727
3 0.210313 0.161111 0.00687501 0.0238889 0.0838623
3 0.656875 0.0502778 0.00875003 0.0302778 0.0823975
2 0.185313 0.178611 0.0075 0.0238889 0.0820923
0 0.87625 0.0802083 0.035 0.0229167 0.0750122
0 0.461875 0.00695313 0.01 0.0119271 0.0731812
3 0.1725 0.185556 0.00625 0.0255556 0.0713501
7 0.0672266 0.299444 0.00515625 0.0133333 0.0630493
7 0.146094 0.2225 0.00374999 0.0111111 0.0607605
0 0.351875 0.08375 0.01125 0.0266667 0.0583496
7 0.0444531 0.356667 0.00460937 0.0172222 0.0520325
0 0.395 0.0349306 0.00875003 0.01625 0.0510864
3 0.194063 0.157778 0.00562499 0.0225 0.0501404
0 0.283281 0.125556 0.02625 0.0272222 0.0497742
7 0.945 0.2325 0.00499999 0.0244445 0.0495911
7 0.0846875 0.274167 0.00531251 0.0166667 0.0488586
3 0.146094 0.2125 0.00406251 0.0163889 0.0453491
2 0.470625 0.0593056 0.01125 0.0231944 0.0445251
0 0.0070752 0.268889 0.0141309 0.03 0.0435181
7 0.67375 0.0565278 0.00375004 0.0197222 0.0427246
2 0.19 0.165278 0.00687501 0.0277778 0.0408325
0 0.46125 0.00697917 0.00750001 0.0139583 0.0392761
0 0.34375 0.065 0.016875 0.0230556 0.0367737
7 0.675 0.0811111 0.00375004 0.0105556 0.0363464
7 0.105938 0.26 0.0046875 0.0166667 0.0362244
3 0.22125 0.151389 0.00812499 0.0266667 0.0340271
2 0.29125 0.123611 0.010625 0.025 0.0332031
2 0.174063 0.178611 0.00625 0.0211111 0.0301056
5 0.00908692 0.265833 0.0181738 0.0355555 0.0301056
7 0.6725 0.0532639 0.00499999 0.0163889 0.0296478
2 0.58375 0.0161111 0.00999997 0.0144444 0.0290833
0 0.3375 0.0886111 0.025 0.0477778 0.0283356
7 0.00340332 0.385278 0.00532227 0.0161111 0.0281067
0 0.83125 0.0701389 0.03 0.0244444 0.0279083
0 0.85875 0.0790972 0.0425 0.0234722 0.0263062
0 0.4225 0.0297569 0.016875 0.0159028 0.0248871
0 0.639844 0.0732639 0.0203125 0.03125 0.0246124
0 0.49375 0.00993056 0.00625 0.0104167 0.0237732
0 0.205469 0.160972 0.01625 0.0275 0.0229797
0 0.643594 0.0749306 0.0153125 0.0286111 0.0224609
0 0.979375 0.112813 0.02 0.0182639 0.0211182
0 0.72125 0.0463889 0.02875 0.0155556 0.0208893
7 0.0669922 0.304722 0.00507812 0.02 0.0204163
2 0.122031 0.199722 0.0075 0.0233333 0.0200958
2 0.193438 0.168056 0.00687499 0.0266667 0.0191956
7 0.250938 0.265278 0.01375 0.0377778 0.0190582
2 0.570938 0.0227431 0.010625 0.0133333 0.0182343
0 0.444688 0.0203472 0.013125 0.0140278 0.0180206
3 0.66 0.0665278 0.00625 0.0238889 0.0178528
0 0.341875 0.0727083 0.02 0.0365278 0.0176392
3 0.234219 0.133056 0.004375 0.0183333 0.0172424
0 0.79875 0.0688889 0.04125 0.0241667 0.0161591
2 0.468125 0.0606944 0.014375 0.0213889 0.0153656
2 0.215938 0.144167 0.0059375 0.0211111 0.0153656
0 0.995 0.11875 0.00999997 0.0222222 0.0152512
7 0.73125 0.118472 0.00499999 0.0377778 0.0151901
0 0.00404297 0.284444 0.00808594 0.0327778 0.0147324
0 0.815 0.0677778 0.0425001 0.0261111 0.0146713
7 0.7725 0.143056 0.00625 0.0194444 0.0145035
1 0.442813 0.0184375 0.01875 0.021875 0.0142288
0 0.985 0.113611 0.015 0.0169444 0.014061
2 0.0371289 0.246111 0.00691406 0.0177778 0.0127258
2 0.733125 0.112813 0.00750001 0.0404861 0.0125732
3 0.73 0.0977083 0.00499999 0.0334722 0.0122375
0 0.459375 0.00847222 0.01 0.0111111 0.0121002
2 0.73375 0.119167 0.00625 0.0333333 0.0111618
3 0.70875 0.0620833 0.00749995 0.0283333 0.0111618
0 0.3225 0.120139 0.018125 0.0277778 0.011116
7 0.604688 0.0457639 0.00437501 0.0144444 0.0109482
7 0.73375 0.125278 0.00500005 0.0252778 0.0109482
2 0.186563 0.15875 0.00687501 0.0247222 0.0109024
0 0.4425 0.0223611 0.014375 0.01625 0.0106964
7 0.7725 0.129028 0.00750001 0.0238889 0.0102081
7 0.155469 0.222778 0.003125 0.0116667 0.0101318
3 0.62625 0.0191667 0.00499999 0.0195833 0.00989532
0 0.5925 0.0793056 0.01875 0.0405556 0.00981903
7 0.225 0.164167 0.00625 0.0219444 0.00978088
7 0.595 0.0484028 0.00374997 0.0127778 0.00963593
7 0.955 0.267222 0.00499999 0.0211111 0.00945282
2 0.607188 0.0350694 0.00749995 0.01875 0.00937653
3 0.65375 0.0710417 0.00750001 0.0330556 0.00930023
3 0.71375 0.168472 0.00750001 0.0622222 0.00930023
0 0.535625 0.0551389 0.0225 0.0230556 0.00923157
3 0.705 0.0504167 0.00499999 0.0177778 0.00905609
0 0.825 0.0740278 0.0425 0.0275 0.00888062
0 0.306406 0.0997222 0.00812502 0.0152778 0.00888062
7 0.650625 0.0535417 0.00499999 0.0229167 0.0086441
0 0.539375 0.0661806 0.02625 0.0323611 0.0085144
7 0.129531 0.236389 0.0034375 0.0130555 0.00743103
0 0.036543 0.266667 0.00816406 0.0261111 0.00717545
7 0.013457 0.385 0.00613281 0.0155555 0.00717545
5 0.06125 0.263889 0.0378125 0.0494444 0.00714874
0 0.50375 0.0547222 0.015 0.0205556 0.00712204
7 0.104844 0.210278 0.00437501 0.0144444 0.0068779
5 0.00444824 0.256181 0.00889648 0.0376389 0.00664139
7 0.135625 0.239583 0.00374999 0.0108333 0.00664139
2 0.25375 0.233611 0.0546875 0.0627778 0.00661469
0 0.491875 0.0200694 0.00750001 0.0105556 0.00661469
7 0.238125 0.281667 0.0075 0.0222222 0.00656509
0 0.629063 0.0754167 0.044375 0.0375 0.00636292
7 0.710625 0.0823611 0.00625 0.0255556 0.00609589
5 0.010957 0.258403 0.0211328 0.0420833 0.00591278
0 0.72625 0.0433333 0.0225 0.0151389 0.00588989
0 0.0538672 0.288333 0.0144531 0.04 0.00570679
7 0.585625 0.0463194 0.00374997 0.0115278 0.00557709
3 0.0463281 0.313889 0.0104688 0.04 0.00553513
7 0.685625 0.0809028 0.00374997 0.00958333 0.00538635
2 0.0842188 0.224167 0.00625 0.0152778 0.00538635
7 0.248125 0.256667 0.014375 0.0388889 0.00508118
3 0.610625 0.029375 0.00625 0.0238889 0.00508118
0 0.51625 0.00756944 0.00874999 0.0108333 0.00502014
0 0.990625 0.120243 0.0125 0.0234028 0.00502014
7 0.924375 0.18375 0.00374997 0.0175 0.00479126
2 0.555625 0.0495139 0.00875003 0.0169444 0.00473785
0 0.488125 0.0629167 0.019375 0.0230556 0.0046463
0 0.8175 0.0640278 0.0425 0.0268056 0.00460815
0 0.581875 0.0854167 0.028125 0.0461111 0.00413513
0 0.580938 0.0793056 0.021875 0.0344444 0.00413513
0 0.43125 0.0266667 0.01375 0.0188889 0.00403976
7 0.66375 0.0647917 0.00499999 0.0195833 0.00395966
3 0.204688 0.181389 0.00937502 0.0327778 0.00376511
0 0.441875 0.0508333 0.01 0.0175 0.00365067
2 0.68625 0.0429167 0.00625 0.0301389 0.00359344
7 0.135391 0.228611 0.00296876 0.0111111 0.00356483
2 0.58 0.0163194 0.01625 0.015625 0.00355148
0 0.487188 0.0100694 0.00750001 0.0105556 0.00327301
0 0.378125 0.06875 0.01625 0.0255556 0.00316048
0 0.973125 0.106389 0.015 0.0188889 0.00313568
0 0.296094 0.117778 0.0246875 0.0308333 0.00309944
7 0.265938 0.2675 0.00843749 0.03 0.00302696
1 0.440625 0.0167708 0.01625 0.02125 0.00301552
3 0.23 0.133889 0.00406251 0.0230555 0.00299263
0 0.89 0.0847222 0.0375 0.0219444 0.00298119
0 0.00333252 0.329444 0.00655762 0.0244444 0.00290108
0 0.97125 0.112778 0.0225 0.0211111 0.00286674
0 0.961875 0.103472 0.01375 0.0186111 0.0028553
0 0.8825 0.0866667 0.0325 0.0308333 0.00284576
0 0.95 0.0982639 0.02 0.0220833 0.00282288
7 0.71125 0.149861 0.00750001 0.0772222 0.00273705
7 0.399688 0.336944 0.074375 0.123889 0.00270462
2 0.715 0.0680556 0.00749995 0.0275 0.00265312
7 0.114219 0.258056 0.00421875 0.0122222 0.00257111
0 0.60375 0.0763889 0.03625 0.0375 0.0024929
2 0.884375 0.055 0.00750001 0.0197222 0.00246239
3 0.7125 0.126076 0.00750001 0.050625 0.00242424
0 0.084375 0.248056 0.0301563 0.0338889 0.0024147
3 0.1 0.212778 0.00468751 0.0172222 0.00236893
3 0.024043 0.241111 0.00792969 0.0205556 0.00233269
7 0.248906 0.279722 0.015 0.0583333 0.00228691
7 0.0355469 0.418333 0.00585937 0.02 0.00226974
0 0.4925 0.0250694 0.00750001 0.0115972 0.00219917
0 0.194063 0.200833 0.03125 0.0272222 0.00213242
7 0.71625 0.111528 0.00499999 0.0380556 0.00209999
0 0.0250391 0.266667 0.01 0.0244444 0.00208282
3 0.71625 0.157639 0.00750001 0.0775 0.00206757
0 0.334063 0.0757639 0.028125 0.0340278 0.00205803
0 0.719375 0.0565278 0.0325 0.0305556 0.00203514
2 0.79375 0.0538889 0.00750001 0.0219444 0.00202751
2 0.0495313 0.304444 0.0140625 0.0333333 0.00200272
3 0.61 0.0494444 0.00750001 0.0241667 0.00194168
0 0.475 0.0108333 0.00625 0.0120833 0.00192642
0 0.99625 0.103472 0.00749995 0.0252778 0.00191212
0 0.77375 0.0701389 0.0475 0.0247222 0.00183868
2 0.0555469 0.2775 0.01875 0.0383334 0.00183868
0 0.618125 0.0684722 0.0237501 0.0269444 0.00181007
0 0.781875 0.0718056 0.03875 0.0244444 0.00177479
0 0.9825 0.107222 0.02125 0.0208333 0.00176811
0 0.86875 0.0732639 0.035 0.0244444 0.0017271
2 0.74625 0.113889 0.00625 0.0441667 0.0017004
2 0.157031 0.184722 0.00718751 0.0302778 0.0016489
2 0.166719 0.179444 0.00625 0.0222222 0.00161648
7 0.94375 0.200833 0.00499999 0.0305556 0.00161076
0 0.309063 0.0886806 0.01625 0.0230556 0.00160408
2 0.7875 0.04875 0.00625 0.0163889 0.00158501
0 0.83875 0.0795139 0.035 0.0279167 0.00157928
2 0.615938 0.0202083 0.00562496 0.0223611 0.00157356
0 0.383125 0.075625 0.015 0.0202778 0.00156116
7 0.140469 0.215 0.00499999 0.0161111 0.00154305
0 0.17875 0.214167 0.019375 0.0455556 0.00152493
7 0.244219 0.137917 0.004375 0.0125 0.00150108
7 0.76625 0.1375 0.00499999 0.0175 0.00144386
2 0.311094 0.120972 0.0153125 0.0333333 0.00143814
3 0.9475 0.221944 0.00749995 0.0266667 0.00143814
0 0.88 0.0744444 0.03 0.0233333 0.00142097
7 0.0554688 0.351111 0.00390625 0.0133334 0.00140476
0 0.996563 0.128056 0.00687497 0.035 0.00137806
3 0.835 0.0522222 0.00500005 0.0166667 0.00129414
2 0.120156 0.196111 0.0115625 0.0233333 0.00128937
0 0.855 0.246389 0.0275 0.0766667 0.00128937
2 0.470313 0.0548611 0.01125 0.0241667 0.00124454
2 0.133906 0.191389 0.0078125 0.0219444 0.0012064
2 0.224375 0.152917 0.01375 0.0258333 0.00118828
7 0.925625 0.174722 0.00500005 0.0183333 0.00114727
