0 0.182148 0.716111 0.166953 0.318889 0.960449
0 0.485 0.887222 0.18 0.224444 0.958984
0 0.741875 0.873333 0.19125 0.251111 0.958008
0 0.3525 0.543333 0.12125 0.225556 0.95752
0 0.64625 0.479444 0.115 0.21 0.957031
0 0.93375 0.858889 0.1325 0.277778 0.956543
0 0.494375 0.580556 0.110625 0.266667 0.954102
0 0.265625 0.887778 0.181875 0.223333 0.952148
0 0.508438 0.301597 0.065625 0.119028 0.946777
0 0.8125 0.532222 0.1525 0.238889 0.94043
0 0.61375 0.291944 0.07375 0.104444 0.9375
0 0.70125 0.279722 0.09625 0.128333 0.936035
0 0.0881445 0.68 0.135273 0.242222 0.933105
0 0.4075 0.321111 0.07875 0.121111 0.929199
0 0.0170703 0.922222 0.0341016 0.153333 0.908203
0 0.221875 0.401944 0.095625 0.131667 0.906738
0 0.566875 0.0658333 0.048125 0.0311111 0.86084
0 0.294844 0.378611 0.102813 0.147222 0.851074
0 0.294688 0.132222 0.043125 0.0383333 0.847168
0 0.375 0.102917 0.0425 0.0369444 0.795898
2 0.0254883 0.339444 0.0164844 0.0355555 0.770508
0 0.78 0.0675 0.04125 0.0273611 0.759277
7 0.245625 0.283611 0.00875001 0.0277778 0.759277
7 0.75375 0.164444 0.00499999 0.0194444 0.746094
7 0.703125 0.198611 0.00750001 0.0238889 0.743164
0 0.96 0.101667 0.0275 0.0230556 0.740234
0 0.0134277 0.322222 0.0266992 0.0344444 0.733887
2 0.841875 0.178333 0.025 0.0522222 0.733398
0 0.3475 0.0861111 0.01625 0.0205556 0.725098
0 0.509375 0.0202778 0.01 0.0126389 0.713867
0 0.0701563 0.261667 0.0346875 0.0316667 0.704102
0 0.103438 0.226944 0.028125 0.0288889 0.684082
0 0.0617188 0.290556 0.0378125 0.0383333 0.682617
0 0.49375 0.0102083 0.00749998 0.0109722 0.665527
0 0.249531 0.147222 0.0321875 0.0294444 0.647949
7 0.691875 0.183889 0.00750001 0.0238889 0.638672
2 0.81625 0.178056 0.0199999 0.055 0.630859
7 0.74375 0.176111 0.00499999 0.0216667 0.62793
7 0.0440625 0.361944 0.00484375 0.0155556 0.613281
0 0.368125 0.0748611 0.015 0.0227778 0.575684
0 0.395625 0.0651389 0.01375 0.0183333 0.57373
7 0.7725 0.145556 0.00499999 0.0186111 0.567871
7 0.94625 0.219167 0.00499999 0.0180556 0.548828
0 0.243125 0.151111 0.04125 0.0327778 0.542969
0 0.384375 0.0640278 0.014375 0.0205556 0.541016
0 0.322813 0.0922222 0.02125 0.0205556 0.511719
0 0.336875 0.0834028 0.0175 0.0205556 0.470703
7 0.0297656 0.377778 0.005625 0.0177778 0.449463
0 0.37125 0.0707639 0.015 0.0230556 0.445557
0 0.235469 0.154722 0.02625 0.0313889 0.38501
7 0.70625 0.08125 0.00499999 0.0134722 0.368408
0 0.355625 0.0694444 0.01375 0.0177778 0.364746
2 0.212188 0.154583 0.009375 0.0247222 0.354004
0 0.417188 0.0505556 0.01 0.0173611 0.341553
0 0.325547 0.0903472 0.0176562 0.0205556 0.336426
0 0.0984375 0.229444 0.033125 0.0283333 0.31665
7 0.164531 0.205278 0.00374999 0.0108333 0.294189
2 0.225625 0.145 0.00687501 0.0238889 0.29248
3 0.0437109 0.313889 0.00570312 0.0327778 0.281494
0 0.0920117 0.233333 0.0291016 0.0291667 0.27832
7 0.946875 0.215556 0.00499999 0.0194444 0.273682
0 0.411875 0.0541667 0.01125 0.01875 0.273682
2 0.232031 0.142361 0.008125 0.0272222 0.267334
3 0.0573438 0.304444 0.0065625 0.03 0.264404
0 0.402813 0.0654167 0.010625 0.0183333 0.248047
7 0.746875 0.129028 0.00499999 0.0177778 0.237915
7 0.675 0.0513889 0.00499999 0.0147222 0.235107
2 0.468125 0.0636806 0.01625 0.0225 0.235107
2 0.226875 0.153056 0.010625 0.0316667 0.213379
5 0.406875 0.0305556 0.0125 0.0238889 0.204956
0 0.3875 0.0591667 0.0125 0.0194444 0.204956
0 0.39625 0.0481944 0.011875 0.0163889 0.203735
7 0.94125 0.219722 0.00500005 0.0188889 0.185913
3 0.81625 0.176389 0.01875 0.0580555 0.172119
0 0.403125 0.0476389 0.01 0.0143056 0.168823
0 0.34125 0.0777778 0.01125 0.01875 0.168335
2 0.405625 0.0745833 0.00812499 0.0202778 0.149536
3 0.0653516 0.296667 0.00757812 0.0388889 0.136597
7 0.74875 0.1275 0.00499999 0.0205556 0.132568
2 0.0732031 0.290556 0.015625 0.0361111 0.130737
7 0.00906738 0.375 0.0037207 0.0144444 0.128906
2 0.0709766 0.291111 0.0109375 0.0355555 0.124634
0 0.00729492 0.300556 0.0145898 0.0322222 0.123779
0 0.370625 0.0615278 0.01375 0.0175 0.121704
0 0.42125 0.0417361 0.01125 0.0169444 0.119995
3 0.220313 0.144167 0.00687499 0.0238889 0.119202
0 0.0864063 0.235556 0.0282813 0.0297222 0.114746
7 0.258438 0.266111 0.0075 0.025 0.110474
0 0.319375 0.0944444 0.02125 0.0229167 0.108215
7 0.94875 0.229028 0.00499999 0.0216667 0.105225
0 0.0651953 0.275278 0.0399219 0.0366667 0.103027
0 0.38625 0.0530556 0.010625 0.0158333 0.0970459
0 0.42375 0.0304167 0.00875003 0.01125 0.0963745
7 0.143594 0.220278 0.00406249 0.0125 0.0957031
7 0.69375 0.0794444 0.00499999 0.0134722 0.0923462
2 0.47125 0.0622222 0.01 0.0216667 0.0903931
0 0.0348438 0.305556 0.0267188 0.0333333 0.0847778
7 0.095 0.2775 0.0040625 0.0111111 0.0844727
0 0.441875 0.0285417 0.00874999 0.0159722 0.081543
0 0.0357812 0.299444 0.0270313 0.0288889 0.081543
0 0.0539844 0.291944 0.0190625 0.0361111 0.0789185
7 0.74625 0.126389 0.00500005 0.0211111 0.0786133
0 0.00438477 0.280556 0.00876953 0.0233333 0.0786133
0 0.81875 0.0752778 0.03875 0.0238889 0.0738525
0 0.821875 0.0711111 0.04125 0.0269444 0.0713501
0 0.990625 0.118194 0.0187499 0.0211111 0.0698242
3 0.230938 0.137222 0.0075 0.025 0.0682983
2 0.113203 0.203889 0.00640625 0.0188889 0.0680542
2 0.0820117 0.240833 0.0141016 0.0266667 0.0673218
0 0.508125 0.0169444 0.00875003 0.0144444 0.0653687
0 0.376875 0.0663889 0.015 0.0218056 0.0647583
7 0.141094 0.220556 0.0046875 0.0180556 0.0629272
0 0.413125 0.0568056 0.0125 0.0197222 0.0592041
0 0.200625 0.153333 0.0309375 0.0305556 0.0566406
3 0.4525 0.192917 0.01 0.0336111 0.055603
7 0.953125 0.236944 0.00625 0.0205556 0.0479431
2 0.214688 0.145417 0.00625 0.0227778 0.0446777
0 0.34875 0.0723611 0.01375 0.0195833 0.0430298
0 0.239375 0.154583 0.03375 0.0352778 0.0414734
5 0.41 0.0311806 0.01375 0.02125 0.0401001
2 0.545625 0.0550694 0.0125 0.0230556 0.0389099
7 0.144531 0.211944 0.003125 0.0133333 0.0389099
7 0.7625 0.155 0.00750001 0.0191667 0.0381775
2 0.585 0.0147917 0.00875003 0.0138889 0.0370483
3 0.270938 0.0943056 0.00562499 0.0202778 0.0370483
7 0.65625 0.0526389 0.00375004 0.0144444 0.0368958
7 0.77 0.131667 0.00499999 0.0202778 0.0362244
0 0.434375 0.0472396 0.01375 0.0216319 0.035675
2 0.208438 0.154861 0.016875 0.0261111 0.0350037
7 0.944375 0.232778 0.00500005 0.0227778 0.0350037
7 0.65625 0.0588889 0.00249996 0.0131944 0.0340881
0 0.0119141 0.3 0.0236328 0.0311111 0.0339661
2 0.5225 0.0545833 0.015 0.0238889 0.0319824
0 0.434375 0.031875 0.01 0.0154167 0.0310211
7 0.69 0.0855556 0.00374997 0.0138889 0.0310211
0 0.9625 0.107083 0.03 0.0261111 0.0299835
7 0.65125 0.0552778 0.00250003 0.0108333 0.0285492
0 0.347813 0.0906944 0.018125 0.0266667 0.0283356
7 0.93625 0.252778 0.00499999 0.0216667 0.0282135
2 0.69625 0.0525694 0.00749995 0.0173611 0.0281067
2 0.273438 0.0938889 0.00687501 0.0205556 0.0261536
3 0.123594 0.212083 0.00625 0.0236111 0.0261536
7 0.155469 0.210139 0.00359375 0.0108333 0.0254669
3 0.283438 0.0978472 0.00562499 0.0158333 0.0241394
3 0.73125 0.117222 0.00499999 0.0333333 0.0241394
0 0.2325 0.156944 0.02 0.03 0.0239563
0 0.0108789 0.273333 0.0201953 0.0255555 0.0233307
7 0.7525 0.168056 0.00749995 0.02 0.0231476
0 0.5 0.00440972 0.00625 0.00881945 0.0214081
0 0.509063 0.0226389 0.01 0.0140278 0.0211182
2 0.496875 0.0590972 0.01375 0.0222222 0.0207214
0 0.00917481 0.277778 0.0183301 0.0311111 0.0198669
7 0.7 0.0771528 0.00499999 0.0156944 0.0198669
7 0.615 0.0477083 0.00374997 0.0109722 0.0195007
7 0.084375 0.291667 0.00515625 0.02 0.0193481
2 0.7325 0.120972 0.00750001 0.0291667 0.018692
7 0.0323438 0.378333 0.00757813 0.0188889 0.0176392
7 0.00331543 0.383333 0.00560547 0.0177778 0.0172424
2 0.7325 0.110972 0.00750001 0.0416667 0.0167847
2 0.493125 0.0563889 0.01875 0.0313889 0.0157776
0 0.550625 0.0209722 0.0175 0.0143056 0.0154877
0 0.00968262 0.329444 0.0183105 0.0466667 0.0150146
2 0.111563 0.203611 0.0071875 0.02 0.0149536
2 0.52 0.0568056 0.0125 0.0225 0.0136871
0 0.46375 0.00940972 0.00750001 0.0120139 0.0130692
7 0.68625 0.0816667 0.00499999 0.0111111 0.0128708
5 0.00847168 0.269722 0.0168652 0.0266667 0.0127716
7 0.257344 0.270556 0.011875 0.0394444 0.0127258
2 0.213125 0.161389 0.008125 0.0255556 0.0116882
3 0.7075 0.165972 0.015 0.0691667 0.0115967
7 0.155 0.220278 0.00406249 0.0122222 0.0113297
0 0.1325 0.182639 0.0259375 0.0311111 0.0112457
2 0.435625 0.065625 0.0125 0.0184722 0.0111618
3 0.73 0.0956944 0.00499999 0.0291667 0.0106506
2 0.0106934 0.266944 0.0143164 0.0227778 0.0105667
0 0.474375 0.01 0.00625 0.0118056 0.0100555
7 0.109766 0.268611 0.0046875 0.015 0.00978088
3 0.18375 0.17 0.005 0.0205556 0.00967407
0 0.37875 0.0538194 0.0125 0.0175 0.00959778
2 0.74625 0.115 0.00749995 0.0455556 0.00948334
3 0.169844 0.164167 0.00406249 0.0186111 0.0086441
7 0.74375 0.178194 0.00750001 0.0252778 0.00841522
0 0.510625 0.0176389 0.01 0.0152083 0.00828552
7 0.0284375 0.378889 0.00804688 0.0205556 0.00821686
3 0.88625 0.05875 0.00499999 0.02 0.0077858
2 0.115938 0.197361 0.0084375 0.0208333 0.0077858
7 0.165 0.194861 0.003125 0.0147222 0.00769424
0 0.25375 0.1275 0.0159375 0.0138889 0.00763702
0 0.443125 0.0406944 0.0125 0.0194444 0.00746155
2 0.518125 0.0536111 0.01375 0.0236111 0.00720596
3 0.8875 0.0604167 0.00499999 0.0191667 0.00717545
2 0.207813 0.160278 0.015625 0.0305556 0.00679779
3 0.23375 0.126389 0.00499999 0.0261111 0.00674438
7 0.149844 0.194722 0.00281251 0.0141667 0.00664139
2 0.254688 0.121944 0.005 0.0127778 0.00602722
0 0.8025 0.0665278 0.0362501 0.0244444 0.00598145
0 0.538125 0.00493056 0.00750001 0.00986111 0.00595856
0 0.460938 0.00543403 0.00562499 0.0108681 0.00582123
0 0.55375 0.0233333 0.01625 0.0152778 0.00577545
0 0.101172 0.220833 0.0332813 0.0344444 0.00575256
0 0.0141602 0.291944 0.0239453 0.03 0.00570679
2 0.2075 0.143194 0.0115625 0.0219444 0.00553513
3 0.125234 0.215833 0.005625 0.0266667 0.00553513
0 0.104375 0.217222 0.020625 0.0266667 0.00542831
3 0.0369727 0.257708 0.00605469 0.0201389 0.00508118
0 0.454375 0.0106944 0.00750001 0.00958333 0.00502014
0 0.0757031 0.239583 0.0284375 0.0308334 0.00496292
0 0.545 0.0130556 0.01125 0.0129167 0.00494385
7 0.0264063 0.365 0.00914062 0.0322222 0.0049057
7 0.595 0.0465278 0.00374997 0.0136111 0.00488663
2 0.46625 0.0715972 0.015 0.0275 0.00486755
3 0.461563 0.0655556 0.00812502 0.0241667 0.00457382
7 0.73375 0.124167 0.00625 0.0288889 0.00446701
3 0.0734375 0.295 0.0117188 0.0416667 0.00446701
7 0.675 0.0579167 0.00499999 0.0158333 0.00429916
3 0.4725 0.0516667 0.00812502 0.0215278 0.00428009
7 0.154453 0.191806 0.00390625 0.0130556 0.00416565
7 0.67125 0.0515278 0.00374997 0.015 0.00407028
0 0.3125 0.102917 0.019375 0.0205556 0.00403976
0 0.43 0.0244792 0.01375 0.016875 0.00400543
3 0.0199219 0.341944 0.00820312 0.0388889 0.00400543
0 0.49 0.0119444 0.01125 0.0107639 0.00385475
2 0.570938 0.0231944 0.0175 0.0172917 0.00379562
2 0.509375 0.0553472 0.01125 0.0238889 0.0037365
3 0.154844 0.17625 0.00406249 0.0166667 0.00367928
3 0.223125 0.123333 0.00625 0.0252778 0.00365067
2 0.0225195 0.336389 0.0201172 0.0388889 0.00365067
7 0.69125 0.0529167 0.00374997 0.0147222 0.00362206
0 0.4925 0.0159028 0.00999997 0.014375 0.00359344
7 0.105234 0.263889 0.00359375 0.0133333 0.00351143
2 0.494375 0.0541667 0.015 0.0256944 0.00348282
2 0.245313 0.120972 0.004375 0.0147222 0.00348282
3 0.71 0.167778 0.015 0.0716667 0.00346947
7 0.70875 0.0857639 0.00500005 0.0177778 0.00335121
7 0.260938 0.264167 0.009375 0.025 0.00312424
3 0.287969 0.095 0.0121875 0.0223611 0.00311089
7 0.169063 0.199722 0.004375 0.0144444 0.003088
7 0.136406 0.224167 0.0046875 0.0116667 0.00293541
3 0.0373438 0.246944 0.00734375 0.0194444 0.00293541
0 0.538125 0.01125 0.00812499 0.0113889 0.00291252
0 0.445625 0.0136806 0.00625 0.01125 0.00287819
2 0.8075 0.180833 0.03125 0.055 0.00273705
7 0.935625 0.239167 0.00750001 0.0416667 0.00273705
7 0.189844 0.197639 0.0065625 0.0211111 0.00264168
0 0.996563 0.0706944 0.00687497 0.0359722 0.00263214
0 0.200156 0.148611 0.02625 0.0311111 0.00263214
7 0.604375 0.0464583 0.00374997 0.0133333 0.0026207
7 0.694375 0.0591667 0.00499999 0.0269444 0.00259018
0 0.705625 0.0505556 0.02125 0.0197222 0.00257111
0 0.993125 0.1275 0.0137499 0.0377778 0.00256157
0 0.98125 0.105 0.0275 0.0230556 0.00255013
0 0.377813 0.0823611 0.034375 0.0230556 0.00253105
0 0.80125 0.0620833 0.04 0.0291667 0.0024929
2 0.56625 0.0254861 0.00625 0.0129167 0.0024147
7 0.685625 0.0461111 0.00374997 0.0138889 0.00239754
0 0.82875 0.0711111 0.0375 0.0263889 0.00218201
0 0.95875 0.109583 0.0325 0.0291667 0.00216484
2 0.490938 0.06 0.021875 0.0258333 0.00211525
7 0.615625 0.0315278 0.00375004 0.01125 0.00209999
0 0.99625 0.0640278 0.00749995 0.0305556 0.00208282
7 0.67625 0.192222 0.00499999 0.0166667 0.00208282
5 0.00557617 0.253403 0.0111523 0.0398611 0.00205803
2 0.53375 0.0518056 0.015 0.0261111 0.0020504
3 0.215625 0.232917 0.010625 0.0541667 0.00198746
2 0.470313 0.0720139 0.02125 0.0301389 0.00197983
0 0.550625 0.0233333 0.015 0.0152778 0.00189686
2 0.469375 0.0568056 0.0175 0.0313889 0.00186729
7 0.105078 0.273333 0.00375 0.0133334 0.00182438
7 0.619375 0.0777778 0.00875003 0.0225 0.00174809
7 0.665 0.0484722 0.00250003 0.0113889 0.00171375
2 0.578125 0.0147222 0.01125 0.0152083 0.00168705
5 0.57125 0.0170486 0.035 0.0188889 0.00161648
7 0.125 0.239444 0.0053125 0.0222222 0.00161076
3 0.4525 0.182361 0.0125 0.0541667 0.00155449
7 0.0323047 0.371944 0.00765625 0.0194444 0.00150108
3 0.145391 0.186667 0.004375 0.0241667 0.00148392
0 0.0729688 0.240833 0.0321875 0.0394445 0.00145531
2 0.272813 0.0909722 0.00749998 0.0216667 0.00141621
7 0.67375 0.0793056 0.00499999 0.015 0.00137806
7 0.615625 0.0806944 0.00750001 0.0163889 0.00136185
2 0.499375 0.0597917 0.01625 0.0229167 0.00133514
7 0.77875 0.141528 0.00750001 0.0205556 0.00133038
0 0.7125 0.0523611 0.0325 0.0202778 0.00130939
7 0.1875 0.201667 0.00625 0.0188889 0.00127411
3 0.629063 0.0225694 0.00500005 0.0168056 0.00126457
0 0.81875 0.0653472 0.045 0.0297222 0.00126457
7 0.705625 0.0961111 0.00500005 0.0163889 0.00121593
1 0.385625 0.0344097 0.0625 0.060625 0.00121593
3 0.610313 0.0213542 0.00374997 0.0119444 0.00120163
2 0.573438 0.0239236 0.00750001 0.0147917 0.00114727
0 0.563438 0.0582639 0.038125 0.0279167 0.00112438
7 0.70625 0.0675 0.00750001 0.0233333 0.00112438
5 0.409375 0.0237847 0.0175 0.0327083 0.0011158
1 0.40125 0.0234722 0.02875 0.0388889 0.00109005
0 0.0238721 0.286389 0.0131934 0.0266667 0.00108624
0 0.995938 0.103889 0.00812499 0.0313889 0.00107288
2 0.69125 0.0224306 0.00750001 0.0180556 0.00107288
0 0.0567188 0.263958 0.0323438 0.0298611 0.00100422
3 0.128594 0.19625 0.0090625 0.0205556 0.00100422
