0 0.171836 0.84 0.143828 0.216667 0.957031
0 0.0311719 0.933333 0.0623438 0.128889 0.942871
0 0.68125 0.94 0.15125 0.12 0.942383
0 0.571563 0.520833 0.070625 0.107222 0.937012
0 0.482188 0.685556 0.081875 0.143333 0.936523
0 0.285 0.622222 0.0875 0.12 0.936035
0 0.208477 0.612778 0.0986719 0.117778 0.93457
0 0.106016 0.774444 0.128906 0.175556 0.93457
0 0.379375 0.588333 0.0775 0.113333 0.925293
0 0.0292969 0.635 0.0585938 0.118889 0.910645
0 0.487813 0.473611 0.04625 0.07 0.908691
0 0.488125 0.376389 0.02625 0.0433333 0.897461
0 0.439375 0.378333 0.02875 0.0466667 0.891113
0 0.535 0.403889 0.03625 0.0677778 0.878418
0 0.548438 0.35 0.0275 0.0355555 0.861328
0 0.190625 0.478889 0.055 0.0633333 0.86084
0 0.508438 0.343611 0.02125 0.0311111 0.853027
0 0.448125 0.343333 0.02 0.0277778 0.84375
0 0.277031 0.401111 0.0359375 0.0411111 0.822266
7 0.235469 0.503611 0.00718751 0.0233333 0.810547
0 0.63125 0.311111 0.03375 0.02 0.809082
1 0.214375 0.392778 0.076875 0.085 0.79248
2 0.66875 0.438333 0.02375 0.0511111 0.788086
0 0.479375 0.307778 0.015 0.0227778 0.775879
0 0.0305273 0.455556 0.0326953 0.0272222 0.770508
0 0.126406 0.499167 0.065 0.0916667 0.764648
0 0.74125 0.335556 0.0425 0.0277778 0.753418
0 0.333125 0.341667 0.02 0.0244444 0.749023
0 0.725 0.325556 0.0325 0.0266667 0.73877
0 0.3575 0.337778 0.01875 0.0255556 0.73877
0 0.549062 0.302222 0.023125 0.0188889 0.733887
0 0.8025 0.332778 0.03875 0.025 0.732422
0 0.294375 0.367778 0.024375 0.0305556 0.729492
0 0.81375 0.321389 0.0325 0.0338889 0.725098
0 0.460938 0.293333 0.0125 0.0188889 0.708984
0 0.50625 0.314444 0.0175 0.0311111 0.70752
7 0.72375 0.399167 0.00375004 0.0161111 0.702637
0 0.92875 0.333056 0.025 0.0183333 0.700684
0 0.0505469 0.44 0.0323438 0.0266667 0.697754
7 0.6675 0.466667 0.00625 0.0222222 0.694336
7 0.72875 0.44 0.00499999 0.0188889 0.692871
0 0.86 0.329722 0.035 0.0255556 0.67041
7 0.024707 0.531111 0.00558594 0.0177778 0.613281
0 0.3975 0.33 0.01875 0.0277778 0.611328
7 0.73875 0.428889 0.00499999 0.0233333 0.608398
0 0.513125 0.288611 0.0125 0.0183333 0.607422
7 0.92625 0.456667 0.00499999 0.0177778 0.607422
0 0.385 0.345556 0.02125 0.0266667 0.600098
0 0.00796387 0.458889 0.0158105 0.0266667 0.577637
7 0.74875 0.415556 0.00499999 0.02 0.575684
0 0.35375 0.321111 0.01375 0.02 0.57373
7 0.221875 0.517778 0.0075 0.0211111 0.563965
0 0.277031 0.365556 0.020625 0.03 0.556641
2 0.7625 0.405556 0.015 0.0488889 0.539062
0 0.7875 0.323333 0.0325 0.0283333 0.527344
0 0.75375 0.321389 0.0275 0.02 0.523438
3 0.0702735 0.448611 0.00609375 0.0322222 0.494141
7 0.0491406 0.480556 0.0040625 0.015 0.483398
7 0.0109375 0.544444 0.00617188 0.0222222 0.482422
0 0.264063 0.348889 0.0275 0.0244445 0.464844
2 0.6725 0.331111 0.00499999 0.0266667 0.458984
0 0.49375 0.293056 0.01125 0.0216667 0.457031
0 0.39875 0.301111 0.01375 0.0194444 0.453369
0 0.00392578 0.467778 0.00785156 0.03 0.453369
0 0.513125 0.283889 0.011875 0.0177778 0.411133
0 0.748125 0.330556 0.03875 0.0277778 0.411133
7 0.145156 0.419167 0.003125 0.00999999 0.405518
0 0.315 0.331111 0.016875 0.0222222 0.399902
0 0.465625 0.277222 0.00749998 0.0122222 0.388672
2 0.593125 0.312222 0.00625 0.02 0.381104
0 0.00830078 0.455 0.0166016 0.0233333 0.366699
2 0.65875 0.323333 0.00999997 0.0277778 0.359375
7 0.125938 0.422222 0.0034375 0.01 0.355713
0 0.190313 0.371389 0.0275 0.0227778 0.348633
0 0.471875 0.274167 0.00874999 0.0127778 0.345215
0 0.76375 0.316389 0.0325 0.0222222 0.341553
0 0.471875 0.271389 0.00749998 0.0116667 0.341553
7 0.92375 0.4675 0.00499999 0.0216667 0.338135
0 0.37625 0.308333 0.013125 0.0183333 0.336426
7 0.7375 0.428056 0.00625 0.0205556 0.287842
0 0.38875 0.329722 0.0175 0.0261111 0.276611
0 0.379688 0.31 0.0125 0.02 0.270508
7 0.678125 0.479444 0.00750001 0.0277778 0.262939
3 0.170625 0.385556 0.00562499 0.0255556 0.259033
3 0.0759375 0.448889 0.00742188 0.0333333 0.246582
7 0.635 0.330278 0.00374997 0.00999999 0.225464
0 0.37 0.331111 0.013125 0.0205556 0.213379
0 0.88875 0.32 0.0275 0.0233333 0.210083
0 0.486875 0.279444 0.01 0.0133333 0.20813
3 0.0741406 0.448056 0.00765626 0.0338889 0.201172
0 0.496875 0.286667 0.01125 0.0144444 0.191284
0 0.140938 0.477222 0.035625 0.0522222 0.171631
0 0.886875 0.322778 0.02875 0.0222222 0.165039
0 0.189375 0.379167 0.03125 0.0311111 0.164551
3 0.59125 0.312222 0.00625 0.0211111 0.164551
3 0.0374023 0.476944 0.00808594 0.0305556 0.16394
0 0.495625 0.284167 0.009375 0.0155556 0.161865
7 0.0634375 0.476111 0.004375 0.0122223 0.160767
0 0.5275 0.279444 0.01 0.0155555 0.160278
2 0.6875 0.411111 0.01 0.0383333 0.154053
2 0.104375 0.391111 0.00687501 0.0177778 0.153564
0 0.35125 0.320556 0.0175 0.0188889 0.151489
7 0.755 0.417222 0.00499999 0.0211111 0.150024
0 0.502813 0.293056 0.011875 0.0177778 0.143677
0 0.486563 0.271389 0.009375 0.015 0.143188
0 0.345625 0.328889 0.0125 0.02 0.140869
7 0.685 0.349444 0.00250003 0.0111111 0.134766
7 0.7475 0.401667 0.00499999 0.0177778 0.129883
1 0.486563 0.26 0.00812502 0.0122222 0.126831
3 0.0569922 0.456667 0.0065625 0.0266667 0.125488
0 0.0508984 0.436667 0.0280469 0.025 0.123779
0 0.26625 0.352222 0.02625 0.0266667 0.123352
0 0.81875 0.32 0.0375001 0.025 0.122498
3 0.0247656 0.473889 0.00546875 0.0222223 0.119202
3 0.0653516 0.451667 0.00523437 0.0277778 0.117188
0 0.76625 0.312222 0.03 0.02 0.112427
3 0.024043 0.484167 0.00582031 0.0327778 0.110474
0 0.46125 0.29 0.01125 0.0155555 0.108948
0 0.481875 0.290556 0.0125 0.0188889 0.107788
0 0.399375 0.325 0.01625 0.0288889 0.100525
0 0.0231055 0.456111 0.0339453 0.0266667 0.0953369
0 0.41375 0.3125 0.01375 0.0172222 0.0872803
3 0.6725 0.33 0.00750001 0.0255556 0.0866089
0 0.475625 0.261667 0.00625 0.00888889 0.0792236
0 0.71875 0.323333 0.0325 0.0238889 0.0786133
2 0.688125 0.413333 0.01375 0.04 0.0769653
3 0.0566016 0.466111 0.0053125 0.03 0.0720825
3 0.123438 0.381111 0.00421875 0.0166667 0.0713501
7 0.736875 0.430556 0.00625 0.02 0.0710449
3 0.0298438 0.477778 0.00488281 0.0272222 0.0692749
0 0.43 0.273611 0.0125 0.015 0.0687866
7 0.746875 0.421667 0.00499999 0.0161111 0.0680542
0 0.5575 0.292778 0.01875 0.0155555 0.0678101
0 0.381875 0.345556 0.0175 0.0305556 0.0673218
2 0.172969 0.387222 0.00687501 0.0244444 0.0653687
0 0.378438 0.302778 0.011875 0.0166667 0.0630493
7 0.71 0.404444 0.00499999 0.0177778 0.0623169
0 0.380313 0.303889 0.01125 0.0188889 0.0618896
3 0.673125 0.335556 0.00625 0.03 0.0607605
3 0.175156 0.394722 0.00406249 0.0261111 0.0583496
3 0.170469 0.4 0.00562499 0.0333333 0.0579224
0 0.39875 0.309444 0.015625 0.0222222 0.0548096
5 0.38875 0.281667 0.00875003 0.0144444 0.0522461
0 0.4775 0.305 0.01625 0.0211111 0.0516663
2 0.6675 0.432222 0.02 0.0477778 0.0494995
7 0.67 0.471111 0.00499999 0.0255556 0.0483093
3 0.193125 0.531111 0.01 0.0555556 0.0474243
5 0.89125 0.323889 0.0300001 0.0244444 0.0458679
7 0.93375 0.508611 0.00499999 0.0311111 0.0432129
2 0.584688 0.312222 0.00437501 0.0222222 0.0430298
3 0.69875 0.426389 0.0175 0.06 0.0390625
7 0.65 0.338333 0.00249996 0.00944443 0.0377502
5 0.266094 0.355556 0.0303125 0.0355555 0.037323
3 0.0462109 0.478889 0.00515625 0.0227778 0.0362244
7 0.9275 0.453056 0.00499999 0.0177778 0.0358276
0 0.501875 0.284444 0.00875003 0.0177778 0.035675
0 0.9325 0.341667 0.03 0.0222222 0.0337219
0 0.444375 0.261667 0.00562499 0.00999999 0.0327148
0 0.4925 0.296111 0.011875 0.02 0.0294189
0 0.78625 0.314722 0.0325 0.0227778 0.0285492
0 0.00697266 0.448333 0.0139453 0.0255556 0.0281067
0 0.505313 0.260556 0.00562499 0.01 0.0279083
0 0.1875 0.386944 0.029375 0.0383333 0.0264587
3 0.7025 0.434167 0.00999997 0.0672222 0.0262604
0 0.192188 0.371667 0.0340625 0.0322222 0.0257568
2 0.6975 0.421667 0.02 0.0533333 0.0255585
7 0.630625 0.336389 0.00374997 0.0138889 0.0255585
7 0.68625 0.316944 0.00499999 0.0155555 0.0253754
1 0.4275 0.274444 0.015 0.0166667 0.0246124
0 0.70875 0.326667 0.0225 0.0244444 0.0246124
0 0.93 0.339444 0.025 0.0233333 0.0237732
0 0.395625 0.303889 0.015 0.0188889 0.0236053
0 0.00313965 0.478889 0.0062793 0.0311111 0.0211182
3 0.0466797 0.479167 0.005 0.0277777 0.02034
2 0.289375 0.334722 0.00968749 0.0172222 0.0196381
3 0.193438 0.535278 0.0128125 0.0627778 0.0189056
2 0.4225 0.294722 0.00874999 0.0183333 0.0185394
3 0.165625 0.387222 0.00374999 0.0222222 0.0180511
7 0.92875 0.473333 0.00500005 0.025 0.0178528
2 0.695 0.417778 0.02 0.0477778 0.0175781
0 0.40875 0.326389 0.0175 0.0238889 0.0162201
0 0.974375 0.334444 0.02125 0.0166667 0.0160217
3 0.89 0.457778 0.00499999 0.0411111 0.0157776
5 0.125938 0.497778 0.0648438 0.0933333 0.0155411
3 0.0244141 0.516111 0.00609375 0.0388889 0.0151901
3 0.214063 0.351667 0.004375 0.0172222 0.0141144
7 0.916875 0.474722 0.00499999 0.0205556 0.0139542
0 0.529375 0.273056 0.00874999 0.0144444 0.0139542
0 0.00324463 0.421389 0.00648926 0.0138889 0.013588
7 0.9225 0.482778 0.00500005 0.0266667 0.0133286
0 0.9425 0.338611 0.02875 0.0166667 0.0133286
0 0.390625 0.282778 0.01125 0.0133333 0.0129242
0 0.36625 0.334444 0.01875 0.0211111 0.0126266
0 0.529063 0.280278 0.013125 0.0194444 0.0123825
2 0.68875 0.401944 0.01125 0.0461111 0.012146
0 0.00970215 0.462778 0.0141113 0.0288889 0.012146
0 0.88625 0.332778 0.0325 0.0211111 0.0118713
0 0.0105103 0.450556 0.019292 0.03 0.0113754
3 0.114219 0.389444 0.00484375 0.0161111 0.0111618
0 0.86875 0.323611 0.02875 0.0216667 0.0110703
0 0.408125 0.306111 0.00999997 0.0144444 0.0108566
3 0.710625 0.432778 0.00875003 0.0577778 0.0106506
3 0.695 0.4375 0.00999997 0.0661111 0.0106125
3 0.22375 0.348611 0.005 0.0122222 0.0105667
0 0.89 0.315556 0.025 0.0244444 0.0103302
0 0.511875 0.271111 0.00874999 0.0111111 0.0102463
0 0.288906 0.330278 0.00968749 0.0172222 0.0102081
0 0.3675 0.317222 0.011875 0.0177778 0.00997162
0 0.69625 0.331111 0.01625 0.0261111 0.00997162
7 0.7275 0.441111 0.00749995 0.0183333 0.00993347
7 0.12875 0.416667 0.00375 0.0166667 0.00981903
3 0.0699219 0.409444 0.00523438 0.0155555 0.00971222
0 0.0515234 0.428889 0.0284375 0.0211111 0.00959778
0 0.49375 0.262778 0.00687501 0.0111111 0.00952148
2 0.291406 0.331667 0.0109375 0.0166667 0.00952148
0 0.51375 0.262222 0.00562499 0.00999999 0.00945282
0 0.317813 0.326111 0.019375 0.0288889 0.00930023
2 0.196563 0.443889 0.01875 0.0311111 0.00930023
3 0.204063 0.348056 0.00437501 0.0227778 0.0091629
7 0.68625 0.361944 0.00375004 0.015 0.0091629
3 0.0197266 0.486944 0.00460938 0.0327778 0.00888062
3 0.129219 0.383333 0.0040625 0.0211111 0.0088501
0 0.0529688 0.432778 0.0272656 0.0272222 0.00837708
0 0.27875 0.36 0.01875 0.0266667 0.00821686
2 0.66125 0.318333 0.01 0.0266667 0.00815582
2 0.0742969 0.405 0.0053125 0.0177778 0.00796509
0 0.815 0.330556 0.04 0.025 0.00772476
7 0.655 0.364444 0.00499999 0.0122222 0.00763702
3 0.0853125 0.401111 0.00453125 0.0166667 0.00763702
7 0.155391 0.421111 0.00296876 0.00888887 0.00751877
3 0.77625 0.349444 0.00750001 0.0255556 0.00740433
0 0.386875 0.352222 0.025 0.0333333 0.00740433
0 0.534375 0.291389 0.01125 0.0144444 0.00737381
3 0.68875 0.310556 0.00499999 0.0194444 0.00720596
7 0.77875 0.351389 0.00499999 0.02 0.00706482
0 0.40125 0.331667 0.020625 0.0277778 0.00701141
0 0.0107031 0.601111 0.0214063 0.0688889 0.0068512
2 0.69125 0.333333 0.00750001 0.0233333 0.00669098
0 0.239531 0.367222 0.015625 0.0322222 0.00666809
0 0.325312 0.3225 0.01625 0.0277778 0.00656509
3 0.584375 0.300556 0.00437501 0.0188889 0.00636292
3 0.19125 0.521667 0.00750001 0.0355556 0.00619125
2 0.24375 0.368056 0.01375 0.0244444 0.00595856
2 0.675625 0.300556 0.00625 0.0144444 0.005867
2 0.594688 0.307222 0.00500005 0.0266667 0.00570679
0 0.96875 0.337222 0.015 0.0155555 0.00564194
0 0.763125 0.332222 0.03625 0.0238889 0.0055542
0 0.238281 0.373333 0.030625 0.0355556 0.00542831
0 0.36625 0.2975 0.01 0.0127778 0.00538635
0 0.39625 0.342222 0.024375 0.0311111 0.0053215
0 0.7225 0.317222 0.0325 0.0288889 0.00502014
0 0.421875 0.305833 0.00812502 0.0194444 0.00498199
0 0.00708984 0.61 0.0141797 0.0733333 0.00496292
2 0.67375 0.324444 0.00499999 0.0272222 0.00479126
7 0.685625 0.333333 0.00374997 0.0222222 0.00475693
7 0.09 0.447222 0.004375 0.0177778 0.00446701
7 0.105078 0.437222 0.003125 0.0111111 0.00445175
7 0.00763794 0.545 0.00689209 0.02 0.00439835
0 0.293438 0.358889 0.018125 0.0233333 0.00432968
7 0.9325 0.501111 0.00750001 0.0288889 0.00432968
3 0.176563 0.41 0.005 0.0288889 0.00431442
0 0.8475 0.325278 0.0199999 0.0255556 0.00429916
0 0.76875 0.304722 0.025 0.0216667 0.0042305
0 0.35375 0.311111 0.015 0.0188889 0.00419998
3 0.605938 0.297778 0.00437501 0.0144444 0.00416565
3 0.21 0.353333 0.00562499 0.0377778 0.00397491
0 0.455313 0.299444 0.015 0.02 0.0039444
7 0.664375 0.338611 0.00375004 0.0255555 0.00391388
0 0.3175 0.34 0.01625 0.0244445 0.00382423
0 0.94375 0.343333 0.03 0.0211111 0.00370789
0 0.0302002 0.448889 0.0320996 0.0266667 0.00370789
2 0.194375 0.447222 0.01125 0.0377778 0.00365067
2 0.69125 0.425556 0.0275 0.0522222 0.00353813
0 0.71625 0.33 0.0225 0.0238889 0.00327301
0 0.1925 0.389722 0.03625 0.0383333 0.00312424
0 0.195938 0.3675 0.02125 0.0266667 0.00309944
2 0.661875 0.326667 0.00749995 0.0277778 0.00307465
2 0.565 0.308056 0.00500005 0.015 0.00301552
3 0.196406 0.351944 0.0059375 0.015 0.00293541
0 0.0134375 0.618889 0.026875 0.0922222 0.00291252
3 0.0745703 0.422778 0.00460938 0.0127778 0.00265312
0 0.00557739 0.549861 0.00749756 0.0291667 0.00265312
3 0.715 0.443889 0.00500005 0.0333333 0.00257111
0 0.420938 0.285556 0.00812502 0.0144444 0.00252151
0 0.255938 0.351667 0.029375 0.0238889 0.00251198
2 0.6975 0.322222 0.00999997 0.0222222 0.00245285
0 0.99 0.977778 0.0199999 0.0411111 0.00245285
7 0.0123926 0.554444 0.00701172 0.02 0.00237846
2 0.254688 0.333889 0.00718751 0.0144444 0.00233269
0 0.445313 0.349167 0.025 0.0294445 0.00232315
7 0.931875 0.47 0.00749995 0.0372222 0.00228691
0 0.758125 0.312222 0.03375 0.0222222 0.00226974
0 0.85875 0.337222 0.0375 0.0266667 0.00226021
7 0.74375 0.429444 0.00499999 0.0194444 0.00221634
0 0.45875 0.306111 0.01375 0.0244444 0.00206757
3 0.89125 0.467222 0.00749995 0.06 0.00205803
1 0.48375 0.248056 0.00874999 0.0172222 0.00204277
7 0.285781 0.622778 0.0865625 0.118889 0.00200272
3 0.104922 0.395 0.0059375 0.0205555 0.00198746
2 0.204063 0.471111 0.026875 0.0477778 0.00198746
