0 0.352813 0.57875 0.133125 0.258056 0.959961
0 0.5075 0.510556 0.1 0.218889 0.955566
0 0.497813 0.893889 0.2075 0.212222 0.954102
0 0.61 0.305833 0.0775 0.112222 0.944824
0 0.6575 0.489167 0.12125 0.232778 0.942383
5 0.81 0.793889 0.37625 0.41 0.941895
0 0.505625 0.304167 0.075 0.128333 0.935547
0 0.409063 0.346667 0.076875 0.13 0.935059
0 0.721875 0.325 0.1 0.126667 0.929199
0 0.460313 0.1025 0.05125 0.0441667 0.869629
0 0.0364648 0.306389 0.0334766 0.0355555 0.838867
0 0.0558691 0.272778 0.0343555 0.0333333 0.833496
0 0.318594 0.130139 0.0515625 0.0413889 0.829102
0 0.142656 0.223333 0.0421875 0.0377778 0.827637
7 0.74375 0.17625 0.00625 0.0211111 0.819824
0 0.701875 0.0585417 0.03875 0.0245833 0.805664
7 0.70375 0.199167 0.00750001 0.0222222 0.801758
0 0.34625 0.0755556 0.016875 0.0194444 0.791992
0 0.485625 0.0270833 0.0125 0.0183333 0.775879
0 0.39125 0.0670833 0.01625 0.0225 0.759277
0 0.366875 0.0772222 0.01625 0.02375 0.757812
0 0.8525 0.07375 0.035 0.0261111 0.73584
0 0.425625 0.0602083 0.015 0.0206944 0.729492
0 0.82 0.0648611 0.0325 0.0233333 0.725098
0 0.326172 0.0902778 0.0176562 0.0209722 0.725098
0 0.40125 0.0589583 0.013125 0.0186111 0.71875
0 0.504375 0.0120139 0.00812499 0.0115278 0.710449
0 0.210156 0.197778 0.05625 0.0463889 0.710449
7 0.0444531 0.361111 0.005 0.0155556 0.690918
0 0.00541992 0.327222 0.0108398 0.0327778 0.663574
7 0.753125 0.163611 0.00625 0.02 0.654785
7 0.246875 0.285278 0.0078125 0.0261111 0.649414
0 0.8975 0.0872222 0.0300001 0.0225 0.642578
0 0.7525 0.0638889 0.04 0.0227778 0.622559
7 0.0297266 0.376111 0.00429688 0.0155555 0.618652
2 0.608125 0.0391667 0.015 0.0190278 0.611328
0 0.7625 0.0580556 0.03625 0.0263889 0.600098
7 0.7725 0.1475 0.00499999 0.0169444 0.596191
7 0.245313 0.283611 0.00875001 0.0294444 0.592773
2 0.285938 0.111389 0.01125 0.0222222 0.581543
7 0.769375 0.131111 0.00499999 0.0177778 0.577637
0 0.464375 0.0665972 0.029375 0.0284722 0.57373
3 0.7225 0.169722 0.015 0.0647222 0.560059
7 0.945 0.22 0.00499999 0.0180556 0.513672
0 0.00378906 0.278333 0.00757813 0.0255556 0.496094
0 0.97 0.102639 0.0225 0.02 0.486328
3 0.0232373 0.336111 0.00766602 0.0366667 0.480469
5 0.39875 0.0343056 0.02125 0.0369444 0.478516
5 0.368125 0.045625 0.0175 0.0258333 0.439697
0 0.74625 0.0622222 0.035 0.0226389 0.439697
2 0.285156 0.108611 0.0115625 0.0216667 0.424316
0 0.426563 0.0586111 0.01875 0.0222222 0.415771
7 0.691875 0.186389 0.00625 0.0255556 0.414795
7 0.675 0.0522222 0.00375004 0.0155556 0.40918
0 0.38375 0.0466667 0.01375 0.0169444 0.403564
0 0.486875 0.0232986 0.01125 0.015625 0.403564
2 0.270313 0.119028 0.00812502 0.0213889 0.391357
5 0.8175 0.0420139 0.0675 0.06125 0.381104
2 0.248125 0.125556 0.00874999 0.0205556 0.346924
0 0.376563 0.0686111 0.0125 0.02 0.339844
0 0.41875 0.0472222 0.011875 0.0186111 0.327637
0 0.327813 0.0883333 0.01875 0.0191667 0.327637
0 0.453125 0.0104167 0.00749998 0.0116667 0.325928
0 0.198594 0.197778 0.035 0.0416667 0.317383
3 0.72 0.167917 0.0175 0.065 0.315674
2 0.274375 0.11875 0.00812502 0.02 0.312256
2 0.544688 0.0502778 0.011875 0.0197222 0.30249
7 0.705625 0.0788889 0.00374997 0.0119444 0.299072
0 0.363125 0.0638889 0.013125 0.0197222 0.276611
0 0.405625 0.0522222 0.011875 0.0202778 0.271973
0 0.36 0.0661111 0.01375 0.0198611 0.270508
2 0.265 0.119583 0.00625002 0.0211111 0.264404
0 0.409375 0.0521528 0.01125 0.0193056 0.259766
0 0.74125 0.0586111 0.035 0.0225 0.258301
7 0.0691406 0.300278 0.0040625 0.0144444 0.258301
0 0.00529297 0.310833 0.0105859 0.0227778 0.216064
0 0.465625 0.0748611 0.03 0.0280556 0.215332
7 0.746875 0.128889 0.00499999 0.0183333 0.210083
0 0.735 0.0577778 0.0275 0.0211111 0.193726
0 0.740625 0.0526389 0.02875 0.0211111 0.193115
0 0.343438 0.0759722 0.013125 0.0197222 0.181885
0 0.43125 0.0526389 0.01375 0.0194444 0.180664
7 0.0955469 0.277778 0.0034375 0.0111111 0.180054
0 0.422188 0.0581944 0.0175 0.0211111 0.176147
1 0.398125 0.0364583 0.0225 0.0440278 0.173828
0 0.42 0.041875 0.0125 0.0163889 0.137573
0 0.38875 0.0651389 0.015 0.0238889 0.126831
0 0.495938 0.0106944 0.00625 0.0115278 0.123352
1 0.39875 0.0179514 0.02125 0.033125 0.113159
7 0.94625 0.215278 0.00499999 0.0194444 0.112793
0 0.465625 0.078125 0.03625 0.0244444 0.112427
0 0.440625 0.0265278 0.010625 0.0151389 0.103394
0 0.00504883 0.333333 0.00980469 0.0388889 0.103027
0 0.438125 0.0260069 0.00874999 0.0138889 0.100891
7 0.596875 0.0440278 0.00499999 0.0159722 0.100891
5 0.79875 0.0415451 0.0325 0.0469097 0.0997925
7 0.746875 0.125556 0.00499999 0.0183333 0.0997925
7 0.74875 0.131111 0.00499999 0.0211111 0.0994873
0 0.57125 0.0222222 0.02125 0.0130556 0.0817871
0 0.746875 0.0468229 0.02375 0.0182986 0.0786133
3 0.453125 0.186944 0.01125 0.0438889 0.0775146
7 0.693125 0.183611 0.00625 0.0280556 0.0731812
0 0.486875 0.0152083 0.00750001 0.0109722 0.0723877
3 0.30875 0.223333 0.015625 0.0605556 0.0713501
0 0.97 0.106944 0.025 0.0258333 0.0703125
0 0.44625 0.0139236 0.00874999 0.0134722 0.0700684
0 0.97125 0.0999306 0.0225 0.0201389 0.0692749
7 0.0662109 0.306944 0.00421875 0.0161111 0.0643921
7 0.0675 0.298889 0.00671875 0.0155555 0.0623169
7 0.258594 0.270556 0.008125 0.0366666 0.0509033
2 0.252656 0.124444 0.010625 0.0188889 0.0501404
2 0.310781 0.222361 0.0209375 0.0608333 0.0497742
3 0.169219 0.161944 0.0046875 0.0188889 0.0495911
2 0.72 0.170139 0.0225 0.0630555 0.049408
5 0.8075 0.0466493 0.05 0.0436458 0.0483093
7 0.944375 0.232778 0.00500005 0.0222222 0.0467224
0 0.38 0.0664583 0.0175 0.0244444 0.0457764
2 0.287188 0.116944 0.00999997 0.0238889 0.0451965
3 0.311563 0.224722 0.019375 0.0605556 0.0448608
0 0.895 0.0815278 0.025 0.0222222 0.0427246
0 0.96375 0.101667 0.025 0.0197222 0.0417786
0 0.00367188 0.271667 0.00734375 0.0277778 0.041626
7 0.257656 0.264444 0.0065625 0.0244444 0.0403748
7 0.274063 0.253819 0.00625 0.02125 0.0401001
2 0.301875 0.131389 0.01875 0.0316667 0.0399475
0 0.9 0.0904167 0.035 0.0263889 0.0394897
7 0.761875 0.151389 0.00749995 0.0194444 0.0394897
0 0.7675 0.0669444 0.04125 0.0230556 0.0394897
7 0.0746875 0.295556 0.00421875 0.0166667 0.0389099
5 0.81125 0.0393056 0.06 0.05 0.0358276
0 0.416563 0.0318056 0.00812499 0.0114583 0.0347595
0 0.00430664 0.3 0.00861328 0.0261111 0.0346069
0 0.451875 0.0159375 0.00875003 0.0131944 0.0333252
0 0.431563 0.020625 0.00875003 0.0105556 0.0319824
0 0.8 0.0448785 0.03 0.0360764 0.0314941
5 0.745625 0.0345833 0.09 0.0630556 0.0310211
2 0.522813 0.0518056 0.01125 0.0215278 0.0306702
7 0.68875 0.0866667 0.00499999 0.0141667 0.0299835
3 0.19625 0.156111 0.004375 0.0188889 0.0298767
2 0.137344 0.175556 0.00718749 0.0177778 0.0298767
7 0.170313 0.195556 0.004375 0.0144444 0.0293121
3 0.716875 0.155 0.01375 0.0572222 0.0287628
2 0.53375 0.0504167 0.015 0.0208333 0.028656
0 0.00888672 0.275556 0.0174609 0.0238889 0.0279083
7 0.65 0.0546528 0.00249996 0.01 0.0270691
0 0.8175 0.0575 0.0325 0.0244444 0.0258636
0 0.438125 0.016875 0.01 0.0152778 0.0257568
2 0.205781 0.171667 0.01375 0.0213889 0.0249939
3 0.233906 0.135278 0.004375 0.0183333 0.024704
3 0.0747656 0.229167 0.00671875 0.0197222 0.0243378
7 0.94125 0.217778 0.00500005 0.0177778 0.0240021
7 0.694375 0.0791667 0.00374997 0.0111111 0.0237732
0 0.50125 0.00552083 0.00687501 0.0110417 0.0232391
0 0.47 0.0663194 0.04125 0.0268056 0.0231476
2 0.0154297 0.261111 0.0107031 0.0194444 0.0228882
3 0.0695313 0.234722 0.00593751 0.0230556 0.0213623
3 0.123438 0.188056 0.00640625 0.0230555 0.0200195
7 0.675 0.0573611 0.00375004 0.0169444 0.0198669
7 0.174688 0.190833 0.00374999 0.0122222 0.0191193
0 0.7975 0.0398611 0.0325 0.0397222 0.0189056
7 0.0276172 0.380556 0.00609375 0.0166667 0.0187683
0 0.324063 0.0919444 0.02 0.0205556 0.0177765
7 0.57625 0.0465972 0.00374997 0.0116667 0.0175781
7 0.709375 0.086875 0.00375004 0.0159722 0.0167847
0 0.8575 0.0723611 0.0375 0.0241667 0.0161591
3 0.164688 0.165 0.00499999 0.0194444 0.016098
7 0.176875 0.239167 0.00625 0.0191667 0.0156708
7 0.67 0.0509722 0.00250003 0.0138889 0.0154266
7 0.305938 0.0991667 0.00437501 0.0125 0.0153656
7 0.685625 0.0816667 0.00374997 0.0116667 0.0150757
0 0.82 0.0697917 0.03375 0.02875 0.0150146
3 0.230938 0.133056 0.00375001 0.0211111 0.0149536
0 0.3075 0.131389 0.034375 0.0366667 0.0148392
7 0.73125 0.128056 0.00499999 0.03 0.014389
2 0.250469 0.128194 0.0121875 0.0230556 0.0141754
3 0.209375 0.165278 0.008125 0.025 0.0141144
0 0.868125 0.0799306 0.025 0.0215278 0.0137939
7 0.0851563 0.292222 0.00375 0.0122222 0.012291
0 0.463125 0.0590278 0.025 0.0269444 0.0120087
2 0.74375 0.0384028 0.0125 0.0215278 0.0116425
7 0.109453 0.27 0.00359375 0.0122222 0.0115051
3 0.183438 0.171389 0.00499999 0.0227778 0.0110703
0 0.634063 0.393333 0.070625 0.0433333 0.0106964
3 0.85375 0.045434 0.00749995 0.0246875 0.0105667
7 0.0094043 0.373056 0.00394531 0.0188889 0.0105667
7 0.7675 0.136667 0.00499999 0.0161111 0.0102921
7 0.261406 0.27 0.0078125 0.0233333 0.0100098
0 0.45875 0.0888889 0.04375 0.0316667 0.00985718
7 0.235156 0.151806 0.0034375 0.00916667 0.00978088
2 0.526875 0.0515972 0.015625 0.0191667 0.00955963
2 0.2775 0.105972 0.00874999 0.0219444 0.00948334
0 0.556563 0.0221528 0.02 0.01375 0.00941467
7 0.190625 0.225833 0.00999999 0.0244444 0.00930023
3 0.568438 0.174722 0.010625 0.0363889 0.00926971
7 0.0328906 0.377222 0.00664063 0.0177778 0.00919342
0 0.424375 0.0339236 0.00750001 0.0145139 0.00891876
2 0.203438 0.15 0.0125 0.025 0.0088501
0 0.0092041 0.329722 0.0166699 0.0361111 0.0088501
7 0.0155859 0.432222 0.00738281 0.0277778 0.00857544
3 0.269688 0.0975 0.00562499 0.0219444 0.0085144
3 0.109688 0.205139 0.00375 0.0230556 0.00790405
3 0.265938 0.124444 0.00531249 0.0255556 0.00760651
3 0.735 0.156389 0.00999997 0.0716667 0.00751877
2 0.296094 0.10375 0.00593748 0.0158333 0.00731659
3 0.0129077 0.341944 0.00719238 0.0366667 0.00712204
7 0.257812 0.27 0.00687499 0.0261111 0.00701141
3 0.7125 0.178333 0.01 0.0694444 0.00669098
3 0.114688 0.206389 0.0040625 0.0183333 0.00666809
0 0.98375 0.113299 0.00750001 0.015625 0.00651169
2 0.206875 0.143889 0.0103125 0.0211111 0.0064621
2 0.733125 0.109861 0.00874996 0.0413889 0.00641251
0 0.96625 0.109444 0.0300001 0.0275 0.00634003
0 0.340625 0.0717361 0.01375 0.0195833 0.00631332
0 0.79625 0.0576389 0.035 0.025 0.00631332
7 0.656875 0.0489583 0.00499999 0.01125 0.00593567
3 0.467188 0.122465 0.014375 0.0472917 0.00591278
2 0.135938 0.185278 0.0046875 0.0213889 0.00570679
7 0.105469 0.274444 0.0034375 0.0122222 0.00551224
3 0.845625 0.0375694 0.00875003 0.0270833 0.00542831
0 0.85125 0.0652778 0.0325 0.0236111 0.00538635
3 0.8525 0.0399826 0.00750001 0.0269792 0.0053215
0 0.640625 0.397778 0.08625 0.0522222 0.00526047
0 0.327578 0.131667 0.0348438 0.0369444 0.00503922
2 0.891875 0.0675694 0.00874996 0.0158333 0.00502014
0 0.505 0.0168056 0.01125 0.01375 0.00496292
0 0.135 0.226389 0.0271875 0.0355556 0.00494385
0 0.0195508 0.303333 0.0278516 0.0283333 0.00475693
0 0.0134961 0.313889 0.0241016 0.0266667 0.00457382
3 0.213594 0.141389 0.004375 0.0155556 0.00453949
7 0.0896875 0.274444 0.00437501 0.0177778 0.00434875
0 0.86375 0.0814583 0.0275 0.0243056 0.00428009
3 0.5125 0.119965 0.01 0.0289583 0.00428009
7 0.225313 0.155833 0.0034375 0.01 0.0042305
2 0.212031 0.180556 0.010625 0.0266667 0.00421524
2 0.186875 0.209722 0.013125 0.0383333 0.00418091
0 0.0286914 0.293333 0.0257422 0.0288889 0.00416565
5 0.00345215 0.255278 0.0069043 0.0366667 0.00400543
0 0.211875 0.203333 0.040625 0.0505556 0.00391388
7 0.715 0.0790278 0.00500005 0.0134722 0.00382423
0 0.459375 0.00572917 0.00749998 0.0114583 0.00380898
2 0.0751563 0.236667 0.00625 0.0233333 0.00365067
2 0.55625 0.0473611 0.00625 0.0186111 0.00362206
7 0.505 0.304931 0.074375 0.126806 0.00353813
0 0.82375 0.0581944 0.025 0.0248611 0.00351143
0 0.75375 0.0690972 0.0475 0.0305556 0.00348282
3 0.0840625 0.240556 0.005625 0.02 0.00335121
0 0.199844 0.205417 0.0359375 0.0477778 0.00329781
0 0.495 0.0608333 0.01875 0.0208333 0.00316048
3 0.184063 0.156944 0.005 0.0266667 0.00314713
2 0.270625 0.112813 0.01375 0.029375 0.00312424
2 0.6575 0.0350694 0.00625 0.0211111 0.00309944
3 0.73625 0.162083 0.00750001 0.0663889 0.00307465
2 0.1975 0.175556 0.00687501 0.0197222 0.0029583
3 0.510938 0.194167 0.00874999 0.0416667 0.00294685
0 0.395625 0.035 0.0225 0.0238889 0.00293541
3 0.274063 0.09 0.00499999 0.0213889 0.00293541
3 0.73 0.0939583 0.00499999 0.0225 0.00293541
2 0.51 0.116528 0.014375 0.0338889 0.00273705
3 0.7325 0.12375 0.00750001 0.0230556 0.00271416
2 0.166875 0.160833 0.008125 0.02 0.00271416
7 0.409375 0.347222 0.07625 0.128889 0.00265312
0 0.443438 0.0413194 0.01 0.0180556 0.00260162
2 0.525 0.0563889 0.0125 0.0269444 0.00255013
7 0.0545313 0.305556 0.00421875 0.0266667 0.00246239
0 0.498125 0.0601389 0.020625 0.0216667 0.00244331
5 0.571875 0.0178472 0.02875 0.0177778 0.00235939
3 0.0846875 0.231111 0.00531251 0.0216667 0.00235939
7 0.7125 0.197639 0.00750001 0.0313889 0.00233269
2 0.735 0.0353125 0.0125 0.0175694 0.00226974
0 0.93625 0.0856944 0.02125 0.0188889 0.00226974
2 0.0233789 0.258611 0.00773438 0.0161111 0.00226974
0 0.470938 0.0203125 0.013125 0.0199306 0.00226021
0 0.311875 0.0905556 0.010625 0.0188889 0.00223351
2 0.598125 0.0377431 0.00875003 0.0204861 0.00221634
0 0.99625 0.121389 0.00749995 0.0288889 0.00219917
7 0.0168555 0.408889 0.00914062 0.0311111 0.00219917
0 0.95125 0.0895139 0.01375 0.0204167 0.00214958
2 0.705625 0.0320833 0.00875003 0.0147222 0.00211525
3 0.629688 0.0259722 0.00437501 0.0204167 0.00210762
2 0.54375 0.0547222 0.01125 0.0258333 0.0019722
0 0.55625 0.0239236 0.015 0.014375 0.00196457
7 0.00350586 0.384167 0.00579102 0.0194444 0.00192642
7 0.0860156 0.281667 0.00421875 0.0122222 0.00188923
2 0.3025 0.122639 0.019375 0.0277778 0.00188255
2 0.585 0.0159722 0.00875003 0.0147222 0.00182438
3 0.149844 0.167778 0.00593751 0.0241667 0.00182438
7 0.73375 0.1275 0.00749995 0.0233333 0.0018177
0 0.456563 0.0684028 0.035625 0.0258333 0.00181007
3 0.275625 0.124028 0.00562499 0.0258333 0.00181007
3 0.71 0.182917 0.02 0.0569444 0.00181007
7 0.144844 0.188333 0.00375001 0.0133333 0.00179577
0 0.440625 0.0754167 0.02625 0.0266667 0.0017271
0 0.48 0.0301389 0.01125 0.0144444 0.0017004
7 0.262188 0.262778 0.00718749 0.0211111 0.00168705
0 0.207188 0.20625 0.0325 0.0463889 0.00167465
0 0.42125 0.0654167 0.024375 0.0255556 0.0016489
3 0.696875 0.173889 0.0125 0.0536111 0.00162315
0 0.94875 0.0931944 0.025 0.0208333 0.00158501
0 0.911875 0.0947222 0.03625 0.0258333 0.00156116
0 0.00380859 0.421389 0.00761719 0.0494444 0.00155449
