0 0.79875 0.835 0.1625 0.256667 0.958984
0 0.254688 0.915 0.156875 0.168889 0.958984
0 0.47 0.85 0.12375 0.3 0.954102
0 0.15748 0.864444 0.157539 0.255556 0.953613
0 0.62375 0.74 0.12 0.195556 0.95166
0 0.371875 0.625556 0.09125 0.151111 0.947754
0 0.2825 0.589028 0.086875 0.135278 0.944824
0 0.72125 0.625556 0.1 0.142222 0.943359
0 0.111543 0.75 0.125664 0.172222 0.938477
0 0.573125 0.575 0.07 0.112222 0.933105
0 0.476875 0.627222 0.070625 0.131111 0.928711
0 0.2175 0.598889 0.0775 0.106667 0.925781
2 0.515 0.458056 0.038125 0.0616666 0.881348
0 0.696406 0.982778 0.119687 0.0333333 0.86084
6 0.85125 0.453611 0.045 0.0772222 0.835449
7 0.234219 0.503056 0.00687501 0.0222222 0.829102
0 0.343438 0.331667 0.016875 0.0222222 0.819824
7 0.66625 0.465278 0.00499999 0.0216667 0.774414
1 0.312188 0.323889 0.03625 0.0444444 0.773438
0 0.48375 0.275556 0.00874999 0.0144444 0.770508
0 0.060625 0.437778 0.0357812 0.0238889 0.759277
0 0.848125 0.322778 0.03125 0.0288889 0.740234
2 0.508125 0.319444 0.014375 0.0244444 0.737305
7 0.023457 0.528889 0.00484375 0.0155555 0.708984
0 0.0497559 0.460556 0.035957 0.0344444 0.705566
0 0.404375 0.318889 0.018125 0.0244444 0.704102
0 0.575313 0.305 0.029375 0.0194444 0.695801
7 0.749375 0.416389 0.00500005 0.0166667 0.695801
7 0.925 0.458056 0.00499999 0.015 0.692871
0 0.79375 0.331944 0.035 0.0261111 0.6875
7 0.6675 0.464722 0.00499999 0.0227778 0.680664
0 0.79 0.326111 0.0300001 0.0255555 0.662109
0 0.324688 0.333056 0.015 0.0238889 0.644043
5 0.671875 0.324444 0.05375 0.0422222 0.620605
7 0.221563 0.518333 0.0075 0.0233333 0.615234
5 0.406875 0.290556 0.015625 0.0288889 0.613281
5 0.864375 0.331111 0.04375 0.0277778 0.604004
2 0.264063 0.347222 0.00875001 0.0188889 0.604004
0 0.88875 0.332222 0.0275 0.0183333 0.588867
0 0.354063 0.325278 0.01375 0.0222222 0.575684
7 0.6775 0.479444 0.00749995 0.0238889 0.548828
7 0.72875 0.438611 0.00499999 0.0194444 0.537109
0 0.393125 0.304444 0.01 0.0155555 0.512695
7 0.72375 0.400556 0.00499999 0.0166667 0.511719
7 0.145313 0.416111 0.00374999 0.0111111 0.472656
0 0.41375 0.312778 0.013125 0.0194444 0.458984
0 0.3925 0.302222 0.01 0.0166667 0.449463
7 0.74625 0.4 0.00374997 0.0144444 0.449463
0 0.3925 0.31 0.01125 0.0172222 0.44165
0 0.466563 0.289444 0.009375 0.0138889 0.439697
0 0.381875 0.316667 0.01375 0.0244444 0.422607
7 0.634375 0.328333 0.00375004 0.0111111 0.422607
7 0.92375 0.466667 0.00499999 0.0161111 0.420654
4 0.6725 0.324722 0.0525 0.0416667 0.416748
0 0.381875 0.324722 0.01625 0.0261111 0.405518
7 0.738125 0.425 0.00499999 0.02 0.375732
0 0.4325 0.274444 0.00687501 0.01 0.331055
7 0.7375 0.428056 0.00499999 0.0188889 0.319092
0 0.349375 0.318889 0.01375 0.0194444 0.310791
5 0.364375 0.316667 0.01625 0.0322222 0.297363
0 0.365313 0.322222 0.015625 0.0244444 0.29248
5 0.865 0.326667 0.0475 0.0333333 0.27832
7 0.125781 0.419722 0.00375 0.00944446 0.275146
0 0.351563 0.321111 0.011875 0.0222222 0.270508
0 0.378125 0.298889 0.01 0.0122222 0.240723
0 0.485625 0.258889 0.00499999 0.0111111 0.229492
0 0.370938 0.307778 0.009375 0.0188889 0.229492
0 0.8625 0.331667 0.03875 0.0255555 0.21936
0 0.37875 0.289167 0.00750001 0.0116667 0.204346
7 0.735625 0.430556 0.00625 0.0183333 0.185913
3 0.170313 0.367778 0.00625 0.0222222 0.172729
0 0.891875 0.334444 0.0325 0.0177778 0.167725
0 0.38875 0.295833 0.00999997 0.0116667 0.157715
0 0.331875 0.328611 0.011875 0.0216667 0.147583
0 0.372813 0.311111 0.009375 0.0188889 0.145142
2 0.063125 0.462778 0.0101563 0.0311111 0.119995
7 0.68375 0.351667 0.00500005 0.0155555 0.116333
0 0.431563 0.272778 0.00625 0.00888889 0.108948
3 0.16375 0.379444 0.0046875 0.0244445 0.107788
0 0.666875 0.317778 0.0425 0.03 0.0991211
7 0.00827148 0.543333 0.00552734 0.0211111 0.0977173
7 0.726875 0.44 0.00499999 0.0188889 0.0891113
0 0.400938 0.320556 0.016875 0.0261111 0.0803833
0 0.425625 0.276667 0.00625 0.00888889 0.0723877
2 0.174063 0.368889 0.00625 0.0211111 0.0611877
5 0.495 0.263333 0.00625 0.0105555 0.0524292
0 0.411875 0.312222 0.015 0.0233333 0.0492249
3 0.16625 0.372222 0.00562499 0.0233333 0.0435181
7 0.205313 0.383056 0.0034375 0.00999999 0.041626
3 0.261563 0.349167 0.00687501 0.0227778 0.0410767
0 0.4175 0.278889 0.00750001 0.00999999 0.0394897
7 0.148594 0.412222 0.00375001 0.0111111 0.0339661
3 0.70875 0.309722 0.00500005 0.0177778 0.0279083
7 0.274844 0.353889 0.00437501 0.0144444 0.0254669
0 0.489375 0.269167 0.00437501 0.00833333 0.0232391
7 0.66625 0.352222 0.00499999 0.01 0.0215302
0 0.413125 0.295278 0.00687501 0.0155556 0.0211182
0 0.349375 0.312222 0.013125 0.02 0.0205688
2 0.6475 0.317778 0.00499999 0.0166667 0.0200958
7 0.22125 0.508611 0.00718749 0.0266667 0.0197906
0 0.334375 0.32 0.01125 0.0166667 0.0193481
0 0.465938 0.280556 0.00750001 0.00944443 0.0188293
2 0.265625 0.348333 0.010625 0.0211111 0.0183411
7 0.220625 0.361111 0.00374999 0.0133333 0.0179901
2 0.260938 0.348333 0.01625 0.0188889 0.0173798
0 0.461875 0.2875 0.01 0.0122222 0.0164032
7 0.63625 0.318333 0.00375004 0.0122222 0.0163422
7 0.745625 0.418889 0.00375004 0.0155555 0.0148392
7 0.265625 0.36 0.004375 0.0177778 0.0145035
0 0.79375 0.335556 0.04 0.03 0.0139008
0 0.685625 0.314444 0.03125 0.0233333 0.012825
7 0.609375 0.306667 0.00375004 0.0111111 0.0113297
0 0.418125 0.283611 0.00750001 0.0122222 0.0101318
0 0.68625 0.331111 0.0325 0.0322222 0.0100555
0 0.525625 0.275278 0.00625 0.00999999 0.00993347
3 0.685625 0.292778 0.00499999 0.0177778 0.00989532
0 0.3625 0.3075 0.01125 0.0255556 0.00959778
7 0.235 0.367222 0.003125 0.00555556 0.00941467
3 0.250938 0.346111 0.00499999 0.0233333 0.00926971
0 0.88625 0.338333 0.03125 0.0244444 0.00908661
0 0.57125 0.307778 0.035 0.02 0.00905609
7 0.29125 0.338889 0.0046875 0.0144444 0.00796509
7 0.225 0.367222 0.003125 0.00888889 0.00787354
0 0.859375 0.336667 0.04 0.0288889 0.0078125
0 0.445 0.263889 0.00375001 0.01 0.00653839
0 0.44875 0.268611 0.00499999 0.00722221 0.00643921
0 0.475625 0.261111 0.00437498 0.00888889 0.00609589
7 0.128828 0.414444 0.00375 0.0127778 0.00591278
2 0.69125 0.347222 0.015 0.0244444 0.005867
2 0.705 0.31 0.00625 0.0155555 0.00559998
3 0.19 0.374444 0.00406249 0.0211111 0.00548935
0 0.888125 0.322222 0.0225 0.0222222 0.00518036
0 0.9025 0.335556 0.03 0.0166667 0.00494385
0 0.444375 0.275556 0.00500002 0.00999999 0.00481033
0 0.465313 0.264444 0.00437501 0.0111111 0.00471878
3 0.77625 0.346111 0.00750001 0.0311111 0.00471878
0 0.395625 0.280556 0.00562499 0.01 0.00419998
7 0.755 0.417222 0.00499999 0.0166667 0.00400543
7 0.605313 0.313056 0.003125 0.00888889 0.00391388
7 0.274688 0.360556 0.00437501 0.0144444 0.00376511
0 0.89625 0.336111 0.035 0.0166667 0.0037365
0 0.89 0.340278 0.0375 0.0233333 0.00362206
7 0.195 0.384167 0.003125 0.0133333 0.00359344
7 0.83 0.337222 0.00999997 0.0133334 0.00359344
7 0.146094 0.408333 0.00374999 0.0144444 0.00332451
0 0.78125 0.332778 0.0325 0.0222222 0.00307465
0 0.0602344 0.433333 0.035 0.0288889 0.00291252
0 0.574688 0.293333 0.021875 0.02 0.00291252
0 0.469375 0.268889 0.00625 0.01 0.00260162
7 0.928125 0.451667 0.00499999 0.0166667 0.00246239
7 0.6725 0.466111 0.00625 0.0277778 0.00243378
1 0.364375 0.276111 0.0625 0.0694444 0.00234222
0 0.529375 0.270556 0.00499999 0.00888887 0.00221634
1 0.36375 0.285833 0.043125 0.0405555 0.00219154
7 0.134297 0.386667 0.00375 0.0122222 0.00216484
5 0.8875 0.323889 0.025 0.0261111 0.00213242
7 0.593125 0.310556 0.00749995 0.0133333 0.00209999
0 0.865 0.338056 0.0425 0.025 0.0020504
0 0.360625 0.304167 0.01375 0.0194444 0.00200272
0 0.97125 0.371111 0.04 0.0311111 0.00195694
7 0.282656 0.589444 0.0846875 0.134444 0.00185299
7 0.605 0.299444 0.003125 0.0111111 0.00183868
0 0.365 0.328889 0.0175 0.0277778 0.00183868
2 0.264688 0.342778 0.00812499 0.0255555 0.00182438
7 0.215781 0.368889 0.00343749 0.0111111 0.00175476
7 0.145156 0.385556 0.00281251 0.00944446 0.00173378
0 0.964375 0.375556 0.03 0.0311111 0.0017004
7 0.874375 0.422778 0.00374997 0.0166667 0.00167465
7 0.659375 0.353889 0.00750001 0.0166667 0.0016613
7 0.234688 0.353889 0.0034375 0.0133334 0.00165462
0 0.50375 0.258333 0.00437498 0.00888889 0.0015974
1 0.341953 0.269167 0.146094 0.117778 0.00158501
7 0.67125 0.473333 0.00749995 0.0255555 0.00152493
2 0.584375 0.283333 0.00750001 0.0155556 0.00147247
0 0.00437012 0.406111 0.00841797 0.0177778 0.00146103
0 0.655625 0.327222 0.0225 0.0266667 0.00145531
2 0.409688 0.321944 0.0125 0.0211111 0.00141048
2 0.18625 0.382222 0.00687501 0.0255555 0.00138283
0 0.9675 0.346667 0.01875 0.0211111 0.00133514
2 0.0364453 0.423333 0.00625 0.0166667 0.00133038
0 0.97375 0.365 0.0325 0.0311111 0.00129414
7 0.285156 0.349167 0.00437498 0.0116667 0.00127411
2 0.182031 0.369444 0.0140625 0.0222222 0.00127411
2 0.422813 0.313333 0.00812499 0.0144444 0.00126457
2 0.555938 0.279167 0.00499999 0.0105555 0.00124454
0 0.780625 0.327222 0.035 0.0233333 0.00124454
3 0.105469 0.387778 0.005625 0.0188889 0.00124454
2 0.62375 0.297778 0.00499999 0.0155555 0.0012207
0 0.535 0.279167 0.00499999 0.00944443 0.00116062
6 0.166562 0.368889 0.0278125 0.0238889 0.00113392
0 0.915 0.335 0.0275 0.0155555 0.00110722
0 0.9725 0.336111 0.01875 0.0166667 0.00108624
0 0.117188 0.797778 0.07375 0.1 0.00102425
0 0.785 0.317222 0.04 0.0333333 0.00102043
0 0.295156 0.343333 0.00406249 0.0155555 0.00101662
