0 0.513125 0.375278 0.08 0.142778 0.939941
0 0.489375 0.0806945 0.04625 0.0325 0.84375
7 0.703125 0.2 0.00625 0.025 0.820801
0 0.0108789 0.320278 0.0215234 0.0344444 0.809082
0 0.314688 0.130694 0.044375 0.0341667 0.806641
0 0.306875 0.093125 0.02625 0.0251389 0.79834
0 0.32375 0.144028 0.0375 0.0413889 0.795898
0 0.101563 0.226806 0.03 0.0305556 0.789062
0 0.412188 0.0753472 0.0175 0.0252778 0.785156
0 0.0662891 0.260833 0.0347656 0.0377778 0.78418
0 0.369375 0.0752778 0.0175 0.0218056 0.759277
7 0.7525 0.164444 0.00500005 0.0205556 0.747559
7 0.7725 0.1475 0.00499999 0.0172222 0.73877
2 0.0501172 0.337778 0.0146094 0.0388889 0.737305
7 0.245781 0.283611 0.00843751 0.0283333 0.73584
2 0.0856055 0.282222 0.0181641 0.0311111 0.725098
0 0.0264063 0.293889 0.0266406 0.0327778 0.71875
0 0.15625 0.190417 0.033125 0.0344445 0.713867
7 0.744375 0.176806 0.00625 0.0213889 0.672363
0 0.820625 0.0691667 0.04 0.0275 0.67041
7 0.0304492 0.376667 0.00558594 0.0188889 0.665527
0 0.39125 0.0753472 0.01875 0.0227778 0.663574
0 0.0512598 0.285833 0.034043 0.035 0.660156
7 0.6925 0.184028 0.00750001 0.0244445 0.647949
3 0.6825 0.166389 0.00999997 0.0605556 0.644043
7 0.77 0.132361 0.00499999 0.0161111 0.620605
0 0.755 0.0548438 0.04375 0.0358681 0.577637
7 0.945625 0.221111 0.00499999 0.0183333 0.575684
2 0.6675 0.0388194 0.01 0.0229167 0.563965
2 0.603125 0.0413194 0.01375 0.0188889 0.496094
0 0.191563 0.181111 0.04125 0.0391667 0.453369
0 0.423125 0.0598611 0.015 0.0252778 0.44165
0 0.194375 0.154167 0.034375 0.0372222 0.430176
0 0.38875 0.0436111 0.01375 0.0184722 0.390381
7 0.70625 0.0798611 0.00375004 0.0127778 0.388672
0 0.751875 0.0530556 0.0475 0.0280556 0.345215
0 0.795 0.0613194 0.035 0.0258333 0.345215
3 0.685625 0.166389 0.0125 0.0605556 0.342529
0 0.745625 0.0552778 0.03375 0.0261111 0.338135
0 0.6375 0.0412326 0.025 0.0208681 0.310791
0 0.76375 0.0696528 0.03375 0.0191667 0.286133
0 0.191875 0.172778 0.040625 0.0533333 0.265869
0 0.41125 0.0548611 0.01375 0.0183333 0.262939
0 0.318906 0.138194 0.0428125 0.0430555 0.244385
0 0.4125 0.0477778 0.013125 0.0183333 0.240723
7 0.746875 0.128472 0.00499999 0.0186111 0.240723
7 0.0452734 0.359722 0.0075 0.0222223 0.240723
0 0.00521484 0.274444 0.0104297 0.0244444 0.23938
2 0.59875 0.0416667 0.00874996 0.0191667 0.20752
7 0.0701172 0.299444 0.005 0.0166667 0.201172
0 0.4225 0.0360417 0.013125 0.0191667 0.19812
7 0.258125 0.264444 0.0078125 0.0255556 0.192505
7 0.164219 0.20625 0.0046875 0.0122222 0.190674
0 0.434375 0.0497917 0.015 0.0175 0.178955
2 0.123125 0.191111 0.0078125 0.0208333 0.177856
7 0.780625 0.148472 0.00625 0.0172222 0.177246
2 0.950625 0.185 0.00749995 0.0416667 0.175537
2 0.605625 0.0372917 0.00875003 0.0198611 0.17334
0 0.065 0.267292 0.0360938 0.0398611 0.170532
2 0.949375 0.182917 0.00999997 0.0380556 0.168823
0 0.76 0.0651389 0.0375 0.0247222 0.165649
2 0.175469 0.173056 0.0146875 0.025 0.165039
7 0.7625 0.153472 0.00750001 0.0194444 0.162964
2 0.64125 0.0393056 0.015 0.0233333 0.162354
0 0.414375 0.0704167 0.016875 0.0247222 0.15918
7 0.75375 0.166667 0.00750001 0.0205556 0.155029
2 0.52125 0.0528472 0.01125 0.0197222 0.134766
0 0.4225 0.0536111 0.015 0.0215278 0.131226
0 0.444063 0.0123611 0.00875003 0.0127778 0.126831
0 0.165313 0.180278 0.024375 0.0233333 0.125488
0 0.00490723 0.270556 0.00981445 0.0255555 0.124634
7 0.674375 0.0473611 0.00500005 0.0163889 0.123779
7 0.675 0.0611111 0.00499999 0.0125 0.122498
0 0.77 0.0670833 0.04 0.025 0.11554
3 0.125156 0.206389 0.00625 0.0277778 0.108215
0 0.455625 0.0102778 0.00874999 0.010625 0.106689
2 0.636875 0.0395833 0.0237501 0.0234722 0.106689
0 0.74625 0.0628472 0.04 0.0268056 0.106323
7 0.75375 0.163472 0.00499999 0.0219444 0.104126
7 0.69125 0.0840972 0.00499999 0.0169444 0.103394
0 0.425938 0.0556944 0.0175 0.0233333 0.0997925
0 0.419375 0.035625 0.01125 0.0180556 0.0987549
2 0.172188 0.170278 0.010625 0.0227778 0.0984497
7 0.69375 0.0793056 0.00499999 0.0144444 0.0891113
0 0.188125 0.185833 0.0321875 0.0361111 0.0844727
0 0.491875 0.0780556 0.0375 0.0322222 0.0841675
2 0.63375 0.0420833 0.0175001 0.0205556 0.0817871
3 0.246094 0.115313 0.00374999 0.0154861 0.0761108
0 0.410938 0.0508333 0.01375 0.0161111 0.0713501
0 0.5 0.00409722 0.00749998 0.00819444 0.071228
0 0.463125 0.00857639 0.00749998 0.00979167 0.0678101
0 0.46 0.00644097 0.00749998 0.0128819 0.0661011
7 0.74875 0.129167 0.00375004 0.0205556 0.0646362
5 0.390625 0.0502778 0.01625 0.0309722 0.062561
7 0.0769141 0.29 0.00601563 0.0211111 0.0607605
7 0.9475 0.214444 0.00500005 0.0183333 0.0596619
3 0.255781 0.115694 0.00374999 0.0125 0.0560303
0 0.0227539 0.2975 0.0230469 0.0383333 0.0524292
2 0.5225 0.0579861 0.013125 0.0268056 0.0518494
2 0.599688 0.0389063 0.01125 0.0221875 0.0503235
0 0.825 0.0736805 0.04375 0.0283333 0.0501404
3 0.95125 0.190278 0.00750001 0.0511111 0.0492249
3 0.0367188 0.300278 0.00632813 0.0338889 0.0469055
0 0.0544531 0.28 0.0270312 0.0333333 0.0461121
2 0.271875 0.105833 0.00749998 0.0186111 0.0450134
7 0.00970703 0.375 0.00339844 0.0155556 0.0448608
2 0.271563 0.11059 0.00812499 0.0204861 0.0405273
0 0.378125 0.0727778 0.01375 0.0227778 0.0401001
0 0.4325 0.05625 0.01875 0.0225 0.0399475
7 0.146406 0.217361 0.004375 0.0186111 0.0377502
7 0.254688 0.133889 0.0034375 0.00833333 0.0366211
2 0.176563 0.158889 0.0075 0.0216667 0.0343628
2 0.516875 0.06 0.01 0.0241667 0.0342407
0 0.436875 0.0122222 0.00750001 0.0105556 0.0319824
2 0.485313 0.0505556 0.0125 0.0233333 0.03125
3 0.04375 0.311944 0.00609375 0.0188889 0.0304413
3 0.95 0.181111 0.01 0.0405556 0.0304413
7 0.695 0.0522222 0.00374997 0.0138889 0.0280151
0 0.44125 0.0427083 0.01125 0.0180556 0.0275879
2 0.466875 0.0697222 0.01375 0.0211111 0.0264587
3 0.234063 0.134444 0.00375001 0.02 0.0264587
7 0.105 0.274722 0.0040625 0.0127778 0.0255585
0 0.4325 0.0349306 0.0125 0.0219444 0.0240479
7 0.24375 0.137222 0.00374999 0.0111111 0.0219421
7 0.73125 0.120139 0.00499999 0.0263889 0.0217743
2 0.485625 0.0633333 0.039375 0.0347222 0.021698
7 0.69375 0.0643056 0.00375004 0.0119444 0.0202484
2 0.0766797 0.268056 0.0161719 0.0333333 0.0202484
2 0.491563 0.0589583 0.04 0.0301389 0.0192719
3 0.285625 0.0978472 0.00437501 0.0179167 0.0191956
0 0.430938 0.0195833 0.00812499 0.0102778 0.0186157
0 0.3775 0.0477778 0.011875 0.0144444 0.0178528
7 0.65625 0.0573611 0.00499999 0.0186111 0.0177155
2 0.8425 0.0541667 0.00750001 0.0186111 0.0175781
2 0.56875 0.0236111 0.00874996 0.0147222 0.0173035
0 0.306875 0.13 0.026875 0.0338889 0.0172424
7 0.125781 0.217778 0.005 0.0205556 0.0167236
7 0.9475 0.2225 0.00625 0.0252778 0.0164032
3 0.68125 0.166944 0.015 0.0622222 0.0153046
0 0.359063 0.0790278 0.00999997 0.02 0.0146179
3 0.715 0.0307639 0.00500005 0.0119444 0.0139542
0 0.00899414 0.328889 0.0175195 0.05 0.0139542
0 0.474375 0.00861111 0.00687501 0.0102083 0.0137939
7 0.69125 0.0525 0.00374997 0.0131944 0.0134277
7 0.70625 0.0701389 0.00499999 0.0151389 0.0130692
2 0.67 0.0393056 0.0125 0.0245833 0.012825
0 0.739375 0.0586111 0.035 0.0252778 0.0125732
0 0.40625 0.0245139 0.00625 0.0123611 0.0124817
2 0.0375781 0.245278 0.0084375 0.0194445 0.0123367
3 0.88625 0.0592361 0.00499999 0.0243056 0.012291
2 0.555625 0.0103472 0.00749995 0.0131944 0.0121002
2 0.134922 0.178194 0.00578125 0.0194444 0.0118713
0 0.7275 0.05375 0.0362501 0.0234722 0.0116882
0 0.820625 0.0770139 0.045 0.0343056 0.0112457
2 0.0496094 0.345556 0.015 0.0488889 0.0112
3 0.223438 0.120139 0.005 0.0233333 0.0110321
3 0.285938 0.0883333 0.00500002 0.0177778 0.0105667
2 0.655 0.0347569 0.00625 0.0215972 0.00997162
2 0.481875 0.0709722 0.031875 0.0263889 0.00971222
0 0.372188 0.0601389 0.0125 0.0186111 0.00971222
0 0.00760742 0.299444 0.0144141 0.0272222 0.00933838
0 0.494063 0.00798611 0.00750001 0.0109722 0.00930023
7 0.258906 0.269167 0.00875001 0.0394444 0.00908661
2 0.51125 0.0575694 0.014375 0.02875 0.00841522
3 0.23125 0.132917 0.004375 0.0197222 0.00818634
2 0.49375 0.0548611 0.016875 0.0222222 0.00766754
7 0.00393555 0.386389 0.00519531 0.0161111 0.00754929
7 0.65625 0.0497222 0.00499999 0.0155556 0.00740433
0 0.449688 0.0157986 0.00750001 0.0133333 0.00737381
2 0.525313 0.0527778 0.015 0.02 0.00717545
7 0.285313 0.117222 0.00437498 0.0127778 0.00714874
3 0.213906 0.141111 0.004375 0.0177778 0.00709534
7 0.0546094 0.311111 0.0059375 0.0122222 0.00706482
7 0.76625 0.134306 0.00250003 0.0163889 0.0069046
3 0.8875 0.0626389 0.00750001 0.0234722 0.00679779
0 0.536875 0.0100694 0.00749998 0.0108333 0.00664139
2 0.6875 0.169167 0.02 0.0577778 0.00656509
7 0.700625 0.0777778 0.00499999 0.0166667 0.0064621
7 0.028125 0.379444 0.00695313 0.0188889 0.00631332
7 0.260938 0.266667 0.009375 0.0277778 0.00629044
7 0.945 0.233056 0.00499999 0.0227778 0.00624084
7 0.139531 0.213889 0.00562501 0.0172222 0.00614548
7 0.94 0.22 0.00499999 0.0211111 0.00591278
0 0.505 0.00666667 0.00750001 0.01125 0.00577545
3 0.27 0.101528 0.00499999 0.0252778 0.00568771
7 0.7325 0.122222 0.00625 0.0205556 0.00527954
3 0.215625 0.123472 0.004375 0.02 0.00524139
0 0.0693359 0.265278 0.0327344 0.0294445 0.00503922
2 0.576875 0.0260069 0.009375 0.0153472 0.00486755
7 0.225313 0.153889 0.003125 0.00916667 0.00475693
0 0.74625 0.0711806 0.0275 0.0270833 0.00438309
0 0.81625 0.0588889 0.035 0.0266667 0.00429916
3 0.695 0.0285417 0.00374997 0.0109722 0.00413513
0 0.486875 0.0120486 0.00625 0.00965278 0.00411606
2 0.138438 0.2075 0.00874999 0.0205556 0.00397491
3 0.585 0.0309722 0.00499999 0.0136111 0.0039444
7 0.027832 0.373056 0.00667969 0.0177778 0.0039444
7 0.67125 0.0448785 0.00500005 0.0249653 0.00385475
2 0.213594 0.152778 0.00531249 0.0216667 0.00379562
3 0.8525 0.0443229 0.00750001 0.0207986 0.00363541
2 0.125 0.181944 0.011875 0.0288889 0.00362206
0 0.489375 0.0178472 0.00687497 0.0123611 0.00336266
7 0.0982813 0.279722 0.0075 0.025 0.00327301
2 0.479375 0.0559722 0.021875 0.0275 0.00325966
7 0.7725 0.139444 0.00499999 0.0188889 0.00321007
3 0.175938 0.1925 0.00625 0.0327778 0.00317192
3 0.685 0.1925 0.00750001 0.0377778 0.00314713
7 0.248906 0.277222 0.0078125 0.0277778 0.00313568
3 0.894375 0.0669444 0.00500005 0.0183333 0.00312424
3 0.015 0.335556 0.00886719 0.0394445 0.00307465
7 0.13625 0.221806 0.00406249 0.0113889 0.00300407
2 0.531563 0.0480556 0.01 0.0197222 0.00291252
0 0.445 0.0352083 0.0125 0.0218056 0.00279999
2 0.487188 0.0331944 0.01 0.0234722 0.00279999
3 0.271094 0.115833 0.00656252 0.0258333 0.00279045
7 0.709375 0.0605556 0.00499999 0.0202778 0.00277901
5 0.7475 0.0388194 0.065 0.0636111 0.00276756
0 0.39 0.0338889 0.0125 0.0145833 0.00273705
2 0.0117578 0.265278 0.0119922 0.0211111 0.00273705
1 0.400313 0.0148958 0.023125 0.0297917 0.00265312
0 0.785625 0.0756944 0.0325 0.0266667 0.0026207
2 0.46125 0.0695833 0.0175 0.0211111 0.00257111
2 0.120234 0.190556 0.0145312 0.0230556 0.00253105
2 0.6075 0.0474306 0.00875003 0.0198611 0.0024929
2 0.24875 0.109861 0.00999999 0.0230556 0.00247192
0 0.49875 0.0551389 0.025 0.0258333 0.00246239
0 0.141875 0.191389 0.0165625 0.0322222 0.002388
3 0.12875 0.198611 0.0071875 0.0241667 0.00230598
3 0.9275 0.230972 0.00750001 0.0394444 0.00220871
7 0.675625 0.0791667 0.00374997 0.0133333 0.00219917
0 0.74125 0.0729861 0.03 0.0293056 0.00213242
3 0.745625 0.112361 0.00750001 0.0486111 0.00205803
0 0.00383301 0.255278 0.00766602 0.0372222 0.0020504
0 0.975 0.114167 0.0125 0.02 0.0019722
3 0.926875 0.226389 0.00625 0.0433333 0.00194168
2 0.089375 0.275556 0.015 0.0355555 0.00192642
2 0.70625 0.0276389 0.00499999 0.0123611 0.00191212
2 0.8825 0.0558333 0.01125 0.025 0.00188255
3 0.0639844 0.299444 0.00640625 0.0322222 0.00188255
2 0.26875 0.106944 0.00875001 0.0180556 0.00186729
0 0.99375 0.120972 0.0124999 0.0286111 0.00186729
7 0.0321094 0.378889 0.00691407 0.0177778 0.00179577
7 0.19375 0.199722 0.00562501 0.0216667 0.00177479
0 0.96375 0.104861 0.0125 0.0180556 0.00174141
0 0.989375 0.118924 0.02 0.0232639 0.00174141
7 0.140938 0.00802083 0.00687501 0.0160417 0.00170708
7 0.0325 0.371111 0.00644531 0.0155555 0.00167465
7 0.57625 0.0451389 0.00499999 0.0127778 0.0016613
2 0.26625 0.1125 0.00499999 0.0188889 0.00162315
0 0.0729297 0.250278 0.0253906 0.0266667 0.0015974
7 0.685625 0.0826389 0.00374997 0.0138889 0.00157356
2 0.58625 0.0138889 0.00562496 0.0141667 0.00154877
7 0.68625 0.0463889 0.00249996 0.00888889 0.00154877
2 0.0415234 0.331111 0.0189063 0.0422222 0.00154305
3 0.7125 0.131528 0.0125 0.0588889 0.00147247
7 0.163438 0.216944 0.005 0.0180556 0.00145531
7 0.25 0.120833 0.003125 0.0166667 0.00144386
0 0.968125 0.113368 0.0225 0.0232639 0.00142097
0 0.36375 0.0729167 0.02 0.0230556 0.00136662
2 0.60875 0.0283681 0.00625 0.0250694 0.00131989
7 0.555938 0.0477083 0.00499999 0.0126389 0.00131512
2 0.0521094 0.219722 0.0119531 0.0255555 0.00127888
0 0.933125 0.0885417 0.0125 0.0195833 0.00127411
7 0.644375 0.0508333 0.015 0.0177778 0.00127411
7 0.565625 0.0498611 0.00375004 0.0133333 0.0012598
0 0.7775 0.0730556 0.0275 0.0265278 0.00125504
5 0.72 0.828333 0.04 0.0666667 0.00125504
2 0.943125 0.183472 0.02375 0.0402778 0.00123978
7 0.5125 0.375833 0.0775 0.141111 0.00123501
0 0.065 0.251944 0.0382813 0.0538889 0.0011692
0 0.935 0.0945139 0.0300001 0.0259722 0.0011425
3 0.71 0.0240972 0.00625 0.0169444 0.00113773
3 0.274063 0.0911111 0.00562499 0.0220833 0.00112438
2 0.0553125 0.213472 0.00859375 0.0216667 0.00110722
0 0.551875 0.0195139 0.0125 0.0134722 0.00110722
2 0.73375 0.109306 0.00999997 0.0425 0.00108147
0 0.115 0.214444 0.0065625 0.0222222 0.00107288
0 0.4375 0.0613889 0.02125 0.0241667 0.00104809
3 0.234219 0.123333 0.00406249 0.0222222 0.00104809
0 0.390625 0.0869444 0.01875 0.0319444 0.00102425
0 0.87625 0.079375 0.03 0.0234722 0.00102043
0 0.92875 0.0895139 0.0125 0.0181944 0.00101662
7 0.69375 0.717222 0.00750001 0.02 0.00100803
