0 0.496875 0.410833 0.08875 0.176111 0.941895
0 0.619375 0.360556 0.09 0.14 0.9375
0 0.158828 0.211111 0.0407812 0.04 0.891113
0 0.550313 0.0769444 0.060625 0.0383333 0.863281
0 0.386875 0.0658333 0.01625 0.0230556 0.859863
0 0.029707 0.305556 0.0323047 0.04 0.842773
0 0.322813 0.0927778 0.02 0.0240278 0.834473
0 0.405 0.06125 0.0175 0.0247222 0.822266
0 0.739375 0.0522222 0.0375 0.0255556 0.820801
0 0.0541016 0.277222 0.0374219 0.0466667 0.820801
0 0.425 0.0575 0.01625 0.0213889 0.819824
0 0.475625 0.055625 0.02375 0.02625 0.819824
7 0.243906 0.281111 0.00750001 0.0244444 0.810547
0 0.345 0.0822222 0.0175 0.0238889 0.809082
7 0.7025 0.198611 0.00749995 0.0247222 0.805664
2 0.219219 0.214444 0.0221875 0.0405556 0.79834
7 0.0289453 0.375556 0.00546875 0.0188889 0.785156
7 0.74375 0.17375 0.00750001 0.0208333 0.779785
0 0.48125 0.0310069 0.01125 0.0167361 0.751953
2 0.00580078 0.360556 0.0116016 0.0344445 0.715332
7 0.257812 0.262778 0.00687499 0.0233333 0.694336
0 0.368438 0.0718056 0.015625 0.0209722 0.665527
2 0.602813 0.0405729 0.0125 0.0202431 0.663574
0 0.879375 0.0783333 0.03 0.0229167 0.644043
3 0.0480469 0.330556 0.014375 0.05 0.638672
7 0.76875 0.130278 0.00375004 0.0161111 0.638672
0 0.7775 0.0636111 0.0375 0.025 0.613281
7 0.945 0.219444 0.00499999 0.0172222 0.59082
2 0.225313 0.14375 0.008125 0.0238889 0.541016
0 0.41375 0.03375 0.01 0.0147222 0.537109
5 0.83 0.0617361 0.0375 0.0370833 0.515625
0 0.43125 0.0504167 0.01125 0.01875 0.498047
7 0.751875 0.164444 0.00499999 0.0194444 0.49707
0 0.353438 0.0771528 0.013125 0.0206944 0.494141
2 0.212188 0.151944 0.0075 0.0233333 0.492188
0 0.8125 0.0625694 0.0275 0.0241667 0.46875
0 0.84625 0.0685417 0.035 0.0290278 0.439697
7 0.705 0.0781944 0.00499999 0.0116667 0.403564
0 0.404688 0.0476389 0.013125 0.0155556 0.390381
7 0.94625 0.214583 0.00499999 0.0180556 0.379395
5 0.7825 0.0569444 0.045 0.0291667 0.377441
0 0.773125 0.0513889 0.0325 0.0241667 0.348633
0 0.359688 0.0725 0.01375 0.0202778 0.32251
7 0.0429688 0.359444 0.0053125 0.0177778 0.30249
7 0.74625 0.124861 0.00500005 0.0172222 0.287842
7 0.674375 0.0504167 0.00250003 0.0108333 0.276611
7 0.70125 0.0778472 0.00499999 0.0154167 0.264404
0 0.83625 0.0738889 0.0325 0.0255556 0.252441
0 0.8475 0.0725 0.0325 0.0244444 0.24292
0 0.499375 0.00590278 0.00687501 0.0118056 0.210815
7 0.773125 0.146667 0.00499999 0.0166667 0.205566
7 0.7525 0.163056 0.00500005 0.0188889 0.200562
0 0.00285645 0.327778 0.00571289 0.0255556 0.182373
7 0.74625 0.128333 0.00500005 0.0175 0.174927
3 0.0461719 0.326111 0.0121094 0.0566667 0.174927
0 0.82 0.0684722 0.0475 0.0280556 0.166626
5 0.0195313 0.246389 0.0189063 0.0261111 0.163452
5 0.454375 0.00684028 0.00750001 0.0113889 0.150513
0 0.414063 0.0445833 0.010625 0.0151389 0.140381
0 0.0279248 0.299722 0.0310254 0.0344445 0.129883
7 0.285625 0.116944 0.003125 0.00888889 0.122925
0 0.395625 0.0524306 0.011875 0.0176389 0.121704
0 0.81125 0.0545833 0.02375 0.0220833 0.113159
2 0.213281 0.145833 0.0075 0.0244445 0.102661
0 0.815 0.0569444 0.035 0.0266667 0.0891113
5 0.831875 0.0683333 0.04125 0.0341667 0.0878906
0 0.384375 0.06625 0.01375 0.0226389 0.0841675
0 0.438125 0.0123611 0.00749998 0.0102778 0.0823975
0 0.82625 0.0713889 0.035 0.0263889 0.0726318
7 0.65625 0.0508333 0.00375004 0.0115278 0.0718384
2 0.207813 0.151944 0.015625 0.0263889 0.0690308
7 0.75375 0.161528 0.00499999 0.0191667 0.0665894
7 0.94125 0.219861 0.00500005 0.0169444 0.0658569
3 0.00860352 0.263611 0.00654297 0.0205556 0.0643921
0 0.332188 0.081875 0.01125 0.0205556 0.0637207
7 0.0751172 0.293889 0.0028125 0.0133333 0.0621033
7 0.69125 0.183889 0.00750001 0.0222222 0.0616455
2 0.0418652 0.251111 0.015332 0.0222222 0.0522461
7 0.085625 0.28 0.00375 0.01 0.0507202
0 0.45875 0.00407986 0.00625 0.00815972 0.041626
5 0.445625 0.0122569 0.00875003 0.0120833 0.0406799
7 0.0746094 0.242778 0.0040625 0.0144444 0.0372009
5 0.8375 0.0631944 0.05 0.0402778 0.0367737
0 0.0455469 0.259514 0.0249219 0.0276389 0.0358276
3 0.197344 0.153889 0.00687501 0.0261111 0.0321045
2 0.7325 0.108264 0.00999997 0.0368056 0.0276947
0 0.42875 0.0563889 0.01375 0.0193056 0.0245209
7 0.25 0.126944 0.003125 0.0116667 0.0225372
2 0.00334473 0.273333 0.00661133 0.02 0.0218658
3 0.00560059 0.263333 0.00602539 0.0172222 0.0210419
0 0.38625 0.0531944 0.01 0.0188889 0.0202484
5 0.0142578 0.2525 0.0226953 0.0283333 0.0195007
7 0.695 0.0508333 0.00250003 0.0116667 0.018692
7 0.254844 0.133472 0.003125 0.00944444 0.0170441
7 0.69125 0.05375 0.00250003 0.00958333 0.016922
0 0.49875 0.008125 0.00875003 0.00958333 0.0162811
0 0.435 0.03375 0.01 0.0198611 0.0152512
7 0.67125 0.0519444 0.00374997 0.0116667 0.0150146
0 0.442188 0.046684 0.009375 0.0185764 0.0145035
3 0.22125 0.141389 0.0078125 0.025 0.0139542
0 0.408125 0.0331597 0.00875003 0.0122917 0.0132217
7 0.74875 0.128056 0.00375004 0.0166667 0.012825
3 0.124766 0.215417 0.0040625 0.0247222 0.0118713
7 0.294688 0.116111 0.00343752 0.00833334 0.0111618
2 0.295625 0.0979861 0.00812499 0.0179167 0.0106506
0 0.48375 0.0118056 0.00499999 0.00944445 0.00981903
0 0.500625 0.00729167 0.00874999 0.0101389 0.00978088
0 0.995 0.1325 0.00999997 0.0327778 0.00955963
2 0.7325 0.0346875 0.00750001 0.0150694 0.00926971
0 0.876875 0.0739583 0.03 0.0222222 0.00898743
2 0.615938 0.0321528 0.00499999 0.0143056 0.0086441
0 0.88625 0.0779861 0.0325 0.0220833 0.00809479
0 0.99625 0.126111 0.00749995 0.0319444 0.00790405
3 0.122656 0.191806 0.0065625 0.0205556 0.00775528
0 0.0388672 0.249722 0.01625 0.0211111 0.00746155
3 0.0140234 0.258333 0.00789062 0.0205555 0.00720596
3 0.1675 0.157222 0.00625 0.0172222 0.00714874
7 0.0890625 0.270556 0.005 0.015 0.00706482
2 0.215156 0.147778 0.028125 0.0291667 0.00698471
7 0.665 0.0488889 0.00250003 0.00944445 0.00682449
0 0.153281 0.210278 0.03125 0.0338889 0.00669098
7 0.763125 0.151389 0.00499999 0.0172222 0.00651169
0 0.834375 0.0825 0.0375 0.0241667 0.00609589
2 0.169375 0.157778 0.00625 0.0172222 0.00609589
7 0.65 0.0525 0.00249996 0.0113889 0.00600433
3 0.705625 0.0275347 0.00374997 0.0124306 0.00572968
2 0.285938 0.103125 0.00500002 0.0131944 0.00570679
2 0.236563 0.137361 0.005 0.015 0.00559998
3 0.0652344 0.244167 0.00593751 0.0161111 0.00538635
0 0.88125 0.0874306 0.0325 0.0298611 0.00500107
7 0.5975 0.0445139 0.00687497 0.0158333 0.00498199
5 0.016875 0.246528 0.0204688 0.0330556 0.00498199
0 0.43125 0.0206944 0.00749998 0.0102778 0.00496292
0 0.424688 0.0321528 0.00625 0.0127778 0.00436401
7 0.694375 0.0645833 0.00374997 0.00777778 0.00395966
0 0.413125 0.0259722 0.01 0.0148611 0.00388527
7 0.175938 0.1725 0.004375 0.015 0.00380898
0 0.96 0.105278 0.0175001 0.0175 0.00379562
7 0.585625 0.0475 0.00499999 0.0133333 0.00356483
3 0.182656 0.164583 0.00656249 0.0269444 0.00345612
7 0.243438 0.136806 0.005 0.0111111 0.00329781
3 0.197188 0.169583 0.00562499 0.0269444 0.00314713
2 0.79625 0.0747222 0.00999997 0.0286111 0.00301552
2 0.83875 0.0798611 0.03375 0.0286111 0.00300407
7 0.67375 0.0616667 0.00249996 0.00861111 0.00298119
0 0.387813 0.0695833 0.016875 0.0275 0.00282288
0 0.8175 0.0702778 0.0325 0.0294444 0.00282288
3 0.184375 0.159861 0.00687499 0.0277778 0.00263214
2 0.203438 0.158333 0.016875 0.0352778 0.00263214
0 0.00672852 0.410833 0.013457 0.045 0.00263214
2 0.117031 0.192639 0.00875 0.0186111 0.00261116
3 0.0141211 0.275 0.0053125 0.0166667 0.00255013
7 0.613125 0.0452778 0.00750001 0.0143056 0.00245285
2 0.0511719 0.248889 0.01375 0.0216667 0.00245285
7 0.275313 0.131667 0.00375001 0.0122222 0.00242424
7 0.136406 0.22 0.00421875 0.0183333 0.0024147
0 0.368125 0.0613889 0.01625 0.0219444 0.002388
3 0.73125 0.113576 0.00625 0.0389583 0.00237846
0 0.8925 0.0876389 0.03 0.0211111 0.00222588
2 0.227656 0.134722 0.00843749 0.0244445 0.00219917
7 0.0721094 0.283333 0.0075 0.02 0.00198746
0 0.0229248 0.243056 0.0194629 0.0277778 0.0019722
0 0.565625 0.0705556 0.0325 0.0301389 0.0019722
0 0.99 0.123611 0.0199999 0.0261111 0.00191212
0 0.77875 0.06875 0.0375 0.0305556 0.00186729
5 0.825 0.0489063 0.0525 0.0524653 0.0018177
0 0.345625 0.073125 0.015 0.0206944 0.0017004
0 0.376875 0.0469444 0.00874999 0.0141667 0.00168133
7 0.68625 0.0791667 0.00375004 0.01125 0.0016613
0 0.472188 0.0223611 0.010625 0.0128472 0.00163555
7 0.773125 0.142222 0.00499999 0.0172222 0.00161076
0 0.315937 0.0940278 0.015 0.0236111 0.00158501
7 0.274844 0.118611 0.00343749 0.00861111 0.00154877
2 0.00754883 0.353889 0.0150977 0.0466667 0.00152493
0 0.987813 0.135 0.024375 0.0322222 0.00151253
3 0.705 0.0175694 0.00499999 0.0172917 0.00148964
2 0.291875 0.0984028 0.01375 0.0234722 0.00148964
0 0.54375 0.0761111 0.04125 0.0383333 0.00142097
0 0.8875 0.0905556 0.0275 0.0252778 0.00136662
7 0.619375 0.361389 0.0875 0.14 0.00131512
0 0.0423535 0.288889 0.0279492 0.0433333 0.00129414
7 0.655 0.0616667 0.00249996 0.00888889 0.00125504
3 0.69625 0.0304514 0.00374997 0.0111806 0.00117874
2 0.7275 0.0354167 0.00749995 0.0166667 0.00117874
2 0.305313 0.0970833 0.00562499 0.0180556 0.00117874
2 0.545625 0.0536111 0.00874996 0.02 0.0011425
5 0.781875 0.0434722 0.04125 0.0366667 0.00112057
3 0.192031 0.158472 0.0128125 0.0302778 0.0011158
7 0.7675 0.135278 0.00499999 0.0155555 0.00110722
3 0.531875 0.0505556 0.00749998 0.0183333 0.00109005
0 0.00410645 0.299444 0.00785156 0.0272222 0.00109005
2 0.741875 0.111389 0.0125 0.0394444 0.00105667
0 0.0132007 0.325556 0.0130518 0.0255556 0.00104809
0 0.978125 0.11625 0.01 0.0175 0.00102806
2 0.92625 0.0880556 0.00750001 0.0197222 0.00101662
0 0.0473828 0.239861 0.0223438 0.0336111 0.00100422
