0 0.181094 0.823333 0.152813 0.237778 0.961914
0 0.28625 0.605556 0.085 0.111111 0.941895
0 0.222969 0.591667 0.0859375 0.102222 0.941406
5 0.525625 0.364722 0.04 0.0716667 0.935059
0 0.130156 0.480556 0.050625 0.0544445 0.932129
5 0.0846875 0.743333 0.169375 0.34 0.901855
0 0.450625 0.352222 0.02125 0.0355555 0.867188
0 0.462813 0.297778 0.011875 0.0177778 0.856934
5 0.0134766 0.62 0.0268359 0.104444 0.838867
7 0.235 0.503889 0.0075 0.0238889 0.813965
0 0.495625 0.291389 0.01125 0.0172222 0.812988
0 0.735 0.333056 0.03625 0.0277778 0.812988
0 0.385313 0.325 0.01625 0.0216667 0.803223
0 0.0503906 0.440556 0.0309375 0.0288889 0.800781
0 0.8525 0.334167 0.03125 0.0216667 0.795898
0 0.0331836 0.456111 0.0350391 0.0277778 0.779785
2 0.625625 0.322778 0.00875003 0.0255556 0.778809
7 0.666875 0.464444 0.00625 0.0233333 0.770508
5 0.295 0.326111 0.02875 0.0405555 0.766113
7 0.222031 0.517778 0.00718749 0.0233333 0.747559
0 0.788125 0.333889 0.0375 0.0222222 0.728027
0 0.8875 0.325833 0.0275 0.02 0.725098
2 0.0294531 0.510556 0.0154688 0.0411111 0.72168
0 0.0102734 0.450556 0.0205469 0.0244444 0.720215
7 0.925625 0.457222 0.00374997 0.0155555 0.689453
0 0.41375 0.312778 0.0125 0.0177778 0.651367
0 0.90625 0.332222 0.0225 0.0166667 0.651367
7 0.749375 0.415833 0.00500005 0.0166667 0.644043
7 0.72875 0.438056 0.00499999 0.02 0.631836
0 0.404688 0.321944 0.015625 0.0205556 0.611328
7 0.74625 0.400833 0.00374997 0.015 0.607422
7 0.72375 0.399444 0.00499999 0.0155555 0.575684
2 0.0223096 0.488889 0.0164746 0.0366667 0.57373
0 0.394063 0.315278 0.01 0.0172222 0.567871
2 0.210938 0.366667 0.0096875 0.0211111 0.550781
0 0.75625 0.326667 0.0375 0.0222222 0.533203
7 0.73875 0.428333 0.00499999 0.02 0.517578
0 0.00389648 0.462222 0.00779297 0.0294445 0.515625
7 0.6775 0.479722 0.00749995 0.025 0.5
0 0.935 0.338333 0.0237501 0.0172222 0.469727
0 0.4725 0.278333 0.00812502 0.0144444 0.455078
7 0.92375 0.466111 0.00499999 0.0161111 0.414795
3 0.125156 0.408611 0.00703125 0.0294444 0.40918
7 0.684375 0.352778 0.00375004 0.0122222 0.403564
5 0.485 0.262778 0.00874999 0.02 0.388672
0 0.385625 0.322222 0.01375 0.0211111 0.364746
5 0.410938 0.2925 0.011875 0.0216667 0.339844
0 0.466875 0.279444 0.00687501 0.0133333 0.338135
7 0.146094 0.417222 0.00374999 0.0111111 0.317383
0 0.484063 0.279444 0.00625 0.0122222 0.253906
0 0.935 0.341667 0.0275 0.0205555 0.245117
0 0.41125 0.306111 0.0125 0.0177778 0.234375
2 0.6625 0.318333 0.00499999 0.0233333 0.224731
2 0.0288672 0.503333 0.0145703 0.04 0.210815
0 0.891875 0.322222 0.02625 0.02 0.185913
0 0.47125 0.272222 0.00625 0.0111111 0.181274
7 0.0636719 0.472222 0.00390625 0.0133333 0.178955
0 0.38625 0.3 0.00812499 0.0144444 0.171021
0 0.495313 0.276111 0.00874999 0.0116666 0.154541
0 0.390938 0.307222 0.01125 0.0122222 0.132568
0 0.50375 0.258889 0.00437498 0.00777777 0.10968
0 0.44875 0.266944 0.00499999 0.00944446 0.0994873
0 0.00833984 0.667778 0.0166797 0.08 0.0960083
7 0.0491797 0.476667 0.00382813 0.0144444 0.0957031
7 0.00844727 0.543889 0.00638672 0.0211112 0.0957031
7 0.234063 0.366389 0.0034375 0.00833333 0.0950317
7 0.74375 0.420833 0.00499999 0.0155556 0.0923462
2 0.00838379 0.672222 0.0166113 0.08 0.0800781
0 0.475625 0.263333 0.00562499 0.0116667 0.0783691
0 0.416875 0.285556 0.01 0.0133333 0.0770874
0 0.48625 0.270556 0.00875003 0.0155555 0.0726318
3 0.663125 0.322222 0.00499999 0.0288889 0.0685425
0 0.44375 0.264167 0.00500002 0.0105555 0.0651245
0 0.789375 0.337222 0.04125 0.0266667 0.0503235
7 0.65375 0.33 0.00250003 0.0111111 0.0495911
3 0.80625 0.310278 0.00499999 0.0172222 0.0492249
2 0.0200439 0.489444 0.0114746 0.0377778 0.0484009
7 0.67125 0.343889 0.00500005 0.0188889 0.0474243
7 0.266094 0.363333 0.0034375 0.00999999 0.0446777
0 0.436875 0.275833 0.00625 0.00888889 0.0402527
0 0.461875 0.288056 0.01 0.015 0.0392761
0 0.3875 0.324444 0.0175 0.0188889 0.0389099
5 0.410625 0.286667 0.01125 0.02 0.0344849
7 0.0469531 0.473333 0.005625 0.0166667 0.0327148
0 0.421875 0.307222 0.01 0.0177778 0.0319824
7 0.149063 0.409444 0.00343749 0.0111111 0.0303345
0 0.0106348 0.671111 0.0212695 0.124444 0.0292053
0 0.49625 0.283889 0.01 0.0155555 0.0291443
3 0.8075 0.309444 0.00499999 0.0188889 0.0282135
7 0.56625 0.3175 0.00374997 0.0116667 0.0281067
0 0.51375 0.260556 0.00499999 0.00611112 0.0280151
7 0.7275 0.440278 0.00500005 0.0188889 0.0278015
2 0.6925 0.331111 0.01375 0.0266667 0.0275879
0 0.00970215 0.683333 0.0194043 0.0955556 0.0273743
0 0.47875 0.288333 0.01 0.0172222 0.0263519
0 0.85375 0.337222 0.035 0.0255555 0.026062
7 0.635 0.331111 0.00374997 0.0122222 0.0250854
0 0.406875 0.284444 0.00749998 0.015 0.0248871
0 0.421875 0.276944 0.00874999 0.0116667 0.024231
7 0.7375 0.428056 0.00499999 0.0188889 0.0241394
7 0.634375 0.348333 0.00375004 0.00999999 0.0200195
0 0.93875 0.339444 0.025 0.0188889 0.018692
0 0.75875 0.324444 0.0300001 0.0244444 0.0181885
7 0.595 0.313611 0.00374997 0.0111111 0.0174408
7 0.230313 0.371111 0.003125 0.0111111 0.0155411
3 0.69375 0.448333 0.01 0.0627778 0.0153046
0 0.9425 0.337222 0.0275 0.0177778 0.0150757
0 0.00417969 0.406667 0.00835938 0.0177778 0.012825
0 0.31125 0.314444 0.010625 0.0138889 0.0115967
0 0.041709 0.446944 0.0354883 0.0261111 0.0115509
0 0.00354736 0.421111 0.00709473 0.0205556 0.0114212
7 0.206563 0.380278 0.005 0.0138889 0.0108566
7 0.6675 0.352778 0.00499999 0.0133333 0.0108185
7 0.73625 0.430833 0.00499999 0.0177778 0.0104523
0 0.0201758 0.754444 0.0403516 0.156667 0.0100555
0 0.0125195 0.721667 0.0250391 0.117778 0.00967407
0 0.940625 0.342778 0.035 0.0216667 0.00923157
0 0.0125391 0.772778 0.0250391 0.13 0.00912476
0 0.0322314 0.463333 0.0345215 0.0322222 0.00874329
3 0.19 0.372778 0.00406249 0.0188889 0.008255
0 0.495313 0.261667 0.00625 0.00777777 0.00787354
7 0.225 0.37 0.003125 0.0122222 0.00728989
0 0.931875 0.346111 0.03125 0.0277778 0.00725937
0 0.905 0.338333 0.0275 0.0255556 0.00658798
3 0.0305078 0.408889 0.00609375 0.0177778 0.00643921
0 0.79625 0.335 0.04 0.0227778 0.005867
2 0.0357813 0.405 0.00804688 0.0166667 0.00564194
0 0.510938 0.266389 0.00562499 0.0116666 0.0055542
0 0.430313 0.27 0.00625 0.00777777 0.00477219
7 0.685 0.315 0.00250003 0.0122222 0.00468063
0 0.533438 0.279167 0.00562503 0.00888889 0.00416565
0 0.423125 0.301389 0.00750001 0.0166667 0.00416565
3 0.0261523 0.405833 0.00582031 0.0172222 0.00416565
2 0.0348438 0.421111 0.00460938 0.0127778 0.00415039
0 0.88875 0.330556 0.0275 0.0233333 0.00388527
7 0.114609 0.438333 0.00359375 0.0127778 0.0037365
7 0.645 0.318889 0.00250003 0.0122222 0.00367928
0 0.98625 0.334444 0.00999997 0.0144444 0.00356483
0 0.0919531 0.63 0.0717188 0.111111 0.00351143
7 0.67125 0.4725 0.00749995 0.025 0.00300407
7 0.595937 0.301667 0.00437501 0.0155555 0.00286674
7 0.695 0.317778 0.00499999 0.0133334 0.00275803
2 0.211563 0.361111 0.00874999 0.0272222 0.0026722
7 0.9275 0.453889 0.00499999 0.0188889 0.00265312
0 0.96625 0.345 0.015 0.0211111 0.00255013
0 0.524063 0.331667 0.01375 0.0205556 0.00245285
0 0.395625 0.299444 0.00874999 0.0133333 0.00235939
2 0.673125 0.328333 0.00499999 0.0244444 0.00232315
0 0.46 0.297222 0.01125 0.0166667 0.00230598
7 0.6725 0.351111 0.00499999 0.0133334 0.00228691
0 0.00473145 0.387778 0.00905274 0.0205556 0.00228691
7 0.75375 0.415556 0.00499999 0.0155555 0.00226021
0 0.0119727 0.73 0.0239453 0.208889 0.00223351
0 0.454375 0.2625 0.00437501 0.00833333 0.00221634
3 0.68625 0.295556 0.00499999 0.0177778 0.00216484
7 0.26 0.3575 0.0046875 0.0122222 0.00205803
2 0.636875 0.317778 0.00500005 0.0138889 0.00203514
3 0.234375 0.354722 0.00374999 0.0144444 0.00198746
0 0.0891406 0.617778 0.041875 0.0877778 0.00191212
2 0.675 0.317778 0.00249996 0.0177778 0.00188255
0 0.96375 0.334444 0.01 0.015 0.00188255
0 0.736875 0.339444 0.0425001 0.0255556 0.00178242
0 0.380313 0.2875 0.00687501 0.0122222 0.00173378
0 0.97625 0.335556 0.0225 0.0172222 0.0016613
2 0.176875 0.368889 0.00625 0.0172222 0.0016613
2 0.69125 0.336667 0.015 0.0322222 0.00161648
3 0.709375 0.309444 0.00750001 0.0222222 0.00160408
3 0.189063 0.402222 0.00625 0.0288889 0.00160408
0 0.52625 0.275556 0.00625 0.00888889 0.00153637
7 0.2225 0.508333 0.0103125 0.0311111 0.00153065
7 0.056875 0.425556 0.0084375 0.0172222 0.00152493
2 0.184688 0.369722 0.010625 0.02 0.00150681
0 0.375938 0.317222 0.01125 0.0172222 0.00150108
0 0.0164844 0.782778 0.0329688 0.121111 0.00147247
7 0.05625 0.473889 0.00414063 0.0111111 0.00143814
0 0.0329102 0.451944 0.0401172 0.0322222 0.0014267
0 0.516875 0.339722 0.020625 0.0261111 0.00136662
2 0.18625 0.382778 0.008125 0.0244444 0.00133514
2 0.765625 0.302778 0.00625 0.0194444 0.00132465
3 0.805 0.303333 0.00499999 0.0188889 0.00129414
0 0.0109009 0.407222 0.0129248 0.0183333 0.00127888
2 0.00444824 0.488889 0.00710938 0.0266667 0.0012598
2 0.86625 0.314722 0.00625 0.0138889 0.00124931
0 0.445313 0.272778 0.00562499 0.0122222 0.00123978
7 0.194688 0.383889 0.00375001 0.0144444 0.00123501
7 0.14625 0.406667 0.00406249 0.0122222 0.00123501
7 0.573125 0.318889 0.00625 0.0133333 0.0012207
2 0.0432813 0.428333 0.0116406 0.0211111 0.00121593
7 0.219375 0.361389 0.0046875 0.0144444 0.00119686
2 0.205938 0.356389 0.004375 0.0194444 0.0011692
2 0.69125 0.337778 0.01125 0.0277778 0.00116539
0 0.413125 0.273889 0.0125 0.0155555 0.0011425
0 0.295625 0.335833 0.0225 0.0283333 0.00110722
3 0.164063 0.386111 0.00374999 0.0172222 0.00107765
7 0.0639063 0.423889 0.00546875 0.015 0.00106049
0 0.423125 0.307222 0.03375 0.0327778 0.00103188
0 0.374375 0.308333 0.01625 0.0266667 0.00100422
