0 0.312969 0.656111 0.154063 0.314444 0.95752
0 0.65125 0.433333 0.10875 0.178889 0.94873
0 0.7325 0.371111 0.1125 0.153333 0.947266
0 0.296563 0.282222 0.073125 0.09 0.94043
0 0.835 0.334444 0.08875 0.128889 0.938965
0 0.411875 0.316667 0.07625 0.123889 0.931641
0 0.141094 0.56875 0.125938 0.198056 0.925781
0 0.342188 0.121146 0.0375 0.0338194 0.897461
0 0.54375 0.0763889 0.04875 0.035 0.879883
0 0.38875 0.134861 0.03375 0.0475 0.873047
0 0.085625 0.253611 0.03625 0.035 0.870605
0 0.283125 0.158472 0.0334375 0.0402778 0.865234
0 0.624688 0.0344097 0.033125 0.018125 0.838867
0 0.091875 0.227222 0.0257813 0.0294444 0.825684
2 0.486875 0.111111 0.0175 0.0394444 0.823242
0 0.386875 0.0859722 0.019375 0.0283333 0.817383
3 0.223438 0.273611 0.015625 0.0633333 0.817383
0 0.0318555 0.290556 0.0321484 0.0366667 0.817383
0 0.431875 0.0799306 0.0325 0.0258333 0.81543
2 0.456875 0.0906944 0.0175 0.0313889 0.805664
0 0.363438 0.0738889 0.014375 0.0211111 0.788086
0 0.056875 0.279722 0.0317969 0.0316667 0.778809
0 0.320313 0.085625 0.018125 0.0213889 0.774414
2 0.9475 0.193056 0.0125 0.0483333 0.76416
0 0.769375 0.0630556 0.03875 0.0255556 0.762207
0 0.284375 0.132778 0.038125 0.0355556 0.759277
2 0.69 0.101181 0.0225 0.0354167 0.751953
0 0.3425 0.0829861 0.01625 0.0240278 0.744629
7 0.242656 0.280556 0.0075 0.0222222 0.741699
0 0.160273 0.192222 0.0325781 0.035 0.73877
7 0.255313 0.265556 0.0065625 0.0222222 0.720215
0 0.41625 0.0654861 0.015 0.0218056 0.712402
3 0.86375 0.185 0.0125 0.0627778 0.692871
3 0.69125 0.181389 0.01125 0.0705556 0.662598
0 0.39375 0.0330556 0.00874999 0.0125 0.616699
0 0.396875 0.0672222 0.01625 0.0219444 0.613281
7 0.749375 0.162778 0.00500005 0.0188889 0.600098
5 0.433125 0.0117708 0.013125 0.0209722 0.596191
0 0.43125 0.0491667 0.01375 0.0180556 0.577637
0 0.420938 0.0497222 0.01125 0.0179167 0.569824
3 0.719375 0.170278 0.01125 0.0688889 0.567871
0 0.93375 0.0936111 0.0225 0.0195833 0.562012
0 0.7975 0.0633333 0.0325 0.0229167 0.554688
2 0.0249023 0.357222 0.0212109 0.0422222 0.552734
7 0.74375 0.171667 0.00625 0.0211111 0.544922
3 0.89375 0.201389 0.01 0.0588889 0.539062
2 0.6625 0.0407118 0.00750001 0.0221875 0.537109
2 0.174219 0.191111 0.011875 0.0305556 0.527344
0 0.96875 0.105278 0.02 0.0166667 0.523438
3 0.72125 0.169444 0.00999997 0.0694445 0.523438
0 0.00788574 0.286944 0.0156543 0.0311111 0.523438
0 0.48625 0.00868056 0.00625 0.0105556 0.519531
0 0.344375 0.0686111 0.015 0.0152778 0.519531
0 0.3575 0.0613889 0.01125 0.0155556 0.509766
2 0.286563 0.101736 0.0115625 0.0231944 0.503906
0 0.9 0.0736111 0.0275 0.0258333 0.494141
0 0.378125 0.0483333 0.01 0.0152778 0.488281
0 0.403125 0.0288889 0.00749998 0.0115278 0.476562
0 0.40875 0.0484722 0.01375 0.0180556 0.474609
0 0.89875 0.0772222 0.025 0.0241667 0.474609
3 0.0475781 0.330833 0.0110938 0.0361111 0.474609
0 0.385 0.0618056 0.0125 0.0163889 0.457031
0 0.115 0.187778 0.020625 0.0288889 0.455078
0 0.40375 0.0663889 0.015 0.0216667 0.44751
2 0.89375 0.201806 0.01125 0.0591667 0.443604
0 0.365625 0.0526389 0.013125 0.0161111 0.437744
5 0.83875 0.0593056 0.0375 0.0316667 0.428223
0 0.835 0.0729861 0.0375 0.0251389 0.424316
7 0.944375 0.220417 0.00625 0.0177778 0.422607
7 0.7675 0.129167 0.00499999 0.0172222 0.394287
0 0.281094 0.136806 0.03375 0.0319444 0.368408
2 0.65125 0.0419271 0.00875003 0.0225347 0.331055
0 0.445 0.0127431 0.00750001 0.011875 0.286133
7 0.754375 0.157222 0.00499999 0.0177778 0.281494
0 0.496875 0.0163194 0.010625 0.0170139 0.273682
3 0.0464844 0.326111 0.00796875 0.0355556 0.270508
3 0.0416797 0.351389 0.00804687 0.0438889 0.23938
0 0.420625 0.0279861 0.010625 0.0159722 0.237915
0 0.505625 0.00986111 0.00625 0.0115972 0.2323
2 0.58625 0.0270833 0.00499999 0.0176389 0.2323
0 0.384375 0.0459722 0.01 0.0127778 0.230957
7 0.70125 0.197639 0.00750001 0.0244444 0.230957
0 0.83375 0.0617361 0.03375 0.0273611 0.213989
5 0.836875 0.0634722 0.0375 0.0283333 0.209473
0 0.434375 0.0346181 0.00874999 0.0164583 0.200562
7 0.766875 0.132361 0.00499999 0.0158333 0.200562
2 0.744375 0.124306 0.00625 0.0255556 0.187744
0 0.34125 0.0802083 0.014375 0.0236111 0.179565
0 0.515 0.00674479 0.00750001 0.0103993 0.178955
2 0.038457 0.3425 0.0122266 0.0388889 0.169434
0 0.8025 0.0644444 0.03375 0.0238889 0.168823
0 0.408125 0.0619444 0.015 0.02 0.167236
2 0.650625 0.0461806 0.00750001 0.0234722 0.167236
2 0.0276367 0.331111 0.0117578 0.0283333 0.160278
0 0.290469 0.0995139 0.019375 0.0256944 0.15979
3 0.23 0.130556 0.00406251 0.0233333 0.157715
2 0.13375 0.17625 0.00843751 0.0186111 0.146118
2 0.0317188 0.343333 0.0170312 0.0377778 0.130249
7 0.594375 0.0449306 0.00374997 0.0129167 0.129883
2 0.0654688 0.296667 0.0071875 0.0211111 0.115173
2 0.5725 0.0256944 0.00875003 0.0152778 0.112
2 0.86375 0.184444 0.0125 0.0633333 0.11084
2 0.0230078 0.352222 0.0151563 0.0488889 0.108215
0 0.39 0.0608333 0.01125 0.0172222 0.107056
0 0.354375 0.0609722 0.01375 0.0161111 0.102661
2 0.89125 0.201667 0.01625 0.0611111 0.0987549
3 0.235313 0.135278 0.00437501 0.0183333 0.0966797
7 0.144063 0.217222 0.00390625 0.0172222 0.0953369
0 0.969375 0.108924 0.0225 0.0215972 0.0946655
7 0.123984 0.220139 0.00390625 0.0152778 0.0946655
7 0.215625 0.153056 0.00374999 0.0122222 0.0930176
7 0.67125 0.0521528 0.00374997 0.0118056 0.0930176
0 0.49875 0.00668403 0.00750001 0.0133681 0.0913696
3 0.0276953 0.364444 0.0115625 0.0411111 0.0888062
3 0.0411719 0.339167 0.00992188 0.0394445 0.0872803
0 0.41875 0.0659722 0.0175 0.0241667 0.0853882
7 0.744375 0.125556 0.00625 0.0233333 0.0794678
0 0.409375 0.0240625 0.00812502 0.011875 0.0786133
7 0.25625 0.267778 0.0065625 0.0244445 0.0778198
2 0.273438 0.119306 0.010625 0.0169444 0.0772095
0 0.828125 0.0695833 0.03875 0.0230556 0.0710449
2 0.6525 0.0382639 0.00749995 0.0208333 0.0703125
7 0.75375 0.162361 0.00499999 0.02 0.0700684
0 0.97375 0.106528 0.025 0.0191667 0.0678101
2 0.7275 0.0364583 0.00749995 0.0173611 0.0658569
0 0.83125 0.0569444 0.0225 0.0225 0.0585632
0 0.931875 0.0914583 0.0237501 0.0206944 0.0570679
0 0.385625 0.0799306 0.019375 0.03 0.0557251
7 0.69 0.0540278 0.00250003 0.0111111 0.055603
0 0.00992188 0.281389 0.0170117 0.0288889 0.0486755
2 0.26875 0.122778 0.00843751 0.0211111 0.0462036
3 0.205 0.151389 0.00562501 0.0216667 0.0462036
0 0.901875 0.076875 0.02875 0.0276389 0.0450134
0 0.00296631 0.313889 0.00593262 0.0333333 0.0445251
3 0.705 0.0773611 0.00499999 0.0222222 0.0441895
3 0.724375 0.165417 0.00625 0.0669444 0.0406799
5 0.00636719 0.265 0.0127344 0.0355556 0.0383301
0 0.495313 0.0163194 0.01125 0.0133333 0.0379028
0 0.9625 0.10625 0.02 0.0188889 0.0359497
2 0.0273438 0.376111 0.00773438 0.0244444 0.035675
2 0.175 0.183333 0.0078125 0.0277778 0.0339661
0 0.00893555 0.293056 0.0178711 0.0327778 0.0335999
2 0.109844 0.190278 0.010625 0.0283333 0.0334778
3 0.169219 0.16 0.00562501 0.0188889 0.0310211
7 0.67375 0.0494444 0.00249996 0.0101389 0.0301056
7 0.0678906 0.297222 0.00703125 0.0211111 0.0280151
7 0.0767578 0.292222 0.00492187 0.0166667 0.0262604
0 0.425313 0.0720833 0.02625 0.0316667 0.0261536
7 0.77375 0.147083 0.00499999 0.0152778 0.026062
7 0.00865234 0.379167 0.00548828 0.02 0.0250854
0 0.0134863 0.263056 0.0117383 0.0211111 0.024231
7 0.76375 0.149444 0.00499999 0.0144444 0.0227966
2 0.0383594 0.325556 0.0146094 0.0344445 0.0223694
0 0.793125 0.0579861 0.0325 0.0259722 0.0222931
2 0.706875 0.0720833 0.00875003 0.0302778 0.0222015
7 0.251875 0.266111 0.0075 0.0233333 0.0215302
2 0.7275 0.0410417 0.00749995 0.0194444 0.0211182
2 0.4575 0.0863194 0.015 0.03375 0.0193787
7 0.94125 0.216944 0.00500005 0.02 0.019165
3 0.00527466 0.375556 0.00823975 0.04 0.0190582
3 0.234063 0.126389 0.005 0.0222222 0.0182648
2 0.106172 0.204722 0.00421875 0.0138889 0.0179138
2 0.0236328 0.265556 0.0065625 0.0172222 0.0177155
2 0.530938 0.0538889 0.01125 0.0208333 0.0174408
0 0.89875 0.0880556 0.0275 0.0288889 0.0171814
7 0.09625 0.271389 0.0059375 0.0177778 0.0162811
3 0.215938 0.269167 0.0175 0.0566667 0.0155411
2 0.785 0.0565278 0.02 0.0230556 0.0153656
0 0.426563 0.0676389 0.020625 0.0213889 0.0150146
0 0.995625 0.123056 0.00874996 0.0216667 0.0143356
0 0.120469 0.182917 0.030625 0.0288889 0.0142822
3 0.194375 0.151111 0.00625 0.025 0.0130692
5 0.431875 0.0138194 0.015 0.0177778 0.0126266
7 0.73625 0.174722 0.00499999 0.025 0.0124283
3 0.0277344 0.325833 0.0103906 0.0327778 0.0124283
2 0.571563 0.0253472 0.01375 0.0163889 0.0124283
7 0.76625 0.126111 0.00499999 0.0177778 0.0123367
0 0.361875 0.0544444 0.01625 0.0175 0.0122375
7 0.242813 0.284167 0.008125 0.0244444 0.0121002
0 0.925625 0.0913889 0.02875 0.0255556 0.0120087
2 0.65 0.0436111 0.01 0.0204167 0.0116882
3 0.86125 0.184167 0.015 0.0633333 0.0115051
0 0.374688 0.0683333 0.0125 0.0191667 0.0105286
0 0.974375 0.111979 0.02625 0.0215972 0.0104523
7 0.245313 0.135278 0.003125 0.00888889 0.0100555
0 0.8475 0.0754167 0.0449999 0.0255556 0.00997162
2 0.542813 0.0529167 0.010625 0.0194444 0.00959778
2 0.7375 0.117639 0.015 0.0380556 0.00923157
7 0.22 0.143333 0.003125 0.0130556 0.00905609
0 0.399375 0.0729167 0.015 0.0252778 0.00894928
2 0.71375 0.0676389 0.0125 0.03 0.00891876
2 0.28 0.104722 0.013125 0.0216667 0.00871277
0 0.3875 0.0337847 0.00812502 0.0121528 0.00861359
0 0.94125 0.0981944 0.025 0.0208333 0.00841522
0 0.45375 0.0104861 0.00625 0.00736111 0.00803375
2 0.56875 0.0269097 0.010625 0.0125 0.00803375
3 0.0659375 0.301667 0.00640625 0.0266667 0.00740433
0 0.27625 0.14 0.02375 0.0333333 0.00731659
5 0.00522461 0.254722 0.0104492 0.0338889 0.00728989
0 0.341875 0.07375 0.01625 0.0219444 0.00723267
2 0.74375 0.116389 0.00750001 0.0425 0.00720596
2 0.0254297 0.349167 0.0247266 0.045 0.00712204
2 0.175781 0.156667 0.0078125 0.0236111 0.0069313
0 0.96375 0.110694 0.0225 0.0244444 0.00664139
7 0.249688 0.125694 0.004375 0.0130555 0.00664139
3 0.213125 0.237083 0.0109375 0.0575 0.0064888
0 0.450625 0.0165625 0.00625 0.0123611 0.0064888
7 0.155391 0.219444 0.00406249 0.0161111 0.00638962
3 0.585 0.0185417 0.00625 0.0195833 0.00626373
0 0.0882813 0.24375 0.0353125 0.0352778 0.00624084
3 0.79375 0.0759722 0.0125 0.0241667 0.00542831
0 0.166875 0.177222 0.011875 0.0161111 0.00534439
3 0.00418945 0.371667 0.00726563 0.0366667 0.00516129
5 0.908125 0.0770833 0.04 0.0361111 0.00510025
7 0.08375 0.293333 0.00484375 0.0122222 0.00508118
3 0.21875 0.265556 0.015625 0.0633333 0.0046463
7 0.236094 0.288333 0.00687501 0.0211111 0.00460815
0 0.835625 0.0792361 0.03875 0.0306944 0.00432968
3 0.216719 0.246806 0.0209375 0.0841667 0.00403976
3 0.165313 0.1575 0.005 0.0205556 0.00388527
0 0.3725 0.0752083 0.016875 0.0205556 0.00387001
3 0.190938 0.156944 0.00625 0.0263889 0.00379562
0 0.77375 0.0715972 0.04 0.0247222 0.00376511
7 0.73 0.125139 0.00750001 0.0277778 0.00363541
3 0.303906 0.0870139 0.00562499 0.0161111 0.00345612
2 0.734375 0.0349306 0.00625 0.0175 0.00332451
2 0.0492578 0.330556 0.0133594 0.0361111 0.00327301
7 0.91 0.205556 0.00500005 0.0341667 0.00293541
2 0.204063 0.167222 0.009375 0.0366667 0.00288963
0 0.162813 0.187778 0.03125 0.0361111 0.00284576
3 0.71 0.0584722 0.00750001 0.0208333 0.00282288
7 0.685625 0.0484722 0.00250003 0.00861111 0.00273705
0 0.89375 0.0898611 0.0325 0.0273611 0.0027256
2 0.94875 0.199444 0.015 0.0594445 0.00264168
0 0.395625 0.0486806 0.01125 0.0159722 0.00261116
2 0.87625 0.0620833 0.00499999 0.01625 0.00261116
2 0.484375 0.0989583 0.014375 0.0376389 0.00261116
0 0.994375 0.134722 0.01125 0.0305556 0.00261116
2 0.195781 0.143611 0.00718751 0.0205556 0.00255013
2 0.462188 0.0894445 0.028125 0.0352778 0.0024929
2 0.540313 0.0638889 0.04 0.0358333 0.00248146
2 0.736875 0.120694 0.0112501 0.0377778 0.00243378
2 0.324375 0.0722222 0.010625 0.0197222 0.00234222
7 0.214063 0.140694 0.00406251 0.0147222 0.00234222
2 0.204063 0.144167 0.00562499 0.0205556 0.00233269
3 0.123125 0.215139 0.00515625 0.0247222 0.00233269
7 0.41125 0.317222 0.075 0.125556 0.00233269
5 0.0105273 0.251111 0.0196875 0.0261111 0.00226021
2 0.316875 0.0711111 0.00875003 0.02 0.00219917
0 0.459375 0.00578125 0.00812502 0.0115625 0.00219917
3 0.97 0.165139 0.00625 0.0322222 0.00215721
3 0.675625 0.0330556 0.00374997 0.0166667 0.00213242
3 0.275 0.0894445 0.00625 0.0183333 0.00209999
0 0.0592969 0.283889 0.0344531 0.0322222 0.0020504
2 0.143281 0.172778 0.00562499 0.0138889 0.00201988
3 0.69625 0.0303819 0.00374997 0.0136111 0.00198746
7 0.69375 0.0488889 0.00499999 0.0108333 0.00197983
1 0.984375 0.1475 0.0312499 0.0466667 0.0019722
0 0.9 0.0684722 0.025 0.0286111 0.00194931
2 0.595 0.0358333 0.00499999 0.0168056 0.00194168
2 0.343125 0.0893056 0.01875 0.0261111 0.00191212
7 0.835 0.335 0.09 0.127778 0.00188255
2 0.587188 0.0274306 0.009375 0.0213889 0.00186062
0 0.934375 0.108125 0.0325 0.0356944 0.00179577
3 0.0525781 0.333889 0.008125 0.0372222 0.00178909
0 0.969375 0.0997222 0.0199999 0.0208333 0.00173378
2 0.0325586 0.264444 0.0150391 0.0188889 0.00162888
3 0.875 0.0545833 0.00499999 0.0205556 0.00161648
0 0.8025 0.0725694 0.02 0.0244444 0.00161076
7 0.254688 0.135833 0.00374999 0.0105556 0.00159168
0 0.115391 0.184722 0.0254688 0.0338889 0.00158501
0 0.127734 0.183333 0.0198438 0.0261111 0.00153637
2 0.60125 0.0430729 0.00875003 0.0199653 0.00151253
3 0.196875 0.170556 0.00687499 0.0355556 0.00150681
7 0.70125 0.0713889 0.00750001 0.0188889 0.00148964
7 0.6975 0.197222 0.015 0.0427778 0.00145531
0 0.879375 0.0873611 0.01125 0.0188889 0.00142097
2 0.451875 0.07375 0.0175 0.0261111 0.00133038
7 0.209375 0.154583 0.005 0.0222222 0.00129414
0 0.77125 0.0572222 0.0375 0.0227778 0.00127411
3 0.266875 0.108056 0.00562501 0.0230556 0.00127411
0 0.082168 0.244444 0.0356641 0.0388889 0.00127411
2 0.71375 0.0520139 0.00499999 0.0163889 0.00121117
2 0.943125 0.196944 0.0225 0.0555556 0.00119209
2 0.715 0.0740278 0.00749995 0.0255556 0.00116539
3 0.996563 0.288611 0.00687497 0.0883334 0.00113392
0 0.341875 0.09 0.0175 0.0238889 0.0011158
0 0.55125 0.0202083 0.00999997 0.0147222 0.00110722
0 0.0467285 0.305278 0.0295117 0.0338889 0.00108147
2 0.8825 0.0522917 0.00750001 0.0172222 0.00102425
