0 0.464688 0.868333 0.12375 0.258889 0.958008
0 0.7775 0.759444 0.1375 0.197778 0.95752
0 0.616563 0.742778 0.109375 0.188889 0.954102
0 0.360078 0.657778 0.0923438 0.14 0.94873
0 0.307188 0.863889 0.1225 0.212222 0.94873
0 0.696875 0.959444 0.16125 0.0811111 0.938965
0 0.678906 0.55875 0.102188 0.160278 0.93457
0 0.579375 0.566111 0.08125 0.135556 0.931641
0 0.480313 0.610556 0.07125 0.13 0.927246
0 0.916875 0.963333 0.15375 0.0733333 0.926758
0 0.310313 0.413889 0.05875 0.0544445 0.862305
0 0.240938 0.392778 0.04875 0.0344445 0.861328
0 0.6275 0.338611 0.0475 0.0333333 0.86084
0 0.0118066 0.463889 0.0233398 0.0311111 0.830078
0 0.323125 0.378889 0.051875 0.0333333 0.820801
7 0.236094 0.505278 0.00750001 0.0238889 0.817383
7 0.0254492 0.530278 0.00480469 0.0172222 0.81543
0 0.125156 0.423611 0.0365625 0.0333333 0.789062
0 0.164375 0.426389 0.0478125 0.035 0.78418
7 0.223281 0.52 0.0078125 0.0244445 0.754883
0 0.401875 0.323889 0.01625 0.0233333 0.753418
0 0.309688 0.336667 0.0175 0.0244444 0.740234
0 0.2975 0.335833 0.01875 0.0227778 0.737305
0 0.515938 0.274444 0.00875003 0.0122222 0.729492
0 0.343125 0.333889 0.016875 0.0222222 0.729492
2 0.460625 0.355556 0.0175 0.0333334 0.72168
0 0.715 0.331111 0.04 0.0266667 0.72168
7 0.6675 0.466667 0.00625 0.0211111 0.704102
7 0.72875 0.441111 0.00499999 0.0166667 0.700684
0 0.431875 0.341944 0.0375 0.0322222 0.684082
0 0.355625 0.325556 0.014375 0.02 0.663574
0 0.0371094 0.46 0.04 0.0311111 0.637207
7 0.72375 0.401667 0.00499999 0.0177778 0.62793
0 0.33375 0.326944 0.01375 0.0161111 0.620605
0 0.783125 0.328056 0.03375 0.0216667 0.588867
7 0.73875 0.427778 0.00499999 0.02 0.580566
0 0.4125 0.313056 0.0125 0.0194444 0.577637
0 0.765 0.323333 0.0362501 0.0255555 0.577637
7 0.925 0.455556 0.00499999 0.0155556 0.57373
3 0.0151392 0.511389 0.0105029 0.0466666 0.560059
0 0.411875 0.291667 0.009375 0.0144444 0.535156
0 0.696875 0.328333 0.035 0.025 0.53125
0 0.768125 0.333889 0.0375 0.0288889 0.53125
0 0.54 0.304444 0.02375 0.0188889 0.53125
3 0.114375 0.492222 0.0096875 0.05 0.525391
0 0.452188 0.331111 0.033125 0.0222222 0.519531
0 0.130938 0.420278 0.0354688 0.0311111 0.505859
7 0.746875 0.401111 0.00499999 0.0166667 0.476562
0 0.38875 0.313333 0.00999997 0.0172222 0.474609
0 0.394375 0.298889 0.00874999 0.0144444 0.466797
0 0.370625 0.303889 0.00874999 0.0133334 0.463867
0 0.390938 0.308056 0.010625 0.015 0.434082
0 0.38125 0.297778 0.010625 0.0122222 0.414795
0 0.70125 0.321667 0.03 0.02 0.40918
0 0.39125 0.311111 0.011875 0.0166667 0.399902
0 0.373125 0.323889 0.015 0.0188889 0.38501
7 0.92375 0.465556 0.00499999 0.0166667 0.379395
0 0.36375 0.312778 0.01125 0.0155555 0.373779
0 0.402813 0.297778 0.010625 0.015 0.364746
2 0.0320703 0.472778 0.0169531 0.0311111 0.363037
0 0.374063 0.318611 0.013125 0.0172222 0.355713
0 0.345938 0.318333 0.01125 0.0144444 0.354004
7 0.684375 0.354444 0.00499999 0.0144444 0.319092
0 0.35375 0.319722 0.0125 0.0166667 0.297363
2 0.0317969 0.478889 0.01125 0.0366666 0.287842
0 0.7025 0.331389 0.0475 0.0266667 0.242188
0 0.48375 0.275556 0.00750001 0.00999999 0.240723
2 0.196563 0.4 0.0125 0.03 0.226807
0 0.43875 0.336111 0.04875 0.0272222 0.225464
0 0.385 0.325833 0.015 0.0222222 0.224731
7 0.0510156 0.476667 0.00570312 0.0188889 0.224731
7 0.75 0.415 0.00499999 0.0155555 0.222046
0 0.484688 0.261389 0.00625 0.0116667 0.215332
7 0.67875 0.479722 0.00750001 0.0233333 0.196777
0 0.41625 0.275278 0.00625 0.0111111 0.150513
0 0.6975 0.323056 0.0325 0.0227778 0.150513
0 0.77 0.322222 0.035 0.0255556 0.142212
7 0.7375 0.426944 0.00499999 0.0205555 0.139893
0 0.36625 0.328889 0.0175 0.02 0.134277
0 0.379375 0.300833 0.00999997 0.0127778 0.122498
7 0.0648828 0.475 0.00367188 0.0111111 0.117981
0 0.476875 0.275278 0.00625 0.0105555 0.102295
7 0.7225 0.449444 0.00750001 0.0211111 0.0970459
7 0.0108374 0.544306 0.00492676 0.0202778 0.0957031
7 0.735 0.432778 0.00499999 0.0177778 0.0878906
7 0.7525 0.42 0.00500005 0.0161111 0.0836182
2 0.0330078 0.467778 0.0209375 0.0311111 0.0823975
0 0.0264453 0.448333 0.0314063 0.0244444 0.0817871
0 0.296094 0.338889 0.016875 0.0222222 0.0775146
7 0.0138477 0.54 0.00609375 0.0177778 0.072876
7 0.675 0.331111 0.00499999 0.0155555 0.0687866
0 0.0146484 0.460833 0.0292969 0.0305556 0.0628052
7 0.678125 0.483889 0.01 0.02 0.0614319
0 0.449375 0.265556 0.00625 0.0111111 0.0614319
0 0.179102 0.4 0.0411719 0.0316666 0.053009
0 0.457188 0.333333 0.02875 0.0222222 0.0507202
0 0.76625 0.317778 0.04 0.0311111 0.0472412
0 0.3425 0.339167 0.01875 0.0255556 0.0433655
7 0.743125 0.423333 0.00500005 0.0177778 0.0406799
5 0.47625 0.263333 0.00625 0.0111111 0.0393372
0 0.4175 0.285556 0.00875003 0.0122222 0.0391235
0 0.164063 0.410278 0.039375 0.025 0.0389099
0 0.423125 0.276667 0.00625 0.00888889 0.037323
0 0.4875 0.267778 0.00625 0.00888887 0.0358276
7 0.72625 0.445556 0.00499999 0.0222222 0.0344849
0 0.43375 0.275556 0.00499999 0.00888889 0.0317383
0 0.495625 0.262222 0.00499999 0.00888887 0.0298767
0 0.334375 0.333333 0.015 0.02 0.0269623
7 0.67 0.3375 0.00374997 0.0133333 0.0259552
3 0.250938 0.335 0.00437501 0.0211111 0.0253754
7 0.685 0.358333 0.00499999 0.0188889 0.0252686
0 0.79125 0.33 0.045 0.0222222 0.0250854
7 0.71 0.404444 0.00374997 0.0177778 0.0236053
7 0.205313 0.383889 0.003125 0.00888889 0.0228882
2 0.19625 0.396667 0.0075 0.0322222 0.0224609
7 0.224844 0.368333 0.0034375 0.0111111 0.02211
5 0.00477783 0.407222 0.00949707 0.0222222 0.0198669
0 0.17 0.4325 0.0553125 0.0388889 0.0197144
0 0.7175 0.325833 0.03875 0.0272222 0.0192719
0 0.7675 0.332778 0.04 0.0211111 0.0191956
7 0.285625 0.389722 0.00437501 0.0177778 0.0179901
7 0.0457031 0.482778 0.00546875 0.0255556 0.0177155
0 0.446875 0.263889 0.00625 0.01 0.0173035
0 0.379063 0.289722 0.00687501 0.0122222 0.0171051
0 0.183438 0.399444 0.0378125 0.0394445 0.0150146
0 0.0462891 0.464444 0.0226563 0.0322222 0.0133743
2 0.174063 0.407778 0.00874999 0.0188889 0.0133286
2 0.769375 0.303611 0.015 0.0216667 0.0130692
7 0.66625 0.353333 0.00374997 0.0133333 0.00963593
3 0.0196094 0.510556 0.0171875 0.0477778 0.00941467
0 0.36875 0.300556 0.01125 0.0133333 0.00930023
3 0.549375 0.268889 0.00562503 0.0183333 0.00891876
0 0.636875 0.321667 0.02875 0.0227778 0.00888062
0 0.415938 0.329444 0.01375 0.0266667 0.00871277
0 0.130313 0.415556 0.0329688 0.0288889 0.00867462
0 0.353125 0.308889 0.01125 0.0155555 0.00867462
7 0.648125 0.331667 0.01625 0.0155555 0.0086441
7 0.65375 0.319444 0.00499999 0.0155556 0.00857544
0 0.47 0.269444 0.00625 0.01 0.00787354
3 0.017002 0.505 0.00966797 0.0488889 0.00772476
7 0.665625 0.361944 0.00375004 0.0127778 0.00757599
0 0.8025 0.3325 0.0375 0.0238889 0.00706482
3 0.190469 0.381111 0.00499999 0.0277778 0.00701141
0 0.367188 0.332222 0.015625 0.02 0.0069046
0 0.5425 0.306667 0.03 0.0222222 0.00682449
0 0.43 0.270833 0.00499999 0.00777777 0.00669098
0 0.465625 0.276111 0.00500002 0.00999999 0.00629044
0 0.42125 0.33 0.03625 0.03 0.00624084
7 0.0318164 0.511111 0.00851563 0.0177778 0.006073
0 0.52625 0.263333 0.00499999 0.0122222 0.00600433
2 0.252813 0.330278 0.00687501 0.0205556 0.00575256
7 0.233438 0.368611 0.00531251 0.0111111 0.00527954
0 0.385 0.330556 0.02375 0.0277778 0.00524139
2 0.71375 0.298889 0.00750001 0.0144444 0.00521851
5 0.00937012 0.414444 0.0187402 0.0388889 0.00521851
0 0.178594 0.394722 0.033125 0.0344445 0.00486755
7 0.9275 0.453611 0.00499999 0.0177778 0.00471878
0 0.425938 0.35 0.031875 0.0333334 0.00469971
7 0.480313 0.61 0.071875 0.128889 0.00466537
0 0.52875 0.267778 0.00687501 0.00999999 0.00450516
3 0.725625 0.551111 0.01125 0.112222 0.00450516
0 0.50375 0.260278 0.00562499 0.00888889 0.00441742
2 0.330313 0.346667 0.01875 0.0211111 0.00439835
7 0.274063 0.386111 0.00437501 0.0155556 0.00429916
7 0.265625 0.366389 0.00343752 0.00944446 0.0042305
2 0.114688 0.384722 0.00546875 0.0161111 0.0039444
3 0.115078 0.507778 0.0109375 0.0788889 0.0037365
0 0.00333252 0.446111 0.00666504 0.0244445 0.00353813
0 0.0335156 0.455556 0.0423438 0.0377778 0.00351143
2 0.705625 0.311389 0.02625 0.0222222 0.00335121
7 0.57875 0.566667 0.07875 0.135556 0.00331116
7 0.0249609 0.534722 0.0059375 0.0227778 0.00321007
7 0.67625 0.320556 0.00499999 0.0177778 0.00300407
5 0.0048291 0.392778 0.0096582 0.0266667 0.00300407
7 0.7425 0.427778 0.00625 0.0211111 0.00300407
0 0.514063 0.2725 0.010625 0.0138889 0.00300407
0 0.454063 0.262778 0.00437501 0.00888889 0.00298119
7 0.126094 0.450556 0.0053125 0.0244444 0.00296974
7 0.66625 0.483889 0.0125 0.0266667 0.00275803
7 0.274375 0.367222 0.00375001 0.0111111 0.00261116
0 0.701875 0.339722 0.03375 0.0316666 0.00236893
7 0.25375 0.353056 0.005 0.0138889 0.00234222
7 0.359688 0.66 0.091875 0.14 0.00232315
0 0.295 0.336667 0.02125 0.02 0.00228691
7 0.244063 0.366111 0.004375 0.0111111 0.00225258
0 0.404063 0.281944 0.00812502 0.0116667 0.00215721
0 0.52625 0.276667 0.00750001 0.00888889 0.00214958
7 0.66 0.359444 0.00750001 0.0155555 0.0020752
2 0.0344922 0.418611 0.00515625 0.0138889 0.00206757
0 0.422188 0.301944 0.009375 0.02 0.00202751
3 0.110156 0.481667 0.0134375 0.0544445 0.00201988
7 0.565625 0.316111 0.00437501 0.0133333 0.00200272
2 0.46125 0.364444 0.01625 0.0466667 0.00200272
7 0.0638281 0.423889 0.00546875 0.0155555 0.00192642
2 0.154453 0.384444 0.00484374 0.0166667 0.0018177
2 0.170625 0.381389 0.00874999 0.0283333 0.00179577
0 0.495938 0.274444 0.00687501 0.0111111 0.00176811
0 0.448438 0.323889 0.02375 0.0266667 0.00176811
3 0.145547 0.442222 0.00968749 0.0444444 0.00175476
5 0.0035083 0.420556 0.0070166 0.0233333 0.0017271
3 0.0302344 0.415556 0.00828125 0.0211111 0.00170708
3 0.221094 0.361111 0.0065625 0.0177778 0.0016613
7 0.285781 0.398611 0.00750001 0.0233333 0.00163555
2 0.175156 0.420278 0.0465625 0.0311111 0.0015974
7 0.68125 0.490278 0.01 0.0311111 0.00156116
0 0.92875 0.986111 0.0625 0.0277778 0.00153637
0 0.7975 0.334167 0.05 0.0266667 0.0015192
3 0.164063 0.377778 0.005 0.0222222 0.00151253
7 0.135156 0.453333 0.00468749 0.02 0.00148964
0 0.433125 0.351111 0.04 0.0388889 0.00142097
0 0.996875 0.316111 0.00624994 0.0227778 0.00137234
3 0.16375 0.371667 0.00562501 0.0211111 0.00134563
7 0.0697656 0.484167 0.00765625 0.0194444 0.00134563
3 0.77 0.538889 0.00999997 0.0644445 0.00129986
7 0.658125 0.473889 0.00874996 0.0238889 0.00124454
3 0.270313 0.341111 0.00562499 0.02 0.00124454
2 0.65625 0.291667 0.00750001 0.02 0.00123501
3 0.810625 0.304167 0.00625 0.0194444 0.00122547
7 0.9225 0.418056 0.00749995 0.0233333 0.00120163
7 0.265625 0.349722 0.00375001 0.0133334 0.00118828
0 0.705 0.315 0.04125 0.0283333 0.00117874
0 0.33625 0.321667 0.01125 0.0188889 0.00112057
0 0.461875 0.332222 0.03125 0.0211111 0.00107765
7 0.275 0.350556 0.00375001 0.0111111 0.00107765
7 0.0307813 0.516667 0.00984375 0.0288889 0.00107765
2 0.770625 0.341667 0.02375 0.0377778 0.00106907
0 0.77875 0.337222 0.0425 0.0322222 0.00104046
0 0.437813 0.354444 0.048125 0.0355556 0.00103188
2 0.42 0.312222 0.0125 0.0183333 0.00102425
