0 0.479063 0.807778 0.145625 0.384444 0.959473
0 0.249219 0.498056 0.122813 0.188333 0.956543
0 0.0711719 0.728889 0.134375 0.257778 0.956543
0 0.645625 0.457778 0.11125 0.195556 0.95459
0 0.940625 0.564444 0.11875 0.24 0.946777
0 0.209531 0.942778 0.18375 0.114444 0.945801
0 0.51125 0.262778 0.06 0.0966667 0.936523
0 0.360625 0.250278 0.06 0.085 0.936035
0 0.254688 0.341944 0.086875 0.108333 0.913086
0 0.456563 0.121979 0.029375 0.0449305 0.908691
0 0.53875 0.0889583 0.0275 0.0380556 0.902832
0 0.16125 0.284444 0.056875 0.0833333 0.901367
0 0.5775 0.0784722 0.02625 0.0338889 0.889648
0 0.0746094 0.259722 0.035 0.0388889 0.877441
0 0.18375 0.194028 0.045 0.0463889 0.868652
0 0.46375 0.0635417 0.020625 0.0247222 0.865234
0 0.157344 0.258611 0.045625 0.0622222 0.86084
0 0.344688 0.111979 0.025625 0.0354861 0.858887
0 0.0303955 0.292778 0.0295215 0.0322222 0.855957
0 0.5175 0.0498611 0.01625 0.0219444 0.852051
0 0.284375 0.169444 0.035 0.0638889 0.850098
0 0.493125 0.0622917 0.01875 0.0256944 0.845703
0 0.240938 0.164167 0.035625 0.055 0.838867
0 0.252813 0.18 0.03375 0.0472222 0.837402
0 0.748125 0.0583333 0.03875 0.0283333 0.836426
7 0.7025 0.19875 0.00625 0.0238889 0.834473
0 0.405313 0.0625 0.01625 0.0233333 0.822266
7 0.245313 0.281111 0.0075 0.0233333 0.806641
0 0.423125 0.0599306 0.01625 0.0225 0.803223
0 0.616875 0.0334028 0.03 0.0191667 0.800781
7 0.74375 0.172778 0.00625 0.0213889 0.799316
0 0.34625 0.0808333 0.01875 0.0236111 0.78125
2 0.0444141 0.343333 0.0195313 0.0422222 0.773438
0 0.0135938 0.584306 0.0269922 0.155833 0.771973
0 0.369063 0.0729167 0.01875 0.0236111 0.766113
0 0.7875 0.06 0.0325 0.0275 0.760742
0 0.55375 0.0227778 0.01375 0.01625 0.756348
0 0.171836 0.175972 0.0338281 0.0380556 0.744629
0 0.304688 0.115278 0.0240625 0.0266667 0.732422
1 0.525 0.0168576 0.0225 0.0337153 0.70752
0 0.80625 0.0681944 0.0312501 0.02625 0.695801
0 0.00720703 0.325556 0.0142969 0.0283333 0.694336
0 0.574375 0.028125 0.02125 0.0177778 0.6875
0 0.432813 0.0496528 0.013125 0.01875 0.682617
0 0.37125 0.0694444 0.015 0.0236111 0.666992
0 0.390625 0.0631944 0.015 0.0240278 0.662109
0 0.47375 0.041684 0.016875 0.0185764 0.644043
2 0.0198047 0.376111 0.0203125 0.0455556 0.642578
0 0.476875 0.0301042 0.00999997 0.0145139 0.629883
1 0.386875 0.0393056 0.02125 0.0372222 0.588867
7 0.7525 0.162778 0.00500005 0.0194444 0.588867
0 0.4975 0.0275694 0.00874999 0.01375 0.584961
0 0.0739844 0.235556 0.025 0.03 0.567871
7 0.705 0.0782639 0.00499999 0.0122222 0.562012
2 0.0231641 0.363333 0.0200781 0.0422222 0.554688
7 0.945 0.219306 0.00499999 0.0169444 0.548828
0 0.497813 0.0451389 0.01375 0.0206944 0.546875
7 0.76875 0.130417 0.00499999 0.0177778 0.537109
0 0.412188 0.0448438 0.013125 0.0183681 0.527344
0 0.359688 0.06875 0.013125 0.0202778 0.523438
0 0.0728906 0.245556 0.02875 0.0355556 0.523438
7 0.773125 0.145833 0.00499999 0.0177778 0.519531
7 0.258125 0.2625 0.0075 0.0233333 0.494141
0 0.499063 0.041875 0.014375 0.0204167 0.488281
0 0.486563 0.0101389 0.00812502 0.0119444 0.460938
0 0.36375 0.0681944 0.0125 0.0222222 0.460938
0 0.4325 0.0225 0.009375 0.0145833 0.448486
0 0.293594 0.135 0.0240625 0.0336111 0.44165
0 0.505625 0.00899306 0.00750001 0.0107639 0.437744
0 0.429375 0.0541667 0.01375 0.02 0.42627
0 0.406875 0.0443229 0.011875 0.0177431 0.379395
7 0.94625 0.214306 0.00499999 0.0177778 0.363037
7 0.75375 0.161944 0.00499999 0.0188889 0.352295
7 0.7625 0.153056 0.00499999 0.0183333 0.315674
0 0.404375 0.0310764 0.00750001 0.0115278 0.312256
2 0.277813 0.112188 0.015625 0.0234028 0.309082
0 0.455 0.00854167 0.00625 0.00902778 0.300781
0 0.505625 0.0342361 0.01125 0.0197222 0.300781
7 0.691875 0.184167 0.00625 0.0211111 0.289307
0 0.80375 0.0625 0.035 0.0266667 0.273682
7 0.675 0.0506944 0.00375004 0.0122222 0.264404
0 0.277969 0.110868 0.016875 0.0249306 0.248047
0 0.7925 0.0586806 0.0425 0.0304167 0.23938
0 0.46 0.0648611 0.02 0.0245833 0.237915
0 0.4975 0.0113194 0.00749998 0.00923611 0.233765
0 0.486875 0.0202431 0.00874999 0.0147917 0.233032
0 0.44625 0.0136458 0.00750001 0.0120139 0.197388
0 0.393125 0.0509722 0.01125 0.0186111 0.196777
0 0.373438 0.0588194 0.010625 0.0151389 0.196777
7 0.65625 0.0513889 0.00249996 0.0122222 0.190674
0 0.34375 0.0795833 0.015 0.0225 0.190063
0 0.8025 0.0566667 0.0375 0.0283333 0.188965
7 0.145078 0.211111 0.003125 0.0127778 0.183594
0 0.506875 0.0220486 0.009375 0.0159028 0.181885
0 0.585 0.0318056 0.02625 0.0158333 0.176147
0 0.424063 0.0340278 0.009375 0.015 0.15979
0 0.540938 0.0145833 0.01125 0.0172222 0.158691
5 0.0189038 0.244861 0.0189111 0.0269444 0.15564
7 0.746875 0.128333 0.00499999 0.0175 0.150513
0 0.174531 0.170139 0.03375 0.0338889 0.14563
7 0.0740625 0.293333 0.00421875 0.0122222 0.134277
0 0.305 0.110278 0.0225 0.0247222 0.117188
2 0.0216016 0.368611 0.0201563 0.0511111 0.112427
7 0.74875 0.129028 0.00249996 0.0172222 0.100891
0 0.413125 0.0327083 0.00874999 0.01375 0.0903931
0 0.425 0.0444444 0.0125 0.0180556 0.0900879
7 0.0655469 0.297222 0.0034375 0.0122222 0.088501
7 0.746875 0.125 0.00499999 0.0183333 0.0869141
0 0.41 0.0611111 0.0125 0.0220833 0.0786133
7 0.94125 0.218889 0.00500005 0.0161111 0.078064
0 0.39125 0.0702778 0.015 0.0273611 0.0687866
0 0.375625 0.0532639 0.00874999 0.0177778 0.0682983
0 0.45875 0.00411458 0.00625 0.00822917 0.064209
0 0.304375 0.0995139 0.0153125 0.0176389 0.0570679
0 0.409375 0.0239583 0.009375 0.0120833 0.0564575
0 0.435 0.0153472 0.00749998 0.0122222 0.0544128
0 0.478125 0.043125 0.01625 0.0202778 0.0534058
2 0.304688 0.0905556 0.01 0.0186111 0.0484924
7 0.254375 0.139722 0.00625 0.0133333 0.0432129
7 0.0692187 0.298333 0.0040625 0.0155555 0.0414734
0 0.498125 0.004375 0.00750001 0.00875 0.0393372
0 0.44 0.0420139 0.0125 0.0204167 0.0387573
2 0.196094 0.150278 0.00687499 0.0208333 0.0317383
7 0.145313 0.222778 0.00250001 0.00944444 0.029541
0 0.513438 0.0299653 0.00874999 0.0147917 0.0289764
0 0.48375 0.0292361 0.00874999 0.0148611 0.026062
0 0.0773438 0.238333 0.0301563 0.0316667 0.0253754
5 0.0152539 0.249167 0.0239844 0.0272222 0.024231
7 0.65 0.0516667 0.00249996 0.0118056 0.0230713
7 0.70125 0.0779861 0.00499999 0.0166667 0.0222015
7 0.245156 0.139583 0.005 0.0136111 0.0215302
0 0.37875 0.0649306 0.01375 0.02375 0.0199127
3 0.00928711 0.267222 0.00763672 0.0211111 0.0198364
0 0.343438 0.083125 0.01875 0.0243056 0.0190582
2 0.735 0.0348611 0.00499999 0.0172222 0.0189819
5 0.0198828 0.249167 0.0205469 0.0311111 0.0171051
7 0.69 0.0547222 0.00250003 0.00972223 0.0166626
0 0.583125 0.0269444 0.03 0.0190278 0.0150757
0 0.44875 0.0160764 0.00750001 0.0131944 0.0148392
2 0.603125 0.0386111 0.00750001 0.0205556 0.0146179
0 0.430938 0.0558333 0.011875 0.0202778 0.0146179
0 0.83625 0.0761111 0.0325 0.0233333 0.0124283
7 0.08375 0.290556 0.0046875 0.0144444 0.012146
7 0.254375 0.122778 0.004375 0.0141667 0.0120087
2 0.20375 0.151111 0.011875 0.0244445 0.0116882
7 0.265 0.136667 0.00375001 0.0133333 0.0115051
3 0.0353125 0.263333 0.00617188 0.0166667 0.0115051
0 0.99625 0.126146 0.00749995 0.0349306 0.0112457
3 0.00520508 0.262778 0.00677734 0.0172222 0.0110321
0 0.305 0.0957639 0.014375 0.0186111 0.00891876
7 0.235938 0.135 0.005 0.0205556 0.00871277
3 0.209063 0.155417 0.0075 0.0275 0.00871277
7 0.67125 0.0522222 0.00374997 0.0123611 0.00844574
3 0.015957 0.249028 0.0126563 0.0291667 0.008255
0 0.993125 0.130833 0.0137499 0.0355555 0.00787354
2 0.0405859 0.325556 0.0116406 0.03 0.0078125
2 0.0255859 0.346667 0.0128906 0.04 0.00775528
0 0.470938 0.0370139 0.014375 0.0216667 0.00728989
2 0.71625 0.0676389 0.00999997 0.0301389 0.00712204
7 0.69125 0.186667 0.00499999 0.0241667 0.00695801
0 0.8425 0.0784028 0.03625 0.0229167 0.00682449
0 0.985 0.582778 0.03 0.213333 0.00679779
5 0.80125 0.0476562 0.0375 0.0449653 0.00669098
0 0.54125 0.0234375 0.01375 0.0170833 0.00651169
0 0.279219 0.178333 0.039375 0.0516667 0.00634003
3 0.233438 0.124167 0.004375 0.0188889 0.00609589
0 0.478125 0.0159722 0.00812502 0.0130556 0.00602722
7 0.76625 0.124028 0.00499999 0.0183333 0.00577545
7 0.250625 0.124722 0.00562499 0.0127778 0.00572968
7 0.155313 0.226667 0.00671876 0.0111111 0.00570679
7 0.71375 0.0502778 0.00499999 0.0144444 0.0055542
7 0.704375 0.0489583 0.00374997 0.0141667 0.00540543
0 0.00650879 0.333056 0.012373 0.0405555 0.00488663
3 0.230625 0.127222 0.00625 0.0194445 0.00466537
0 0.99 0.124444 0.0199999 0.0305556 0.00448608
0 0.022168 0.244444 0.0201172 0.0266667 0.00428009
7 0.125781 0.220694 0.003125 0.0138889 0.00418091
0 0.0204883 0.286667 0.0130078 0.0255556 0.00411606
7 0.135313 0.224722 0.003125 0.01 0.00403976
0 0.82125 0.07375 0.0325 0.0247222 0.00392914
0 0.825 0.0720833 0.0325 0.0233333 0.00388527
0 0.300312 0.0911111 0.01625 0.0213889 0.00365067
3 0.140313 0.210972 0.005 0.0188889 0.00362206
0 0.428125 0.0163889 0.00874999 0.0133333 0.00359344
0 0.443125 0.0317361 0.00750001 0.0155556 0.00351143
0 0.986875 0.135278 0.02625 0.0316667 0.00333786
2 0.0258936 0.345 0.0259473 0.0411111 0.00332451
3 0.00372559 0.275 0.00702148 0.02 0.00329781
0 0.256875 0.166111 0.0375 0.0461111 0.00323486
0 0.994375 0.543333 0.01125 0.178889 0.00307465
2 0.575625 0.0152083 0.00999997 0.0143056 0.00277901
7 0.7775 0.145694 0.00999997 0.0219445 0.00275803
3 0.59625 0.0414583 0.00625 0.0180556 0.00269318
7 0.69375 0.0633333 0.00249996 0.00944444 0.00261116
3 0.225 0.122917 0.00374999 0.0211111 0.00253105
0 0.0648047 0.257222 0.0236719 0.0327778 0.00253105
0 0.995313 0.536806 0.00937494 0.1575 0.00251198
0 0.0304346 0.275 0.0267871 0.0266667 0.00251198
0 0.165 0.171111 0.033125 0.0327778 0.00246239
2 0.78625 0.0355556 0.00874996 0.0184722 0.002388
0 0.354375 0.0598611 0.020625 0.0225 0.00237846
0 0.0665625 0.252292 0.0259375 0.02875 0.00232315
2 0.195 0.144167 0.009375 0.0219444 0.00226974
0 0.788125 0.0680556 0.035 0.0323611 0.00200272
2 0.274844 0.115833 0.0146875 0.0263889 0.00199509
0 0.19125 0.1675 0.0375 0.0455556 0.00195694
7 0.695 0.0523611 0.00250003 0.0136111 0.00190449
0 0.302969 0.124306 0.02875 0.0408333 0.00189686
0 0.456563 0.0589583 0.034375 0.0325 0.00189686
2 0.584375 0.0146181 0.00750001 0.0142361 0.00183868
0 0.0692188 0.238056 0.0317188 0.0377778 0.00182438
2 0.745 0.114479 0.00875003 0.0415972 0.00174809
7 0.055 0.311667 0.00390625 0.0133333 0.00170708
2 0.655 0.0327778 0.00499999 0.015 0.00168705
7 0.674375 0.0607639 0.00374997 0.0108333 0.00167465
2 0.146719 0.175556 0.00625 0.0183333 0.0016613
3 0.244375 0.122778 0.00375001 0.0147222 0.0016489
5 0.0254248 0.246389 0.0221973 0.0244445 0.0016489
0 0.181563 0.200139 0.03875 0.0447222 0.00162315
0 0.616875 0.0290625 0.0275 0.0199306 0.00160408
2 0.0264648 0.361944 0.0178125 0.0427778 0.00159168
3 0.212813 0.117535 0.0059375 0.0177083 0.00158501
0 0.4575 0.125278 0.043125 0.0583333 0.00153637
0 0.734375 0.05 0.0225 0.0213889 0.00148964
0 0.99375 0.140278 0.0124999 0.0388889 0.0014782
7 0.7675 0.137361 0.00499999 0.0163889 0.00147247
7 0.0947656 0.227778 0.00578125 0.0172222 0.00146675
0 0.277188 0.142778 0.0125 0.0255555 0.00139904
7 0.195938 0.221806 0.00625 0.0169444 0.00139904
0 0.541875 0.0505556 0.015 0.0175 0.00137234
3 0.190313 0.184306 0.02 0.0341667 0.00136662
7 0.66375 0.0465278 0.00250003 0.0147222 0.00133514
2 0.725625 0.0352431 0.00499999 0.0164583 0.00132465
2 0.73375 0.111424 0.00999997 0.0415972 0.00132465
7 0.114531 0.229028 0.00375001 0.0125 0.00131512
7 0.693125 0.0770833 0.00500005 0.0127778 0.00123978
0 0.615625 0.0363889 0.03 0.0231944 0.00122547
0 0.274375 0.174306 0.05375 0.0588889 0.0012207
2 0.603438 0.0135417 0.00625 0.01875 0.00120163
2 0.7975 0.0442361 0.0300001 0.0380556 0.00115585
5 0.582813 0.0225694 0.0325 0.0273611 0.0011425
0 0.00423096 0.298889 0.00823731 0.0266667 0.00113392
3 0.885625 0.0625 0.00499999 0.0175 0.00112438
0 0.98375 0.139722 0.025 0.0277778 0.00109005
7 0.685 0.0476389 0.00250003 0.00777778 0.00108147
0 0.289688 0.141667 0.033125 0.0411111 0.00106907
0 0.46375 0.00923611 0.00499999 0.00833333 0.00104046
0 0.55375 0.0183333 0.010625 0.0169444 0.00100803
0 0.205 0.143611 0.0153125 0.0244444 0.00100803
