0 0.191719 0.643889 0.145625 0.247778 0.964844
0 0.498438 0.814444 0.170625 0.371111 0.960938
0 0.923125 0.833333 0.15375 0.331111 0.959473
0 0.755625 0.901111 0.18 0.197778 0.95752
0 0.326875 0.647222 0.145 0.29 0.956543
0 0.125938 0.541111 0.165625 0.277778 0.95166
0 0.74125 0.376667 0.115 0.148889 0.950195
0 0.295156 0.382222 0.0928125 0.135 0.949219
0 0.0641797 0.942778 0.127734 0.114444 0.946777
5 0.626563 0.154722 0.048125 0.0755556 0.93457
0 0.576875 0.214028 0.055 0.0858333 0.928711
0 0.231875 0.373333 0.09375 0.125556 0.925293
0 0.493438 0.263056 0.055625 0.0972222 0.916504
0 0.50375 0.134167 0.03375 0.0494444 0.890137
0 0.54625 0.110694 0.03125 0.0502778 0.888672
0 0.515 0.0398611 0.015 0.0195833 0.883301
0 0.5325 0.0593056 0.01875 0.0258333 0.868652
0 0.465938 0.0861806 0.0225 0.0319444 0.867188
0 0.146172 0.316944 0.0595313 0.0961111 0.862305
0 0.243125 0.162778 0.03 0.0394445 0.86084
0 0.495 0.0627778 0.0175 0.0269444 0.856934
0 0.28875 0.157639 0.040625 0.0641667 0.838867
0 0.448438 0.13625 0.035 0.0633333 0.836426
0 0.147656 0.253958 0.0440625 0.0665278 0.834473
7 0.255781 0.265 0.0075 0.0222222 0.833496
0 0.532813 0.0273611 0.011875 0.0159028 0.832031
0 0.177227 0.237778 0.0405469 0.0566667 0.817383
0 0.0305811 0.306111 0.0293066 0.0344445 0.813965
2 0.95125 0.314722 0.0275 0.0794445 0.8125
6 0.00947266 0.405 0.0188477 0.06 0.790527
0 0.38125 0.0675 0.01375 0.0225 0.788086
0 0.36 0.0767361 0.016875 0.0233333 0.782715
0 0.472813 0.0409028 0.014375 0.0201389 0.779785
0 0.80875 0.0608333 0.0325 0.0247222 0.779785
0 0.0107227 0.485833 0.0214453 0.0872223 0.771973
0 0.222031 0.140833 0.029375 0.0305556 0.767578
0 0.402813 0.06375 0.015625 0.0233333 0.764648
7 0.242656 0.280833 0.00718749 0.0227778 0.760742
7 0.743125 0.173333 0.00625 0.0216667 0.732422
0 0.86875 0.0722222 0.0275 0.0213889 0.726562
0 0.844375 0.06875 0.02875 0.0222222 0.712402
0 0.345625 0.107222 0.02125 0.0336111 0.712402
0 0.0741406 0.258056 0.0303125 0.0266667 0.708984
2 0.6925 0.0784028 0.01 0.0284722 0.704102
0 0.280938 0.125139 0.0225 0.0347222 0.704102
0 0.3375 0.0977778 0.02125 0.0308333 0.700684
0 0.0519531 0.281667 0.0307813 0.0366666 0.699219
7 0.75125 0.161667 0.00499999 0.0194444 0.686035
0 0.41875 0.06 0.015625 0.0211111 0.680664
0 0.75625 0.0590278 0.0375 0.02625 0.679199
0 0.959375 0.102917 0.0225 0.0205556 0.673828
0 0.0111914 0.588333 0.0223438 0.166667 0.660156
0 0.300156 0.116667 0.0234375 0.0316667 0.647949
0 0.729375 0.0427778 0.0325 0.0227778 0.640625
0 0.500938 0.0300347 0.011875 0.0224306 0.638672
2 0.614375 0.0240972 0.00687504 0.0141667 0.638672
0 0.392813 0.061875 0.013125 0.0226389 0.62793
0 0.0076416 0.320556 0.0151855 0.03 0.616699
2 0.643125 0.0438194 0.00625 0.0201389 0.609375
1 0.336172 0.0728472 0.0326563 0.0413889 0.602051
0 0.429688 0.0531944 0.014375 0.0216667 0.594727
2 0.0692969 0.290278 0.0153125 0.0294445 0.575684
0 0.590625 0.08875 0.03 0.0525 0.563965
0 0.430625 0.0489583 0.0125 0.0193056 0.562012
3 0.0471094 0.341111 0.00890625 0.0388889 0.561035
2 0.0678906 0.296667 0.0164063 0.0377778 0.552734
1 0.340625 0.0722222 0.043125 0.0472222 0.545898
0 0.385625 0.0455556 0.00999997 0.0172222 0.544922
0 0.75125 0.0568056 0.0375 0.0275 0.541016
2 0.177969 0.182222 0.01125 0.0261111 0.519531
2 0.0250195 0.358889 0.0205859 0.0411111 0.511719
5 0.590625 0.0889583 0.03 0.0531944 0.507812
5 0.395 0.0326736 0.015 0.0286806 0.503906
0 0.507812 0.00993056 0.00874999 0.01125 0.498047
0 0.476875 0.0298958 0.00812499 0.015625 0.488281
0 0.48125 0.0279861 0.01125 0.0156944 0.486328
2 0.0655469 0.297778 0.011875 0.0366667 0.464844
0 0.545625 0.0205903 0.010625 0.0139583 0.44458
0 0.54625 0.0347917 0.0125 0.0201389 0.435791
0 0.781875 0.0505556 0.0275 0.0222222 0.424316
7 0.94375 0.219444 0.00499999 0.0172222 0.424316
0 0.0625781 0.267778 0.0314063 0.0261111 0.414795
0 0.411875 0.0486111 0.01125 0.0180556 0.403564
3 0.76875 0.1175 0.00499999 0.0427778 0.398926
7 0.74375 0.125 0.00499999 0.0166667 0.397949
2 0.6825 0.0405556 0.00499999 0.0206944 0.386719
0 0.393125 0.05875 0.0125 0.0172222 0.384033
2 0.0258008 0.344444 0.0181641 0.0388889 0.373779
0 0.483125 0.0140972 0.00750001 0.0113889 0.370117
1 0.350313 0.0626389 0.02625 0.0391667 0.355713
7 0.945 0.214722 0.00499999 0.0180556 0.341553
0 0.0679688 0.2625 0.0265625 0.03 0.336426
0 0.00892578 0.314444 0.0178516 0.03 0.328613
2 0.0270313 0.354444 0.0200781 0.0444444 0.325928
0 0.83 0.0591667 0.03 0.0208333 0.31665
0 0.403125 0.0438889 0.01 0.0170833 0.312256
0 0.393438 0.045625 0.011875 0.0181944 0.310791
0 0.42625 0.0508333 0.0125 0.02 0.30249
0 0.0405859 0.282222 0.0311719 0.0333333 0.30249
0 0.4925 0.00909722 0.00750001 0.0104167 0.297363
0 0.147188 0.295 0.0553125 0.06 0.295898
0 0.548125 0.0363194 0.015 0.0201389 0.294189
1 0.370625 0.0509722 0.01625 0.0291667 0.294189
0 0.150859 0.278889 0.0492188 0.0588889 0.291016
0 0.412813 0.0310069 0.00875003 0.0120833 0.284668
2 0.247813 0.120556 0.00687501 0.0194445 0.279785
2 0.0723438 0.279167 0.0151563 0.0311111 0.275146
1 0.394688 0.0340278 0.015625 0.0331944 0.275146
0 0.429375 0.0222917 0.00874999 0.0118056 0.260498
7 0.745 0.1275 0.00499999 0.0180556 0.258301
0 0.97875 0.14125 0.0300001 0.0305556 0.252441
2 0.655 0.0399306 0.00625 0.0206944 0.24939
2 0.673125 0.055625 0.00625 0.0283333 0.248047
2 0.0289844 0.341944 0.0160156 0.0372222 0.243652
0 0.330078 0.0770833 0.0210938 0.0341667 0.242188
2 0.69375 0.0416493 0.00625 0.0178125 0.240723
0 0.411563 0.0223264 0.01 0.0136806 0.237183
2 0.580625 0.0343056 0.00999997 0.01625 0.235107
0 0.444063 0.0139583 0.00687497 0.0111111 0.229492
0 0.3325 0.0859722 0.02125 0.0233333 0.229492
7 0.94125 0.217778 0.00500005 0.0169444 0.227417
2 0.150469 0.201806 0.0065625 0.0219444 0.220703
0 0.42375 0.0315625 0.00875003 0.0138194 0.219971
3 0.770625 0.103194 0.00750001 0.0286111 0.217285
2 0.152344 0.2 0.00718751 0.0205556 0.206299
2 0.0557813 0.244028 0.00890625 0.0163889 0.205566
2 0.57875 0.0325347 0.00999997 0.0165972 0.200562
2 0.77125 0.108472 0.00875003 0.0391667 0.187744
2 0.133438 0.18375 0.00625 0.0213889 0.181885
7 0.70125 0.198611 0.00750001 0.0255555 0.178345
0 0.545625 0.0163194 0.00750001 0.0133333 0.17334
3 0.6725 0.0540278 0.00625 0.0263889 0.169434
0 0.0362305 0.290556 0.0300391 0.0344445 0.167725
2 0.655 0.0362847 0.00750001 0.0196528 0.165649
3 0.77125 0.109861 0.00999997 0.04 0.160278
0 0.341875 0.0904861 0.020625 0.0293056 0.157104
7 0.595 0.0461111 0.00374997 0.0144444 0.15564
0 0.283125 0.144722 0.029375 0.0466667 0.153076
0 0.300625 0.111389 0.02375 0.0286111 0.151978
7 0.705 0.0776389 0.00375004 0.0144444 0.150513
3 0.166719 0.185833 0.00625 0.0258333 0.146606
7 0.75375 0.159444 0.00499999 0.0194444 0.142212
0 0.8275 0.0634028 0.0375 0.0243056 0.139893
0 0.4325 0.0305903 0.00874999 0.0138194 0.137573
7 0.0432031 0.361111 0.0053125 0.0155556 0.135742
2 0.18375 0.179167 0.008125 0.0261111 0.134766
0 0.80875 0.06375 0.03875 0.0263889 0.128906
3 0.0286719 0.363889 0.0107031 0.0366667 0.127686
2 0.970625 0.156944 0.00875003 0.0333333 0.121277
2 0.683125 0.0379861 0.00625 0.02125 0.12085
5 0.728125 0.040625 0.03375 0.0254167 0.119202
0 0.40375 0.0297569 0.00874999 0.0139583 0.117554
0 0.79 0.0538889 0.04 0.0240278 0.113953
3 0.145938 0.21 0.00515626 0.02 0.111267
0 0.29125 0.141111 0.035625 0.0472222 0.10968
3 0.155547 0.192778 0.00578125 0.0244444 0.106689
3 0.9625 0.168333 0.00750001 0.0333333 0.105225
2 0.0229492 0.354444 0.0153906 0.0477778 0.104492
3 0.168438 0.186667 0.00625 0.025 0.0957031
0 0.0529297 0.271111 0.030625 0.0277778 0.0950317
0 0.4075 0.0584722 0.0125 0.0206944 0.092041
0 0.36625 0.0693056 0.01 0.0177778 0.0903931
2 0.96625 0.151389 0.00749995 0.0311111 0.0894775
0 0.83375 0.0538889 0.02125 0.0208333 0.0891113
2 0.102891 0.209167 0.00546875 0.0186111 0.088501
0 0.0298389 0.296944 0.0273535 0.0322222 0.0881958
7 0.65125 0.0528472 0.00499999 0.0127778 0.0878906
0 0.452813 0.00854167 0.00687501 0.00847222 0.0863037
7 0.753125 0.161667 0.00625 0.0213889 0.0823975
7 0.766875 0.130694 0.00499999 0.0169444 0.0769653
0 0.37125 0.0519618 0.0175 0.0299653 0.0753174
0 0.49875 0.00505208 0.00750001 0.0101042 0.0748901
7 0.0272266 0.38 0.00734375 0.0177778 0.072876
0 0.735 0.0467882 0.03 0.0233681 0.0710449
5 0.411875 0.0165972 0.00874999 0.0149306 0.0685425
7 0.69 0.186944 0.00500005 0.0233333 0.0670776
5 0.4375 0.0136111 0.00749998 0.0131944 0.0628052
2 0.665 0.0414062 0.00500005 0.0188542 0.0618896
2 0.580938 0.0387326 0.009375 0.0205903 0.0607605
0 0.429375 0.0561111 0.013125 0.0204167 0.0594177
3 0.0109204 0.271667 0.00870606 0.0222222 0.0566406
0 0.491875 0.0159375 0.00750001 0.0131944 0.0564575
5 0.0044165 0.264722 0.00883301 0.0372222 0.0548096
2 0.705 0.0360417 0.00750001 0.0181944 0.0535889
2 0.168594 0.181944 0.00968749 0.0255555 0.0512695
7 0.253125 0.265 0.008125 0.0211111 0.0505066
3 0.67375 0.0369444 0.00499999 0.0194444 0.0499573
0 0.496563 0.0577778 0.014375 0.0252778 0.0486755
0 0.77625 0.0601389 0.0325 0.0197222 0.0486755
0 0.293125 0.130278 0.031875 0.0375 0.0483093
7 0.164063 0.201111 0.005 0.0166667 0.0477905
2 0.695 0.036875 0.00499999 0.0190278 0.0438538
2 0.134219 0.181944 0.008125 0.0244445 0.0438538
0 0.00840332 0.307778 0.0167871 0.0294445 0.0438538
0 0.506875 0.0164583 0.00874999 0.0144444 0.0438538
7 0.7 0.0761806 0.00499999 0.0193056 0.0428162
2 0.665 0.0351389 0.00500005 0.0168056 0.0414734
0 0.458438 0.00385417 0.00687501 0.00770833 0.0409851
3 0.10125 0.2075 0.00625 0.0238889 0.0375366
3 0.155313 0.179444 0.00531251 0.0222222 0.0374756
0 0.112891 0.192222 0.0182812 0.0233333 0.035553
0 0.8425 0.0654861 0.0325 0.0218056 0.033844
0 0.58875 0.0836111 0.02625 0.04 0.0328369
5 0.00425293 0.255625 0.00850586 0.0354167 0.0310211
7 0.95625 0.29 0.00874996 0.0361111 0.0297546
7 0.0951563 0.279167 0.0034375 0.0111111 0.0284424
0 0.47125 0.0477604 0.01625 0.0255903 0.0281067
0 0.00757813 0.327222 0.0147266 0.0322222 0.0278015
3 0.97375 0.165 0.00750001 0.0277778 0.0275879
2 0.582813 0.0150694 0.00687504 0.01375 0.0247955
0 0.330625 0.0933333 0.015 0.0254167 0.0238647
7 0.773125 0.146667 0.00499999 0.0169444 0.0234222
7 0.764375 0.149167 0.00499999 0.0166667 0.0231476
2 0.0134375 0.265 0.00640625 0.0177778 0.0226288
3 0.89625 0.0655556 0.00499999 0.0177778 0.0222931
3 0.236406 0.120833 0.00531251 0.0152778 0.0214539
0 0.316875 0.0760417 0.00750001 0.0201389 0.0212097
2 0.769375 0.111701 0.00999997 0.0421528 0.0209656
2 0.0110962 0.271389 0.0103076 0.0211111 0.0208893
2 0.206406 0.15 0.00656249 0.0205556 0.0200195
3 0.140156 0.209722 0.0078125 0.0222222 0.0192413
7 0.700625 0.199028 0.00750001 0.0366667 0.0184326
0 0.479063 0.0153472 0.009375 0.0120833 0.0184021
0 0.829375 0.0722917 0.0325 0.0251389 0.0179138
2 0.7075 0.0422917 0.00999997 0.0161111 0.0177765
2 0.691875 0.0540278 0.00625 0.0144444 0.0174408
3 0.0435938 0.307222 0.00703125 0.0366667 0.016922
3 0.189375 0.167222 0.005 0.0244444 0.0165863
0 0.7775 0.0644445 0.0475 0.0261111 0.0165253
2 0.579375 0.0395139 0.00999997 0.0206944 0.0162811
3 0.961875 0.173056 0.00750001 0.04 0.0158997
1 0.409375 0.0186111 0.0125 0.0180556 0.0155411
0 0.746875 0.0622917 0.0425 0.02875 0.0154266
0 0.338125 0.0774306 0.01875 0.02875 0.0137405
7 0.71625 0.0756944 0.00499999 0.0230556 0.0136871
3 0.125156 0.192361 0.005 0.0188889 0.0136871
0 0.381875 0.0704861 0.01625 0.0270833 0.013588
0 0.295938 0.138194 0.025625 0.0322222 0.0132217
7 0.68625 0.0813889 0.00375004 0.0205556 0.01297
0 0.564375 0.0263542 0.00562496 0.0123611 0.0127258
0 0.52625 0.00909722 0.00750001 0.00861111 0.0119629
1 0.37 0.03625 0.01375 0.0261111 0.0118713
3 0.123906 0.217778 0.00406249 0.02 0.0116425
7 0.729375 0.123056 0.00499999 0.0172222 0.0112457
3 0.7675 0.126111 0.00499999 0.0233333 0.0108185
0 0.449375 0.0160764 0.00750001 0.0129861 0.0107346
2 0.8825 0.0518056 0.00750001 0.0166667 0.0104065
3 0.194063 0.153333 0.0059375 0.0261111 0.00997162
2 0.150938 0.201111 0.0140625 0.03 0.00974274
0 0.00390137 0.274444 0.00764649 0.0222222 0.00933838
3 0.131875 0.188333 0.00734375 0.0244444 0.00933838
0 0.424063 0.0143056 0.00625 0.010625 0.00888062
2 0.645625 0.0395139 0.01 0.02375 0.00854492
0 0.417813 0.0652778 0.01625 0.0238889 0.008255
2 0.345938 0.108542 0.0225 0.0379167 0.00806427
0 0.98625 0.122222 0.015 0.02 0.0078125
7 0.0846875 0.289722 0.004375 0.0172222 0.00772476
0 0.9575 0.105208 0.0275 0.0220833 0.00754929
0 0.552813 0.0138194 0.00750001 0.0105556 0.00751877
7 0.0845313 0.281111 0.00625 0.0194444 0.00740433
7 0.688125 0.183611 0.00750001 0.0222222 0.00737381
2 0.0501953 0.341111 0.0122656 0.04 0.00728989
0 0.99375 0.125833 0.0124999 0.0252778 0.00723267
0 0.30375 0.114167 0.024375 0.0291667 0.00641251
0 0.53125 0.0295833 0.01375 0.0173611 0.00621796
3 0.194688 0.171944 0.00687501 0.0305556 0.00621796
2 0.60375 0.0265625 0.00625 0.0158333 0.00614548
0 0.469063 0.0640278 0.01375 0.0144444 0.00612259
2 0.710625 0.0520833 0.00625 0.0172222 0.006073
7 0.237344 0.288056 0.00687501 0.02 0.00602722
3 0.314375 0.0700694 0.00625 0.0206944 0.00568771
0 0.113594 0.195556 0.0239062 0.0263889 0.00536346
7 0.0947656 0.266667 0.0053125 0.02 0.00526047
0 0.98875 0.136944 0.0225 0.0294444 0.00521851
0 0.0043335 0.336111 0.00865723 0.0377778 0.00518036
0 0.588125 0.0213194 0.015 0.0141667 0.00518036
2 0.77125 0.0370139 0.00999997 0.0206944 0.00486755
0 0.0216455 0.244722 0.0137402 0.0183333 0.00481033
7 0.74875 0.125972 0.00499999 0.0191667 0.00460815
3 0.715625 0.0693056 0.00499999 0.0220833 0.00457382
0 0.307813 0.108194 0.018125 0.0255556 0.00457382
0 0.974375 0.112778 0.00999997 0.0188889 0.00439835
0 0.47125 0.0378472 0.014375 0.0225 0.00431442
2 0.76625 0.0377083 0.00999997 0.0215278 0.00429916
7 0.705 0.0718056 0.00499999 0.0191667 0.0042305
3 0.984375 0.163056 0.00750001 0.0402778 0.0041008
3 0.247813 0.129028 0.00874999 0.0216667 0.00395966
2 0.195469 0.184167 0.00562499 0.0211111 0.0039444
0 0.0454004 0.275556 0.031543 0.0355555 0.00385475
1 0.373438 0.0369444 0.01875 0.0411111 0.00376511
3 0.795625 0.0808333 0.00750001 0.0302778 0.00370789
3 0.961875 0.314444 0.00999997 0.0788889 0.00370789
0 0.97125 0.137361 0.02875 0.0380556 0.00365067
0 0.515625 0.00954861 0.00749998 0.0102083 0.00356483
3 0.925 0.0872222 0.00625 0.0202778 0.00356483
7 0.693125 0.190556 0.00500005 0.0255556 0.00356483
0 0.391563 0.0353472 0.016875 0.0209722 0.00331116
0 0.87125 0.0761111 0.03 0.0225 0.00329781
3 0.67 0.030625 0.00499999 0.0268056 0.00305176
0 0.540313 0.00447917 0.00562503 0.00895833 0.00300407
