0 0.246875 0.684444 0.111875 0.157778 0.955078
0 0.616875 0.726667 0.1125 0.2 0.936523
0 0.49 0.515556 0.05625 0.0911111 0.920898
0 0.0901758 0.531667 0.0590234 0.0711111 0.917969
0 0.521875 0.408333 0.03625 0.0522222 0.895508
0 0.42 0.46 0.04125 0.0655555 0.880859
0 0.0177441 0.668889 0.035332 0.0977778 0.870605
0 0.166562 0.437222 0.0378125 0.0444444 0.863281
0 0.465313 0.379444 0.0275 0.0388889 0.856934
0 0.193438 0.474444 0.0534375 0.0655556 0.85498
0 0.328047 0.356944 0.0251562 0.03 0.845703
0 0.249063 0.4 0.033125 0.0388889 0.84082
0 0.50375 0.348889 0.0225 0.03 0.835449
0 0.48125 0.331111 0.0175 0.0255556 0.832031
0 0.0528027 0.45 0.0343945 0.0338889 0.824219
0 0.4525 0.312778 0.015 0.0188889 0.822266
0 0.493125 0.293333 0.01125 0.0144444 0.817383
0 0.538125 0.365833 0.028125 0.0366667 0.808105
0 0.298125 0.3525 0.02125 0.0283333 0.799316
0 0.504375 0.317222 0.0175 0.0222222 0.79834
0 0.0104004 0.464444 0.0206836 0.0272222 0.792969
0 0.75625 0.335556 0.04 0.0277778 0.791992
0 0.441875 0.340556 0.0175 0.0266667 0.791992
0 0.355625 0.316111 0.0125 0.0177778 0.778809
0 0.53625 0.335556 0.0225 0.03 0.778809
7 0.73 0.439444 0.00499999 0.0188889 0.764648
0 0.308906 0.332778 0.0159375 0.02 0.757812
0 0.0159473 0.451667 0.0276367 0.0233333 0.756348
0 0.0603125 0.439167 0.0301562 0.0227778 0.73877
7 0.0248438 0.531389 0.00578125 0.0183334 0.73584
7 0.724375 0.400833 0.00374997 0.0172222 0.720215
0 0.339063 0.331667 0.016875 0.0255555 0.695801
7 0.6675 0.465 0.00625 0.0233334 0.665527
0 0.51625 0.290556 0.01 0.0144444 0.645996
0 0.480625 0.3075 0.015 0.0194444 0.644043
0 0.385625 0.322222 0.01625 0.0266667 0.633301
0 0.4075 0.320556 0.01625 0.02 0.616699
0 0.405625 0.296667 0.0125 0.0188889 0.592773
3 0.23625 0.486111 0.00999999 0.06 0.592773
2 0.210469 0.369444 0.0078125 0.0277778 0.587891
0 0.251563 0.385 0.02875 0.0311111 0.586914
0 0.394375 0.297222 0.01 0.0155556 0.57959
0 0.36875 0.308611 0.0125 0.0177778 0.558105
0 0.253125 0.381944 0.024375 0.0272222 0.554688
7 0.75 0.416667 0.00499999 0.0172222 0.550781
0 0.369375 0.305556 0.0125 0.0166667 0.548828
7 0.925 0.458889 0.00499999 0.0155556 0.542969
7 0.73875 0.427778 0.00499999 0.0216667 0.541016
7 0.126328 0.421111 0.00375 0.0111111 0.476562
7 0.678125 0.48 0.00750001 0.0255556 0.462891
7 0.74625 0.401111 0.00500005 0.0166667 0.458984
0 0.376875 0.300556 0.009375 0.0144444 0.449463
0 0.335625 0.316944 0.0125 0.015 0.42627
0 0.501875 0.291111 0.00999997 0.0155556 0.414795
0 0.466563 0.28 0.00687501 0.0122222 0.383057
7 0.92375 0.466389 0.00499999 0.0166667 0.357666
3 0.227188 0.495556 0.010625 0.0588889 0.357666
3 0.233438 0.488333 0.015625 0.06 0.352295
0 0.48 0.303333 0.013125 0.0211111 0.348633
0 0.334375 0.340833 0.01875 0.0222222 0.332031
0 0.485625 0.280556 0.00625 0.0122222 0.324219
3 0.150313 0.401111 0.0065625 0.03 0.309814
0 0.415625 0.292778 0.00874999 0.0155555 0.309082
3 0.6775 0.348333 0.00749995 0.0344445 0.29248
3 0.229688 0.492778 0.0115625 0.0544445 0.291748
0 0.504375 0.312222 0.015 0.0222222 0.269043
0 0.383438 0.298333 0.00874999 0.0144444 0.245117
0 0.475625 0.274722 0.00500002 0.0116666 0.229492
7 0.635313 0.330556 0.003125 0.0127778 0.226807
0 0.323047 0.335 0.0164063 0.0227778 0.225464
3 0.224063 0.500556 0.010625 0.0544444 0.223999
0 0.457813 0.300556 0.009375 0.0172222 0.222046
0 0.4875 0.269444 0.00687501 0.01 0.20752
0 0.405625 0.300278 0.0125 0.0155555 0.206299
0 0.413438 0.282222 0.00812499 0.0122222 0.19873
0 0.345 0.317222 0.01125 0.0166667 0.194336
0 0.47 0.272222 0.00687501 0.0111111 0.194336
7 0.0490625 0.478056 0.0040625 0.0144444 0.193115
0 0.418125 0.286389 0.009375 0.015 0.183594
0 0.370938 0.306667 0.0125 0.0188889 0.182983
0 0.363438 0.300556 0.009375 0.0122222 0.179565
0 0.500313 0.287222 0.009375 0.0161111 0.16394
0 0.433438 0.275556 0.00625 0.00777777 0.153076
7 0.0101855 0.544306 0.00636719 0.0202778 0.151978
0 0.42 0.308333 0.0125 0.0194444 0.140381
0 0.425625 0.279444 0.00749998 0.0111111 0.12085
0 0.42125 0.298611 0.01 0.0194444 0.12085
0 0.390625 0.303333 0.01125 0.0166667 0.11554
0 0.379375 0.289722 0.00687497 0.0127778 0.110474
0 0.536875 0.357222 0.02625 0.0416667 0.0966797
0 0.485625 0.263889 0.00499999 0.0111111 0.0950317
3 0.684375 0.350278 0.00499999 0.0372222 0.0946655
0 0.449063 0.267222 0.00625 0.00999999 0.0930176
2 0.0623438 0.425 0.0075 0.0177778 0.0894775
3 0.226719 0.486111 0.0153125 0.0633333 0.0881958
0 0.395625 0.308333 0.01125 0.0194444 0.0875854
7 0.223125 0.505833 0.00874999 0.0516667 0.0866089
0 0.45875 0.285556 0.01 0.0144444 0.0789185
3 0.6825 0.348611 0.00750001 0.0361111 0.0769653
0 0.535 0.331111 0.0225 0.0294444 0.0736694
0 0.5025 0.259722 0.00625 0.00833333 0.0690308
7 0.7375 0.427222 0.00625 0.0211111 0.0675659
7 0.0543359 0.471667 0.00476562 0.0122222 0.0653687
0 0.47625 0.262778 0.00499999 0.00999999 0.0648804
7 0.65375 0.317778 0.00374997 0.0111111 0.0648804
0 0.495313 0.260833 0.00562499 0.00888887 0.0632324
2 0.6775 0.345556 0.00999997 0.0344445 0.0549927
7 0.205938 0.381944 0.00375001 0.0122222 0.0483093
0 0.429063 0.270556 0.00499999 0.0077778 0.0433655
0 0.405 0.283333 0.00875003 0.0122222 0.0402527
3 0.221719 0.487222 0.00687501 0.0444444 0.0384521
7 0.7525 0.417222 0.00625 0.0177778 0.0368958
2 0.211875 0.3725 0.009375 0.0272222 0.035675
2 0.688125 0.344444 0.0225 0.0355555 0.0352783
7 0.74375 0.423333 0.00499999 0.0172222 0.0330811
3 0.250938 0.336111 0.00437501 0.0211111 0.0311432
0 0.44625 0.263333 0.00499999 0.01 0.0297546
0 0.686875 0.341111 0.02125 0.0322222 0.0283356
3 0.229063 0.480556 0.0215625 0.0666666 0.0265503
3 0.190781 0.375 0.0046875 0.0233333 0.0255585
0 0.312656 0.345556 0.0178125 0.0266667 0.0222931
7 0.65375 0.327778 0.00374997 0.0133333 0.0194244
2 0.151719 0.394722 0.0075 0.0266667 0.0194244
0 0.167539 0.431111 0.0330469 0.04 0.0191193
7 0.128281 0.415278 0.00437501 0.0144444 0.0190582
0 0.301563 0.339444 0.019375 0.0222222 0.0181274
7 0.195313 0.389444 0.004375 0.02 0.0174408
0 0.515625 0.284167 0.00749998 0.015 0.016983
3 0.151719 0.401111 0.0075 0.03 0.0165253
0 0.465313 0.291944 0.00812499 0.0144444 0.0160217
7 0.0442188 0.469444 0.00859375 0.0188889 0.0142822
3 0.67125 0.346944 0.00749995 0.0327778 0.0120087
7 0.72625 0.443889 0.00499999 0.0211111 0.0115967
0 0.189063 0.455 0.021875 0.0444444 0.0110321
2 0.0598828 0.43 0.0192969 0.0233333 0.0104065
7 0.92875 0.451111 0.00500005 0.015 0.00993347
3 0.58125 0.286111 0.00625 0.0172222 0.00993347
0 0.329688 0.319444 0.0125 0.0188889 0.00978088
7 0.7225 0.448889 0.00750001 0.0211111 0.00901794
7 0.145234 0.418333 0.00265625 0.0111111 0.00894928
7 0.637188 0.318333 0.00499999 0.0133333 0.00878143
0 0.491875 0.298333 0.01125 0.0177778 0.00844574
7 0.665 0.311667 0.00250003 0.00999999 0.00837708
7 0.73375 0.434444 0.00500005 0.0177778 0.00818634
7 0.63 0.335556 0.00375004 0.0133333 0.00757599
0 0.5 0.334444 0.0225 0.0277778 0.00748825
0 0.354375 0.309167 0.013125 0.0166667 0.00746155
7 0.0649219 0.472222 0.00617188 0.0144445 0.00743103
0 0.224063 0.468889 0.01875 0.0533333 0.00641251
0 0.495 0.281667 0.00874999 0.0116666 0.006073
0 0.202344 0.466111 0.0371875 0.0505556 0.006073
7 0.71 0.403056 0.00499999 0.0222222 0.00600433
0 0.505625 0.345556 0.02 0.0344445 0.00595856
0 0.509375 0.266667 0.00562499 0.0111111 0.00582123
7 0.224063 0.371667 0.00375001 0.0166667 0.00548935
2 0.0239258 0.418056 0.00632812 0.0172222 0.00538635
0 0.46375 0.368333 0.0275 0.0466667 0.00521851
7 0.67125 0.471667 0.00625 0.0255556 0.00500107
3 0.150781 0.385556 0.0065625 0.0322222 0.00468063
3 0.549063 0.267778 0.00562503 0.0194444 0.00457382
0 0.53625 0.322778 0.0175 0.0222222 0.00443268
0 0.39375 0.281667 0.00749998 0.00999999 0.00424957
3 0.71 0.309444 0.00499999 0.0188889 0.0042305
7 0.205313 0.402222 0.00375001 0.0111111 0.00415039
7 0.67625 0.317222 0.00499999 0.0122222 0.00407028
7 0.224688 0.384444 0.0034375 0.0144444 0.00407028
0 0.435625 0.264444 0.00499999 0.00999999 0.00400543
2 0.196406 0.396389 0.0059375 0.025 0.00387001
0 0.0050293 0.646667 0.0100586 0.07 0.00385475
2 0.7625 0.322778 0.0225 0.0222222 0.00367928
0 0.99625 0.674444 0.00749995 0.0677777 0.00367928
0 0.455 0.262778 0.00374997 0.00888889 0.00358009
0 0.98625 0.331944 0.00750001 0.0138889 0.00356483
7 0.0357422 0.486111 0.00445312 0.02 0.00353813
7 0.67125 0.466667 0.00749995 0.0277777 0.00335121
3 0.170156 0.376667 0.00625 0.0222222 0.00317192
0 0.3425 0.331944 0.019375 0.025 0.00307465
3 0.583125 0.290556 0.00625 0.0188889 0.00288963
0 0.475625 0.304444 0.0175 0.02 0.00286674
3 0.253438 0.329444 0.00687499 0.0205556 0.00271416
0 0.4125 0.272778 0.01 0.0122222 0.00264168
3 0.655625 0.295 0.00374997 0.0177778 0.00263214
0 0.954375 0.335 0.01125 0.0155555 0.00247192
2 0.148516 0.395 0.008125 0.0283333 0.0024147
0 0.335 0.341667 0.0225 0.0266667 0.002388
3 0.293438 0.363889 0.014375 0.0322222 0.00219917
7 0.575 0.33 0.00375004 0.0122222 0.00214958
0 0.44 0.339444 0.02375 0.03 0.00209045
0 0.978125 0.335556 0.02375 0.0166667 0.00206757
3 0.0215283 0.465 0.0121777 0.0233334 0.00197983
0 0.501875 0.285 0.009375 0.0172222 0.00195694
0 0.965 0.336111 0.0175 0.0177778 0.00194931
7 0.615 0.33 0.00374997 0.0111111 0.00191212
2 0.148594 0.401111 0.008125 0.0322222 0.00191212
7 0.7425 0.428333 0.00499999 0.0211111 0.00191212
7 0.6675 0.3525 0.00499999 0.0188889 0.00189686
0 0.180313 0.371111 0.020625 0.0244445 0.00182438
2 0.5825 0.284444 0.00625 0.0155555 0.0018177
3 0.664375 0.295833 0.00375004 0.015 0.0018177
7 0.625625 0.331389 0.00374997 0.0111111 0.0018034
3 0.0294141 0.410278 0.00671875 0.0183333 0.00176144
2 0.410625 0.330278 0.01625 0.0261111 0.0017271
7 0.0947656 0.423889 0.00390625 0.0122222 0.0016613
0 0.0601172 0.432222 0.0309375 0.0277778 0.00165462
0 0.506875 0.315833 0.0175 0.0233333 0.0016489
0 0.00343262 0.640556 0.00685547 0.0644445 0.00161076
0 0.0533984 0.43 0.0241406 0.0238889 0.00158501
7 0.134844 0.435 0.00468751 0.0144444 0.00158501
2 0.192813 0.371667 0.00562499 0.0211111 0.00156116
0 0.763125 0.323889 0.03 0.0238889 0.00150108
0 0.196563 0.461944 0.031875 0.0538889 0.00150108
0 0.170156 0.369444 0.028125 0.0255556 0.00144386
7 0.126406 0.432222 0.0053125 0.0166667 0.0012846
3 0.218125 0.364167 0.00812499 0.0216667 0.00126934
2 0.0242578 0.407222 0.00796875 0.0172222 0.00123024
0 0.0160742 0.421667 0.0139063 0.0155555 0.00112915
0 0.536875 0.325 0.0225 0.0288889 0.0011158
0 0.015625 0.437222 0.0210938 0.0266667 0.00109482
7 0.0457031 0.481944 0.00609375 0.0244444 0.00108147
2 0.205781 0.358333 0.004375 0.0233333 0.00106907
2 0.273438 0.327222 0.00687501 0.0177778 0.00104809
0 0.334375 0.312222 0.015 0.0211111 0.00100422
