0 0.228125 0.550556 0.129688 0.213333 0.962891
0 0.116406 0.85 0.165313 0.295556 0.961914
0 0.340703 0.539444 0.129844 0.243333 0.959473
0 0.8525 0.646667 0.185 0.336667 0.958008
0 0.240664 0.916667 0.177422 0.166667 0.958008
0 0.763125 0.920556 0.18375 0.158889 0.950684
0 0.49625 0.567778 0.14125 0.374444 0.94873
2 0.655625 0.526944 0.0625 0.187222 0.943359
0 0.147344 0.542778 0.125313 0.197778 0.943359
0 0.608125 0.29 0.0725 0.109444 0.942383
0 0.83875 0.349444 0.09 0.119444 0.941406
0 0.230469 0.378611 0.09125 0.126111 0.935547
0 0.318438 0.339444 0.083125 0.118889 0.934082
0 0.7075 0.3225 0.0975 0.132778 0.933594
0 0.411875 0.316667 0.07625 0.123333 0.932129
0 0.506875 0.311736 0.065625 0.136528 0.924805
0 0.8075 0.226389 0.045 0.0811111 0.913574
0 0.813125 0.163611 0.03875 0.0566667 0.902832
0 0.8725 0.137778 0.0425001 0.0433333 0.888184
0 0.342188 0.129167 0.05125 0.035 0.883301
0 0.162148 0.218333 0.0475781 0.0427778 0.867188
0 0.262969 0.116806 0.0284375 0.0313889 0.85498
0 0.448438 0.0817361 0.040625 0.03125 0.841797
0 0.0380664 0.301667 0.0315234 0.0377778 0.825684
0 0.309375 0.131667 0.04375 0.0344444 0.820801
0 0.411875 0.0856944 0.03375 0.0297222 0.818848
0 0.342188 0.08375 0.015625 0.0222222 0.79834
0 0.75375 0.0595139 0.04 0.02625 0.790527
7 0.255625 0.266111 0.00750001 0.0222222 0.790527
0 0.2925 0.0996528 0.025 0.0276389 0.788086
0 0.193125 0.190139 0.0496875 0.0361111 0.785156
0 0.475938 0.0413889 0.014375 0.0194444 0.78418
0 0.065625 0.276667 0.033125 0.0333333 0.78418
2 0.923125 0.213056 0.0125 0.0555556 0.773438
0 0.983125 0.981667 0.0325 0.0344444 0.754883
3 0.68375 0.174444 0.0125 0.0644445 0.744629
2 0.9475 0.189722 0.0125 0.0388889 0.742188
3 0.221563 0.274444 0.0175 0.0605555 0.740234
0 0.0773438 0.257222 0.0326563 0.0272222 0.73877
0 0.975 0.699444 0.0499999 0.252222 0.728027
0 0.507812 0.0342361 0.01375 0.0191667 0.710449
0 0.818125 0.0547222 0.0325 0.0263889 0.700684
0 0.81375 0.0645833 0.03625 0.0230556 0.690918
0 0.86875 0.0765278 0.03 0.0241667 0.689453
0 0.386563 0.0668056 0.014375 0.0186111 0.684082
0 0.00602539 0.325 0.0120117 0.0255556 0.680664
0 0.36375 0.0730556 0.015625 0.0244444 0.672363
0 0.85625 0.0704167 0.0275 0.0231944 0.67041
0 0.91125 0.0886111 0.03 0.0213889 0.67041
0 0.515625 0.0245833 0.01125 0.0170833 0.668945
2 0.00542481 0.376944 0.0108496 0.0394445 0.668945
3 0.67 0.170833 0.00875003 0.0605556 0.667969
0 0.459063 0.0597917 0.020625 0.0208333 0.660156
0 0.314063 0.0913889 0.018125 0.0213889 0.651367
0 0.4225 0.0590278 0.015 0.0208333 0.637207
7 0.2425 0.281111 0.0075 0.0222222 0.637207
0 0.400938 0.0663889 0.018125 0.0208333 0.613281
5 0.433125 0.0114236 0.0125 0.0183333 0.598145
0 0.355 0.0733333 0.015625 0.0238889 0.598145
0 0.491563 0.0531944 0.016875 0.0275 0.550781
3 0.9775 0.276111 0.00999997 0.0755555 0.546875
0 0.431875 0.0481944 0.01125 0.0173611 0.539062
3 0.704375 0.157083 0.00999997 0.0625 0.53125
3 0.0469531 0.34 0.0114063 0.05 0.52832
0 0.411875 0.0598611 0.0125 0.0188889 0.517578
2 0.73125 0.158611 0.0175 0.055 0.513672
2 0.7475 0.131389 0.0175 0.0388889 0.507812
2 0.76125 0.12125 0.0175 0.0436111 0.505859
0 0.320938 0.086875 0.013125 0.0176389 0.496094
0 0.0724219 0.262222 0.0270312 0.0294444 0.490234
0 0.0598438 0.240833 0.0239063 0.0216667 0.480469
0 0.476875 0.0346181 0.0125 0.0171528 0.474609
0 0.975625 0.77 0.04875 0.397778 0.474609
7 0.744375 0.173472 0.00625 0.0211111 0.466797
0 0.38375 0.0516667 0.01 0.0147222 0.462891
0 0.166602 0.190278 0.0311719 0.0316667 0.462891
7 0.74875 0.164583 0.00499999 0.0186111 0.452393
0 0.404688 0.0503472 0.011875 0.0165278 0.451416
0 0.386875 0.0586111 0.0125 0.02 0.440674
2 0.206875 0.148333 0.00687501 0.0213889 0.439697
0 0.404688 0.0317014 0.00937503 0.0111111 0.437744
0 0.758125 0.0447917 0.02625 0.01875 0.418701
5 0.491563 0.0530556 0.016875 0.0286111 0.416748
3 0.7075 0.166389 0.00999997 0.0588889 0.416748
0 0.7625 0.0518056 0.035 0.0258333 0.414795
7 0.765 0.152778 0.00500005 0.015 0.405518
0 0.374688 0.0673611 0.01375 0.0198611 0.397949
0 0.369375 0.0552778 0.01625 0.02 0.397949
0 0.431875 0.0531944 0.011875 0.0186111 0.394287
2 0.7575 0.130035 0.0175 0.044375 0.377441
2 0.574375 0.0242014 0.00749995 0.0171528 0.363037
2 0.607813 0.0343056 0.01 0.02125 0.348633
0 0.365625 0.0702778 0.015 0.0227778 0.343262
0 0.4825 0.0152431 0.00750001 0.0129167 0.334473
3 0.71875 0.174444 0.0125 0.0577778 0.332764
0 0.480938 0.030625 0.011875 0.0172222 0.331055
0 0.4125 0.0479167 0.010625 0.0159722 0.324219
7 0.94375 0.22 0.00499999 0.0166667 0.324219
3 0.0579688 0.325556 0.0108594 0.0455556 0.315674
0 0.0628516 0.241944 0.0173438 0.0244444 0.306641
0 0.42375 0.0504167 0.0125 0.0180556 0.305664
0 0.395 0.0494444 0.011875 0.0152778 0.289307
2 0.0266406 0.353333 0.0228125 0.04 0.289307
2 0.0192969 0.354444 0.0132813 0.0366667 0.282959
2 0.615 0.0314583 0.00625 0.01875 0.275146
0 0.311875 0.0914583 0.0134375 0.0191667 0.271973
2 0.023457 0.353889 0.0217578 0.0366667 0.267334
3 0.0312109 0.362778 0.0139063 0.0416667 0.259766
7 0.595625 0.0459722 0.00375004 0.0122222 0.24939
0 0.86 0.0741667 0.0325 0.0255556 0.24292
0 0.76125 0.0561806 0.04 0.0273611 0.242188
7 0.67 0.0520139 0.00374997 0.01125 0.233765
0 0.3375 0.0793056 0.01625 0.0211111 0.216675
2 0.0344531 0.36 0.0123437 0.0377778 0.201782
3 0.0463281 0.348889 0.00679688 0.04 0.199341
3 0.70125 0.163889 0.00750001 0.0613889 0.196777
7 0.0257813 0.373889 0.0075 0.0288889 0.196167
3 0.229688 0.13 0.00374999 0.0230556 0.194336
0 0.4975 0.0155556 0.00749998 0.0131944 0.175537
7 0.650625 0.0527778 0.00250003 0.0102778 0.172729
0 0.164063 0.202778 0.039375 0.0333333 0.15918
7 0.755 0.163056 0.00499999 0.0194444 0.156616
3 0.98 0.287222 0.00999997 0.0611111 0.151001
0 0.435625 0.035 0.00750001 0.0175 0.148071
3 0.97875 0.281597 0.00999997 0.0834722 0.148071
2 0.733125 0.140139 0.015 0.0341667 0.147095
3 0.70875 0.174583 0.00999997 0.0519444 0.143188
0 0.334375 0.0736111 0.01625 0.0197222 0.1427
0 0.37875 0.0663889 0.014375 0.0225 0.141724
0 0.77 0.0593056 0.0375 0.0252778 0.140381
3 0.73125 0.161944 0.015 0.0588889 0.139404
3 0.716875 0.151389 0.01375 0.0583333 0.138916
2 0.175 0.18 0.00875001 0.025 0.137573
0 0.370625 0.0724306 0.015 0.0226389 0.132568
3 0.718125 0.163056 0.01625 0.0575 0.132568
3 0.70375 0.0720139 0.00499999 0.0283333 0.130249
0 0.0572656 0.244444 0.028125 0.0272222 0.125977
2 0.0288672 0.359444 0.0167188 0.0466667 0.125488
3 0.17 0.16125 0.00687499 0.0213889 0.116333
2 0.72 0.177083 0.01375 0.0536111 0.113159
0 0.4075 0.0788889 0.02875 0.0279167 0.111267
7 0.0763281 0.291944 0.0059375 0.0133333 0.107422
7 0.70375 0.0756944 0.00499999 0.0230556 0.106323
2 0.207188 0.144861 0.00968749 0.0208333 0.105957
7 0.655 0.0486806 0.00249996 0.00791667 0.105591
2 0.60625 0.0378993 0.01 0.0233681 0.0991211
0 0.515 0.0113889 0.009375 0.00888889 0.0966797
7 0.695625 0.186667 0.00750001 0.0222222 0.093689
2 0.175 0.160278 0.008125 0.0227778 0.0900879
2 0.72625 0.0353472 0.00499999 0.01625 0.0866089
0 0.90875 0.0909722 0.0325 0.0247222 0.0866089
3 0.0103613 0.272778 0.00658203 0.0238889 0.083313
2 0.133047 0.176944 0.0075 0.0188889 0.0820923
0 0.81875 0.0605556 0.035 0.0275 0.081543
0 0.413125 0.0326389 0.00749998 0.0113889 0.0797729
0 0.509688 0.0235069 0.00999997 0.0135417 0.0797729
3 0.7175 0.179444 0.01 0.0625 0.0755615
2 0.021543 0.355 0.0128125 0.0455556 0.0738525
2 0.7375 0.128924 0.0175 0.0421528 0.0708008
0 0.50625 0.037934 0.014375 0.0244097 0.0705566
0 0.815 0.07 0.04 0.0286111 0.0680542
7 0.0645313 0.298333 0.005 0.0177778 0.0653687
0 0.498125 0.0232639 0.00874999 0.0163889 0.0637207
2 0.43125 0.0576389 0.01125 0.02 0.0585632
2 0.609375 0.0299306 0.00750001 0.0222222 0.0572815
0 0.341563 0.0710417 0.011875 0.0177778 0.0548096
0 0.426875 0.0348611 0.00875003 0.01625 0.0531921
0 0.460625 0.0558333 0.02 0.0194444 0.0531921
2 0.57 0.0261111 0.0125 0.0148611 0.053009
0 0.165625 0.211667 0.03625 0.0411111 0.0501404
0 0.45125 0.0761806 0.03375 0.0331944 0.0494995
2 0.209063 0.152083 0.00874999 0.0261111 0.0477905
7 0.68625 0.0788194 0.00499999 0.0116667 0.0472412
0 0.75 0.0622222 0.03625 0.0288889 0.0469055
2 0.168125 0.179861 0.015625 0.0225 0.0456848
3 0.00318115 0.277222 0.00629395 0.0211111 0.0451965
2 0.194688 0.152917 0.00718749 0.0277778 0.0445251
2 0.0319727 0.346667 0.0216797 0.0444444 0.0435181
3 0.70625 0.151389 0.0125 0.0577778 0.042572
3 0.69875 0.165833 0.015 0.0572222 0.0397949
0 0.0653516 0.267222 0.0317969 0.0272222 0.0381775
2 0.571563 0.0247569 0.013125 0.0172917 0.0379028
3 0.0608594 0.323889 0.01 0.0477778 0.0368958
2 0.115625 0.185556 0.0159375 0.0261111 0.0354004
0 0.414063 0.0794444 0.028125 0.0313889 0.0354004
2 0.71375 0.0685417 0.0125 0.0306944 0.032959
0 0.354375 0.0627778 0.01375 0.0191667 0.0317383
0 0.78375 0.0529167 0.0275 0.0225 0.0313721
0 0.984375 0.970556 0.0312499 0.0555556 0.0307922
0 0.30875 0.0935417 0.011875 0.02 0.0304413
3 0.0134961 0.271667 0.00617188 0.0222222 0.0285492
7 0.2425 0.284444 0.008125 0.0238889 0.0284424
7 0.665625 0.0473611 0.00249996 0.00805556 0.0278015
7 0.70125 0.201389 0.00750001 0.0194444 0.0276947
7 0.7025 0.0751389 0.00500005 0.0219444 0.0265045
7 0.94125 0.22 0.00500005 0.0213889 0.0248871
0 0.77875 0.0586111 0.0375 0.0241667 0.024704
2 0.21375 0.14625 0.00531251 0.0205556 0.0231476
3 0.235156 0.135556 0.00374999 0.0172222 0.0209656
3 0.68125 0.176944 0.0175 0.0719445 0.0197906
7 0.252813 0.266944 0.0090625 0.0238889 0.0195007
2 0.731875 0.134583 0.01375 0.0363889 0.019455
0 0.96 0.104306 0.0175001 0.0158333 0.0182648
7 0.0848438 0.275833 0.0053125 0.02 0.0182648
2 0.74625 0.150833 0.00999997 0.0483333 0.0177155
0 0.995625 0.124028 0.00874996 0.0213889 0.0175781
7 0.69125 0.0534722 0.00374997 0.0119444 0.0173035
3 0.0550391 0.335833 0.00507813 0.0361111 0.0171051
3 0.213125 0.241111 0.009375 0.0655556 0.0164642
3 0.0134961 0.267222 0.00691406 0.0222222 0.0162201
0 0.489375 0.0196181 0.00750001 0.013125 0.0161591
7 0.0840625 0.292778 0.004375 0.0133334 0.0156021
0 0.119063 0.183611 0.0209375 0.0261111 0.0150757
7 0.237188 0.289167 0.0075 0.0188889 0.0148392
3 0.97 0.284514 0.00499999 0.0698611 0.0147324
3 0.699375 0.162917 0.0112501 0.0605556 0.0140076
7 0.095 0.278889 0.00296875 0.0105556 0.0139008
0 0.0614844 0.285278 0.0376563 0.0383333 0.0137939
0 0.77 0.0673611 0.0525 0.0272222 0.0132217
7 0.75375 0.156667 0.00750001 0.0219444 0.0123825
0 0.535 0.00944445 0.00562503 0.00902778 0.0120544
0 0.78875 0.0529167 0.03 0.0216667 0.011734
3 0.65625 0.0333333 0.00499999 0.0147222 0.0104904
0 0.500625 0.01625 0.01 0.0125 0.0102921
7 0.95375 0.271667 0.00500005 0.0211111 0.01017
3 0.274688 0.0889583 0.00687497 0.0198611 0.00993347
7 0.7425 0.179167 0.00750001 0.0216667 0.00933838
3 0.735 0.0334722 0.00499999 0.0143056 0.00930023
3 0.165469 0.159444 0.0046875 0.02 0.00888062
2 0.212969 0.143056 0.005 0.0177778 0.0088501
0 0.855 0.0667361 0.02875 0.0247222 0.0088501
2 0.8825 0.0519444 0.00750001 0.0166667 0.00847626
2 0.19 0.158333 0.01 0.0263889 0.00844574
2 0.79625 0.0744444 0.00749995 0.025 0.00815582
0 0.123438 0.180278 0.0275 0.025 0.00809479
5 0.00407959 0.2675 0.00815918 0.0294445 0.00763702
7 0.773125 0.147778 0.00499999 0.0161111 0.00714874
0 0.49875 0.00552083 0.00687497 0.0110417 0.00712204
7 0.124375 0.222639 0.0034375 0.0127778 0.00703812
7 0.71375 0.0525694 0.00499999 0.0165278 0.00701141
3 0.217188 0.284514 0.023125 0.0820833 0.00679779
0 0.154688 0.216528 0.035 0.0344444 0.00674438
7 0.68875 0.0841667 0.00499999 0.0165278 0.00614548
3 0.0844531 0.211944 0.0046875 0.0155555 0.00612259
3 0.0504688 0.342778 0.0124219 0.0522222 0.00612259
7 0.77 0.153472 0.00499999 0.0205556 0.00600433
2 0.341563 0.0904167 0.015625 0.025 0.00584412
2 0.27 0.095 0.0096875 0.0213889 0.00582123
3 0.720625 0.180278 0.01125 0.0572222 0.00579834
7 0.135703 0.225833 0.0034375 0.0158333 0.00579834
0 0.90625 0.0819444 0.02625 0.025 0.00577545
0 0.995 0.1325 0.00999997 0.0288889 0.00570679
7 0.705 0.0501389 0.00499999 0.0144444 0.00561905
0 0.187813 0.158194 0.0125 0.0294444 0.00561905
3 0.98 0.274167 0.0125 0.0711111 0.00559998
2 0.200625 0.145694 0.0175 0.0241667 0.0055542
3 0.72875 0.0975694 0.00499999 0.0329167 0.0055542
7 0.874375 0.169722 0.00750001 0.0227778 0.00542831
7 0.58625 0.0429167 0.00437501 0.0129167 0.00540543
0 0.99 0.120833 0.0175 0.0202778 0.00540543
2 0.288281 0.107083 0.0125 0.0266667 0.00538635
0 0.395625 0.0303819 0.00750001 0.00909722 0.0051384
2 0.905 0.0703472 0.00750001 0.0218056 0.0050621
0 0.386563 0.0719444 0.01375 0.0227778 0.00502014
0 0.9 0.0866667 0.04 0.0252778 0.00502014
0 0.970625 0.106389 0.0175 0.0183333 0.00500107
2 0.71 0.0609722 0.00875003 0.0241667 0.00486755
7 0.196094 0.223333 0.00562501 0.0183333 0.00482941
3 0.6975 0.196389 0.00750001 0.0311111 0.00455475
3 0.70125 0.160417 0.01625 0.0658333 0.0042305
0 0.0040625 0.310833 0.008125 0.045 0.00407028
7 0.9325 0.238194 0.00499999 0.0227778 0.00390053
0 0.473125 0.0226736 0.01125 0.0139583 0.00390053
7 0.219375 0.140833 0.00406249 0.0172222 0.00379562
0 0.0047168 0.3625 0.00926758 0.0472222 0.00333786
0 0.335625 0.0855556 0.0175 0.0194444 0.00328636
3 0.715625 0.0723611 0.00625 0.0283333 0.00322342
7 0.675 0.0501389 0.00249996 0.00986111 0.00319672
3 0.66875 0.166111 0.01 0.0641667 0.00309944
3 0.20625 0.233472 0.0396875 0.0958333 0.00309944
3 0.7275 0.0413715 0.00749995 0.0192014 0.00307465
0 0.478125 0.0157639 0.00874999 0.0127778 0.00302696
3 0.97 0.164444 0.00750001 0.0305556 0.00298119
7 0.06625 0.296944 0.0125 0.0261111 0.00293541
0 0.549375 0.0187847 0.00875003 0.0134722 0.00277901
0 0.976875 0.113889 0.015 0.0188889 0.0027256
2 0.0239844 0.3475 0.0316406 0.0461111 0.00271416
3 0.705 0.0261111 0.00499999 0.0161806 0.00263214
3 0.72625 0.173889 0.015 0.0591667 0.0026207
2 0.87625 0.0526389 0.0125 0.02 0.00258064
3 0.234063 0.125556 0.004375 0.0233333 0.00243378
2 0.14125 0.171389 0.01 0.0144444 0.00243378
5 0.00405273 0.249028 0.00810547 0.0269444 0.00230598
7 0.41125 0.316944 0.075 0.125 0.00228691
3 0.714375 0.137778 0.01 0.0513889 0.00224304
0 0.0209766 0.243611 0.0139453 0.0183333 0.00223351
2 0.00806152 0.374444 0.0155762 0.0455556 0.00223351
7 0.72625 0.0801389 0.00499999 0.0161111 0.00208282
7 0.225625 0.1325 0.00375001 0.0188889 0.0020504
0 0.00570313 0.381667 0.0107031 0.0477778 0.00203514
