0 0.156719 0.728889 0.130313 0.222222 0.963867
0 0.512813 0.914444 0.196875 0.168889 0.95459
0 0.261563 0.482222 0.11625 0.168889 0.950684
0 0.593438 0.259167 0.065625 0.0938889 0.946777
0 0.504375 0.295 0.0637501 0.111111 0.946777
0 0.383125 0.417778 0.09875 0.168889 0.942871
0 0.328203 0.321111 0.0748437 0.108889 0.937012
0 0.0676953 0.958889 0.127109 0.0822222 0.927246
0 0.368438 0.23125 0.058125 0.0752778 0.915039
0 0.0963281 0.400556 0.0726563 0.122222 0.911133
0 0.596875 0.119722 0.03625 0.0477778 0.908691
0 0.4425 0.170556 0.03875 0.0594444 0.905273
0 0.356875 0.153472 0.0325 0.0577778 0.901367
0 0.172852 0.247222 0.0455469 0.0683334 0.901367
0 0.50125 0.145 0.036875 0.0530556 0.898438
0 0.241563 0.214028 0.045 0.0591667 0.897461
0 0.132031 0.263333 0.0521875 0.0844444 0.888672
0 0.269063 0.163472 0.035 0.0430556 0.884766
0 0.0969531 0.222778 0.02875 0.0316667 0.882324
0 0.55125 0.0983333 0.02875 0.0408333 0.878906
0 0.458125 0.0745833 0.02 0.0284722 0.869629
0 0.500625 0.09375 0.025 0.0347222 0.864258
0 0.31625 0.113299 0.0225 0.0328472 0.862305
0 0.340625 0.106111 0.02375 0.0344445 0.858887
0 0.525 0.0661806 0.02125 0.0272222 0.853027
0 0.563125 0.0640278 0.02125 0.0302778 0.84375
0 0.475313 0.0488194 0.014375 0.02 0.842773
0 0.795625 0.0536806 0.03125 0.0245833 0.836426
0 0.496875 0.0577778 0.0175 0.0233333 0.835449
0 0.4025 0.0655556 0.014375 0.0211111 0.81543
0 0.354688 0.0610417 0.013125 0.0180556 0.801758
0 0.366875 0.0631944 0.015625 0.0222222 0.785156
0 0.0708594 0.261667 0.0284375 0.0266667 0.771973
0 0.9375 0.0915278 0.025 0.0222222 0.767578
0 0.0344971 0.302222 0.0336621 0.0388889 0.764648
0 0.5075 0.0427778 0.015 0.0205556 0.750488
0 0.0573828 0.278889 0.0325781 0.0333333 0.747559
0 0.389375 0.0630556 0.015 0.0218056 0.744629
7 0.242031 0.282222 0.008125 0.0233333 0.744629
0 0.412813 0.0586111 0.013125 0.0222222 0.740234
7 0.255781 0.263889 0.0090625 0.0255556 0.730957
5 0.534688 0.0400694 0.02375 0.0423611 0.729492
0 0.426875 0.054375 0.015 0.0255556 0.726562
7 0.750625 0.161667 0.00625 0.02 0.710449
0 0.00893066 0.511667 0.017627 0.0944445 0.705566
0 0.495 0.0338889 0.0125 0.0191667 0.690918
0 0.72875 0.0527778 0.04 0.0269444 0.6875
7 0.743125 0.171667 0.00625 0.0208333 0.675781
0 0.85375 0.0782639 0.035 0.0245833 0.644043
5 0.419375 0.0282639 0.0125 0.0269444 0.633301
0 0.0183203 0.306111 0.0264063 0.0322222 0.604004
7 0.70125 0.198472 0.00750001 0.0247222 0.598145
2 0.604375 0.0393056 0.0125 0.0202778 0.583008
0 0.0461719 0.258403 0.0247656 0.02875 0.556641
2 0.0299219 0.355 0.0176563 0.0322222 0.550781
7 0.945 0.214583 0.00499999 0.0180556 0.498047
7 0.94375 0.218611 0.00499999 0.0172222 0.498047
0 0.388125 0.0472917 0.0125 0.0190278 0.494141
0 0.334375 0.0928472 0.021875 0.0269444 0.492188
2 0.151875 0.203472 0.00921876 0.0225 0.472656
7 0.7675 0.128611 0.00499999 0.0166667 0.472656
3 0.0124414 0.333056 0.0101563 0.0316667 0.47168
0 0.51875 0.031875 0.01 0.0147222 0.462891
0 0.4125 0.0520833 0.011875 0.0211111 0.458984
2 0.6175 0.0404861 0.01 0.0193056 0.457031
7 0.70375 0.0784722 0.00374997 0.0134722 0.413086
0 0.0033252 0.312778 0.00665039 0.0216667 0.405518
0 0.506875 0.0196181 0.01 0.0178472 0.400635
0 0.43125 0.0334028 0.0125 0.0255556 0.368408
2 0.0138257 0.335 0.0130518 0.0344445 0.363037
0 0.0242578 0.298333 0.0312891 0.0366666 0.359375
7 0.74375 0.125 0.00499999 0.0166667 0.352295
2 0.142031 0.180833 0.0128125 0.0227778 0.343262
0 0.43125 0.0449826 0.01375 0.0247569 0.339844
2 0.61625 0.0358333 0.00750001 0.0197222 0.338135
0 0.50625 0.0155556 0.01 0.0184722 0.319092
5 0.52125 0.0169444 0.015 0.0266667 0.317383
0 0.40625 0.0297222 0.01 0.01375 0.313965
0 0.401563 0.0438889 0.01375 0.0213889 0.305664
0 0.36875 0.0525 0.01125 0.0161111 0.300781
0 0.136719 0.182222 0.023125 0.0261111 0.300781
7 0.745 0.1275 0.00499999 0.0177778 0.295898
7 0.94125 0.216944 0.00500005 0.0180556 0.280518
0 0.483125 0.0161806 0.00750001 0.0133333 0.276611
0 0.493438 0.00951389 0.00687501 0.0111111 0.253906
5 0.42875 0.0145139 0.011875 0.0155556 0.252441
0 0.0033252 0.325 0.00665039 0.0266667 0.246582
7 0.650625 0.0527778 0.00250003 0.0102778 0.240723
7 0.70125 0.0785417 0.00499999 0.0180556 0.234375
7 0.0761328 0.292778 0.00429688 0.0122222 0.2323
0 0.0244336 0.294167 0.0230078 0.0305556 0.229492
0 0.4925 0.0202083 0.00999997 0.0125 0.224731
7 0.253125 0.263333 0.00999999 0.0244444 0.223389
7 0.655 0.0486111 0.00249996 0.00861111 0.21936
0 0.093125 0.376111 0.0501563 0.0733333 0.218018
1 0.52125 0.0183333 0.015 0.0291667 0.217285
0 0.44375 0.0134028 0.00749998 0.0111111 0.204346
7 0.67 0.0520139 0.00250003 0.0111111 0.195557
0 0.371875 0.04625 0.00874999 0.0122222 0.191284
3 0.0165625 0.336111 0.0103125 0.0344444 0.187134
3 0.630313 0.0264931 0.00562503 0.0182639 0.185303
7 0.0657813 0.295556 0.00570313 0.0155555 0.180054
0 0.453125 0.00861111 0.00687501 0.00895833 0.174438
7 0.285313 0.116667 0.00375001 0.0111111 0.169434
7 0.254375 0.265556 0.01 0.0277778 0.168335
7 0.753125 0.158333 0.00625 0.0180556 0.161865
0 0.0280664 0.289722 0.0297266 0.0266667 0.161865
0 0.429688 0.0198611 0.010625 0.01375 0.150024
0 0.332188 0.101875 0.021875 0.0284722 0.129395
7 0.215625 0.155278 0.00374999 0.0133333 0.127197
7 0.0272656 0.379722 0.00671875 0.0227778 0.117188
7 0.76625 0.125833 0.00499999 0.0177778 0.112
2 0.144531 0.181389 0.0078125 0.0222222 0.111633
7 0.68625 0.0793056 0.00499999 0.0113889 0.111267
0 0.4375 0.0142014 0.00874999 0.0131944 0.108948
0 0.8275 0.0697222 0.03 0.0236111 0.105225
2 0.0212891 0.343889 0.0125781 0.04 0.0994873
0 0.506563 0.0309375 0.011875 0.0152083 0.0987549
0 0.499063 0.00440972 0.00625 0.00881945 0.0974121
3 0.0225439 0.345 0.0102246 0.0422222 0.0957031
0 0.0617188 0.270833 0.0314063 0.0327778 0.0881958
7 0.164375 0.20625 0.00375001 0.0125 0.085083
3 0.123906 0.218056 0.0046875 0.0205556 0.0794678
0 0.85875 0.0810417 0.035 0.0256944 0.0792236
7 0.7675 0.131944 0.00499999 0.015 0.0758667
2 0.145078 0.209167 0.00562499 0.0180556 0.0758667
2 0.0271436 0.35 0.0155566 0.0366667 0.0742188
2 0.00479004 0.379444 0.00835938 0.0266667 0.0700684
3 0.123438 0.215 0.005 0.0263889 0.0623169
0 0.846875 0.0758333 0.03375 0.0252778 0.0605164
2 0.726875 0.03625 0.00874996 0.0163889 0.0566406
2 0.205313 0.152778 0.00562499 0.0230556 0.0518494
2 0.00364502 0.377222 0.00721192 0.03 0.0503235
0 0.47875 0.025625 0.01 0.0131944 0.0445251
7 0.7525 0.161806 0.00500005 0.0213889 0.041626
0 0.130234 0.186389 0.0151562 0.0255556 0.0402527
2 0.0276172 0.375 0.00890625 0.0322222 0.0396423
0 0.0925 0.227083 0.0210938 0.0338889 0.0386047
7 0.665 0.0477778 0.00250003 0.00777778 0.0354004
7 0.0553125 0.302778 0.00445313 0.0266667 0.0352783
0 0.317656 0.100694 0.0246875 0.0291667 0.03125
7 0.0683594 0.298611 0.00609375 0.0166667 0.0299835
2 0.130156 0.186667 0.0075 0.025 0.0297546
7 0.69 0.186528 0.00500005 0.0244445 0.0275879
2 0.73625 0.0354514 0.00750001 0.0167361 0.0247955
3 0.00376465 0.347222 0.00712891 0.0333334 0.0237732
3 0.235625 0.134028 0.00375001 0.0222222 0.0228882
3 0.235938 0.123889 0.00374999 0.0227778 0.0210419
2 0.796875 0.08375 0.00874996 0.0275 0.0206451
0 0.458438 0.00380208 0.00687501 0.00760417 0.0201721
3 0.169063 0.158056 0.0046875 0.0177778 0.0201416
0 0.479375 0.0172569 0.01 0.0151389 0.0199432
7 0.239688 0.285556 0.010625 0.0255556 0.0198669
7 0.67375 0.0490278 0.00249996 0.00861111 0.0197906
7 0.25375 0.136667 0.004375 0.0105555 0.0181885
3 0.229688 0.132778 0.003125 0.0233333 0.0180206
0 0.409375 0.0280556 0.01 0.0219444 0.0178528
2 0.631875 0.0286806 0.00750001 0.01875 0.0176392
7 0.73 0.123056 0.00499999 0.0172222 0.016983
0 0.00437256 0.277778 0.00869629 0.0244444 0.0158997
2 0.65625 0.0331944 0.00499999 0.0130556 0.0157776
0 0.3575 0.0570833 0.01625 0.0230556 0.0157776
0 0.475 0.0552778 0.01375 0.0236111 0.0154266
0 0.0224219 0.2875 0.0246484 0.0255556 0.0149536
7 0.0431641 0.353889 0.00507813 0.0166667 0.0141754
0 0.307813 0.101528 0.009375 0.0197222 0.0141144
7 0.0423438 0.360278 0.00617188 0.0188889 0.0134277
3 0.0145703 0.265833 0.00566406 0.0194444 0.0132217
0 0.34125 0.113056 0.02875 0.0327778 0.0124283
2 0.620625 0.0424306 0.01 0.0165278 0.0121002
0 0.47375 0.0216667 0.00999997 0.0116667 0.0116882
3 0.00980469 0.274722 0.00867188 0.0211111 0.0115051
7 0.6875 0.183056 0.00499999 0.0205556 0.0112457
0 0.82625 0.0740278 0.0275 0.0236111 0.0111618
0 0.549688 0.020625 0.009375 0.01 0.011116
7 0.69 0.0536806 0.00250003 0.01125 0.0110321
0 0.545 0.0100694 0.00499999 0.00819444 0.0108185
0 0.45125 0.016875 0.00625 0.0123611 0.0100937
7 0.77375 0.147222 0.00499999 0.0155556 0.00997162
0 0.97625 0.114583 0.015 0.0188889 0.00974274
3 0.665 0.0326389 0.00374997 0.01375 0.00923157
0 0.72375 0.0497396 0.03875 0.0246875 0.00905609
7 0.107188 0.234722 0.0071875 0.0205556 0.00881195
2 0.0297461 0.345556 0.0210547 0.0411111 0.00867462
0 0.0670313 0.276667 0.0239063 0.0333333 0.00854492
2 0.151406 0.20125 0.01125 0.0269444 0.00847626
0 0.480625 0.0242361 0.010625 0.0155556 0.00841522
0 0.971875 0.107361 0.015 0.0188889 0.00841522
0 0.119453 0.2625 0.0264062 0.0377778 0.00812531
7 0.76375 0.14875 0.00499999 0.0163889 0.00728989
0 0.99625 0.124444 0.00749995 0.0255556 0.00714874
0 0.96125 0.105972 0.01375 0.0172222 0.00698471
2 0.117969 0.193056 0.0103125 0.0222222 0.00626373
7 0.0839063 0.280556 0.0034375 0.0122222 0.00626373
3 0.884375 0.060625 0.00499999 0.0213889 0.00600433
7 0.168281 0.198056 0.0078125 0.0172222 0.00582123
0 0.56375 0.0270833 0.00750001 0.0111111 0.00579834
0 0.979375 0.116806 0.0175 0.0191667 0.00572968
0 0.337813 0.0797222 0.015 0.0233333 0.0055542
0 0.39625 0.0320139 0.00749998 0.00972222 0.00540543
7 0.0842188 0.291667 0.0040625 0.0133333 0.00486755
0 0.0368359 0.275 0.0340625 0.0322222 0.00479126
7 0.0949219 0.278889 0.00359375 0.0111111 0.00439835
1 0.369063 0.0349306 0.015625 0.0348611 0.00436401
3 0.89 0.0618056 0.00499999 0.0205556 0.00436401
5 0.82625 0.0627778 0.0375 0.0291667 0.00426483
2 0.64375 0.0295833 0.00499999 0.0129167 0.00413513
0 0.99625 0.134167 0.00749995 0.0288889 0.0041008
0 0.6725 0.448333 0.07375 0.144444 0.00378036
3 0.139375 0.209444 0.008125 0.0230555 0.00367928
2 0.176094 0.157222 0.0075 0.0211111 0.00365067
2 0.881875 0.0507639 0.00875003 0.0177778 0.00362206
7 0.69125 0.184583 0.00750001 0.0213889 0.00349617
5 0.0361719 0.274722 0.028125 0.0416667 0.00345612
0 0.377813 0.0638889 0.013125 0.0233333 0.00337601
2 0.625625 0.0334722 0.00499999 0.0158333 0.00328636
0 0.53625 0.06875 0.02125 0.0305556 0.00327301
7 0.25625 0.2575 0.0115625 0.0372222 0.00321007
7 0.74875 0.126528 0.00375004 0.0172222 0.00300407
2 0.750625 0.0218056 0.00499999 0.0138889 0.0029583
2 0.61 0.0305556 0.00625 0.0247222 0.00292397
0 0.535625 0.0120833 0.00687497 0.0102778 0.00291252
3 0.67625 0.0288889 0.00499999 0.0166667 0.00290108
7 0.269688 0.126389 0.00531251 0.0147222 0.00277901
2 0.204531 0.144444 0.00625 0.0222222 0.0027256
7 0.106094 0.276111 0.0040625 0.0161111 0.00243378
0 0.558125 0.0525694 0.025 0.0359722 0.00243378
3 0.194375 0.153056 0.00562499 0.025 0.00237846
0 0.54 0.00449653 0.00625 0.00899306 0.00231361
7 0.748125 0.945556 0.00625 0.0244444 0.00229645
3 0.204688 0.160556 0.00937502 0.0322222 0.00223351
0 0.499375 0.0815972 0.01875 0.0352778 0.00216484
0 0.73125 0.0622222 0.035 0.0322222 0.00214958
2 0.609375 0.0479861 0.00874996 0.0215278 0.00213242
3 0.166562 0.159167 0.005 0.0169444 0.00211525
0 0.458125 0.0654167 0.025625 0.0341667 0.00209999
7 0.58625 0.0452778 0.00375004 0.0133333 0.00209045
2 0.147969 0.234028 0.0184375 0.0341667 0.00206757
0 0.9775 0.107639 0.02 0.0233333 0.00193405
3 0.894375 0.0677083 0.00500005 0.0163889 0.00184631
0 0.0124805 0.533889 0.0244141 0.14 0.00179577
2 0.297188 0.102361 0.00687501 0.0163889 0.00178909
0 0.4725 0.0493056 0.0175 0.0216667 0.00177479
2 0.876875 0.05125 0.00875003 0.0175 0.00177479
0 0.564375 0.0601389 0.0225 0.03 0.00176144
3 0.715 0.176667 0.00999997 0.0805556 0.00168705
0 0.97 0.113056 0.02 0.0216667 0.0016613
0 0.324453 0.0943056 0.0260937 0.0316667 0.0016489
1 0.365625 0.0436806 0.035 0.0470833 0.00158501
0 0.945 0.0956944 0.02625 0.0213889 0.00158501
3 0.00580078 0.378333 0.0105664 0.0294445 0.00155449
3 0.266563 0.104861 0.005 0.0177778 0.00153065
2 0.596875 0.0427951 0.00625 0.0166319 0.00152493
0 0.55625 0.0944444 0.02125 0.0380556 0.00146675
2 0.705 0.0310417 0.00375004 0.0107639 0.00138283
0 0.00894531 0.550972 0.0178906 0.173611 0.00137234
7 0.209063 0.154722 0.00531251 0.0211111 0.00135612
0 0.519375 0.06875 0.0175 0.0311111 0.00133038
0 0.00362793 0.271111 0.00723633 0.0277778 0.00131512
3 0.314688 0.0678472 0.00562499 0.0175 0.00130463
3 0.274219 0.0984028 0.00593748 0.0180556 0.00127888
7 0.235313 0.148889 0.00343749 0.0122222 0.00126934
7 0.225 0.152222 0.0028125 0.00888889 0.00123501
1 0.985313 0.146667 0.029375 0.0466667 0.00123501
0 0.99625 0.107083 0.00749995 0.0336111 0.00119686
2 0.71375 0.0723611 0.00750001 0.0352778 0.00118351
3 0.715 0.173889 0.00749995 0.0655556 0.00116062
0 0.34375 0.118333 0.03625 0.0441667 0.00112057
0 0.551875 0.03 0.015 0.0190278 0.00109863
7 0.220469 0.146389 0.0046875 0.0155555 0.00109863
2 0.115313 0.250556 0.0170313 0.0444444 0.00109005
2 0.82625 0.0450694 0.00750001 0.0195833 0.00105667
0 0.401875 0.0708333 0.01625 0.0263889 0.00105286
2 0.305 0.08875 0.00750001 0.0175 0.00104046
7 0.695 0.0466667 0.00499999 0.0136111 0.00103664
7 0.26 0.258056 0.01125 0.0244445 0.00103188
7 0.736875 0.173056 0.00500005 0.0238889 0.00102806
