0 0.316563 0.665 0.14375 0.287778 0.95752
0 0.355313 0.905556 0.23 0.185556 0.946777
0 0.398125 0.377222 0.0875 0.149444 0.944336
0 0.5075 0.322222 0.07 0.117222 0.941406
0 0.349688 0.276111 0.06625 0.0944444 0.933105
1 0.148594 0.649444 0.294063 0.696667 0.932129
0 0.5925 0.106528 0.03375 0.0419445 0.903809
0 0.300156 0.157778 0.0321875 0.0455556 0.899902
0 0.531875 0.123368 0.03625 0.049375 0.897461
0 0.0663672 0.440556 0.0858594 0.157778 0.897461
0 0.53625 0.0736806 0.029375 0.0495833 0.881836
0 0.0723438 0.262847 0.0304688 0.0343056 0.864258
0 0.127734 0.201111 0.0320312 0.0366667 0.861328
0 0.25125 0.147778 0.026875 0.0372222 0.85791
0 0.0820313 0.332778 0.0503125 0.0688889 0.853027
0 0.174375 0.237222 0.041875 0.0594445 0.852051
0 0.199531 0.243889 0.04625 0.06 0.848145
5 0.0362891 0.275833 0.0442969 0.0633333 0.847168
0 0.544375 0.0250694 0.0125 0.0156944 0.844727
0 0.75625 0.0635417 0.04 0.0256944 0.841797
0 0.210625 0.191528 0.034375 0.0419444 0.838867
0 0.338125 0.11941 0.025 0.0361806 0.831055
0 0.512188 0.0386806 0.015625 0.0233333 0.823242
0 0.269688 0.145278 0.0275 0.0433333 0.81543
7 0.743125 0.1725 0.00625 0.0216667 0.795898
0 0.00705078 0.325833 0.0140625 0.0283333 0.792969
7 0.242344 0.281389 0.00750001 0.0238889 0.786621
0 0.458125 0.100417 0.024375 0.0375 0.785156
7 0.256875 0.263333 0.0075 0.0222222 0.779785
0 0.521875 0.00979167 0.00874999 0.0115972 0.771973
0 0.401875 0.0656944 0.01625 0.0208333 0.770508
0 0.249063 0.12625 0.03 0.0336111 0.762207
0 0.0632422 0.403056 0.0725781 0.102778 0.757812
0 0.421875 0.06 0.01375 0.0215278 0.740234
0 0.319844 0.112639 0.0215625 0.0302778 0.733887
2 0.0478906 0.313889 0.0182031 0.0333333 0.72168
0 0.305156 0.0930556 0.02125 0.0255556 0.708984
0 0.3325 0.0823611 0.015 0.0197222 0.700684
0 0.345938 0.07125 0.01375 0.0194444 0.699219
0 0.289063 0.150972 0.029375 0.0413889 0.689453
0 0.480625 0.0233333 0.01 0.01625 0.668945
0 0.430938 0.0513194 0.011875 0.0215278 0.668945
0 0.3825 0.0677778 0.01875 0.0263889 0.640625
2 0.613438 0.036875 0.013125 0.0216667 0.613281
0 0.511875 0.0186806 0.00874999 0.0139583 0.596191
7 0.94375 0.220278 0.00499999 0.0155555 0.560059
7 0.0284375 0.378056 0.0046875 0.0188889 0.544922
1 0.391563 0.0333681 0.01625 0.0279861 0.521484
0 0.0342773 0.301389 0.0364453 0.0472222 0.519531
0 0.513125 0.0159028 0.01 0.0148611 0.517578
7 0.7675 0.129722 0.00499999 0.0177778 0.516602
7 0.75125 0.161667 0.00499999 0.0194444 0.516602
0 0.36 0.0724306 0.015 0.0218056 0.496094
0 0.369063 0.06 0.015 0.0244444 0.483398
7 0.0432031 0.360833 0.0059375 0.0188889 0.466797
0 0.496875 0.0161806 0.00874999 0.0191667 0.455078
3 0.142813 0.209444 0.00625 0.0305556 0.437744
3 0.67125 0.0444444 0.00500005 0.0252778 0.418701
7 0.704375 0.07875 0.00374997 0.0120833 0.416748
0 0.399375 0.0507639 0.0125 0.0201389 0.407227
7 0.164063 0.203611 0.004375 0.0127778 0.405518
7 0.0275 0.378611 0.00585938 0.0177778 0.388672
0 0.33 0.0868056 0.01625 0.0198611 0.387695
0 0.419375 0.0502778 0.0125 0.0191667 0.377441
0 0.358125 0.0706944 0.01375 0.0209722 0.363037
0 0.410625 0.0615278 0.0125 0.0219444 0.357666
2 0.74625 0.124444 0.00749995 0.0283333 0.339844
0 0.430938 0.0266319 0.010625 0.0153472 0.332764
7 0.94375 0.211944 0.00499999 0.0166667 0.329346
2 0.685 0.0347222 0.00499999 0.0213889 0.325928
3 0.695 0.0407639 0.00499999 0.0233333 0.325928
7 0.754375 0.158333 0.00625 0.0183333 0.315674
7 0.0660547 0.297778 0.00398438 0.0144444 0.309082
0 0.42625 0.0318403 0.00874999 0.0145139 0.287842
0 0.40125 0.0477083 0.013125 0.0204167 0.279785
0 0.430313 0.0235417 0.010625 0.0145139 0.279053
0 0.254688 0.336667 0.0596875 0.0677778 0.250977
5 0.409063 0.0304167 0.011875 0.0223611 0.228149
2 0.610625 0.0396007 0.01875 0.0216319 0.213379
7 0.70125 0.0779167 0.00499999 0.0168056 0.205566
2 0.65 0.0270833 0.015 0.0151389 0.204346
7 0.70125 0.197917 0.00750001 0.0261111 0.19873
7 0.753125 0.161944 0.00625 0.0205556 0.175537
0 0.453125 0.00833333 0.00687501 0.00875 0.168335
0 0.0348047 0.2925 0.0405469 0.0611111 0.161865
0 0.39 0.0423438 0.0125 0.0183681 0.160278
7 0.7 0.200833 0.00750001 0.0344445 0.157715
0 0.485938 0.00909722 0.00562499 0.0105556 0.151001
3 0.684375 0.0374653 0.00499999 0.023125 0.143677
2 0.745 0.126111 0.00750001 0.0261111 0.142212
3 0.694375 0.0367361 0.00499999 0.0223611 0.135254
0 0.43 0.05625 0.0125 0.02 0.121704
0 0.0535547 0.414167 0.0553906 0.0911111 0.117981
0 0.343125 0.075 0.01375 0.02125 0.112793
7 0.94125 0.218889 0.00500005 0.0155555 0.108582
0 0.65 0.026875 0.0175 0.0154167 0.106323
0 0.444375 0.0111111 0.00812502 0.0106944 0.104858
0 0.250781 0.142083 0.0303125 0.0386111 0.104492
7 0.00653809 0.378889 0.00620117 0.0216667 0.101562
0 0.39 0.0535417 0.011875 0.0168056 0.0977173
0 0.00877441 0.274444 0.0175293 0.0266667 0.0963745
0 0.346875 0.0736806 0.015 0.0205556 0.0939941
7 0.65625 0.0488194 0.00499999 0.00902778 0.0897827
3 0.140625 0.2025 0.0103125 0.035 0.0844727
3 0.204688 0.153333 0.00562501 0.0227778 0.0794678
0 0.185625 0.2225 0.028125 0.0488889 0.0715942
7 0.595 0.0454167 0.00374997 0.0144444 0.0708008
0 0.498438 0.00440972 0.00687501 0.00881945 0.0700684
5 0.4375 0.0120486 0.00749998 0.0120833 0.062561
0 0.536875 0.074375 0.025 0.0404167 0.0585632
7 0.69 0.186389 0.00749995 0.0238889 0.0534058
0 0.332813 0.107222 0.01625 0.0241667 0.0469055
0 0.290313 0.141389 0.03 0.0411111 0.0456848
0 0.459688 0.00404514 0.00562503 0.00809028 0.0445862
7 0.77375 0.146111 0.00499999 0.0172222 0.0427246
7 0.16875 0.198472 0.005 0.0141667 0.0419312
2 0.726875 0.0355556 0.00625 0.0163889 0.0403748
3 0.77375 0.0359028 0.00499999 0.0195833 0.0402527
0 0.0219141 0.275 0.0246484 0.0455555 0.0394897
0 0.0483594 0.316389 0.0182812 0.0344445 0.0394897
7 0.0748047 0.295556 0.00382812 0.00999999 0.0384521
3 0.73 0.0968056 0.00499999 0.0358333 0.0359497
2 0.0468359 0.307778 0.021875 0.0377778 0.0343628
0 0.504375 0.00993056 0.00499999 0.0105556 0.0337219
7 0.123594 0.217778 0.005 0.0161111 0.0317383
7 0.945 0.235278 0.00499999 0.0188889 0.0310211
2 0.194219 0.155278 0.00562501 0.0266667 0.0301056
0 0.00469238 0.267778 0.00932617 0.0233333 0.029541
3 0.774375 0.0408507 0.00374997 0.0185764 0.0281067
2 0.67125 0.0419444 0.00749995 0.0240278 0.025177
0 0.0128882 0.269167 0.0194971 0.04 0.0236053
7 0.73 0.121667 0.00499999 0.0216667 0.0228882
0 0.294063 0.156944 0.029375 0.045 0.0227203
7 0.58625 0.0454167 0.00375004 0.0134722 0.0197906
0 0.189688 0.217778 0.021875 0.0333333 0.0183411
7 0.68625 0.0799306 0.00499999 0.0118056 0.0181274
0 0.0292188 0.294444 0.0292188 0.0355555 0.0174408
0 0.0176367 0.305556 0.0176172 0.0411111 0.0171814
3 0.231875 0.130139 0.00625 0.025 0.0167847
7 0.0549219 0.349167 0.00664063 0.0211111 0.0164032
0 0.25125 0.120972 0.029375 0.0258333 0.0162811
2 0.74375 0.115833 0.00750001 0.0461111 0.0161591
0 0.488125 0.0176042 0.009375 0.015625 0.0132217
7 0.76375 0.150139 0.00499999 0.0163889 0.0130234
0 0.338125 0.0713194 0.01125 0.0166667 0.0119629
7 0.76625 0.125833 0.00499999 0.0188889 0.0118713
0 0.174688 0.227778 0.0415625 0.045 0.0118256
2 0.7325 0.1075 0.00999997 0.0447222 0.0117798
0 0.3475 0.0620833 0.0125 0.0186111 0.0117798
0 0.79875 0.0552083 0.0325 0.0216667 0.0112
2 0.0621484 0.230556 0.00828125 0.0177778 0.0107803
3 0.715625 0.168611 0.00874996 0.0761111 0.0100937
0 0.00547363 0.295556 0.0103809 0.0255555 0.00963593
2 0.7925 0.0525 0.01625 0.0219444 0.00959778
0 0.297188 0.0941667 0.0175 0.0255556 0.00945282
0 0.197344 0.194028 0.030625 0.0366667 0.00923157
0 0.880625 0.0517361 0.0125 0.01625 0.00905609
0 0.450938 0.0165278 0.00687501 0.0126389 0.00901794
2 0.00581055 0.377778 0.00634766 0.0266667 0.00891876
7 0.155703 0.21 0.00421874 0.0155556 0.00888062
0 0.0674902 0.388333 0.0664258 0.0822222 0.00878143
0 0.96 0.105347 0.015 0.0165278 0.00806427
3 0.0619141 0.240417 0.0084375 0.0113889 0.00725937
7 0.25375 0.264444 0.01 0.0211111 0.00679779
2 0.6725 0.0387326 0.00625 0.0253125 0.00677109
7 0.965 0.228889 0.00250003 0.0172222 0.00641251
2 0.7375 0.119861 0.01375 0.0380556 0.00638962
0 0.24 0.347778 0.09125 0.09 0.00634003
7 0.215938 0.15625 0.004375 0.0125 0.00631332
3 0.16875 0.159583 0.00625 0.0169444 0.00612259
3 0.884375 0.0604167 0.00499999 0.025 0.00593567
0 0.417813 0.0633333 0.01375 0.0252778 0.00582123
7 0.0951563 0.2775 0.0034375 0.00999999 0.00577545
3 0.715 0.168194 0.00749995 0.0602778 0.00570679
0 0.0435156 0.254375 0.0185156 0.0290278 0.00570679
7 0.083125 0.293333 0.00625 0.0133333 0.00559998
7 0.69125 0.185556 0.00750001 0.0205556 0.00538635
7 0.71375 0.0498611 0.00499999 0.0125 0.0053215
3 0.69125 0.0472222 0.00499999 0.025 0.00510025
0 0.803125 0.0593056 0.03875 0.0252778 0.0049057
0 0.995625 0.136667 0.00874996 0.0288889 0.00481033
0 0.4025 0.0708333 0.0175 0.0263889 0.00479126
2 0.614063 0.0316667 0.013125 0.0256944 0.0046463
2 0.284063 0.120556 0.00562503 0.0144444 0.00457382
2 0.202656 0.143889 0.0075 0.0211111 0.00443268
0 0.0157715 0.305556 0.0297461 0.0355555 0.00439835
0 0.99625 0.126389 0.00749995 0.0277778 0.00436401
7 0.705625 0.0491667 0.00374997 0.015 0.0042305
2 0.71625 0.0676389 0.00750001 0.0266667 0.0042305
2 0.73375 0.115417 0.00749995 0.0361111 0.0041008
7 0.68875 0.0843056 0.00499999 0.0158333 0.00392914
7 0.0434766 0.358056 0.00632813 0.0194444 0.00388527
3 0.89 0.0620833 0.00374997 0.0238889 0.00367928
7 0.157109 0.232222 0.00796876 0.0427778 0.00366402
2 0.735 0.0330208 0.00499999 0.0142361 0.00363541
0 0.97625 0.113924 0.01625 0.0188194 0.00358009
2 0.612188 0.0492361 0.013125 0.0309722 0.00342941
3 0.167188 0.157639 0.0059375 0.0175 0.00340271
3 0.190938 0.156944 0.0075 0.025 0.00333786
0 0.0249023 0.3075 0.0145312 0.055 0.00322342
0 0.199688 0.17 0.01375 0.0272222 0.00317192
0 0.0339111 0.259167 0.0372559 0.0394445 0.00294685
0 0.545313 0.0143056 0.009375 0.0127778 0.00291252
7 0.709375 0.055625 0.00499999 0.0165278 0.00282288
2 0.0561719 0.2275 0.0071875 0.0177778 0.0026722
7 0.776875 0.146389 0.01 0.0205556 0.00261116
0 0.496563 0.0207639 0.010625 0.0201389 0.00251198
7 0.066875 0.308333 0.0084375 0.0177778 0.00245285
2 0.68875 0.0308333 0.00999997 0.0261111 0.00230598
0 0.0767188 0.258403 0.0228125 0.0354167 0.00219917
2 0.925625 0.0870833 0.00625 0.0183333 0.00216484
3 0.084375 0.211806 0.00515625 0.0158333 0.00216484
0 0.0376172 0.2675 0.0422656 0.0444444 0.00213242
0 0.98375 0.118194 0.015 0.0186111 0.00204277
0 0.96875 0.112465 0.0275 0.0211806 0.00203514
0 0.00449219 0.333333 0.00880859 0.0377778 0.00203514
0 0.0742969 0.253611 0.0225 0.0255556 0.00194168
2 0.73125 0.0956944 0.01 0.0441667 0.00189686
7 0.955 0.222778 0.00499999 0.0244444 0.00186062
7 0.3975 0.378333 0.085 0.15 0.00183868
7 0.105 0.243056 0.00390625 0.015 0.00178909
0 0.0464844 0.228333 0.0104687 0.0188889 0.0017004
5 0.00384033 0.245556 0.00768066 0.0311111 0.00161648
2 0.116719 0.217222 0.0090625 0.0291667 0.0015974
7 0.65 0.055 0.00750001 0.0144444 0.0015974
0 0.97125 0.107639 0.01875 0.0205556 0.00151253
0 0.268125 0.376667 0.0515625 0.107778 0.00151253
2 0.624688 0.0308333 0.00437501 0.0120833 0.00150108
0 0.0700781 0.413333 0.0692188 0.104444 0.00149536
0 0.427813 0.015 0.009375 0.0120833 0.00144386
0 0.533125 0.101528 0.035 0.0458333 0.00144386
2 0.729375 0.102917 0.00999997 0.0447222 0.00142097
3 0.894375 0.0663889 0.00374997 0.0183333 0.00139904
0 0.551875 0.0140278 0.00874996 0.0116667 0.00138855
7 0.165938 0.170972 0.00375001 0.0127778 0.00137806
0 0.474375 0.0232639 0.01375 0.0198611 0.00137234
7 0.0709375 0.299444 0.0220313 0.0211111 0.00136662
0 0.0513672 0.433333 0.0544531 0.0933333 0.00135612
0 0.209688 0.352778 0.053125 0.0822222 0.00130939
3 0.70375 0.0304861 0.00499999 0.0165278 0.00129414
0 0.00337891 0.418333 0.00672852 0.0477778 0.00123024
0 0.53875 0.00458333 0.00875003 0.00916667 0.00118351
2 0.655 0.0286111 0.0225 0.0151389 0.0011158
7 0.71625 0.0728472 0.00499999 0.0243056 0.00108624
3 0.28625 0.103056 0.00562499 0.0158333 0.00104046
2 0.7275 0.0405556 0.00749995 0.0177778 0.00103188
7 0.72625 0.131944 0.00499999 0.0147222 0.00101662
