0 0.389375 0.595556 0.07125 0.113333 0.95752
0 0.475625 0.915556 0.13125 0.166667 0.956055
0 0.188789 0.813333 0.136172 0.204444 0.955078
0 0.567188 0.541111 0.06625 0.1 0.941895
0 0.165 0.685556 0.115 0.142222 0.927734
0 0.4825 0.514167 0.05375 0.0838889 0.910645
0 0.0525 0.864444 0.104688 0.271111 0.907227
0 0.0204688 0.617778 0.0408594 0.0911111 0.901855
0 0.0701953 0.436667 0.0350781 0.03 0.885742
0 0.295938 0.382778 0.02875 0.0355555 0.873047
0 0.169219 0.489444 0.05875 0.0733333 0.871582
0 0.7525 0.328889 0.03875 0.0277778 0.852051
0 0.379688 0.414444 0.03375 0.05 0.848145
0 0.344063 0.333611 0.018125 0.0227778 0.833496
7 0.23625 0.505 0.0075 0.0244445 0.832031
0 0.608438 0.309167 0.031875 0.0216667 0.831055
0 0.024375 0.467778 0.0328906 0.0322222 0.829102
0 0.51 0.338611 0.02 0.0283333 0.822266
0 0.477188 0.300556 0.013125 0.0188889 0.813965
0 0.485 0.328889 0.016875 0.0266667 0.812988
0 0.546563 0.344444 0.025625 0.0333334 0.811523
7 0.222813 0.52 0.00812499 0.0244445 0.803223
0 0.45 0.334167 0.0175 0.0255556 0.789062
0 0.0426172 0.453333 0.0364844 0.03 0.773438
0 0.386875 0.325556 0.0175 0.0227778 0.766113
0 0.139609 0.483333 0.0495312 0.07 0.764648
7 0.0247461 0.531667 0.00582031 0.0188889 0.762207
0 0.371875 0.322778 0.015625 0.0211111 0.749023
0 0.0214844 0.444722 0.026875 0.0283333 0.720215
0 0.49875 0.313333 0.015 0.0216667 0.716797
0 0.456875 0.299444 0.010625 0.0177778 0.699219
0 0.41375 0.313889 0.0125 0.0188889 0.673828
7 0.6675 0.463889 0.00625 0.0238889 0.663574
2 0.239375 0.358889 0.0125 0.0222222 0.654785
7 0.75 0.415556 0.00625 0.0188889 0.654785
0 0.495313 0.292222 0.01125 0.0211111 0.644043
7 0.925 0.459167 0.00499999 0.0161111 0.635254
0 0.404375 0.323333 0.01625 0.0233333 0.625977
0 0.0466797 0.418889 0.0234375 0.0222222 0.620605
2 0.73 0.385556 0.0125 0.0444444 0.60498
0 0.00354004 0.464167 0.00708008 0.0288889 0.596191
7 0.739375 0.427778 0.00499999 0.0216667 0.595703
0 0.450625 0.319722 0.015 0.0205556 0.571777
0 0.348438 0.317778 0.013125 0.0188889 0.529297
0 0.373125 0.305833 0.0125 0.0161111 0.521484
0 0.0456152 0.4225 0.0256445 0.025 0.5
7 0.678125 0.48 0.00750001 0.0255556 0.498047
0 0.453125 0.316111 0.01375 0.02 0.476562
0 0.404375 0.2825 0.00875003 0.0111111 0.464844
0 0.5075 0.278611 0.00750001 0.0122222 0.458984
0 0.46625 0.280556 0.00625 0.0122222 0.44165
0 0.495313 0.284444 0.01 0.0166667 0.428223
7 0.125781 0.421667 0.0034375 0.0105555 0.42627
0 0.154219 0.453333 0.040625 0.0533333 0.422607
0 0.0115332 0.596667 0.022793 0.0555556 0.401611
0 0.38625 0.314444 0.0125 0.0166667 0.390381
0 0.3425 0.329167 0.018125 0.0222222 0.386719
5 0.3925 0.300278 0.01375 0.0238889 0.373779
7 0.73 0.438889 0.00750001 0.0188889 0.373047
0 0.414375 0.308889 0.01125 0.0177778 0.367432
0 0.41375 0.296111 0.01 0.0144444 0.366699
0 0.482188 0.276944 0.00750001 0.0127778 0.364746
7 0.92375 0.465556 0.00499999 0.0166667 0.359375
0 0.494063 0.303889 0.0125 0.0188889 0.337158
0 0.454063 0.303889 0.0125 0.0177778 0.29834
0 0.46 0.287778 0.00874999 0.0138889 0.27832
0 0.405 0.294444 0.01125 0.0133333 0.273682
7 0.0103809 0.543889 0.0075 0.0222222 0.265137
0 0.391875 0.313333 0.0125 0.02 0.242188
0 0.496563 0.2875 0.010625 0.015 0.240112
0 0.0251221 0.448611 0.0328809 0.0294445 0.235107
0 0.48875 0.269444 0.00625 0.01 0.2323
7 0.74625 0.401111 0.00500005 0.0177778 0.206299
0 0.470625 0.271944 0.00625 0.0105556 0.201172
7 0.685 0.352222 0.00250003 0.0122222 0.194336
0 0.3825 0.298611 0.00875003 0.0155556 0.172119
0 0.423125 0.296111 0.009375 0.0144444 0.140381
7 0.145078 0.416667 0.00359375 0.0122222 0.137939
0 0.373125 0.301389 0.00875003 0.0144444 0.137085
7 0.254063 0.492778 0.00625 0.0166667 0.13208
0 0.42 0.286111 0.00750001 0.0122222 0.13208
0 0.485 0.261944 0.00500002 0.01 0.129883
0 0.413125 0.281667 0.00749998 0.0111111 0.125488
7 0.204844 0.386667 0.00343749 0.01 0.119629
7 0.73625 0.427222 0.00499999 0.02 0.107056
7 0.63625 0.33 0.00375004 0.0122222 0.104492
0 0.478438 0.297778 0.015 0.02 0.0960083
7 0.654375 0.329444 0.00374997 0.0111111 0.0946655
7 0.734375 0.433889 0.00499999 0.0161111 0.0939941
0 0.44875 0.268333 0.00625 0.00888889 0.0939941
0 0.349375 0.310556 0.0125 0.0166667 0.0875854
0 0.427188 0.278611 0.00749998 0.00944443 0.0863037
0 0.460938 0.291389 0.01 0.0155555 0.0841675
7 0.0646875 0.472778 0.00398438 0.0127778 0.0830078
7 0.149219 0.411667 0.00406251 0.0144444 0.0739746
0 0.513125 0.278056 0.00625 0.0111111 0.0713501
7 0.0496094 0.477222 0.004375 0.0166667 0.0665894
0 0.337813 0.321944 0.011875 0.02 0.0646362
2 0.72125 0.412778 0.00999997 0.05 0.0618896
0 0.472188 0.277778 0.00750001 0.0122222 0.0594177
0 0.159531 0.465 0.0421875 0.0583333 0.0548096
0 0.150156 0.447778 0.0353125 0.04 0.0520325
0 0.444375 0.265 0.00625 0.0111111 0.0516663
7 0.224688 0.367222 0.005 0.0166667 0.0499573
2 0.7275 0.387222 0.00875003 0.0427778 0.0479431
7 0.265625 0.363889 0.00375001 0.0105555 0.0469055
0 0.434688 0.275833 0.00562503 0.00777777 0.0445251
0 0.0604688 0.427222 0.0275 0.0233333 0.0445251
7 0.725 0.442222 0.00499999 0.0188889 0.0445251
0 0.4275 0.271389 0.00687501 0.00833333 0.0402527
7 0.145938 0.406111 0.00343749 0.0122222 0.0393372
7 0.0562891 0.475278 0.00578125 0.0144444 0.0393372
0 0.0149707 0.606111 0.0297852 0.0711111 0.0393372
7 0.254688 0.362778 0.003125 0.0133334 0.0383301
0 0.420938 0.308333 0.010625 0.0177778 0.0370483
0 0.379375 0.290556 0.00750001 0.0133333 0.0307922
0 0.47625 0.2625 0.00499999 0.00944443 0.0302124
7 0.67 0.342778 0.00250003 0.0133334 0.0294189
2 0.565625 0.290556 0.00750001 0.0166667 0.0287628
0 0.0213086 0.438611 0.0243359 0.0272222 0.0287018
7 0.154844 0.408333 0.00375001 0.0155556 0.0280151
2 0.71875 0.420556 0.0125 0.0455556 0.0270691
7 0.164375 0.420278 0.004375 0.0133333 0.0252686
7 0.129219 0.414722 0.00328125 0.0133333 0.0248871
7 0.155625 0.413889 0.00406249 0.0155556 0.0228882
7 0.63625 0.3175 0.00499999 0.0133333 0.0219421
7 0.72125 0.448611 0.00749995 0.02 0.0218658
0 0.355938 0.282778 0.00750001 0.0144444 0.0199432
0 0.485625 0.32 0.015 0.0233333 0.0181885
2 0.633438 0.296111 0.00687497 0.015 0.0179901
7 0.215625 0.384444 0.003125 0.00777777 0.0178528
2 0.730625 0.39 0.00999997 0.0477778 0.0167847
7 0.7525 0.416667 0.00625 0.0177778 0.0146713
7 0.195313 0.388889 0.00374999 0.0172222 0.0137939
0 0.6125 0.304722 0.0275 0.02 0.0131226
7 0.655 0.317778 0.00249996 0.0111111 0.0123825
3 0.719375 0.422778 0.01125 0.0522222 0.0120087
3 0.655 0.298333 0.00375004 0.0155555 0.0116882
2 0.81125 0.3 0.00999997 0.0177778 0.0111618
2 0.719375 0.410556 0.01375 0.0372222 0.00985718
7 0.7425 0.4225 0.00499999 0.0166667 0.00959778
0 0.506875 0.273889 0.00812502 0.0133333 0.0088501
0 0.0469531 0.412778 0.0229688 0.0222222 0.00871277
7 0.229688 0.37 0.00374999 0.0144444 0.00854492
3 0.190625 0.375278 0.0046875 0.0238889 0.00793457
0 0.364375 0.296667 0.00812499 0.00888889 0.00679779
0 0.4775 0.303889 0.0125 0.0216667 0.00679779
3 0.250313 0.341111 0.00374999 0.0211111 0.00669098
3 0.81125 0.301111 0.00750001 0.0188889 0.00651169
0 0.443125 0.273889 0.00562499 0.00999999 0.00626373
7 0.928125 0.453333 0.00499999 0.0166667 0.00624084
2 0.72125 0.388889 0.0199999 0.0411111 0.00614548
0 0.99625 0.676667 0.00749995 0.0711111 0.00593567
0 0.42625 0.306111 0.01625 0.0233333 0.00591278
7 0.0112598 0.543333 0.00845703 0.0188889 0.00588989
7 0.67 0.471389 0.00499999 0.0255556 0.00577545
0 0.495313 0.265 0.00500002 0.0122222 0.00570679
0 0.0087207 0.59 0.0164258 0.0666667 0.00548935
7 0.21 0.409444 0.004375 0.0144444 0.00518036
7 0.125938 0.436389 0.0046875 0.0144444 0.00510025
2 0.565 0.284722 0.00749995 0.0161111 0.00496292
7 0.196719 0.398333 0.00562499 0.0222222 0.00468063
7 0.294688 0.347222 0.00437498 0.0155556 0.00367928
2 0.233906 0.358889 0.021875 0.0244444 0.00351143
0 0.145469 0.456667 0.054375 0.0588889 0.00337601
7 0.710625 0.404722 0.00625 0.0255556 0.00322342
7 0.67625 0.315833 0.00250003 0.0105555 0.00302696
3 0.951875 0.401389 0.00625 0.0327778 0.00302696
7 0.0755078 0.471111 0.00367187 0.0122222 0.00293541
7 0.695625 0.353611 0.00499999 0.0161111 0.00288963
7 0.745 0.391667 0.00499999 0.0244444 0.00257111
7 0.260469 0.36 0.005 0.0144444 0.00254059
3 0.549375 0.266389 0.00625 0.0166667 0.0024929
7 0.675 0.350278 0.00375004 0.0105555 0.00235939
0 0.333438 0.34 0.011875 0.0227778 0.00234222
7 0.16875 0.415 0.0075 0.02 0.00222588
7 0.265938 0.353889 0.00374999 0.0133334 0.00206757
2 0.69375 0.336111 0.0125 0.0272222 0.00203514
3 0.164219 0.38 0.0046875 0.0233333 0.00200272
0 0.865625 0.299722 0.00625 0.0133334 0.00194931
2 0.185313 0.380833 0.01 0.025 0.0018034
3 0.253594 0.33 0.00625 0.0211111 0.00178242
3 0.194063 0.517778 0.00874999 0.0566667 0.0017271
3 0.290313 0.345278 0.00750001 0.0205555 0.00171375
7 0.215625 0.403889 0.005 0.0155555 0.0016489
7 0.61375 0.328333 0.00625 0.0122222 0.00162315
7 0.175 0.420833 0.005 0.0133333 0.00162315
7 0.685 0.315 0.00374997 0.0122222 0.00161076
0 0.455 0.263056 0.00499999 0.00944446 0.0015974
7 0.671875 0.467222 0.00750001 0.0288889 0.00156689
3 0.163438 0.371667 0.00562499 0.0233333 0.00156116
3 0.0760938 0.4425 0.015625 0.0327778 0.00154877
3 0.664375 0.297222 0.00375004 0.0144444 0.0015192
2 0.53375 0.278333 0.00500002 0.00777777 0.0014782
3 0.169688 0.378056 0.00625 0.0216667 0.00145531
0 0.151094 0.478889 0.0484375 0.0666667 0.00144386
2 0.69 0.338056 0.00749995 0.0266667 0.00141621
7 0.105703 0.439167 0.00421875 0.0133334 0.00141048
3 0.709375 0.306111 0.00499999 0.0161111 0.00141048
7 0.7425 0.428333 0.00625 0.0216667 0.00139904
3 0.865 0.313333 0.00499999 0.0172222 0.00137806
7 0.04625 0.477222 0.008125 0.0377778 0.00134563
7 0.135156 0.421111 0.0034375 0.00999999 0.00132465
7 0.275313 0.352222 0.00375001 0.0133333 0.00130463
0 0.327188 0.345 0.015625 0.0277778 0.00121593
2 0.10625 0.386667 0.00625 0.0188889 0.00118828
3 0.875 0.316111 0.00499999 0.0155556 0.00105667
3 0.91 0.335 0.00749995 0.0172222 0.00103664
0 0.5025 0.292222 0.00750001 0.015 0.00102043
0 0.451563 0.299444 0.015 0.0205555 0.00101662
