0 0.845 0.605 0.1675 0.295556 0.958008
0 0.51 0.798333 0.15875 0.401111 0.95752
0 0.653594 0.479444 0.120313 0.213333 0.956543
0 0.247969 0.902222 0.187813 0.195556 0.956543
0 0.76875 0.878889 0.2 0.24 0.953125
0 0.7025 0.2925 0.08375 0.107222 0.951172
0 0.9475 0.933333 0.10375 0.131111 0.950195
0 0.355625 0.501944 0.10875 0.191667 0.949219
0 0.51625 0.443333 0.09 0.181667 0.946777
1 0.225156 0.442778 0.272813 0.51 0.942383
0 0.509375 0.261667 0.065 0.139444 0.941895
0 0.604688 0.291042 0.076875 0.12125 0.936523
0 0.0746484 0.961667 0.125391 0.0766667 0.936035
0 0.411875 0.285833 0.07875 0.156111 0.934082
0 0.348125 0.146944 0.060625 0.0477778 0.887207
0 0.89125 0.131667 0.0375 0.0394444 0.882324
0 0.79875 0.196944 0.04 0.0727778 0.878418
0 0.255313 0.141944 0.038125 0.0338889 0.871582
0 0.641875 0.0568056 0.0425 0.0311111 0.868164
0 0.0421875 0.284444 0.0315625 0.035 0.834473
0 0.531875 0.0997222 0.08 0.0633333 0.827637
0 0.955 0.134722 0.03 0.0333333 0.827637
0 0.322813 0.0902083 0.015 0.0219444 0.806641
0 0.214375 0.166389 0.03875 0.035 0.791992
2 0.88375 0.21375 0.0175 0.0625 0.791992
7 0.7425 0.173333 0.00625 0.0216667 0.770508
0 0.460625 0.0763194 0.04625 0.0309722 0.760742
0 0.426875 0.0571528 0.014375 0.0215278 0.756348
5 0.40875 0.0254167 0.01375 0.0223611 0.730957
0 0.401875 0.0654167 0.01625 0.0227778 0.730957
0 0.775625 0.0601389 0.035 0.0248611 0.72168
2 0.0383398 0.347778 0.0221484 0.0422222 0.700684
3 0.366875 0.208611 0.01875 0.07 0.6875
0 0.69875 0.0490451 0.04125 0.0277431 0.686035
0 0.385 0.0684028 0.015 0.0213889 0.679199
2 0.375625 0.0992361 0.018125 0.0290278 0.663574
0 0.3375 0.081875 0.015625 0.0222222 0.662109
0 0.35625 0.0799306 0.01625 0.0243056 0.649414
1 0.365313 0.0473785 0.02125 0.0330208 0.645996
0 0.114688 0.547917 0.0571875 0.159722 0.625977
2 0.535625 0.0459549 0.0125 0.0253125 0.611328
5 0.1025 0.246667 0.070625 0.0677778 0.611328
0 0.432813 0.0483333 0.01125 0.0180556 0.588867
0 0.120313 0.210833 0.0296875 0.0341667 0.57959
7 0.70125 0.197917 0.00750001 0.0238889 0.575684
5 0.40875 0.0297917 0.015 0.0301389 0.569824
7 0.944375 0.219167 0.00500005 0.0155556 0.542969
7 0.0269141 0.379167 0.00570313 0.0188889 0.542969
7 0.75125 0.163056 0.00499999 0.0205556 0.539062
0 0.0407422 0.263611 0.0234375 0.0294444 0.517578
0 0.78 0.0625 0.0375 0.0261111 0.498047
0 0.122422 0.535556 0.0720313 0.183333 0.481445
0 0.79 0.0606944 0.0325 0.0236111 0.480469
4 0.101387 0.246389 0.0706641 0.0688889 0.472656
7 0.7675 0.129444 0.00499999 0.0172222 0.46582
0 0.39375 0.0480556 0.01375 0.0147222 0.458984
0 0.374375 0.0665278 0.015 0.0247222 0.458984
2 0.0344922 0.348889 0.0152344 0.0411111 0.458984
0 0.3425 0.0840278 0.01625 0.0223611 0.455078
0 0.5025 0.009375 0.00812499 0.01375 0.443604
7 0.945 0.21375 0.00499999 0.0166667 0.432129
0 0.38375 0.0484722 0.01125 0.0152778 0.428223
0 0.39125 0.0565278 0.011875 0.0166667 0.413086
0 0.370313 0.0688889 0.015625 0.0241667 0.388672
0 0.123594 0.205556 0.0228125 0.0244445 0.373779
7 0.0664844 0.297778 0.00421875 0.0133333 0.361084
0 0.4075 0.0582639 0.01375 0.0201389 0.360352
0 0.117031 0.213889 0.034375 0.0383333 0.359375
2 0.475 0.05125 0.010625 0.0216667 0.339844
0 0.348438 0.0702778 0.0125 0.0166667 0.339844
0 0.365 0.0813889 0.0175 0.0261111 0.336426
2 0.47375 0.0561111 0.01375 0.0216667 0.32251
0 0.426875 0.0300694 0.00999997 0.0133333 0.320801
0 0.411875 0.0468056 0.011875 0.0154167 0.315674
0 0.428125 0.0227083 0.01 0.0136111 0.299072
0 0.410938 0.0571528 0.01375 0.02125 0.289307
7 0.745 0.127778 0.00499999 0.0183333 0.282959
7 0.70375 0.078125 0.00250003 0.0126389 0.276611
7 0.16375 0.204722 0.00374999 0.0116667 0.276611
0 0.0773438 0.26 0.0203125 0.0311111 0.230957
7 0.0278125 0.378333 0.00546875 0.0222222 0.219971
2 0.367188 0.208611 0.021875 0.0688889 0.216064
2 0.616563 0.0274306 0.00500005 0.0147222 0.212769
0 0.3725 0.0595833 0.015 0.0216667 0.206909
0 0.340313 0.0774306 0.0125 0.0188889 0.201782
0 0.37875 0.0672917 0.015625 0.02125 0.201172
0 0.404375 0.0454861 0.01 0.0175 0.195557
0 0.355625 0.0697917 0.01375 0.0180556 0.194336
7 0.753125 0.1625 0.00625 0.0205556 0.188965
0 0.0847656 0.257292 0.0367188 0.0376389 0.176147
7 0.94125 0.21625 0.00500005 0.0158333 0.17334
7 0.70125 0.0752778 0.00499999 0.0155556 0.166626
0 0.434063 0.0302083 0.00750001 0.0123611 0.165649
7 0.285781 0.115833 0.00375001 0.0105556 0.158203
0 0.446875 0.0144097 0.009375 0.0122917 0.145142
7 0.75375 0.159722 0.00625 0.02 0.133911
7 0.594688 0.0454167 0.00374997 0.0125 0.132935
7 0.67375 0.05 0.00499999 0.0155556 0.118774
2 0.36625 0.0893056 0.01875 0.0288889 0.113953
0 0.0804492 0.256111 0.0281641 0.0316667 0.092041
7 0.145 0.211806 0.00421875 0.0147222 0.0891113
0 0.3525 0.0842361 0.01625 0.0219444 0.081543
5 0.0900781 0.241389 0.0429688 0.0555556 0.0778198
2 0.726875 0.0349306 0.00499999 0.0161111 0.0769653
2 0.73625 0.0355208 0.00750001 0.016875 0.0734253
7 0.145156 0.220556 0.00359376 0.0133333 0.0723877
0 0.500938 0.00604167 0.00687501 0.0120833 0.069397
5 0.436875 0.0136111 0.00750001 0.0133333 0.0692749
2 0.374063 0.0891667 0.02125 0.03 0.0682983
7 0.7 0.200833 0.00750001 0.0338889 0.0671997
0 0.454375 0.00923611 0.00562499 0.00972222 0.0668335
0 0.00328125 0.278056 0.0065625 0.0266667 0.0651245
0 0.37 0.0869445 0.0225 0.0311111 0.0634766
7 0.69125 0.186667 0.00750001 0.0244444 0.0558167
7 0.766875 0.125833 0.00499999 0.0183333 0.0541992
0 0.78 0.0576389 0.0425 0.0255556 0.0505066
0 0.98 0.105833 0.015 0.0158333 0.0503235
7 0.08375 0.291111 0.005 0.0138889 0.0472412
7 0.670625 0.0498611 0.00375004 0.0155556 0.0448608
0 0.427188 0.0156944 0.00874999 0.0133333 0.0414734
0 0.448125 0.0153125 0.00750001 0.0134028 0.0405273
2 0.374375 0.105556 0.0175 0.0327778 0.0359497
7 0.139531 0.215694 0.004375 0.0166667 0.0353394
7 0.68625 0.0797222 0.00499999 0.0122222 0.0344849
0 0.143281 0.533056 0.113437 0.190556 0.0343628
0 0.00514526 0.379722 0.00789307 0.0255556 0.0340881
7 0.0753906 0.293889 0.00375 0.0111111 0.0325928
0 0.98 0.114028 0.01625 0.0161111 0.0322266
2 0.64375 0.0282639 0.00625 0.0111111 0.0306702
0 0.459063 0.00430556 0.00625 0.00861111 0.0299835
2 0.122891 0.194306 0.0090625 0.0175 0.0294189
2 0.65625 0.0314236 0.00499999 0.0134028 0.0274811
0 0.352813 0.0617361 0.0125 0.0176389 0.0253754
2 0.735 0.0399306 0.00999997 0.0177778 0.0250854
0 0.00466065 0.271111 0.00932129 0.0272222 0.0247955
0 0.95 0.139444 0.0275 0.0288889 0.0223236
0 0.118906 0.220694 0.031875 0.0341667 0.0215302
7 0.0851563 0.281389 0.00593751 0.0194444 0.0207977
0 0.39625 0.0318056 0.00874999 0.0111806 0.0207214
0 0.97875 0.115278 0.0125 0.0172222 0.0204163
2 0.5375 0.0458333 0.0175 0.0259722 0.0199432
2 0.098125 0.224306 0.00984375 0.0263889 0.0187683
7 0.0276953 0.373889 0.00648438 0.0188889 0.0179901
3 0.295625 0.102917 0.00499999 0.0133333 0.0176392
2 0.132734 0.176111 0.00703125 0.0155556 0.0172424
0 0.120781 0.221389 0.0304688 0.0266667 0.0167847
0 0.00381348 0.378889 0.00741211 0.0288889 0.0167236
7 0.585625 0.0461806 0.00374997 0.0123611 0.0154266
7 0.06875 0.297778 0.00453125 0.0166667 0.0153046
7 0.7725 0.146806 0.00499999 0.0155556 0.0150757
7 0.73 0.123333 0.00499999 0.0177778 0.0150757
0 0.0081543 0.273056 0.0136914 0.0244444 0.0142822
3 0.16875 0.157778 0.005 0.0166667 0.014061
2 0.116719 0.189167 0.01125 0.0163889 0.0132217
3 0.715 0.168333 0.00875003 0.0761111 0.0121918
0 0.384375 0.0719444 0.0175 0.0230556 0.011734
3 0.346875 0.2 0.0125 0.0405556 0.0105286
3 0.715 0.166389 0.00749995 0.0616667 0.0104904
3 0.665 0.0333681 0.00500005 0.0154861 0.0100555
0 0.881875 0.0508333 0.00999997 0.0147222 0.00967407
7 0.295156 0.114444 0.00343749 0.0105556 0.00948334
7 0.675 0.0820139 0.00375004 0.0105556 0.00941467
2 0.0109277 0.271389 0.0111523 0.025 0.00891876
0 0.99625 0.125139 0.00749995 0.0233333 0.00878143
3 0.88375 0.06125 0.00499999 0.0216667 0.00857544
0 0.780625 0.0695833 0.04 0.0308333 0.00844574
0 0.00323975 0.284444 0.00647949 0.0277778 0.00841522
3 0.3425 0.19 0.00750001 0.0388889 0.00821686
0 0.33875 0.0719444 0.01375 0.0188889 0.00790405
0 0.0371094 0.267778 0.0289063 0.0283333 0.00737381
0 0.485625 0.00965278 0.00437501 0.00902778 0.00731659
2 0.78875 0.074375 0.0225 0.02625 0.00731659
3 0.0407813 0.309722 0.0107812 0.0244444 0.00619125
2 0.101563 0.222083 0.0109375 0.0283333 0.00612259
2 0.361563 0.08875 0.019375 0.0266667 0.00602722
0 0.0441406 0.268333 0.0280469 0.0288889 0.00577545
0 0.09375 0.269444 0.009375 0.0277778 0.00575256
0 0.55 0.0197917 0.00750001 0.0120833 0.0055542
2 0.195938 0.155833 0.00687501 0.0266667 0.00542831
3 0.97 0.162222 0.00499999 0.0211111 0.00530243
3 0.0108374 0.265556 0.0112158 0.025 0.00516129
2 0.7025 0.0342708 0.00749995 0.014375 0.00502014
0 0.105 0.217222 0.023125 0.0288889 0.00496292
0 0.00280762 0.330278 0.00561523 0.0266667 0.00460815
0 0.995625 0.134167 0.00874996 0.03 0.00453949
3 0.230313 0.13 0.005 0.0183333 0.00438309
2 0.267188 0.12 0.0075 0.0133333 0.00432968
3 0.92625 0.443333 0.00750001 0.0422222 0.00419998
2 0.203125 0.143333 0.00687499 0.0222222 0.00413513
3 0.166875 0.159306 0.005 0.0166667 0.00413513
0 0.4425 0.0429167 0.00999997 0.0179167 0.00408554
0 0.458125 0.0683333 0.04875 0.0411111 0.0039444
5 0.00465332 0.249444 0.00930664 0.0294444 0.00391388
4 0.1 0.235278 0.0721875 0.095 0.00388527
2 0.102734 0.219722 0.0114063 0.0233333 0.0037365
2 0.72875 0.0397396 0.00999997 0.0191319 0.00369263
3 0.214063 0.136667 0.004375 0.0122222 0.00366402
2 0.925625 0.0895833 0.00749995 0.0204167 0.00365067
0 0.400938 0.0708333 0.0175 0.0252778 0.00340271
2 0.685 0.0365278 0.00499999 0.0176389 0.00332451
2 0.51875 0.0522222 0.011875 0.0194444 0.00322342
0 0.119844 0.24 0.03625 0.0522222 0.00318527
3 0.89 0.0622222 0.00499999 0.0229167 0.00314713
2 0.573125 0.0259375 0.00625 0.0134028 0.00298119
0 0.0751953 0.281389 0.0155469 0.0283333 0.00291252
3 0.350625 0.165556 0.0325 0.0486111 0.00286674
3 0.675 0.0312153 0.00375004 0.0164583 0.00275803
3 0.89375 0.0660417 0.00499999 0.0177778 0.00237846
7 0.664375 0.0486111 0.00375004 0.0155556 0.00228691
2 0.475625 0.0681944 0.02 0.0280556 0.00223351
2 0.375313 0.106528 0.023125 0.0355555 0.00223351
2 0.8775 0.0884028 0.00750001 0.0194444 0.00216484
0 0.9625 0.104167 0.01 0.0155556 0.00209999
0 0.96625 0.140556 0.0449999 0.0394445 0.00204277
3 0.31 0.0911111 0.00718749 0.0170833 0.00203514
2 0.235781 0.138889 0.00406249 0.0211111 0.00201988
3 0.928125 0.441667 0.00750001 0.0333333 0.00199509
2 0.601563 0.042066 0.00874996 0.0180903 0.00195694
0 0.97625 0.140278 0.0175 0.0338889 0.00194168
3 0.9275 0.444444 0.00750001 0.0533333 0.00190449
0 0.811875 0.0728472 0.04 0.0225 0.00188923
7 0.74875 0.126389 0.00499999 0.0183333 0.00186729
7 0.41125 0.286181 0.0775 0.155417 0.00182438
1 0.354375 0.0468229 0.04125 0.0457986 0.0018034
0 0.970625 0.981667 0.0575 0.0344444 0.00178242
0 0.100781 0.268889 0.0209375 0.0305556 0.0017004
7 0.715 0.0769444 0.00500005 0.0205556 0.00166798
2 0.345313 0.0904167 0.015 0.0225 0.0016613
3 0.853125 0.0425694 0.00499999 0.0191667 0.00165462
2 0.570625 0.0236111 0.00750001 0.01375 0.00165462
7 0.589688 0.0502083 0.00625 0.0163889 0.00163555
0 0.471875 0.0540278 0.021875 0.0261111 0.00156116
0 0.54625 0.0123264 0.00625 0.00902778 0.00154877
7 0.00564453 0.380556 0.00976563 0.025 0.00153065
2 0.625 0.0320139 0.00375004 0.0119444 0.00152493
2 0.30625 0.0979861 0.0078125 0.0151389 0.00152493
2 0.138203 0.171389 0.0159375 0.0172222 0.00144386
3 0.267031 0.103403 0.00656249 0.0143056 0.00143242
7 0.50875 0.261944 0.065 0.139444 0.00141621
3 0.165625 0.166111 0.003125 0.0166667 0.00135612
2 0.72875 0.0275 0.00875003 0.0234722 0.00133038
7 0.147891 0.203056 0.00874999 0.0222222 0.00127888
2 0.52125 0.0506944 0.014375 0.0194444 0.00123024
1 0.985 0.141944 0.03 0.04 0.0012064
0 0.879375 0.05125 0.01625 0.0158333 0.00118351
2 0.602813 0.0343056 0.00625 0.0172222 0.00116062
0 0.547813 0.0969444 0.048125 0.0494445 0.00115585
0 0.98375 0.136111 0.03 0.0283333 0.0011425
5 0.0204688 0.239722 0.0166797 0.0238889 0.0011425
3 0.08625 0.211389 0.0065625 0.0155556 0.00112438
0 0.82625 0.0695833 0.01875 0.0202778 0.00108147
7 0.6875 0.183056 0.00625 0.0216667 0.00107288
7 0.154688 0.221111 0.00406251 0.0113889 0.00107288
5 0.0133765 0.250833 0.0171924 0.0294444 0.00106525
7 0.274688 0.118889 0.00343749 0.0108333 0.00105667
