0 0.643125 0.834445 0.13875 0.266667 0.958496
0 0.317188 0.813333 0.120625 0.211111 0.95752
0 0.811875 0.814445 0.165 0.277778 0.95752
0 0.46875 0.812222 0.103125 0.232222 0.956055
0 0.58875 0.592778 0.09 0.156667 0.950684
0 0.6925 0.610556 0.1 0.135556 0.94043
5 0.1275 0.873333 0.1625 0.251111 0.939941
0 0.494688 0.594444 0.069375 0.125556 0.939453
0 0.260938 0.647222 0.0975 0.143333 0.939453
0 0.374063 0.615556 0.0725 0.117778 0.9375
0 0.176406 0.658889 0.0971875 0.12 0.931641
0 0.132734 0.405556 0.0351562 0.0288889 0.878418
0 0.485938 0.338889 0.045625 0.03 0.861328
0 0.2375 0.358889 0.03 0.0266667 0.834473
7 0.235 0.504167 0.0075 0.0227778 0.830078
0 0.370625 0.354444 0.045 0.0333333 0.829102
0 0.0586328 0.438889 0.0332031 0.0333333 0.816406
2 0.0665234 0.464444 0.0155469 0.0333334 0.803223
7 0.666875 0.464444 0.00625 0.0222223 0.775879
0 0.5825 0.306111 0.02875 0.0211111 0.759277
0 0.3625 0.33 0.01875 0.0222222 0.757812
0 0.343125 0.333056 0.01625 0.0211111 0.756348
0 0.309063 0.335556 0.018125 0.02 0.743164
0 0.38375 0.326389 0.01625 0.0233333 0.732422
0 0.00441162 0.435 0.00882324 0.0233333 0.729492
7 0.0232813 0.528056 0.00507813 0.0161111 0.728027
7 0.221563 0.518333 0.008125 0.0244444 0.720215
0 0.325703 0.334444 0.0148438 0.0211111 0.708984
2 0.6475 0.319167 0.00999997 0.0277778 0.704102
7 0.749375 0.415556 0.00500005 0.0166667 0.680664
7 0.925625 0.457222 0.00374997 0.0155555 0.675781
2 0.6875 0.311111 0.00750001 0.0177778 0.625977
2 0.111563 0.388889 0.01 0.0188889 0.605957
0 0.405625 0.320556 0.015 0.0233333 0.602051
2 0.52 0.321667 0.01875 0.0227778 0.594727
0 0.41375 0.313889 0.01 0.0188889 0.558105
5 0.391875 0.307222 0.01875 0.04 0.548828
7 0.634375 0.328889 0.00375004 0.0111111 0.519531
7 0.678125 0.48 0.00750001 0.0244445 0.519531
0 0.374375 0.321667 0.0125 0.0211111 0.498047
0 0.35875 0.315 0.01375 0.0177778 0.488281
0 0.3425 0.315 0.01375 0.0216667 0.460938
0 0.371875 0.303889 0.0125 0.0166667 0.427246
0 0.0503516 0.422778 0.0232813 0.0233333 0.424316
0 0.4325 0.275556 0.00750001 0.00999999 0.405518
7 0.735625 0.431111 0.00625 0.0177778 0.38501
7 0.728125 0.438889 0.00499999 0.0188889 0.378418
7 0.73875 0.427222 0.00499999 0.02 0.373047
2 0.7375 0.385 0.01 0.0411111 0.370117
7 0.68375 0.352778 0.00500005 0.0133333 0.354004
7 0.92375 0.466111 0.00499999 0.0155555 0.341553
0 0.3625 0.311667 0.014375 0.0183333 0.331055
7 0.72375 0.398889 0.00499999 0.0166667 0.320801
0 0.4125 0.291111 0.01 0.0166667 0.317383
0 0.405 0.295833 0.01 0.0172222 0.315674
0 0.3725 0.298889 0.009375 0.0144444 0.289307
7 0.0460547 0.475833 0.00390625 0.0138889 0.214722
0 0.34125 0.315556 0.015625 0.0166667 0.204346
7 0.7375 0.427222 0.00499999 0.0188889 0.203125
2 0.05 0.4175 0.0196875 0.0227778 0.191284
0 0.332813 0.331111 0.011875 0.0211111 0.185913
5 0.389375 0.311944 0.0175 0.0316666 0.182373
5 0.485 0.263889 0.00625 0.0116667 0.173828
3 0.496563 0.314722 0.00562499 0.0183333 0.167236
0 0.308125 0.338889 0.01875 0.0244444 0.15918
0 0.368125 0.299722 0.00874999 0.0116666 0.138428
2 0.294688 0.344722 0.00749998 0.0222222 0.131226
7 0.745 0.401111 0.00250003 0.0144444 0.122131
2 0.0519141 0.411667 0.0116406 0.0211111 0.116333
0 0.424063 0.277778 0.00749998 0.0116667 0.114746
0 0.417813 0.284444 0.009375 0.0155555 0.113953
3 0.70875 0.309167 0.00500005 0.0188889 0.107788
0 0.0463965 0.422222 0.0295508 0.0266667 0.104858
7 0.72625 0.44 0.00499999 0.0177778 0.103027
0 0.430625 0.272222 0.00625 0.01 0.100525
3 0.489688 0.312222 0.00437498 0.0216667 0.0820923
7 0.265781 0.362778 0.00375001 0.0116666 0.0806274
0 0.378125 0.289444 0.00749998 0.0122222 0.0755615
7 0.67 0.341667 0.00250003 0.0122222 0.0745239
0 0.44375 0.265 0.00625 0.0111111 0.0720825
5 0.495 0.261667 0.00625 0.00888889 0.0685425
0 0.44875 0.266667 0.00499999 0.00888889 0.0665894
7 0.0489063 0.477778 0.00421875 0.0133333 0.0639648
0 0.00494629 0.405556 0.0097168 0.0161111 0.0587769
0 0.355 0.309444 0.01375 0.0166667 0.0574951
0 0.47125 0.267778 0.00625 0.00944446 0.0535889
0 0.47625 0.265 0.00499999 0.0111111 0.0476074
7 0.74375 0.42 0.00499999 0.0144444 0.0462036
0 0.394375 0.320833 0.013125 0.0238889 0.0441895
2 0.109219 0.388056 0.0153125 0.0205555 0.0379028
3 0.292031 0.343333 0.00593751 0.02 0.0368958
7 0.63625 0.318889 0.00437501 0.0144444 0.035553
0 0.42125 0.308333 0.01125 0.0177778 0.0322266
7 0.204688 0.383333 0.00374999 0.01 0.0304413
0 0.488125 0.267222 0.00500002 0.00888889 0.028656
2 0.6875 0.302222 0.00750001 0.02 0.0274811
2 0.87625 0.316667 0.00750001 0.0166667 0.0274811
7 0.9275 0.451667 0.00499999 0.0144444 0.0273743
7 0.00840332 0.543333 0.0059668 0.0211111 0.0237732
2 0.175781 0.371111 0.0059375 0.0177778 0.0227966
3 0.170313 0.372778 0.00625 0.02 0.0194244
3 0.214063 0.3625 0.004375 0.0183333 0.0158997
0 0.41375 0.283889 0.00874999 0.015 0.0152512
7 0.221406 0.508889 0.00687499 0.0261111 0.0142822
0 0.407813 0.321667 0.01625 0.0211111 0.0132217
7 0.666875 0.353333 0.00374997 0.0111111 0.0131683
2 0.0489844 0.411944 0.0195313 0.0227778 0.0130692
2 0.515625 0.314167 0.01625 0.0255556 0.0124817
0 0.455 0.263333 0.00374997 0.00888889 0.0113754
0 0.405 0.281667 0.00750001 0.00999999 0.0108566
3 0.865 0.314444 0.00499999 0.0177778 0.00908661
0 0.300625 0.339444 0.01625 0.0222222 0.00844574
0 0.328125 0.318333 0.0125 0.0155555 0.00769424
2 0.706875 0.308889 0.00499999 0.0155555 0.00748825
7 0.285625 0.346389 0.00406253 0.0166667 0.00737381
7 0.155313 0.418056 0.003125 0.0111111 0.00737381
0 0.515 0.2625 0.00375001 0.00722224 0.00666809
7 0.615 0.329722 0.00374997 0.0105555 0.00605011
7 0.665 0.315 0.00250003 0.0122222 0.00602722
7 0.275313 0.35 0.00343749 0.0111111 0.00602722
0 0.413125 0.271667 0.01 0.0127778 0.00561905
3 0.19 0.372778 0.004375 0.0211111 0.00542831
0 0.0439063 0.416944 0.0349219 0.0255555 0.0051384
0 0.105234 0.39 0.0259375 0.0233333 0.00443268
0 0.00943359 0.406667 0.0149023 0.0188889 0.00432968
3 0.81 0.301944 0.00625 0.0194444 0.00429916
7 0.195 0.382778 0.003125 0.0138889 0.00426483
2 0.69125 0.314444 0.0125 0.0177778 0.00397491
0 0.0092041 0.420556 0.017666 0.0188889 0.00391388
2 0.0377344 0.406389 0.0115625 0.0188889 0.00388527
0 0.110313 0.393333 0.0175 0.0255555 0.00382423
0 0.0399609 0.423333 0.0359375 0.0294444 0.00382423
0 0.505313 0.321111 0.02 0.0222222 0.00359344
0 0.525625 0.275 0.00562499 0.00888889 0.00352478
7 0.609063 0.308611 0.00499999 0.015 0.00346947
2 0.489063 0.321111 0.01 0.0222222 0.00345612
7 0.565938 0.328611 0.00437501 0.0127778 0.00345612
0 0.00555664 0.436389 0.0111133 0.0266667 0.00312424
7 0.7775 0.350556 0.00749995 0.0244444 0.0029583
0 0.56375 0.279722 0.00625 0.0105555 0.00283432
2 0.624688 0.299444 0.00499999 0.0155556 0.00283432
1 0.364063 0.272708 0.05 0.0556944 0.00277901
2 0.466875 0.318333 0.00750001 0.0177778 0.00275803
0 0.00543945 0.388333 0.0101758 0.0194444 0.00269318
2 0.77625 0.352778 0.00750001 0.0288889 0.00263214
0 0.534688 0.278333 0.00499999 0.00777777 0.00253105
0 0.344375 0.337778 0.01875 0.0266667 0.00243378
7 0.75375 0.415278 0.00499999 0.0161111 0.00226974
0 0.444375 0.273889 0.00749998 0.0122222 0.00226021
7 0.265781 0.353333 0.00406249 0.0122222 0.00226021
0 0.37625 0.282778 0.00499999 0.0138889 0.00218201
0 0.435625 0.263333 0.00437501 0.01 0.00209999
0 0.423438 0.296667 0.00749998 0.0133333 0.00206757
2 0.185781 0.381944 0.00906251 0.025 0.00186062
0 0.00758789 0.411111 0.0136523 0.0205555 0.00185299
2 0.183438 0.370556 0.01375 0.0211111 0.00182438
3 0.695 0.448333 0.00999997 0.0622223 0.0018177
0 0.00424805 0.443056 0.00849609 0.0344444 0.00162315
7 0.6725 0.472778 0.00875003 0.0255556 0.00157356
3 0.87 0.311111 0.0125 0.0311111 0.0015192
2 0.112422 0.384444 0.0142188 0.0238889 0.00147247
7 0.494375 0.595556 0.07 0.123333 0.00146103
0 0.325938 0.339444 0.015 0.0216667 0.00130463
0 0.970625 0.370556 0.04125 0.0311111 0.00130463
3 0.164063 0.383889 0.004375 0.0222222 0.00130463
7 0.165938 0.417778 0.00375001 0.0122222 0.00126457
0 0.232344 0.357778 0.029375 0.0211111 0.00124931
0 0.0363672 0.39 0.0105469 0.0233333 0.0012207
7 0.176289 0.659445 0.0955469 0.12 0.00120163
7 0.604375 0.312222 0.00750001 0.0116666 0.00119209
3 0.30125 0.346667 0.0103125 0.0266667 0.0011692
3 0.214688 0.3575 0.005 0.0227778 0.00116539
7 0.259688 0.36 0.00687499 0.0155555 0.00113773
0 0.425625 0.308889 0.0225 0.03 0.0011034
7 0.671875 0.466667 0.00750001 0.0288889 0.00109863
0 0.464688 0.275 0.00437498 0.00888889 0.00109005
0 0.555625 0.298611 0.00875003 0.0133333 0.00106049
0 0.9675 0.346944 0.0175 0.0216667 0.00100803
