0 0.163281 0.745 0.156563 0.298889 0.963867
0 0.901875 0.461111 0.125 0.186667 0.953613
0 0.107344 0.617639 0.128125 0.209167 0.946777
0 0.293125 0.400833 0.1 0.146667 0.946289
0 0.244219 0.932222 0.174063 0.135556 0.945312
0 0.628125 0.413889 0.1 0.165556 0.937012
0 0.225625 0.385 0.089375 0.122778 0.936523
0 0.34875 0.275069 0.06625 0.0931945 0.936035
0 0.501875 0.303264 0.06625 0.114583 0.927246
0 0.0167285 0.922222 0.0332617 0.153333 0.924805
0 0.42375 0.237361 0.05375 0.0847222 0.922852
0 0.163125 0.308611 0.06625 0.107222 0.914062
0 0.494063 0.151111 0.038125 0.06 0.897461
0 0.097207 0.359444 0.0671484 0.100556 0.897461
0 0.142969 0.261736 0.0446875 0.0776389 0.894043
0 0.28 0.167778 0.03875 0.0572222 0.893066
0 0.548125 0.126528 0.0375 0.0522222 0.887207
0 0.453125 0.117222 0.0275 0.0433333 0.873047
0 0.221563 0.209028 0.0428125 0.0538889 0.865234
0 0.0388672 0.301667 0.0347656 0.0422222 0.865234
0 0.469375 0.0679167 0.0175 0.0258333 0.864258
1 0.588125 0.0715278 0.05875 0.0997222 0.860352
0 0.405625 0.0618056 0.02 0.0223611 0.853027
0 0.35125 0.0986111 0.024375 0.0272222 0.851074
0 0.54875 0.0543056 0.0225 0.0286111 0.84375
0 0.49625 0.0852778 0.0225 0.0386111 0.833496
0 0.0721094 0.260278 0.030625 0.0311111 0.831055
0 0.265313 0.117222 0.02625 0.0263889 0.827637
0 0.535 0.0402083 0.01625 0.0215278 0.809082
0 0.3025 0.13 0.025 0.0347222 0.805664
0 0.239063 0.171806 0.035625 0.0452778 0.805664
7 0.25625 0.265556 0.0075 0.0233333 0.78418
0 0.480625 0.0294097 0.01125 0.0171528 0.78125
1 0.7975 0.0495833 0.05125 0.0504167 0.778809
0 0.0274658 0.293889 0.0286621 0.0333333 0.775879
0 0.844375 0.0686111 0.03125 0.0236111 0.770508
7 0.7425 0.173056 0.00499999 0.0211111 0.757812
7 0.2425 0.281111 0.008125 0.0233333 0.750488
0 0.89125 0.081875 0.03125 0.0240278 0.746094
0 0.423125 0.0568056 0.015 0.0244444 0.732422
0 0.49625 0.0385417 0.0125 0.0188889 0.728027
0 0.73375 0.0583333 0.0375 0.0283333 0.723145
0 0.321563 0.101806 0.019375 0.0247222 0.72168
0 0.78125 0.0641667 0.0375 0.0269444 0.713867
0 0.216875 0.176944 0.035 0.0427778 0.705566
7 0.75125 0.16125 0.00499999 0.0197222 0.705566
0 0.0549609 0.277778 0.0289063 0.03 0.672363
1 0.395625 0.0346528 0.01875 0.03125 0.660156
0 0.54125 0.0321528 0.011875 0.01875 0.658203
0 0.0945313 0.339722 0.0459375 0.0633333 0.624512
0 0.298594 0.107917 0.0203125 0.0275 0.613281
7 0.0269922 0.378889 0.005625 0.0177778 0.604004
0 0.4325 0.0495139 0.0125 0.0184722 0.59082
0 0.394063 0.0500694 0.015 0.0206944 0.588867
0 0.531875 0.00996528 0.00875003 0.0120139 0.581543
0 0.325938 0.0870833 0.01625 0.0233333 0.581543
0 0.392188 0.0509722 0.0125 0.0190278 0.575684
0 0.745 0.0500174 0.0325 0.0285764 0.57373
7 0.945 0.214444 0.00499999 0.0177778 0.554688
0 0.523125 0.0219792 0.01 0.0152778 0.550781
0 0.3625 0.0660417 0.0125 0.0197222 0.539062
0 0.312969 0.0911111 0.0153125 0.0194444 0.529297
3 0.17 0.19 0.00687499 0.0305556 0.518555
0 0.350313 0.0697917 0.015 0.0198611 0.511719
0 0.314688 0.0879861 0.014375 0.02125 0.474609
0 0.324063 0.0901389 0.0175 0.02375 0.474609
0 0.975 0.105833 0.02 0.0169444 0.46875
0 0.352813 0.0623611 0.015 0.0183333 0.456055
5 0.420625 0.0297569 0.0125 0.0254861 0.439697
2 0.0875781 0.218889 0.00671875 0.0177778 0.434082
0 0.484688 0.0102083 0.00625 0.00958333 0.428223
0 0.354063 0.0663194 0.015 0.0215278 0.42627
7 0.70375 0.0782639 0.00499999 0.0134722 0.424316
0 0.75 0.0561111 0.04 0.0226389 0.403564
0 0.380625 0.0511111 0.01125 0.0180556 0.399902
0 0.908125 0.0902778 0.035 0.0222222 0.392334
0 0.370625 0.0541667 0.01 0.0144444 0.387695
7 0.94125 0.216944 0.00500005 0.0188889 0.385742
7 0.74375 0.125 0.00499999 0.0177778 0.37207
0 0.498125 0.0104167 0.00874999 0.0120833 0.354004
7 0.7675 0.129722 0.00499999 0.0155555 0.344238
0 0.3575 0.0734722 0.01375 0.0223611 0.332764
7 0.94375 0.218472 0.00499999 0.0177778 0.329346
7 0.745 0.127361 0.00499999 0.0186111 0.313965
7 0.0430078 0.36 0.00539062 0.0172222 0.299072
3 0.92625 0.2275 0.00750001 0.05 0.29248
3 0.146406 0.208056 0.00718749 0.03 0.284668
0 0.91125 0.0929861 0.0325 0.0223611 0.282959
0 0.51375 0.00735243 0.00687501 0.0108507 0.276611
0 0.89125 0.07875 0.02625 0.0216667 0.275879
0 0.4125 0.0472049 0.01 0.0197569 0.275146
0 0.429063 0.0538194 0.013125 0.0226389 0.262939
0 0.404688 0.0411806 0.01125 0.0179167 0.26123
0 0.433438 0.0274306 0.009375 0.0155556 0.259766
0 0.501875 0.024375 0.00875003 0.0151389 0.256836
7 0.65125 0.0529167 0.00250003 0.0113889 0.24939
0 0.36375 0.0507639 0.00999997 0.0118056 0.246582
0 0.302031 0.104167 0.02125 0.0275 0.246582
7 0.76625 0.130833 0.00499999 0.0152778 0.236572
2 0.615625 0.0279514 0.00499999 0.0144444 0.233765
7 0.70125 0.198333 0.00750001 0.0261111 0.220703
0 0.311875 0.103264 0.016875 0.0270833 0.213989
0 0.8275 0.0690278 0.03 0.0222222 0.212769
0 0.22625 0.173333 0.03625 0.0438889 0.202393
7 0.16375 0.204167 0.004375 0.0133333 0.19812
3 0.145313 0.211111 0.00718751 0.0338889 0.191284
7 0.0760547 0.292778 0.00390625 0.0116666 0.187744
0 0.44375 0.0134722 0.00749998 0.0102778 0.183594
3 0.147109 0.205556 0.00687501 0.0261111 0.177856
0 0.4325 0.0176389 0.01 0.0125 0.171021
2 0.164688 0.176528 0.00687501 0.0186111 0.163452
7 0.70125 0.0779861 0.00499999 0.0166667 0.156128
7 0.68625 0.0791667 0.00499999 0.0119444 0.154541
2 0.173125 0.188611 0.00687499 0.0294444 0.150024
5 0.435 0.0145139 0.00812502 0.015 0.14856
0 0.0548438 0.276111 0.021875 0.0333333 0.143188
0 0.00288818 0.471389 0.00577637 0.0772222 0.129395
0 0.498125 0.00508681 0.00874999 0.0101736 0.128906
7 0.75375 0.158333 0.00499999 0.0194444 0.125488
0 0.406875 0.0335764 0.00874999 0.0167361 0.123779
0 0.453125 0.00934028 0.00625 0.00777778 0.117981
0 0.220625 0.183194 0.04125 0.0408333 0.11554
0 0.975 0.109444 0.02 0.0208333 0.111267
0 0.220625 0.170278 0.035 0.0405556 0.110474
2 0.168438 0.191944 0.00843749 0.0266667 0.101929
2 0.204688 0.155417 0.0078125 0.0211111 0.100891
7 0.67125 0.0523611 0.00374997 0.0116667 0.0960083
2 0.175938 0.176667 0.00562499 0.0216667 0.0933228
0 0.7975 0.0579167 0.05 0.0358333 0.0930176
3 0.229375 0.132083 0.004375 0.0197222 0.0856934
0 0.41 0.0260764 0.01 0.0153472 0.0817871
2 0.0625781 0.228333 0.0096875 0.0205556 0.0797729
2 0.158203 0.176111 0.00859375 0.0172222 0.0742188
0 0.458125 0.00390625 0.00687497 0.0078125 0.0736694
7 0.673125 0.0505556 0.00374997 0.0108333 0.0700684
2 0.0871875 0.214722 0.006875 0.0194444 0.0698242
7 0.0652344 0.298333 0.0040625 0.0144444 0.0690308
0 0.419375 0.0295833 0.011875 0.0188889 0.0678101
3 0.141172 0.206111 0.0059375 0.0261111 0.0643921
0 0.549375 0.0167361 0.00875003 0.0134028 0.0639648
0 0.319063 0.105694 0.02125 0.0291667 0.0623169
0 0.5025 0.00868056 0.00625 0.0104167 0.0574951
7 0.7525 0.161667 0.00500005 0.0211111 0.0539856
0 0.330625 0.0847222 0.01375 0.0233333 0.0538025
3 0.235 0.134722 0.004375 0.0188889 0.0520325
2 0.726875 0.0364236 0.00625 0.0172917 0.0505066
0 0.82375 0.0658333 0.03875 0.0222222 0.0502319
7 0.0946875 0.278333 0.00375 0.0116667 0.0486755
0 0.426875 0.0117361 0.00875003 0.0121528 0.0484924
0 0.58125 0.0329861 0.025 0.0241667 0.0463867
7 0.0355273 0.368889 0.00371094 0.0155555 0.0458679
0 0.545 0.0126389 0.00687497 0.0106944 0.0456848
0 0.349375 0.0763889 0.015 0.0188889 0.0413208
2 0.00480469 0.380278 0.00841797 0.0238889 0.0383301
0 0.80375 0.0640972 0.04 0.0229167 0.0343628
2 0.225781 0.135694 0.004375 0.0205556 0.0332031
0 0.5225 0.0175694 0.00874999 0.0148611 0.032959
2 0.60375 0.0328125 0.00625 0.0199306 0.0328369
7 0.76625 0.126111 0.00499999 0.0177778 0.0325928
0 0.430313 0.0556944 0.011875 0.0208333 0.0324707
0 0.493125 0.016875 0.01 0.01375 0.0319824
0 0.0689844 0.267153 0.0276563 0.04125 0.0314941
3 0.714375 0.167639 0.00750001 0.0747222 0.0281067
7 0.0851563 0.281389 0.00484375 0.0161111 0.0273743
0 0.5525 0.0138194 0.00875003 0.0118056 0.0270691
2 0.778125 0.0539583 0.01625 0.0186111 0.0269623
0 0.53125 0.0180208 0.00750001 0.0131944 0.0246124
0 0.340625 0.0715278 0.01125 0.0208333 0.0229797
2 0.132969 0.177222 0.00687501 0.0183333 0.0220337
0 0.00396484 0.276667 0.00792969 0.025 0.0217743
2 0.658125 0.043125 0.00625 0.0238889 0.0213623
0 0.5675 0.0333333 0.0175 0.0216667 0.0210419
2 0.169688 0.168611 0.00687501 0.0222222 0.0200958
7 0.239063 0.286944 0.009375 0.0233333 0.0197144
3 0.0141016 0.263889 0.00568359 0.0183333 0.0191956
0 0.825 0.0725 0.0275 0.0241667 0.0190582
7 0.764375 0.14875 0.00499999 0.0152778 0.0180511
2 0.115469 0.188472 0.0065625 0.0222222 0.0180511
0 0.448438 0.0167361 0.00687501 0.0116667 0.0177155
2 0.00396484 0.378889 0.0075293 0.0288889 0.0168457
1 0.575625 0.0321528 0.0275 0.0238889 0.0151291
3 0.00978516 0.273611 0.00833984 0.0227778 0.0147324
0 0.00315674 0.459167 0.00631348 0.0733333 0.0144501
0 0.592188 0.0335417 0.01 0.0243056 0.014061
7 0.69 0.186389 0.00500005 0.0247222 0.01297
2 0.0258984 0.261111 0.00496094 0.0144444 0.0127716
7 0.69 0.0533333 0.00250003 0.0105556 0.0125275
0 0.2975 0.103333 0.020625 0.03 0.0125275
0 0.465313 0.0691667 0.019375 0.0261111 0.0124283
7 0.043125 0.357222 0.00515625 0.0177778 0.0121918
2 0.146406 0.204167 0.0059375 0.0322222 0.0109482
7 0.253438 0.265 0.00843749 0.0238889 0.0106964
0 0.8325 0.0644445 0.04 0.025 0.0106125
7 0.700625 0.198333 0.00750001 0.0388889 0.0100937
0 0.394688 0.0598611 0.01375 0.0230556 0.0100098
7 0.72875 0.121944 0.00499999 0.0194445 0.00989532
3 0.0348828 0.263889 0.00726563 0.0211111 0.00926971
5 0.00379395 0.271111 0.00758789 0.0288889 0.00912476
0 0.899375 0.0886111 0.02875 0.0272222 0.00847626
3 0.275313 0.0888889 0.00625 0.0188889 0.00841522
0 0.375625 0.0565278 0.01125 0.0177778 0.008255
2 0.6575 0.0372222 0.00750001 0.0223611 0.00769424
0 0.78125 0.0692361 0.0375 0.0280556 0.00746155
2 0.204688 0.146111 0.0075 0.0263889 0.00746155
0 0.966875 0.106875 0.02875 0.0193056 0.00723267
0 0.327813 0.0951389 0.019375 0.0254167 0.00709534
3 0.165781 0.161667 0.00625 0.0222222 0.00671768
3 0.123594 0.218056 0.0046875 0.0205556 0.00666809
0 0.024917 0.298333 0.022666 0.0377778 0.00641251
0 0.99625 0.127222 0.00749995 0.0277778 0.00629044
7 0.6875 0.182083 0.00750001 0.0213889 0.00629044
2 0.265625 0.108611 0.020625 0.0211111 0.00566483
2 0.315469 0.0719444 0.0078125 0.0216667 0.00544739
0 0.9225 0.100139 0.0325 0.0213889 0.00542831
2 0.9 0.074375 0.02 0.0231944 0.00518036
7 0.084375 0.290278 0.0046875 0.0144444 0.00518036
3 0.269375 0.0955556 0.00625 0.0180556 0.00518036
0 0.216563 0.203889 0.034375 0.05 0.00502014
7 0.624375 0.0494444 0.00374997 0.0108333 0.00481033
0 0.00395752 0.417222 0.00791504 0.0466667 0.00479126
0 0.539688 0.00541667 0.00562503 0.0108333 0.00479126
2 0.213281 0.143889 0.0059375 0.0233333 0.00475693
7 0.0708984 0.295833 0.00929687 0.0233333 0.00471878
2 0.8825 0.0514583 0.00750001 0.0166667 0.00439835
3 0.194375 0.152778 0.00625 0.0261111 0.00426483
7 0.74875 0.126667 0.00375004 0.0188889 0.00413513
2 0.175781 0.161528 0.009375 0.0252778 0.00403976
7 0.244375 0.135278 0.004375 0.0105555 0.00387001
0 0.78125 0.0365625 0.0175 0.0229861 0.00367928
0 0.295313 0.11375 0.0225 0.0244444 0.00342941
7 0.19 0.195 0.013125 0.025 0.00342941
3 0.0865625 0.225 0.0096875 0.0272222 0.00329781
1 0.419375 0.0201736 0.01125 0.0215972 0.00324821
7 0.00556763 0.381944 0.00993897 0.0261111 0.00324821
0 0.99625 0.132778 0.00749995 0.03 0.00319672
0 0.47375 0.0247917 0.015 0.0205556 0.00318527
0 0.53625 0.0451563 0.020625 0.0255208 0.00318527
0 0.549375 0.0379861 0.01625 0.0240278 0.00317192
0 0.0317139 0.278611 0.0309473 0.0355555 0.00317192
0 0.563125 0.0441667 0.00875003 0.0333333 0.00300407
0 0.198438 0.170556 0.010625 0.0377778 0.00279045
2 0.609375 0.031875 0.00625 0.0273611 0.00270462
7 0.705 0.0459722 0.00499999 0.0125 0.00265312
7 0.67375 0.0618056 0.00499999 0.00930555 0.00255013
7 0.6925 0.186944 0.00499999 0.02 0.00251198
7 0.157656 0.223611 0.009375 0.0222222 0.00229645
7 0.105625 0.274722 0.00375 0.0138889 0.00209999
7 0.065 0.305556 0.00421875 0.0177778 0.0020504
3 0.234375 0.124028 0.004375 0.0172222 0.00203514
2 0.0600781 0.229167 0.0151563 0.0205556 0.00201988
0 0.0730469 0.223889 0.02375 0.0233333 0.00201035
7 0.226563 0.385278 0.0878125 0.124444 0.00200272
5 0.00382568 0.255069 0.00765137 0.03875 0.00193405
0 0.053291 0.275 0.0357617 0.0322222 0.00190449
0 0.97375 0.100139 0.02 0.0216667 0.0018034
7 0.105625 0.22 0.0040625 0.0161111 0.00177479
0 0.357813 0.0536111 0.01125 0.0169444 0.00176144
2 0.17125 0.192222 0.0103125 0.0333333 0.00175476
3 0.2675 0.0900695 0.00718749 0.0193056 0.00173378
3 0.48375 0.129167 0.01 0.0311111 0.0017271
7 0.77375 0.146944 0.00499999 0.0155556 0.00163555
0 0.184688 0.152917 0.011875 0.0288889 0.00161648
3 0.611875 0.0414583 0.00875003 0.0206944 0.00161076
0 0.040166 0.566667 0.0595117 0.0888889 0.00156116
2 0.123828 0.187778 0.005625 0.0211111 0.00153637
0 0.00384766 0.491111 0.00769531 0.11 0.00146675
2 0.04625 0.247361 0.009375 0.0180556 0.00145531
0 0.00432617 0.616111 0.00865234 0.118889 0.00141048
0 0.384375 0.0563194 0.01125 0.0184722 0.00136185
0 0.7425 0.0427083 0.0325 0.0293056 0.00135612
0 0.995 0.101528 0.00874996 0.0244444 0.00135612
0 0.586563 0.0447222 0.025625 0.0525 0.00135612
0 0.498125 0.0398611 0.01625 0.0216667 0.00132465
0 0.00813477 0.290556 0.0141602 0.0322222 0.00132465
0 0.8925 0.0865278 0.0325 0.0298611 0.00125504
0 0.420625 0.00701389 0.00625 0.0140278 0.00124931
1 0.985625 0.144028 0.02875 0.0402778 0.0012207
0 0.47875 0.06625 0.02 0.0273611 0.00120163
0 0.51875 0.0583333 0.015625 0.0241667 0.00118828
3 0.675625 0.0322222 0.00374997 0.0186111 0.00117874
0 0.443438 0.0236111 0.00750001 0.0141667 0.00116062
2 0.695 0.0477778 0.00374997 0.0127778 0.00115108
0 0.516563 0.0523611 0.013125 0.0194444 0.00110722
0 0.60625 0.0418229 0.01875 0.0349653 0.00110722
2 0.19625 0.145556 0.00718749 0.0241667 0.00108147
0 0.325625 0.0723611 0.013125 0.0183333 0.00105286
2 0.155781 0.208194 0.00531251 0.0263889 0.00103664
7 0.115078 0.226111 0.0034375 0.015 0.00101662
0 0.0217188 0.248333 0.0148047 0.0194444 0.00101662
3 0.726875 0.0716667 0.01 0.0308333 0.00100803
