0 0.182656 0.715556 0.165313 0.317778 0.959961
0 0.485 0.887778 0.18 0.224444 0.958984
0 0.3525 0.543333 0.12125 0.226667 0.958008
0 0.741875 0.873333 0.19125 0.251111 0.95752
0 0.64625 0.479444 0.115 0.208889 0.956543
0 0.494375 0.580556 0.110625 0.265556 0.955566
0 0.265781 0.887778 0.181563 0.223333 0.95166
0 0.93375 0.858889 0.1325 0.277778 0.947754
0 0.508438 0.301667 0.065625 0.120556 0.946777
0 0.0883594 0.680556 0.134844 0.241111 0.941895
0 0.8125 0.531667 0.1525 0.237778 0.941406
0 0.61375 0.291944 0.07375 0.105556 0.939453
0 0.70125 0.279722 0.09625 0.128333 0.936523
0 0.407188 0.321667 0.07875 0.123333 0.933105
0 0.0170898 0.923889 0.0341016 0.15 0.91748
0 0.222031 0.401667 0.0965625 0.132222 0.903809
0 0.294844 0.378611 0.102813 0.147222 0.902832
0 0.150937 0.236944 0.048125 0.0416667 0.849121
7 0.703125 0.198889 0.00750001 0.0219444 0.842773
0 0.368125 0.107361 0.04625 0.0358333 0.819824
7 0.245625 0.284167 0.00875001 0.0288889 0.799316
2 0.0250195 0.34 0.0175 0.0344445 0.799316
2 0.7425 0.149861 0.03125 0.0525 0.759277
0 0.0604297 0.29 0.0380469 0.04 0.747559
0 0.77875 0.0665278 0.03875 0.0263889 0.713867
0 0.200313 0.171667 0.034375 0.0355555 0.680664
0 0.50375 0.010625 0.00874999 0.0115278 0.65332
0 0.395625 0.0638889 0.01375 0.0193056 0.637207
0 0.3475 0.0854861 0.01625 0.0204167 0.618652
0 0.0696094 0.261944 0.035 0.0355555 0.607422
7 0.77 0.130278 0.00499999 0.0172222 0.604004
7 0.0451172 0.361389 0.00523437 0.0172222 0.575684
7 0.6925 0.185556 0.00750001 0.0211111 0.57373
2 0.231563 0.142778 0.0096875 0.0236111 0.565918
0 0.32625 0.0901389 0.019375 0.0219444 0.558105
0 0.113047 0.217222 0.0282813 0.0288889 0.550781
7 0.7725 0.148333 0.00499999 0.0188889 0.537109
0 0.129688 0.209444 0.0321875 0.0302778 0.533203
0 0.38375 0.0624306 0.013125 0.0222222 0.513672
7 0.74375 0.174583 0.00750001 0.0180556 0.466797
0 0.369063 0.0745833 0.014375 0.0225 0.460938
0 0.370625 0.0720833 0.01625 0.0263889 0.455078
7 0.945625 0.219167 0.00499999 0.0177778 0.455078
0 0.00542481 0.299167 0.0107715 0.0266667 0.455078
0 0.417813 0.0477778 0.010625 0.0161111 0.449463
7 0.0303516 0.380556 0.00523437 0.0155556 0.448486
0 0.335625 0.0841667 0.0175 0.0205556 0.439697
0 0.79625 0.06125 0.0300001 0.025 0.411133
7 0.946875 0.214722 0.00499999 0.0183333 0.403564
0 0.125781 0.212083 0.0357812 0.0313889 0.403564
0 0.401875 0.0592361 0.01125 0.0180556 0.341553
7 0.258438 0.265556 0.008125 0.0255556 0.332764
5 0.393125 0.0359722 0.01375 0.0225 0.331055
0 0.409063 0.05375 0.010625 0.0175 0.303223
0 0.404063 0.0513194 0.01125 0.0152778 0.297363
7 0.675 0.05125 0.00375004 0.0161111 0.295898
0 0.356562 0.0690972 0.015 0.0177778 0.286133
0 0.0718359 0.255556 0.0330469 0.0288889 0.256836
3 0.8675 0.190833 0.015 0.0538889 0.256104
2 0.8675 0.190694 0.015 0.0536111 0.228149
0 0.551875 0.0210069 0.01625 0.0138194 0.216675
7 0.70625 0.0802083 0.00499999 0.0136111 0.194336
2 0.217656 0.153889 0.00874999 0.0244445 0.192505
0 0.371875 0.06125 0.015 0.0197222 0.192505
2 0.294844 0.1125 0.00750001 0.0244445 0.188354
7 0.948125 0.225278 0.00499999 0.0222222 0.181274
0 0.34125 0.0773611 0.01125 0.0175 0.166138
3 0.220313 0.145833 0.00562501 0.0222222 0.165039
0 0.384063 0.0531944 0.010625 0.0147222 0.160767
7 0.0955469 0.280556 0.0040625 0.0133333 0.151489
0 0.388438 0.0591667 0.0125 0.0216667 0.150024
0 0.348125 0.0722917 0.014375 0.0194444 0.139893
5 0.3925 0.0379167 0.0175 0.0245833 0.138428
7 0.0840625 0.293611 0.00484375 0.0172222 0.138428
3 0.0582813 0.303889 0.00820313 0.0288889 0.133423
0 0.422813 0.0426389 0.01125 0.0158333 0.132935
0 0.495 0.00902778 0.00625 0.0106944 0.129883
0 0.0704297 0.267778 0.0342969 0.035 0.125122
0 0.434688 0.0563889 0.013125 0.0236111 0.124634
7 0.944375 0.234028 0.00500005 0.0194444 0.122131
0 0.0641406 0.2775 0.0395313 0.0361111 0.121277
0 0.4425 0.0296528 0.00999997 0.0161111 0.115967
0 0.2025 0.167778 0.02875 0.0355556 0.113586
2 0.0757813 0.291111 0.0126563 0.0344444 0.108582
0 0.500938 0.00559028 0.00750001 0.0111806 0.102295
0 0.434375 0.0475 0.0125 0.0172222 0.0933228
7 0.74625 0.123194 0.00500005 0.0169445 0.0888062
7 0.744375 0.178889 0.00625 0.0227778 0.0881958
3 0.0436719 0.302778 0.00609375 0.0366667 0.0878906
7 0.164688 0.203056 0.00437501 0.0127778 0.0872803
0 0.207813 0.158333 0.0203125 0.0238889 0.0820923
2 0.864375 0.191667 0.0225 0.0544444 0.0809326
5 0.00734375 0.266944 0.0146484 0.0316667 0.0797729
3 0.87 0.190278 0.0125 0.0533333 0.0794678
2 0.433125 0.0595139 0.0125 0.0206944 0.0778198
0 0.395313 0.0448611 0.01125 0.0176389 0.0761108
3 0.0617969 0.301111 0.0103125 0.0355556 0.0755615
7 0.7625 0.155417 0.00750001 0.0186111 0.0750122
7 0.69125 0.1875 0.00499999 0.0244445 0.0750122
0 0.81 0.0740278 0.0362501 0.0218056 0.0750122
2 0.130547 0.193472 0.0146875 0.0197222 0.0739746
0 0.187969 0.175833 0.010625 0.0297222 0.0720825
7 0.109688 0.269444 0.0034375 0.0122222 0.0703125
0 0.108906 0.219167 0.021875 0.0294444 0.069397
0 0.8075 0.0690972 0.0325 0.0229167 0.0692749
7 0.700625 0.0769444 0.00374997 0.0161111 0.067688
2 0.0713281 0.29 0.0179688 0.0361111 0.0668335
0 0.423125 0.0311806 0.00874999 0.0109722 0.0630493
0 0.116563 0.211944 0.0321875 0.0330556 0.0600891
2 0.221406 0.148056 0.0090625 0.025 0.0587769
3 0.284063 0.0966667 0.00499999 0.01625 0.0568542
2 0.22375 0.143889 0.00562501 0.0211111 0.0564575
7 0.69375 0.0781944 0.00499999 0.0138889 0.0548096
2 0.214688 0.143472 0.005 0.0191667 0.0545959
0 0.378125 0.05375 0.0125 0.0172222 0.0535889
0 0.00493164 0.280278 0.00985352 0.0305556 0.0524292
7 0.685 0.0817361 0.00499999 0.0108333 0.0484924
3 0.231563 0.13875 0.00687499 0.0288889 0.0462036
0 0.416875 0.0330208 0.00812499 0.0139583 0.0450134
7 0.65625 0.0526389 0.00375004 0.0144444 0.0445251
7 0.0145898 0.387222 0.0046875 0.0144444 0.0445251
3 0.153438 0.17625 0.0046875 0.0191667 0.041626
0 0.43375 0.0320139 0.01125 0.0152778 0.0408325
0 0.37625 0.0664583 0.015625 0.0229167 0.0401001
0 0.128125 0.194167 0.0196875 0.0211111 0.0386047
0 0.00334473 0.320278 0.00668945 0.0377778 0.0383301
7 0.25375 0.138611 0.00375001 0.0138889 0.0313721
2 0.245625 0.138889 0.00687499 0.0197222 0.0310211
7 0.65625 0.0583333 0.00249996 0.0147222 0.0289764
0 0.456875 0.00989583 0.00874999 0.010625 0.0284424
7 0.0275 0.382778 0.00621094 0.0155555 0.026062
0 0.81625 0.0702778 0.04 0.0252778 0.0253754
3 0.17 0.161667 0.00562501 0.0211111 0.0227203
2 0.54625 0.0490278 0.00999997 0.0234722 0.021698
2 0.741875 0.141528 0.0275 0.0647222 0.0213623
5 0.00646484 0.254167 0.0129297 0.0366667 0.0206451
0 0.414375 0.0563194 0.01375 0.02 0.0181274
7 0.105 0.275278 0.0034375 0.0116667 0.0180511
7 0.69 0.0858333 0.00374997 0.0136111 0.0174408
7 0.0327734 0.379167 0.00632812 0.0166667 0.0171814
0 0.825 0.0685417 0.0375 0.02375 0.0167847
2 0.56875 0.0213194 0.0125 0.0155556 0.0166626
2 0.7325 0.119028 0.00750001 0.0308333 0.0165863
0 0.123594 0.202222 0.03375 0.0338889 0.0152512
3 0.244688 0.120278 0.00499999 0.0166667 0.0133286
7 0.0452344 0.358333 0.0059375 0.0233333 0.0131226
7 0.940625 0.214722 0.00499999 0.0161111 0.0131226
0 0.443125 0.0422396 0.01125 0.0196875 0.0130692
7 0.00955078 0.377222 0.00421875 0.0166667 0.0125275
7 0.169063 0.196667 0.005 0.0138889 0.0117798
2 0.7425 0.149722 0.0225 0.0463889 0.0116882
3 0.730625 0.0897222 0.00500005 0.0284722 0.0104904
7 0.00327148 0.383889 0.00550781 0.0177778 0.01017
3 0.470625 0.0586111 0.00750001 0.0219444 0.00989532
3 0.125156 0.24375 0.00906251 0.0313889 0.00974274
0 0.049834 0.26 0.0262695 0.0283333 0.00952148
0 0.46 0.00595486 0.00625 0.0119097 0.00948334
0 0.101875 0.224444 0.0184375 0.0233333 0.00923157
0 0.406875 0.0339583 0.00874999 0.0159722 0.00901794
7 0.256875 0.270069 0.0125 0.0409722 0.00898743
2 0.73375 0.109722 0.00749995 0.0380556 0.00867462
0 0.00847656 0.277222 0.0164258 0.0305556 0.0086441
7 0.0996094 0.2775 0.00578125 0.0238889 0.00837708
0 0.0108789 0.296667 0.0215625 0.0305556 0.00790405
7 0.926875 0.219306 0.00625 0.0313889 0.00775528
3 0.0201953 0.340556 0.00910156 0.04 0.00775528
0 0.350313 0.0911806 0.02 0.0247222 0.00760651
7 0.585 0.0477778 0.00374997 0.0113889 0.00751877
0 0.131094 0.200278 0.03 0.0277778 0.00746155
2 0.585313 0.01375 0.00749995 0.0155556 0.00731659
0 0.8975 0.0877778 0.025 0.0197222 0.00717545
7 0.7675 0.1375 0.00499999 0.0205556 0.00701141
3 0.675 0.0555556 0.00375004 0.0202778 0.00695801
7 0.556563 0.0459028 0.00562496 0.0156944 0.00679779
2 0.230781 0.150833 0.0075 0.0244444 0.00674438
0 0.871875 0.0830555 0.02875 0.0230556 0.00656509
2 0.206563 0.143889 0.00843749 0.0216667 0.00653839
7 0.65125 0.0545139 0.00250003 0.0111111 0.0064621
2 0.134609 0.181667 0.01 0.0255556 0.00643921
7 0.165 0.194167 0.00375001 0.0133333 0.00641251
7 0.694375 0.0588889 0.00374997 0.0175 0.00636292
3 0.180625 0.147222 0.00562499 0.0225 0.00634003
0 0.465625 0.00913194 0.00562499 0.0100694 0.00626373
0 0.9875 0.117188 0.01625 0.0184028 0.00626373
2 0.0222656 0.338333 0.0162109 0.0316666 0.00588989
7 0.955 0.239444 0.00374997 0.0255556 0.00582123
2 0.355 0.107917 0.024375 0.0336111 0.00564194
2 0.0371094 0.256944 0.00695312 0.0211111 0.00559998
3 0.249688 0.136111 0.005 0.0238889 0.00551224
0 0.79 0.0594444 0.0425001 0.0277778 0.00544739
7 0.95375 0.226111 0.00500005 0.0180556 0.00544739
0 0.83375 0.0663889 0.0325 0.0216667 0.00538635
7 0.285625 0.118333 0.00437501 0.0127778 0.00502014
0 0.09125 0.239306 0.0190625 0.0230556 0.0049057
0 0.991875 0.121528 0.01625 0.0255556 0.00477219
7 0.316094 0.116389 0.00406253 0.0127778 0.00453949
0 0.82625 0.0744444 0.035 0.0261111 0.00450516
7 0.7725 0.142361 0.00499999 0.0188889 0.00450516
0 0.84 0.0789583 0.025 0.0225 0.00446701
3 0.27 0.0965278 0.00562503 0.0227778 0.00439835
2 0.616563 0.0292708 0.00500005 0.0114583 0.00432968
0 0.759375 0.0536111 0.04125 0.0213889 0.0042305
0 0.197188 0.1575 0.03125 0.0316667 0.00419998
7 0.191563 0.264444 0.00687501 0.0244444 0.00413513
3 0.28875 0.0988889 0.00625 0.0238889 0.00376511
7 0.595625 0.0472222 0.00375004 0.0125 0.0037365
0 0.8925 0.0822222 0.02 0.0194444 0.00369263
2 0.69625 0.0529167 0.00625 0.0169444 0.00365067
0 0.71 0.0504167 0.0275 0.0191667 0.00362206
7 0.115156 0.272778 0.00375 0.0144444 0.00362206
7 0.0436719 0.32 0.00539062 0.0277778 0.00358009
0 0.105625 0.235278 0.015 0.0327778 0.00355148
0 0.551875 0.0181597 0.01875 0.0180556 0.00353813
7 0.25 0.277222 0.00843749 0.0288889 0.00353813
2 0.865 0.197778 0.015 0.0666667 0.00348282
0 0.117813 0.206667 0.0375 0.045 0.00341606
7 0.954375 0.209861 0.00375004 0.0166667 0.00341606
7 0.935625 0.239583 0.00499999 0.0275 0.00335121
0 0.488125 0.0102083 0.00874999 0.0104167 0.00332451
7 0.174531 0.189306 0.0034375 0.0161111 0.00332451
7 0.70875 0.0858333 0.00500005 0.0179167 0.00329781
7 0.105547 0.265833 0.00359375 0.015 0.00316048
7 0.685625 0.04625 0.00374997 0.0122222 0.00298119
3 0.223125 0.121667 0.0065625 0.0227778 0.00298119
3 0.232969 0.128889 0.00593751 0.0266667 0.0029583
7 0.275156 0.134722 0.00343752 0.00972222 0.0028553
7 0.685 0.0656944 0.00374997 0.00930556 0.00282288
0 0.43125 0.0248611 0.014375 0.0173611 0.00273705
3 0.290625 0.115868 0.00562499 0.0254861 0.0027256
3 0.71 0.164028 0.01625 0.0713889 0.00269318
3 0.153906 0.183889 0.0046875 0.0244444 0.0026722
0 0.444375 0.0145833 0.00687501 0.0116667 0.00261116
2 0.88375 0.0597917 0.0125 0.0234722 0.00259018
2 0.0725781 0.296944 0.016875 0.0383334 0.00259018
0 0.0119922 0.317222 0.0235156 0.0427778 0.00256157
0 0.108281 0.2175 0.0315625 0.0305556 0.00255013
2 0.471875 0.0615278 0.01 0.0225 0.0024929
7 0.69125 0.0542361 0.00250003 0.0123611 0.00247192
0 0.0146484 0.292222 0.0243359 0.0322222 0.00240517
0 0.8775 0.0840278 0.03375 0.0236111 0.00237846
7 0.615 0.0476389 0.00374997 0.0125 0.00230598
7 0.67 0.0511111 0.00250003 0.0166667 0.00230598
2 0.275938 0.0953472 0.00874999 0.0205556 0.00221634
3 0.4525 0.195 0.01 0.0336111 0.00219154
7 0.7625 0.161944 0.00750001 0.0216667 0.00216484
3 0.7125 0.159583 0.01375 0.0727778 0.00212479
3 0.79625 0.104306 0.00749995 0.0383333 0.00209999
0 0.428125 0.0593056 0.01875 0.0208333 0.00200272
0 0.898125 0.0930556 0.03125 0.0243056 0.00198746
7 0.0552344 0.351667 0.0046875 0.0211111 0.00196457
0 0.90375 0.0954167 0.0325 0.0258333 0.00192642
3 0.690625 0.0235069 0.00499999 0.0177083 0.00191879
0 0.380313 0.0777778 0.015 0.0205556 0.00189686
2 0.0271289 0.330556 0.0132422 0.0411111 0.00188255
7 0.705625 0.0684722 0.00500005 0.0191667 0.00185299
7 0.260313 0.2675 0.0103125 0.0272222 0.00183868
7 0.7675 0.120417 0.00499999 0.0202778 0.00182438
7 0.155547 0.208056 0.005 0.0144444 0.0018177
2 0.567188 0.0229167 0.00750001 0.0158333 0.00174141
2 0.615938 0.0151736 0.00499999 0.0164583 0.00168705
7 0.0338672 0.371111 0.004375 0.0166667 0.00168705
0 0.85 0.0809722 0.03 0.0227778 0.0016613
0 0.473125 0.00909722 0.00750001 0.0103472 0.00163555
0 0.323672 0.0922222 0.0189062 0.0213889 0.00158501
3 0.629375 0.0216667 0.00499999 0.0166667 0.00158501
0 0.0692188 0.251111 0.034375 0.0438889 0.00156116
1 0.407188 0.0220139 0.049375 0.0423611 0.00155449
2 0.96625 0.15 0.00749995 0.0244445 0.00152493
3 0.61 0.021875 0.00374997 0.0133333 0.0015192
7 0.0140723 0.412222 0.0107617 0.0377778 0.00148964
7 0.82875 0.0866667 0.00749995 0.0194444 0.0014782
7 0.27 0.125 0.0046875 0.0141667 0.00144386
2 0.4675 0.0619444 0.00999997 0.0208333 0.00138283
7 0.179688 0.00861111 0.00687499 0.0172222 0.00136662
7 0.565625 0.0494444 0.00375004 0.015 0.00133038
3 0.5225 0.0523611 0.00874999 0.02 0.00130939
3 0.165625 0.1725 0.004375 0.0188889 0.00128937
7 0.575625 0.0481944 0.00437501 0.0130556 0.0012846
7 0.115313 0.263333 0.00406249 0.0138889 0.0012846
2 0.86875 0.1975 0.0175 0.0661111 0.00127411
0 0.9825 0.115035 0.02 0.0204861 0.00123501
3 0.0364063 0.248889 0.0075 0.0211111 0.00123501
0 0.370625 0.0545833 0.015 0.0191667 0.0012064
2 0.634688 0.0315625 0.00375004 0.011875 0.00117874
0 0.33875 0.0711111 0.0125 0.0188889 0.00117874
0 0.900625 0.0901389 0.0275 0.0202778 0.00114727
2 0.575938 0.0147222 0.01875 0.0170833 0.00113392
3 0.71375 0.149861 0.0125 0.0613889 0.00112915
0 0.448125 0.0215625 0.015 0.0161806 0.00112915
3 0.510625 0.189722 0.00874999 0.0327778 0.00111198
0 0.536563 0.0127083 0.00687501 0.01 0.00110722
0 0.0205469 0.285 0.0276953 0.0277778 0.00104809
0 0.0198242 0.303333 0.0349609 0.04 0.00103188
0 0.99625 0.103889 0.00749995 0.0222222 0.00102425
7 0.408125 0.322778 0.07875 0.123333 0.00100803
