0 0.70625 0.616667 0.15125 0.296667 0.95752
0 0.260625 0.902222 0.186875 0.193333 0.953125
0 0.49625 0.530833 0.09625 0.206111 0.947754
1 0.169375 0.617778 0.33875 0.757778 0.941895
0 0.41 0.333333 0.075 0.13 0.937012
0 0.111016 0.379444 0.0701563 0.107778 0.916504
0 0.498125 0.165417 0.043125 0.0675 0.912598
0 0.148906 0.248611 0.043125 0.0572222 0.902832
0 0.0832813 0.340556 0.0557813 0.105556 0.891602
0 0.510625 0.0617361 0.01875 0.0279167 0.851074
0 0.378125 0.101111 0.02 0.0305556 0.850098
0 0.409375 0.0611111 0.01625 0.0216667 0.847168
0 0.471563 0.0586111 0.0175 0.0266667 0.847168
0 0.46875 0.0986111 0.02625 0.0363889 0.847168
0 0.753125 0.0547222 0.0375 0.0258333 0.842773
0 0.49125 0.0402951 0.013125 0.0249653 0.827637
7 0.70375 0.199444 0.00750001 0.0244444 0.825684
0 0.0397656 0.287222 0.0292969 0.0322222 0.818848
0 0.0086084 0.309167 0.0172168 0.0322222 0.812988
2 0.755 0.116424 0.01375 0.0427083 0.810547
0 0.0660156 0.277778 0.0351562 0.0366667 0.799316
0 0.36 0.0936111 0.02 0.0297222 0.796875
7 0.74375 0.174167 0.00499999 0.0205556 0.791992
7 0.0306055 0.376111 0.00578125 0.02 0.791992
0 0.3775 0.0654861 0.013125 0.0184722 0.770508
5 0.355313 0.0665278 0.02125 0.0413889 0.759277
0 0.305781 0.114965 0.0196875 0.0284028 0.749023
0 0.430625 0.0555556 0.015 0.0188889 0.740234
0 0.328672 0.321667 0.0626562 0.107222 0.732422
4 0.56125 0.113368 0.05875 0.108264 0.725586
7 0.6925 0.184861 0.00625 0.0222222 0.716797
7 0.0448438 0.359167 0.00585938 0.0177778 0.668945
0 0.323125 0.124722 0.03 0.0483333 0.649414
7 0.945 0.222778 0.00499999 0.0175 0.649414
7 0.75375 0.163056 0.00499999 0.0194444 0.644043
0 0.384375 0.0508333 0.01125 0.0175 0.642578
0 0.504375 0.0298611 0.0125 0.0251389 0.637207
0 0.415938 0.0473611 0.013125 0.02125 0.622559
5 0.561875 0.116076 0.05625 0.103403 0.604004
0 0.395 0.05875 0.01625 0.0272222 0.594727
0 0.478125 0.028125 0.00874999 0.0165278 0.581543
0 0.514375 0.00686632 0.00750001 0.010434 0.562012
2 0.571875 0.0654167 0.01 0.0263889 0.550781
0 0.50375 0.00875 0.00874999 0.0108333 0.544922
0 0.3575 0.0795833 0.016875 0.0240278 0.5
5 0.323438 0.124583 0.030625 0.0494444 0.445557
0 0.480625 0.0289583 0.010625 0.01875 0.428223
7 0.77375 0.145556 0.00499999 0.0183333 0.420654
7 0.763125 0.153194 0.00625 0.0180556 0.418701
7 0.675 0.0506944 0.00249996 0.0113889 0.416748
0 0.40375 0.0469444 0.00812502 0.0154167 0.413086
0 0.49375 0.0102083 0.00687501 0.0128472 0.407227
0 0.307656 0.111806 0.023125 0.0330556 0.395996
2 0.7125 0.0408333 0.01 0.0209722 0.394287
4 0.0800195 0.246111 0.0502734 0.0538889 0.383057
7 0.770625 0.13 0.00375004 0.015 0.371094
0 0.0765234 0.26 0.0366406 0.0272222 0.352295
0 0.334375 0.0898611 0.02375 0.0358333 0.336426
7 0.165781 0.203611 0.0034375 0.0116667 0.317383
0 0.3125 0.105 0.023125 0.0275 0.289307
0 0.0398828 0.280278 0.028125 0.0327778 0.286865
3 0.0185352 0.337778 0.0084375 0.0366667 0.269043
0 0.488125 0.01625 0.00874999 0.0123611 0.26123
7 0.70625 0.0808333 0.00499999 0.0116667 0.258301
2 0.711875 0.036875 0.00875003 0.0201389 0.224731
2 0.71625 0.0706944 0.0125 0.0327778 0.212769
3 0.0208594 0.340278 0.00953125 0.0311111 0.208862
0 0.0710547 0.273333 0.0449219 0.04 0.203125
0 0.51 0.0577083 0.0175 0.0265278 0.201172
0 0.42875 0.0543056 0.01375 0.0191667 0.199951
7 0.946875 0.214167 0.00499999 0.0177778 0.197388
0 0.486875 0.0147917 0.00687501 0.0123611 0.180664
4 0.09375 0.237083 0.024375 0.0391667 0.156616
0 0.3775 0.0666667 0.015 0.0255556 0.147583
5 0.0788281 0.248056 0.0510938 0.0561111 0.143188
2 0.5725 0.0680556 0.01125 0.0344444 0.1427
0 0.53875 0.069375 0.01625 0.0284722 0.136108
0 0.0822656 0.255 0.0415625 0.0361111 0.128906
7 0.604688 0.0407639 0.00499999 0.0170833 0.120422
0 0.475625 0.0575694 0.0225 0.0279167 0.102661
7 0.77375 0.139167 0.00499999 0.015 0.101562
7 0.145 0.209722 0.00296874 0.0122222 0.0910645
0 0.380938 0.0648611 0.013125 0.0213889 0.0903931
0 0.5 0.00557292 0.00625 0.0111458 0.0903931
0 0.337188 0.0833333 0.0175 0.0266667 0.0891113
2 0.7325 0.0349653 0.00750001 0.0175694 0.0875854
2 0.569375 0.0647222 0.01625 0.0286111 0.0817871
0 0.377188 0.0467361 0.009375 0.0130556 0.0809326
0 0.441563 0.0435417 0.01 0.0181944 0.0755615
2 0.71125 0.0555556 0.01 0.0222222 0.0755615
0 0.3425 0.0924306 0.01875 0.0294444 0.0692749
0 0.540938 0.0713889 0.02 0.0316667 0.0603027
0 0.012002 0.727222 0.0238867 0.183333 0.0528259
0 0.372187 0.0989583 0.024375 0.0318056 0.0522461
7 0.225 0.154167 0.003125 0.00888888 0.0512695
2 0.0950781 0.229167 0.0189063 0.0266667 0.0512695
4 0.56 0.0955556 0.05125 0.0972222 0.0510864
7 0.0691016 0.297222 0.006875 0.02 0.0492249
7 0.25375 0.133056 0.00406249 0.0111111 0.0474243
7 0.250625 0.129722 0.00375001 0.0138889 0.0401001
3 0.895 0.0675 0.00499999 0.0177778 0.0350037
2 0.750625 0.117083 0.0125 0.0427778 0.0348816
0 0.43625 0.0104514 0.00625 0.00958333 0.0344849
0 0.444375 0.0135069 0.00687501 0.00944444 0.033844
7 0.00913086 0.3775 0.00351562 0.0166667 0.0325928
0 0.374375 0.0618056 0.015 0.0216667 0.0303345
7 0.693125 0.0770833 0.00374997 0.0133333 0.0287628
7 0.286563 0.113333 0.00437501 0.0152778 0.0282135
3 0.605 0.0315972 0.00499999 0.0147222 0.0281067
2 0.57375 0.0203819 0.01125 0.0138194 0.0274811
2 0.571875 0.0719444 0.01 0.0297222 0.0271759
2 0.598125 0.0228472 0.00875003 0.0152778 0.0256653
7 0.615313 0.0465278 0.00437501 0.0111111 0.0252686
7 0.165625 0.193889 0.003125 0.0119444 0.0248871
2 0.57125 0.0606944 0.0125 0.0313889 0.0237732
0 0.0945313 0.231389 0.023125 0.0288889 0.0231476
0 0.0186816 0.718889 0.0373633 0.202222 0.0230713
0 0.0087793 0.724444 0.0175586 0.168889 0.0227203
0 0.321172 0.29 0.0376563 0.0583333 0.0226288
0 0.374688 0.0858333 0.014375 0.0194444 0.0219421
7 0.168438 0.200694 0.00374999 0.0119445 0.021698
0 0.556875 0.080625 0.03 0.0359722 0.0211182
0 0.505625 0.0455729 0.01375 0.0266319 0.0189056
0 0.00421875 0.283889 0.008125 0.0255556 0.0188293
0 0.442813 0.0364583 0.00874999 0.0215278 0.0187683
7 0.94125 0.219722 0.00500005 0.0155556 0.0184326
7 0.69625 0.0508333 0.00250003 0.0118056 0.0179138
0 0.00477539 0.254722 0.00950195 0.0294444 0.0145035
7 0.0654688 0.312222 0.00765625 0.0177778 0.0142822
0 0.55375 0.0729861 0.0425 0.0431944 0.014061
7 0.65625 0.0519444 0.00499999 0.0133333 0.0138474
0 0.0227148 0.248056 0.0157031 0.02 0.0135345
0 0.404375 0.0319792 0.00625 0.0102083 0.0127716
7 0.69375 0.0634722 0.00249996 0.00888889 0.0125732
0 0.55125 0.0984028 0.031875 0.0584722 0.0123825
3 0.0154004 0.263889 0.00669922 0.0166667 0.0117798
0 0.0412598 0.27 0.0195117 0.0233333 0.0117798
2 0.285781 0.108194 0.00437501 0.02 0.0115967
2 0.7525 0.115972 0.0175001 0.0444444 0.0115509
5 0.00547852 0.256181 0.0104102 0.0298611 0.0112915
0 0.3025 0.2875 0.0525 0.0816666 0.0112457
2 0.235938 0.1375 0.005 0.0161111 0.0108566
0 0.472813 0.0232639 0.01 0.0129167 0.0104904
0 0.024082 0.802222 0.0481641 0.331111 0.0104065
2 0.70875 0.0447222 0.00999997 0.0206944 0.0103302
5 0.0683984 0.250278 0.0703906 0.0638889 0.0086441
0 0.312188 0.286111 0.044375 0.0655556 0.00775528
3 0.88625 0.0643056 0.00499999 0.0194444 0.00772476
7 0.289063 0.117639 0.00562499 0.0208333 0.00769424
3 0.254219 0.124444 0.004375 0.0158333 0.00669098
2 0.709375 0.035625 0.01125 0.0183333 0.00643921
2 0.00857422 0.265556 0.0108789 0.0211111 0.00643921
7 0.7525 0.16625 0.00500005 0.0230555 0.00638962
3 0.905625 0.0661111 0.00499999 0.0180556 0.00609589
0 0.55625 0.0857639 0.03875 0.0465278 0.006073
7 0.595 0.0445833 0.00374997 0.0122222 0.00593567
7 0.9475 0.225 0.00500005 0.02 0.00591278
2 0.575625 0.0177431 0.013125 0.0159722 0.00584412
0 0.425 0.0313194 0.00625 0.0126389 0.00577545
7 0.65 0.0536111 0.00249996 0.0108333 0.00566483
5 0.373125 0.034375 0.00875003 0.0173611 0.00544739
2 0.600625 0.0186806 0.01625 0.0180556 0.00538635
0 0.593125 0.0215278 0.0137499 0.0126389 0.00538635
0 0.99375 0.130833 0.0124999 0.04 0.00521851
0 0.995 0.125278 0.00999997 0.0383333 0.00510025
7 0.7 0.0761111 0.00499999 0.0169444 0.0050621
0 0.312656 0.307222 0.0528125 0.0822222 0.00484848
2 0.214375 0.141111 0.0046875 0.0161111 0.00479126
0 0.0219727 0.846667 0.0436328 0.302222 0.00466537
0 0.50375 0.0648611 0.02 0.0269444 0.0045929
0 0.318125 0.317222 0.04875 0.101111 0.00428009
0 0.034668 0.834445 0.0693359 0.317778 0.00407028
2 0.0553125 0.250139 0.00890625 0.0252778 0.00405502
0 0.425625 0.0107639 0.00749998 0.00881945 0.00370789
0 0.2025 0.151806 0.01625 0.0252778 0.00366402
0 0.0215234 0.756667 0.0430469 0.208889 0.00333786
4 0.546875 0.0863194 0.028125 0.0565278 0.00329781
7 0.139453 0.213889 0.0065625 0.0169444 0.00329781
3 0.710625 0.0288194 0.00625 0.0229167 0.00323486
2 0.74875 0.117812 0.01 0.0399306 0.00319672
7 0.625625 0.0314236 0.00374997 0.0107639 0.00312424
2 0.7175 0.0702083 0.0175 0.0326389 0.00307465
0 0.99 0.125694 0.0199999 0.0338889 0.00291252
7 0.265156 0.134444 0.0034375 0.0108333 0.00291252
0 0.0946875 0.224722 0.0178125 0.0266667 0.00283432
0 0.0603906 0.292222 0.0321875 0.04 0.00277901
2 0.207188 0.144722 0.01125 0.0233333 0.00275803
3 0.88875 0.0634028 0.00499999 0.0259722 0.00269318
3 0.126094 0.22 0.00390625 0.0194444 0.0026722
0 0.568125 0.10125 0.04125 0.0516667 0.00265312
7 0.77875 0.144583 0.00750001 0.02 0.00264168
0 0.987188 0.135694 0.025625 0.0330556 0.00261116
0 0.101699 0.239861 0.0578516 0.0386111 0.00261116
7 0.409375 0.333611 0.07375 0.13 0.00259018
7 0.690625 0.0554167 0.00375004 0.0113889 0.00257111
2 0.0805469 0.335556 0.04875 0.0644445 0.00255013
5 0.019043 0.249167 0.0154688 0.0216667 0.00251198
0 0.580938 0.0176389 0.01875 0.01625 0.00247192
7 0.665 0.0496528 0.00250003 0.0109722 0.00247192
7 0.67 0.0534028 0.00250003 0.0116667 0.00239754
3 0.275625 0.105972 0.00499999 0.0208333 0.00235939
0 0.0619531 0.84 0.123906 0.308889 0.00235939
0 0.0179785 0.82 0.035957 0.284445 0.00234222
2 0.552813 0.0475 0.01125 0.0155556 0.00232315
7 0.725 0.0752778 0.00499999 0.0238889 0.00228691
7 0.254688 0.26 0.0090625 0.0244444 0.00223351
7 0.244063 0.134444 0.005 0.015 0.00219154
0 0.3125 0.124028 0.02375 0.035 0.00200272
2 0.720625 0.0339236 0.01875 0.0196528 0.00192642
0 0.453125 0.0104167 0.00625 0.00847222 0.00188255
0 0.0170898 0.278611 0.0121484 0.0261111 0.00183868
0 0.00671875 0.423056 0.0134375 0.0544444 0.00182438
0 0.548125 0.0520833 0.00875003 0.0180556 0.00176811
0 0.087832 0.251389 0.0368359 0.0405556 0.0017004
0 0.562188 0.129583 0.05375 0.0766667 0.0016489
5 0.56375 0.132812 0.055 0.0715972 0.00161076
2 0.196406 0.156389 0.0090625 0.0233333 0.0015974
7 0.0412891 0.305 0.0104687 0.0333333 0.0015974
0 0.377813 0.0903472 0.01875 0.0245833 0.00153637
3 0.189375 0.162222 0.00687501 0.0233333 0.00153637
7 0.209375 0.157083 0.00625 0.0216667 0.00152493
4 0.560313 0.130313 0.0518751 0.0715972 0.00148964
0 0.7875 0.0647222 0.02375 0.0230556 0.00146675
7 0.675625 0.0609722 0.00374997 0.00944445 0.0014267
0 0.00702149 0.314444 0.0139453 0.0411111 0.00138855
0 0.306406 0.323056 0.0546875 0.121667 0.00136662
0 0.305625 0.275278 0.035 0.0644445 0.00134563
1 0.054375 0.828333 0.10875 0.338889 0.00134563
0 0.71875 0.0470833 0.02 0.01875 0.00131512
0 0.0932813 0.313889 0.0321875 0.0555556 0.00127411
0 0.2975 0.294931 0.055 0.10125 0.00126457
7 0.0562891 0.306111 0.00570312 0.0266667 0.00126457
7 0.273594 0.118333 0.00500002 0.0122222 0.00125504
0 0.436875 0.0351389 0.00874999 0.0186111 0.00123024
2 0.71 0.0715278 0.0125 0.0222222 0.00122547
4 0.565625 0.107917 0.0475 0.0497222 0.00119686
7 0.77375 0.125556 0.00499999 0.0188889 0.00116062
0 0.490625 0.0447917 0.0175 0.0294444 0.0011425
7 0.135469 0.210972 0.0034375 0.0155556 0.00113392
0 0.7925 0.0644444 0.0275 0.0259722 0.00110722
0 0.320547 0.0944444 0.0239063 0.0302778 0.00109005
0 0.471875 0.0945833 0.0275 0.0377778 0.00107288
4 0.0978125 0.219722 0.01875 0.0311111 0.00106907
0 0.74375 0.05375 0.04 0.0252778 0.00104809
7 0.219844 0.145278 0.005 0.015 0.00102043
