0 0.5225 0.724444 0.1375 0.36 0.953125
0 0.221836 0.561111 0.133203 0.215556 0.945801
0 0.0773047 0.952222 0.132578 0.0955555 0.941895
0 0.416875 0.311944 0.068125 0.107778 0.938965
0 0.137734 0.542778 0.136406 0.207778 0.933594
0 0.3225 0.333889 0.076875 0.111111 0.932129
0 0.278125 0.304722 0.073125 0.0961111 0.918457
0 0.619688 0.168333 0.050625 0.0708333 0.905762
0 0.0773438 0.260486 0.035625 0.0345833 0.849121
0 0.156094 0.182222 0.035625 0.0388889 0.837402
0 0.0215234 0.914444 0.0427344 0.171111 0.837402
0 0.0359766 0.305556 0.034375 0.0388889 0.834473
0 0.424063 0.0954861 0.035 0.0340278 0.833496
7 0.70375 0.199861 0.00750001 0.0247222 0.820801
0 0.382813 0.0897222 0.02125 0.0326389 0.813965
0 0.55125 0.0913889 0.025 0.0380556 0.806641
7 0.244375 0.28 0.0078125 0.0261111 0.799316
0 0.8275 0.068125 0.0375 0.0268056 0.770508
0 0.465 0.0953472 0.021875 0.0326389 0.764648
0 0.48125 0.0681944 0.01875 0.02875 0.746094
0 0.77625 0.0654167 0.03625 0.0261111 0.746094
2 0.285 0.114965 0.011875 0.0222917 0.741699
0 0.00779297 0.325 0.0154883 0.0355555 0.740234
7 0.0449219 0.361667 0.00546875 0.0166667 0.737305
0 0.70375 0.0581944 0.0425 0.0255556 0.733887
0 0.510938 0.065 0.018125 0.0247222 0.716797
7 0.770625 0.128056 0.00499999 0.0166667 0.710449
7 0.0304492 0.3775 0.00523437 0.0183333 0.702637
0 0.540625 0.0668056 0.01875 0.0301389 0.679199
0 0.75875 0.0588889 0.035 0.0269444 0.679199
7 0.744375 0.176111 0.00625 0.0205556 0.675781
0 0.3775 0.0478472 0.015 0.01625 0.651367
7 0.7525 0.164583 0.00500005 0.0180556 0.642578
0 0.0508594 0.283333 0.0353125 0.0288889 0.633301
7 0.94625 0.219444 0.00499999 0.0177778 0.631836
7 0.6925 0.185 0.00750001 0.0227778 0.624512
0 0.494688 0.0579167 0.013125 0.0197222 0.586914
7 0.7725 0.146389 0.00499999 0.0172222 0.521484
2 0.604688 0.0393056 0.010625 0.0191667 0.501953
0 0.510625 0.0589583 0.0175 0.0222222 0.460938
2 0.00302734 0.381667 0.00605469 0.0377778 0.458984
2 0.66375 0.0374306 0.00750001 0.0229167 0.457031
0 0.5325 0.0122917 0.00874999 0.0120833 0.439697
0 0.500625 0.0265278 0.01125 0.0160417 0.434082
0 0.511875 0.0152431 0.00874999 0.0127083 0.432129
0 0.528125 0.0593056 0.01375 0.0236111 0.413086
3 0.731875 0.165833 0.015 0.0577778 0.405518
7 0.255938 0.264444 0.0078125 0.0233333 0.379395
7 0.164375 0.207222 0.0034375 0.01 0.373779
0 0.486875 0.0201042 0.010625 0.0139583 0.37207
7 0.746875 0.128889 0.00499999 0.0183333 0.334473
7 0.0698438 0.301667 0.0034375 0.0133333 0.315674
0 0.00322998 0.287222 0.00645996 0.0244445 0.313965
2 0.73125 0.166111 0.015 0.0575 0.307373
7 0.146328 0.221944 0.00390625 0.0116667 0.30249
0 0.49875 0.0290278 0.00999997 0.0168056 0.299072
0 0.7425 0.0516667 0.03 0.0205556 0.295898
0 0.029375 0.290556 0.0311719 0.0344445 0.255371
7 0.946875 0.215556 0.00499999 0.0194444 0.248047
2 0.67375 0.0475 0.00499999 0.0219444 0.243652
0 0.00944336 0.312778 0.0188867 0.0288889 0.237183
0 0.491563 0.0132986 0.00874999 0.0146528 0.221313
0 0.0246289 0.300556 0.0313672 0.0355555 0.215332
0 0.5025 0.0139931 0.01 0.0157639 0.20752
0 0.73875 0.0555556 0.03125 0.0230556 0.206299
0 0.75 0.0515278 0.025 0.0222222 0.204346
7 0.70625 0.0801389 0.00249996 0.0119444 0.202393
7 0.0838281 0.293889 0.00484375 0.0144444 0.200562
0 0.71 0.0526389 0.035 0.0226389 0.187744
3 0.107969 0.2025 0.005 0.0211111 0.165039
2 0.6725 0.038125 0.00750001 0.0240278 0.146606
0 0.476875 0.0625694 0.015 0.0247222 0.138428
7 0.655 0.0581944 0.00249996 0.0144444 0.124634
0 0.483125 0.0647917 0.0175 0.0241667 0.122131
0 0.37625 0.0505556 0.015 0.0194444 0.118408
0 0.530625 0.0613889 0.0175 0.0238889 0.11554
7 0.74375 0.179444 0.00750001 0.0219444 0.110107
0 0.486875 0.0170139 0.00874999 0.0152083 0.106689
0 0.428125 0.0664583 0.01125 0.0170833 0.106323
0 0.00975586 0.268889 0.0194922 0.0266667 0.105957
7 0.7525 0.166944 0.00625 0.02 0.101257
0 0.5 0.00557292 0.00625 0.0111458 0.0953369
2 0.885625 0.0586111 0.01375 0.0244444 0.0903931
0 0.0412891 0.288611 0.0341406 0.0305556 0.0878906
0 0.0279688 0.295 0.0272656 0.03 0.0863037
0 0.511875 0.0523611 0.01375 0.0175 0.0792236
3 0.233281 0.124167 0.004375 0.0219444 0.0772095
2 0.8925 0.0656944 0.00999997 0.0236111 0.0718384
0 0.431875 0.0575 0.01375 0.0186111 0.062561
0 0.496875 0.0543056 0.00874999 0.0208333 0.0623169
0 0.52125 0.0555556 0.01125 0.0215278 0.0611877
7 0.693125 0.0798611 0.00500005 0.0127778 0.0568542
2 0.122344 0.194583 0.0078125 0.0208333 0.0568542
0 0.3775 0.0564583 0.015 0.0206944 0.0524292
2 0.7325 0.158056 0.0125 0.0566667 0.0522461
2 0.285938 0.111632 0.009375 0.025625 0.0510864
3 0.234219 0.129722 0.00375001 0.0211111 0.0507202
0 0.774375 0.0568056 0.0325 0.0233333 0.0495911
0 0.010271 0.264722 0.018208 0.0272222 0.0483093
7 0.748125 0.128056 0.00499999 0.0205556 0.0479431
0 0.4775 0.0255903 0.00750001 0.0114583 0.0476074
0 0.69375 0.05625 0.02 0.0244444 0.0448608
2 0.592813 0.0422917 0.00625 0.015 0.0435181
7 0.0765625 0.295556 0.00546875 0.0161111 0.0391846
1 0.44875 0.0119444 0.01125 0.01625 0.0389099
0 0.433125 0.0511111 0.01375 0.0186111 0.0383301
0 0.622188 0.151528 0.029375 0.0419444 0.0360718
0 0.509375 0.0554167 0.015 0.0205556 0.033844
0 0.540938 0.0565972 0.0175 0.0236111 0.0328369
7 0.65625 0.0518056 0.00375004 0.0138889 0.0323486
0 0.38125 0.0847222 0.02 0.0294444 0.0314331
0 0.01625 0.281667 0.0259766 0.0311111 0.0310211
7 0.945 0.233333 0.00499999 0.0205556 0.028656
7 0.9475 0.223889 0.00500005 0.0227778 0.0282135
7 0.253125 0.264444 0.00875001 0.0211111 0.0276947
0 0.430313 0.0609722 0.01375 0.0183333 0.0261536
7 0.7775 0.144722 0.00749995 0.0188889 0.0254669
0 0.451875 0.0111806 0.00812499 0.0138194 0.0250854
0 0.414688 0.0260417 0.01 0.0106944 0.0244293
3 0.71125 0.133056 0.00750001 0.0411111 0.0222015
3 0.0964063 0.205139 0.00718749 0.0227778 0.02211
3 0.6725 0.048125 0.00625 0.0223611 0.0219421
0 0.486563 0.0224653 0.009375 0.0147222 0.0211182
3 0.144219 0.213194 0.0059375 0.0205556 0.0206451
2 0.0371484 0.245278 0.00625 0.0194445 0.02034
3 0.231563 0.124444 0.005 0.0244444 0.0197144
7 0.761875 0.154444 0.00749995 0.0183333 0.0195618
3 0.209531 0.159722 0.00625 0.025 0.0188293
0 0.531563 0.0157639 0.00812499 0.0113889 0.0179901
0 0.68625 0.0588889 0.00750001 0.0234722 0.0174408
2 0.20625 0.151389 0.0078125 0.0233333 0.0163422
2 0.0376367 0.261667 0.00785156 0.0166667 0.0161591
7 0.263125 0.261944 0.00625 0.0211111 0.0160217
3 0.188906 0.194722 0.00625 0.0233333 0.0151901
7 0.0274805 0.381111 0.00574219 0.0161111 0.0145035
7 0.255313 0.268056 0.010625 0.0294445 0.0143356
3 0.67 0.0319444 0.00499999 0.0277778 0.0139542
3 0.196094 0.156111 0.00406251 0.02 0.0137939
2 0.207188 0.143889 0.00874999 0.0208333 0.0136871
7 0.125 0.239583 0.0034375 0.0125 0.0129242
0 0.444375 0.0272222 0.00749998 0.0140278 0.0127258
1 0.462188 0.00799479 0.00874999 0.0134549 0.0119629
3 0.7325 0.131667 0.00999997 0.0361111 0.0112457
2 0.0764844 0.228611 0.00640624 0.0186111 0.011116
7 0.148438 0.226389 0.0046875 0.0177778 0.0109024
7 0.254531 0.136389 0.0034375 0.0105555 0.0105286
7 0.686875 0.0804167 0.00500005 0.0130556 0.0100098
7 0.92625 0.223611 0.00625 0.0433333 0.0100098
7 0.140625 0.217639 0.00406251 0.0158333 0.00993347
7 0.75375 0.162083 0.00499999 0.0194444 0.00963593
2 0.0124023 0.423333 0.0175781 0.05 0.00952148
0 0.54 0.0615278 0.02 0.0325 0.00948334
7 0.71 0.0853472 0.00499999 0.0188889 0.00937653
7 0.94125 0.217778 0.00500005 0.0177778 0.00912476
0 0.778125 0.0697222 0.04375 0.0288889 0.00898743
0 0.401875 0.0478472 0.00875003 0.0161111 0.00888062
5 0.00452148 0.252222 0.00904297 0.0327778 0.00854492
7 0.65125 0.0573611 0.00374997 0.0116667 0.00844574
0 0.450313 0.0134722 0.009375 0.0165278 0.00831604
7 0.0335156 0.372778 0.00484375 0.0144444 0.00828552
0 0.528438 0.0130903 0.00875003 0.0115972 0.00800323
3 0.67375 0.0554861 0.00499999 0.0209722 0.0078125
7 0.265469 0.135833 0.00375002 0.00944444 0.00772476
3 0.123281 0.201667 0.00625 0.0241667 0.00769424
0 0.00545898 0.417778 0.010918 0.0566667 0.00757599
3 0.7125 0.130417 0.00874996 0.0477778 0.00746155
7 0.0666406 0.306389 0.00609375 0.0205555 0.00728989
2 0.118984 0.195 0.013125 0.0227778 0.00703812
0 0.499375 0.0677083 0.016875 0.0245833 0.00682449
3 0.0904688 0.204167 0.00593751 0.0244445 0.00651169
2 0.188125 0.195417 0.0078125 0.0252778 0.0064621
2 0.0417871 0.262222 0.0104883 0.02 0.00641251
0 0.0314844 0.280833 0.0207813 0.0288889 0.00638962
2 0.69625 0.0313889 0.00500005 0.0118056 0.00600433
3 0.189688 0.159306 0.00687501 0.0205556 0.00582123
2 0.00448242 0.423611 0.00896484 0.0538889 0.00570679
2 0.583125 0.0140972 0.00812499 0.0147222 0.00566483
0 0.00911133 0.331111 0.0144336 0.0433333 0.00561905
0 0.393438 0.0334375 0.00812499 0.0124306 0.00559998
0 0.0136523 0.252292 0.0208203 0.02875 0.00524139
2 0.568125 0.0234028 0.009375 0.0131944 0.00519943
7 0.186719 0.200139 0.005 0.0186111 0.00516129
2 0.65875 0.0361458 0.00875003 0.0214583 0.0051384
2 0.73375 0.126389 0.00749995 0.0277778 0.00511932
7 0.0324219 0.3775 0.00664062 0.0183333 0.0050621
0 0.430313 0.0531944 0.01375 0.0188889 0.00502014
7 0.69 0.0822222 0.00500005 0.0219444 0.00488663
2 0.214844 0.164583 0.00875001 0.0252778 0.00486755
2 0.705 0.0351736 0.01 0.0179861 0.00482941
7 0.0118335 0.416667 0.0162939 0.0411111 0.00482941
3 0.18375 0.156667 0.00562499 0.0238889 0.00481033
7 0.7725 0.1425 0.00625 0.0180556 0.00477219
0 0.432813 0.0162847 0.011875 0.0140278 0.00475693
0 0.4625 0.0819444 0.02 0.0341667 0.00466537
7 0.225625 0.158056 0.00375001 0.015 0.0046463
0 0.157656 0.175556 0.03625 0.0311111 0.00450516
7 0.955 0.267222 0.00499999 0.02 0.00448608
7 0.0122632 0.385833 0.00809082 0.02 0.00436401
0 0.744375 0.0633333 0.03875 0.0269444 0.0041008
2 0.275625 0.1175 0.00562499 0.0166667 0.00391388
0 0.434688 0.0125347 0.009375 0.015 0.00378036
2 0.596875 0.0376389 0.01 0.0197222 0.0037365
7 0.27 0.122222 0.00437501 0.0136111 0.00367928
2 0.73875 0.153472 0.02125 0.0536111 0.00366402
2 0.115391 0.200278 0.0114063 0.0233333 0.00365067
0 0.3525 0.0653472 0.01125 0.0144444 0.00363541
7 0.164688 0.219583 0.00343749 0.0127778 0.00363541
2 0.194531 0.194306 0.0178125 0.0372222 0.00353813
3 0.9275 0.22375 0.00750001 0.0444445 0.00353813
3 0.274688 0.102361 0.00499999 0.0188889 0.00348282
3 0.59125 0.0467882 0.00625 0.0203125 0.00346947
7 0.243438 0.136528 0.005 0.0141667 0.00329781
0 0.555938 0.0502083 0.00999997 0.01625 0.00327301
2 0.213125 0.141944 0.00562499 0.0172222 0.00327301
0 0.985625 0.11625 0.0125 0.0180556 0.00323486
0 0.396875 0.0428472 0.00874999 0.0145833 0.00319672
3 0.71375 0.1275 0.00750001 0.0455556 0.00313568
3 0.269531 0.1 0.00500002 0.0286111 0.00302696
2 0.205625 0.167639 0.013125 0.035 0.00300407
3 0.85625 0.0440278 0.00499999 0.0222222 0.00296974
0 0.78875 0.0665278 0.05 0.0244444 0.00263214
0 0.545 0.0731944 0.025 0.0318056 0.00261116
2 0.108438 0.199167 0.00875 0.0244444 0.0024929
0 0.84875 0.0759722 0.04625 0.0247222 0.00245285
0 0.88375 0.0597222 0.025 0.0286111 0.00239754
3 0.184219 0.168611 0.00499999 0.0238889 0.00239754
0 0.3775 0.117083 0.0225 0.0311111 0.00236893
7 0.00585938 0.381667 0.0111719 0.03 0.00232315
0 0.43875 0.0285069 0.00874999 0.0148611 0.00228691
2 0.195938 0.185139 0.019375 0.0422222 0.00228691
2 0.0554297 0.213056 0.00796875 0.0186111 0.00225258
0 0.99625 0.120139 0.00749995 0.0266667 0.00224304
2 0.196875 0.17375 0.0075 0.0344445 0.00223351
2 0.215313 0.159167 0.00562499 0.0194444 0.00218201
0 0.0610938 0.252222 0.0175 0.0266667 0.00208282
2 0.88125 0.0559028 0.015 0.0243056 0.00192642
2 0.0448438 0.248194 0.00859375 0.0225 0.00188255
2 0.684375 0.0335417 0.00499999 0.0155556 0.00181007
7 0.725625 0.0809028 0.00374997 0.0159722 0.00181007
7 0.0868945 0.270556 0.0177734 0.0266667 0.00178909
2 0.310313 0.0919444 0.00687501 0.0163889 0.00174141
0 0.836875 0.0813889 0.04625 0.0233333 0.0017271
0 0.480625 0.0745139 0.0225 0.0415278 0.00169373
0 0.178438 0.158472 0.014375 0.0261111 0.00163555
7 0.92375 0.195556 0.00625 0.025 0.00163555
0 0.7325 0.0379167 0.0125 0.0241667 0.00162315
0 0.459375 0.006875 0.00874999 0.01375 0.00161076
2 0.745 0.115799 0.00750001 0.0450694 0.00154877
0 0.380625 0.0647222 0.01375 0.0183333 0.00152493
7 0.125625 0.226389 0.00328125 0.0108333 0.0015192
0 0.0174414 0.259722 0.0210547 0.0255556 0.00150681
7 0.175625 0.207917 0.00375001 0.0116667 0.00148964
0 0.883125 0.0741667 0.0325 0.0336111 0.00146675
2 0.588438 0.0441667 0.00812505 0.0154167 0.00139904
7 0.955625 0.271111 0.00499999 0.0233333 0.00139904
2 0.0105176 0.429444 0.0189648 0.0494445 0.00135136
3 0.709375 0.134722 0.01125 0.0447222 0.00130463
2 0.0204492 0.246667 0.0139453 0.0222222 0.00130463
0 0.996563 0.134444 0.00687497 0.0363889 0.00129414
7 0.304688 0.102361 0.00500002 0.0144444 0.00127411
0 0.88875 0.0797222 0.03 0.0311111 0.00126457
7 0.296563 0.245 0.00687497 0.0177778 0.0012598
0 0.77125 0.0701389 0.0375 0.0288889 0.00125504
0 0.476875 0.0167361 0.00625 0.0145833 0.00123501
0 0.198281 0.183056 0.0246875 0.0461111 0.00123501
0 0.36625 0.0604167 0.00750001 0.0144444 0.00121117
2 0.0138477 0.421667 0.0264844 0.0538889 0.0012064
7 0.235313 0.153056 0.003125 0.00888889 0.00118828
7 0.254844 0.122222 0.00375001 0.0138889 0.0011692
3 0.224063 0.122361 0.00562499 0.0252778 0.00112438
0 0.9775 0.114688 0.0125 0.0184028 0.00110722
2 0.0853906 0.2275 0.00703125 0.0183333 0.00110722
3 0.925625 0.225 0.00999997 0.0527778 0.0011034
7 0.250469 0.126667 0.004375 0.015 0.00108624
2 0.297188 0.101667 0.00562499 0.0155556 0.00107288
