0 0.0714844 0.818889 0.136563 0.197778 0.956543
0 0.237813 0.698889 0.109375 0.151111 0.951172
0 0.274063 0.518333 0.068125 0.08 0.944824
0 0.36 0.473333 0.05375 0.0755555 0.935547
0 0.3425 0.325556 0.015625 0.02 0.875977
0 0.0147461 0.466667 0.0294531 0.03 0.848145
2 0.66375 0.437222 0.0275 0.0588889 0.836426
0 0.0503027 0.45 0.0320508 0.03 0.832031
5 0.0146191 0.443333 0.0282617 0.0444444 0.831055
0 0.290938 0.334444 0.0246875 0.0255555 0.829102
2 0.0302148 0.481944 0.0160547 0.0344445 0.829102
0 0.81625 0.330556 0.0375 0.0238889 0.816406
5 0.81375 0.407222 0.05 0.0761111 0.813965
7 0.235313 0.502778 0.00687501 0.0222222 0.79834
0 0.3875 0.325 0.02 0.0211111 0.790527
7 0.222188 0.517778 0.00687499 0.0233333 0.756348
7 0.6675 0.466111 0.00625 0.0233333 0.754883
7 0.72375 0.401111 0.00499999 0.0177778 0.741699
0 0.406563 0.321111 0.014375 0.0233333 0.740234
0 0.75625 0.332222 0.0425 0.0266667 0.73877
7 0.024043 0.528889 0.00484375 0.0155555 0.72168
0 0.8625 0.328889 0.0275 0.0238889 0.704102
0 0.189375 0.372222 0.029375 0.0222222 0.689453
0 0.359375 0.321111 0.015 0.02 0.673828
0 0.87625 0.325556 0.0275 0.02 0.673828
0 0.0540723 0.434444 0.0324805 0.0311111 0.673828
7 0.729375 0.438333 0.00499999 0.02 0.658203
2 0.66375 0.325556 0.00499999 0.0266667 0.624512
7 0.92625 0.456944 0.00499999 0.0155556 0.615234
2 0.165156 0.395556 0.0184375 0.03 0.552734
0 0.411875 0.302778 0.015 0.0288889 0.533203
0 0.38875 0.304722 0.01125 0.0161111 0.522461
7 0.749375 0.413611 0.00500005 0.0177778 0.520508
7 0.92375 0.467222 0.00374997 0.0144444 0.511719
2 0.256875 0.356111 0.0109375 0.02 0.5
7 0.6775 0.478611 0.00749995 0.0272222 0.5
7 0.634688 0.329444 0.003125 0.0105555 0.494141
5 0.484688 0.263889 0.00687497 0.0133333 0.462891
7 0.684375 0.353333 0.00375004 0.0122222 0.462891
0 0.38875 0.312222 0.01375 0.0177778 0.430176
0 0.394375 0.295833 0.01 0.0144444 0.386719
7 0.0490234 0.48 0.0040625 0.0122222 0.370117
6 0.165313 0.395556 0.0190625 0.03 0.332764
7 0.125391 0.418889 0.0034375 0.00999999 0.331055
0 0.390625 0.313889 0.013125 0.02 0.309082
7 0.146563 0.416111 0.004375 0.0133333 0.282959
7 0.739375 0.425278 0.00499999 0.0205556 0.282959
0 0.471875 0.275556 0.00874999 0.0111111 0.27832
7 0.74625 0.398611 0.00500005 0.0155556 0.276611
0 0.388125 0.299444 0.00874999 0.0133333 0.271973
0 0.4175 0.280556 0.00750001 0.0111111 0.262939
2 0.265625 0.351389 0.00624998 0.0238889 0.262939
7 0.65375 0.327778 0.00374997 0.0122222 0.23938
0 0.347188 0.3175 0.011875 0.0177778 0.222656
0 0.0134375 0.435833 0.02625 0.0316667 0.216064
5 0.411563 0.305 0.016875 0.0277778 0.201782
0 0.434375 0.273889 0.00749998 0.0105555 0.194946
0 0.470938 0.27 0.00687501 0.00888889 0.17334
7 0.00938477 0.543333 0.00572266 0.0211111 0.158691
0 0.823125 0.39 0.03375 0.0422222 0.156616
0 0.37125 0.306111 0.01 0.0133333 0.156616
2 0.25875 0.354444 0.00874999 0.0233333 0.153076
0 0.905 0.334167 0.0275 0.0161111 0.1427
0 0.05375 0.439722 0.0338281 0.0277778 0.123779
0 0.3775 0.299167 0.00874999 0.0116667 0.122498
7 0.7425 0.422778 0.00499999 0.0166667 0.100525
0 0.433125 0.271667 0.00875003 0.01 0.100525
5 0.476875 0.263889 0.00625 0.0127778 0.0984497
0 0.351563 0.309167 0.01125 0.015 0.0953369
5 0.495625 0.261111 0.00562503 0.00944443 0.0853882
0 0.8225 0.399722 0.0325 0.0605555 0.0792236
3 0.266406 0.358611 0.00500002 0.0211111 0.0789185
7 0.734375 0.433056 0.00625 0.0183333 0.0609741
7 0.235 0.368889 0.003125 0.00888889 0.0564575
7 0.736875 0.427778 0.00500005 0.02 0.0539856
7 0.7275 0.442778 0.00500005 0.0183333 0.0514526
0 0.371875 0.311667 0.00874999 0.0144444 0.0470886
0 0.380625 0.288333 0.00625 0.0111111 0.0428162
0 0.00506348 0.409722 0.0100684 0.0227778 0.0411377
0 0.0116211 0.404444 0.0106836 0.0155555 0.0390625
2 0.16875 0.393056 0.0190625 0.0322222 0.0367737
0 0.486875 0.267778 0.00750001 0.00999999 0.0358276
7 0.12875 0.413889 0.0034375 0.0122222 0.0352783
7 0.148359 0.413889 0.00453126 0.0127778 0.0344849
7 0.66625 0.349722 0.00499999 0.0105556 0.0325928
7 0.0457422 0.485833 0.00398438 0.0172222 0.0275879
0 0.417813 0.284444 0.00874999 0.0133334 0.0239563
0 0.425 0.279444 0.00749998 0.0111111 0.0233307
0 0.444375 0.262778 0.00500002 0.00888889 0.0220337
0 0.9075 0.337222 0.02375 0.0144444 0.0218658
2 0.55375 0.296667 0.01125 0.0144444 0.0212097
0 0.0417969 0.448333 0.0463281 0.0366667 0.0197144
7 0.224688 0.368333 0.00375001 0.0111111 0.0179138
0 0.42125 0.296667 0.01125 0.0188889 0.0171051
2 0.0817969 0.390833 0.0075 0.0177778 0.0147324
3 0.709375 0.31 0.00499999 0.0188889 0.0141754
7 0.595 0.313333 0.00374997 0.0111111 0.0136871
2 0.267031 0.3475 0.00812499 0.0227778 0.012291
3 0.220625 0.360556 0.00374999 0.0138889 0.0116882
7 0.753125 0.418333 0.00499999 0.0155555 0.0106506
0 0.46625 0.275556 0.00500002 0.0111111 0.0105667
7 0.229531 0.371111 0.0034375 0.0111111 0.00989532
0 0.4475 0.0284635 0.040625 0.0539063 0.00985718
0 0.875625 0.322778 0.0237501 0.02 0.00985718
0 0.861875 0.338333 0.02875 0.0255556 0.00963593
0 0.405 0.281667 0.00499999 0.0111111 0.00959778
7 0.575 0.318611 0.00375004 0.0127778 0.00867462
2 0.174219 0.385833 0.0153125 0.0272222 0.00837708
7 0.67125 0.470833 0.00999997 0.0283334 0.00760651
0 0.8175 0.335 0.0375 0.0316667 0.00723267
7 0.0642969 0.471667 0.00476563 0.0122222 0.00717545
7 0.63625 0.317778 0.00375004 0.0111111 0.0068512
0 0.8925 0.331111 0.0225 0.0166667 0.00682449
7 0.654375 0.32 0.00374997 0.0155555 0.0064621
7 0.9275 0.453889 0.00499999 0.0177778 0.00638962
7 0.274688 0.363333 0.00437501 0.0133333 0.00634003
7 0.669375 0.339444 0.00374997 0.0166667 0.00579834
0 0.44875 0.267778 0.00562503 0.00888887 0.00577545
3 0.25125 0.349722 0.005 0.0266667 0.00577545
7 0.0546875 0.473333 0.004375 0.0116666 0.00570679
7 0.645625 0.318333 0.00375004 0.0122222 0.00482941
0 0.754375 0.323889 0.03625 0.0222222 0.0046463
7 0.565625 0.316667 0.00375004 0.0111111 0.00460815
0 0.33875 0.317778 0.01125 0.0155555 0.00450516
7 0.67625 0.3175 0.00374997 0.0155556 0.00446701
0 0.8775 0.333889 0.03375 0.0211111 0.00432968
0 0.418438 0.306111 0.015625 0.0233333 0.00419998
0 0.296563 0.328333 0.018125 0.0188889 0.00416565
0 0.175 0.392778 0.035 0.0366667 0.00382423
0 0.0448438 0.426667 0.0271875 0.0222222 0.00359344
3 0.21375 0.355 0.004375 0.0188889 0.00358009
2 0.550625 0.3 0.00750001 0.0155556 0.00358009
2 0.548125 0.296111 0.00999997 0.0133333 0.00353813
0 0.395625 0.282222 0.00750001 0.0111111 0.00352478
7 0.215 0.364444 0.003125 0.0133333 0.00341606
7 0.201563 0.376944 0.0075 0.0194444 0.00341606
7 0.69625 0.351944 0.00500005 0.015 0.00291252
7 0.146563 0.409444 0.004375 0.0166667 0.00243378
3 0.676875 0.299167 0.00499999 0.0144444 0.00229645
7 0.72375 0.394167 0.00625 0.025 0.00216484
0 0.515 0.261111 0.00375001 0.00555556 0.00208282
7 0.6725 0.441944 0.00750001 0.0583333 0.0020504
7 0.615 0.328889 0.00374997 0.0111111 0.00204277
3 0.65 0.312222 0.00499999 0.0222222 0.00199509
0 0.53375 0.279444 0.00625 0.0111111 0.00198746
7 0.635625 0.344444 0.00374997 0.0122222 0.00197983
7 0.615 0.315556 0.00250003 0.00888889 0.00195694
2 0.0757813 0.4 0.00484375 0.0172222 0.00190449
3 0.68625 0.296667 0.00499999 0.0166667 0.00188255
0 0.915 0.336111 0.02875 0.0155556 0.00177479
2 0.155938 0.372222 0.00625 0.0188889 0.00177479
7 0.681875 0.479167 0.00750001 0.0261111 0.0017271
2 0.266563 0.341667 0.00625002 0.0244444 0.0017004
7 0.0438281 0.471667 0.00945313 0.0261111 0.00167465
0 0.504063 0.258056 0.00375001 0.00888887 0.00162888
7 0.609375 0.306667 0.00375004 0.0133334 0.00160408
0 0.810625 0.412222 0.04375 0.0611111 0.00158501
3 0.995 0.586111 0.00999997 0.09 0.00156116
3 0.71625 0.419444 0.00750001 0.0522222 0.00154877
0 0.187188 0.365 0.024375 0.0222222 0.00144386
7 0.00835449 0.542778 0.00709961 0.02 0.00131512
3 0.105938 0.389722 0.00562499 0.0205556 0.00124454
7 0.675 0.353333 0.00249996 0.0122222 0.00121593
3 0.0824219 0.396667 0.0065625 0.0211111 0.00121593
0 0.965625 0.334444 0.01125 0.0166667 0.00119686
0 0.905 0.342222 0.0325 0.0244444 0.00119686
2 0.275 0.331667 0.00562499 0.02 0.00115108
7 0.115625 0.435 0.0046875 0.0133334 0.00113392
2 0.695 0.336111 0.00750001 0.0277778 0.00106907
7 0.222656 0.507778 0.01125 0.0311111 0.00103664
7 0.245313 0.364444 0.0046875 0.0111111 0.00102425
3 0.71625 0.442222 0.00499999 0.0377778 0.00102425
