0 0.64625 0.852222 0.13625 0.253333 0.959961
0 0.303125 0.86 0.139375 0.257778 0.958984
0 0.472188 0.886667 0.11875 0.226667 0.953125
0 0.586875 0.621667 0.08375 0.142222 0.946777
0 0.0476172 0.898889 0.0952344 0.2 0.944336
0 0.690625 0.617778 0.10375 0.133333 0.943359
0 0.381875 0.600556 0.08375 0.125556 0.939941
0 0.479375 0.577222 0.07125 0.154444 0.939453
0 0.77625 0.508333 0.05125 0.0833333 0.917969
0 0.268438 0.388333 0.046875 0.0355555 0.878906
0 0.371563 0.360278 0.04375 0.0344445 0.861328
0 0.183906 0.417778 0.0484375 0.0388889 0.85498
0 0.119766 0.426944 0.0398438 0.0316666 0.851074
0 0.0821094 0.444444 0.0371875 0.03 0.845703
0 0.455 0.318889 0.02 0.0222222 0.804199
0 0.74125 0.330278 0.04 0.0255555 0.78418
0 0.158594 0.382778 0.0315625 0.0255556 0.779785
0 0.69375 0.334722 0.0425 0.0333333 0.774414
0 0.6675 0.31 0.035 0.0244444 0.773438
0 0.4925 0.359167 0.0575 0.045 0.764648
7 0.235625 0.503333 0.00625 0.0222222 0.749023
0 0.244688 0.354722 0.0265625 0.0216667 0.744629
0 0.405 0.323889 0.015625 0.0211111 0.741699
2 0.0350391 0.476389 0.0114844 0.0327778 0.733887
2 0.0657031 0.509444 0.0255469 0.0488889 0.732422
7 0.725 0.402222 0.00499999 0.0183333 0.72168
0 0.343438 0.334444 0.016875 0.0222222 0.70752
7 0.6675 0.463889 0.00625 0.0222222 0.705566
7 0.222188 0.52 0.00718751 0.0244445 0.700684
2 0.605625 0.314444 0.015 0.0222222 0.680664
7 0.73875 0.428611 0.00625 0.0205556 0.674805
0 0.0117188 0.455 0.0234375 0.0244444 0.668945
0 0.324688 0.336111 0.0125 0.02 0.649414
0 0.835625 0.325556 0.03625 0.0266667 0.644043
0 0.305313 0.34 0.01625 0.02 0.631836
3 0.0254297 0.513889 0.00851563 0.0511111 0.620605
0 0.88875 0.324722 0.025 0.0194444 0.616699
7 0.74625 0.399722 0.00500005 0.0155555 0.613281
7 0.73 0.44 0.00625 0.0188889 0.604004
2 0.621875 0.312778 0.00874996 0.0222222 0.594727
0 0.723125 0.320556 0.03375 0.02 0.592773
0 0.785 0.330833 0.0362501 0.0216667 0.59082
0 0.7875 0.321944 0.03 0.0211111 0.565918
0 0.294688 0.337222 0.0175 0.0177778 0.529297
7 0.92625 0.458056 0.00499999 0.0177778 0.527344
2 0.584688 0.313333 0.01125 0.0211111 0.525391
0 0.93375 0.329444 0.02 0.0155555 0.457031
0 0.36375 0.310556 0.011875 0.0172222 0.44751
0 0.79 0.325556 0.035 0.0227778 0.430176
2 0.5975 0.311389 0.01125 0.0194444 0.42627
2 0.475 0.365833 0.02375 0.0344445 0.397949
7 0.74875 0.415 0.00499999 0.02 0.391357
2 0.50375 0.328056 0.00874999 0.0216667 0.377441
0 0.353125 0.305278 0.01125 0.0155555 0.366699
0 0.725 0.323889 0.0325 0.0233333 0.364746
7 0.678125 0.48 0.00750001 0.0222222 0.355713
2 0.630313 0.312222 0.00750001 0.0211111 0.309082
0 0.0113867 0.470278 0.0221094 0.0338889 0.286133
2 0.60625 0.312778 0.011875 0.0233333 0.283691
0 0.33625 0.316667 0.011875 0.0155556 0.265869
0 0.319688 0.328333 0.01375 0.0177778 0.259766
2 0.2175 0.371111 0.00999999 0.0233333 0.259766
0 0.7275 0.327222 0.0300001 0.0233333 0.258301
2 0.58875 0.311111 0.00875003 0.0227778 0.246582
0 0.93625 0.331667 0.0275 0.0188889 0.240723
0 0.38125 0.294444 0.01 0.0155556 0.23938
3 0.21 0.3725 0.00562499 0.0216667 0.236572
0 0.34625 0.314444 0.01125 0.0161111 0.2323
7 0.92375 0.466667 0.00499999 0.0183333 0.2323
0 0.895 0.325833 0.0275 0.0194444 0.228149
0 0.40125 0.297778 0.01 0.0155555 0.219971
7 0.92875 0.453056 0.00500005 0.0166667 0.213989
2 0.631875 0.313333 0.00812499 0.0211111 0.200562
0 0.4125 0.316111 0.01375 0.0177778 0.197388
0 0.36875 0.295556 0.010625 0.0138889 0.192505
7 0.7375 0.427222 0.00625 0.02 0.181274
0 0.354375 0.309444 0.01125 0.0155555 0.176147
0 0.014668 0.470278 0.0185938 0.03 0.176147
3 0.0107324 0.543472 0.00626953 0.0241666 0.174927
0 0.0506152 0.427222 0.027207 0.0222222 0.172119
0 0.76375 0.32 0.025 0.0211111 0.169922
7 0.04875 0.478611 0.00421875 0.0161111 0.160278
0 0.414375 0.293611 0.01375 0.0188889 0.158203
0 0.8825 0.328333 0.02625 0.0183333 0.157715
0 0.506563 0.272222 0.009375 0.0111111 0.153076
0 0.95375 0.332222 0.0175001 0.0166667 0.149536
0 0.326563 0.32 0.01125 0.0166667 0.149048
0 0.83625 0.329722 0.0375 0.0238889 0.141235
7 0.7225 0.449167 0.00750001 0.0211111 0.140381
7 0.0639844 0.471111 0.0034375 0.0122222 0.138916
0 0.318438 0.319444 0.01125 0.0155556 0.137939
0 0.37 0.302222 0.011875 0.0144444 0.135742
2 0.264375 0.338056 0.00874999 0.0222222 0.132935
0 0.371875 0.313889 0.0125 0.0188889 0.128906
0 0.47375 0.366111 0.0225 0.0322222 0.128052
0 0.0538281 0.425 0.0235938 0.0188889 0.123779
2 0.205938 0.373333 0.00687501 0.0238889 0.119629
3 0.19 0.372222 0.005 0.0222222 0.118774
0 0.481875 0.364444 0.03875 0.0377778 0.116333
0 0.9575 0.333056 0.025 0.0172222 0.112793
0 0.373125 0.297222 0.00999997 0.0133333 0.105591
2 0.05625 0.41 0.00921875 0.02 0.104126
0 0.379688 0.29 0.00812502 0.0133334 0.104126
2 0.201563 0.376111 0.00999999 0.0255556 0.103394
2 0.0522656 0.413333 0.0100781 0.0177778 0.0991211
0 0.354375 0.301389 0.01125 0.0138889 0.0987549
0 0.35 0.327778 0.013125 0.02 0.0820923
0 0.504375 0.261944 0.00625 0.00777777 0.0800781
2 0.19875 0.376944 0.009375 0.0238889 0.0797729
0 0.47625 0.261111 0.00625 0.00888889 0.0792236
2 0.265 0.343333 0.00937502 0.0222222 0.0713501
0 0.4125 0.308333 0.015 0.02 0.0675659
0 0.494375 0.261389 0.00500002 0.00833333 0.0673218
0 0.87125 0.333889 0.03 0.02 0.0646362
2 0.0546875 0.424722 0.0209375 0.02 0.064209
0 0.48375 0.258333 0.00625 0.00888889 0.0634766
0 0.412813 0.282222 0.01125 0.0133333 0.0623169
0 0.3975 0.295 0.00874999 0.0155555 0.0607605
3 0.19375 0.373889 0.005 0.0266667 0.0583496
2 0.641406 0.323611 0.00968749 0.0255556 0.058136
0 0.416875 0.285 0.010625 0.0144444 0.0570679
2 0.219375 0.366667 0.0065625 0.0233333 0.0570679
0 0.775 0.331389 0.0275 0.0205555 0.0548096
0 0.370625 0.326111 0.02 0.0188889 0.0541992
2 0.0623438 0.506389 0.0176563 0.045 0.0531921
0 0.39625 0.311667 0.0125 0.02 0.0495911
7 0.145 0.42 0.00374999 0.0144444 0.0484924
0 0.529375 0.269722 0.00750001 0.00999999 0.0479431
2 0.216563 0.373333 0.00812499 0.0244444 0.0465393
0 0.94875 0.334722 0.02125 0.0172222 0.0458679
0 0.8925 0.322778 0.0275 0.0233333 0.0455322
0 0.0102441 0.443333 0.0204883 0.0222222 0.0448608
0 0.381875 0.309444 0.0125 0.02 0.0423889
3 0.265313 0.359444 0.00687499 0.0211111 0.0420837
7 0.7375 0.430556 0.00750001 0.02 0.0414734
0 0.455625 0.315 0.01875 0.0244445 0.0411377
7 0.7525 0.418889 0.00500005 0.02 0.0403748
0 0.432813 0.276111 0.00625 0.00999999 0.0381775
0 0.00349365 0.418611 0.00698731 0.0183333 0.0380249
7 0.00621582 0.543333 0.00442383 0.0188889 0.0370483
0 0.448438 0.262222 0.00812502 0.0116666 0.0368958
0 0.739375 0.322778 0.03625 0.0211111 0.0362244
0 0.426875 0.28 0.009375 0.0133333 0.0348816
7 0.725 0.442778 0.00499999 0.02 0.0306702
7 0.66625 0.353056 0.00374997 0.0127778 0.0304413
2 0.637813 0.324444 0.00812499 0.0244444 0.0296478
7 0.653125 0.325833 0.00499999 0.0172222 0.0288696
7 0.905 0.466944 0.00499999 0.0222223 0.0261536
0 0.72375 0.313889 0.035 0.0227778 0.0255585
7 0.685 0.358889 0.00250003 0.0177778 0.0254669
3 0.203594 0.343333 0.005 0.0211111 0.0227203
0 0.29875 0.340556 0.02 0.02 0.0219421
3 0.86875 0.308889 0.00499999 0.0177778 0.0215302
0 0.39125 0.303611 0.01 0.0161111 0.0205994
2 0.056875 0.425 0.0117188 0.02 0.0204468
2 0.595938 0.305556 0.00875003 0.0233333 0.02034
0 0.450938 0.262778 0.00874999 0.0111111 0.0200958
0 0.514375 0.275 0.00562503 0.01 0.0189056
7 0.74375 0.424444 0.00499999 0.0188889 0.0186157
7 0.755 0.436111 0.00499999 0.0166667 0.0184784
3 0.585625 0.306111 0.00625 0.0244444 0.0164642
0 0.5275 0.278333 0.00874999 0.0122222 0.0163422
3 0.209063 0.347778 0.0046875 0.0233333 0.0162811
0 0.47625 0.362778 0.03 0.0366667 0.0158386
2 0.551875 0.296111 0.01375 0.0166667 0.0146179
2 0.606875 0.306111 0.00875003 0.0233333 0.0140076
0 0.422188 0.292778 0.00812499 0.0133334 0.0136337
0 0.94875 0.340278 0.0275 0.0233333 0.0133743
0 0.395938 0.284444 0.00812499 0.0144444 0.0133286
0 0.916875 0.331667 0.0175 0.0144444 0.0131683
0 0.9375 0.340556 0.03 0.0233333 0.0131683
7 0.923125 0.482778 0.00499999 0.02 0.0131226
0 0.490625 0.268056 0.00500002 0.00944443 0.0131226
7 0.66625 0.361111 0.00499999 0.0155556 0.0130234
2 0.25375 0.33 0.00625 0.0222222 0.0126266
2 0.104531 0.398333 0.0075 0.0188889 0.0123825
2 0.186563 0.370556 0.00812499 0.0227778 0.0121002
7 0.675 0.340278 0.00499999 0.0244444 0.0115051
2 0.50375 0.324444 0.01 0.0266667 0.0113754
0 0.449063 0.263889 0.00749998 0.0133333 0.0113297
3 0.865 0.310556 0.00499999 0.0166667 0.0112915
7 0.915625 0.487222 0.00499999 0.0233333 0.0108185
2 0.046875 0.408333 0.00742188 0.0222222 0.0107346
7 0.71 0.403889 0.00499999 0.0211111 0.0106506
2 0.155625 0.375556 0.0103125 0.0222222 0.0106125
2 0.503125 0.334167 0.020625 0.0272222 0.00997162
2 0.0464063 0.476389 0.005625 0.0227778 0.00989532
0 0.8275 0.326944 0.0275 0.0233333 0.00912476
0 0.0100586 0.428056 0.0201172 0.0255555 0.0086441
7 0.72875 0.405 0.00499999 0.0233333 0.0086441
0 0.89125 0.332222 0.0275 0.02 0.00857544
3 0.689375 0.421111 0.01 0.0511111 0.0078125
2 0.105156 0.389167 0.008125 0.0188889 0.00772476
0 0.408125 0.282222 0.00812499 0.0122222 0.00757599
3 0.186563 0.377222 0.00874999 0.025 0.00748825
2 0.66375 0.284167 0.00750001 0.0188889 0.00743103
0 0.785 0.336667 0.03875 0.0277778 0.00734711
2 0.221563 0.366667 0.009375 0.02 0.00725937
7 0.6725 0.335 0.00750001 0.0244444 0.00695801
7 0.250625 0.385 0.011875 0.0244445 0.00664139
0 0.254688 0.351667 0.016875 0.0222222 0.00658798
0 0.349375 0.300556 0.01125 0.0144444 0.00656509
0 0.95875 0.335556 0.03 0.0233333 0.00651169
0 0.8875 0.322222 0.03 0.0227778 0.00638962
3 0.129688 0.381111 0.00609375 0.0233333 0.00634003
0 0.0472656 0.432222 0.03125 0.0255555 0.00619125
0 0.080625 0.419444 0.0310938 0.0227778 0.00609589
2 0.550625 0.298056 0.00750001 0.0166667 0.00605011
0 0.965625 0.334444 0.03 0.0188889 0.00540543
0 0.125 0.422222 0.034375 0.03 0.00496292
2 0.578125 0.316111 0.009375 0.0155556 0.00473785
0 0.83625 0.338333 0.035 0.0255556 0.00468063
2 0.0257422 0.474444 0.0114844 0.0311111 0.00448608
0 0.00364746 0.409444 0.00729492 0.0211111 0.00434875
0 0.428125 0.272222 0.00812502 0.0105555 0.00431442
0 0.77625 0.313889 0.0375 0.0233333 0.00431442
0 0.29375 0.341111 0.020625 0.02 0.00429916
2 0.5325 0.280556 0.00625 0.0144444 0.0042305
7 0.275 0.352222 0.00437498 0.0133333 0.00416565
2 0.54875 0.296389 0.010625 0.0172222 0.00403976
2 0.475938 0.329444 0.011875 0.0183333 0.00400543
0 0.8975 0.335 0.035 0.02 0.0039444
3 0.214375 0.353333 0.004375 0.0188889 0.00391388
7 0.00389587 0.532222 0.00474731 0.0177778 0.00385475
7 0.478125 0.577778 0.0675 0.153333 0.00382423
0 0.47125 0.268333 0.00499999 0.00888889 0.00362206
0 0.00993652 0.476111 0.0191504 0.0366666 0.00356483
2 0.623438 0.307778 0.00874996 0.0277778 0.00345612
2 0.437813 0.332778 0.01375 0.0211111 0.00345612
0 0.81875 0.320556 0.025 0.02 0.00340271
3 0.688125 0.416667 0.00999997 0.0466667 0.00340271
7 0.566875 0.315833 0.00499999 0.0127778 0.00337601
0 0.955 0.340556 0.0325 0.0244444 0.00322342
3 0.125625 0.388889 0.0046875 0.0155556 0.00322342
2 0.48375 0.329444 0.015 0.02 0.00319672
0 0.0771875 0.421944 0.0340625 0.0238889 0.00293541
3 0.6925 0.437222 0.00750001 0.0744444 0.00293541
0 0.535 0.263889 0.00499999 0.0116667 0.00284576
7 0.0245313 0.535 0.00554688 0.0244444 0.00282288
7 0.3825 0.6 0.079375 0.124444 0.00279999
0 0.30375 0.320556 0.009375 0.0188889 0.00275803
0 0.69625 0.327222 0.0449999 0.0311111 0.0027256
0 0.465625 0.276111 0.00500002 0.00888887 0.00255013
0 0.00812988 0.416111 0.016123 0.0255556 0.00252151
0 0.176836 0.413333 0.0338281 0.0333333 0.00251198
0 0.78375 0.314722 0.0375 0.0233333 0.00246239
3 0.0328906 0.5125 0.00816406 0.0444444 0.00245285
0 0.0132617 0.435556 0.0215234 0.0261111 0.00239754
2 0.114688 0.387222 0.0059375 0.0172222 0.00226021
0 0.0159277 0.440556 0.0205664 0.0194444 0.00219917
7 0.67 0.471667 0.00625 0.0288889 0.00217438
2 0.0434375 0.480556 0.00921875 0.0277777 0.00215721
0 0.175156 0.368889 0.01 0.0216667 0.00213242
0 0.419688 0.308333 0.01375 0.0188889 0.00211525
7 0.5875 0.622222 0.08 0.142222 0.00206757
0 0.107188 0.430556 0.0271875 0.0244444 0.0020504
3 0.180313 0.36 0.00406249 0.0144444 0.00201035
0 0.7825 0.339167 0.0275 0.0272222 0.00189686
3 0.93375 0.518889 0.00999997 0.0388889 0.00188923
7 0.69375 0.36 0.00499999 0.0211111 0.00183105
2 0.532813 0.288889 0.00874999 0.0166667 0.00182438
2 0.865625 0.303333 0.00750001 0.0177778 0.00179577
0 0.97875 0.334444 0.025 0.02 0.00178242
7 0.235625 0.512222 0.00687501 0.0355556 0.00178242
3 0.569688 0.307222 0.00749995 0.0216667 0.00170708
3 0.93375 0.514722 0.00750001 0.0316666 0.0017004
7 0.71625 0.450556 0.00499999 0.0222222 0.00168705
0 0.87 0.339167 0.0325 0.0272222 0.00167465
3 0.0124512 0.518333 0.0108594 0.0355555 0.00157356
7 0.217188 0.480278 0.00687499 0.0261112 0.00154877
7 0.9325 0.472222 0.00874996 0.0388889 0.00145531
0 0.37125 0.348333 0.04625 0.0355556 0.00145531
5 0.319375 0.305 0.02125 0.0388889 0.00142097
0 0.465 0.00125 0.26125 0.0025 0.00142097
2 0.725 0.394444 0.00499999 0.0322222 0.00139904
0 0.934375 0.342778 0.02625 0.0211111 0.00137806
0 0.494688 0.275556 0.00750001 0.00999999 0.00130939
3 0.0233008 0.501667 0.015 0.045 0.00128937
0 0.413125 0.2775 0.01375 0.0216667 0.0012846
2 0.509375 0.331667 0.01875 0.0233333 0.00125504
0 0.0720703 0.415 0.0469531 0.0288889 0.00124454
2 0.618125 0.313333 0.0106249 0.0222222 0.00122547
0 0.232188 0.369167 0.02 0.0227778 0.0012064
5 0.323438 0.299444 0.02 0.0366667 0.00119686
0 0.793125 0.334167 0.0487501 0.02 0.00117874
0 0.475625 0.272778 0.00625 0.0127778 0.00116062
2 0.164219 0.376111 0.016875 0.0244444 0.00116062
7 0.7425 0.429444 0.00750001 0.0222222 0.0011158
3 0.014873 0.478611 0.0126367 0.0338889 0.00109005
0 0.67625 0.310278 0.04375 0.0233333 0.00107288
0 0.230938 0.354167 0.015625 0.02 0.00102425
7 0.7075 0.403333 0.00499999 0.0155556 0.00100422
