0 0.136953 0.560556 0.139844 0.227778 0.952148
0 0.224727 0.577222 0.133672 0.224444 0.94873
0 0.297031 0.377778 0.0921875 0.125556 0.930176
0 0.0316211 0.899444 0.0632422 0.201111 0.918945
0 0.49625 0.190972 0.04875 0.0869445 0.915527
5 0.41875 0.274722 0.06875 0.137778 0.913574
0 0.138359 0.282222 0.0514062 0.0688889 0.895508
0 0.243594 0.367222 0.08625 0.1 0.875977
0 0.0537891 0.418611 0.0647656 0.107222 0.872559
0 0.0960742 0.404444 0.0741016 0.13 0.864258
0 0.27 0.183611 0.039375 0.055 0.848145
7 0.70375 0.200694 0.00750001 0.0247222 0.827637
0 0.200313 0.236528 0.05 0.0613889 0.825684
7 0.74375 0.176111 0.00750001 0.0222222 0.819824
0 0.378125 0.0763889 0.02125 0.0272222 0.817383
7 0.753125 0.16375 0.00625 0.0197222 0.817383
0 0.0343945 0.305556 0.0354297 0.0366667 0.801758
0 0.403125 0.0693056 0.01625 0.0227778 0.786621
7 0.6925 0.184028 0.00750001 0.0241667 0.778809
2 0.0414746 0.349444 0.016582 0.0422222 0.775879
0 0.325312 0.128194 0.025625 0.0375 0.763672
0 0.082832 0.258264 0.0312109 0.03125 0.754883
0 0.469063 0.0679167 0.019375 0.0308333 0.751953
2 0.265625 0.236944 0.040625 0.0572222 0.747559
0 0.84625 0.0790278 0.035 0.0263889 0.744629
0 0.638125 0.0347917 0.03 0.0194444 0.73877
0 0.306563 0.129722 0.024375 0.0325 0.728027
5 0.509063 0.0979167 0.02875 0.0577778 0.725098
0 0.88625 0.0815278 0.03125 0.0252778 0.716797
0 0.485 0.0400694 0.0125 0.0168056 0.713867
0 0.78125 0.0655556 0.035 0.0258333 0.712402
0 0.74625 0.0474306 0.0325 0.0254167 0.682617
0 0.949375 0.0965278 0.0275 0.0222222 0.679199
7 0.7725 0.147361 0.00499999 0.0177778 0.679199
0 0.242188 0.175 0.035625 0.0458333 0.67041
7 0.244844 0.282222 0.0078125 0.025 0.656738
0 0.3525 0.103125 0.02375 0.0315278 0.654785
7 0.0297266 0.380833 0.00507813 0.0188889 0.644043
0 0.76125 0.0595833 0.0375 0.0261111 0.633301
0 0.010293 0.316111 0.0204297 0.0433333 0.633301
7 0.770625 0.129444 0.00499999 0.0172222 0.624512
0 0.299844 0.116944 0.0234375 0.0297222 0.607422
0 0.500625 0.0479167 0.01875 0.0259722 0.602051
2 0.65625 0.0536111 0.01 0.0277778 0.596191
0 0.320625 0.0956944 0.019375 0.0255556 0.596191
0 0.354688 0.07625 0.018125 0.0238889 0.584961
0 0.515625 0.0150694 0.00874999 0.013125 0.57373
0 0.50875 0.0976389 0.02875 0.0569445 0.539062
5 0.426875 0.0514063 0.02 0.0355208 0.529297
7 0.94625 0.219028 0.00499999 0.0194444 0.529297
0 0.254063 0.178194 0.034375 0.0486111 0.525391
0 0.506563 0.0111111 0.00750001 0.0133333 0.498047
0 0.484688 0.0260069 0.01125 0.0136806 0.451416
0 0.492813 0.0111111 0.00812502 0.0138889 0.439697
0 0.4675 0.0530556 0.01625 0.0197222 0.416748
0 0.75625 0.0586806 0.03375 0.0240278 0.403564
3 0.73 0.125139 0.01 0.0505556 0.397949
0 0.33875 0.09625 0.01875 0.0283333 0.394287
0 0.478125 0.0269792 0.01 0.0150694 0.390381
2 0.614375 0.0368056 0.01125 0.0186111 0.368408
0 0.46875 0.0629167 0.01875 0.0288889 0.363037
0 0.485 0.0131944 0.00874999 0.0127083 0.352295
7 0.946875 0.215833 0.00499999 0.0205556 0.350342
0 0.338125 0.0904861 0.01875 0.0223611 0.334473
0 0.395 0.0494444 0.0125 0.0151389 0.320801
0 0.81 0.0719444 0.0325 0.0227778 0.319092
7 0.705 0.0819444 0.00499999 0.0141667 0.319092
7 0.146172 0.219167 0.00390625 0.0144444 0.319092
3 0.224531 0.139306 0.005 0.0225 0.313965
0 0.0120898 0.31 0.0241797 0.0383333 0.305664
7 0.746875 0.127778 0.00499999 0.0188889 0.287842
0 0.0284961 0.282222 0.0258203 0.0266667 0.287842
5 0.0551465 0.273819 0.0426758 0.0534722 0.27832
3 0.0609375 0.285833 0.00625 0.0294444 0.27832
0 0.0327148 0.278056 0.0195703 0.0227778 0.269043
0 0.426875 0.0570833 0.0175 0.0258333 0.262939
0 0.38875 0.0474306 0.01125 0.01625 0.235107
3 0.0181641 0.339444 0.00835938 0.0411111 0.2323
7 0.74625 0.125556 0.00500005 0.0188889 0.223999
0 0.40625 0.0495833 0.0125 0.0151389 0.205566
0 0.965 0.106111 0.025 0.0208333 0.204346
0 0.642344 0.0360069 0.0353125 0.0209028 0.202393
0 0.316563 0.0986111 0.0225 0.0258333 0.196167
0 0.470625 0.04375 0.0125 0.0190278 0.190063
0 0.391875 0.0523611 0.0125 0.0175 0.180054
7 0.7625 0.153611 0.00750001 0.0194444 0.177856
0 0.41375 0.0597222 0.0125 0.0186111 0.177246
0 0.964375 0.109688 0.02625 0.0217361 0.171021
0 0.404375 0.0616667 0.0175 0.0230556 0.168335
2 0.73 0.128854 0.01 0.040625 0.160767
7 0.675 0.0518056 0.00499999 0.0155556 0.154053
0 0.499688 0.0536806 0.02 0.0286111 0.142212
3 0.2325 0.138333 0.00625 0.0255556 0.140381
0 0.00757324 0.283889 0.0151465 0.0266667 0.139893
0 0.0173926 0.288333 0.031582 0.0311111 0.139893
0 0.0779688 0.253611 0.03375 0.0294445 0.133911
0 0.465625 0.0691667 0.01625 0.0288889 0.131226
0 0.496875 0.034375 0.013125 0.0233333 0.127197
3 0.0192773 0.342222 0.0065625 0.0383333 0.123352
3 0.166562 0.196667 0.005 0.0222222 0.122498
0 0.302813 0.128472 0.02375 0.0383333 0.121277
0 0.327188 0.0947917 0.016875 0.0273611 0.12085
0 0.488438 0.0185764 0.00812499 0.0115972 0.120422
3 0.230781 0.138333 0.00687499 0.0266667 0.115173
7 0.18625 0.205556 0.004375 0.0138889 0.107422
0 0.395938 0.0661111 0.014375 0.0244444 0.107056
0 0.51125 0.0163194 0.00750001 0.0123611 0.105591
0 0.304063 0.109861 0.0225 0.0255556 0.104126
3 0.213125 0.1425 0.00531251 0.0180556 0.101929
7 0.254375 0.134444 0.004375 0.0130555 0.100525
7 0.74875 0.128194 0.00499999 0.02 0.100525
0 0.0530859 0.277778 0.0288281 0.0422222 0.0970459
5 0.0525391 0.280278 0.0392969 0.0455556 0.0963745
7 0.0757813 0.296111 0.00515625 0.0166667 0.0957031
7 0.254063 0.2475 0.00874999 0.0477778 0.0953369
7 0.189531 0.200833 0.00406251 0.015 0.0943604
0 0.46125 0.00461806 0.00750001 0.00923611 0.0913696
7 0.165938 0.200833 0.004375 0.0183333 0.0897827
7 0.0846875 0.291667 0.004375 0.0144444 0.085083
0 0.413125 0.0463715 0.0125 0.0183681 0.0847778
0 0.809375 0.0766667 0.03875 0.0254167 0.0847778
0 0.44125 0.0139583 0.00874999 0.0123611 0.0772095
0 0.455625 0.00902778 0.00750001 0.00979167 0.0742188
3 0.220938 0.137917 0.004375 0.0238889 0.0740967
7 0.0703125 0.298333 0.00429688 0.0166667 0.0705566
0 0.42625 0.0250694 0.0125 0.015 0.0663452
0 0.0630469 0.270069 0.0317969 0.03875 0.0618896
5 0.00975098 0.267778 0.019502 0.0311111 0.0596619
0 0.416563 0.0339236 0.010625 0.0163194 0.0568542
0 0.0586328 0.274722 0.0403906 0.0477778 0.0566406
7 0.0277734 0.382222 0.00671875 0.0183333 0.0560303
7 0.75375 0.165833 0.00750001 0.0205556 0.0558167
0 0.0244336 0.295833 0.0231641 0.0338889 0.0531006
3 0.0635938 0.289722 0.00609375 0.0311111 0.0528259
7 0.124844 0.243056 0.003125 0.01 0.0490417
2 0.122344 0.195556 0.00734375 0.0191667 0.0486755
3 0.21 0.153333 0.00625 0.0288889 0.0484924
7 0.167656 0.198611 0.00531249 0.0222222 0.0483093
0 0.499375 0.0352083 0.01625 0.0248611 0.0481262
0 0.735 0.0404167 0.02625 0.0204167 0.0470886
5 0.428438 0.0349653 0.016875 0.0271528 0.0460205
0 0.25625 0.184444 0.0346875 0.0505556 0.0420837
3 0.72875 0.119861 0.00999997 0.0472222 0.0414734
3 0.604375 0.0420833 0.00499999 0.0208333 0.0394897
0 0.498125 0.00576389 0.00812499 0.0115278 0.0379639
0 0.635313 0.0367708 0.0268751 0.0215972 0.0352783
7 0.0551563 0.308889 0.00390625 0.02 0.0339661
3 0.225 0.143333 0.004375 0.0261111 0.0337219
7 0.00332031 0.381667 0.0059082 0.0177778 0.0334778
7 0.246875 0.294444 0.00999999 0.0322222 0.0325928
0 0.34125 0.0805556 0.01375 0.0248611 0.0324707
0 0.7475 0.0525 0.03125 0.0272222 0.0310211
2 0.73125 0.117083 0.01 0.0475 0.0297546
0 0.7825 0.0563194 0.035 0.0223611 0.0294189
7 0.244063 0.136389 0.005 0.0161111 0.0287628
5 0.0110938 0.275278 0.0216406 0.035 0.0275879
7 0.145938 0.214583 0.00375001 0.0172222 0.0269623
2 0.288125 0.11941 0.00812499 0.0228472 0.0267639
3 0.214375 0.148472 0.005 0.0238889 0.026062
2 0.655 0.0518056 0.01 0.0258333 0.0252686
0 0.72875 0.036875 0.0175 0.0191667 0.0241394
2 0.208906 0.144167 0.0121875 0.0208333 0.0235138
3 0.263906 0.115278 0.004375 0.0133333 0.0232391
2 0.0351172 0.268333 0.0107031 0.0233333 0.0229797
3 0.731875 0.135833 0.00999997 0.0552778 0.0228882
3 0.729375 0.0997917 0.00750001 0.0359722 0.0223694
2 0.259063 0.18625 0.0325 0.0513889 0.021698
7 0.269688 0.262778 0.0121875 0.0233333 0.0213623
7 0.7725 0.140972 0.00499999 0.0191667 0.0209656
2 0.608438 0.0373611 0.00999997 0.0201389 0.0197906
7 0.585625 0.0446528 0.00374997 0.0120833 0.0197144
0 0.74125 0.0388715 0.04 0.0230903 0.0194244
0 0.356875 0.07875 0.01875 0.0252778 0.0186157
7 0.00908203 0.375278 0.00394531 0.0133334 0.0181885
2 0.581563 0.0157639 0.010625 0.0138889 0.0180511
7 0.085293 0.262778 0.0116016 0.0344445 0.0178528
0 0.98375 0.113333 0.0125 0.0169444 0.0174408
0 0.50375 0.0835417 0.02 0.0394444 0.0174408
3 0.123125 0.20625 0.00625 0.0288889 0.0172424
0 0.0500781 0.288333 0.0278906 0.0322222 0.0170441
0 0.910625 0.0964583 0.035 0.0256944 0.0166626
2 0.885 0.0679167 0.00749995 0.0161111 0.0165863
0 0.43875 0.013125 0.009375 0.0134028 0.0165253
7 0.0459375 0.368889 0.0107031 0.0211111 0.0155411
0 0.88625 0.0863889 0.0325 0.0308333 0.0145569
7 0.169063 0.228333 0.0075 0.02 0.0141754
7 0.95625 0.267222 0.00499999 0.02 0.014061
0 0.85 0.0769444 0.035 0.0272222 0.0137939
2 0.885 0.0540278 0.00500005 0.0175 0.0137405
0 0.80125 0.0633333 0.0275 0.0241667 0.0137405
3 0.115938 0.211667 0.00421875 0.0177778 0.0136871
0 0.07125 0.269167 0.0171875 0.0394444 0.0133743
2 0.207188 0.147778 0.009375 0.0227778 0.0131226
0 0.367188 0.0720833 0.0125 0.0222222 0.0129242
0 0.90375 0.0951389 0.0275 0.025 0.0124817
7 0.252188 0.257292 0.014375 0.0309722 0.0123367
7 0.255938 0.272222 0.008125 0.0316666 0.0122375
7 0.135859 0.24375 0.00421875 0.0102778 0.0120087
7 0.0654688 0.305556 0.005 0.02 0.011734
5 0.0120483 0.262778 0.0159424 0.025 0.0116882
7 0.124844 0.225833 0.0034375 0.0127778 0.0116425
7 0.675 0.0798611 0.00375004 0.0122222 0.0113754
7 0.595625 0.0459028 0.00375004 0.0129167 0.0109863
3 0.105781 0.205972 0.005 0.0152778 0.00989532
0 0.96375 0.0998611 0.03 0.0225 0.00963593
7 0.69125 0.0525 0.00250003 0.0125 0.00952148
3 0.0221436 0.337778 0.0137598 0.0477778 0.00812531
3 0.116563 0.2225 0.00484375 0.0216667 0.00803375
0 0.94625 0.0923611 0.0275 0.0241667 0.00790405
5 0.0601563 0.264167 0.0432812 0.05 0.0077858
7 0.67125 0.050625 0.00500005 0.0154167 0.00734711
0 0.94 0.0929167 0.03 0.0222222 0.00734711
0 0.440938 0.0469271 0.0125 0.0197569 0.00717545
0 0.97125 0.105278 0.0325 0.0205556 0.00666809
0 0.0904688 0.2625 0.015 0.0355555 0.00651169
0 0.46375 0.00722222 0.00812499 0.0105556 0.00643921
3 0.8875 0.0613889 0.00750001 0.0208333 0.00634003
7 0.265625 0.263819 0.00875001 0.0401389 0.00621796
2 0.570312 0.0227083 0.00687504 0.0130556 0.00616837
0 0.95 0.105556 0.02875 0.0325 0.00612259
3 0.610625 0.045 0.00562503 0.0247222 0.00605011
0 0.900625 0.0908333 0.0300001 0.0197222 0.0055542
0 0.64875 0.0396007 0.01375 0.0202431 0.00551224
7 0.140781 0.218333 0.004375 0.0161111 0.00547028
0 0.375 0.0613889 0.01625 0.0233333 0.00542831
3 0.729375 0.134167 0.00999997 0.0588889 0.00538635
5 0.00943359 0.252292 0.0188672 0.0376389 0.00524139
0 0.4075 0.0350694 0.00874999 0.0163889 0.00521851
0 0.208125 0.219722 0.035625 0.05 0.0050621
0 0.47875 0.0152083 0.00874999 0.0125 0.00494385
3 0.196719 0.156667 0.00499999 0.0183333 0.00475693
0 0.99625 0.12 0.00749995 0.0244444 0.00471878
7 0.250313 0.13375 0.005 0.0205556 0.00468063
2 0.578438 0.0159722 0.0125 0.0149306 0.00453949
3 0.109063 0.204583 0.005 0.0208333 0.00446701
3 0.136328 0.189167 0.00546875 0.0188889 0.00443268
7 0.1175 0.283056 0.0090625 0.0288889 0.00443268
0 0.44125 0.0234722 0.01 0.01625 0.00426483
7 0.238438 0.285 0.00874999 0.0255556 0.00416565
2 0.285938 0.103819 0.00500002 0.0156944 0.00413513
7 0.0318555 0.383333 0.00832031 0.0244444 0.00391388
7 0.706875 0.0716667 0.00499999 0.0194444 0.00388527
7 0.700625 0.078125 0.00499999 0.0173611 0.00382423
7 0.77875 0.146111 0.00750001 0.0194444 0.00374985
7 0.105 0.261667 0.006875 0.02 0.00370789
3 0.695625 0.0314583 0.00375004 0.0113889 0.00365067
7 0.115 0.261944 0.00437501 0.0161111 0.00358009
7 0.56375 0.0261806 0.00499999 0.0113889 0.00348282
3 0.184063 0.173472 0.004375 0.0197222 0.00345612
3 0.165313 0.211944 0.00562501 0.03 0.00322342
3 0.710625 0.131389 0.00999997 0.0388889 0.0029583
0 0.890625 0.0858333 0.035 0.025 0.00279999
7 0.693125 0.0768056 0.00500005 0.0141667 0.00275803
7 0.690625 0.0838889 0.00375004 0.0172222 0.00251198
0 0.138594 0.268611 0.0453125 0.0422222 0.00247192
3 0.144922 0.193056 0.00390625 0.0238889 0.00239754
7 0.155781 0.209167 0.0034375 0.0116667 0.00239754
7 0.945 0.228472 0.00499999 0.0311111 0.00237846
0 0.476875 0.0623611 0.02375 0.0280556 0.00232315
0 0.375625 0.0479167 0.009375 0.0116667 0.00230598
0 0.99625 0.0625694 0.00749995 0.0277778 0.00228691
3 0.269219 0.0977083 0.00593751 0.0259722 0.00228691
7 0.675 0.0556944 0.00499999 0.0202778 0.00225258
7 0.695625 0.0516667 0.00499999 0.0145833 0.00219917
7 0.264688 0.136667 0.00562501 0.0138889 0.00216484
3 0.0223047 0.342222 0.00980469 0.0455556 0.00214005
2 0.61125 0.02875 0.00750001 0.0241667 0.00205803
3 0.73 0.163056 0.02 0.103333 0.00203514
7 0.70875 0.0826389 0.00625 0.0222222 0.00200272
3 0.224063 0.13 0.00562499 0.03 0.00198746
0 0.473438 0.0267361 0.015 0.0293056 0.00192642
2 0.71625 0.0351389 0.00499999 0.0169444 0.00179577
3 0.81375 0.0533333 0.00750001 0.0195833 0.00175476
0 0.96375 0.117917 0.04 0.0358333 0.00171375
0 0.0795313 0.247222 0.0373438 0.0438889 0.00168705
3 0.265938 0.107431 0.00625002 0.0193056 0.00163555
2 0.0779688 0.233889 0.0117188 0.0305556 0.00163555
5 0.0242188 0.269444 0.0191016 0.0277778 0.00162315
7 0.94125 0.213611 0.00500005 0.0205556 0.00160408
0 0.495625 0.17625 0.04375 0.0602778 0.00158501
7 0.0511719 0.373889 0.0121875 0.0255555 0.00157928
3 0.184375 0.155972 0.005 0.0280556 0.00156116
3 0.129688 0.199028 0.00546875 0.0213889 0.00153065
0 0.245625 0.188333 0.04 0.05 0.00148964
7 0.273125 0.27 0.00750001 0.03 0.00148964
7 0.69375 0.0636806 0.00375004 0.0123611 0.00141621
7 0.193125 0.207917 0.008125 0.0213889 0.00141621
2 0.645 0.0180556 0.00999997 0.0220833 0.00141048
3 0.17 0.162222 0.00625 0.0244445 0.00140476
0 0.088457 0.238333 0.0193359 0.0394445 0.00139904
3 0.9475 0.221944 0.00749995 0.0266667 0.00139427
0 0.489063 0.1675 0.033125 0.0413889 0.00137806
0 0.71 0.0490972 0.0225 0.0223611 0.00134087
7 0.7725 0.127083 0.00625 0.0213889 0.00131989
3 0.835 0.0444444 0.00749995 0.0195833 0.00130463
7 0.274375 0.136111 0.0046875 0.0147222 0.00126934
0 0.885625 0.0747222 0.02625 0.0222222 0.00124931
0 0.793125 0.0545833 0.03375 0.0255556 0.00124454
2 0.745625 0.114861 0.00750001 0.0452778 0.00124454
0 0.99625 0.0719444 0.00749995 0.0355556 0.00118828
