0 0.213477 0.598333 0.139922 0.241111 0.95752
0 0.0789063 0.908333 0.15375 0.182222 0.952637
0 0.113145 0.604583 0.128398 0.2175 0.950195
0 0.297656 0.369167 0.0946875 0.135 0.948242
0 0.587813 0.215694 0.073125 0.141389 0.930664
0 0.2275 0.377778 0.095625 0.127778 0.927734
0 0.499375 0.243333 0.055 0.0888889 0.92627
0 0.0925 0.405 0.0753125 0.123333 0.920898
0 0.424375 0.226667 0.054375 0.0894444 0.91748
0 0.235625 0.222222 0.0478125 0.0627778 0.91748
0 0.63875 0.181389 0.05125 0.0761111 0.911133
0 0.4475 0.142778 0.03375 0.05 0.891113
0 0.540938 0.0885417 0.028125 0.0404167 0.890137
0 0.505313 0.124167 0.03375 0.0486111 0.879883
0 0.171406 0.238472 0.0421875 0.0563889 0.873047
0 0.0936133 0.250278 0.0349609 0.0355555 0.869629
0 0.531875 0.0263194 0.0125 0.0166667 0.868652
0 0.0943945 0.330556 0.0499609 0.0755556 0.868164
0 0.252813 0.16 0.0325 0.0408333 0.861328
0 0.0214258 0.914445 0.0426172 0.166667 0.86084
0 0.292813 0.131806 0.0278125 0.0355556 0.859863
0 0.505 0.0803472 0.0225 0.0306944 0.855957
0 0.516563 0.03875 0.015 0.0188889 0.848145
0 0.556875 0.046684 0.02125 0.0257986 0.848145
0 0.494375 0.0299306 0.0125 0.0154167 0.844727
0 0.491875 0.0616667 0.01875 0.0263889 0.841797
0 0.3125 0.132917 0.028125 0.0388889 0.841797
2 0.91625 0.2525 0.0175001 0.0705556 0.837402
0 0.370625 0.0808333 0.02 0.0308333 0.829102
0 0.400938 0.0636111 0.016875 0.0226389 0.824219
0 0.336875 0.107153 0.02375 0.0293056 0.823242
0 0.257188 0.122778 0.029375 0.0272222 0.817383
0 0.75625 0.0647222 0.03875 0.0236111 0.810547
0 0.309219 0.0915278 0.02 0.0219444 0.785156
7 0.255938 0.265 0.008125 0.0233333 0.78418
0 0.286563 0.103056 0.020625 0.0241667 0.778809
0 0.455313 0.103194 0.026875 0.0419444 0.778809
0 0.0357227 0.303889 0.0340234 0.0422222 0.774414
0 0.00817383 0.323889 0.0163281 0.0277778 0.764648
7 0.743125 0.172778 0.00625 0.0208333 0.751953
0 0.421563 0.0589583 0.015 0.0223611 0.746094
0 0.388125 0.0479167 0.011875 0.0169444 0.744629
0 0.73375 0.0594444 0.03375 0.0244444 0.744629
2 0.0399219 0.347222 0.0171875 0.04 0.741699
7 0.2425 0.281111 0.008125 0.0227778 0.73584
0 0.905 0.0873611 0.0275 0.0222222 0.699219
0 0.459375 0.0740278 0.020625 0.0302778 0.689453
0 0.0239014 0.303333 0.0279004 0.0344445 0.682617
0 0.81625 0.0670833 0.035 0.025 0.677246
0 0.939375 0.0949306 0.02625 0.0223611 0.67041
7 0.75125 0.160972 0.00499999 0.0191667 0.662109
0 0.36875 0.0670833 0.01625 0.0194444 0.660156
0 0.504063 0.0245833 0.009375 0.0159028 0.647949
0 0.430625 0.0490278 0.01125 0.0213889 0.645996
0 0.338125 0.0816667 0.0225 0.0302778 0.633301
0 0.48625 0.0153819 0.00812499 0.0128472 0.616699
0 0.0580469 0.278889 0.0323438 0.0311111 0.605957
0 0.514375 0.0132986 0.009375 0.0153472 0.604004
5 0.465313 0.0464063 0.018125 0.0344097 0.600098
0 0.0506348 0.276111 0.030293 0.03 0.592773
0 0.86 0.0797222 0.0362501 0.0247222 0.57959
7 0.0268164 0.379722 0.0053125 0.0183333 0.577637
7 0.944375 0.215 0.00500005 0.0191667 0.560059
7 0.70375 0.0794444 0.00374997 0.0125 0.542969
0 0.00322754 0.467222 0.00645508 0.0777778 0.535156
0 0.50375 0.0103819 0.00812502 0.0115278 0.519531
2 0.72875 0.117917 0.00999997 0.0447222 0.516602
2 0.615313 0.0244792 0.00562503 0.0140278 0.496094
2 0.154531 0.199583 0.0101563 0.025 0.478516
7 0.74375 0.124444 0.00499999 0.0158333 0.457031
7 0.944375 0.21875 0.00500005 0.0197222 0.453369
0 0.400625 0.0439583 0.011875 0.0183333 0.439697
2 0.192813 0.17625 0.0134375 0.0277778 0.42627
0 0.412188 0.0509722 0.0125 0.0172222 0.413086
0 0.49625 0.0515278 0.01625 0.0240278 0.403564
7 0.7675 0.129722 0.00499999 0.0172222 0.398926
0 0.410625 0.0566667 0.0125 0.0205556 0.373779
7 0.70125 0.19875 0.00750001 0.0252778 0.352295
0 0.0467578 0.278889 0.0285156 0.0327778 0.338135
0 0.416875 0.0287153 0.00750001 0.0117361 0.332764
0 0.398125 0.03375 0.01 0.0141667 0.325928
2 0.137656 0.195278 0.00687501 0.0211111 0.317383
2 0.232813 0.136111 0.00625 0.02 0.315674
2 0.160938 0.190972 0.0109375 0.0283333 0.310791
2 0.1575 0.196944 0.0090625 0.0272222 0.305664
0 0.50875 0.0182639 0.00750001 0.0126389 0.303223
7 0.65125 0.0527778 0.00250003 0.0105556 0.297363
7 0.670625 0.0523611 0.00375004 0.0105556 0.293457
0 0.368438 0.0604167 0.015 0.0180556 0.291016
0 0.0191016 0.302778 0.0239453 0.0322222 0.26123
7 0.75375 0.157778 0.00499999 0.0180556 0.259766
0 0.408125 0.0276389 0.010625 0.0120833 0.243652
7 0.0280078 0.380556 0.00492188 0.0188889 0.241455
0 0.420938 0.0501389 0.011875 0.0172222 0.240723
7 0.0757813 0.293056 0.00375 0.0122222 0.229492
2 0.177188 0.166667 0.00906251 0.0227778 0.226807
2 0.0979688 0.210833 0.00734375 0.0172222 0.225464
0 0.424375 0.03 0.00874999 0.0116667 0.224731
7 0.254844 0.266389 0.00906251 0.025 0.223999
0 0.489375 0.0179861 0.00999997 0.0122222 0.21936
3 0.23 0.133611 0.00562501 0.0219444 0.213989
0 0.3925 0.0461111 0.01 0.0186111 0.213379
7 0.745 0.127778 0.00499999 0.0177778 0.212036
2 0.183438 0.170556 0.00625 0.0241667 0.199341
0 0.49375 0.0113194 0.00625 0.0123611 0.194336
7 0.94125 0.2175 0.00500005 0.02 0.182373
7 0.065625 0.298889 0.00453125 0.0155555 0.180664
2 0.61 0.0243056 0.00999997 0.0145139 0.172729
0 0.435938 0.0267361 0.00749998 0.0119444 0.165039
0 0.325312 0.103681 0.018125 0.02875 0.163452
3 0.170156 0.164167 0.00625 0.0205556 0.162354
3 0.113438 0.199583 0.00593751 0.0191667 0.160278
0 0.408125 0.0248958 0.00999997 0.0128472 0.154541
0 0.444375 0.0120833 0.00625 0.00944445 0.151489
0 0.0252295 0.2975 0.0236816 0.0305556 0.14856
0 0.74375 0.0629167 0.045 0.0261111 0.147583
0 0.45875 0.0722222 0.015 0.0263889 0.140869
2 0.0425391 0.349444 0.0107031 0.04 0.137085
0 0.80875 0.0686111 0.0375 0.0241667 0.136597
0 0.196563 0.172917 0.023125 0.0286111 0.136597
7 0.655 0.0491667 0.00249996 0.00916667 0.134766
0 0.861875 0.0741667 0.0325 0.0204167 0.12854
0 0.39125 0.0486111 0.0125 0.0177778 0.126831
7 0.766875 0.131806 0.00499999 0.0152778 0.124634
7 0.595 0.0459028 0.00374997 0.0122222 0.124207
0 0.0424902 0.293889 0.035957 0.0366667 0.124207
7 0.70125 0.0780556 0.00499999 0.0169444 0.123779
0 0.49875 0.00517361 0.00750001 0.0103472 0.113953
7 0.753125 0.161667 0.00625 0.0211111 0.107422
0 0.429063 0.021875 0.00750001 0.0113889 0.105591
2 0.19 0.172222 0.00874999 0.0275 0.104126
2 0.605938 0.0245833 0.009375 0.0158333 0.10376
2 0.115156 0.194167 0.011875 0.0216667 0.0994873
3 0.164844 0.199444 0.005 0.0261111 0.0991211
3 0.139375 0.202222 0.00718749 0.0311111 0.0953369
5 0.436875 0.013125 0.00625 0.0111111 0.0917358
2 0.175938 0.160833 0.0075 0.0227778 0.0789185
0 0.371875 0.0758333 0.02125 0.0275 0.0765381
7 0.144375 0.219861 0.00390625 0.0141667 0.0758667
0 0.305 0.129861 0.0296875 0.0402778 0.0725098
2 0.205 0.154722 0.0059375 0.0205556 0.0705566
0 0.00372559 0.476944 0.00745117 0.0961111 0.0682983
2 0.0978125 0.209444 0.0103125 0.025 0.0622253
0 0.0507031 0.271667 0.0258594 0.0255556 0.0585632
2 0.138281 0.198611 0.00765624 0.0255555 0.0534058
7 0.215156 0.154444 0.004375 0.0127778 0.0483093
7 0.253594 0.263889 0.0103125 0.0244444 0.0456848
2 0.165625 0.176944 0.01125 0.0277778 0.0440063
3 0.165 0.158472 0.00531251 0.0197222 0.042572
2 0.73125 0.114444 0.0125 0.0452778 0.041626
7 0.68625 0.0788889 0.00499999 0.0116667 0.0405273
0 0.0343945 0.290556 0.0308984 0.0333333 0.0405273
0 0.46625 0.0477083 0.01875 0.0333333 0.0397949
3 0.00512817 0.379444 0.0077124 0.0244445 0.0375977
7 0.95375 0.270833 0.00500005 0.02 0.0347595
0 0.96 0.105764 0.015 0.0168056 0.0344849
0 0.845625 0.0779861 0.02625 0.0215278 0.0343628
7 0.0844531 0.291944 0.004375 0.015 0.0332031
0 0.5025 0.129167 0.031875 0.0469444 0.0327759
0 0.85625 0.0770833 0.035 0.0277778 0.0317383
0 0.00378906 0.278333 0.00757813 0.0244444 0.03125
2 0.190156 0.178889 0.01375 0.0330556 0.0297546
0 0.453125 0.00888889 0.00625 0.00791667 0.0283356
7 0.76625 0.126111 0.00499999 0.0183333 0.0248871
2 0.145156 0.211111 0.0046875 0.0216667 0.0246124
0 0.116563 0.1925 0.015625 0.025 0.0245209
3 0.122813 0.217778 0.00515625 0.0230555 0.0231476
7 0.77375 0.147361 0.00499999 0.0152778 0.0222015
0 0.0477734 0.273333 0.0285156 0.03 0.0217743
0 0.74 0.055625 0.04 0.0231944 0.0210419
7 0.58625 0.0455556 0.00375004 0.0105556 0.02034
7 0.0682813 0.298333 0.00640625 0.0188889 0.0190125
7 0.690625 0.186667 0.00625 0.0238889 0.018692
0 0.97125 0.107083 0.015 0.0177778 0.0184021
0 0.925 0.0906944 0.02 0.0213889 0.0183411
0 0.0560156 0.3 0.00890625 0.0322222 0.0181885
2 0.72625 0.0352083 0.00499999 0.0156944 0.0179138
0 0.0552441 0.270556 0.031543 0.0266667 0.0177155
2 0.584375 0.0160764 0.00625 0.0161806 0.0171051
2 0.0039209 0.378889 0.00758789 0.03 0.0163422
0 0.552188 0.0208333 0.01625 0.0159722 0.0157776
7 0.183906 0.203889 0.00562499 0.0133333 0.0149002
2 0.92375 0.245278 0.00999997 0.0722222 0.0135345
2 0.0108398 0.272222 0.0103906 0.02 0.0134277
0 0.90375 0.0824306 0.0275 0.0245833 0.0127716
7 0.238125 0.287222 0.0078125 0.0222222 0.0127258
3 0.194688 0.155833 0.00687501 0.0283333 0.0110321
3 0.184375 0.161667 0.005 0.0222222 0.0108566
0 0.945 0.100208 0.0225 0.0206944 0.0107346
0 0.0401953 0.278333 0.0298438 0.0316667 0.0106125
0 0.995625 0.123889 0.00874996 0.0216667 0.0104523
0 0.97625 0.113576 0.015 0.0184028 0.00985718
3 0.586563 0.0263542 0.00499999 0.0171528 0.00959778
7 0.665 0.0479861 0.00250003 0.0075 0.00959778
0 0.33875 0.0911806 0.025 0.0415278 0.00955963
2 0.57375 0.0260417 0.00499999 0.0143056 0.00948334
7 0.67375 0.0502083 0.00249996 0.01 0.00908661
0 0.0881055 0.39 0.0666016 0.0955556 0.00871277
0 0.374375 0.0526389 0.01 0.0151389 0.00861359
2 0.0131738 0.263889 0.00732422 0.0155556 0.00861359
2 0.219844 0.219722 0.02 0.05 0.00847626
0 0.113438 0.1925 0.0228125 0.0266667 0.00844574
3 0.715 0.173889 0.00749995 0.0722222 0.00844574
0 0.167813 0.179722 0.02875 0.0366667 0.00841522
7 0.690625 0.0541667 0.00375004 0.0102778 0.00841522
2 0.883125 0.0527778 0.00625 0.0172222 0.00837708
0 0.0104272 0.274167 0.0121533 0.0205556 0.008255
2 0.5875 0.0210764 0.00625 0.0136806 0.00812531
0 0.449375 0.0165972 0.00625 0.0132639 0.00809479
3 0.234063 0.125694 0.004375 0.0205556 0.00796509
3 0.92375 0.225972 0.00750001 0.0469445 0.00784302
0 0.424063 0.0148611 0.00625 0.0105556 0.00757599
0 0.7675 0.0683333 0.0475 0.0233333 0.00757599
7 0.0651172 0.304444 0.0046875 0.0211111 0.00737381
7 0.76375 0.149167 0.00499999 0.0161111 0.0068512
0 0.459688 0.00458333 0.00625 0.00916667 0.00658798
0 0.46625 0.0540278 0.01875 0.0269444 0.0064888
7 0.74875 0.125417 0.00499999 0.0183333 0.0064888
2 0.13375 0.178611 0.00625001 0.0194444 0.00638962
3 0.88375 0.0601389 0.00499999 0.0175 0.00624084
5 0.00449707 0.270556 0.00899414 0.0266667 0.00584412
2 0.216563 0.218333 0.014375 0.0433333 0.00572968
2 0.226406 0.134028 0.0046875 0.0225 0.00570679
0 0.965 0.111632 0.02 0.0211805 0.00561905
7 0.68625 0.183194 0.00499999 0.0219445 0.00559998
7 0.115156 0.225972 0.0040625 0.0125 0.00559998
3 0.89 0.0611111 0.00499999 0.0215278 0.00547028
0 0.99625 0.13375 0.00749995 0.0269444 0.0053215
0 0.80125 0.06 0.0375 0.0244444 0.00524139
0 0.334375 0.0873611 0.02375 0.0241667 0.0050621
0 0.0219336 0.245556 0.0154297 0.0188889 0.00446701
3 0.275 0.0881944 0.00562499 0.0191667 0.00443268
7 0.953125 0.268333 0.00499999 0.02 0.00443268
2 0.7975 0.0732639 0.0125 0.0269444 0.00419998
0 0.0920313 0.215 0.0196875 0.0233333 0.00416565
0 0.004104 0.421944 0.00817871 0.055 0.00397491
0 0.201563 0.177778 0.0134375 0.0311111 0.0039444
0 0.429375 0.0561806 0.013125 0.0206944 0.00388527
7 0.6925 0.186389 0.00750001 0.0211111 0.00388527
7 0.0515625 0.347778 0.00984375 0.0333333 0.00359344
7 0.0842188 0.281111 0.005625 0.0166667 0.00345612
0 0.010293 0.465556 0.0205859 0.0844445 0.00345612
0 0.45625 0.0593056 0.0225 0.0313889 0.00332451
7 0.700625 0.199444 0.00875003 0.0383333 0.00331116
7 0.951875 0.27 0.00499999 0.0205556 0.00329781
3 0.20875 0.156944 0.00687501 0.0222222 0.00327301
2 0.20375 0.143056 0.00687501 0.0194444 0.00322342
0 0.98125 0.117222 0.015 0.0180556 0.00321007
0 0.36875 0.0549306 0.011875 0.0183333 0.00318527
0 0.976875 0.106389 0.02 0.0205556 0.00317192
7 0.1675 0.193889 0.0090625 0.0247222 0.00311089
0 0.00545898 0.342222 0.0104102 0.0511111 0.00299263
0 0.6525 0.198611 0.0225 0.0422222 0.00294685
7 0.175938 0.208194 0.00562499 0.0122222 0.00284576
0 0.0953906 0.219167 0.013125 0.0205556 0.00281143
2 0.0460156 0.244444 0.0075 0.0166667 0.00277901
0 0.559375 0.0346528 0.015 0.0175 0.00265312
7 0.227188 0.378889 0.093125 0.126667 0.00264168
3 0.0505469 0.236944 0.0133594 0.0241667 0.00263214
0 0.164688 0.183889 0.02125 0.0305556 0.00250244
3 0.270313 0.0941667 0.00812502 0.0191667 0.00247192
0 0.94125 0.0920833 0.0275 0.0247222 0.00245285
2 0.73375 0.0352083 0.00749995 0.0170833 0.0024147
2 0.0540625 0.245278 0.00984375 0.0166667 0.0024147
3 0.96875 0.165972 0.00750001 0.0291667 0.0024147
3 0.214063 0.140278 0.004375 0.015 0.00235939
0 0.95625 0.109722 0.02 0.0261111 0.00229645
3 0.0630469 0.227917 0.00710938 0.0161111 0.00225258
2 0.314688 0.0693056 0.00687501 0.02125 0.00216484
7 0.586875 0.215694 0.0725 0.140278 0.00214005
0 0.72625 0.0563889 0.0375 0.0197222 0.00209045
0 0.279688 0.110868 0.015 0.0254861 0.00208282
0 0.93875 0.105556 0.0275 0.0361111 0.00205803
7 0.64625 0.0481944 0.00250003 0.00763889 0.00201988
0 0.55625 0.0389583 0.020625 0.0254167 0.00191212
0 0.0632031 0.270278 0.0323438 0.0261111 0.00188255
3 0.00591797 0.378889 0.00982422 0.03 0.00187492
0 0.1675 0.233889 0.0334375 0.0461111 0.00182438
7 0.135625 0.225 0.0028125 0.00944444 0.0018177
3 0.71625 0.170278 0.015 0.0772222 0.00173378
2 0.876875 0.051875 0.00750001 0.0193056 0.00168705
2 0.78375 0.0525 0.00749995 0.0216667 0.00162315
3 0.715 0.0752083 0.00500005 0.0263889 0.00162315
5 0.0040918 0.251042 0.00818359 0.0334722 0.00152493
3 0.17875 0.15375 0.009375 0.0275 0.00144386
2 0.69375 0.0473611 0.00499999 0.0119444 0.00141048
7 0.184375 0.331944 0.0075 0.0227778 0.00139904
0 0.457813 0.0963195 0.03 0.0393056 0.00139427
0 0.00437988 0.485556 0.00875977 0.12 0.00138855
2 0.133281 0.194444 0.010625 0.0216667 0.00138283
7 0.0953125 0.265625 0.006875 0.0309722 0.00134563
3 0.0553125 0.228333 0.00578125 0.0175 0.00132465
7 0.80625 0.566111 0.00499999 0.0133334 0.00124931
2 0.195 0.184444 0.018125 0.0344444 0.00124931
0 0.539375 0.00512153 0.00687504 0.0102431 0.00122547
3 0.705625 0.0461806 0.00374997 0.0131944 0.00121593
0 0.299688 0.09125 0.019375 0.0213889 0.0012064
0 0.418125 0.0654167 0.01625 0.0263889 0.00112057
3 0.267188 0.107153 0.00875001 0.0218056 0.0011158
0 0.85875 0.0651389 0.0375 0.0275 0.00111198
