0 0.469375 0.878889 0.1275 0.24 0.956543
0 0.67875 0.892778 0.1625 0.214444 0.953613
0 0.281406 0.897222 0.157813 0.205555 0.95166
0 0.240625 0.72 0.12 0.166667 0.941406
0 0.58625 0.621667 0.08125 0.123333 0.938965
0 0.666875 0.569444 0.08375 0.118889 0.936523
0 0.375 0.623889 0.0825 0.125556 0.936523
0 0.218125 0.598333 0.080625 0.11 0.935059
0 0.483438 0.575 0.06875 0.117778 0.932617
0 0.208281 0.457778 0.0640625 0.0744445 0.879883
0 0.605 0.338889 0.04375 0.04 0.877441
0 0.380938 0.362778 0.045625 0.0311111 0.873047
0 0.449063 0.361667 0.05 0.04 0.873047
0 0.246875 0.398333 0.04375 0.035 0.870605
0 0.728125 0.325278 0.0375 0.025 0.868164
5 0.0662891 0.399167 0.0371094 0.0505556 0.868164
0 0.0115527 0.465556 0.0229883 0.0322222 0.859863
0 0.124063 0.389444 0.033125 0.0366667 0.854004
0 0.0375781 0.4425 0.035 0.035 0.844727
0 0.36625 0.325278 0.0175 0.0227778 0.822266
0 0.78 0.328889 0.035 0.0205556 0.785156
7 0.234531 0.503611 0.00656249 0.0216667 0.785156
0 0.204063 0.404444 0.044375 0.0333333 0.777344
0 0.325 0.335 0.01875 0.0211111 0.759277
0 0.347188 0.328333 0.016875 0.0211111 0.737305
7 0.925 0.459167 0.00499999 0.015 0.73584
7 0.0233594 0.528333 0.00519531 0.0155555 0.72168
3 0.636563 0.442778 0.010625 0.06 0.720215
7 0.666875 0.464444 0.00625 0.0227778 0.720215
2 0.543125 0.337222 0.0175001 0.0266667 0.716797
7 0.6775 0.479722 0.00749995 0.0233333 0.692871
7 0.75 0.415 0.00499999 0.0166667 0.67041
2 0.605 0.312222 0.01125 0.0188889 0.660156
0 0.345 0.36 0.045 0.0338889 0.660156
7 0.221875 0.517778 0.0075 0.0227778 0.65332
0 0.37875 0.316944 0.01375 0.0194444 0.640625
0 0.385938 0.312778 0.013125 0.0188889 0.640625
0 0.41125 0.313889 0.015 0.0233333 0.631836
0 0.3425 0.311667 0.0125 0.0144444 0.609375
0 0.485 0.283333 0.00874999 0.0133333 0.584961
2 0.2275 0.361667 0.00687501 0.0222222 0.583008
7 0.74625 0.399444 0.00374997 0.0155555 0.556641
2 0.591875 0.312778 0.00999997 0.02 0.552734
7 0.72875 0.438056 0.00625 0.02 0.544922
0 0.31 0.331389 0.018125 0.0283333 0.542969
7 0.72375 0.4 0.00499999 0.0166667 0.515625
0 0.387188 0.308889 0.011875 0.0188889 0.493164
2 0.53875 0.326667 0.013125 0.0233333 0.482422
5 0.90875 0.326111 0.0375 0.0233333 0.453369
0 0.36625 0.305278 0.01125 0.0155555 0.439697
2 0.8 0.316111 0.01125 0.0188889 0.422607
7 0.738125 0.425 0.00499999 0.02 0.405518
5 0.345938 0.36 0.048125 0.0344445 0.403564
7 0.92375 0.466111 0.00499999 0.0166667 0.395996
0 0.34 0.313889 0.0125 0.0161111 0.370117
0 0.366563 0.317778 0.014375 0.02 0.352295
0 0.916875 0.326389 0.02375 0.0194444 0.350342
2 0.536875 0.322222 0.01 0.0222222 0.334473
0 0.355 0.315 0.011875 0.0177778 0.331055
7 0.68375 0.353056 0.00374997 0.0133334 0.313965
0 0.327188 0.32 0.015 0.0166667 0.309082
7 0.145781 0.416389 0.0034375 0.0122222 0.297363
0 0.365625 0.298333 0.01 0.0105556 0.265869
0 0.419688 0.285833 0.00812499 0.0161111 0.24585
7 0.125938 0.420833 0.0040625 0.0105555 0.243652
0 0.43 0.272778 0.00625 0.00999999 0.243652
0 0.414375 0.276111 0.00750001 0.00999999 0.23938
7 0.7375 0.427778 0.00499999 0.0188889 0.225464
0 0.394375 0.308889 0.0125 0.0166667 0.20813
7 0.0642969 0.472222 0.004375 0.0127778 0.197388
0 0.374375 0.300556 0.01 0.0133333 0.195557
0 0.38625 0.292778 0.009375 0.015 0.193115
0 0.326563 0.330556 0.019375 0.0233333 0.191284
0 0.505313 0.260556 0.00375001 0.00777777 0.184204
0 0.38 0.287222 0.00750001 0.0122222 0.166626
0 0.3525 0.306667 0.01125 0.0133334 0.16394
0 0.905 0.326111 0.0325 0.0222222 0.160278
7 0.65375 0.328333 0.00374997 0.0111111 0.144653
3 0.63625 0.442222 0.015 0.0616667 0.144165
0 0.4275 0.279722 0.00750001 0.0105555 0.124634
7 0.74375 0.420556 0.00499999 0.015 0.124634
0 0.508438 0.266389 0.00562499 0.00888887 0.121704
0 0.48375 0.262778 0.00625 0.0122222 0.10376
2 0.589375 0.314444 0.011875 0.0177778 0.103394
1 0.363125 0.271111 0.04375 0.0516667 0.0927124
0 0.495 0.262778 0.00625 0.00999999 0.0817871
7 0.00840332 0.543333 0.00541992 0.0211111 0.0665894
3 0.639688 0.444722 0.011875 0.0611111 0.0634766
1 0.349297 0.279375 0.0764062 0.0656945 0.0634766
0 0.432188 0.275 0.00812499 0.01 0.0607605
0 0.92375 0.335833 0.02875 0.0166667 0.0548096
0 0.448125 0.267222 0.00499999 0.00888889 0.0531921
2 0.637188 0.315 0.00562503 0.02 0.0503235
7 0.0465625 0.473889 0.00476563 0.0133333 0.0477905
7 0.0496484 0.475556 0.00476563 0.0155555 0.0463867
7 0.669375 0.341111 0.00250003 0.0122222 0.044342
0 0.393125 0.280556 0.00749998 0.00888889 0.0413208
1 0.3575 0.277778 0.055 0.0638889 0.0397949
7 0.726875 0.439444 0.00499999 0.0183333 0.0366211
1 0.360625 0.278889 0.0125 0.0288889 0.0358276
0 0.413438 0.272222 0.009375 0.0111111 0.0347595
2 0.54 0.323889 0.01625 0.0255556 0.0302124
7 0.635 0.332222 0.003125 0.0111111 0.0301056
0 0.905625 0.330278 0.03625 0.0238889 0.0272675
0 0.476875 0.2625 0.00562503 0.00888889 0.0259552
7 0.265625 0.361944 0.00375001 0.0127778 0.0259552
7 0.149219 0.411944 0.0034375 0.0111111 0.0259552
0 0.805 0.325 0.0325 0.0244444 0.025177
2 0.594063 0.301111 0.00625 0.0144444 0.0249939
0 0.0116406 0.46 0.0232813 0.03 0.0243378
0 0.229375 0.395 0.059375 0.0322222 0.0241394
0 0.345 0.331111 0.02375 0.0233333 0.0216217
0 0.490625 0.266667 0.00437498 0.00888889 0.0208893
0 0.37875 0.322778 0.015625 0.0211111 0.0207977
7 0.055 0.472222 0.0028125 0.0133333 0.02034
0 0.8 0.324444 0.0250001 0.0222222 0.0202484
0 0.354375 0.297778 0.00875003 0.0111111 0.0197906
0 0.464688 0.263889 0.00437498 0.01 0.0195618
2 0.175938 0.367778 0.0046875 0.0166667 0.0193481
3 0.291875 0.340556 0.00562503 0.0144444 0.0190887
0 0.443438 0.273889 0.00625 0.0111111 0.0187683
7 0.73625 0.430278 0.00625 0.0183333 0.0167236
7 0.221094 0.507222 0.00687499 0.0255556 0.0165253
7 0.275156 0.351111 0.00343752 0.00999999 0.0164032
0 0.421875 0.291667 0.00874999 0.0144444 0.0161591
0 0.805 0.321111 0.03 0.0255556 0.016098
3 0.189375 0.373333 0.00562499 0.0233333 0.0148392
2 0.81125 0.304444 0.01125 0.0155555 0.0137405
0 0.325625 0.340556 0.02125 0.0255556 0.0134811
3 0.22125 0.360278 0.00562499 0.0172222 0.0132217
0 0.445625 0.264444 0.00499999 0.00999999 0.0124283
0 0.51375 0.263611 0.00499999 0.00888887 0.0116425
0 0.393125 0.298333 0.00874999 0.0155555 0.0109863
7 0.7775 0.35 0.00749995 0.0216667 0.0109024
7 0.265625 0.352778 0.00375001 0.0122222 0.0105667
7 0.75375 0.414444 0.00499999 0.0161111 0.0104904
7 0.66375 0.313889 0.00250003 0.00888889 0.0103302
0 0.405625 0.278889 0.00687501 0.00722221 0.00963593
0 0.356562 0.283333 0.00687501 0.0233333 0.00948334
7 0.285313 0.348611 0.00375001 0.0111111 0.00912476
1 0.366875 0.273333 0.030625 0.0394444 0.00898743
0 0.202969 0.410278 0.0478125 0.0377778 0.00891876
7 0.66625 0.353333 0.00499999 0.0122222 0.00888062
3 0.16375 0.380833 0.004375 0.0227778 0.00867462
2 0.76375 0.319167 0.00499999 0.0188889 0.00861359
0 0.535 0.277778 0.00499999 0.00888889 0.00844574
2 0.644375 0.32 0.00374997 0.0211111 0.00844574
3 0.775 0.338889 0.01375 0.0288889 0.00634003
0 0.386563 0.283889 0.00812499 0.0133333 0.00602722
2 0.6925 0.332222 0.015 0.0266667 0.00600433
0 0.345 0.286667 0.00812499 0.0244444 0.00575256
0 0.92125 0.341667 0.03 0.0211111 0.00570679
7 0.260625 0.358333 0.005 0.0144444 0.00568771
0 0.311875 0.325278 0.018125 0.0244444 0.00548935
0 0.209375 0.438333 0.056875 0.0411111 0.00521851
7 0.654375 0.318611 0.00250003 0.0122222 0.0051384
7 0.64375 0.327778 0.00375004 0.0111111 0.00500107
7 0.694375 0.316667 0.00374997 0.0122222 0.0046463
0 0.0303906 0.438889 0.0253125 0.0288889 0.00462723
0 0.00336426 0.406389 0.00667969 0.0177778 0.00455475
7 0.206563 0.390278 0.0075 0.015 0.00453949
7 0.671875 0.478611 0.00750001 0.0311111 0.00432968
2 0.214375 0.366111 0.004375 0.0133333 0.00431442
3 0.68625 0.293333 0.00499999 0.0155555 0.00403976
7 0.375 0.624444 0.0825 0.124444 0.00380898
0 0.0110962 0.405556 0.0111279 0.0166667 0.00372124
7 0.68625 0.315278 0.00499999 0.0111111 0.00365067
7 0.56625 0.330278 0.00499999 0.0127778 0.00359344
0 0.529688 0.269444 0.00562499 0.00833333 0.00353813
7 0.16625 0.418333 0.00375001 0.0111111 0.00345612
0 0.4525 0.358333 0.04 0.0388889 0.00331116
0 0.32875 0.308611 0.014375 0.0194444 0.00322342
0 0.406563 0.298333 0.00812499 0.0177778 0.00311089
0 0.525625 0.275 0.00500002 0.01 0.00300407
7 0.115469 0.435833 0.0046875 0.0122222 0.0029583
7 0.58625 0.621111 0.08125 0.121111 0.00291252
3 0.865 0.312222 0.00499999 0.0177778 0.00287819
0 0.455 0.262222 0.00374997 0.00833333 0.00284576
0 0.91375 0.341111 0.03 0.0255556 0.00283432
0 0.47 0.267778 0.00499999 0.00944446 0.00263214
3 0.533125 0.332778 0.00874999 0.0255556 0.00253105
7 0.634375 0.347778 0.00625 0.0116667 0.00242424
0 0.965625 0.336667 0.01375 0.0177778 0.0024147
2 0.71 0.312222 0.00750001 0.0233333 0.00236893
3 0.163906 0.372778 0.00437501 0.0222222 0.00235939
7 0.210625 0.375556 0.0103125 0.02 0.00234222
7 0.194063 0.389444 0.005 0.015 0.00231361
2 0.309063 0.337222 0.015 0.025 0.00222588
2 0.585625 0.301944 0.00625 0.0172222 0.00219917
7 0.916875 0.471111 0.00499999 0.0155555 0.00219154
3 0.545 0.278333 0.00374997 0.00999999 0.00210762
0 0.464063 0.274444 0.00500002 0.00888889 0.00208282
0 0.98625 0.334722 0.00999997 0.015 0.00208282
0 0.96625 0.346389 0.01875 0.0216667 0.00206757
7 0.928125 0.452778 0.00499999 0.0177778 0.0020504
0 0.41625 0.301389 0.00874999 0.0183333 0.00195694
2 0.185938 0.385278 0.008125 0.0183333 0.00186062
0 0.00307617 0.418889 0.00615234 0.0277778 0.00173378
2 0.185625 0.369444 0.00875001 0.0194444 0.0017004
0 0.4225 0.308611 0.00874999 0.02 0.0016613
2 0.230313 0.363889 0.01125 0.0211111 0.00163555
3 0.17 0.375278 0.00625 0.0211111 0.00154877
2 0.603125 0.3075 0.01375 0.025 0.00153637
2 0.630625 0.307778 0.00875003 0.0177778 0.00146675
0 0.97125 0.337222 0.02375 0.0188889 0.00142097
3 0.54875 0.27 0.00562496 0.0144444 0.00142097
7 0.644375 0.344444 0.00374997 0.0133333 0.00141048
3 0.179063 0.36 0.00625 0.0155555 0.00140476
0 0.0464453 0.425556 0.018125 0.0188889 0.00136662
7 0.170781 0.41 0.010625 0.0188889 0.00127888
0 0.327188 0.3025 0.009375 0.0188889 0.00123501
0 0.0443066 0.410278 0.0235742 0.0272222 0.00116539
0 0.0056543 0.453889 0.0113086 0.0377778 0.00112438
3 0.695 0.445556 0.00999997 0.065 0.00110722
7 0.567188 0.317222 0.00625 0.0122222 0.00106525
0 0.78 0.324722 0.035 0.0261111 0.00104046
1 0.344375 0.285556 0.04375 0.0533333 0.00103664
3 0.26625 0.337778 0.00499999 0.0188889 0.00100803
