0 0.169844 0.696667 0.154063 0.282222 0.958984
0 0.269531 0.825556 0.200938 0.345556 0.958984
0 0.501563 0.855556 0.1675 0.284445 0.958984
0 0.819375 0.552778 0.15625 0.247778 0.957031
0 0.693125 0.617222 0.15375 0.346667 0.956543
0 0.0537891 0.433889 0.0722656 0.116667 0.953613
0 0.3625 0.4675 0.10375 0.189444 0.953125
0 0.0850781 0.681667 0.129219 0.235556 0.952637
0 0.918125 0.483889 0.14125 0.223333 0.950684
0 0.202344 0.433333 0.10125 0.143333 0.946777
0 0.5025 0.527222 0.1025 0.232222 0.946777
0 0.715625 0.309167 0.095 0.125 0.946289
0 0.598125 0.279444 0.06875 0.105 0.945312
0 0.305625 0.372778 0.098125 0.133333 0.941895
5 0.945 0.823889 0.11 0.352222 0.931152
1 0.47125 0.0789583 0.14875 0.0929167 0.886719
0 0.348438 0.118299 0.05375 0.0417361 0.881836
2 0.651875 0.0806945 0.01875 0.0341667 0.869629
0 0.174961 0.211944 0.0519531 0.0447222 0.858887
7 0.70375 0.200278 0.00750001 0.0247222 0.839844
7 0.245781 0.282222 0.0078125 0.0233333 0.820801
0 0.3325 0.08625 0.02125 0.025 0.79834
7 0.744375 0.174306 0.00625 0.0202778 0.788086
0 0.0515625 0.293889 0.0342969 0.0361111 0.786621
0 0.69 0.0641667 0.0425001 0.0272222 0.779785
0 0.78375 0.06875 0.04 0.0231944 0.773438
0 0.9175 0.0873611 0.025 0.0219444 0.771973
0 0.0075293 0.324167 0.0149219 0.0288889 0.766113
0 0.386875 0.0679167 0.015 0.0216667 0.763672
7 0.6925 0.184722 0.00625 0.0213889 0.754883
7 0.0316602 0.3775 0.00609375 0.02 0.753418
0 0.369375 0.0704167 0.01875 0.0230556 0.733887
7 0.0449609 0.360556 0.00554688 0.0172222 0.730957
2 0.275625 0.117222 0.011875 0.0219444 0.726562
0 0.35125 0.0770833 0.01625 0.0222222 0.723145
4 0.189688 0.18 0.0903125 0.1 0.693359
0 0.492813 0.0127778 0.009375 0.0158333 0.684082
0 0.79375 0.991111 0.085 0.0155556 0.682617
2 0.683125 0.100903 0.02125 0.0379167 0.665527
7 0.75375 0.163056 0.00499999 0.0194444 0.642578
0 0.856875 0.0686111 0.02875 0.0222222 0.631836
0 0.725 0.0533333 0.0375 0.0241667 0.62793
7 0.94625 0.223056 0.00499999 0.0169444 0.622559
0 0.8075 0.0602083 0.0275 0.0276389 0.618652
4 0.7725 0.0467361 0.0675001 0.0540278 0.60498
0 0.533125 0.00854167 0.00750001 0.0116667 0.59082
0 0.396875 0.0543056 0.01125 0.0206944 0.584961
2 0.0478125 0.310278 0.0154687 0.035 0.565918
0 0.4125 0.0625 0.01625 0.0190278 0.546875
0 0.416875 0.0332639 0.00874999 0.0131944 0.513672
0 0.0127539 0.293889 0.0253516 0.05 0.511719
7 0.773125 0.14625 0.00499999 0.0177778 0.484375
0 0.405938 0.05 0.011875 0.0186111 0.476562
0 0.500625 0.0342361 0.01125 0.02 0.472656
0 0.396563 0.0588194 0.013125 0.0240278 0.435791
7 0.77125 0.129306 0.00374997 0.0169444 0.424316
0 0.8525 0.0740278 0.035 0.0244444 0.395996
0 0.864375 0.0811806 0.02875 0.0218056 0.338135
0 0.0103516 0.315 0.0205859 0.0266667 0.32251
0 0.491875 0.0153472 0.00812499 0.0122222 0.321777
7 0.74875 0.128611 0.00499999 0.0166667 0.289307
1 0.189648 0.179722 0.0907031 0.0986111 0.280518
0 0.41125 0.0568056 0.0175 0.0188889 0.272705
7 0.0849219 0.282222 0.00359375 0.0116667 0.262939
7 0.7625 0.15375 0.00625 0.0183333 0.26123
0 0.409063 0.0639583 0.01875 0.0194444 0.250977
0 0.72125 0.0558333 0.0425001 0.0252778 0.245117
0 0.498438 0.0348611 0.014375 0.02 0.23938
0 0.866875 0.0844444 0.02625 0.0222222 0.2323
0 0.0120508 0.286667 0.0241016 0.0377778 0.227417
2 0.68 0.0977778 0.02 0.0375 0.224731
0 0.373438 0.0600694 0.01125 0.0156944 0.213379
2 0.0481641 0.303333 0.0167969 0.0366667 0.212036
0 0.80375 0.0586111 0.0362501 0.03 0.192505
0 0.685 0.0623611 0.0425 0.0252778 0.182983
0 0.395 0.0583333 0.015 0.0183333 0.182373
0 0.765 0.0619444 0.0325 0.025 0.165649
2 0.329375 0.117465 0.01625 0.0328472 0.158203
7 0.70625 0.0786111 0.00499999 0.0127778 0.151978
0 0.425625 0.0556944 0.01875 0.0227778 0.150513
0 0.471563 0.0422222 0.0175 0.0223611 0.148071
0 0.691875 0.0613194 0.0525 0.0265278 0.136108
0 0.465625 0.0415104 0.0175 0.0200347 0.129395
0 0.845 0.074375 0.04 0.0238889 0.12854
0 0.190352 0.191389 0.0899219 0.0844444 0.124207
0 0.806875 0.065 0.0325 0.0252778 0.123352
0 0.4325 0.0516667 0.014375 0.0216667 0.121704
0 0.410625 0.0719444 0.0275 0.0288889 0.11554
7 0.294688 0.115833 0.00375001 0.0116667 0.113953
0 0.33375 0.0790972 0.02 0.0197222 0.113953
0 0.415625 0.0479167 0.01125 0.0175 0.103394
0 0.71625 0.0535417 0.03 0.0201389 0.0997925
7 0.7475 0.128056 0.00499999 0.0180556 0.0963745
0 0.0448828 0.301111 0.0222656 0.0322222 0.0927124
0 0.443438 0.0155903 0.00750001 0.0124306 0.0720825
7 0.604375 0.0425 0.00499999 0.0144444 0.0682983
2 0.675625 0.0524306 0.00499999 0.0165278 0.0682983
7 0.946875 0.214444 0.00499999 0.0183333 0.0651245
7 0.0695313 0.298333 0.00375 0.0188889 0.0616455
7 0.0747266 0.295556 0.00382813 0.0111111 0.055603
0 0.431875 0.0554167 0.018125 0.0263889 0.0538025
0 0.3825 0.0676389 0.015 0.0222222 0.052124
5 0.00717285 0.265278 0.0143457 0.045 0.0492249
0 0.46625 0.0359722 0.01 0.0169444 0.0383301
7 0.65625 0.0492361 0.00499999 0.0119444 0.0372009
0 0.945 0.0959722 0.015 0.0202778 0.0360718
5 0.0126758 0.2525 0.0245703 0.0305556 0.0327148
2 0.233438 0.13875 0.00625 0.0177778 0.0307922
0 0.793125 0.0481944 0.0300001 0.0363889 0.0305634
0 0.193438 0.144167 0.0240625 0.0283333 0.0298767
0 0.351875 0.0814583 0.023125 0.0254167 0.0275879
3 0.88625 0.0648611 0.00499999 0.0166667 0.0263519
0 0.215 0.150417 0.039375 0.0363889 0.0257568
5 0.0059375 0.259167 0.011875 0.0416667 0.0250854
0 0.473125 0.0349653 0.00874999 0.0163194 0.0245209
0 0.212344 0.156667 0.04375 0.0522222 0.024231
7 0.746875 0.125556 0.00499999 0.0186111 0.0236053
2 0.27875 0.116632 0.01375 0.020625 0.0234222
7 0.773125 0.136944 0.00499999 0.0141667 0.0230713
0 0.4975 0.0393056 0.015 0.0201389 0.0223694
0 0.45375 0.00958333 0.00562499 0.00770833 0.0222931
2 0.275938 0.109722 0.01 0.0247222 0.0222015
0 0.79375 0.0409722 0.02625 0.0291667 0.02211
0 0.0218555 0.244167 0.0166797 0.0211111 0.0217743
3 0.285 0.0998611 0.00437501 0.0161111 0.0205688
2 0.223594 0.136944 0.00718749 0.0172222 0.0202484
0 0.374375 0.0525 0.00874999 0.0163889 0.0201721
7 0.260625 0.263333 0.009375 0.0233333 0.0201721
0 0.5875 0.0215972 0.02125 0.0121528 0.0193787
0 0.651094 0.0784028 0.0228125 0.0329167 0.0189819
0 0.45625 0.0460938 0.03 0.0236458 0.0181274
0 0.401563 0.0732639 0.01625 0.0243056 0.0179138
0 0.793125 0.993889 0.085 0.0122222 0.0173035
0 0.195 0.140278 0.01875 0.0277778 0.0167236
0 0.75125 0.0361458 0.025 0.026875 0.0164032
0 0.83375 0.0743056 0.0275 0.0233333 0.0162201
7 0.594375 0.0440278 0.00374997 0.0127778 0.0152512
0 0.346875 0.0727083 0.0125 0.0194444 0.0150757
2 0.0476563 0.313889 0.0128125 0.0388889 0.0147324
2 0.616875 0.03 0.00625 0.01375 0.0137939
7 0.7525 0.167222 0.00749995 0.0211111 0.0135345
0 0.450625 0.0488889 0.02375 0.0211111 0.01297
7 0.69375 0.0801389 0.00499999 0.0105555 0.012146
0 0.0111328 0.258889 0.0200391 0.0322222 0.012146
0 0.785 0.0688194 0.0425001 0.0322222 0.0115051
0 0.421875 0.0322569 0.00874999 0.0124306 0.0113297
0 0.82875 0.0676389 0.0325 0.0258333 0.0109482
0 0.204844 0.139722 0.026875 0.0294444 0.0104523
7 0.665 0.0501389 0.00250003 0.0138889 0.0100555
0 0.177813 0.148333 0.015 0.0252778 0.00967407
0 0.208906 0.163889 0.0521875 0.0655556 0.00967407
0 0.384063 0.0525 0.00812499 0.0169444 0.00937653
7 0.9475 0.224722 0.00500005 0.02 0.00937653
0 0.409375 0.0327778 0.01125 0.0127778 0.00930023
0 0.87 0.0858333 0.035 0.0225 0.00881195
7 0.0840625 0.29 0.00453125 0.0144444 0.00861359
0 0.212188 0.14 0.01875 0.0222222 0.0085144
0 0.950625 0.0918056 0.0225 0.03 0.00841522
0 0.575313 0.0206597 0.014375 0.0129861 0.008255
0 0.5025 0.0380729 0.0125 0.0210764 0.00790405
2 0.94625 0.0872222 0.00999997 0.0205556 0.00698471
7 0.98625 0.634444 0.00750001 0.0222222 0.0069313
0 0.21625 0.167778 0.0375 0.0472222 0.0068512
3 0.270625 0.1 0.00499999 0.0258333 0.0068512
7 0.72625 0.0741667 0.00499999 0.0247222 0.00679779
0 0.185313 0.1475 0.028125 0.03 0.00661469
2 0.601563 0.025625 0.010625 0.0141667 0.00559998
7 0.0654688 0.303333 0.00578125 0.0255556 0.00553513
0 0.85625 0.0811806 0.03375 0.0240278 0.00547028
0 0.459375 0.00383681 0.00562499 0.00767361 0.0051384
0 0.76875 0.99 0.0750001 0.02 0.00511932
7 0.615625 0.0472917 0.00499999 0.0109722 0.00503922
3 0.146328 0.205556 0.0046875 0.0186111 0.00498199
5 0.518125 0.066684 0.05375 0.0644097 0.0049057
0 0.4875 0.0139583 0.00625 0.0123611 0.0046463
0 0.995 0.135 0.00999997 0.0333333 0.00460815
0 0.92125 0.0918056 0.0325 0.025 0.00448608
7 0.940625 0.219722 0.00499999 0.0172222 0.00445175
2 0.735 0.0361806 0.00625 0.0179167 0.00419998
0 0.00573242 0.333889 0.0114648 0.0433333 0.00413513
0 0.45 0.0552778 0.02875 0.0302778 0.00402451
2 0.64875 0.0310417 0.01 0.0129167 0.0039444
3 0.716875 0.0716667 0.00750001 0.0330556 0.00390053
2 0.212969 0.114861 0.0075 0.0144444 0.00390053
1 0.95625 0.0890278 0.03 0.0347222 0.00367928
0 0.95125 0.0852083 0.02 0.0315278 0.00356483
0 0.995938 0.122778 0.00812499 0.0338889 0.00355148
0 0.219063 0.145278 0.03375 0.0255556 0.00355148
0 0.435938 0.0120139 0.00625 0.00875 0.00341606
0 0.8075 0.99 0.05375 0.02 0.00335121
7 0.249688 0.126111 0.005 0.0133333 0.00333786
7 0.00942871 0.376111 0.00499023 0.0255556 0.00329781
0 0.337813 0.0684722 0.009375 0.0152778 0.00324821
7 0.25875 0.264444 0.00874999 0.0222222 0.00307465
0 0.536563 0.0468056 0.015625 0.0280556 0.00300407
2 0.28875 0.0908333 0.00687497 0.0188889 0.00291252
0 0.86125 0.0706944 0.03 0.02 0.00287819
0 0.582813 0.0234028 0.03 0.0156944 0.00283432
3 0.895 0.0679167 0.00499999 0.015 0.00282288
0 0.415313 0.0765278 0.03 0.0330556 0.00279999
2 0.146094 0.196944 0.0059375 0.0216667 0.00279999
1 0.961875 0.0902778 0.03875 0.0369444 0.00263214
0 0.949375 0.0897222 0.01625 0.0255556 0.00261116
0 0.4875 0.0421528 0.01625 0.02125 0.00256157
7 0.289219 0.119444 0.00656252 0.0191667 0.00247192
0 0.167148 0.156111 0.0232031 0.03 0.00243378
2 0.293281 0.0875694 0.013125 0.0201389 0.00233269
7 0.765 0.120972 0.00374997 0.0158333 0.00232315
7 0.0836719 0.241667 0.00578125 0.0177778 0.00230598
0 0.596875 0.0244792 0.00812499 0.0136111 0.00220871
2 0.277813 0.0900694 0.00875003 0.0215278 0.00211525
7 0.71625 0.310278 0.0925 0.126111 0.00208282
0 0.988125 0.137222 0.02375 0.0272222 0.00206757
0 0.99625 0.106667 0.00749995 0.0325 0.00205803
7 0.095 0.278333 0.003125 0.00888889 0.00201988
2 0.288125 0.0894445 0.01125 0.0205556 0.00200272
7 0.125469 0.22125 0.0034375 0.0138889 0.00198746
2 0.67375 0.0788889 0.0275 0.0283333 0.0019722
0 0.013584 0.311667 0.0253711 0.0311111 0.00193405
0 0.456563 0.0552083 0.030625 0.0334722 0.00186729
0 0.99 0.121806 0.0199999 0.0269444 0.00183105
2 0.275781 0.123194 0.010625 0.0280556 0.00183105
0 0.170938 0.203611 0.050625 0.0466667 0.00181007
2 0.543125 0.0478472 0.00749995 0.0220833 0.0017004
0 0.73375 0.0677083 0.0425001 0.0263889 0.0017004
0 0.678125 0.0554167 0.02875 0.0202778 0.00168705
0 0.414375 0.0675 0.03125 0.0305556 0.00168705
7 0.254844 0.135833 0.00343749 0.00833333 0.00166798
2 0.745625 0.114583 0.00874996 0.0425 0.00162315
0 0.00347656 0.236944 0.00695313 0.04 0.00161648
3 0.888125 0.0623611 0.00625 0.0233333 0.00157356
2 0.601875 0.0174306 0.01 0.0188194 0.00154877
7 0.246875 0.278333 0.009375 0.0255556 0.00154877
0 0.995625 0.143611 0.00874996 0.0361111 0.00150681
0 0.525938 0.0489583 0.035625 0.0320833 0.00148392
7 0.115313 0.227222 0.003125 0.0116667 0.00143814
3 0.0034375 0.377222 0.00642578 0.0372222 0.00143814
1 0.454063 0.0360417 0.028125 0.0330556 0.00131512
0 0.465625 0.0540278 0.02125 0.0358333 0.00130939
1 0.175469 0.184306 0.0621875 0.0775 0.00127411
0 0.866875 0.0884722 0.02875 0.0266667 0.00123501
7 0.028125 0.380278 0.00664063 0.0177778 0.00121593
5 0.0177246 0.257847 0.0354492 0.122083 0.00116539
0 0.365625 0.0494444 0.00874999 0.0131944 0.00115585
2 0.68375 0.0283333 0.00500005 0.0115278 0.00115108
0 0.212188 0.17625 0.043125 0.0513889 0.00113392
3 0.0239893 0.257778 0.00811523 0.0216667 0.00113392
2 0.576875 0.0178819 0.01625 0.0163194 0.0011034
0 0.498438 0.00598958 0.00812502 0.0119792 0.00107288
0 0.514375 0.0475694 0.02375 0.0305556 0.00101185
0 0.209688 0.145556 0.035625 0.0333333 0.00100422
