0 0.498125 0.5075 0.105 0.228333 0.954102
0 0.331875 0.318889 0.07625 0.105556 0.945801
0 0.620313 0.321111 0.081875 0.117778 0.939453
0 0.214688 0.373056 0.11625 0.178333 0.938477
0 0.0453516 0.822222 0.0907031 0.273333 0.937012
0 0.257188 0.470278 0.11125 0.171667 0.935059
0 0.502813 0.191389 0.0525 0.100556 0.910645
0 0.233438 0.230417 0.051875 0.0763889 0.908691
0 0.28375 0.171111 0.03875 0.0522222 0.891602
0 0.505 0.107361 0.02875 0.0458333 0.879883
0 0.0985938 0.351667 0.070625 0.118889 0.878418
0 0.357188 0.0955556 0.0225 0.0286111 0.877441
0 0.0338477 0.288889 0.0302734 0.0344444 0.874023
0 0.6375 0.0298264 0.0375 0.0296528 0.869629
0 0.0232227 0.540972 0.0463672 0.1625 0.863281
0 0.474375 0.0395139 0.01375 0.0193056 0.859863
0 0.333125 0.101111 0.02125 0.0272222 0.85791
0 0.0823438 0.250972 0.0359375 0.0463889 0.855957
0 0.197656 0.237361 0.0471875 0.0680556 0.848145
0 0.504375 0.0665278 0.02125 0.0308333 0.837402
0 0.40375 0.0647917 0.01625 0.0211111 0.827637
0 0.289375 0.139861 0.029375 0.0394445 0.820801
0 0.126641 0.284722 0.0467188 0.0711111 0.808105
0 0.421875 0.0602778 0.015 0.0227778 0.792969
0 0.74875 0.055 0.0325 0.0227778 0.779785
0 0.7625 0.0594444 0.035 0.025 0.773438
0 0.54125 0.0348611 0.01375 0.0197222 0.770508
0 0.923125 0.0861111 0.0225 0.0236111 0.763672
7 0.256094 0.262222 0.00843751 0.0211111 0.762207
0 0.317031 0.101111 0.0184375 0.0277778 0.751953
0 0.593438 0.0302431 0.028125 0.0178472 0.749023
7 0.743125 0.172361 0.00625 0.0222222 0.741699
0 0.388125 0.0654167 0.01625 0.0233333 0.715332
0 0.43125 0.0472222 0.01125 0.0177778 0.712402
0 0.783125 0.0669444 0.03875 0.0238889 0.700684
0 0.38 0.0622222 0.0125 0.0183333 0.694336
7 0.75125 0.160833 0.00499999 0.0188889 0.694336
7 0.944375 0.218472 0.00500005 0.0169444 0.6875
0 0.500625 0.0383507 0.01375 0.0199653 0.673828
0 0.830625 0.0731944 0.03875 0.0259722 0.635254
0 0.0032959 0.317222 0.0065918 0.0344445 0.629883
0 0.533438 0.0224306 0.00937503 0.0143056 0.598145
0 0.511563 0.0142361 0.009375 0.0141667 0.57959
7 0.0282031 0.378889 0.00464844 0.0166667 0.57373
0 0.348125 0.0827778 0.018125 0.0213889 0.544922
0 0.82625 0.0636111 0.0325 0.0261111 0.539062
0 0.384688 0.0468056 0.01125 0.0163889 0.53125
0 0.82125 0.0632639 0.035 0.0229167 0.507812
0 0.453125 0.00798611 0.00749998 0.0104167 0.480469
0 0.41125 0.0494444 0.011875 0.0183333 0.480469
0 0.398125 0.0466667 0.013125 0.0197222 0.453369
7 0.0651563 0.298333 0.00390625 0.0127778 0.443604
7 0.74375 0.124722 0.00499999 0.0163889 0.424316
0 0.41 0.0590278 0.014375 0.0208333 0.410156
7 0.70125 0.199444 0.00750001 0.0238889 0.394287
7 0.0273438 0.378889 0.005625 0.0177778 0.390381
7 0.70375 0.0783333 0.00374997 0.0125 0.368408
0 0.48625 0.0209722 0.009375 0.0145139 0.360352
7 0.2425 0.278333 0.0075 0.0188889 0.346924
7 0.7675 0.12875 0.00499999 0.0175 0.34082
0 0.0904688 0.336111 0.0470313 0.0788889 0.338135
0 0.49875 0.00961806 0.00875003 0.011875 0.324219
0 0.408438 0.0236806 0.00812502 0.0115278 0.32251
0 0.407813 0.0283681 0.00749998 0.0111111 0.315674
0 0.400625 0.0452083 0.011875 0.01875 0.284668
7 0.945 0.214861 0.00499999 0.0191667 0.284668
5 0.435 0.0159722 0.01 0.0145833 0.265869
2 0.995 0.406944 0.00999997 0.135556 0.262939
0 0.430625 0.0503472 0.0125 0.0176389 0.24585
3 0.227344 0.138194 0.0059375 0.0216667 0.233765
0 0.82625 0.0686806 0.04 0.0279167 0.233765
0 0.486563 0.01375 0.00874999 0.0125 0.201172
7 0.745 0.127361 0.00499999 0.0183333 0.19812
7 0.70125 0.0780556 0.00499999 0.0169444 0.197388
0 0.44375 0.0140278 0.00749998 0.0122222 0.188965
0 0.4125 0.0274306 0.009375 0.0111111 0.188965
0 0.341875 0.0851389 0.02 0.0241667 0.186523
7 0.766875 0.126111 0.00499999 0.0183333 0.179565
0 0.420938 0.0509028 0.0125 0.0194444 0.176147
0 0.341875 0.0768056 0.01375 0.0211111 0.161865
0 0.2875 0.150417 0.02875 0.0305556 0.158203
7 0.94125 0.215278 0.00500005 0.0175 0.155029
0 0.35 0.0733333 0.01625 0.0219444 0.153076
0 0.50125 0.00940972 0.00874999 0.0122917 0.144165
0 0.775 0.0630556 0.04 0.0252778 0.144165
0 0.434375 0.0176389 0.01 0.015 0.143188
7 0.75375 0.157778 0.00499999 0.0183333 0.139404
0 0.3975 0.0336111 0.009375 0.01125 0.138428
7 0.143594 0.214306 0.00390625 0.0177778 0.135742
0 0.5 0.00534722 0.00625 0.0106944 0.117981
0 0.383125 0.065 0.01125 0.0216667 0.110474
0 0.435625 0.0244444 0.01 0.0148611 0.101257
0 0.0945508 0.327778 0.0508984 0.0788889 0.0977173
7 0.674375 0.0484028 0.00250003 0.00902778 0.0923462
7 0.144219 0.217222 0.00374999 0.0172222 0.088501
7 0.0751563 0.293611 0.00359375 0.0111111 0.0836182
7 0.0427344 0.360556 0.005625 0.0161111 0.0786133
7 0.67 0.0511806 0.00374997 0.0123611 0.0758667
7 0.163594 0.205139 0.00406249 0.0116667 0.072876
3 0.204375 0.155 0.00562499 0.0213889 0.0723877
0 0.99375 0.408889 0.0124999 0.135556 0.0680542
7 0.0850781 0.281111 0.0046875 0.0133333 0.0675659
0 0.315625 0.105 0.01625 0.0269444 0.0668335
7 0.140938 0.213333 0.00390625 0.015 0.0617676
2 0.9025 0.0663889 0.00750001 0.0166667 0.0522461
2 0.99375 0.394167 0.0124999 0.100556 0.0460205
7 0.215 0.154722 0.00437501 0.0122222 0.0440063
2 0.995 0.381667 0.00999997 0.107778 0.0438538
5 0.00640625 0.54875 0.0128125 0.180278 0.0438538
7 0.69 0.186389 0.00625 0.025 0.0414734
2 0.990625 0.406944 0.0187499 0.135 0.0393372
7 0.253594 0.262778 0.0096875 0.0222222 0.0386047
7 0.595938 0.0427951 0.00562503 0.0149653 0.0339661
2 0.7275 0.0361111 0.00500005 0.0173611 0.0328369
0 0.91875 0.0867361 0.03 0.0230556 0.0325928
0 0.979375 0.104167 0.0175 0.0177778 0.0325928
7 0.753125 0.161667 0.00625 0.0211111 0.0322266
7 0.665625 0.04875 0.00249996 0.00916667 0.0311432
0 0.00297363 0.311111 0.00594727 0.0366667 0.0288696
0 0.00544922 0.598889 0.0108984 0.104444 0.0282135
0 0.00532349 0.380278 0.00810303 0.0261111 0.0271759
7 0.0842188 0.291111 0.00515625 0.0144444 0.0244293
0 0.00320557 0.277222 0.00641113 0.0233333 0.0237732
7 0.65125 0.05375 0.00499999 0.015 0.02211
0 0.425 0.0109722 0.00749998 0.00944445 0.0219421
0 0.379375 0.0529167 0.01125 0.0181944 0.0184784
0 0.505 0.0891667 0.023125 0.0608333 0.0173798
0 0.430625 0.056875 0.0125 0.0193056 0.0173035
0 0.7825 0.0711111 0.0375 0.0244444 0.0168457
2 0.00383545 0.379722 0.00736817 0.03 0.0168457
0 0.99 0.408889 0.0199999 0.131111 0.0156021
7 0.6875 0.079375 0.00499999 0.0116667 0.0155411
3 0.013584 0.265278 0.00716797 0.0216667 0.0154266
3 0.0100684 0.270278 0.0106055 0.0222222 0.0154266
7 0.249688 0.125694 0.003125 0.0108333 0.0152512
0 0.318438 0.0951389 0.01875 0.0297222 0.0150757
7 0.71375 0.0504167 0.00499999 0.0147222 0.0148392
0 0.375625 0.0598611 0.015 0.0191667 0.0147324
7 0.705 0.0476389 0.00249996 0.0116667 0.0136337
0 0.451875 0.0156597 0.00750001 0.0130556 0.0135345
7 0.73 0.121944 0.00499999 0.0177778 0.0134277
7 0.123438 0.218333 0.0040625 0.0183333 0.0120087
7 0.0689063 0.297778 0.0053125 0.0177778 0.0119629
0 0.426563 0.0344444 0.009375 0.0163889 0.0118713
7 0.6875 0.182778 0.00625 0.0205556 0.0115509
0 0.98 0.11375 0.0175 0.0191667 0.0112915
7 0.106406 0.280556 0.0053125 0.0222222 0.0101318
7 0.69 0.05375 0.00250003 0.0105556 0.0100098
0 0.97375 0.105972 0.025 0.0183333 0.00993347
7 0.655 0.0433507 0.00249996 0.0116319 0.00978088
7 0.155938 0.2075 0.00359375 0.0105555 0.00937653
0 0.0866992 0.349167 0.0466016 0.0727778 0.00919342
3 0.194375 0.153194 0.00562499 0.0269444 0.00901794
7 0.77375 0.14625 0.00499999 0.0161111 0.00888062
0 0.93 0.0880556 0.0325 0.0222222 0.00815582
2 0.13375 0.176111 0.00890625 0.0166667 0.00803375
0 0.79625 0.0719444 0.035 0.0259722 0.00796509
2 0.603438 0.0411111 0.00625 0.0183333 0.00793457
7 0.245 0.133611 0.003125 0.00944444 0.00787354
0 0.388125 0.0349306 0.00874999 0.0136111 0.00766754
3 0.165313 0.168472 0.00374999 0.0163889 0.00757599
0 0.74875 0.0638889 0.04125 0.0286111 0.00723267
0 0.99625 0.126944 0.00749995 0.0269444 0.00677109
2 0.8825 0.0508333 0.00750001 0.0177778 0.00674438
3 0.205469 0.161667 0.0078125 0.0297222 0.0064888
7 0.255625 0.266111 0.00812499 0.0266667 0.00636292
3 0.16875 0.158056 0.005 0.0172222 0.00602722
0 0.995625 0.411111 0.00874996 0.126667 0.00561905
3 0.234688 0.1375 0.00374999 0.0161111 0.00557709
7 0.254063 0.134028 0.00375001 0.00888888 0.00540543
3 0.895 0.0679167 0.00499999 0.0152778 0.00498199
7 0.0399023 0.308611 0.0144922 0.0266667 0.00446701
7 0.74875 0.126806 0.00375004 0.0180556 0.00446701
0 0.45875 0.00512153 0.00750001 0.0102431 0.00439835
2 0.0464453 0.242917 0.00859375 0.0155555 0.00438309
0 0.99625 0.134167 0.00749995 0.0305556 0.00426483
2 0.0553125 0.245417 0.0117188 0.0225 0.00426483
7 0.0557031 0.308889 0.00453125 0.0133333 0.00419998
0 0.775 0.0561111 0.02875 0.0225 0.00418091
3 0.88375 0.059375 0.00499999 0.0216667 0.00400543
2 0.0112134 0.273333 0.0133154 0.0222222 0.00392914
0 0.00369141 0.268889 0.00738281 0.025 0.00391388
7 0.0955469 0.273333 0.0053125 0.0177778 0.00379562
3 0.227188 0.141944 0.00562499 0.0252778 0.00365067
0 0.83625 0.0758333 0.045 0.0229167 0.00356483
7 0.183438 0.211667 0.00812499 0.0219444 0.00345612
3 0.22125 0.135 0.00562499 0.0238889 0.00341606
0 0.473125 0.0240278 0.01125 0.0177083 0.00337601
2 0.115 0.189722 0.00593751 0.0205556 0.00331116
0 0.3075 0.1 0.00968749 0.0188889 0.00325966
0 0.00921875 0.519722 0.0183398 0.129444 0.00284576
7 0.76375 0.14875 0.00499999 0.0147222 0.00275803
3 0.123125 0.215278 0.005 0.0258333 0.00271416
0 0.5475 0.0197222 0.01125 0.01375 0.00270462
2 0.204063 0.144722 0.00625 0.0227778 0.00269318
0 0.846875 0.07375 0.04625 0.0241667 0.00269318
0 0.0190723 0.494444 0.0381445 0.0977778 0.00259018
7 0.155 0.223472 0.00375001 0.00944444 0.00256157
0 0.0109766 0.493889 0.021875 0.101111 0.00228691
7 0.0378711 0.305556 0.0127734 0.0233333 0.00223351
7 0.00571777 0.382222 0.00954102 0.0255555 0.00217438
3 0.0358203 0.265556 0.0107812 0.0183333 0.00216484
7 0.69375 0.0481944 0.00499999 0.0122222 0.00214958
2 0.288125 0.131111 0.020625 0.03 0.00214958
7 0.665 0.0623611 0.00250003 0.00805556 0.00206757
3 0.665 0.0327431 0.00374997 0.013125 0.00200272
3 0.166563 0.16 0.00531251 0.0183333 0.00199509
5 0.0229492 0.546806 0.0458984 0.175278 0.00194931
7 0.250156 0.247778 0.02 0.0477778 0.00194168
0 0.93125 0.0953472 0.035 0.0273611 0.00192642
3 0.208438 0.156389 0.00562499 0.0216667 0.00184631
3 0.212031 0.275278 0.00875001 0.0566667 0.00182438
3 0.925 0.441667 0.00750001 0.0355555 0.0018034
3 0.735 0.0357639 0.00499999 0.0181944 0.00175476
0 0.53 0.0234028 0.0125 0.0156944 0.00174141
2 0.0739063 0.227778 0.011875 0.0152778 0.00167465
2 0.4225 0.972222 0.025 0.0533334 0.00167465
0 0.417813 0.0629167 0.014375 0.02625 0.0016613
7 0.105469 0.224722 0.0046875 0.0138889 0.00156116
0 0.0544531 0.256597 0.0184375 0.0290278 0.00156116
7 0.6925 0.185 0.00750001 0.0227778 0.00153637
0 0.00569336 0.615556 0.0113867 0.111111 0.00152493
0 0.00333008 0.35 0.00652344 0.0333334 0.00148392
0 0.825 0.0593056 0.0325 0.0263889 0.00143242
0 0.835 0.0648611 0.0375 0.0268056 0.00139904
0 0.53375 0.0188889 0.009375 0.0170833 0.00137806
3 0.89 0.0595833 0.00499999 0.0188889 0.00137234
0 0.129453 0.275069 0.04 0.0554166 0.00136662
3 0.9275 0.445 0.00750001 0.0322222 0.00132465
3 0.283906 0.104444 0.00562499 0.0152778 0.00131512
3 0.67625 0.0319097 0.00499999 0.0150694 0.00126457
3 0.155781 0.173056 0.00406249 0.0155556 0.00119686
0 0.553125 0.0125347 0.00750001 0.00930555 0.00118828
2 0.614375 0.0303472 0.00499999 0.0168056 0.00117874
0 0.440625 0.0481944 0.01125 0.0197222 0.00117874
0 0.97375 0.113056 0.02625 0.0225 0.00117397
0 0.0163867 0.528056 0.0326172 0.138333 0.0011692
0 0.0177734 0.583889 0.0355469 0.12 0.00112057
0 0.95625 0.106111 0.015 0.0197222 0.00109005
0 0.91625 0.0913889 0.0300001 0.0269444 0.00107765
2 0.424375 0.973889 0.034375 0.05 0.00107765
0 0.341875 0.0713889 0.0175 0.0180556 0.00104809
