0 0.503125 0.876667 0.18125 0.24 0.959961
0 0.5 0.501111 0.0975 0.223333 0.949219
0 0.5025 0.311944 0.0675 0.121667 0.947266
0 0.594688 0.253611 0.07125 0.109444 0.941895
0 0.640625 0.434444 0.1075 0.182778 0.941895
0 0.95375 0.909445 0.0925 0.177778 0.940918
0 0.39 0.356667 0.11125 0.214444 0.94043
1 0.763906 0.350278 0.259688 0.452778 0.937012
0 0.310781 0.318889 0.0746875 0.129444 0.908691
5 0.268789 0.685 0.302422 0.625556 0.879883
0 0.024292 0.295 0.029541 0.0366667 0.863281
2 0.563125 0.12 0.03125 0.0466667 0.841797
7 0.245313 0.28 0.0075 0.0227778 0.831055
5 0.688125 0.085 0.08625 0.0552778 0.817383
2 0.0552734 0.299167 0.0139063 0.035 0.788086
0 0.330938 0.0865972 0.01625 0.0213889 0.785156
7 0.0303125 0.376111 0.00585938 0.02 0.785156
0 0.425625 0.05875 0.0175 0.0215278 0.777344
0 0.406563 0.0620833 0.016875 0.0230556 0.767578
0 0.0688281 0.241944 0.033125 0.0394444 0.702637
0 0.386875 0.0666667 0.015625 0.0222222 0.695801
0 0.286875 0.101181 0.024375 0.0240278 0.684082
0 0.97625 0.139861 0.0325 0.0275 0.656738
0 0.6875 0.0357639 0.03 0.0186111 0.645996
0 0.346875 0.0798611 0.0175 0.0241667 0.644043
7 0.945 0.22125 0.00499999 0.0163889 0.625977
3 0.487188 0.0501389 0.00687501 0.0247222 0.615234
5 0.365625 0.0713889 0.02125 0.0322222 0.605957
2 0.82625 0.0501389 0.00750001 0.0191667 0.594727
3 0.505 0.0475694 0.00499999 0.0279167 0.586914
3 0.47625 0.05 0.00625 0.0244444 0.577637
2 0.22625 0.145417 0.00874999 0.0252778 0.57373
7 0.77 0.131944 0.00499999 0.0172222 0.57373
2 0.350625 0.0845833 0.01375 0.02375 0.572754
0 0.285 0.104167 0.0259375 0.025 0.569824
3 0.513125 0.0456771 0.00500002 0.0278125 0.560059
7 0.0440625 0.358889 0.00546875 0.0177778 0.541016
7 0.164063 0.202778 0.00374999 0.0122222 0.486328
0 0.435938 0.0493056 0.011875 0.0172222 0.464844
7 0.77375 0.145833 0.00499999 0.0183333 0.458984
0 0.412813 0.0470139 0.010625 0.0172222 0.439697
7 0.258281 0.262778 0.0075 0.0227778 0.437744
2 0.214844 0.151111 0.00687499 0.0238889 0.428223
5 0.08 0.25 0.0445313 0.0544445 0.416748
0 0.405938 0.0461285 0.0125 0.0169097 0.397949
0 0.385625 0.0598611 0.01375 0.0205556 0.396973
0 0.395625 0.0517361 0.01125 0.0173611 0.388672
0 0.08 0.255 0.0446875 0.0438889 0.334473
0 0.4325 0.0304167 0.00874999 0.0129167 0.325928
0 0.37375 0.0573611 0.01375 0.0183333 0.309082
4 0.0792188 0.249306 0.0471875 0.0547222 0.300781
0 0.3575 0.0676389 0.015 0.0222222 0.295898
0 0.414688 0.0309722 0.00874999 0.0129167 0.287842
0 0.385 0.0509028 0.01 0.0148611 0.286133
0 0.374375 0.0616667 0.0125 0.0213889 0.27832
7 0.145469 0.210833 0.003125 0.0116667 0.24939
0 0.423125 0.0445139 0.01125 0.0170833 0.248047
0 0.424375 0.0323264 0.00812499 0.0128472 0.246582
2 0.276406 0.113056 0.00906251 0.0186111 0.243652
0 0.43125 0.0220139 0.00749998 0.0104167 0.223389
0 0.342188 0.0770833 0.01375 0.0188889 0.223389
7 0.946875 0.214306 0.00499999 0.0177778 0.181274
3 0.183438 0.164167 0.00562499 0.0227778 0.167236
5 0.0194336 0.242917 0.02 0.0241667 0.153564
0 0.405 0.0328472 0.00875003 0.01375 0.128052
0 0.350625 0.08125 0.0125 0.0244444 0.125977
3 0.510625 0.0465278 0.00625 0.0284722 0.125977
0 0.455 0.00826389 0.00625 0.00881945 0.124634
2 0.82625 0.0511111 0.01 0.0208333 0.116333
7 0.746875 0.125 0.00499999 0.0188889 0.112793
3 0.475625 0.0528472 0.00749998 0.0273611 0.108948
3 0.469375 0.0545833 0.00562499 0.0268056 0.105591
0 0.356563 0.0629167 0.01875 0.0208333 0.103027
0 0.374063 0.0546528 0.0125 0.0179167 0.0984497
2 0.349375 0.0881944 0.015 0.0261111 0.0984497
3 0.210469 0.153194 0.00687499 0.025 0.0939941
0 0.835 0.0753472 0.03375 0.0231944 0.093689
7 0.00782227 0.38 0.00519531 0.0183333 0.0903931
2 0.214375 0.146389 0.00875001 0.0252778 0.0866089
0 0.9725 0.138333 0.0300001 0.0336111 0.0853882
0 0.395313 0.060625 0.01125 0.0208333 0.081543
0 0.428438 0.0573611 0.015625 0.0186111 0.0812378
3 0.71 0.0525 0.00625 0.0231944 0.0797729
7 0.25 0.129444 0.00374999 0.0138889 0.0734253
5 0.398438 0.0348611 0.0125 0.0161111 0.0713501
3 0.4875 0.0522222 0.00874999 0.0268056 0.0665894
2 0.236406 0.138333 0.00625 0.0172222 0.0646362
2 0.719375 0.0709722 0.01625 0.0269444 0.0623169
7 0.0744531 0.292778 0.00351563 0.0111111 0.0623169
7 0.00667969 0.379444 0.00589844 0.02 0.0596619
7 0.7625 0.153333 0.00499999 0.0191667 0.058136
0 0.44625 0.0125 0.00750001 0.00986111 0.0577087
7 0.7525 0.166528 0.00625 0.0161111 0.0577087
2 0.283594 0.113194 0.0121875 0.0208333 0.0558167
2 0.7175 0.0663889 0.0175 0.0323611 0.0552063
0 0.345625 0.0743056 0.01625 0.0230556 0.0531921
7 0.146172 0.221667 0.00374999 0.00944446 0.0512695
7 0.254531 0.133056 0.0034375 0.01 0.0483093
2 0.7625 0.0354861 0.00499999 0.0184722 0.0456848
2 0.603438 0.0361806 0.00687504 0.0195833 0.0441895
2 0.82625 0.07125 0.0125 0.02 0.0428772
3 0.185313 0.1625 0.0075 0.0238889 0.0423889
2 0.72125 0.0734722 0.0199999 0.0294444 0.041626
0 0.3825 0.0667361 0.011875 0.0226389 0.0407715
0 0.364375 0.05125 0.00874999 0.0120833 0.0386047
7 0.0284375 0.376667 0.00734375 0.02 0.0368958
2 0.602813 0.0394271 0.00875003 0.0205903 0.0347595
3 0.18875 0.164444 0.0078125 0.0227778 0.0328369
0 0.459375 0.00477431 0.00625 0.00954861 0.0325928
2 0.71375 0.04875 0.00750001 0.0166667 0.0303345
7 0.74875 0.128472 0.00499999 0.0194444 0.0301056
7 0.74625 0.128333 0.00500005 0.0216667 0.0288696
0 0.574375 0.0211806 0.015 0.0136111 0.0276947
5 0.437813 0.0126389 0.00750001 0.0101389 0.0270691
4 0.0830469 0.240556 0.0409375 0.0444445 0.0249939
3 0.763125 0.0388889 0.00499999 0.0198611 0.0224609
2 0.6975 0.0544444 0.0475 0.0263889 0.0218658
7 0.0840625 0.290556 0.0040625 0.0138889 0.0217743
2 0.70375 0.041875 0.00499999 0.0191667 0.021698
0 0.99375 0.128611 0.0124999 0.0377778 0.021698
5 0.0132227 0.249722 0.0220703 0.0294444 0.0216217
7 0.65 0.0541667 0.00375004 0.0111111 0.0216217
7 0.65625 0.0513889 0.00375004 0.0131944 0.0214539
2 0.0105884 0.268333 0.0085498 0.0211111 0.0188293
0 0.84125 0.0769444 0.0375 0.0230556 0.0185394
3 0.220938 0.144722 0.00718749 0.0247222 0.0183411
0 0.207656 0.508889 0.06875 0.147778 0.0180511
7 0.94125 0.219444 0.00500005 0.0161111 0.0167236
0 0.410625 0.0239236 0.00874999 0.0113194 0.0162811
0 0.440313 0.0434722 0.011875 0.01875 0.0162201
0 0.98875 0.133472 0.0225 0.0347222 0.0162201
7 0.753125 0.159722 0.00499999 0.0166667 0.0154877
5 0.0166211 0.246111 0.0208203 0.0311111 0.0149536
0 0.291719 0.089375 0.015625 0.0198611 0.014061
2 0.7325 0.0346875 0.00625 0.0189583 0.0136871
0 0.214688 0.147917 0.02875 0.0286111 0.0133286
7 0.295469 0.113472 0.00531251 0.0136111 0.0130692
0 0.0259814 0.276667 0.0283496 0.0272222 0.0118713
0 0.2075 0.151389 0.015 0.0261111 0.0112915
3 0.50625 0.0426389 0.00500002 0.0311111 0.0112
0 0.138281 0.839444 0.185 0.321111 0.0109863
2 0.0152173 0.253819 0.0135107 0.0256944 0.0105667
2 0.725 0.0350694 0.00499999 0.0168056 0.00941467
3 0.5125 0.0420833 0.00625 0.0302778 0.0091629
0 0.283438 0.101806 0.03125 0.0291667 0.0086441
7 0.773125 0.143611 0.00499999 0.0194444 0.00844574
7 0.0235156 0.3275 0.00570313 0.0161111 0.00834656
0 0.0276172 0.272778 0.0201562 0.0333333 0.00800323
3 0.491563 0.0521528 0.010625 0.0226389 0.00766754
0 0.5825 0.0217014 0.029375 0.0150694 0.00763702
3 0.705625 0.0655556 0.00749995 0.0261111 0.00746155
0 0.9825 0.124306 0.0325 0.0255556 0.00728989
2 0.0527344 0.298333 0.0185938 0.0355556 0.00723267
0 0.340625 0.070625 0.015 0.0184722 0.00720596
7 0.594375 0.0441667 0.00499999 0.0143056 0.00709534
3 0.505313 0.0504167 0.00625 0.0315278 0.00706482
7 0.0848438 0.277778 0.00375 0.0111111 0.0068512
0 0.0716016 0.263264 0.0258594 0.0368056 0.00616837
7 0.0425391 0.307222 0.00679688 0.0272222 0.00614548
0 0.98 0.125521 0.04 0.0461805 0.00588989
7 0.270938 0.120278 0.00499999 0.0183333 0.00572968
2 0.616563 0.0327431 0.00562503 0.0142361 0.0055542
5 0.428125 0.0131597 0.009375 0.0111111 0.00553513
7 0.664375 0.0437674 0.00375004 0.0160764 0.00547028
0 0.443125 0.0322222 0.00812499 0.0173611 0.00530243
0 0.6725 0.0251389 0.015 0.0156944 0.00526047
0 0.195313 0.1575 0.01125 0.0244444 0.00516129
0 0.0926563 0.236667 0.028125 0.0288889 0.0051384
7 0.244844 0.136806 0.00406251 0.0127778 0.00482941
7 0.290156 0.118924 0.00625 0.0215972 0.00436401
2 0.22625 0.149583 0.01 0.0280556 0.00434875
3 0.715 0.114444 0.00749995 0.03 0.0042305
7 0.0699219 0.298056 0.0084375 0.0211111 0.00400543
2 0.194063 0.163889 0.00562499 0.0222222 0.00397491
0 0.984375 0.14 0.0312499 0.0355556 0.00388527
5 0.0254248 0.245 0.022666 0.0233333 0.00353813
0 0.6525 0.028125 0.0199999 0.0129167 0.00342941
7 0.7525 0.158056 0.00500005 0.0222222 0.00336266
7 0.75 0.0539583 0.00499999 0.0123611 0.00323486
3 0.00604004 0.257778 0.00842773 0.0194444 0.00318527
7 0.164688 0.196944 0.00375001 0.0172222 0.00314713
7 0.733125 0.0702778 0.00499999 0.0180556 0.0029583
3 0.255 0.123611 0.00374999 0.0161111 0.0027256
7 0.2475 0.2775 0.009375 0.025 0.00266266
2 0.575 0.0179861 0.014375 0.0172917 0.00263214
2 0.705 0.014375 0.00499999 0.0151389 0.00251198
7 0.74 0.137222 0.00500005 0.0216667 0.00250244
3 0.73 0.0286806 0.00499999 0.0231944 0.00243378
2 0.0980469 0.230556 0.0157813 0.0211111 0.00237846
2 0.82875 0.0520833 0.01625 0.0227778 0.00226021
0 0.46375 0.00892361 0.00499999 0.00888889 0.00225258
0 0.00439697 0.278611 0.00702637 0.02 0.00225258
3 0.0538281 0.214861 0.00578125 0.0269444 0.00209999
7 0.12625 0.222222 0.00375001 0.0127778 0.00209999
7 0.755 0.0498611 0.00249996 0.0118056 0.00203514
3 0.494375 0.0531944 0.00749998 0.0255556 0.00200272
7 0.58625 0.0459722 0.00499999 0.0133333 0.00196457
2 0.734375 0.122778 0.00750001 0.0255556 0.00195694
3 0.88625 0.0636806 0.00499999 0.0169444 0.00188923
3 0.46625 0.0595833 0.00625 0.0186111 0.00188255
3 0.47625 0.0340972 0.00499999 0.0166667 0.00186729
0 0.175781 0.806667 0.164063 0.348889 0.00186062
7 0.0156836 0.331111 0.00449219 0.0155555 0.00185299
0 0.3875 0.0711111 0.01625 0.0258333 0.00175476
7 0.168438 0.200278 0.004375 0.0130555 0.0017271
5 0.581563 0.0222917 0.030625 0.0175 0.00168705
0 0.5775 0.0226736 0.02125 0.0154167 0.0016489
5 0.5825 0.0259375 0.03375 0.0209028 0.00163555
7 0.0315234 0.376667 0.00773438 0.0194444 0.00158501
2 0.82375 0.07 0.015 0.01875 0.00156116
3 0.725 0.0838194 0.0175 0.035 0.00150681
2 0.0221094 0.262778 0.0182813 0.0238889 0.00149536
2 0.734375 0.107917 0.01125 0.035 0.0014782
5 0.0201172 0.234167 0.0219922 0.0272222 0.00143814
7 0.7775 0.141806 0.00749995 0.0194444 0.00139427
0 0.85 0.0769444 0.04 0.0225 0.00134563
3 0.233438 0.125278 0.00531251 0.0205556 0.00133514
7 0.655 0.0613889 0.00499999 0.0105556 0.00130463
3 0.48625 0.0411806 0.00625 0.0280556 0.00125504
0 0.358438 0.0540278 0.0125 0.0183333 0.00125504
3 0.122813 0.191944 0.006875 0.0216667 0.00124454
2 0.146484 0.174444 0.00515625 0.015 0.0011692
3 0.515625 0.0527604 0.00749998 0.0347569 0.00116062
7 0.9475 0.224722 0.00500005 0.0219444 0.00115585
3 0.733125 0.0427083 0.00499999 0.0197222 0.00114727
2 0.73 0.0764583 0.0125 0.0254167 0.0011158
2 0.74375 0.113611 0.01 0.0419444 0.0011158
2 0.468125 0.0528472 0.01 0.0268056 0.00109005
7 0.73625 0.175833 0.01 0.0322222 0.00109005
3 0.509375 0.033125 0.00874999 0.0359722 0.00107288
2 0.152969 0.172222 0.00562499 0.0161111 0.00103664
2 0.626875 0.0306944 0.00499999 0.0123611 0.00103188
0 0.0655469 0.224722 0.0295313 0.0394444 0.00102425
5 0.583125 0.01875 0.03375 0.0205556 0.00102043
