0 0.666875 0.882222 0.155 0.234444 0.959961
0 0.309688 0.878889 0.139375 0.241111 0.959473
0 0.78875 0.810556 0.15375 0.236667 0.958984
0 0.117793 0.755 0.131289 0.177778 0.953125
0 0.678125 0.583194 0.0875 0.126944 0.944336
0 0.28625 0.584445 0.080625 0.126667 0.944336
0 0.37625 0.623889 0.08375 0.128889 0.940918
0 0.581563 0.604445 0.078125 0.115556 0.939453
5 0.484063 0.848889 0.141875 0.301111 0.933594
0 0.4825 0.634444 0.07375 0.128889 0.931152
0 0.239063 0.561111 0.075625 0.0977778 0.916504
0 0.58875 0.375 0.065625 0.0422222 0.884766
0 0.46875 0.373611 0.0625 0.0388889 0.875977
0 0.82 0.355 0.04375 0.0333333 0.875977
0 0.0797266 0.452778 0.0400781 0.0333333 0.854004
0 0.7475 0.365556 0.0525 0.0355556 0.847168
0 0.164375 0.396111 0.03125 0.0266667 0.847168
0 0.280313 0.367222 0.040625 0.0277778 0.842773
2 0.119219 0.497222 0.0209375 0.0533334 0.842773
0 0.586875 0.337222 0.05 0.0322222 0.834473
0 0.346563 0.329722 0.016875 0.0227778 0.832031
0 0.0532031 0.441667 0.0309375 0.0277778 0.832031
0 0.622813 0.309722 0.031875 0.0205555 0.830078
0 0.5225 0.293333 0.01625 0.0211111 0.820801
2 0.0582813 0.510278 0.0171875 0.0438889 0.812988
0 0.366875 0.325 0.01625 0.0233333 0.804199
0 0.324688 0.332778 0.016875 0.0244444 0.803223
3 0.34875 0.468333 0.01375 0.0633333 0.796875
0 0.85 0.333333 0.03 0.0222222 0.788086
0 0.386875 0.323333 0.015 0.0227778 0.785156
0 0.68875 0.329722 0.0425 0.03 0.78125
2 0.7275 0.405278 0.0137499 0.0366667 0.749023
7 0.66625 0.465 0.00499999 0.0211111 0.743164
2 0.76375 0.407778 0.0175 0.0411111 0.740234
0 0.402813 0.322222 0.015625 0.0211111 0.726562
1 0.38 0.29 0.018125 0.0288889 0.713867
0 0.74 0.332778 0.04125 0.0266667 0.70752
0 0.73125 0.322778 0.035 0.0255556 0.699219
0 0.0702734 0.418889 0.0271094 0.0222222 0.684082
7 0.0233984 0.528889 0.00507813 0.0155555 0.682617
0 0.801875 0.330556 0.04125 0.0255556 0.679199
7 0.925 0.458889 0.00375004 0.0144444 0.675781
0 0.3575 0.315833 0.014375 0.02 0.65332
2 0.0169922 0.485278 0.0157031 0.0355556 0.65332
2 0.739375 0.395556 0.0175 0.0444444 0.649414
0 0.37 0.320556 0.015 0.0222222 0.640625
7 0.6775 0.479722 0.00749995 0.0238889 0.604004
7 0.234688 0.501667 0.00625 0.02 0.598145
2 0.665 0.321944 0.0112501 0.0288889 0.592773
0 0.300625 0.3475 0.0209375 0.0261111 0.556641
0 0.412188 0.316111 0.011875 0.0188889 0.546875
2 0.0403809 0.481389 0.0129883 0.0377778 0.515625
7 0.728125 0.440556 0.00499999 0.0172222 0.460938
7 0.92375 0.466667 0.00499999 0.0155556 0.435791
7 0.145 0.416944 0.0034375 0.0116666 0.418701
2 0.0256982 0.483333 0.0123535 0.0361111 0.418701
0 0.34 0.321944 0.01375 0.0205556 0.381104
0 0.406875 0.282222 0.00812502 0.0111111 0.368408
0 0.39125 0.305 0.01125 0.0166667 0.361084
0 0.39375 0.298611 0.010625 0.015 0.359375
7 0.126094 0.419722 0.00375 0.0077778 0.357666
0 0.33875 0.325556 0.011875 0.0211111 0.343262
0 0.0751563 0.419722 0.03375 0.0244445 0.331055
0 0.410625 0.311111 0.01375 0.0205555 0.323486
0 0.34375 0.321111 0.014375 0.0211111 0.297363
7 0.735 0.434167 0.00499999 0.0161111 0.286133
2 0.765 0.400556 0.01625 0.0388889 0.276611
5 0.445625 0.264167 0.00750001 0.0116667 0.273682
7 0.221875 0.515556 0.0075 0.0233333 0.273682
0 0.3975 0.314722 0.01125 0.0188889 0.252441
0 0.369063 0.306111 0.009375 0.0133333 0.235107
0 0.2975 0.344444 0.0190625 0.025 0.21936
2 0.0523047 0.411667 0.00828125 0.0211111 0.19873
0 0.484063 0.261111 0.00562499 0.0111111 0.191284
5 0.494375 0.262778 0.00687501 0.00999999 0.178345
0 0.8125 0.326944 0.0275 0.02 0.177856
7 0.22125 0.508333 0.00625 0.0244444 0.166138
0 0.433125 0.275556 0.00625 0.00888889 0.146606
7 0.65375 0.33 0.00374997 0.0133333 0.138428
7 0.0633594 0.466111 0.00539062 0.0183333 0.132935
7 0.739375 0.430556 0.00375004 0.0144444 0.125488
0 0.418125 0.283889 0.00812499 0.0133333 0.119202
2 0.72625 0.397222 0.0125 0.0416667 0.118408
0 0.306094 0.343333 0.019375 0.0222222 0.111267
7 0.725625 0.442778 0.00374997 0.0172222 0.0946655
0 0.406563 0.298333 0.009375 0.0144444 0.0917358
2 0.675 0.323611 0.00750001 0.0261111 0.0888062
0 0.0616016 0.418889 0.0271094 0.0222222 0.0820923
0 0.411875 0.281667 0.00874999 0.0111111 0.0806274
7 0.234844 0.368056 0.003125 0.00722224 0.0753174
7 0.635 0.33 0.003125 0.0116667 0.072876
0 0.41375 0.296667 0.00874999 0.0155556 0.0715942
3 0.66875 0.318889 0.00499999 0.0311111 0.0698242
7 0.00818848 0.543333 0.00538086 0.0211111 0.0690308
0 0.7425 0.340556 0.04375 0.03 0.0621033
0 0.424375 0.276389 0.00687501 0.0116667 0.0600891
0 0.39125 0.323333 0.01375 0.0211111 0.0505066
7 0.128594 0.413889 0.00359375 0.0122222 0.0505066
0 0.287813 0.350833 0.03125 0.0277778 0.0476074
0 0.379063 0.288889 0.01 0.0144444 0.0454407
0 0.44625 0.265 0.00874999 0.0116666 0.0448608
0 0.43 0.272222 0.00499999 0.00888889 0.0417786
0 0.169063 0.395556 0.0415625 0.0311111 0.0408325
0 0.49375 0.267222 0.00874999 0.00944446 0.0403748
7 0.685625 0.346111 0.00875003 0.0133333 0.0396423
0 0.851875 0.337778 0.035 0.0255556 0.0370483
2 0.68625 0.292222 0.00499999 0.0177778 0.0340881
2 0.7425 0.399444 0.02 0.0411111 0.0276947
2 0.0416309 0.49 0.0142383 0.0533333 0.0222015
3 0.175781 0.368333 0.0046875 0.0155555 0.0219421
0 0.74875 0.336667 0.05 0.0244444 0.0219421
2 0.7225 0.403889 0.02 0.0405555 0.0217743
2 0.72 0.401111 0.01625 0.0388889 0.021286
0 0.411875 0.270556 0.00874999 0.00944446 0.0209656
0 0.0539063 0.430833 0.0259375 0.0283333 0.0196838
0 0.354375 0.311667 0.013125 0.0188889 0.018692
0 0.52625 0.278889 0.00750001 0.0111111 0.0179901
0 0.74125 0.362222 0.045 0.0338889 0.0165253
0 0.36625 0.300556 0.01 0.0155555 0.0153656
7 0.5675 0.317222 0.00687504 0.0144444 0.0153046
2 0.721875 0.389444 0.02375 0.0477778 0.0149536
0 0.476563 0.261111 0.00562499 0.00777777 0.0149002
0 0.85875 0.334167 0.03625 0.0194444 0.0145569
0 0.3925 0.280833 0.00750001 0.0111111 0.0144501
0 0.301875 0.343056 0.020625 0.0261111 0.0137405
2 0.309375 0.342778 0.01375 0.0211111 0.0134277
2 0.764375 0.318333 0.00625 0.0166667 0.0132751
0 0.0208203 0.468889 0.0225 0.0311111 0.01297
0 0.6825 0.322778 0.02 0.0222222 0.0126266
0 0.0262842 0.472222 0.0318848 0.0388889 0.0120087
0 0.0783594 0.423056 0.03875 0.025 0.0118713
0 0.855625 0.337222 0.03625 0.0216667 0.0116425
0 0.273125 0.363333 0.03125 0.0255556 0.0112457
0 0.7375 0.324444 0.0425 0.0266667 0.0100098
7 0.220469 0.36 0.00375001 0.0122222 0.0100098
3 0.16375 0.372222 0.00531249 0.0194444 0.00945282
3 0.189688 0.372778 0.00406249 0.0211111 0.00941467
2 0.265 0.354167 0.00375001 0.0161111 0.00831604
0 0.8 0.336667 0.0425 0.03 0.00793457
7 0.205313 0.383611 0.0034375 0.00944446 0.00731659
7 0.74375 0.421667 0.00750001 0.0144444 0.00703812
2 0.0488281 0.408611 0.0134375 0.0183333 0.00698471
2 0.0487891 0.481667 0.0213281 0.0377778 0.00629044
2 0.41125 0.322222 0.01125 0.02 0.00600433
0 0.0143164 0.484444 0.0256641 0.0355555 0.00600433
2 0.037168 0.496111 0.00707031 0.0444445 0.00572968
2 0.0103418 0.485556 0.0144531 0.0316666 0.00521851
7 0.225625 0.367222 0.003125 0.00777777 0.00510025
2 0.77 0.392222 0.00999997 0.0277778 0.00510025
0 0.464688 0.264444 0.00437498 0.0111111 0.00431442
7 0.72375 0.448333 0.00499999 0.02 0.00397491
0 0.624063 0.305833 0.030625 0.0222222 0.0039444
7 0.375625 0.624444 0.0825 0.128889 0.00369263
2 0.710625 0.311667 0.00625 0.02 0.00327301
0 0.0515625 0.423333 0.02125 0.0211111 0.00301552
7 0.4825 0.634444 0.07375 0.128889 0.0029583
0 0.406563 0.262222 0.00625 0.0111111 0.0028553
7 0.581875 0.605556 0.0775 0.117778 0.00279999
7 0.650625 0.334444 0.00374997 0.0155555 0.00275803
2 0.751875 0.352222 0.05375 0.03 0.00265312
0 0.184219 0.368889 0.0121875 0.0205556 0.00259018
0 0.291563 0.352778 0.019375 0.0188889 0.0024929
7 0.215 0.367222 0.00375001 0.0111111 0.0024929
2 0.0309375 0.472778 0.0225 0.0388889 0.00247192
3 0.489063 0.307778 0.00500002 0.0211111 0.00243378
7 0.670625 0.474167 0.00625 0.0244445 0.00216484
0 0.455625 0.2625 0.00437501 0.00888889 0.00211525
5 0.445625 0.271111 0.00750001 0.0166667 0.00209999
2 0.27625 0.356667 0.00999997 0.0188889 0.00209999
7 0.928125 0.451667 0.00499999 0.0166667 0.00208282
2 0.115 0.381667 0.0046875 0.0166667 0.00205803
0 0.4225 0.313611 0.00874999 0.0127778 0.00203514
2 0.0144531 0.406111 0.0107031 0.0177778 0.00202751
3 0.71 0.398333 0.00875003 0.0333333 0.00194931
7 0.624375 0.348611 0.00500005 0.0105555 0.00188923
7 0.6775 0.582361 0.0862501 0.126389 0.00186729
2 0.765 0.301111 0.00500005 0.0172222 0.00183868
2 0.155625 0.398611 0.015625 0.0261111 0.00182438
0 0.52 0.289444 0.011875 0.0266667 0.00176811
2 0.65625 0.323333 0.00499999 0.0233333 0.00176811
0 0.469688 0.268333 0.00562499 0.00888889 0.00175476
7 0.125938 0.409167 0.00375 0.0161111 0.00172043
3 0.250156 0.343611 0.00531251 0.0238889 0.00167465
3 0.6775 0.294444 0.00749995 0.0172222 0.00163555
0 0.421875 0.295556 0.00874999 0.0122222 0.00162315
0 0.98625 0.333333 0.00999997 0.0144444 0.00161648
0 0.00436523 0.407222 0.00865234 0.0188889 0.00161648
7 0.166094 0.415556 0.00687499 0.0155555 0.00161648
3 0.023125 0.435556 0.00585938 0.0211111 0.00151253
0 0.00334473 0.438333 0.00666992 0.0227778 0.00148964
0 0.00314453 0.422222 0.00628906 0.0255556 0.0014782
3 0.14625 0.370833 0.004375 0.0183333 0.00143814
2 0.59625 0.301111 0.00500005 0.0155555 0.00143242
2 0.865 0.315556 0.00750001 0.0161111 0.00137806
2 0.155313 0.373611 0.00812499 0.0238889 0.00137806
3 0.1875 0.408333 0.00999999 0.03 0.00130463
0 0.585938 0.369444 0.059375 0.0388889 0.0012846
0 0.435625 0.263333 0.00375001 0.01 0.0012598
2 0.604375 0.300556 0.00374997 0.0144444 0.00121593
0 0.81125 0.323333 0.025 0.0222222 0.0012064
0 0.966875 0.346111 0.015 0.0211111 0.0012064
7 0.205156 0.37 0.003125 0.0111111 0.00110722
0 0.90625 0.333889 0.0125 0.0155555 0.00109482
0 0.9075 0.335 0.02 0.0155555 0.00108624
7 0.115703 0.422222 0.003125 0.00888889 0.00106525
7 0.644375 0.317778 0.00374997 0.0122222 0.00105667
0 0.8075 0.325 0.035 0.0255556 0.00105667
3 0.545 0.277222 0.00374997 0.0111111 0.00102043
