0 0.84125 0.864444 0.205 0.27 0.958008
0 0.485938 0.83 0.115 0.235556 0.955566
0 0.202188 0.795556 0.130625 0.196667 0.954102
0 0.605625 0.721111 0.10375 0.18 0.949219
0 0.344922 0.705 0.102656 0.164444 0.94873
0 0.277813 0.618889 0.0875 0.113333 0.939941
0 0.547813 0.466667 0.04875 0.0766667 0.933594
5 0.198594 0.599444 0.0971875 0.141111 0.931152
0 0.48 0.535694 0.055 0.0975 0.927246
0 0.0432031 0.91 0.08625 0.177778 0.924316
0 0.627188 0.487222 0.059375 0.0711111 0.917969
0 0.430625 0.417778 0.035625 0.0533333 0.897461
0 0.0594141 0.439444 0.0353906 0.0305556 0.85791
0 0.102656 0.401944 0.0253125 0.0233333 0.827637
2 0.75375 0.42 0.02 0.0511111 0.819824
0 0.290313 0.336667 0.0225 0.0188889 0.813965
7 0.234375 0.503056 0.0075 0.0227778 0.800781
0 0.244063 0.354444 0.026875 0.0238889 0.799316
7 0.66625 0.464167 0.00750001 0.0211111 0.763672
0 0.344375 0.345 0.02 0.0255556 0.760742
7 0.6775 0.479444 0.00749995 0.0233333 0.757812
0 0.79875 0.332778 0.0375 0.0233333 0.753418
0 0.372813 0.324444 0.015625 0.0205555 0.751953
0 0.8575 0.333889 0.03 0.0194444 0.741699
0 0.745625 0.333333 0.04 0.0233333 0.730957
2 0.66375 0.346667 0.00999997 0.0311111 0.72168
0 0.012041 0.436667 0.0237305 0.0222222 0.710449
0 0.853125 0.337222 0.03125 0.0194444 0.675781
0 0.40875 0.318333 0.01375 0.0188889 0.668945
0 0.320625 0.336111 0.01625 0.0255556 0.642578
7 0.0231641 0.5275 0.00484375 0.0161111 0.631836
0 0.848125 0.337222 0.02125 0.0188889 0.62793
0 0.0496094 0.988333 0.0992188 0.0211112 0.618652
0 0.00679199 0.403333 0.0134473 0.0238889 0.616699
7 0.92375 0.455 0.00499999 0.0155555 0.592773
3 0.948125 0.417778 0.00874996 0.05 0.577637
7 0.145156 0.415833 0.00375001 0.0122222 0.562012
0 0.5475 0.302778 0.01875 0.0166667 0.548828
0 0.3825 0.314444 0.0125 0.0177778 0.541016
0 0.319375 0.330556 0.015 0.0233333 0.533203
7 0.745625 0.400556 0.00499999 0.0166667 0.529297
0 0.327813 0.318056 0.01125 0.015 0.521484
0 0.95 0.334444 0.02375 0.0183333 0.521484
2 0.67875 0.360833 0.00999997 0.0305556 0.498047
2 0.20125 0.369167 0.008125 0.0211111 0.486328
0 0.387188 0.307778 0.011875 0.0183333 0.478516
0 0.360313 0.32 0.0125 0.0188889 0.453369
7 0.0465234 0.476111 0.00414062 0.0122223 0.453369
0 0.352813 0.317778 0.011875 0.0177778 0.443604
0 0.369688 0.306667 0.010625 0.015 0.440674
0 0.40125 0.297778 0.009375 0.0166667 0.428223
0 0.33625 0.327222 0.013125 0.0188889 0.42627
7 0.7225 0.401111 0.00499999 0.0166667 0.40918
0 0.392188 0.308333 0.010625 0.0166667 0.395996
0 0.361875 0.296667 0.00874999 0.0116667 0.361084
0 0.34875 0.312222 0.01 0.0144444 0.357666
0 0.343125 0.329444 0.01625 0.02 0.357666
7 0.7275 0.438889 0.00500005 0.02 0.353027
5 0.561875 0.286111 0.0112501 0.02 0.329346
7 0.125938 0.418889 0.0034375 0.00944446 0.319092
0 0.322813 0.337222 0.018125 0.0222222 0.279785
0 0.3375 0.316667 0.01125 0.0133333 0.275146
7 0.923125 0.465556 0.00499999 0.0172222 0.258301
0 0.35 0.308333 0.011875 0.0138889 0.255371
7 0.0634375 0.471667 0.004375 0.0133334 0.250977
0 0.376563 0.314444 0.011875 0.0194444 0.24939
0 0.43125 0.271944 0.00749998 0.0105556 0.248657
7 0.73625 0.425556 0.00499999 0.02 0.242188
0 0.398438 0.298056 0.00937503 0.0155556 0.219971
2 0.0432422 0.404722 0.00578125 0.0177778 0.206299
7 0.22125 0.517222 0.00812499 0.0255555 0.205566
7 0.634063 0.328889 0.003125 0.0111111 0.19812
0 0.307188 0.326667 0.0125 0.0172222 0.195557
0 0.385 0.292778 0.01 0.0144444 0.187134
5 0.409063 0.281111 0.01125 0.0144444 0.180664
0 0.409375 0.308333 0.01375 0.0155556 0.174438
2 0.6925 0.334167 0.015 0.0238889 0.167236
0 0.38125 0.288056 0.00749998 0.0116667 0.161865
0 0.85 0.339722 0.03 0.0216667 0.158691
2 0.68625 0.347778 0.025 0.0277778 0.153076
0 0.375313 0.299444 0.009375 0.0116667 0.143677
0 0.95 0.340833 0.025 0.0194444 0.143188
7 0.0483594 0.4775 0.00414063 0.0133333 0.129883
7 0.735 0.434167 0.00625 0.02 0.125977
0 0.341563 0.345556 0.02 0.0288889 0.123779
0 0.4275 0.276111 0.00874999 0.00999999 0.101257
0 0.3575 0.296944 0.00750001 0.00888887 0.085083
0 0.00544922 0.408889 0.0108984 0.0288889 0.0836182
0 0.359063 0.322778 0.015 0.0188889 0.0800781
3 0.70875 0.309444 0.00500005 0.0177778 0.0783691
2 0.68875 0.345 0.0225 0.03 0.0766602
0 0.4125 0.301667 0.01 0.0188889 0.069519
3 0.66125 0.345556 0.00750001 0.0283333 0.0669556
2 0.166875 0.372778 0.0090625 0.02 0.0653687
2 0.170313 0.371667 0.008125 0.0183333 0.0614319
0 0.432813 0.273333 0.00625 0.0111111 0.0583496
2 0.68 0.358611 0.0125 0.0338889 0.0574951
0 0.493125 0.266389 0.00750001 0.00999999 0.0568542
0 0.7475 0.336944 0.0425 0.0261111 0.0545959
7 0.00794922 0.542222 0.00652344 0.0177778 0.0531921
0 0.49375 0.262778 0.00625 0.00999999 0.0492249
2 0.105625 0.388333 0.013125 0.0166667 0.0472412
2 0.163438 0.377222 0.00625 0.0233333 0.0463867
7 0.220781 0.509444 0.00687501 0.0277778 0.0436096
7 0.635938 0.317778 0.00375004 0.0111111 0.0432129
0 0.7525 0.335 0.04 0.0233333 0.0419312
0 0.398125 0.281667 0.00812499 0.0111111 0.0409851
7 0.224063 0.365556 0.004375 0.0111111 0.0405273
0 0.533438 0.276667 0.00625003 0.00888889 0.0399475
2 0.69 0.341389 0.0199999 0.0277778 0.0352783
0 0.327813 0.309722 0.010625 0.0144444 0.0332031
5 0.409375 0.276111 0.01125 0.0172222 0.0303345
2 0.1875 0.368889 0.0075 0.0183333 0.0302124
7 0.128906 0.413889 0.0034375 0.0116667 0.0270691
0 0.319375 0.321389 0.0125 0.0172222 0.025177
7 0.595625 0.300556 0.00375004 0.0127778 0.0227966
0 0.525938 0.275556 0.00562499 0.00999999 0.02211
0 0.963125 0.344444 0.015 0.02 0.0218658
0 0.250625 0.353889 0.02375 0.0188889 0.0210114
3 0.189219 0.370556 0.004375 0.02 0.0192413
7 0.565625 0.315278 0.00375004 0.0111111 0.0186157
0 0.465 0.263889 0.00375001 0.01 0.0175171
0 0.418125 0.283333 0.00750001 0.0133333 0.0168457
0 0.445 0.263889 0.00499999 0.01 0.0164032
0 0.485625 0.257778 0.00499999 0.00944443 0.0163422
2 0.114609 0.384444 0.00390625 0.0166667 0.0142288
0 0.90625 0.336944 0.025 0.0155556 0.0140076
0 0.9075 0.338889 0.0225 0.0133333 0.0130692
0 0.475 0.26 0.00375001 0.00666668 0.0130234
7 0.595 0.311944 0.00374997 0.0111111 0.0129242
2 0.0366016 0.405 0.00703125 0.0166667 0.0127258
7 0.229688 0.372222 0.00374999 0.0111111 0.0125275
2 0.170625 0.371667 0.011875 0.0188889 0.0124817
0 0.9475 0.343056 0.02875 0.02 0.011467
7 0.65375 0.317778 0.00499999 0.0111111 0.0112915
1 0.348125 0.279167 0.0775 0.0672222 0.0104904
0 0.355625 0.282222 0.00625 0.0166667 0.00985718
7 0.219375 0.518333 0.01 0.0244444 0.00978088
2 0.76 0.321944 0.0175 0.02 0.00901794
0 0.9475 0.3375 0.0275 0.0177778 0.00831604
0 0.316094 0.334444 0.0159375 0.02 0.00818634
1 0.335313 0.28 0.11625 0.0755556 0.00734711
7 0.201875 0.376111 0.0075 0.0222222 0.00666809
7 0.165313 0.416667 0.003125 0.0122222 0.0064888
0 0.0096875 0.445 0.019375 0.0277778 0.00643921
7 0.73875 0.419444 0.00750001 0.0361111 0.00631332
7 0.19625 0.381111 0.0046875 0.0155556 0.00624084
7 0.6925 0.373333 0.00750001 0.0211111 0.00609589
7 0.265625 0.361111 0.00375001 0.0144444 0.00566483
3 0.488438 0.308889 0.00499999 0.0205556 0.00551224
1 0.342813 0.278333 0.093125 0.0911111 0.00538635
0 0.535 0.263889 0.00375001 0.01 0.00510025
7 0.5725 0.319167 0.00625 0.0133334 0.00510025
0 0.529063 0.27 0.00625 0.00888889 0.00510025
2 0.714375 0.310556 0.00625 0.0155556 0.00482941
0 0.44875 0.267222 0.00499999 0.00888889 0.00482941
3 0.545625 0.275278 0.00437501 0.0111111 0.00479126
2 0.115313 0.372222 0.005 0.0166667 0.0045929
5 0.546563 0.260556 0.00562503 0.0105555 0.00455475
2 0.186563 0.379444 0.00750001 0.0244445 0.00434875
7 0.72375 0.448056 0.00499999 0.0211111 0.00432968
2 0.7075 0.309444 0.00750001 0.0155555 0.00416565
3 0.774375 0.347222 0.0112501 0.0277778 0.00413513
0 0.96875 0.352778 0.02375 0.0266667 0.00413513
1 0.35875 0.271181 0.0575 0.0543055 0.00391388
3 0.9525 0.416111 0.00750001 0.0511111 0.00362206
3 0.81 0.305 0.00749995 0.02 0.00362206
0 0.96625 0.34 0.0137499 0.0144444 0.00349617
3 0.95 0.416667 0.01125 0.0511111 0.00348282
0 0.0118945 0.4275 0.0211328 0.02 0.00332451
2 0.716875 0.388333 0.01125 0.03 0.00319672
7 0.115 0.436111 0.00375 0.0133333 0.0030632
2 0.57875 0.285833 0.00625 0.0116666 0.00299263
0 0.00616211 0.395556 0.0122852 0.0266667 0.00298119
0 0.254375 0.355 0.0246875 0.0188889 0.00269318
5 0.407188 0.267778 0.00750001 0.0188889 0.00265312
2 0.199375 0.370556 0.010625 0.02 0.00257111
1 0.345 0.284722 0.0125 0.0311111 0.00248146
3 0.583438 0.291944 0.00687497 0.0172222 0.00229645
0 0.973125 0.36 0.03375 0.0322222 0.00228691
2 0.0255469 0.402778 0.0078125 0.0183333 0.00221634
3 0.547813 0.270556 0.00812505 0.0166667 0.00214958
0 0.344688 0.299444 0.00874999 0.0138889 0.00206757
2 0.0582031 0.4275 0.0179688 0.0177778 0.0020504
7 0.7175 0.449444 0.00750001 0.0233333 0.0020504
0 0.90375 0.342778 0.03125 0.0211111 0.00202751
0 0.9725 0.367222 0.035 0.0322222 0.00200272
7 0.22125 0.359167 0.00531251 0.0122222 0.00193405
0 0.75125 0.323889 0.035 0.0233333 0.00191212
7 0.125 0.408056 0.00328125 0.0161111 0.00186729
7 0.655 0.362778 0.00249996 0.0122222 0.00177479
2 0.0364844 0.391111 0.00859375 0.0222222 0.00176811
3 0.69375 0.361111 0.00750001 0.0233333 0.00171375
0 0.984375 0.335556 0.0125 0.0144444 0.0016613
0 0.235156 0.356111 0.024375 0.0194444 0.0016613
3 0.254375 0.3325 0.00625 0.0222222 0.0016489
0 0.420625 0.313333 0.01125 0.0155556 0.00154877
7 0.650625 0.3375 0.00499999 0.0161111 0.00146675
0 0.514688 0.263056 0.00375001 0.00833333 0.00144386
2 0.155625 0.37 0.0065625 0.0177778 0.00144386
2 0.69375 0.32 0.00750001 0.0177778 0.00141048
7 0.0561328 0.475 0.00398438 0.0111111 0.00139904
7 0.7075 0.402222 0.00499999 0.0144444 0.00133038
7 0.645 0.345278 0.00374997 0.0111111 0.00132465
0 0.0161548 0.427222 0.0196436 0.0211111 0.00123501
0 0.960625 0.371111 0.0175 0.0311111 0.00123024
3 0.650625 0.311667 0.00499999 0.0188889 0.0012207
0 0.85875 0.341111 0.0375 0.0233333 0.0011425
0 0.975 0.335278 0.0175 0.0155555 0.00113392
0 0.673125 0.331667 0.00625 0.0166667 0.00112438
7 0.169375 0.4125 0.00750001 0.0177778 0.00111198
0 0.425625 0.262222 0.00562499 0.00999999 0.00109863
0 0.0498828 0.982778 0.0997656 0.0322223 0.00109005
0 0.43625 0.265 0.00499999 0.0111111 0.00108147
7 0.65375 0.328889 0.00250003 0.0105556 0.00107288
0 0.69375 0.349444 0.02 0.03 0.00107288
5 0.0283789 0.393889 0.0247266 0.0311111 0.00103188
2 0.582813 0.283889 0.00812499 0.0155555 0.00100803
0 0.00546875 0.375556 0.0109375 0.0311111 0.00100803
