0 0.8075 0.554444 0.08 0.158889 0.945801
0 0.5725 0.55875 0.07 0.106944 0.942383
0 0.479063 0.568889 0.069375 0.124444 0.935059
0 0.49125 0.338889 0.05625 0.04 0.872559
0 0.1525 0.436667 0.0521875 0.0377778 0.871582
5 0.385625 0.320556 0.01875 0.0311111 0.86084
0 0.605625 0.328889 0.0425001 0.0277778 0.855957
5 0.317344 0.317222 0.0234375 0.0394445 0.85498
0 0.3225 0.333889 0.016875 0.0233333 0.851074
0 0.331172 0.366111 0.0464062 0.03 0.850098
0 0.259531 0.348333 0.0253125 0.0222222 0.833496
7 0.6775 0.48 0.00749995 0.0244445 0.806641
7 0.234531 0.503333 0.00750001 0.0222222 0.804199
0 0.342188 0.33 0.018125 0.0227778 0.790527
0 0.357188 0.323056 0.015625 0.0233333 0.779785
0 0.73125 0.331111 0.04 0.0255556 0.779785
7 0.66625 0.463889 0.00750001 0.0222222 0.775879
3 0.0700781 0.513333 0.0153906 0.0655556 0.766113
0 0.40625 0.321111 0.015 0.0211111 0.665527
0 0.412813 0.311667 0.01125 0.0183333 0.660156
0 0.4825 0.275 0.00750001 0.0127778 0.651367
7 0.74875 0.416111 0.00499999 0.0166667 0.613281
0 0.7375 0.328889 0.035 0.0244445 0.600098
7 0.92375 0.456944 0.00499999 0.0161111 0.567871
7 0.0229297 0.527222 0.00496094 0.0166667 0.556641
0 0.00664551 0.402778 0.0131934 0.0266667 0.550781
7 0.74625 0.4 0.00374997 0.0144444 0.533203
7 0.66625 0.464444 0.00499999 0.0222223 0.527344
0 0.370625 0.314722 0.01125 0.0233333 0.521484
0 0.37125 0.308611 0.01125 0.0177778 0.501953
0 0.34 0.317222 0.0125 0.0177778 0.486328
2 0.196719 0.371667 0.00718749 0.0211111 0.466797
0 0.41375 0.309167 0.0125 0.0172222 0.455078
7 0.7275 0.438611 0.00500005 0.0194444 0.420654
0 0.340625 0.313333 0.0125 0.0166667 0.40918
7 0.723125 0.401389 0.00499999 0.0177778 0.399902
0 0.371563 0.321667 0.014375 0.0238889 0.373779
7 0.923125 0.466111 0.00499999 0.0172222 0.346924
0 0.376875 0.292778 0.01125 0.0155555 0.343262
7 0.125469 0.417778 0.003125 0.00999999 0.338135
2 0.67125 0.313611 0.00749995 0.0183333 0.334473
7 0.68375 0.353333 0.00500005 0.0122222 0.332764
0 0.485 0.26 0.00562499 0.00999999 0.327637
0 0.388125 0.299167 0.01125 0.0172222 0.299072
0 0.378125 0.288889 0.00749998 0.0127778 0.248047
7 0.73875 0.422222 0.00499999 0.0188889 0.204956
0 0.39125 0.296667 0.009375 0.0133333 0.185303
2 0.237813 0.345 0.00718751 0.0177778 0.182373
2 0.5575 0.316111 0.00750001 0.0188889 0.177856
7 0.745 0.418333 0.00499999 0.0183333 0.169434
0 0.469063 0.268889 0.00562503 0.00777777 0.144653
0 0.49375 0.262778 0.00625 0.00999999 0.1427
0 0.3875 0.309444 0.01375 0.0266667 0.139893
0 0.3475 0.308333 0.01125 0.0133333 0.138428
0 0.475313 0.2625 0.00687497 0.0111111 0.135742
5 0.31625 0.324722 0.02375 0.0327778 0.12854
0 0.313281 0.328611 0.0146875 0.0266667 0.12085
5 0.43 0.268611 0.00875003 0.0133333 0.113586
0 0.4275 0.278333 0.00812499 0.0111111 0.111267
0 0.418125 0.282778 0.00874999 0.015 0.110474
7 0.635313 0.329444 0.00374997 0.0122222 0.103027
2 0.66625 0.313889 0.00499999 0.0188889 0.102661
0 0.00515625 0.408333 0.0103125 0.0333333 0.101257
7 0.220938 0.517778 0.00874999 0.0233333 0.0923462
0 0.433438 0.274722 0.00687501 0.00999999 0.0830078
7 0.669375 0.343889 0.00374997 0.0133333 0.0830078
7 0.219688 0.507778 0.00656249 0.025 0.0827026
2 0.191406 0.371944 0.0075 0.0233333 0.0809326
5 0.431563 0.265833 0.00875003 0.0138889 0.0786133
0 0.492188 0.266111 0.00687501 0.0111111 0.0783691
0 0.44375 0.262778 0.00500002 0.00888889 0.0775146
3 0.065625 0.488889 0.00859375 0.0344445 0.0682983
0 0.515313 0.260556 0.00375001 0.00611112 0.0554199
7 0.224219 0.366111 0.004375 0.00999999 0.0507202
7 0.12875 0.415278 0.00375 0.0138889 0.0465393
7 0.73375 0.431111 0.00500005 0.0177778 0.0446777
7 0.73625 0.427778 0.00499999 0.0194444 0.0427246
3 0.69375 0.445556 0.00874996 0.0622223 0.0399475
7 0.0484375 0.478333 0.0046875 0.0144444 0.0391846
7 0.0469531 0.476111 0.00445313 0.0122223 0.0383301
7 0.666875 0.353889 0.00374997 0.0116667 0.0343628
0 0.412813 0.297778 0.00999997 0.0144444 0.0309143
0 0.466875 0.275 0.00625 0.01 0.0299835
7 0.65375 0.317778 0.00250003 0.0122222 0.029541
0 0.185625 0.372222 0.0190625 0.0233333 0.0265503
5 0.429375 0.265 0.01 0.0144444 0.026062
1 0.345938 0.286389 0.01375 0.0311111 0.0248871
7 0.144063 0.406944 0.00406249 0.0138889 0.0235138
7 0.234375 0.3675 0.003125 0.00722221 0.0231476
2 0.177344 0.369444 0.00625 0.0188889 0.0211182
7 0.63625 0.316944 0.00375004 0.0122222 0.0191956
0 0.953125 0.336389 0.01375 0.0144444 0.0191193
3 0.163125 0.379167 0.00562499 0.0244444 0.0166626
7 0.229219 0.371111 0.00374999 0.0122222 0.0151291
2 0.594063 0.317222 0.00562496 0.0127778 0.0150757
0 0.355313 0.281389 0.00687501 0.0205555 0.0150146
0 0.535625 0.264167 0.00500002 0.0111111 0.0137939
0 0.9525 0.339444 0.0175 0.0144444 0.0126266
7 0.65375 0.326667 0.00499999 0.0133333 0.0112457
0 0.420625 0.3075 0.01125 0.0194444 0.00878143
3 0.69375 0.445 0.01125 0.0544445 0.00874329
7 0.00876953 0.542778 0.00570313 0.0222222 0.00871277
0 0.53375 0.278889 0.00625 0.00999999 0.00806427
7 0.778125 0.352222 0.00625 0.0188889 0.00800323
0 0.421875 0.295278 0.01 0.0172222 0.00740433
0 0.36625 0.299167 0.00874999 0.0116667 0.00728989
0 0.0339453 0.388889 0.0160937 0.0211111 0.00682449
0 0.34625 0.297222 0.00874999 0.0144444 0.00629044
2 0.185625 0.375833 0.01125 0.0266667 0.00600433
7 0.59625 0.302778 0.00500005 0.0166667 0.00591278
0 0.0246875 0.401667 0.0125781 0.0222222 0.00564194
7 0.574375 0.318333 0.00500005 0.0127778 0.00559998
0 0.525 0.260278 0.00375001 0.00722221 0.00526047
2 0.71 0.313889 0.00875003 0.0277778 0.00524139
0 0.00632813 0.397778 0.0126367 0.0311111 0.00510025
7 0.565625 0.317222 0.00437501 0.0138889 0.0050621
0 0.865 0.3 0.00750001 0.0133333 0.00498199
0 0.46625 0.264167 0.00500002 0.0105555 0.00475693
0 0.404688 0.277222 0.00687501 0.00777777 0.00468063
0 0.955625 0.343333 0.02125 0.0188889 0.00460815
7 0.220938 0.358333 0.0046875 0.0111111 0.00453949
7 0.285 0.349444 0.00406249 0.0105555 0.00445175
0 0.529688 0.268611 0.00500002 0.00833333 0.00443268
2 0.173906 0.371667 0.0140625 0.0205556 0.00443268
3 0.77625 0.351111 0.00625 0.0277778 0.00436401
0 0.525938 0.275556 0.00562499 0.0111111 0.00434875
0 0.0314063 0.398889 0.0208594 0.0255555 0.00408554
0 0.33125 0.317778 0.0125 0.0394444 0.00407028
0 0.73125 0.336111 0.0425 0.0288889 0.00397491
7 0.274688 0.351667 0.00499999 0.0155555 0.00385475
0 0.00304199 0.428611 0.00608398 0.0288889 0.00382423
0 0.410938 0.268889 0.00749998 0.0111111 0.00353813
0 0.354375 0.291111 0.00875003 0.0177778 0.00342941
0 0.73375 0.323889 0.0425001 0.0244444 0.00314713
7 0.645625 0.318611 0.00375004 0.0122222 0.00311089
0 0.48375 0.245417 0.00499999 0.00916666 0.00307465
0 0.405 0.300556 0.009375 0.0177778 0.00304031
0 0.323047 0.339444 0.0201563 0.0277778 0.00302696
0 0.44875 0.267222 0.00750001 0.0122222 0.00302696
7 0.655 0.363333 0.00375004 0.0111111 0.00300407
7 0.00815308 0.540556 0.00681885 0.0188889 0.00298119
0 0.75125 0.325556 0.035 0.0222222 0.0029583
0 0.00544922 0.376667 0.0108984 0.0316667 0.00293541
0 0.95875 0.336111 0.0175 0.0161111 0.00284576
0 0.968125 0.346667 0.02125 0.0211111 0.00279999
3 0.167031 0.375556 0.00843751 0.0266667 0.00277901
0 0.0303076 0.393889 0.0237598 0.0311111 0.00263214
3 0.685 0.294444 0.00499999 0.0177778 0.00259018
1 0.358438 0.279444 0.046875 0.0511111 0.00255013
7 0.219375 0.519167 0.009375 0.0227778 0.00253105
7 0.645 0.329444 0.00499999 0.00999999 0.0024929
7 0.75375 0.416667 0.00499999 0.0177778 0.00244331
7 0.805625 0.556111 0.0725 0.158889 0.00211525
3 0.69625 0.441944 0.00999997 0.0672222 0.00201988
7 0.7175 0.45 0.00750001 0.0227778 0.00190449
3 0.81 0.301111 0.00500005 0.0188889 0.00190449
2 0.290625 0.339444 0.00625 0.0144444 0.00186729
0 0.00874024 0.412778 0.0172852 0.0322222 0.00175476
0 0.98125 0.336667 0.01875 0.0166667 0.00167465
0 0.99625 0.313611 0.00749995 0.0216667 0.0016613
7 0.125234 0.408889 0.00328125 0.0155556 0.00153637
7 0.205469 0.381111 0.00406251 0.0138889 0.00150108
2 0.71625 0.387222 0.0125 0.0344445 0.00147247
1 0.346875 0.285556 0.02875 0.0422222 0.00145531
7 0.215 0.365556 0.003125 0.00999999 0.00143242
0 0.0087207 0.397222 0.0174414 0.0311111 0.00143242
7 0.210156 0.372778 0.0046875 0.0144444 0.00143242
7 0.134219 0.425833 0.009375 0.02 0.00142097
7 0.135625 0.405556 0.003125 0.01 0.00136662
0 0.905 0.340278 0.0225 0.0138889 0.00131989
0 0.336563 0.300556 0.00750001 0.0133333 0.00130463
2 0.255 0.338611 0.009375 0.0216667 0.00129414
0 0.9675 0.34 0.01375 0.0177778 0.00126934
2 0.865 0.308889 0.00625 0.0188889 0.00121593
1 0.9725 0.352222 0.0325 0.0277778 0.00117874
2 0.72 0.323611 0.02 0.0233333 0.00116062
0 0.18125 0.379444 0.0175 0.0255555 0.00116062
2 0.765 0.321111 0.00749995 0.0211111 0.00112057
0 0.394375 0.279444 0.00499999 0.00777777 0.00109005
2 0.0296094 0.408333 0.010625 0.0188889 0.00108147
2 0.679375 0.314444 0.01875 0.0166667 0.00106525
7 0.0651172 0.421944 0.00429688 0.0122222 0.00104809
3 0.0651563 0.517222 0.0277344 0.0611111 0.00104809
1 0.360625 0.270278 0.0475 0.0522222 0.00104046
7 0.660625 0.356667 0.00625 0.0161111 0.00103664
