0 0.163398 0.744444 0.156328 0.297778 0.962891
0 0.711094 0.666667 0.157813 0.324444 0.950195
0 0.107266 0.617639 0.128281 0.209167 0.946777
0 0.490625 0.627222 0.12 0.302222 0.946777
0 0.293281 0.399444 0.0996875 0.147222 0.944336
0 0.225469 0.384722 0.0890625 0.121667 0.939453
0 0.66 0.221944 0.06625 0.0833333 0.938965
0 0.34875 0.274722 0.06625 0.0922222 0.933594
0 0.420625 0.266181 0.0675 0.10875 0.931641
0 0.0167871 0.922222 0.0333789 0.153333 0.927734
0 0.599063 0.116146 0.035 0.049375 0.912598
0 0.500313 0.225833 0.048125 0.0811111 0.902832
0 0.550625 0.134306 0.036875 0.0502778 0.896973
0 0.489375 0.106528 0.028125 0.0394445 0.884766
0 0.468125 0.0623611 0.0175 0.0247222 0.884277
0 0.26375 0.155278 0.030625 0.0422222 0.874023
0 0.294375 0.113611 0.02125 0.0275 0.868164
0 0.212188 0.193056 0.035625 0.0483333 0.867188
0 0.51875 0.0594444 0.019375 0.0252778 0.864258
0 0.574688 0.0691667 0.024375 0.0372222 0.864258
0 0.0387109 0.302222 0.0346875 0.0416667 0.859863
0 0.50625 0.0452951 0.0175 0.0227431 0.858887
0 0.405 0.0620833 0.01875 0.0222222 0.84375
0 0.34625 0.103403 0.0225 0.0356945 0.837402
7 0.255938 0.265 0.0078125 0.0233333 0.834473
0 0.0721484 0.260069 0.0310156 0.0309722 0.829102
0 0.494375 0.07875 0.02125 0.0263889 0.827637
0 0.317031 0.116632 0.0253125 0.0289583 0.824219
0 0.478125 0.0342361 0.0125 0.0145833 0.822266
0 0.00929199 0.308889 0.0184277 0.0322222 0.795898
7 0.743125 0.172639 0.00625 0.0213889 0.782715
0 0.502813 0.0163889 0.010625 0.0152778 0.778809
7 0.242344 0.281111 0.00812499 0.0233333 0.774414
0 0.731875 0.0580556 0.03875 0.0273611 0.757812
1 0.798125 0.0499826 0.05125 0.0497569 0.749023
0 0.42375 0.0573611 0.015625 0.0227778 0.746094
0 0.781875 0.0631944 0.0375 0.0286111 0.743164
0 0.377188 0.074375 0.01625 0.0241667 0.743164
0 0.054834 0.278333 0.033457 0.0322222 0.741699
7 0.75125 0.161389 0.00499999 0.0194444 0.689453
0 0.329375 0.0821528 0.0175 0.0279167 0.677246
3 0.634375 0.0686111 0.00874996 0.0369444 0.67041
0 0.38875 0.0608333 0.0125 0.02125 0.629883
2 0.182031 0.180278 0.0109375 0.025 0.629883
7 0.0270313 0.380556 0.00570313 0.0188889 0.616699
0 0.7475 0.0545139 0.035 0.02375 0.605957
0 0.35625 0.0781944 0.01625 0.0193056 0.605957
7 0.94375 0.214167 0.00499999 0.0177778 0.605957
0 0.3775 0.0527778 0.01125 0.0186111 0.542969
0 0.321563 0.0991667 0.02125 0.0263889 0.533203
0 0.4325 0.0495833 0.0125 0.0190278 0.519531
7 0.70375 0.0790278 0.00374997 0.0125 0.519531
0 0.361563 0.0641667 0.0125 0.0236111 0.515625
0 0.430938 0.0547222 0.0125 0.0218056 0.453369
0 0.3875 0.0577778 0.0125 0.0195833 0.44751
0 0.41 0.0477778 0.0125 0.0188889 0.434082
7 0.94375 0.218889 0.00499999 0.0180556 0.42627
1 0.406875 0.0267361 0.015625 0.0230556 0.418701
7 0.7675 0.129167 0.00499999 0.0169444 0.411133
0 0.394375 0.0590278 0.013125 0.0191667 0.394287
0 0.113438 0.188056 0.0209375 0.0272222 0.392334
0 0.426563 0.0302083 0.010625 0.0152778 0.373779
0 0.396875 0.0476389 0.010625 0.0172222 0.363037
0 0.402813 0.0452083 0.010625 0.0175 0.363037
7 0.94125 0.215556 0.00500005 0.0177778 0.349609
0 0.375 0.0548611 0.013125 0.0183333 0.332031
0 0.386875 0.0498611 0.010625 0.0155556 0.329346
0 0.351875 0.0673611 0.0125 0.0197222 0.329346
7 0.74375 0.125 0.00499999 0.0169444 0.324219
7 0.0427734 0.361111 0.005625 0.0177778 0.317383
3 0.124766 0.227222 0.00921875 0.0344444 0.259766
0 0.8275 0.0657639 0.0325 0.0273611 0.252441
7 0.745 0.127361 0.00499999 0.0183333 0.252441
1 0.409375 0.0256944 0.0175 0.0243056 0.250244
7 0.70125 0.198611 0.00750001 0.0255555 0.246582
0 0.42875 0.0226389 0.01125 0.0138889 0.225464
7 0.0279297 0.38 0.00515625 0.0183333 0.224731
0 0.39625 0.0333333 0.01 0.0127778 0.220703
0 0.376875 0.0634028 0.015625 0.0301389 0.218018
0 0.44375 0.0126736 0.00874999 0.0122917 0.213379
7 0.164063 0.205278 0.00374999 0.0111111 0.206299
0 0.365625 0.051875 0.01125 0.0130556 0.199341
0 0.49125 0.101389 0.025 0.0422222 0.194946
0 0.518438 0.0552778 0.023125 0.0269444 0.190063
3 0.220313 0.147778 0.005 0.0238889 0.187744
7 0.67125 0.0524306 0.00250003 0.0111111 0.185303
7 0.755 0.158056 0.00499999 0.0194444 0.180664
7 0.655 0.0486806 0.00249996 0.00902778 0.178955
0 0.414688 0.0273611 0.014375 0.0218056 0.176147
0 0.349688 0.0675 0.0125 0.0166667 0.167236
7 0.0759766 0.292778 0.00398438 0.0122222 0.166138
7 0.70125 0.0781944 0.00499999 0.0169444 0.165039
3 0.229844 0.1325 0.00343749 0.0222222 0.150024
0 0.00549805 0.273333 0.010957 0.0244445 0.146606
0 0.496875 0.0804167 0.015 0.0283333 0.144653
0 0.76 0.0582639 0.045 0.0229167 0.138916
2 0.179688 0.179722 0.01625 0.0255556 0.137085
7 0.0655078 0.298889 0.00429688 0.0144444 0.127197
2 0.615625 0.0286111 0.00437501 0.0156944 0.125977
7 0.595313 0.0466667 0.00375004 0.0125 0.12085
0 0.433125 0.028125 0.00750001 0.0135417 0.120422
7 0.169688 0.191389 0.0034375 0.0166667 0.119995
0 0.00897461 0.268333 0.0150977 0.0244444 0.115173
7 0.143984 0.213611 0.00390625 0.0155556 0.111633
0 0.353125 0.0631944 0.013125 0.0188889 0.104492
7 0.144219 0.219167 0.00374999 0.0133333 0.104126
3 0.204375 0.153611 0.00562499 0.0222222 0.100891
5 0.428125 0.0152431 0.013125 0.0159028 0.0913696
2 0.219063 0.149167 0.0090625 0.0222222 0.085083
2 0.123516 0.218889 0.0090625 0.0277778 0.0731812
3 0.125781 0.224583 0.00953125 0.0286111 0.072876
7 0.75375 0.161944 0.00499999 0.0211111 0.0703125
0 0.315937 0.0979167 0.0225 0.0230556 0.0680542
0 0.453125 0.0102083 0.00625 0.00763889 0.0675659
0 0.7375 0.0613889 0.0425 0.0288889 0.0645142
7 0.140938 0.214028 0.00406249 0.0152778 0.0629272
3 0.106875 0.203611 0.005625 0.0183333 0.0611877
7 0.65125 0.0518056 0.00250003 0.0119444 0.0592041
5 0.435625 0.0147222 0.00687501 0.01375 0.0587769
2 0.109844 0.191806 0.0115625 0.0244444 0.0574951
0 0.351875 0.0816667 0.01625 0.0194444 0.055603
0 0.78625 0.0360417 0.0275 0.0222222 0.0549927
7 0.0946094 0.279167 0.00359375 0.0105555 0.0531921
7 0.085625 0.282778 0.004375 0.0144444 0.0420837
0 0.823125 0.0657639 0.03875 0.0234722 0.0415344
7 0.686875 0.0784722 0.00500005 0.0116667 0.0408325
7 0.69 0.1875 0.00625 0.0233333 0.0396423
2 0.0117212 0.265 0.0100342 0.0194444 0.0368958
0 0.478125 0.0406771 0.013125 0.0217014 0.0366211
0 0.334688 0.0780556 0.0175 0.0230556 0.0366211
0 0.45875 0.00378472 0.00625 0.00756944 0.0360718
2 0.220938 0.149444 0.00874999 0.0227778 0.0333252
7 0.0842188 0.291111 0.00437501 0.0133333 0.0330811
0 0.77875 0.0539583 0.0175 0.0177778 0.0305634
2 0.72625 0.0346528 0.00499999 0.0148611 0.0301056
2 0.133438 0.176944 0.00843751 0.0188889 0.0288696
7 0.76625 0.12625 0.00499999 0.0186111 0.028656
7 0.700625 0.200278 0.00625 0.0361111 0.0276947
7 0.0691406 0.298889 0.00453125 0.0155555 0.0274811
7 0.0352344 0.370556 0.00382813 0.0155555 0.0268555
2 0.234219 0.135833 0.0046875 0.0183333 0.0267639
0 0.468438 0.05625 0.015625 0.0229167 0.0246124
7 0.253438 0.265 0.00875001 0.0233333 0.0246124
0 0.8275 0.0708333 0.0325 0.0270833 0.0245209
0 0.465 0.0642361 0.01625 0.025 0.0236053
7 0.245 0.136389 0.00249999 0.00944444 0.0229797
0 0.00765137 0.314444 0.0153027 0.0411111 0.0227966
1 0.81875 0.0593056 0.0525 0.0369444 0.0223694
0 0.449375 0.0160417 0.00625 0.0119444 0.0222015
3 0.89375 0.0663889 0.00499999 0.0208333 0.0219421
0 0.0672266 0.268264 0.0271094 0.04125 0.0206451
3 0.88375 0.0584722 0.00499999 0.0236111 0.0201721
7 0.67375 0.0509722 0.00375004 0.0105556 0.0186157
0 0.0217383 0.247778 0.0163281 0.0194444 0.0177765
2 0.8825 0.0511111 0.00750001 0.0165278 0.0172424
0 0.515625 0.008125 0.00625 0.0104167 0.0162811
0 0.0461621 0.288333 0.0339258 0.0355555 0.0152512
0 0.0047168 0.381111 0.00882813 0.0266667 0.0146713
7 0.69 0.0552778 0.00374997 0.0102778 0.014061
3 0.169375 0.168889 0.00499999 0.0227778 0.0130234
0 0.324063 0.0897222 0.020625 0.0222222 0.0128708
0 0.959375 0.105278 0.0175 0.0163889 0.0124283
2 0.00361816 0.379444 0.00723633 0.0316667 0.0109024
7 0.729375 0.121667 0.00499999 0.0194445 0.0104065
2 0.197812 0.185833 0.008125 0.0316667 0.0103302
7 0.665 0.0476389 0.00250003 0.0075 0.00974274
7 0.77375 0.146528 0.00499999 0.0158333 0.00926971
0 0.78125 0.0700694 0.0375 0.0283333 0.00894928
0 0.206563 0.198333 0.0253125 0.0405556 0.00891876
0 0.99625 0.125417 0.00749995 0.025 0.00888062
7 0.155078 0.221944 0.0034375 0.00944444 0.00857544
5 0.00482422 0.254167 0.00964844 0.0316666 0.00857544
2 0.0453125 0.245 0.00765625 0.0161111 0.00757599
0 0.50125 0.00684028 0.00874999 0.0136806 0.00746155
3 0.715 0.179028 0.00749995 0.0597222 0.00731659
0 0.029082 0.296111 0.0271484 0.0311111 0.00717545
7 0.705 0.0454167 0.00249996 0.0119444 0.00658798
3 0.92625 0.226667 0.00750001 0.0488889 0.00621796
3 0.274688 0.101181 0.00531247 0.0154167 0.00614548
3 0.89 0.06125 0.00499999 0.0244444 0.00609589
0 0.8325 0.0779167 0.0375 0.0205556 0.00591278
0 0.329375 0.0773611 0.016875 0.0270833 0.005867
3 0.205625 0.213889 0.0153125 0.0411111 0.00582123
5 0.824375 0.0594444 0.0375 0.0376389 0.00564194
0 0.8225 0.0727778 0.025 0.0247222 0.00498199
0 0.358125 0.0531944 0.01 0.0158333 0.00494385
2 0.20375 0.142917 0.00625 0.0194444 0.00482941
2 0.193438 0.15125 0.00687499 0.0263889 0.00471878
0 0.99625 0.133611 0.00749995 0.0288889 0.0045929
7 0.688125 0.182917 0.00625 0.0216667 0.00448608
7 0.76375 0.149028 0.00499999 0.0147222 0.00446701
2 0.574375 0.0269792 0.00500005 0.01375 0.00432968
7 0.6925 0.185833 0.00750001 0.02 0.00419998
0 0.9725 0.106111 0.0175001 0.0177778 0.0041008
3 0.269531 0.0968056 0.00624998 0.0225 0.00391388
2 0.925 0.0895833 0.00750001 0.0205556 0.00382423
2 0.187813 0.189722 0.0125 0.0294444 0.00382423
3 0.233906 0.125417 0.0046875 0.0216667 0.00380898
3 0.266406 0.103889 0.00500002 0.0175 0.00379562
2 0.0757422 0.225139 0.00546875 0.0136111 0.00376511
0 0.474375 0.0234375 0.0125 0.0152778 0.00370789
7 0.645 0.0828472 0.00499999 0.0115278 0.0036068
0 0.8775 0.0509722 0.0175 0.0166667 0.00359344
3 0.714375 0.17 0.01 0.0772222 0.00342941
0 0.198438 0.175556 0.0125 0.0283333 0.00301552
0 0.0360498 0.295556 0.0334473 0.04 0.00300407
7 0.0645703 0.305556 0.00460938 0.0177778 0.0029583
0 0.578125 0.0469444 0.01375 0.0125 0.00281143
3 0.67625 0.0275 0.00499999 0.0176389 0.00279999
0 0.48875 0.0765278 0.02375 0.0302778 0.0027256
0 0.388125 0.0338194 0.01 0.0131944 0.00271416
0 0.500625 0.0157986 0.0125 0.0143056 0.00268364
3 0.207344 0.205972 0.019375 0.0475 0.0026722
7 0.565 0.0286806 0.00374997 0.0111111 0.00261116
3 0.21 0.157917 0.011875 0.0258333 0.00260162
7 0.226563 0.385 0.0875 0.123333 0.00234222
7 0.74875 0.126389 0.00375004 0.0194444 0.00229645
3 0.165 0.158333 0.005 0.0194444 0.00222588
0 0.840625 0.0801389 0.035 0.0216667 0.00220871
0 0.505 0.0157986 0.01375 0.0184722 0.00220871
3 0.704375 0.0306944 0.00374997 0.0127778 0.00216484
2 0.140313 0.171806 0.011875 0.0166667 0.00215721
0 0.98875 0.120278 0.015 0.02 0.00208282
3 0.215 0.1425 0.00375001 0.0172222 0.00206757
0 0.49375 0.0610417 0.02375 0.0388889 0.00204277
0 0.119688 0.183056 0.035 0.0294444 0.00197983
0 0.579375 0.0519444 0.015 0.0169444 0.00186062
3 0.72625 0.0753472 0.00625 0.02625 0.00183105
2 0.634063 0.0670833 0.00812499 0.0419444 0.00182438
3 0.0254883 0.311111 0.00832031 0.0477778 0.00179577
7 0.249688 0.128333 0.004375 0.0133333 0.00176811
3 0.0369141 0.266389 0.00859375 0.0222222 0.00176144
0 0.9775 0.115972 0.0125 0.0180555 0.0017271
0 0.113594 0.184444 0.0245313 0.0322222 0.00171375
7 0.00555176 0.381667 0.0103418 0.0277778 0.00171375
0 0.98125 0.106111 0.0125 0.0188889 0.00167465
7 0.135313 0.224444 0.00375001 0.0133333 0.00165462
3 0.275313 0.09 0.00656249 0.0202778 0.00164223
3 0.73 0.0886111 0.00750001 0.0397222 0.00157928
0 0.295313 0.1 0.021875 0.0261111 0.00152493
3 0.89375 0.0533333 0.00499999 0.0194444 0.00151253
5 0.0156934 0.250556 0.0149023 0.0233333 0.00148964
0 0.0676172 0.256111 0.0297656 0.0322222 0.00139427
0 0.44375 0.0250694 0.00625 0.0129167 0.00137806
2 0.196563 0.144444 0.0096875 0.0216667 0.00136662
0 0.549375 0.0178472 0.00749995 0.01375 0.00134087
2 0.1675 0.176528 0.0075 0.0208333 0.00133514
0 0.00334961 0.35 0.00669922 0.0433333 0.00126934
3 0.924375 0.225556 0.00625 0.0461111 0.00123024
7 0.515 0.913333 0.00625 0.0188889 0.00122547
1 0.985 0.145833 0.03 0.0405556 0.00115585
2 0.225 0.138889 0.003125 0.015 0.00112915
3 0.210781 0.131944 0.00718749 0.0247222 0.00112438
2 0.73625 0.0370486 0.00750001 0.0202083 0.00109863
7 0.95375 0.271667 0.00500005 0.0238889 0.00109863
7 0.615 0.046875 0.00374997 0.00888889 0.00107288
7 0.155938 0.209444 0.00374999 0.0105555 0.00100803
