0 0.491875 0.785 0.14125 0.41 0.962891
0 0.8125 0.518333 0.1725 0.292222 0.956543
0 0.268125 0.848889 0.18375 0.3 0.956543
0 0.721406 0.79 0.197187 0.42 0.949219
0 0.360313 0.492222 0.125 0.238889 0.948242
0 0.943125 0.896667 0.11375 0.206667 0.948242
0 0.331875 0.318889 0.07625 0.104444 0.943848
0 0.69625 0.300486 0.09125 0.116806 0.943359
0 0.64125 0.447222 0.11375 0.2 0.942383
0 0.495 0.434722 0.09 0.18 0.941895
0 0.410625 0.315556 0.07 0.113333 0.94043
0 0.256875 0.469722 0.110625 0.175 0.94043
0 0.214531 0.373611 0.11625 0.178333 0.938965
0 0.503125 0.273403 0.0625 0.140972 0.930664
0 0.603438 0.296944 0.076875 0.121667 0.927246
0 0.0825781 0.250556 0.0360938 0.045 0.884766
0 0.0335596 0.288333 0.0308496 0.0355555 0.883301
0 0.0454688 0.822778 0.0909375 0.274444 0.877441
7 0.255625 0.263056 0.00874999 0.0216667 0.836426
0 0.75 0.0556944 0.0375 0.0227778 0.824219
0 0.402813 0.0659722 0.01625 0.0202778 0.811523
0 0.3425 0.0838194 0.01875 0.0218056 0.803223
0 0.126406 0.209167 0.03125 0.0344445 0.785156
0 0.785 0.0665972 0.04 0.0240278 0.782715
0 0.421563 0.0608333 0.014375 0.0222222 0.757812
0 0.8625 0.0752778 0.035 0.0244444 0.712402
7 0.743125 0.171667 0.00625 0.0211111 0.70752
1 0.362813 0.0553472 0.030625 0.0433333 0.705566
7 0.75125 0.160833 0.00625 0.0197222 0.694336
2 0.0842188 0.323611 0.0176563 0.0494444 0.640625
7 0.94375 0.2175 0.00499999 0.0177778 0.624512
0 0.324688 0.0866667 0.01875 0.0236111 0.615234
0 0.43125 0.0480556 0.01125 0.0169444 0.611328
0 0.38 0.0691667 0.01875 0.0261111 0.567871
7 0.241875 0.278333 0.0075 0.0194444 0.546875
7 0.70125 0.198889 0.00750001 0.0238889 0.523438
7 0.0271875 0.378889 0.005625 0.0177778 0.519531
0 0.411875 0.0470833 0.01125 0.0180556 0.513672
7 0.945 0.215 0.00499999 0.0188889 0.509766
0 0.84125 0.071875 0.0300001 0.0215278 0.505859
0 0.00836914 0.270556 0.0167383 0.0288889 0.477539
0 0.845625 0.0745833 0.03 0.0234722 0.474609
7 0.0281836 0.379444 0.00472656 0.0166667 0.467773
0 0.3875 0.0513194 0.01125 0.0181944 0.44165
7 0.70375 0.0780556 0.00374997 0.0130556 0.397949
7 0.74375 0.124583 0.00499999 0.0166667 0.38501
2 0.223281 0.145833 0.0075 0.0227778 0.381104
0 0.3975 0.0501389 0.01125 0.0175 0.375732
7 0.0663281 0.298611 0.00453125 0.0133333 0.373779
7 0.7675 0.128889 0.00499999 0.0172222 0.373779
2 0.72625 0.0991667 0.01125 0.0383333 0.348633
0 0.389375 0.0575 0.0125 0.0170833 0.338135
0 0.432188 0.0534028 0.011875 0.0181944 0.330322
2 0.224375 0.143333 0.00718749 0.0222222 0.324219
0 0.40125 0.0511111 0.0125 0.0188889 0.312256
7 0.7525 0.158333 0.00749995 0.0194444 0.310791
0 0.835 0.07125 0.0325 0.0213889 0.295898
0 0.410938 0.0572222 0.0125 0.0188889 0.2854
0 0.42375 0.0355556 0.00999997 0.0175 0.281494
0 0.4325 0.0275347 0.00812499 0.0138889 0.269043
7 0.285313 0.115833 0.00375001 0.0105556 0.245117
1 0.37375 0.0440451 0.02125 0.0282986 0.236572
7 0.65125 0.0527778 0.00250003 0.0105556 0.233032
7 0.67 0.0520833 0.00250003 0.0111111 0.2323
0 0.41 0.0602778 0.0125 0.0219444 0.225464
0 0.8525 0.0755556 0.035 0.0241667 0.216064
0 0.4225 0.0467361 0.0125 0.0179167 0.215332
7 0.70125 0.0779167 0.00499999 0.0161111 0.213989
0 0.322578 0.0895833 0.0160938 0.02375 0.208862
7 0.94125 0.217083 0.00500005 0.0172222 0.20813
7 0.745 0.127222 0.00499999 0.0188889 0.191284
0 0.39125 0.0636111 0.01125 0.0216667 0.187744
0 0.34 0.0804861 0.01625 0.0211111 0.187134
7 0.655 0.0486111 0.00249996 0.00861111 0.184204
0 0.415 0.0297917 0.00625 0.0111111 0.150513
5 0.438125 0.0154167 0.01 0.0134722 0.144165
7 0.595625 0.0460417 0.00375004 0.0119444 0.1427
1 0.362188 0.0625 0.026875 0.0330556 0.140869
0 0.34875 0.0713889 0.011875 0.0197222 0.136108
3 0.0847656 0.324722 0.0167187 0.0516667 0.119629
7 0.753125 0.161667 0.00625 0.0213889 0.113586
0 0.358125 0.0728472 0.01375 0.0230555 0.113159
2 0.220469 0.145556 0.00906251 0.0227778 0.113159
0 0.3625 0.0697917 0.0225 0.02875 0.0984497
0 0.430938 0.0220486 0.00812499 0.0104861 0.0980835
2 0.219375 0.147639 0.01125 0.0244445 0.0943604
7 0.7675 0.132778 0.00499999 0.0152778 0.0933228
7 0.766875 0.125556 0.00499999 0.0175 0.0923462
7 0.700625 0.20125 0.00750001 0.0333333 0.092041
2 0.0829883 0.317222 0.0146484 0.05 0.0900879
0 0.214531 0.1475 0.02625 0.0261111 0.0809326
7 0.16375 0.204167 0.00406251 0.0113889 0.0797729
2 0.73 0.101111 0.0175 0.0397222 0.076416
0 0.4075 0.0324653 0.00750001 0.0114583 0.0750122
7 0.144219 0.210417 0.0046875 0.0175 0.0611877
3 0.7275 0.101736 0.00999997 0.0418056 0.0609741
3 0.0789844 0.315 0.00890625 0.0316667 0.0526123
0 0.430625 0.0570833 0.0125 0.0191667 0.0509033
7 0.253438 0.263333 0.00875001 0.0216667 0.0417786
7 0.69 0.186806 0.00749995 0.0247222 0.0375977
0 0.00480469 0.38 0.00833984 0.025 0.0314941
7 0.77375 0.146944 0.00499999 0.0155556 0.0296478
7 0.0690234 0.299167 0.0059375 0.0188889 0.0289764
7 0.144688 0.217778 0.00406249 0.0172222 0.0252686
7 0.68625 0.0792361 0.00499999 0.0113889 0.0248871
2 0.00413574 0.378889 0.00782227 0.03 0.024231
2 0.8825 0.0518056 0.00750001 0.0172222 0.0227203
0 0.82625 0.0729861 0.0375 0.0213889 0.0224609
0 0.441875 0.0160417 0.00874999 0.0130556 0.0207977
7 0.0854688 0.276111 0.00562499 0.0111111 0.0207977
7 0.665 0.0483333 0.00250003 0.00805556 0.0193481
2 0.72625 0.0352431 0.00499999 0.0159028 0.0191956
7 0.705 0.0488889 0.00249996 0.0130556 0.0189056
7 0.255156 0.266389 0.009375 0.0261111 0.0172424
2 0.0562109 0.243056 0.00898438 0.02 0.0168457
7 0.0424609 0.360278 0.005625 0.0161111 0.0166626
7 0.69 0.0539583 0.00250003 0.0109722 0.0157776
7 0.585625 0.0445139 0.00374997 0.0115278 0.0135345
7 0.71375 0.0520833 0.00499999 0.0161111 0.0123367
7 0.615313 0.03 0.00374997 0.0129167 0.0119629
0 0.8 0.0691667 0.0375001 0.0208333 0.0107803
0 0.78125 0.0630556 0.05125 0.0252778 0.0106506
3 0.22875 0.134444 0.004375 0.0216667 0.0105667
7 0.67375 0.0495139 0.00375004 0.00902778 0.0104065
0 0.455313 0.00979167 0.00500002 0.00833333 0.0102463
3 0.530625 0.0491667 0.00625 0.02 0.01017
3 0.168438 0.156111 0.00562501 0.0194444 0.00971222
2 0.194375 0.150278 0.00625 0.025 0.00948334
0 0.586875 0.0233333 0.01875 0.0131944 0.00926971
0 0.7875 0.0713889 0.0437501 0.0273611 0.00787354
7 0.6875 0.183333 0.00625 0.0211111 0.00769424
7 0.7625 0.148611 0.00499999 0.0161111 0.00720596
7 0.249688 0.125833 0.0028125 0.00944444 0.00698471
3 0.166562 0.159167 0.005 0.0172222 0.0069313
0 0.410938 0.0247222 0.00749998 0.0129167 0.0069313
7 0.155625 0.205278 0.00375001 0.0122222 0.00679779
3 0.165313 0.166111 0.00374999 0.0183333 0.00671768
3 0.88375 0.0622917 0.00499999 0.0209722 0.0064621
7 0.115391 0.240972 0.00421875 0.0169445 0.00602722
0 0.99625 0.126111 0.00749995 0.0255556 0.00584412
0 0.339063 0.0734722 0.01375 0.0219444 0.00570679
7 0.74875 0.126667 0.00249996 0.0172222 0.00530243
7 0.234688 0.138056 0.004375 0.0127778 0.00527954
1 0.375 0.0425694 0.01625 0.0322222 0.00526047
7 0.245313 0.135833 0.003125 0.00666666 0.00516129
0 0.402188 0.0709722 0.0175 0.0261111 0.00498199
3 0.92625 0.0884722 0.00750001 0.0215278 0.0049057
0 0.995625 0.134167 0.00874996 0.0294444 0.0049057
2 0.0475 0.243194 0.0103125 0.0163889 0.00488663
0 0.396875 0.0309722 0.00749998 0.00805556 0.00473785
0 0.459375 0.00479167 0.00562499 0.00958333 0.00462723
7 0.729375 0.114861 0.00625 0.0333333 0.0045929
3 0.51875 0.0506944 0.01 0.0198611 0.00434875
2 0.133516 0.174722 0.00734376 0.0147222 0.00434875
0 0.95875 0.104861 0.0175 0.0163889 0.00426483
7 0.691875 0.185139 0.00750001 0.0216667 0.0042305
3 0.531875 0.0494444 0.00812499 0.0216667 0.00388527
3 0.735 0.0340972 0.00499999 0.01625 0.00382423
3 0.89375 0.0680556 0.00499999 0.0155556 0.00351143
3 0.295938 0.102986 0.00499999 0.0129167 0.00345612
7 0.71625 0.0829167 0.00499999 0.0141667 0.00341606
2 0.200938 0.145833 0.01625 0.0255555 0.00341606
2 0.879375 0.0522222 0.0125 0.0193056 0.00340271
7 0.254375 0.133889 0.0034375 0.00833333 0.00319672
1 0.365 0.0410417 0.0375 0.0568056 0.00317192
2 0.784375 0.0536111 0.01375 0.0195833 0.00316048
7 0.0775391 0.302778 0.00742188 0.0188889 0.00309944
7 0.0393945 0.308889 0.0155078 0.0277778 0.0030632
3 0.95125 0.273333 0.00499999 0.04 0.00298119
7 0.243594 0.286667 0.0128125 0.0277778 0.00290108
3 0.0357617 0.264444 0.0116797 0.0177778 0.00286674
3 0.665 0.0325694 0.00374997 0.0141667 0.00273705
2 0.275 0.102014 0.00593748 0.0145833 0.00261116
0 0.316563 0.0883333 0.01625 0.0194444 0.00243378
0 0.80375 0.0745833 0.0325 0.0238889 0.00239754
3 0.284375 0.105833 0.00437498 0.0141667 0.00237846
0 0.211563 0.150833 0.013125 0.0266667 0.00221634
2 0.0523438 0.233194 0.0140625 0.0219444 0.00216484
2 0.73375 0.105694 0.02625 0.0413889 0.00212479
0 0.844375 0.0789583 0.0300001 0.0269444 0.0020752
0 0.0531641 0.256597 0.0180469 0.0290278 0.00199509
0 0.955 0.105278 0.0175 0.0183333 0.00198746
3 0.266875 0.104167 0.00531249 0.0152778 0.00189686
7 0.71 0.0548611 0.00750001 0.0145833 0.00189686
0 0.470625 0.0202778 0.00499999 0.00868056 0.00187492
0 0.9775 0.117639 0.0125 0.0175 0.00185299
0 0.1275 0.200278 0.0303125 0.0244445 0.00179577
3 0.95375 0.275556 0.00749995 0.0444444 0.00178242
7 0.735625 0.120278 0.00499999 0.0183333 0.00176144
2 0.175469 0.155556 0.0090625 0.0227778 0.00168705
2 0.56625 0.0278472 0.00750001 0.0125 0.00163555
0 0.58 0.0242361 0.03125 0.0161806 0.00161076
3 0.9525 0.273889 0.00499999 0.04 0.00156116
0 0.574375 0.0238194 0.02625 0.0173611 0.00154877
0 0.581875 0.0277778 0.03125 0.0168056 0.00145531
7 0.269531 0.125556 0.00406249 0.0111111 0.00141621
0 0.796875 0.0631944 0.04 0.0247222 0.00125504
0 0.9875 0.121111 0.015 0.0205556 0.00122547
0 0.00632813 0.253264 0.0126563 0.03125 0.0012064
3 0.155391 0.173889 0.00390625 0.015 0.00117874
0 0.00431885 0.2825 0.0086377 0.0327778 0.00117874
0 0.550313 0.0198264 0.00750001 0.0122917 0.00117397
7 0.615625 0.0467361 0.00375004 0.00930556 0.00115585
0 0.789375 0.0570833 0.03125 0.0248611 0.00114727
5 0.0457813 0.22875 0.01125 0.02 0.00109005
0 0.48375 0.00934028 0.00499999 0.00979167 0.00104427
0 0.748125 0.06625 0.04125 0.0280556 0.00103664
2 0.0742188 0.229444 0.013125 0.0166667 0.00102425
