0 0.116719 0.85 0.165 0.295556 0.962402
0 0.228125 0.550556 0.129375 0.213333 0.961914
0 0.340625 0.539444 0.129375 0.243333 0.958984
0 0.8525 0.646667 0.185 0.336667 0.95752
0 0.240469 0.916667 0.177813 0.166667 0.956543
0 0.76375 0.920556 0.1825 0.158889 0.952148
0 0.496875 0.566667 0.14125 0.373333 0.949707
2 0.655625 0.525556 0.0625 0.185556 0.943848
0 0.0333984 0.866667 0.0667969 0.262222 0.943848
0 0.147656 0.543472 0.125313 0.1975 0.941895
0 0.608125 0.29 0.0725 0.108889 0.940918
0 0.7075 0.322778 0.0975 0.133333 0.936523
0 0.230625 0.378333 0.09125 0.126667 0.936035
0 0.318281 0.339444 0.0834375 0.118889 0.934082
0 0.411875 0.316667 0.07625 0.123889 0.931641
0 0.506875 0.311667 0.065625 0.136667 0.92627
0 0.9625 0.957778 0.0749999 0.0822222 0.891602
0 0.916875 0.125799 0.035 0.0367361 0.866211
0 0.264375 0.117639 0.0271875 0.0266667 0.844727
2 0.249688 0.172222 0.02 0.0366667 0.837402
0 0.5125 0.0295833 0.01125 0.0169444 0.830078
0 0.038418 0.301667 0.0315234 0.0377778 0.827637
0 0.342188 0.0833333 0.015625 0.0233333 0.822266
0 0.10875 0.214861 0.0284375 0.0313889 0.820801
2 0.46375 0.0643056 0.01375 0.0255556 0.812988
2 0.164023 0.223472 0.0188281 0.0352778 0.808105
0 0.754375 0.05875 0.04125 0.0286111 0.804199
3 0.223125 0.273889 0.0175 0.0622222 0.794434
2 0.94125 0.27 0.0175001 0.0738889 0.794434
7 0.255625 0.266111 0.00750001 0.0222222 0.782715
0 0.40125 0.0661111 0.01625 0.0208333 0.777344
2 0.9225 0.213611 0.015 0.0577778 0.767578
0 0.00623535 0.325278 0.0124121 0.025 0.762207
2 0.78 0.1425 0.02 0.0511111 0.741699
0 0.38625 0.0670833 0.015 0.0197222 0.732422
0 0.364688 0.0738889 0.016875 0.0236111 0.729492
0 0.94625 0.0954167 0.02375 0.0219444 0.72168
7 0.242656 0.282222 0.0078125 0.0222222 0.720215
0 0.81875 0.0541667 0.0325 0.0252778 0.713867
0 0.42375 0.0593056 0.015 0.0233333 0.697754
0 0.74625 0.044566 0.0375 0.0228125 0.695801
2 0.6575 0.0436806 0.00875003 0.0248611 0.692871
2 0.9475 0.189444 0.0125 0.0422222 0.689453
0 0.87 0.0765972 0.03 0.0243056 0.682617
3 0.670625 0.171944 0.01 0.0661111 0.680176
0 0.81375 0.0649306 0.035 0.0211111 0.672363
0 0.61375 0.0320833 0.024375 0.0197222 0.67041
0 0.4125 0.0584722 0.011875 0.0205556 0.668945
2 0.0209326 0.379444 0.0149316 0.0377778 0.651367
0 0.915 0.0854167 0.025 0.0227778 0.649414
0 0.85625 0.0696528 0.0275 0.0206944 0.645996
3 0.8725 0.198611 0.015 0.0588889 0.635254
3 0.961875 0.21125 0.00875003 0.0558333 0.622559
0 0.911875 0.0883333 0.03 0.0226389 0.616699
2 0.00441895 0.378333 0.00883789 0.0372222 0.613281
5 0.433438 0.0115972 0.011875 0.0179167 0.611328
2 0.604688 0.0529167 0.014375 0.0272222 0.605957
0 0.82875 0.0699306 0.035 0.0234722 0.57373
3 0.705625 0.154444 0.0112501 0.0638889 0.569824
0 0.375938 0.0641667 0.0125 0.0225 0.563965
2 0.76125 0.123646 0.02 0.049375 0.550781
2 0.172813 0.189722 0.0125 0.0305556 0.548828
0 0.39375 0.0495833 0.01125 0.0147222 0.507812
0 0.4325 0.0493056 0.013125 0.0172222 0.494141
0 0.355625 0.0711806 0.015 0.0220833 0.476562
3 0.0469531 0.340556 0.0096875 0.0455556 0.46875
3 0.7075 0.162222 0.00999997 0.0683333 0.458984
0 0.524375 0.00674479 0.00750001 0.00984375 0.457031
3 0.683125 0.156111 0.00874996 0.0522222 0.443604
3 0.70875 0.1675 0.0125 0.0622222 0.431152
0 0.38375 0.0497222 0.01 0.0144444 0.420654
2 0.731875 0.149722 0.0225 0.0466667 0.416748
3 0.71875 0.170417 0.0125 0.0661111 0.405518
7 0.74875 0.160278 0.00499999 0.0191667 0.405518
0 0.43125 0.0544444 0.01125 0.0197222 0.404541
2 0.0292383 0.358333 0.0206641 0.0433333 0.379395
0 0.749375 0.049375 0.0362501 0.02625 0.37207
7 0.69375 0.190139 0.00750001 0.0213889 0.370117
3 0.98875 0.281042 0.0125 0.0645833 0.368408
7 0.744375 0.174028 0.00625 0.0208333 0.364746
2 0.69 0.160694 0.0199999 0.0530556 0.354004
2 0.138906 0.212361 0.00906251 0.0297222 0.339844
2 0.0262891 0.356944 0.0167188 0.0444445 0.339844
3 0.685625 0.157778 0.015 0.0544444 0.32251
2 0.739375 0.1475 0.01875 0.0447222 0.312256
3 0.99125 0.281111 0.015 0.0655555 0.309814
0 0.484063 0.0222917 0.009375 0.0145139 0.303955
3 0.6825 0.186667 0.00999997 0.0572222 0.30249
3 0.713125 0.171528 0.015 0.0591667 0.288574
0 0.422188 0.0280556 0.009375 0.0156944 0.286133
3 0.73375 0.158056 0.015 0.0594444 0.286133
7 0.765 0.151667 0.00500005 0.0205556 0.281494
0 0.38875 0.0558333 0.011875 0.0169444 0.279785
0 0.405625 0.0522222 0.011875 0.0172222 0.270508
0 0.4125 0.0500694 0.010625 0.0168056 0.267334
2 0.207188 0.152778 0.00656249 0.0261111 0.262939
3 0.209063 0.152222 0.00687501 0.0255556 0.256836
0 0.424375 0.0498611 0.0125 0.0173611 0.253906
0 0.8625 0.0739583 0.03 0.0236111 0.253174
3 0.0311719 0.362222 0.011875 0.0388889 0.251709
3 0.138828 0.210556 0.008125 0.0283333 0.250244
0 0.37375 0.0572222 0.0125 0.0155556 0.240112
3 0.287188 0.107083 0.00625 0.0202778 0.233765
2 0.799375 0.153611 0.0112501 0.0472222 0.226807
0 0.81625 0.0667361 0.0375 0.0286111 0.224731
0 0.98 0.105556 0.0125 0.0155556 0.219971
3 0.0576563 0.325 0.0107812 0.0411111 0.215332
3 0.685 0.179722 0.0125 0.07 0.214722
2 0.0351953 0.360556 0.0103125 0.04 0.196167
0 0.3625 0.0725 0.013125 0.0247222 0.184204
2 0.6925 0.158889 0.015 0.0494444 0.177856
3 0.67875 0.176111 0.0125 0.0711111 0.177856
2 0.2875 0.109583 0.00687501 0.0219444 0.170532
3 0.229688 0.130833 0.00374999 0.0211111 0.168823
0 0.498125 0.00392361 0.00750001 0.00784722 0.168335
0 0.445625 0.0136806 0.00625 0.0108333 0.165649
2 0.99125 0.280069 0.015 0.0654167 0.161377
3 0.220625 0.271667 0.0140625 0.0611111 0.160767
3 0.0603906 0.325 0.0117969 0.04 0.157715
3 0.79875 0.154444 0.0125 0.0477778 0.156128
2 0.0208398 0.356111 0.0160547 0.0333333 0.15564
2 0.170938 0.1875 0.014375 0.0294444 0.146118
3 0.7 0.161389 0.01 0.0622222 0.143677
2 0.871875 0.198889 0.015 0.0605556 0.142212
7 0.754375 0.164722 0.00499999 0.0175 0.141724
0 0.435 0.0334028 0.00625 0.0163889 0.136597
3 0.736875 0.162778 0.00625 0.0630556 0.135742
3 0.99625 0.285 0.00749995 0.0655555 0.133423
3 0.122969 0.216944 0.0053125 0.0255555 0.124207
0 0.491875 0.00715278 0.00750001 0.0102083 0.122131
3 0.704375 0.0711806 0.00625 0.0288889 0.119202
2 0.7425 0.138611 0.00750001 0.0355556 0.119202
7 0.68625 0.0784722 0.00499999 0.0116667 0.108948
2 0.0265625 0.349444 0.0155859 0.0427778 0.107788
7 0.0457813 0.356389 0.00578125 0.0244444 0.107056
2 0.46125 0.0640278 0.013125 0.0275 0.104492
3 0.70375 0.0743056 0.00499999 0.0244444 0.102295
7 0.755 0.155556 0.00499999 0.0194444 0.100159
7 0.670625 0.0536111 0.00249996 0.00833333 0.0994873
0 0.484375 0.0165972 0.00874999 0.0132639 0.0984497
0 0.380625 0.0656944 0.01375 0.0230556 0.0923462
0 0.355313 0.0634722 0.014375 0.02 0.0903931
0 0.43 0.0568056 0.0125 0.0194444 0.0897827
2 0.0523438 0.292222 0.0078125 0.0355555 0.0856934
0 0.485625 0.0188889 0.010625 0.0130556 0.0847778
2 0.133047 0.175278 0.00796875 0.0169444 0.0841675
2 0.140313 0.213889 0.010625 0.0311111 0.0772095
3 0.0105371 0.27 0.00792969 0.0244444 0.0772095
7 0.70125 0.201389 0.00750001 0.0202778 0.0761108
7 0.74375 0.128611 0.00499999 0.0283333 0.0745239
2 0.170781 0.179722 0.014375 0.0238889 0.0739746
0 0.776875 0.0633333 0.03125 0.0233333 0.0734253
7 0.084375 0.283889 0.0040625 0.0144444 0.072876
7 0.695625 0.198194 0.00625 0.0261111 0.0710449
2 0.0369141 0.343889 0.014375 0.0411111 0.0682983
2 0.695 0.156667 0.015 0.055 0.0675659
3 0.205313 0.168611 0.00843751 0.0355555 0.0668335
2 0.023125 0.360833 0.0141016 0.0494445 0.0648804
0 0.376875 0.0542361 0.01 0.0169444 0.0643921
7 0.0628906 0.300278 0.00671875 0.0177778 0.0639648
0 0.416875 0.0329514 0.00750001 0.013125 0.0632324
3 0.0541406 0.338333 0.00617188 0.0411111 0.0583496
7 0.69 0.19 0.00749995 0.0311111 0.0570679
2 0.464688 0.0604167 0.014375 0.0302778 0.0548096
3 0.595625 0.043125 0.00499999 0.0177778 0.0548096
2 0.1725 0.180833 0.0159375 0.0277778 0.0544128
2 0.57 0.0248611 0.01375 0.0144444 0.0524292
0 0.811875 0.0704861 0.0375 0.0273611 0.0522461
3 0.0136133 0.271389 0.00625 0.02 0.0503235
0 0.749375 0.0390278 0.035 0.0225 0.0453491
3 0.71625 0.175833 0.00999997 0.0688889 0.0448608
2 0.726875 0.035625 0.00625 0.0172222 0.0438538
0 0.98375 0.113611 0.015 0.0177778 0.0428772
3 0.0532422 0.296111 0.00742188 0.0355555 0.0428772
7 0.7425 0.180694 0.00625 0.0194444 0.0427246
3 0.275781 0.107639 0.00749998 0.0213889 0.0420837
2 0.735 0.130417 0.0125 0.0438889 0.0408325
2 0.710625 0.0684722 0.01625 0.0308333 0.0396423
0 0.453125 0.00986111 0.00625 0.0075 0.0389099
7 0.675 0.0491667 0.00249996 0.00833333 0.0379028
7 0.70125 0.0730556 0.00499999 0.0219444 0.0379028
0 0.46 0.004375 0.00562499 0.00875 0.0374756
0 0.78875 0.0581944 0.035 0.025 0.0366211
3 0.21875 0.270833 0.02125 0.0577778 0.0354004
3 0.89625 0.0823611 0.00750001 0.02 0.0317383
2 0.608125 0.0472917 0.0175 0.0226389 0.0293121
2 0.00699707 0.378333 0.0137598 0.0377778 0.0290833
7 0.0760938 0.292778 0.00406249 0.0122222 0.0284424
0 0.350625 0.0720833 0.015 0.0197222 0.0273743
3 0.716875 0.155833 0.01375 0.0572222 0.0273743
3 0.945 0.202083 0.00750001 0.0538889 0.0261536
3 0.0127734 0.266667 0.00808594 0.0205555 0.0261536
2 0.775 0.132222 0.02 0.0461111 0.0249939
0 0.37 0.0733333 0.01375 0.0208333 0.0240479
3 0.0532813 0.242639 0.00515625 0.0163889 0.0236969
7 0.65125 0.0492361 0.00374997 0.0159722 0.0235138
2 0.675625 0.0298611 0.00374997 0.0206944 0.0233307
3 0.234688 0.133611 0.00374999 0.02 0.0228882
0 0.994375 0.122222 0.01125 0.02 0.0220337
0 0.85375 0.0655556 0.0275 0.0227778 0.0220337
3 0.685 0.160139 0.0275 0.055 0.021698
0 0.784375 0.0538889 0.0225 0.0213889 0.0210419
0 0.908125 0.09125 0.03 0.0258333 0.0207214
7 0.69 0.0540278 0.00250003 0.0105556 0.0202942
0 0.61375 0.0281597 0.02375 0.0179167 0.0195618
3 0.0509766 0.241111 0.00546875 0.0216667 0.0192413
7 0.295781 0.101667 0.00437501 0.0141667 0.0191956
3 0.0503516 0.342222 0.0125781 0.0533333 0.0184021
0 0.980625 0.112917 0.0175 0.0191667 0.0177765
0 0.790625 0.0546528 0.03 0.0223611 0.0176392
3 0.72125 0.173056 0.00999997 0.0711111 0.0175781
3 0.00347412 0.275556 0.00678223 0.0205556 0.0174408
2 0.170625 0.161806 0.01 0.0180556 0.0158386
2 0.79625 0.0748611 0.00749995 0.0244444 0.0147324
3 0.98875 0.298889 0.0125 0.0827778 0.0140076
3 0.996563 0.301111 0.00687497 0.08 0.0139542
0 0.60375 0.0374653 0.019375 0.0211806 0.0127258
3 0.203438 0.172778 0.01 0.0383333 0.0127258
3 0.197188 0.169861 0.00625 0.0311111 0.0125275
2 0.94125 0.276597 0.0199999 0.0545833 0.0108566
3 0.212188 0.234167 0.010625 0.0572222 0.0106964
2 0.114844 0.1925 0.014375 0.0194444 0.0104065
2 0.205469 0.148333 0.00687499 0.0283333 0.0102081
7 0.0839063 0.291111 0.004375 0.0122222 0.0100555
7 0.585938 0.0475 0.00375004 0.0130556 0.00948334
2 0.2125 0.150833 0.0059375 0.025 0.00941467
0 0.36375 0.0520833 0.00875003 0.0138889 0.00891876
0 0.8825 0.0517361 0.00750001 0.0158333 0.00874329
0 0.956875 0.100417 0.0199999 0.0183333 0.0086441
3 0.275469 0.0913889 0.00687497 0.0222222 0.0085144
2 0.710625 0.0616667 0.00999997 0.0244444 0.00815582
3 0.80125 0.164167 0.015 0.0666667 0.00787354
2 0.783125 0.146667 0.01625 0.0522222 0.0078125
0 0.04125 0.294444 0.0308594 0.0377778 0.00748825
3 0.234219 0.124444 0.004375 0.0194445 0.00725937
7 0.252969 0.266667 0.00874999 0.0255556 0.00725937
3 0.195 0.15625 0.00625 0.0283333 0.00698471
3 0.191094 0.158611 0.0078125 0.0211111 0.00698471
0 0.449688 0.0168056 0.00687501 0.0123611 0.0069046
2 0.182813 0.165556 0.0075 0.0233333 0.00682449
5 0.0041626 0.265 0.0083252 0.0244445 0.00679779
0 0.7475 0.0645833 0.03625 0.0298611 0.00674438
2 0.138437 0.170278 0.0153125 0.0188889 0.00661469
3 0.96625 0.212222 0.00999997 0.0594445 0.00634003
5 0.00400879 0.249722 0.00801758 0.025 0.00631332
3 0.269375 0.0981944 0.00812499 0.025 0.00629044
3 0.99375 0.267778 0.0124999 0.0605556 0.00609589
0 0.77625 0.0656944 0.05 0.0305556 0.005867
7 0.306094 0.0984722 0.00437501 0.0111111 0.00564194
0 0.0200977 0.243611 0.0144141 0.0194444 0.00559998
3 0.288125 0.115035 0.00687501 0.0271528 0.0055542
0 0.905 0.0819444 0.025 0.0238889 0.00544739
3 0.96875 0.2125 0.0125 0.0611111 0.00510025
0 0.923125 0.0890972 0.03 0.0220833 0.00498199
2 0.945 0.273264 0.0225 0.0656944 0.00494385
7 0.6475 0.0481944 0.00499999 0.0102778 0.00479126
2 0.17625 0.15875 0.00875001 0.0225 0.00446701
0 0.0043457 0.309722 0.00869141 0.0438889 0.00429916
3 0.99 0.264167 0.015 0.0655556 0.0042305
3 0.71625 0.0719444 0.00750001 0.0277778 0.00415039
2 0.730625 0.135139 0.0137499 0.0419444 0.0041008
3 0.89375 0.0731944 0.00750001 0.0220833 0.00408554
7 0.22 0.141111 0.00375001 0.0161111 0.00405502
3 0.16625 0.159722 0.00499999 0.0191667 0.00397491
7 0.506563 0.0472222 0.00499999 0.0147222 0.00395966
7 0.151016 0.221667 0.00921876 0.0327778 0.00391388
2 0.87625 0.0532639 0.01125 0.0190278 0.00351143
0 0.89375 0.0829167 0.02875 0.0255556 0.00341606
0 0.266406 0.109583 0.023125 0.0227778 0.00317192
0 0.620938 0.0325694 0.033125 0.0172222 0.00312424
0 0.99375 0.133611 0.0124999 0.0305556 0.00305176
0 0.00849121 0.326111 0.0166895 0.0255555 0.00284576
0 0.00536133 0.347222 0.00982422 0.0311111 0.00281143
3 0.0849219 0.211667 0.00453125 0.0183333 0.00277901
0 0.38625 0.0721528 0.014375 0.0229167 0.00266266
2 0.583125 0.011875 0.00625 0.0127778 0.00259018
0 0.0447754 0.248333 0.016543 0.0183333 0.00258064
7 0.411563 0.316944 0.075 0.125 0.00251198
3 0.197656 0.179167 0.0065625 0.0283333 0.00250244
2 0.695 0.145972 0.03 0.0552778 0.00243378
0 0.18625 0.16125 0.009375 0.0244444 0.00230598
7 0.951875 0.271667 0.00875003 0.0516667 0.00226974
3 0.315313 0.0699306 0.00625 0.0230556 0.00217438
3 0.795625 0.101667 0.00625 0.0411111 0.00211525
7 0.506875 0.313819 0.06625 0.133472 0.00211525
1 0.984375 0.145972 0.0312499 0.0452778 0.00208282
7 0.70625 0.0513889 0.00499999 0.0152778 0.0020504
0 0.131406 0.176944 0.019375 0.0183333 0.00202751
3 0.69625 0.030625 0.00374997 0.0122917 0.00200272
0 0.946875 0.0923611 0.02125 0.0208333 0.00188255
7 0.116406 0.24 0.00578125 0.0155556 0.00179577
2 0.76375 0.123194 0.0275 0.0522222 0.00175476
3 0.79375 0.127188 0.00750001 0.0411806 0.00174809
3 0.87125 0.207361 0.02 0.0755555 0.00166798
3 0.0354688 0.261111 0.00804688 0.0211111 0.00162888
2 0.466875 0.0627778 0.01875 0.0258333 0.00161076
0 0.995 0.102917 0.00999997 0.0252778 0.00157356
3 0.7125 0.136111 0.00874996 0.0519444 0.00156116
0 0.103906 0.210833 0.035625 0.0338889 0.00156116
2 0.155859 0.171944 0.00453124 0.0147222 0.00150108
