0 0.47875 0.572222 0.06625 0.117778 0.923828
0 0.420625 0.478333 0.04875 0.0811111 0.908691
0 0.265313 0.39 0.05 0.0355555 0.847168
0 0.151563 0.419722 0.0421875 0.0294444 0.824219
0 0.342813 0.331111 0.01625 0.0211111 0.805664
0 0.734375 0.33 0.0375 0.0277778 0.801758
0 0.363125 0.327778 0.016875 0.0266667 0.782715
0 0.0144238 0.467222 0.0287305 0.0344444 0.78125
0 0.44375 0.330556 0.02375 0.0255556 0.767578
7 0.222813 0.519722 0.00750001 0.0227778 0.760742
0 0.72375 0.3225 0.035 0.0272222 0.743164
2 0.0189453 0.503611 0.0176563 0.0355556 0.740234
7 0.0247852 0.529167 0.00535156 0.0194444 0.708984
7 0.75 0.415278 0.00499999 0.0177778 0.70752
0 0.455313 0.311667 0.01875 0.0233333 0.694336
7 0.6675 0.463889 0.00625 0.0238889 0.694336
7 0.72875 0.439722 0.00499999 0.0188889 0.690918
2 0.0362109 0.473611 0.0147656 0.0377778 0.679199
0 0.328125 0.331944 0.01375 0.0211111 0.672363
0 0.200313 0.370556 0.024375 0.0233333 0.665527
3 0.233125 0.490833 0.013125 0.0561111 0.647949
7 0.72375 0.400556 0.00499999 0.0177778 0.635254
0 0.376875 0.320278 0.01375 0.0216667 0.624512
2 0.222344 0.364444 0.00687501 0.0222222 0.618652
0 0.38875 0.311667 0.01125 0.0177778 0.615234
0 0.35125 0.316667 0.01125 0.0166667 0.571777
0 0.49375 0.274444 0.00749998 0.0116667 0.552734
0 0.370625 0.299444 0.01 0.0144444 0.523438
2 0.643125 0.302778 0.00749995 0.0172222 0.515625
7 0.126016 0.421111 0.00375 0.0122222 0.513672
7 0.73875 0.423889 0.00499999 0.0211111 0.501953
2 0.573125 0.316667 0.0125 0.0205555 0.498047
0 0.369375 0.303333 0.0125 0.0172222 0.460938
0 0.4025 0.300556 0.01 0.0166667 0.458984
0 0.369375 0.301111 0.01125 0.0155555 0.443604
7 0.67875 0.480278 0.00750001 0.0244444 0.420654
0 0.76625 0.308611 0.0225 0.0188889 0.368408
7 0.74625 0.401667 0.00500005 0.0166667 0.366699
0 0.00335205 0.448333 0.0067041 0.0288889 0.334473
2 0.243125 0.358611 0.00625 0.0183333 0.319092
0 0.7275 0.326111 0.0325 0.0277778 0.312256
0 0.35 0.314167 0.01125 0.0161111 0.30249
0 0.4775 0.278889 0.00874999 0.0122222 0.279785
0 0.494375 0.263889 0.00625 0.0111111 0.245117
0 0.487188 0.275 0.00750001 0.0122222 0.243652
2 0.2025 0.371111 0.020625 0.0233333 0.24292
0 0.00975586 0.453889 0.0195117 0.0255556 0.2323
0 0.470625 0.271944 0.00687497 0.0116666 0.221313
0 0.396875 0.291111 0.00749998 0.0138889 0.19812
7 0.0511328 0.480556 0.00460938 0.0166666 0.191895
7 0.065 0.474444 0.00406251 0.0116667 0.188965
5 0.444375 0.264444 0.00625 0.0116667 0.184204
7 0.0101855 0.544444 0.00619141 0.02 0.178955
7 0.635 0.330556 0.00374997 0.0116667 0.177246
0 0.350313 0.309444 0.01125 0.0133334 0.15979
2 0.60375 0.305556 0.01875 0.0166667 0.15564
0 0.48375 0.263333 0.00625 0.0111111 0.126831
0 0.43375 0.276667 0.00625 0.00888889 0.122498
0 0.45375 0.315 0.019375 0.0233333 0.120422
0 0.603438 0.306667 0.02 0.0188889 0.116333
0 0.488125 0.271667 0.00625 0.0111111 0.103394
0 0.3675 0.315556 0.01 0.0194444 0.100159
7 0.684375 0.352778 0.00375004 0.0144444 0.0970459
0 0.46625 0.275556 0.00500002 0.0111111 0.0953369
3 0.0308203 0.41 0.00523438 0.0183333 0.0943604
0 0.196563 0.371944 0.029375 0.0233333 0.0872803
7 0.214688 0.398889 0.00406249 0.0133334 0.083313
3 0.230625 0.492222 0.018125 0.0583334 0.0789185
0 0.42375 0.280556 0.00750001 0.0122222 0.0734253
0 0.00919922 0.448611 0.0180469 0.0294445 0.0734253
7 0.0536719 0.475 0.00546875 0.0166666 0.0700684
7 0.74375 0.422222 0.00499999 0.0166667 0.0656128
0 0.476563 0.263333 0.00625 0.0111111 0.0648804
0 0.526875 0.276667 0.00750001 0.0105555 0.0607605
0 0.47875 0.288611 0.01 0.0161111 0.0594177
7 0.77875 0.352222 0.00499999 0.0183333 0.0584412
7 0.7225 0.450278 0.00750001 0.0216667 0.0570679
7 0.65375 0.329444 0.00250003 0.0111111 0.0535889
7 0.75375 0.416944 0.00499999 0.0177778 0.0499573
2 0.196875 0.381667 0.008125 0.0222222 0.0497742
7 0.7375 0.428333 0.00625 0.0233333 0.0437012
7 0.7275 0.444444 0.00749995 0.0222222 0.0402527
0 0.00297363 0.429167 0.00594727 0.0266667 0.0399475
0 0.420625 0.283056 0.00687497 0.0127778 0.0394897
3 0.197031 0.394444 0.00625 0.0244444 0.0379028
3 0.221094 0.362778 0.00562501 0.0177778 0.0358887
0 0.385 0.322222 0.01375 0.0205555 0.0327148
2 0.213125 0.367222 0.00562499 0.0211111 0.0296478
2 0.0163452 0.506111 0.0189893 0.0411111 0.0293732
2 0.6 0.303611 0.0125 0.0183333 0.0274811
2 0.600625 0.306667 0.0125 0.02 0.0239563
2 0.0228467 0.438889 0.00805664 0.0211111 0.0238647
7 0.615 0.330278 0.00250003 0.00944446 0.0223694
0 0.60375 0.303611 0.02 0.0183333 0.0219421
2 0.0335938 0.407778 0.0059375 0.0177778 0.0196381
7 0.66625 0.351111 0.00374997 0.0111111 0.0191956
0 0.725 0.316944 0.0375 0.0294444 0.0172424
7 0.203906 0.396111 0.00406251 0.0177778 0.0168457
0 0.449375 0.265833 0.00499999 0.0116667 0.0166626
0 0.76375 0.310556 0.02 0.0177778 0.0165253
7 0.674375 0.330556 0.00374997 0.0116667 0.0165253
0 0.422813 0.296111 0.009375 0.0166667 0.0161591
7 0.70875 0.403333 0.00500005 0.02 0.0161591
2 0.0249219 0.407222 0.009375 0.0211111 0.0153046
2 0.205938 0.378889 0.00687501 0.0233333 0.0151291
7 0.64375 0.305556 0.00499999 0.02 0.0150146
7 0.221875 0.501667 0.0090625 0.0366667 0.0141754
0 0.44375 0.335 0.025 0.0311111 0.0137405
0 0.188594 0.3775 0.0234375 0.0238889 0.0124817
0 0.77 0.306111 0.0275 0.0238889 0.0123825
2 0.572813 0.320833 0.0106249 0.0255556 0.012146
7 0.274375 0.366944 0.00406249 0.00999999 0.0107803
0 0.51375 0.262222 0.00499999 0.00833333 0.0100098
7 0.636875 0.319444 0.00500005 0.0155556 0.00978088
7 0.733125 0.434167 0.00499999 0.0183333 0.00937653
0 0.38625 0.300556 0.00874999 0.0133333 0.00930023
0 0.409375 0.302778 0.009375 0.0155556 0.00871277
7 0.669375 0.341111 0.00374997 0.0133333 0.008255
7 0.0123047 0.541111 0.00646484 0.0177777 0.00772476
7 0.285313 0.351667 0.00375001 0.0111111 0.00703812
7 0.0244141 0.532778 0.00585938 0.0255555 0.00703812
3 0.290938 0.340833 0.00437501 0.015 0.00698471
7 0.655 0.318889 0.00375004 0.0138889 0.00679779
7 0.67 0.471111 0.00625 0.0266667 0.00674438
2 0.177188 0.371111 0.00625 0.0172222 0.00664139
7 0.126094 0.435556 0.005 0.0133333 0.00621796
3 0.551563 0.332778 0.00625 0.0277778 0.00605011
7 0.235781 0.365556 0.00406249 0.0122222 0.00602722
0 0.37875 0.288889 0.00812499 0.0127778 0.00593567
5 0.773125 0.308333 0.03375 0.0233333 0.005867
0 0.41875 0.333333 0.02125 0.0222222 0.0055542
2 0.576875 0.316667 0.0175 0.0177778 0.00544739
2 0.0628906 0.424444 0.00625 0.0155555 0.00538635
2 0.64 0.301944 0.0137499 0.0194444 0.00530243
2 0.145938 0.411389 0.0228125 0.0211111 0.00530243
0 0.333125 0.322778 0.01 0.0205556 0.0051384
0 0.72875 0.328611 0.045 0.0288889 0.00503922
7 0.625 0.345 0.00375004 0.0133333 0.00482941
7 0.695 0.317222 0.00499999 0.0144444 0.00471878
0 0.400938 0.305556 0.011875 0.0188889 0.00466537
0 0.148984 0.413889 0.0364062 0.0244444 0.00439835
7 0.67625 0.318333 0.00250003 0.0133333 0.00436401
0 0.465625 0.266667 0.00375001 0.015 0.00419998
0 0.42875 0.271389 0.00625 0.00999999 0.00416565
0 0.510938 0.267778 0.00562499 0.0111111 0.00413513
3 0.81125 0.301111 0.00499999 0.0188889 0.00391388
3 0.54875 0.265833 0.00625 0.0166667 0.00379562
2 0.170625 0.375278 0.00625 0.0166667 0.0037365
0 0.454375 0.261111 0.00375001 0.00777777 0.00351143
7 0.65 0.335556 0.00375004 0.0133333 0.00337601
3 0.875 0.312778 0.00375004 0.0155555 0.00313568
0 0.527813 0.271389 0.00687501 0.0111111 0.00305176
0 0.00350098 0.408611 0.00700195 0.0244445 0.00287819
0 0.504375 0.259444 0.00562499 0.0077778 0.00284576
7 0.266094 0.368611 0.005 0.0122222 0.00284576
0 0.378125 0.257778 0.01 0.01 0.00283432
0 0.32875 0.324444 0.0125 0.0244444 0.00279999
7 0.0191895 0.516111 0.0114648 0.0444444 0.0026722
7 0.254219 0.363333 0.00374999 0.0122222 0.00250244
2 0.813125 0.299722 0.00749995 0.0177778 0.00243378
0 0.421875 0.309444 0.00874999 0.0155555 0.00228691
0 0.456875 0.304167 0.01375 0.02 0.00226974
0 0.86625 0.340556 0.0175001 0.0166667 0.00225258
7 0.6675 0.458611 0.00750001 0.0288889 0.00219154
0 0.8675 0.300556 0.00750001 0.0133333 0.00218201
0 0.445625 0.326667 0.025 0.0311111 0.00212479
2 0.766875 0.325833 0.00625 0.0194444 0.00201988
7 0.285313 0.366111 0.00500002 0.0111111 0.00200272
3 0.8675 0.306111 0.00999997 0.0216667 0.00199509
7 0.625313 0.333333 0.003125 0.01 0.00191212
0 0.00958984 0.4325 0.0175781 0.0377778 0.00181007
2 0.8675 0.31 0.00499999 0.0172222 0.00178242
0 0.0208154 0.460556 0.0327441 0.0366667 0.00177479
3 0.109219 0.415833 0.00515625 0.0194444 0.00175476
3 0.552813 0.330556 0.00625 0.0244444 0.0017004
7 0.629688 0.337222 0.00375004 0.0122222 0.00168705
0 0.458438 0.286944 0.0125 0.0161111 0.0016489
0 0.3425 0.337222 0.0175 0.0266667 0.00157928
0 0.40375 0.280556 0.00562499 0.00888889 0.00156689
7 0.0954688 0.423889 0.0040625 0.0122222 0.00156116
2 0.71375 0.303333 0.00750001 0.02 0.00155449
2 0.695 0.332778 0.00999997 0.0244444 0.00154305
0 0.4175 0.276667 0.00687497 0.00888889 0.00150108
3 0.0332422 0.415278 0.00609375 0.0183333 0.00148964
0 0.98875 0.336111 0.02 0.0177778 0.00143814
3 0.54625 0.311944 0.0125 0.0327778 0.00133038
0 0.98125 0.352778 0.035 0.0433333 0.00131512
0 0.32875 0.338056 0.01375 0.0261111 0.00130463
0 0.416875 0.311389 0.01125 0.0138889 0.00126934
5 0.98125 0.355 0.0374999 0.0477778 0.00124931
7 0.69 0.309167 0.00500005 0.0166667 0.00124454
7 0.224531 0.399722 0.00374999 0.0133333 0.00123024
7 0.605625 0.328333 0.00374997 0.0111111 0.0012064
7 0.7075 0.401667 0.00499999 0.0177778 0.00119686
2 0.25375 0.354444 0.005 0.0144444 0.00115585
0 0.996875 0.335556 0.00624994 0.0222222 0.00112438
0 0.415938 0.299444 0.00687497 0.0155556 0.0011158
0 0.480313 0.287778 0.01125 0.0172222 0.00110722
2 0.99625 0.535556 0.00749995 0.0777778 0.00109005
3 0.0241016 0.419444 0.0071875 0.03 0.00107288
2 0.5625 0.281667 0.00687504 0.0122222 0.00106049
