0 0.260625 0.881667 0.19375 0.234444 0.95459
0 0.68 0.600556 0.13875 0.277778 0.951172
0 0.3525 0.557778 0.124375 0.235556 0.950195
0 0.7125 0.313889 0.0925 0.117778 0.940918
0 0.625 0.337222 0.08625 0.128889 0.936523
0 0.403438 0.346111 0.078125 0.124444 0.934082
0 0.510938 0.326111 0.073125 0.123333 0.930176
0 0.49625 0.960556 0.1575 0.0788888 0.927246
0 0.5075 0.0913889 0.055 0.0358333 0.867188
7 0.744375 0.17625 0.00625 0.0205556 0.84082
7 0.70375 0.201111 0.00750001 0.0247222 0.829102
0 0.0190723 0.317778 0.0362695 0.0405555 0.822266
7 0.244375 0.283333 0.008125 0.0277778 0.813965
7 0.75375 0.164306 0.00499999 0.0188889 0.79834
2 0.049375 0.338333 0.0146875 0.0411111 0.773438
0 0.0664844 0.260278 0.0339063 0.0377778 0.770508
0 0.0256641 0.293333 0.0259375 0.0322222 0.753418
7 0.6925 0.185556 0.00750001 0.0238889 0.71875
0 0.524063 0.0438889 0.021875 0.0198611 0.716797
0 0.9675 0.127778 0.0275 0.0288889 0.704102
0 0.414063 0.0782639 0.021875 0.0226389 0.695801
0 0.82 0.0686111 0.04 0.0286111 0.686035
7 0.7725 0.146389 0.00499999 0.0175 0.686035
3 0.6825 0.16625 0.01125 0.0622222 0.666992
7 0.77 0.130556 0.00499999 0.0172222 0.649414
0 0.329375 0.0895833 0.019375 0.0222222 0.638672
0 0.795 0.0604167 0.0325 0.0255556 0.624512
0 0.885625 0.0825694 0.0325 0.0241667 0.624512
0 0.390313 0.06625 0.016875 0.0266667 0.607422
0 0.37 0.0760417 0.01625 0.0213889 0.600098
2 0.0870313 0.280556 0.0185938 0.0305556 0.583008
0 0.3475 0.0786111 0.015 0.0208333 0.581543
0 0.755 0.0565278 0.045 0.04 0.558105
7 0.945625 0.219722 0.00499999 0.0177778 0.556641
0 0.356875 0.0765278 0.015625 0.02 0.548828
2 0.63125 0.0416667 0.0125 0.0211111 0.546875
7 0.0313477 0.377778 0.00507812 0.0188889 0.49707
0 0.0504297 0.284722 0.035 0.03 0.496094
7 0.165313 0.2075 0.00374999 0.0125 0.486328
0 0.434375 0.0260417 0.01125 0.01375 0.449463
0 0.0583984 0.285 0.0247656 0.0311111 0.44165
2 0.675 0.0441493 0.00750001 0.0283681 0.420654
7 0.761875 0.154167 0.00749995 0.0194444 0.390381
7 0.70625 0.0797222 0.00375004 0.0129167 0.386719
7 0.257969 0.264444 0.00750001 0.0244444 0.383057
2 0.605 0.0404861 0.01125 0.01875 0.345215
0 0.410625 0.0655556 0.014375 0.0194444 0.331055
0 0.374688 0.0707639 0.0125 0.0213889 0.327637
2 0.636875 0.0408333 0.0225 0.0198611 0.319092
0 0.74375 0.055625 0.0375 0.0231944 0.307373
2 0.0692188 0.293333 0.0101563 0.0366667 0.29834
0 0.415 0.0750694 0.01875 0.0231944 0.289307
0 0.010957 0.317778 0.0219141 0.04 0.276611
0 0.73625 0.0584722 0.03 0.0229167 0.265869
2 0.606875 0.03625 0.00812499 0.01875 0.264404
3 0.236406 0.122917 0.0059375 0.0230556 0.233765
2 0.0680469 0.290556 0.009375 0.0344445 0.2323
2 0.214688 0.161111 0.00874999 0.0233333 0.224731
7 0.7475 0.128611 0.00499999 0.0180556 0.196167
0 0.76 0.0679167 0.04 0.0227778 0.194946
0 0.358125 0.0726389 0.015 0.0216667 0.184814
7 0.00947266 0.377222 0.00333984 0.0144444 0.174438
0 0.99 0.117812 0.0199999 0.0238194 0.169922
0 0.341875 0.0756944 0.01125 0.0172222 0.168335
2 0.634063 0.0384549 0.009375 0.0214236 0.166138
0 0.395625 0.035625 0.01 0.0188889 0.155029
7 0.94625 0.215556 0.00499999 0.0194444 0.154541
7 0.74875 0.126667 0.00499999 0.0211111 0.150513
2 0.0717969 0.293333 0.0138281 0.0311111 0.134277
7 0.0464844 0.353333 0.00890625 0.0333333 0.132935
0 0.376563 0.0695833 0.014375 0.0216667 0.132935
0 0.74375 0.0616667 0.04 0.0276389 0.132568
7 0.146328 0.219861 0.00390625 0.0130556 0.128052
2 0.210938 0.156389 0.0075 0.0255556 0.119629
0 0.88625 0.0783333 0.0325 0.0216667 0.117554
2 0.597813 0.0422222 0.00749995 0.0184722 0.11676
2 0.640625 0.03875 0.01375 0.0219444 0.112793
0 0.366875 0.07125 0.015 0.0233333 0.112793
3 0.685 0.166944 0.01375 0.0619445 0.108582
0 0.775 0.0672222 0.0475 0.0247222 0.102295
0 0.433125 0.0546528 0.016875 0.0218056 0.100891
7 0.69375 0.0780556 0.00499999 0.0133333 0.0974121
3 0.92625 0.226667 0.00874996 0.0505555 0.0933228
3 0.96125 0.198194 0.00750001 0.0511111 0.0910645
3 0.235 0.125972 0.004375 0.0272222 0.085083
2 0.0671484 0.296944 0.00914063 0.0372222 0.0841675
0 0.890625 0.0847222 0.03375 0.0247222 0.0817871
0 0.409375 0.0632639 0.015 0.0195833 0.0792236
0 0.82625 0.0572917 0.03125 0.0241667 0.0778198
2 0.0147266 0.262778 0.00546875 0.0166667 0.0750122
0 0.3875 0.0494444 0.01 0.0140278 0.0675659
0 0.395 0.0409549 0.0125 0.0228125 0.0675659
0 0.460938 0.00597222 0.00625 0.0119444 0.0578003
3 0.255625 0.114583 0.00437501 0.0147222 0.0568542
3 0.9275 0.226944 0.00750001 0.0444444 0.0560303
2 0.207656 0.156111 0.0096875 0.0272222 0.0558167
2 0.675 0.0416667 0.01 0.0268056 0.0554199
0 0.454375 0.00923611 0.00750001 0.00972222 0.0549927
0 0.524375 0.0473785 0.02125 0.0210764 0.0541992
7 0.00453369 0.386667 0.00442871 0.0144444 0.0526123
0 0.0873438 0.282222 0.0196875 0.0311111 0.0497742
0 0.345625 0.0728472 0.013125 0.0193056 0.0458679
0 0.434375 0.0594444 0.01625 0.0205556 0.0417786
0 0.9925 0.123333 0.015 0.0311111 0.0406799
0 0.0595703 0.281389 0.0211719 0.0316666 0.0401611
0 0.0830469 0.28 0.0217187 0.03 0.0391846
0 0.765 0.0722222 0.0300001 0.0233333 0.0379028
7 0.65125 0.05625 0.00499999 0.0133333 0.0343628
0 0.44125 0.0259722 0.01 0.0138889 0.0310211
3 0.169531 0.163333 0.004375 0.0188889 0.0304413
2 0.600625 0.0386111 0.0125 0.0219444 0.0290833
7 0.685625 0.0808333 0.00374997 0.0108333 0.0284424
0 0.463125 0.00815972 0.00749998 0.00979167 0.0279083
7 0.655 0.0580556 0.00249996 0.0169444 0.0249939
3 0.9625 0.191944 0.00750001 0.0483333 0.0249939
0 0.8975 0.0920833 0.035 0.0263889 0.0236053
7 0.69 0.0856944 0.00374997 0.0141667 0.0231476
7 0.75375 0.167222 0.00750001 0.0202778 0.0230713
2 0.206563 0.161111 0.0146875 0.0305556 0.0229797
3 0.195938 0.157222 0.00375001 0.02 0.0207214
7 0.140469 0.219444 0.00343749 0.0147222 0.0206451
0 0.82625 0.0634722 0.04 0.0288889 0.0200958
7 0.285938 0.118056 0.00375001 0.00861111 0.0200195
3 0.23125 0.123889 0.0046875 0.0255556 0.0188751
0 0.426875 0.0458333 0.00999997 0.0180556 0.0184784
7 0.685625 0.0439063 0.00374997 0.0163542 0.0181885
0 0.8425 0.0816667 0.03375 0.0247222 0.0170441
7 0.9475 0.224722 0.00500005 0.0222222 0.0160217
7 0.94375 0.234444 0.00499999 0.0238889 0.0158997
0 0.90625 0.0943056 0.0325 0.0263889 0.0156708
7 0.145703 0.214028 0.00390625 0.0163889 0.0152512
0 0.42375 0.0117361 0.00875003 0.0143056 0.0151901
2 0.629688 0.0393056 0.01125 0.0227778 0.0149002
7 0.706875 0.0719444 0.00499999 0.0179167 0.0149002
3 0.97 0.202778 0.00499999 0.0616667 0.014389
0 0.010918 0.307222 0.0217578 0.0377778 0.0143356
0 0.445 0.013125 0.00812499 0.0126389 0.0142822
0 0.370625 0.06125 0.01625 0.0230556 0.0141144
7 0.731875 0.120694 0.00625 0.0316667 0.0138474
0 0.401563 0.0514583 0.013125 0.0181944 0.0137405
2 0.88875 0.073125 0.0175 0.0219444 0.0135345
2 0.63 0.0441493 0.01 0.0244792 0.0126724
0 0.00803223 0.288333 0.0146191 0.0322222 0.0125732
7 0.125547 0.224583 0.00296875 0.0111111 0.012146
7 0.135781 0.226111 0.00343749 0.0105555 0.0118256
0 0.34 0.0718056 0.01375 0.0197222 0.0116882
0 0.885625 0.0871528 0.03375 0.0291667 0.0115051
7 0.168594 0.200278 0.00406249 0.0127778 0.0111618
0 0.524375 0.0377083 0.02 0.0205556 0.0110321
2 0.571875 0.02375 0.00874996 0.0133333 0.0109024
3 0.976875 0.186806 0.00750001 0.0508333 0.0106506
0 0.434375 0.0128125 0.00625 0.0120833 0.0104523
3 0.286719 0.0994444 0.0046875 0.015 0.0104523
2 0.515625 0.0527083 0.02375 0.0226389 0.0103302
2 0.0351953 0.258056 0.00554687 0.0188889 0.00997162
7 0.0326172 0.379167 0.00640625 0.0188889 0.00981903
2 0.012002 0.271389 0.0131641 0.0211111 0.00955963
3 0.165313 0.168333 0.00374999 0.0155556 0.00945282
7 0.109219 0.268889 0.00421875 0.0133333 0.00941467
0 0.775 0.0736111 0.0325 0.0227778 0.00871277
7 0.77875 0.146667 0.00750001 0.0188889 0.0086441
7 0.65625 0.0519444 0.00499999 0.0148611 0.00847626
2 0.12375 0.186944 0.013125 0.0244444 0.00844574
7 0.0273242 0.381667 0.00550781 0.0155555 0.00772476
3 0.269844 0.0984722 0.00437501 0.0241667 0.00763702
2 0.45625 0.0692361 0.01125 0.0195833 0.00746155
3 0.9775 0.193056 0.00750001 0.0572222 0.00728989
7 0.155859 0.224167 0.00421875 0.0105555 0.00725937
2 0.885 0.0538889 0.00999997 0.0175 0.00723267
0 0.904375 0.0896528 0.02875 0.02375 0.00695801
3 0.6725 0.0459028 0.00625 0.0252778 0.00695801
7 0.94 0.219167 0.00499999 0.0205556 0.00695801
2 0.745 0.112639 0.00875003 0.0475 0.0069313
2 0.88375 0.0695833 0.0225 0.0252778 0.0068512
0 0.97125 0.129722 0.03125 0.0394445 0.0068512
3 0.25875 0.267847 0.009375 0.0431944 0.00682449
7 0.766875 0.133889 0.00499999 0.0188889 0.00679779
0 0.574688 0.0277778 0.00999997 0.0104167 0.00674438
2 0.213438 0.146667 0.00625 0.025 0.00671768
7 0.244375 0.133472 0.004375 0.015 0.00671768
0 0.0512402 0.2725 0.0317383 0.035 0.00669098
0 0.500313 0.0663889 0.024375 0.0208333 0.00656509
7 0.70875 0.0854167 0.00500005 0.0163889 0.00653839
3 0.288438 0.0930556 0.00625 0.0183333 0.00638962
2 0.440625 0.06 0.0125 0.0195833 0.00626373
0 0.47375 0.00881945 0.00750001 0.0104167 0.00619125
2 0.0716797 0.271944 0.0308594 0.0311111 0.00570679
0 0.348125 0.0826389 0.01875 0.0213889 0.00564194
2 0.696875 0.0523611 0.00625 0.0165278 0.0055542
2 0.207031 0.145972 0.00718751 0.0241667 0.00553513
7 0.955 0.267222 0.00499999 0.02 0.00538635
0 0.91125 0.0960417 0.035 0.0281944 0.00530243
3 0.97625 0.197222 0.00625 0.0688889 0.00527954
0 0.516875 0.0602778 0.0175 0.0243056 0.0051384
7 0.288906 0.1225 0.0046875 0.0133333 0.00510025
7 0.55625 0.0454167 0.00562496 0.0130556 0.00496292
0 0.82125 0.0597222 0.04 0.0277778 0.0046463
0 0.494063 0.0108333 0.00562503 0.00944445 0.00455475
7 0.305313 0.101597 0.00437501 0.0120833 0.00452042
0 0.68875 0.0310417 0.0175 0.0168056 0.00450516
2 0.734375 0.111146 0.01 0.0460417 0.0042305
3 0.608125 0.0295139 0.00625 0.0240278 0.00421524
0 0.884375 0.0761111 0.03125 0.0297222 0.00416565
0 0.81875 0.0774306 0.045 0.0330556 0.0041008
7 0.185313 0.200833 0.00406249 0.0166667 0.00400543
7 0.700625 0.0772917 0.00499999 0.0159722 0.00397491
2 0.0461328 0.327778 0.0105469 0.04 0.00382423
0 0.38 0.0554167 0.01375 0.0219444 0.0037365
2 0.615313 0.0351389 0.00562503 0.0161111 0.00356483
0 0.0542871 0.291389 0.0311133 0.0377778 0.00355148
3 0.96625 0.146944 0.00999997 0.0294444 0.00353813
7 0.73375 0.125 0.00625 0.0266667 0.00352478
3 0.0365234 0.247639 0.0071875 0.0180556 0.00352478
2 0.0892188 0.274167 0.0159375 0.0316667 0.00346947
7 0.260625 0.266944 0.01 0.0288889 0.00340271
3 0.19 0.156944 0.00562499 0.0238889 0.00337601
3 0.273594 0.0967361 0.00562499 0.0220833 0.00331116
7 0.7325 0.124028 0.00750001 0.0244444 0.00328636
7 0.69125 0.183056 0.00750001 0.0288889 0.00324821
7 0.125391 0.242222 0.00359375 0.0111111 0.00324821
7 0.295313 0.115139 0.00406249 0.0116667 0.00313568
0 0.7875 0.0713889 0.0375001 0.0277778 0.00307465
3 0.98875 0.186111 0.01 0.0855556 0.00304031
7 0.254531 0.134028 0.00375001 0.01 0.00275803
3 0.6875 0.169722 0.02 0.0577778 0.00275803
0 0.449688 0.0184722 0.01 0.01375 0.00275803
0 0.00652832 0.261111 0.0103809 0.0216667 0.00268364
7 0.93625 0.253889 0.00499999 0.0244445 0.0026722
7 0.685 0.0661111 0.00250003 0.0102778 0.00265312
7 0.129688 0.229722 0.00375 0.015 0.00245285
7 0.725 0.0793056 0.00499999 0.0158333 0.00239754
7 0.69 0.0525694 0.00374997 0.0154167 0.00233269
0 0.5225 0.0547222 0.021875 0.0266667 0.00230598
7 0.625 0.337222 0.08625 0.127778 0.00226974
7 0.67625 0.079375 0.00499999 0.0125 0.00214958
7 0.51125 0.326111 0.0725 0.123333 0.00206757
0 0.98625 0.108472 0.015 0.0236111 0.0020504
3 0.0534375 0.316111 0.00734375 0.0144444 0.00203514
3 0.295938 0.102222 0.00499999 0.0138889 0.00201988
2 0.93625 0.0868056 0.00750001 0.0169444 0.00198746
0 0.420625 0.0831944 0.04 0.0333333 0.00188923
0 0.995 0.107778 0.00999997 0.0288889 0.00187492
0 0.865 0.0802778 0.0375 0.0265278 0.00187492
7 0.250625 0.127778 0.00375001 0.0155556 0.00186062
0 0.429375 0.0313194 0.01125 0.0143056 0.00179577
2 0.607813 0.0477083 0.00750001 0.0194444 0.00174809
0 0.53375 0.0490278 0.03125 0.0201389 0.00174141
7 0.235313 0.150139 0.003125 0.0108333 0.00171375
7 0.239688 0.284722 0.010625 0.0272222 0.0017004
5 0.391875 0.0384028 0.0175 0.0254167 0.00162888
3 0.18375 0.171111 0.0046875 0.0208333 0.00162888
3 0.956875 0.195278 0.00625 0.0511111 0.0015974
3 0.47125 0.0618056 0.009375 0.0236111 0.00159168
2 0.649375 0.0356944 0.01625 0.0190278 0.00156116
0 0.401563 0.034375 0.01 0.0159722 0.00154877
3 0.124063 0.209444 0.0046875 0.0227778 0.00154877
2 0.576875 0.0151736 0.00750001 0.0140972 0.00152493
7 0.7725 0.143333 0.00625 0.0188889 0.00152493
7 0.105 0.274444 0.00375 0.0144444 0.00151253
7 0.2525 0.269444 0.01 0.0311111 0.00151253
5 0.74375 0.0358333 0.075 0.0680556 0.00146103
0 0.935625 0.0961111 0.02375 0.0238889 0.00143242
2 0.243906 0.123333 0.00437501 0.0186111 0.00142097
3 0.985 0.181806 0.00500005 0.0380556 0.00141048
3 0.180156 0.151111 0.0078125 0.03 0.00138283
3 0.225 0.120278 0.00625 0.0275 0.00134563
7 0.7125 0.314167 0.09125 0.117778 0.00134563
2 0.0245508 0.259444 0.00652344 0.0155555 0.00133514
2 0.613125 0.0431771 0.00875003 0.0153125 0.00126457
7 0.715 0.0647222 0.00625 0.0252778 0.00122547
7 0.66625 0.0811111 0.00499999 0.0108333 0.0012064
0 0.0708984 0.250278 0.0292969 0.0244444 0.0012064
7 0.71375 0.0780556 0.00499999 0.0173611 0.00118828
0 0.4175 0.0137847 0.00750001 0.0138889 0.0011692
3 0.95875 0.195833 0.00875003 0.0508333 0.00113392
7 0.665 0.0482639 0.00250003 0.0147222 0.00112438
7 0.6775 0.191389 0.00999997 0.0383333 0.00110722
3 0.155156 0.17375 0.0046875 0.0152778 0.00108147
2 0.58125 0.0290278 0.01125 0.0101389 0.00104046
3 0.970625 0.214167 0.00750001 0.0838889 0.00101185
2 0.235 0.115694 0.01375 0.0375 0.00100803
7 0.284687 0.149444 0.00562499 0.0177778 0.00100803
