0 0.101094 0.793333 0.116563 0.164444 0.94873
0 0.257969 0.661111 0.106563 0.178889 0.946289
0 0.48375 0.73 0.091875 0.188889 0.932617
0 0.3775 0.636667 0.07875 0.126667 0.924316
0 0.212031 0.601111 0.0884375 0.116667 0.908203
0 0.520625 0.296111 0.014375 0.0166667 0.861328
7 0.23625 0.505 0.0075 0.0244445 0.854004
0 0.30875 0.331111 0.016875 0.02 0.845703
0 0.0259326 0.468333 0.0354785 0.0311111 0.825684
7 0.222813 0.520556 0.00750001 0.025 0.825684
0 0.343125 0.332778 0.0175 0.0238889 0.818848
0 0.0472559 0.45 0.033457 0.0305556 0.812988
0 0.243906 0.355 0.0275 0.0233333 0.788086
0 0.481875 0.319167 0.015 0.0238889 0.779785
0 0.3825 0.326111 0.0175 0.0222222 0.775879
7 0.0244531 0.530833 0.00542969 0.0172223 0.774414
0 0.7175 0.325 0.035 0.0255556 0.763672
0 0.0992188 0.402222 0.0270313 0.0233333 0.762207
0 0.3575 0.324722 0.015 0.0188889 0.746094
7 0.725 0.401111 0.00499999 0.0172222 0.743164
0 0.45375 0.310556 0.015 0.0166667 0.741699
0 0.74875 0.331111 0.04125 0.03 0.741699
0 0.45375 0.346111 0.02375 0.0344445 0.733887
7 0.6675 0.464722 0.00625 0.0227778 0.726562
0 0.0596094 0.438333 0.0329688 0.0255556 0.723145
2 0.0741406 0.462222 0.015625 0.0311111 0.715332
7 0.73 0.438889 0.00499999 0.02 0.708984
0 0.0104883 0.461944 0.0209766 0.0344444 0.705566
0 0.472813 0.293889 0.00874999 0.0161111 0.694336
7 0.925 0.458889 0.00499999 0.0166667 0.684082
0 0.403125 0.323889 0.01625 0.0222222 0.645996
7 0.73875 0.429444 0.00499999 0.0211111 0.634277
0 0.495625 0.283333 0.00999997 0.0144444 0.631836
0 0.458125 0.298611 0.00999997 0.0161111 0.62793
5 0.408125 0.304722 0.01875 0.0377778 0.622559
0 0.394063 0.317222 0.0125 0.0188889 0.569824
7 0.7475 0.399722 0.00499999 0.0161111 0.484375
7 0.74875 0.417222 0.00499999 0.0177778 0.443604
7 0.0490234 0.480556 0.00375 0.0144445 0.403564
7 0.65375 0.328889 0.00374997 0.0111111 0.401611
7 0.126563 0.421667 0.00437501 0.00999999 0.395996
0 0.74125 0.322222 0.0375 0.0255556 0.355713
7 0.634375 0.330556 0.00375004 0.0122222 0.352295
7 0.678125 0.479722 0.00750001 0.0261111 0.352295
7 0.145469 0.417222 0.0034375 0.0111111 0.345215
7 0.92375 0.466111 0.00499999 0.0166667 0.334473
0 0.464063 0.280556 0.00625 0.01 0.320801
0 0.460625 0.296111 0.010625 0.0155555 0.307373
7 0.0105664 0.544306 0.00605469 0.0202778 0.283691
0 0.433125 0.276111 0.00625 0.00888887 0.279785
0 0.46125 0.287222 0.00750001 0.0133334 0.250244
0 0.375313 0.303889 0.0125 0.0166667 0.242188
0 0.383125 0.318611 0.01375 0.0205556 0.230957
7 0.205 0.385 0.003125 0.00833333 0.229492
0 0.480313 0.299444 0.01125 0.0155556 0.210815
0 0.354375 0.319444 0.01375 0.0177778 0.206299
0 0.4525 0.313333 0.01625 0.0194444 0.201172
0 0.484375 0.276111 0.00625 0.0144444 0.184204
0 0.473125 0.279444 0.00750001 0.0116667 0.180054
7 0.685 0.352222 0.00250003 0.0133333 0.176636
0 0.39875 0.322778 0.015 0.0211111 0.165039
0 0.470625 0.272778 0.00625 0.0111111 0.153076
0 0.4875 0.269444 0.00749998 0.01 0.146606
0 0.3775 0.306667 0.0125 0.0188889 0.1427
7 0.266094 0.363889 0.00406251 0.0111111 0.124207
0 0.39375 0.308611 0.01375 0.0161111 0.111267
0 0.364375 0.317222 0.010625 0.0155555 0.101929
0 0.424063 0.278889 0.00749998 0.0122222 0.0977173
0 0.0291797 0.463611 0.0392969 0.0405556 0.0966797
7 0.149297 0.411389 0.00359375 0.0122222 0.0930176
2 0.105781 0.387778 0.0115625 0.02 0.0863037
0 0.395313 0.301389 0.00749998 0.0172222 0.0812378
2 0.410938 0.323333 0.0125 0.02 0.0775146
0 0.38 0.302222 0.01125 0.0155556 0.0723877
0 0.355 0.31 0.0125 0.0166667 0.0678101
0 0.0608594 0.456667 0.0334375 0.0377778 0.0501404
0 0.0862305 0.411667 0.0144141 0.02 0.0472412
0 0.48375 0.267222 0.00625 0.0166667 0.0456848
7 0.74625 0.421667 0.00500005 0.0166667 0.0455322
7 0.67 0.342778 0.00250003 0.0138889 0.0328369
7 0.223438 0.3675 0.005 0.0133333 0.0313721
7 0.128281 0.415556 0.00437501 0.0144444 0.0282135
0 0.483438 0.310556 0.015625 0.0222222 0.0259552
7 0.73375 0.432778 0.00500005 0.02 0.0256653
0 0.4475 0.262778 0.00625 0.00999999 0.0250854
0 0.448438 0.266667 0.00625 0.0111111 0.0236969
7 0.0546094 0.472778 0.00578125 0.0127778 0.0236053
7 0.75375 0.416389 0.00499999 0.0172222 0.0217743
0 0.507812 0.271111 0.00687501 0.00999999 0.0214539
0 0.430625 0.272222 0.00625 0.01 0.0196075
0 0.0935938 0.410556 0.025625 0.0255556 0.0191193
2 0.69625 0.331111 0.00999997 0.025 0.0164642
0 0.23125 0.62 0.05375 0.0966667 0.0153046
0 0.419375 0.283889 0.00812502 0.0133333 0.0149536
0 0.71125 0.324722 0.035 0.0272222 0.0147858
7 0.7375 0.428889 0.00499999 0.0211111 0.0147858
0 0.47375 0.297778 0.0125 0.0172222 0.0145035
7 0.194844 0.385556 0.0034375 0.0138889 0.0125732
0 0.423125 0.2925 0.009375 0.0155556 0.0119629
7 0.046875 0.485 0.005625 0.0166667 0.0115509
7 0.65375 0.32 0.00374997 0.0144444 0.00993347
3 0.190625 0.372778 0.005 0.0211111 0.00941467
7 0.209688 0.375556 0.00250001 0.00944443 0.00926971
2 0.253125 0.331111 0.00718751 0.02 0.00878143
7 0.674375 0.329444 0.00374997 0.0133333 0.00818634
7 0.66875 0.470556 0.00625 0.0266667 0.00751877
0 0.381875 0.256667 0.00812499 0.0122222 0.00695801
0 0.3775 0.290556 0.00874999 0.0144444 0.00614548
7 0.155625 0.417222 0.00406249 0.0111111 0.00557709
7 0.721875 0.448611 0.00750001 0.0216667 0.0055542
7 0.145469 0.406944 0.003125 0.0122222 0.00538635
0 0.505625 0.277778 0.00625 0.0111111 0.00502014
5 0.739375 0.311667 0.04 0.0377778 0.00486755
2 0.41125 0.331389 0.00875003 0.0222222 0.00484848
7 0.3775 0.637778 0.0775 0.126667 0.00457382
7 0.636875 0.318333 0.00500005 0.0122222 0.00448608
2 0.0247266 0.445278 0.00914063 0.0261111 0.00432968
7 0.928125 0.453889 0.00499999 0.0177778 0.00429916
0 0.4175 0.312778 0.0175 0.0211111 0.0041008
7 0.230469 0.368889 0.004375 0.0177778 0.00379562
0 0.456875 0.313333 0.0175 0.0244444 0.00378036
7 0.72625 0.443056 0.00499999 0.0211111 0.00367928
0 0.514063 0.280556 0.00562499 0.01 0.00336266
0 0.378125 0.258889 0.0125 0.0161111 0.00324821
7 0.615 0.33 0.00374997 0.0111111 0.00314713
7 0.630625 0.336111 0.00374997 0.0133333 0.00311089
7 0.575 0.330833 0.00437501 0.0116667 0.00293541
3 0.583438 0.291389 0.00562503 0.0194444 0.00290108
7 0.12625 0.41 0.00406249 0.02 0.00287819
3 0.810625 0.3 0.00625 0.0194444 0.00274658
7 0.71 0.402222 0.00499999 0.0233333 0.00273705
7 0.265313 0.355278 0.00437501 0.0161111 0.00259018
7 0.565625 0.317778 0.00375004 0.0122222 0.00256157
7 0.115781 0.435556 0.00437501 0.0144444 0.00237846
7 0.675625 0.353333 0.00374997 0.0155556 0.00209999
0 0.00315674 0.425 0.00631348 0.0211111 0.00202751
7 0.665 0.313889 0.00250003 0.00888889 0.00201035
3 0.580625 0.287222 0.00500005 0.0144444 0.00195694
3 0.6925 0.336667 0.0125 0.0266667 0.00192642
0 0.74 0.315833 0.0425001 0.0327778 0.00191212
0 0.8675 0.342222 0.02375 0.0183333 0.00189686
0 0.0609766 0.431667 0.0316406 0.0277778 0.00185299
7 0.666875 0.352778 0.00499999 0.0133333 0.00183868
0 0.00709961 0.4525 0.0141992 0.0355555 0.00182438
7 0.286094 0.351111 0.00437498 0.0111111 0.00176811
0 0.343125 0.338333 0.01625 0.0244444 0.00173378
7 0.0117163 0.542778 0.00711426 0.0177778 0.00166798
2 0.0759375 0.4625 0.0214063 0.0327778 0.00163555
0 0.1675 0.37 0.01625 0.0222222 0.00152493
7 0.175625 0.404444 0.00437501 0.0133334 0.0015192
0 0.100156 0.411111 0.0215625 0.0255556 0.00150681
7 0.6675 0.46 0.00750001 0.0311111 0.00148964
0 0.720625 0.312778 0.0325 0.0233333 0.00147247
5 0.476875 0.262778 0.00562503 0.00999999 0.00137806
0 0.34375 0.320833 0.01375 0.0205555 0.00135136
2 0.185 0.379444 0.011875 0.0255555 0.00131989
7 0.275313 0.349167 0.00375001 0.0133333 0.00130463
7 0.167188 0.42 0.00562501 0.0155556 0.00124454
2 0.8125 0.297222 0.00750001 0.0211111 0.00123501
7 0.154375 0.406111 0.00374999 0.0111111 0.00117874
3 0.549375 0.302778 0.00500005 0.0155556 0.0011425
0 0.495938 0.265 0.00562499 0.0122222 0.00113773
7 0.603438 0.300556 0.00437501 0.0138889 0.00112915
0 0.735 0.335556 0.0325 0.0316666 0.00112438
0 0.0553516 0.433333 0.0288281 0.0311111 0.00109005
0 0.364063 0.298333 0.00874999 0.00999999 0.00105667
0 0.183594 0.370833 0.015 0.0216667 0.00103188
