0 0.6375 0.796111 0.1275 0.23 0.95752
0 0.319219 0.832222 0.139687 0.251111 0.95752
0 0.48 0.88 0.128125 0.238889 0.95459
0 0.76875 0.775 0.14 0.205556 0.954102
0 0.211289 0.753333 0.124922 0.177778 0.953125
0 0.475625 0.621111 0.074375 0.144444 0.941895
0 0.685 0.589861 0.08875 0.118056 0.937012
0 0.29125 0.583889 0.085 0.114444 0.936523
0 0.380625 0.614444 0.07625 0.117778 0.936035
0 0.59 0.528056 0.07125 0.123889 0.868164
2 0.453125 0.478333 0.04125 0.0711111 0.859863
0 0.206875 0.611111 0.09 0.106667 0.859863
0 0.103906 0.763333 0.124375 0.168889 0.834473
7 0.235313 0.504167 0.00687501 0.0244444 0.790527
0 0.79125 0.315556 0.0325 0.03 0.767578
0 0.652656 0.325 0.0371875 0.03 0.766113
0 0.781875 0.329722 0.03625 0.0255556 0.756348
0 0.368125 0.328889 0.016875 0.0211111 0.716797
0 0.389375 0.325556 0.0175 0.0222222 0.712402
5 0.57875 0.531111 0.098125 0.174444 0.710449
0 0.104844 0.441944 0.0448438 0.0327778 0.705566
0 0.349375 0.330556 0.016875 0.0222222 0.697754
0 0.306406 0.339444 0.0190625 0.0211111 0.668945
0 0.324297 0.335556 0.0164063 0.0211111 0.665527
2 0.525 0.318889 0.015 0.0266667 0.660156
0 0.510625 0.278333 0.01125 0.0155555 0.635254
2 0.0430859 0.5275 0.0230469 0.0438889 0.629883
7 0.222031 0.518333 0.00718749 0.0255556 0.62793
0 0.475938 0.303333 0.01375 0.0194444 0.625977
0 0.265469 0.347778 0.025 0.0211111 0.615234
3 0.280938 0.472222 0.01875 0.0577778 0.613281
0 0.408125 0.320833 0.01625 0.0205555 0.604004
7 0.666875 0.465556 0.00625 0.02 0.600098
0 0.659375 0.317778 0.04125 0.0244445 0.594727
0 0.84375 0.324167 0.0275 0.0194444 0.588867
0 0.8625 0.330833 0.03 0.0211111 0.57959
0 0.326563 0.336667 0.016875 0.0188889 0.548828
2 0.581875 0.444722 0.04375 0.0594445 0.546875
0 0.92625 0.331111 0.025 0.0177778 0.539062
0 0.885625 0.326389 0.02625 0.0188889 0.525391
0 0.41 0.318889 0.015625 0.02 0.517578
0 0.206406 0.369167 0.0246875 0.0211111 0.513672
0 0.00627441 0.472222 0.0124902 0.0283334 0.511719
2 0.734375 0.395833 0.01625 0.0461111 0.50293
2 0.75125 0.391667 0.015 0.0477778 0.482422
3 0.277969 0.472778 0.011875 0.0577778 0.46875
7 0.924375 0.46 0.00499999 0.0177778 0.462891
0 0.0526563 0.427778 0.0226563 0.0211111 0.460938
5 0.402813 0.286667 0.016875 0.0277778 0.455078
7 0.729375 0.438889 0.00625 0.02 0.433105
0 0.9225 0.328889 0.025 0.0166667 0.430176
2 0.038125 0.474444 0.0154688 0.0344444 0.424316
0 0.86 0.333333 0.0300001 0.02 0.42334
0 0.955 0.331111 0.0225 0.0177778 0.420654
2 0.192813 0.378889 0.00843751 0.0216667 0.414795
0 0.331875 0.328889 0.015 0.0222222 0.40918
5 0.39125 0.296667 0.015 0.0294445 0.373779
0 0.95 0.331111 0.0225 0.0166667 0.37207
7 0.144922 0.417222 0.00374999 0.0105555 0.366699
7 0.73875 0.43 0.00499999 0.0233333 0.363037
2 0.0525 0.513333 0.00953125 0.0416667 0.359375
2 0.169844 0.376667 0.00625 0.0177778 0.353027
2 0.735625 0.387222 0.01375 0.05 0.334473
7 0.923125 0.4675 0.00499999 0.0188889 0.324219
0 0.31 0.336667 0.014375 0.0211111 0.319092
0 0.3575 0.316667 0.014375 0.0194444 0.295898
3 0.0221484 0.519167 0.00898438 0.0438889 0.291016
2 0.749375 0.396111 0.0175001 0.0466667 0.287842
2 0.282813 0.472778 0.021875 0.0583334 0.287842
0 0.39375 0.318056 0.01375 0.0216667 0.275146
2 0.191719 0.376944 0.0075 0.0222222 0.268066
3 0.0202734 0.514444 0.00730469 0.0455556 0.265869
0 0.371875 0.315833 0.0125 0.0188889 0.264404
0 0.335 0.320833 0.01375 0.0194444 0.237915
2 0.7525 0.396667 0.015 0.0466667 0.2323
0 0.95125 0.333333 0.02 0.0155556 0.219971
2 0.73375 0.39 0.0199999 0.0488889 0.218628
0 0.485 0.26 0.00500002 0.00999999 0.203735
0 0.78875 0.32 0.0375 0.0322222 0.180054
0 0.37 0.305556 0.01125 0.0155556 0.177246
2 0.7525 0.387222 0.0125 0.0461111 0.171021
7 0.675625 0.349722 0.00374997 0.0111111 0.164551
0 0.511563 0.274444 0.01 0.0138889 0.154541
0 0.42125 0.299167 0.01 0.0177778 0.14856
7 0.7375 0.431667 0.00499999 0.0188889 0.147095
0 0.410625 0.305556 0.0125 0.0166667 0.147095
0 0.5025 0.279444 0.00874999 0.0122222 0.146606
0 0.362188 0.316667 0.0125 0.0188889 0.136597
3 0.16375 0.384722 0.005 0.0233333 0.127686
0 0.420938 0.306111 0.010625 0.0177778 0.126343
3 0.5875 0.443333 0.02125 0.0538889 0.126343
3 0.0342188 0.518056 0.0117969 0.0516667 0.124634
0 0.49375 0.26 0.00500002 0.00833333 0.117981
3 0.0374609 0.5175 0.0145312 0.0516667 0.11554
2 0.537188 0.316389 0.00750001 0.0238889 0.108582
0 0.475 0.260556 0.00562499 0.01 0.107788
7 0.0100098 0.544444 0.00498047 0.0188889 0.101562
2 0.0341797 0.476111 0.0114063 0.0344445 0.0897827
3 0.219688 0.358889 0.00562499 0.0188889 0.0869141
3 0.564375 0.442222 0.00874996 0.0483333 0.0844727
2 0.7175 0.413611 0.0175 0.0472222 0.0841675
3 0.675 0.463889 0.00874996 0.0533334 0.0803833
7 0.678125 0.479722 0.00874996 0.0261111 0.0783691
7 0.125234 0.419444 0.00375 0.00777777 0.0775146
0 0.498125 0.275 0.01125 0.0127778 0.076416
0 0.525 0.277778 0.01 0.0122222 0.0761108
0 0.446875 0.268333 0.00874999 0.0111111 0.0745239
0 0.348125 0.321111 0.01375 0.02 0.0739746
3 0.222813 0.349444 0.00562499 0.0205556 0.0703125
2 0.187656 0.378889 0.0140625 0.0222222 0.0700684
3 0.24875 0.342778 0.005 0.0222222 0.0700684
3 0.281563 0.474444 0.025625 0.06 0.0685425
2 0.705625 0.417222 0.0112501 0.0433333 0.0678101
0 0.8325 0.331111 0.0325 0.02 0.0648804
0 0.412813 0.296667 0.010625 0.0188889 0.0634766
7 0.92875 0.452778 0.00500005 0.0177778 0.0583496
0 0.419063 0.288333 0.00812499 0.0133333 0.0582275
7 0.685 0.353889 0.00374997 0.0144444 0.0564575
0 0.0544531 0.430556 0.0246875 0.0222222 0.0552063
7 0.685 0.36 0.00374997 0.0155555 0.0535889
0 0.900625 0.329444 0.025 0.0166667 0.0526123
3 0.67875 0.478889 0.00875003 0.0277778 0.0512695
3 0.237188 0.362222 0.00625 0.0238889 0.0505066
7 0.129531 0.413611 0.0028125 0.0122222 0.0505066
7 0.933125 0.466667 0.00625 0.0244444 0.0486755
2 0.0544531 0.473333 0.00796875 0.0288889 0.0470886
7 0.9225 0.483056 0.00500005 0.0183333 0.0456848
2 0.703125 0.418333 0.01375 0.0477778 0.0451965
0 0.97375 0.333056 0.0225 0.0166667 0.0441895
0 0.187813 0.374167 0.01375 0.0211111 0.0405273
2 0.694375 0.4175 0.02625 0.0483333 0.0402527
2 0.75375 0.400833 0.00750001 0.0438889 0.0402527
0 0.530625 0.268889 0.00749998 0.0105555 0.0394897
2 0.0507422 0.472222 0.00585938 0.0322222 0.0387573
7 0.93375 0.455 0.00499999 0.0222222 0.0359497
0 0.979375 0.333889 0.02 0.0166667 0.0337219
3 0.0246289 0.4725 0.00515625 0.0238889 0.0335999
3 0.74375 0.404444 0.00625 0.0422222 0.0332031
3 0.164063 0.372222 0.00562501 0.0222222 0.0330811
7 0.7375 0.403889 0.00750001 0.0433333 0.0319824
0 0.885 0.333056 0.0275 0.0172222 0.0319824
2 0.744375 0.387222 0.025 0.0477778 0.0314941
2 0.216563 0.355 0.00625 0.0188889 0.0313721
0 0.378125 0.301111 0.010625 0.0166667 0.03125
0 0.444375 0.265278 0.00749998 0.0127778 0.0305634
2 0.5575 0.297222 0.01125 0.0155556 0.0289764
3 0.68125 0.480556 0.00874996 0.0322222 0.0282135
2 0.56125 0.298889 0.014375 0.0166667 0.0268555
2 0.534375 0.319167 0.011875 0.0272222 0.0265503
0 0.329375 0.321389 0.01375 0.0188889 0.0257568
2 0.241563 0.36 0.00812499 0.0216667 0.0253754
7 0.6675 0.473889 0.00750001 0.0255556 0.0249939
7 0.0074707 0.544444 0.00576172 0.0155555 0.0243378
2 0.105313 0.387778 0.008125 0.0177778 0.0234222
0 0.47 0.268889 0.00499999 0.00777777 0.0233307
0 0.181875 0.373889 0.02625 0.02 0.0228882
2 0.503125 0.326667 0.0125 0.0244444 0.0225372
3 0.246875 0.352222 0.00562501 0.0155556 0.021698
0 0.6725 0.33 0.04 0.0266667 0.0211182
0 0.180313 0.377778 0.01875 0.0188889 0.0210419
7 0.74375 0.424167 0.00625 0.0305556 0.02034
0 0.781875 0.335 0.03625 0.0322222 0.0191193
2 0.0530078 0.468611 0.00898438 0.0322222 0.0191193
0 0.67875 0.330556 0.04 0.03 0.0185394
0 0.96125 0.335 0.0275 0.0172222 0.0165253
2 0.49875 0.327222 0.00999997 0.0233333 0.0164032
3 0.71 0.381944 0.00625 0.0372222 0.0162811
0 0.91875 0.334444 0.025 0.0155555 0.0160217
4 0.57875 0.530833 0.0975 0.175 0.0153046
7 0.935 0.445278 0.00500005 0.0177778 0.0150146
0 0.00570313 0.476667 0.0114063 0.0333334 0.0149536
3 0.585 0.438889 0.0225 0.0555556 0.0145035
0 0.534375 0.264444 0.00500002 0.0122222 0.0144501
0 0.0692969 0.471111 0.0267188 0.0272222 0.0136871
3 0.105078 0.401111 0.00437501 0.0133333 0.0136337
7 0.148906 0.412222 0.00374999 0.0111111 0.0136337
7 0.605625 0.297222 0.00374997 0.0111111 0.0126266
3 0.247188 0.3375 0.00562501 0.0183333 0.0124817
2 0.0419922 0.470556 0.0179688 0.0333333 0.0121918
2 0.522813 0.316111 0.01875 0.0311111 0.012146
0 0.66375 0.325833 0.035 0.0288889 0.0119629
0 0.353438 0.312222 0.015625 0.0244445 0.0119629
0 0.43625 0.276111 0.00875003 0.00888887 0.0118256
3 0.77625 0.357778 0.00750001 0.0333333 0.011734
2 0.69 0.419444 0.0225 0.0477778 0.0115509
0 0.410625 0.282778 0.015 0.0161111 0.0106964
0 0.444688 0.272222 0.00750001 0.0133333 0.0106125
2 0.22375 0.366944 0.00531249 0.0161111 0.0104523
5 0.396875 0.292222 0.02625 0.0322222 0.0102921
7 0.72625 0.438889 0.00499999 0.0166667 0.00997162
3 0.711875 0.413889 0.00999997 0.04 0.00997162
3 0.583125 0.313889 0.00625 0.0216667 0.00923157
0 0.82875 0.334444 0.0199999 0.0161111 0.00898743
3 0.0264258 0.492222 0.00664063 0.0288889 0.0085144
2 0.564063 0.450556 0.025625 0.0561111 0.00837708
0 0.421875 0.276667 0.00874999 0.0122222 0.00793457
7 0.00308594 0.553333 0.00583008 0.02 0.00793457
0 0.8075 0.331111 0.03 0.0233333 0.00763702
3 0.70125 0.420278 0.0125 0.0411111 0.00751877
2 0.0634375 0.4725 0.0101563 0.0238889 0.00746155
3 0.11625 0.387778 0.0046875 0.0155555 0.00743103
3 0.685 0.450833 0.03 0.0761111 0.00743103
0 0.365625 0.300556 0.00874999 0.0133333 0.00734711
0 0.26875 0.34 0.020625 0.02 0.00709534
2 0.0242236 0.432222 0.00928711 0.0211111 0.0069046
0 0.515 0.263333 0.00499999 0.01 0.00679779
0 0.7825 0.317778 0.04 0.0355556 0.00674438
2 0.71625 0.385833 0.0125 0.0333333 0.00671768
0 0.46625 0.275 0.00500002 0.01 0.00666809
7 0.56625 0.308889 0.00499999 0.0166667 0.00656509
3 0.13 0.380556 0.0040625 0.0211111 0.00651169
3 0.135234 0.381667 0.00374999 0.015 0.0064621
0 0.9425 0.321667 0.0125 0.0194444 0.00621796
3 0.0752344 0.403056 0.00484375 0.0172222 0.00621796
3 0.019082 0.516667 0.0090625 0.0444444 0.00616837
3 0.78 0.337778 0.025 0.0288889 0.006073
2 0.466875 0.325556 0.00750001 0.0233333 0.00602722
7 0.6675 0.46 0.00625 0.0333334 0.00600433
0 0.49125 0.265833 0.00625 0.0111111 0.00591278
7 0.7225 0.45 0.00750001 0.0205555 0.00588989
3 0.778125 0.35 0.00750001 0.0266667 0.005867
7 0.92875 0.474444 0.00500005 0.0233333 0.00559998
7 0.575313 0.317778 0.00375004 0.0133334 0.00536346
7 0.605 0.330556 0.00375004 0.0111111 0.00536346
7 0.630625 0.337778 0.00500005 0.0133333 0.00518036
3 0.23625 0.359444 0.005 0.0238889 0.0050621
3 0.54875 0.266111 0.00499999 0.0188889 0.0049057
0 0.505 0.258056 0.00625 0.00999999 0.00482941
0 0.525625 0.2625 0.00500002 0.0111111 0.00479126
0 0.885 0.322778 0.0275 0.0216667 0.00468063
3 0.0258203 0.524167 0.00828125 0.0483333 0.00457382
3 0.276875 0.477778 0.00906251 0.0655556 0.00448608
0 0.104141 0.432222 0.0410938 0.0266667 0.00441742
2 0.0261328 0.426667 0.0111719 0.02 0.0042305
0 0.205 0.379444 0.0125 0.0205556 0.00419998
0 0.0758984 0.468611 0.0316406 0.0283333 0.00403976
2 0.68875 0.434444 0.035 0.0722222 0.00399017
3 0.108438 0.383611 0.00625 0.0222222 0.00391388
0 0.00338867 0.443333 0.00677734 0.0211111 0.00385475
0 0.0521484 0.467222 0.0376563 0.0311111 0.00382423
3 0.124219 0.386667 0.0040625 0.0177778 0.00351143
7 0.221563 0.508889 0.008125 0.03 0.00345612
2 0.00309326 0.418889 0.00618652 0.0166667 0.00337601
7 0.665625 0.346667 0.00625 0.0155556 0.00333786
2 0.5575 0.306389 0.00750001 0.0216667 0.00332451
0 0.320625 0.320556 0.015 0.0188889 0.00325966
3 0.7175 0.424444 0.01 0.06 0.00324821
0 0.975 0.343889 0.02 0.0255556 0.00322342
7 0.6825 0.481111 0.00499999 0.0283333 0.00319672
2 0.5075 0.289444 0.00750001 0.0166667 0.00314713
7 0.61375 0.330556 0.00437501 0.0111111 0.00314713
2 0.0849219 0.428333 0.0040625 0.0211111 0.00305176
0 0.555938 0.478611 0.05 0.06 0.00292397
5 0.206094 0.613333 0.0965625 0.111111 0.00286674
0 0.53125 0.277222 0.01 0.01 0.00282288
7 0.514375 0.323889 0.00499999 0.0211111 0.00277901
7 0.124063 0.405556 0.0040625 0.0122222 0.00275803
3 0.163125 0.391111 0.00562499 0.0277778 0.00275803
0 0.495 0.245278 0.00499999 0.00944443 0.00271416
2 0.0553125 0.406667 0.009375 0.0188889 0.0026722
7 0.475625 0.621111 0.075 0.146667 0.00265312
0 0.505313 0.244167 0.00500002 0.00944446 0.00261116
7 0.655 0.362222 0.00499999 0.0155555 0.00261116
3 0.585625 0.298333 0.00499999 0.0144444 0.00257111
0 0.929375 0.341111 0.0225 0.0211111 0.00237846
7 0.665 0.360556 0.00500005 0.0177778 0.00234985
0 0.0378516 0.425278 0.0135156 0.02 0.00232315
7 0.71625 0.45 0.00499999 0.0255556 0.00229645
7 0.135469 0.417222 0.0034375 0.0111111 0.00228691
7 0.115469 0.402222 0.00375 0.0122222 0.00227928
2 0.505 0.319444 0.01625 0.0366667 0.00226021
2 0.86375 0.303333 0.00750001 0.0188889 0.00223351
7 0.689375 0.305 0.00499999 0.0133333 0.00222588
7 0.135703 0.406111 0.00328124 0.0111111 0.00221634
7 0.685 0.59 0.0875 0.116667 0.00221634
7 0.595625 0.298889 0.00375004 0.0127778 0.00219154
2 0.0523047 0.444444 0.0139062 0.0255556 0.00205803
0 0.66375 0.32 0.045 0.0211111 0.00203514
0 0.9425 0.341944 0.02 0.0205556 0.0019722
7 0.594375 0.3125 0.00437501 0.0116667 0.00184631
0 0.466563 0.262778 0.00499999 0.00944446 0.00179577
3 0.22875 0.348333 0.00687501 0.0255556 0.00178242
0 0.49875 0.280278 0.00999997 0.0166667 0.00176811
2 0.155781 0.381389 0.00359375 0.02 0.00175476
2 0.0948438 0.404444 0.00406249 0.0144444 0.00174141
7 0.991875 0.802778 0.00874996 0.0222222 0.00172043
0 0.0614063 0.473333 0.0346875 0.0344445 0.0017004
3 0.155703 0.372222 0.00437501 0.0205555 0.00168705
2 0.0241016 0.427222 0.0119922 0.0188889 0.0016613
7 0.454063 0.325556 0.00625 0.02 0.00163555
2 0.73875 0.367778 0.0125 0.0344445 0.00162315
3 0.659375 0.287778 0.00625 0.0144444 0.00157356
3 0.82375 0.3 0.00499999 0.0144444 0.00156689
2 0.215938 0.373333 0.0109375 0.0266667 0.00156689
0 0.95 0.340278 0.0225 0.0227778 0.00154305
3 0.0852344 0.403333 0.00375 0.0166667 0.00154305
2 0.675625 0.295833 0.00875003 0.0133333 0.00153637
7 0.145 0.409167 0.00328126 0.015 0.00153637
2 0.565625 0.283889 0.00625 0.0155555 0.00152493
7 0.0747656 0.490278 0.0046875 0.0127778 0.00148392
