0 0.785625 0.827778 0.15375 0.235556 0.962891
0 0.615625 0.773889 0.115 0.215556 0.958496
0 0.57875 0.574444 0.075 0.113333 0.955078
0 0.4775 0.674444 0.08125 0.146667 0.938477
0 0.380313 0.612778 0.074375 0.12 0.936523
0 0.485 0.49 0.055 0.0922222 0.930664
5 0.95125 0.341389 0.035 0.0583333 0.921875
0 0.35625 0.420278 0.03 0.0538889 0.883301
0 0.0121094 0.469444 0.0242188 0.0266667 0.869629
0 0.441875 0.354444 0.043125 0.0344445 0.862305
0 0.240313 0.353889 0.02875 0.0277778 0.861328
0 0.142344 0.396111 0.0335938 0.0288889 0.858887
0 0.87125 0.355556 0.04 0.0288889 0.856934
0 0.0781641 0.435556 0.0349219 0.0288889 0.849121
2 0.50125 0.368333 0.02 0.0377778 0.838867
0 0.693125 0.358056 0.0550001 0.035 0.833496
2 0.895 0.484444 0.02 0.0633333 0.818359
7 0.234375 0.503611 0.00718751 0.0233333 0.816406
0 0.345625 0.330556 0.015 0.0222222 0.812988
0 0.366563 0.309444 0.011875 0.0155555 0.789062
5 0.0251953 0.440556 0.0427344 0.0555556 0.785156
2 0.00899414 0.524444 0.0163281 0.0388889 0.785156
0 0.36125 0.329722 0.01875 0.0216667 0.78418
0 0.740625 0.334722 0.0425 0.0283333 0.773438
0 0.0699609 0.415278 0.0285156 0.0244444 0.769043
7 0.666875 0.463889 0.00625 0.0233333 0.766113
2 0.6475 0.316667 0.00750001 0.0222222 0.744629
7 0.221563 0.518056 0.0075 0.0244444 0.713867
0 0.805 0.325556 0.0375 0.0233333 0.710449
2 0.0239404 0.51 0.0221973 0.0394445 0.710449
7 0.92625 0.458056 0.00499999 0.0166667 0.690918
0 0.85375 0.332778 0.0325 0.0233333 0.679199
2 0.583438 0.315556 0.0125 0.02 0.654785
7 0.75 0.415556 0.00499999 0.0166667 0.644043
5 0.3475 0.305556 0.0125 0.02 0.584961
1 0.8675 0.318889 0.05375 0.0477778 0.578613
1 0.88125 0.320833 0.0775 0.0505556 0.578613
0 0.73125 0.325556 0.03 0.0233333 0.569824
7 0.6775 0.48 0.00749995 0.0244445 0.562012
7 0.74625 0.4 0.00374997 0.0144444 0.535156
1 0.895 0.319444 0.09 0.0488889 0.533203
1 0.905 0.320556 0.065 0.0488889 0.519531
7 0.72875 0.438611 0.00499999 0.0188889 0.503906
0 0.80125 0.328611 0.0375 0.0244444 0.496094
7 0.125938 0.421389 0.00296875 0.00944443 0.470703
0 0.744375 0.324167 0.03875 0.0272222 0.466797
0 0.492813 0.28 0.009375 0.0133333 0.449463
7 0.72375 0.399722 0.00499999 0.0166667 0.437744
0 0.748125 0.327222 0.04 0.0266667 0.42627
7 0.73875 0.425556 0.00499999 0.0194444 0.419678
2 0.421875 0.331389 0.02 0.025 0.418701
7 0.92375 0.466389 0.00499999 0.0161111 0.395996
0 0.326328 0.320556 0.0135938 0.0166667 0.368408
0 0.4125 0.279444 0.00749998 0.0111111 0.345215
0 0.735 0.325556 0.03875 0.0277778 0.341553
2 0.117969 0.386944 0.00875 0.0211111 0.275146
0 0.485 0.259444 0.00625 0.00999999 0.226807
7 0.144688 0.415556 0.00375001 0.0122222 0.185913
0 0.41875 0.333333 0.025 0.0211111 0.179565
0 0.0258203 0.440556 0.0416406 0.0555556 0.177856
7 0.0639063 0.472778 0.004375 0.0144444 0.171631
1 0.865 0.313333 0.0475 0.0355555 0.146118
7 0.7375 0.428611 0.00499999 0.02 0.12854
7 0.743125 0.419444 0.00500005 0.0166667 0.11438
2 0.0222461 0.511111 0.0166016 0.0438889 0.104492
7 0.26625 0.362222 0.00375002 0.0133334 0.0910645
0 0.4475 0.355 0.03125 0.0322222 0.0875854
0 0.8625 0.3325 0.03 0.0172222 0.0794678
7 0.72625 0.441111 0.00499999 0.0183333 0.0786133
0 0.476875 0.264444 0.00625 0.0111111 0.0761108
0 0.86875 0.344444 0.04 0.03 0.0753174
7 0.0488281 0.476944 0.0040625 0.0138889 0.0710449
7 0.0464063 0.474444 0.00453125 0.0122222 0.0705566
7 0.73625 0.431111 0.00499999 0.0177778 0.0682983
5 0.494688 0.260556 0.00625 0.0111111 0.0653687
0 0.0753125 0.428889 0.03125 0.0277778 0.0605164
7 0.654375 0.331111 0.00250003 0.00666668 0.0592041
7 0.204844 0.383889 0.00343749 0.00944443 0.0509033
0 0.87375 0.350278 0.035 0.0266667 0.0499573
0 0.0213477 0.449722 0.0386328 0.0483333 0.0465393
0 0.00731445 0.449722 0.013418 0.0394445 0.0422363
0 0.41375 0.273333 0.00874999 0.0111111 0.0402527
2 0.634375 0.321111 0.00625 0.0244444 0.0401001
3 0.951875 0.371667 0.00750001 0.0233333 0.0358276
2 0.629375 0.315556 0.00625 0.0244444 0.035553
0 0.493438 0.270556 0.00812499 0.00888887 0.0348816
2 0.68625 0.291667 0.00499999 0.0177778 0.0337219
5 0.94625 0.339444 0.03 0.0544445 0.0327148
2 0.428125 0.334444 0.01625 0.0233333 0.029541
0 0.44625 0.262222 0.00437501 0.0077778 0.0293121
7 0.685625 0.315 0.00374997 0.0111111 0.0269623
2 0.421875 0.315556 0.01125 0.0155555 0.0258636
0 0.72875 0.321667 0.03125 0.0211111 0.0253754
7 0.285313 0.347778 0.00375001 0.00999999 0.0250854
0 0.0753125 0.431667 0.036875 0.0355555 0.0247955
7 0.75375 0.415278 0.00499999 0.0161111 0.0222931
2 0.580625 0.317778 0.0175001 0.0155555 0.0220337
0 0.455 0.263611 0.00437501 0.00944446 0.0205688
3 0.71 0.310556 0.00499999 0.0188889 0.0197144
2 0.62875 0.322222 0.00875003 0.0244444 0.0185394
0 0.41875 0.282222 0.00874999 0.0155555 0.0175781
1 0.93 0.320556 0.0325 0.03 0.0173035
0 0.449375 0.265556 0.00437501 0.00999999 0.0163422
0 0.3775 0.299444 0.00874999 0.0122222 0.0162201
0 0.9575 0.358889 0.02 0.0266667 0.0159607
0 0.422813 0.278333 0.00687501 0.00999999 0.0158386
3 0.16375 0.381111 0.00562501 0.0244444 0.013588
0 0.686875 0.341111 0.02125 0.0288889 0.0130234
5 0.89875 0.326667 0.085 0.0577778 0.0125732
2 0.176094 0.367222 0.00531251 0.0177778 0.0121918
0 0.355625 0.312222 0.00874999 0.0144444 0.0120087
0 0.334375 0.311111 0.01 0.0133333 0.0116425
0 0.405 0.28 0.00687497 0.00888889 0.0112457
0 0.43875 0.335556 0.02125 0.0211111 0.011116
0 0.751875 0.332778 0.04625 0.0222222 0.0109024
2 0.6925 0.337778 0.015 0.0261111 0.0107346
0 0.47125 0.267222 0.00499999 0.00888889 0.0103302
5 0.346875 0.295 0.0125 0.0388889 0.0101318
7 0.5675 0.317778 0.00625 0.0133334 0.00997162
7 0.265781 0.353889 0.00406249 0.0144444 0.00959778
0 0.86 0.338333 0.04 0.0294445 0.00923157
0 0.00728027 0.425 0.0122559 0.03 0.0091629
7 0.221563 0.508611 0.00718749 0.0266667 0.00891876
3 0.190156 0.372222 0.00406249 0.0211111 0.0086441
7 0.694375 0.315556 0.00374997 0.0111111 0.00857544
0 0.535625 0.278333 0.00500002 0.00888889 0.00766754
2 0.119688 0.391667 0.0121875 0.0233333 0.00714874
7 0.055625 0.473889 0.00359375 0.0122222 0.00712204
7 0.194375 0.385556 0.00343749 0.0133333 0.0069046
2 0.646875 0.319722 0.00625 0.0261111 0.00669098
2 0.584375 0.306389 0.00874996 0.025 0.00616837
0 0.965 0.363333 0.035 0.0244444 0.005867
0 0.386875 0.295 0.00749998 0.00999999 0.00568771
0 0.416875 0.316389 0.01375 0.0166667 0.00564194
7 0.290781 0.342222 0.00375001 0.0133333 0.00510025
0 0.8 0.335833 0.03875 0.03 0.00466537
7 0.275313 0.351111 0.003125 0.0111111 0.0045929
7 0.29375 0.344444 0.00500002 0.0144444 0.00452042
0 0.91125 0.324444 0.0525 0.0366667 0.00432968
0 0.8725 0.33 0.03375 0.0188889 0.00416565
7 0.7775 0.350556 0.00749995 0.0233333 0.00395966
0 0.422813 0.341111 0.030625 0.0288889 0.00379562
7 0.9125 0.493333 0.00750001 0.0322222 0.00378036
0 0.429375 0.269444 0.00499999 0.00777777 0.00376511
3 0.215 0.363056 0.00375001 0.0172222 0.00370789
3 0.16375 0.373889 0.005 0.0238889 0.00356483
0 0.465625 0.264444 0.00500002 0.00999999 0.00355148
0 0.949375 0.353333 0.03 0.0277778 0.00331116
0 0.35 0.298611 0.0125 0.0127778 0.00319672
0 0.96625 0.357778 0.0325 0.0344445 0.00314713
3 0.118438 0.394167 0.0096875 0.0261111 0.00313568
7 0.61 0.307222 0.00374997 0.0122222 0.00302696
2 0.112969 0.385 0.0115625 0.0255555 0.00300407
3 0.106563 0.388333 0.006875 0.02 0.00296974
0 0.893125 0.355556 0.04375 0.0244444 0.0029583
3 0.68875 0.306111 0.00499999 0.0155555 0.00291252
0 0.905625 0.308333 0.0275 0.0277778 0.00288963
0 0.431875 0.351389 0.03125 0.0311111 0.00281143
2 0.77625 0.351111 0.00750001 0.0266667 0.00275803
0 0.355625 0.284167 0.00562499 0.0205555 0.0026722
2 0.63125 0.322778 0.00874996 0.0233333 0.00235939
0 0.0255469 0.43 0.040625 0.0444444 0.00234222
0 0.421875 0.298889 0.00874999 0.0144444 0.00225258
7 0.67125 0.473333 0.00749995 0.0244444 0.00221634
0 0.379688 0.288611 0.00687501 0.0122222 0.00221634
0 0.74375 0.338889 0.0475 0.0277778 0.00219917
2 0.184375 0.368333 0.011875 0.02 0.00213242
7 0.59625 0.300556 0.00500005 0.0138889 0.00211525
0 0.98625 0.332778 0.00750001 0.0144444 0.00209999
2 0.573125 0.311667 0.01375 0.0216667 0.00206757
7 0.115078 0.436667 0.00421875 0.01 0.00194168
7 0.0234961 0.528056 0.00761719 0.0372222 0.00188255
0 0.514688 0.262778 0.00375001 0.00777777 0.00187492
2 0.58375 0.321667 0.0137499 0.0222222 0.00186729
2 0.41625 0.332778 0.025 0.0211111 0.00182438
7 0.67625 0.315556 0.00374997 0.0111111 0.0018034
2 0.591875 0.316111 0.00875003 0.0155556 0.00176811
0 0.435313 0.278333 0.00499999 0.00888889 0.00168705
7 0.115625 0.422778 0.0034375 0.01 0.00154877
7 0.671875 0.465556 0.00750001 0.0277778 0.00153065
7 0.645625 0.348333 0.00375004 0.0122222 0.00151253
7 0.655 0.351111 0.00499999 0.0111111 0.00151253
2 0.186563 0.382778 0.00812499 0.0255556 0.00144386
0 0.8425 0.333333 0.0175 0.0188889 0.00141048
7 0.615 0.330278 0.00374997 0.0105556 0.00139904
0 0.343125 0.327778 0.0175 0.0188889 0.00137234
1 0.905 0.313889 0.05375 0.0422222 0.00130463
3 0.695 0.445833 0.00999997 0.0661111 0.0012846
0 0.525313 0.275278 0.00499999 0.00999999 0.00124454
3 0.115313 0.377778 0.00718749 0.0277778 0.00121593
0 0.965 0.341667 0.0225 0.0355555 0.0012064
7 0.9275 0.453889 0.00750001 0.0211111 0.00119686
7 0.66375 0.312222 0.00250003 0.0122222 0.00117874
2 0.629375 0.327778 0.00750001 0.0277778 0.00117397
7 0.7075 0.400556 0.00499999 0.0161111 0.00112438
3 0.254063 0.331667 0.00499999 0.0183333 0.00112057
7 0.0750781 0.47 0.00375 0.0133334 0.00103188
2 0.545 0.278333 0.00374997 0.0105555 0.00102425
