0 0.523125 0.350833 0.055 0.0388889 0.898926
0 0.216094 0.408056 0.0459375 0.0361111 0.88623
0 0.085625 0.430278 0.0346875 0.0366667 0.875977
0 0.0152539 0.466667 0.0305078 0.0316667 0.869629
0 0.3675 0.328333 0.015 0.0211111 0.851074
0 0.72125 0.332778 0.04 0.0266667 0.84375
0 0.6125 0.307778 0.03125 0.0238889 0.837402
0 0.325703 0.335556 0.0173437 0.0233333 0.836426
0 0.346875 0.330556 0.015625 0.0222222 0.834473
2 0.66375 0.436667 0.0275 0.0588889 0.834473
5 0.0207813 0.446111 0.04125 0.0566667 0.827637
7 0.6675 0.466111 0.00750001 0.0233333 0.812988
7 0.235625 0.503889 0.00687501 0.0233333 0.801758
2 0.0192871 0.521111 0.0164258 0.0466666 0.794434
7 0.222188 0.517778 0.00718751 0.0233333 0.794434
0 0.84375 0.321389 0.03 0.0238889 0.777344
0 0.86125 0.331667 0.03 0.0233333 0.733887
7 0.72375 0.400556 0.00499999 0.0172222 0.723145
0 0.905 0.331111 0.0275 0.02 0.702637
0 0.4125 0.313056 0.01125 0.0205556 0.684082
0 0.337188 0.327222 0.0125 0.0222222 0.682617
7 0.92625 0.457778 0.00375004 0.0144444 0.668945
7 0.72875 0.439444 0.00499999 0.0188889 0.663574
5 0.387813 0.308056 0.016875 0.0238889 0.662109
7 0.749375 0.414444 0.00500005 0.0172222 0.620605
0 0.405 0.321389 0.014375 0.0205556 0.581543
7 0.6775 0.477778 0.00749995 0.0283334 0.57959
0 0.357813 0.316111 0.013125 0.0177778 0.496094
0 0.41375 0.311111 0.0125 0.0211111 0.492188
7 0.92375 0.466944 0.00499999 0.0161111 0.466797
5 0.375 0.308333 0.01375 0.0233333 0.462891
7 0.146484 0.416667 0.00390625 0.0116667 0.453369
7 0.73875 0.426111 0.00499999 0.0211111 0.422607
0 0.354688 0.327222 0.0125 0.0222222 0.413086
7 0.125547 0.420833 0.00375 0.0116667 0.392334
7 0.635 0.329444 0.00374997 0.0111111 0.390381
7 0.74625 0.399722 0.00500005 0.0155555 0.390381
3 0.265938 0.351667 0.00531249 0.0222222 0.339844
0 0.73125 0.311667 0.02 0.0177778 0.331055
7 0.65375 0.326667 0.00374997 0.0122222 0.317383
7 0.68375 0.352778 0.00500005 0.0122222 0.299072
0 0.346875 0.319444 0.011875 0.02 0.291016
5 0.373125 0.306667 0.015 0.0211111 0.273682
0 0.365313 0.317778 0.011875 0.0144444 0.256836
0 0.3825 0.294444 0.00875003 0.0144444 0.246582
0 0.73375 0.31 0.015 0.0144444 0.203125
0 0.346875 0.308889 0.01 0.0155555 0.177246
7 0.0486719 0.479167 0.0040625 0.0127778 0.171631
7 0.0132227 0.541111 0.00535156 0.0177777 0.165649
3 0.266875 0.355278 0.00531249 0.0261111 0.143677
2 0.7325 0.310556 0.0175 0.0188889 0.137573
2 0.194063 0.371111 0.005 0.0216667 0.133423
0 0.9525 0.336111 0.02 0.0155556 0.131226
7 0.736875 0.428333 0.00500005 0.02 0.129883
3 0.190938 0.371667 0.005 0.0216667 0.117188
7 0.0641406 0.471944 0.00390625 0.0116666 0.11554
0 0.494688 0.262778 0.00687501 0.0111111 0.100891
7 0.74375 0.421667 0.00499999 0.0166667 0.100891
0 0.4375 0.277222 0.00749998 0.0105555 0.0847778
0 0.339063 0.323056 0.013125 0.0216667 0.0827026
0 0.9025 0.336667 0.02875 0.0166667 0.0817871
0 0.504375 0.257222 0.00375001 0.00999999 0.0766602
7 0.67 0.340278 0.00250003 0.0111111 0.072876
0 0.423125 0.279722 0.00750001 0.0116667 0.0700684
0 0.445625 0.262778 0.00499999 0.00944446 0.0560303
7 0.7275 0.443889 0.00500005 0.0205556 0.0539856
7 0.734375 0.432222 0.00625 0.0177778 0.0516663
0 0.381563 0.288333 0.00625 0.0111111 0.0503235
7 0.00978516 0.544583 0.00414063 0.0197223 0.0456848
0 0.95125 0.338889 0.0225 0.015 0.0405273
0 0.493125 0.265556 0.00750001 0.00999999 0.0377502
0 0.7375 0.311111 0.03125 0.0172222 0.0323486
0 0.445313 0.272778 0.00562499 0.0122222 0.0298767
7 0.00793945 0.543333 0.00677734 0.0177778 0.0296478
7 0.148281 0.413889 0.00406249 0.0133333 0.0289764
7 0.294219 0.3475 0.00437501 0.0127778 0.0265503
7 0.220625 0.360833 0.00374999 0.0127778 0.0265045
0 0.90375 0.340556 0.0325 0.0227778 0.0262604
7 0.0467969 0.4775 0.00460937 0.0144444 0.0215302
7 0.224063 0.366389 0.00375001 0.0111111 0.0191956
0 0.0120703 0.405 0.0108594 0.0166667 0.0155411
0 0.4225 0.295278 0.01 0.015 0.0153656
0 0.363125 0.2975 0.00750001 0.0122222 0.0153046
0 0.00473633 0.407222 0.00871094 0.0188889 0.0150757
7 0.635625 0.316667 0.00374997 0.0122222 0.0147324
7 0.128516 0.415556 0.00390625 0.0144444 0.0137405
7 0.275156 0.362222 0.00375001 0.0133334 0.0136871
3 0.710625 0.309444 0.00999997 0.02 0.0130234
7 0.65375 0.317778 0.00499999 0.0111111 0.0124283
7 0.195625 0.385 0.00406249 0.0144444 0.0118256
3 0.105938 0.390278 0.00562499 0.0211111 0.0116425
7 0.9275 0.453333 0.00499999 0.0177778 0.0115967
0 0.419688 0.282778 0.00687501 0.0144444 0.0108185
0 0.4475 0.268333 0.00749998 0.00722221 0.0102081
0 0.86125 0.335 0.0325 0.0311111 0.00967407
2 0.553125 0.296667 0.0125 0.0133333 0.00923157
0 0.215313 0.402222 0.045625 0.0322222 0.00871277
7 0.75375 0.415833 0.00499999 0.0161111 0.00809479
0 0.94375 0.343056 0.02375 0.0194444 0.00800323
7 0.67125 0.470833 0.00875003 0.0283334 0.00763702
0 0.74 0.316389 0.035 0.02 0.00717545
7 0.235 0.3675 0.003125 0.00666668 0.00714874
0 0.514375 0.26 0.00374997 0.00555556 0.00706482
0 0.43 0.269444 0.00625 0.00777777 0.00595856
0 0.95 0.341667 0.025 0.0211111 0.005867
3 0.267188 0.35 0.00812502 0.0244444 0.00559998
0 0.85875 0.323889 0.03 0.0244444 0.00557709
3 0.26125 0.350833 0.00625 0.0216667 0.00551224
0 0.921875 0.341667 0.03375 0.0188889 0.00548935
0 0.514375 0.350556 0.03625 0.0333333 0.00547028
0 0.93 0.338333 0.0225 0.0177778 0.00526047
0 0.9125 0.336667 0.03125 0.0172222 0.00494385
3 0.250313 0.346389 0.00374999 0.0233333 0.00486755
0 0.0193945 0.436667 0.0386328 0.0388889 0.00481033
3 0.266094 0.341944 0.00562501 0.025 0.00479126
7 0.57375 0.318333 0.00499999 0.0122222 0.00473785
0 0.189063 0.372778 0.015 0.0222222 0.00457382
7 0.64625 0.316389 0.00500005 0.0133334 0.00432968
7 0.254688 0.366111 0.003125 0.00777777 0.00426483
0 0.419375 0.309167 0.01375 0.0177778 0.0042305
7 0.71 0.403889 0.00499999 0.0222222 0.00416565
0 0.52875 0.349444 0.040625 0.0355555 0.00413513
2 0.73375 0.305 0.015 0.0211111 0.00403976
0 0.758125 0.34 0.04 0.0255555 0.00400543
3 0.165156 0.381667 0.00406249 0.0222222 0.00390053
5 0.0104883 0.438056 0.0207813 0.0455555 0.00374985
2 0.550625 0.300556 0.00625 0.0155555 0.00370789
2 0.69625 0.333889 0.00999997 0.0255556 0.00356483
3 0.649375 0.311667 0.00500005 0.02 0.00335121
0 0.48625 0.258889 0.00562503 0.00888889 0.00333786
0 0.74 0.310278 0.03125 0.0216667 0.00329781
7 0.146563 0.408611 0.00406251 0.0144444 0.00317192
7 0.505 0.329722 0.00562503 0.0105555 0.00309944
7 0.203125 0.381667 0.005 0.0133333 0.00307465
3 0.81125 0.305556 0.00625 0.0166667 0.00291252
0 0.91375 0.345 0.035 0.0233333 0.00282288
7 0.565625 0.316111 0.00375004 0.0111111 0.00279999
0 0.93 0.344444 0.0275 0.0211111 0.00265312
7 0.283906 0.352222 0.00406249 0.0122222 0.00261116
7 0.7225 0.448333 0.00499999 0.0222222 0.00259018
7 0.778125 0.35 0.00625 0.0244444 0.00254059
0 0.475 0.26 0.00500002 0.00722221 0.0024929
0 0.0272266 0.432778 0.0270313 0.0322222 0.00244331
0 0.416875 0.277222 0.00750001 0.00888889 0.00239754
3 0.16375 0.372222 0.00562501 0.0222222 0.00239754
0 0.87 0.334444 0.035 0.0222222 0.00231361
3 0.83625 0.330556 0.0175 0.0222222 0.00231361
2 0.171563 0.38 0.0121875 0.0233333 0.00226974
7 0.67125 0.445556 0.00999997 0.0511111 0.00225258
3 0.21375 0.353889 0.004375 0.0222222 0.00221634
2 0.555625 0.281944 0.00875003 0.015 0.00211525
0 0.7625 0.343333 0.0375 0.0211111 0.00206757
2 0.775625 0.346667 0.00999997 0.0288889 0.00206757
0 0.748125 0.332222 0.05125 0.0277778 0.00201035
0 0.523125 0.260556 0.00499999 0.00888889 0.0019722
0 0.8575 0.338889 0.0375 0.0283333 0.0019722
2 0.202969 0.372778 0.005 0.0188889 0.00190449
0 0.963125 0.344444 0.0225 0.0233333 0.00185299
7 0.134297 0.386667 0.00390625 0.0122222 0.00183868
0 0.184531 0.38 0.014375 0.0244444 0.00175476
2 0.600625 0.305833 0.0125 0.0227778 0.00166798
0 0.469375 0.268889 0.00500002 0.00777777 0.0016613
2 0.54875 0.295556 0.010625 0.0127778 0.00158501
0 0.41375 0.307222 0.01125 0.0255556 0.00156689
2 0.0148535 0.522778 0.0264648 0.05 0.00154877
7 0.665 0.314444 0.00250003 0.0111111 0.00151253
7 0.695 0.350556 0.00499999 0.0161111 0.00150108
0 0.98625 0.333889 0.00999997 0.0155555 0.00148392
5 0.43375 0.263333 0.00562499 0.0111111 0.00146675
0 0.758125 0.335 0.03125 0.0216667 0.00146675
0 0.0231836 0.406111 0.00683594 0.0166667 0.00135136
7 0.215 0.365 0.003125 0.0116667 0.00134563
7 0.645 0.3325 0.00250003 0.00888889 0.00130463
7 0.565625 0.328889 0.00375004 0.0111111 0.00129986
3 0.68625 0.295 0.00499999 0.0166667 0.00127411
0 0.533438 0.278333 0.00562503 0.0111111 0.00124931
7 0.6675 0.353056 0.00499999 0.0116667 0.00124454
2 0.76625 0.318333 0.00750001 0.0166667 0.00122547
7 0.67625 0.316667 0.00374997 0.0111111 0.0011692
7 0.2225 0.507778 0.010625 0.0327778 0.00113392
0 0.180313 0.3725 0.02375 0.0244445 0.00112915
2 0.82625 0.319444 0.00499999 0.0188889 0.00112438
0 0.41125 0.269444 0.00750001 0.0127778 0.00107288
0 0.72125 0.319444 0.0225 0.0222222 0.00106525
0 0.97125 0.335556 0.025 0.0177778 0.00106525
