0 0.505625 0.805278 0.16125 0.389444 0.962891
0 0.174844 0.681111 0.149063 0.266667 0.95752
0 0.291563 0.408333 0.095625 0.145556 0.95166
0 0.241875 0.886667 0.191875 0.225556 0.950195
0 0.100938 0.630972 0.135 0.233611 0.94873
0 0.899375 0.439167 0.11125 0.159444 0.946777
0 0.7 0.303958 0.09 0.112083 0.942871
0 0.383125 0.417222 0.093125 0.153333 0.942383
0 0.82375 0.2775 0.06625 0.100556 0.9375
0 0.239063 0.368333 0.088125 0.122222 0.933105
0 0.0209375 0.909445 0.041875 0.18 0.929199
0 0.55875 0.186944 0.05125 0.0777778 0.923828
0 0.16875 0.269444 0.05375 0.075 0.915527
0 0.479375 0.170556 0.04375 0.0705556 0.910645
0 0.543125 0.124167 0.03625 0.0544444 0.901855
0 0.605 0.160139 0.048125 0.06 0.901367
0 0.50875 0.0833333 0.02375 0.0322222 0.891113
0 0.29625 0.134306 0.026875 0.0394444 0.885742
0 0.79 0.2 0.03875 0.0722222 0.879883
0 0.25125 0.204722 0.0475 0.0644445 0.875977
0 0.525625 0.0499306 0.01875 0.0234722 0.868164
0 0.595625 0.11375 0.034375 0.0422222 0.866211
0 0.459375 0.0681944 0.01875 0.0263889 0.864258
2 0.886875 0.207083 0.015 0.0558333 0.86084
0 0.0699219 0.349444 0.0546875 0.101111 0.86084
0 0.029707 0.448611 0.0594141 0.138333 0.86084
1 0.5775 0.055 0.04375 0.0747222 0.847168
2 0.835625 0.1725 0.02375 0.0533333 0.844727
0 0.345625 0.0938194 0.02 0.0273611 0.829102
0 0.023418 0.297222 0.0278906 0.0322222 0.82666
2 0.0163867 0.363611 0.0151563 0.0388889 0.822266
0 0.260625 0.120417 0.026875 0.0266667 0.812988
0 0.744375 0.0626389 0.03875 0.025 0.809082
0 0.474375 0.0315278 0.0125 0.0223611 0.803223
2 0.935 0.275069 0.0199999 0.0709722 0.80127
2 0.6975 0.158889 0.03125 0.0566667 0.785156
0 0.0668359 0.263889 0.0316406 0.0288889 0.78418
0 0.00740723 0.3225 0.0146777 0.03 0.782715
0 0.3975 0.0677778 0.016875 0.0230556 0.762207
2 0.7925 0.141111 0.02 0.05 0.760742
0 0.495313 0.0384028 0.014375 0.0194444 0.757812
0 0.313438 0.107361 0.021875 0.0291667 0.754883
7 0.2425 0.28 0.0075 0.0227778 0.749023
0 0.256406 0.153611 0.0340625 0.0305556 0.737305
7 0.256406 0.265278 0.00750001 0.0233333 0.728027
2 0.7775 0.101667 0.015 0.0338889 0.725098
0 0.0496094 0.99 0.0554688 0.0177777 0.725098
0 0.31625 0.0820833 0.0175 0.0236111 0.723145
2 0.67625 0.0648611 0.00750001 0.0238889 0.702637
0 0.419375 0.0616667 0.01625 0.0219444 0.695801
0 0.293438 0.101389 0.0228125 0.0269444 0.695801
7 0.74375 0.171667 0.00499999 0.0211111 0.677246
0 0.244063 0.186389 0.0359375 0.0483333 0.672363
0 0.360625 0.0686111 0.015 0.0197222 0.658203
0 0.383438 0.0672222 0.015625 0.0219444 0.651367
0 0.37375 0.0615278 0.01375 0.0175 0.622559
2 0.154219 0.197222 0.00874999 0.0244445 0.622559
0 0.4825 0.0224306 0.00874999 0.0170833 0.620605
0 0.365 0.0491667 0.010625 0.0133333 0.616699
0 0.51375 0.0196528 0.01 0.0140278 0.600098
2 0.95375 0.335556 0.0225 0.075 0.596191
0 0.541875 0.00902778 0.00875003 0.0129167 0.586914
0 0.429375 0.0523611 0.01625 0.0225 0.567871
0 0.2475 0.18125 0.0375 0.0513889 0.562012
3 0.113281 0.240972 0.00593751 0.0297222 0.560059
0 0.345 0.0654167 0.01375 0.0147222 0.546875
7 0.750625 0.16 0.00499999 0.0186111 0.530273
0 0.0537109 0.284444 0.0332813 0.0355556 0.521484
7 0.94375 0.218472 0.00499999 0.0177778 0.513672
7 0.944375 0.214583 0.00500005 0.0175 0.511719
0 0.334063 0.0766667 0.01625 0.0202778 0.498047
0 0.255 0.159861 0.03375 0.0411111 0.498047
0 0.526875 0.0110764 0.00750001 0.0115972 0.480469
0 0.3525 0.0595833 0.0125 0.015 0.472656
0 0.403125 0.0490278 0.0125 0.0180556 0.46875
2 0.96 0.336111 0.035 0.0727778 0.46875
2 0.994375 0.377222 0.01125 0.0666667 0.466797
0 0.389375 0.0474306 0.01125 0.01625 0.455078
0 0.496875 0.0142014 0.00874999 0.0167361 0.451416
3 0.749375 0.111944 0.00875003 0.0436111 0.431152
0 0.408438 0.0586111 0.014375 0.0225 0.417725
0 0.112813 0.191944 0.0228125 0.0277778 0.416748
2 0.97125 0.317778 0.0225 0.0733333 0.416748
2 0.2075 0.153611 0.011875 0.0255556 0.40918
2 0.96375 0.326111 0.0325 0.0833333 0.408203
0 0.483125 0.0145139 0.00750001 0.0126389 0.407227
7 0.754375 0.156667 0.00499999 0.0172222 0.397949
2 0.968125 0.321667 0.02625 0.0816667 0.392334
2 0.96625 0.331944 0.025 0.0738889 0.388672
2 0.0414063 0.346389 0.0135156 0.0427778 0.373779
0 0.40375 0.0298611 0.00874999 0.0116667 0.370117
2 0.68375 0.0565278 0.00749995 0.025 0.370117
2 0.21 0.152778 0.0075 0.0244445 0.354004
0 0.391563 0.0465972 0.011875 0.01625 0.345215
0 0.0505469 0.285833 0.0232813 0.0333333 0.341553
0 0.41375 0.031875 0.01 0.0131944 0.338135
0 0.50375 0.00861111 0.00749998 0.0102778 0.336426
2 0.612813 0.0247917 0.00874996 0.0172222 0.334473
0 0.373125 0.0580556 0.0125 0.0177778 0.327637
0 0.995 0.377222 0.00999997 0.0677778 0.324219
0 0.4125 0.0217014 0.00874999 0.0103472 0.324219
0 0.394375 0.0323611 0.00874999 0.010625 0.32251
0 0.377188 0.0458333 0.01 0.0122222 0.319092
2 0.6925 0.0457639 0.00750001 0.0213889 0.317383
7 0.0281445 0.381389 0.00570312 0.0211111 0.314941
0 0.425938 0.0507639 0.01375 0.0226389 0.312256
0 0.423438 0.0291667 0.00874999 0.0129167 0.310791
2 0.16375 0.185833 0.00625 0.0261111 0.309082
2 0.0650781 0.301111 0.009375 0.03 0.309082
3 0.748125 0.1025 0.00875003 0.0288889 0.306641
0 0.4325 0.0212847 0.00874999 0.0116667 0.299072
7 0.705 0.0792361 0.00249996 0.0111111 0.289307
0 0.474375 0.0285417 0.01125 0.0211111 0.286133
2 0.0973438 0.210278 0.00703125 0.0202778 0.267334
2 0.0632813 0.292222 0.00859375 0.0344445 0.252441
3 0.23 0.130278 0.004375 0.0269444 0.250244
0 0.433125 0.0270486 0.00812499 0.0136111 0.24939
7 0.253438 0.263611 0.00875001 0.0233333 0.24292
7 0.685625 0.183611 0.00750001 0.0238889 0.23938
6 0.7025 0.0369792 0.0199999 0.0202083 0.228149
3 0.169531 0.162778 0.00531249 0.0238889 0.228149
7 0.7675 0.131806 0.00499999 0.02 0.222046
2 0.136094 0.183611 0.0065625 0.0211111 0.218018
2 0.0443066 0.348611 0.015293 0.0422222 0.216675
0 0.33875 0.07375 0.013125 0.0211111 0.215332
0 0.44375 0.0136111 0.00749998 0.0111111 0.214722
3 0.111953 0.241944 0.0059375 0.0316667 0.213379
0 0.389688 0.0527778 0.0125 0.0168056 0.206909
2 0.610313 0.0242708 0.0112501 0.0161806 0.203735
7 0.94125 0.216667 0.00500005 0.0172222 0.203735
3 0.0514063 0.291111 0.00625 0.0316666 0.200562
2 0.7275 0.0341319 0.00749995 0.0157639 0.196777
0 0.380625 0.0683333 0.015 0.0225 0.196777
0 0.414063 0.0498611 0.0125 0.0188889 0.189575
3 0.714375 0.179306 0.00750001 0.045 0.188354
2 0.74875 0.110521 0.01 0.0422917 0.187744
3 0.155156 0.175833 0.005 0.0161111 0.184814
7 0.0754688 0.298333 0.00476562 0.0144444 0.178955
0 0.308125 0.108542 0.01375 0.02875 0.175537
2 0.081875 0.217361 0.0075 0.0194444 0.170532
3 0.691875 0.0503472 0.00499999 0.0201389 0.161377
3 0.16375 0.1725 0.00562501 0.025 0.15918
3 0.726875 0.0993056 0.00750001 0.0361111 0.157104
0 0.42875 0.0556944 0.015 0.0205556 0.156616
2 0.177188 0.158056 0.00718749 0.0266667 0.150024
3 0.0539063 0.291667 0.0071875 0.0288889 0.140869
2 0.105625 0.203889 0.005625 0.0183333 0.132935
2 0.134141 0.179861 0.00765626 0.0211111 0.129883
7 0.655 0.0484722 0.00249996 0.00875 0.128906
0 0.540625 0.00609375 0.00750001 0.0121875 0.128052
0 0.31375 0.0850694 0.02125 0.0256945 0.127686
7 0.68625 0.0813889 0.00375004 0.00861111 0.123779
2 0.0471875 0.248889 0.0071875 0.0183333 0.119202
0 0.489375 0.0189236 0.00562503 0.0136111 0.111633
0 0.7025 0.0378472 0.0199999 0.0213889 0.105957
7 0.76625 0.130556 0.00499999 0.0166667 0.103027
7 0.143906 0.2175 0.00375001 0.0169444 0.102661
0 0.0657422 0.273611 0.0289844 0.0316666 0.101562
3 0.715 0.162222 0.00999997 0.0683333 0.0991211
0 0.6075 0.0252083 0.014375 0.0177778 0.092041
3 0.234219 0.135278 0.004375 0.0213889 0.0903931
0 0.335625 0.0708333 0.015 0.0147222 0.0838623
2 0.73375 0.0986111 0.0199999 0.0344444 0.0823975
2 0.77875 0.105694 0.015 0.0341667 0.0786133
2 0.79625 0.08125 0.00749995 0.0286111 0.0769653
7 0.0273828 0.38 0.00609375 0.0211111 0.076416
7 0.164375 0.201667 0.005 0.0166667 0.0718384
2 0.176406 0.167778 0.00625 0.0316667 0.0715942
0 0.00795898 0.273889 0.0156055 0.0266667 0.0710449
7 0.650625 0.0552778 0.00250003 0.00861111 0.0698242
0 0.00782715 0.327778 0.0153223 0.0344444 0.0665894
7 0.70125 0.199722 0.00750001 0.0227778 0.0646362
3 0.0563672 0.300556 0.00617187 0.0311111 0.0637207
2 0.639375 0.0455382 0.00874996 0.0233681 0.062561
2 0.97125 0.3325 0.015 0.0738889 0.0614319
2 0.0131543 0.266389 0.00771485 0.0194444 0.0607605
7 0.703125 0.198472 0.00499999 0.0255556 0.0596619
7 0.70125 0.0773611 0.00499999 0.0169444 0.0593262
5 0.435625 0.0147917 0.00750001 0.0122222 0.0572815
7 0.69 0.1875 0.00749995 0.025 0.0558167
2 0.0985938 0.204722 0.0084375 0.0280556 0.0554199
7 0.0705469 0.3 0.00609375 0.0188889 0.0539856
7 0.775 0.146944 0.00499999 0.0166667 0.0538025
0 0.264063 0.119028 0.0225 0.0266667 0.053009
7 0.715 0.0809722 0.00500005 0.0125 0.0528259
2 0.931875 0.269722 0.01625 0.0661111 0.0520325
2 0.0104492 0.272778 0.0124023 0.0255556 0.0492249
0 0.41875 0.0658333 0.015 0.0238889 0.0454407
3 0.0607813 0.285556 0.0107031 0.035 0.0440979
0 0.499375 0.00569444 0.00812499 0.0113889 0.0439453
0 0.45375 0.0084375 0.00562499 0.00847222 0.0433655
7 0.765 0.150139 0.00500005 0.0155556 0.0423889
3 0.178281 0.155833 0.008125 0.0288889 0.0415344
2 0.0959375 0.216111 0.0053125 0.0202778 0.0413208
0 0.549688 0.0182639 0.00812499 0.0111806 0.0411377
2 0.71 0.153333 0.02 0.0533333 0.0406799
3 0.164063 0.161111 0.00562501 0.0227778 0.0406799
0 0.45875 0.00399306 0.00687501 0.00798611 0.0405273
0 0.995625 0.402778 0.00874996 0.111111 0.0403748
0 0.0510156 0.3475 0.0317969 0.045 0.0397949
0 0.249375 0.1725 0.034375 0.055 0.0379028
3 0.995 0.350278 0.00999997 0.102222 0.0363464
7 0.67375 0.0497222 0.00375004 0.0125 0.0362244
2 0.078125 0.22 0.0084375 0.02 0.0360718
7 0.76625 0.125417 0.00499999 0.0177778 0.0351562
2 0.71375 0.153611 0.0125 0.0533333 0.0327148
7 0.0373242 0.363333 0.00566406 0.0166667 0.0327148
2 0.778125 0.0995833 0.01125 0.0372222 0.0317383
0 0.202344 0.155694 0.0221875 0.0313889 0.0317383
5 0.00536621 0.270278 0.0107324 0.0277778 0.0314941
3 0.113281 0.245972 0.0078125 0.0375 0.0314941
0 0.383125 0.0722222 0.01625 0.0236111 0.0313721
3 0.144688 0.213333 0.0046875 0.0188889 0.0304413
7 0.754375 0.161806 0.00499999 0.0205556 0.0292053
7 0.9275 0.366667 0.00499999 0.02 0.028656
2 0.175938 0.185556 0.0046875 0.0211111 0.0276947
3 0.98375 0.324444 0.015 0.0555556 0.0263519
2 0.93625 0.285556 0.0175 0.0522222 0.0244751
2 0.735625 0.104375 0.02125 0.0426389 0.0232391
3 0.735 0.0320833 0.00499999 0.0140278 0.0218658
7 0.695625 0.195 0.00499999 0.0233333 0.021698
0 0.0600098 0.334444 0.0524805 0.0622222 0.021698
3 0.748125 0.112778 0.00875003 0.0475 0.0202484
2 0.71 0.0516667 0.00750001 0.0211111 0.0198364
0 0.534375 0.0106944 0.00624997 0.0113889 0.0195007
7 0.0846094 0.293889 0.00453125 0.0116667 0.0185394
0 0.0249561 0.292222 0.0311035 0.0333333 0.0180511
2 0.0765625 0.308611 0.0198437 0.0288889 0.0179138
2 0.728125 0.105347 0.00750001 0.0376389 0.0167847
3 0.795 0.0972222 0.00750001 0.0355556 0.0165863
3 0.714375 0.179167 0.00750001 0.0688889 0.0162811
0 0.0518359 0.339444 0.0335938 0.0566667 0.0161591
0 0.0489063 0.988056 0.0541406 0.0238888 0.0157776
3 0.594063 0.0290278 0.00874996 0.0231944 0.0148392
2 0.206094 0.158889 0.0140625 0.0322222 0.0142288
0 0.0547656 0.267222 0.0295312 0.0311111 0.0132751
2 0.992188 0.352222 0.0156249 0.125556 0.0130692
2 0.6975 0.158889 0.02 0.0555556 0.012825
5 0.705 0.0410417 0.0225 0.0219444 0.0125275
3 0.122813 0.211111 0.005625 0.0305556 0.0125275
7 0.0446094 0.310556 0.004375 0.0144444 0.0122375
3 0.99625 0.315 0.00749995 0.09 0.0121918
0 0.330313 0.0829167 0.02125 0.0263889 0.012146
0 0.35625 0.0545833 0.010625 0.0176389 0.0121002
5 0.705 0.0365278 0.0225 0.0197222 0.0119629
3 0.843125 0.221111 0.00999997 0.0472222 0.0115051
0 0.0204688 0.246944 0.0166016 0.0183333 0.0111618
7 0.6975 0.198056 0.00499999 0.0244444 0.011116
3 0.234219 0.124028 0.004375 0.02 0.0110703
7 0.17 0.189167 0.004375 0.0222222 0.0108185
3 0.85 0.0529861 0.00499999 0.0195833 0.0107346
3 0.65625 0.0315972 0.00499999 0.0155556 0.0106125
0 0.113906 0.196528 0.01875 0.0288889 0.0104065
3 0.140547 0.211389 0.00515625 0.0211111 0.00993347
0 0.590625 0.0246875 0.00874996 0.0138194 0.00985718
0 0.0682031 0.341111 0.0432812 0.0805556 0.00945282
0 0.32875 0.0706944 0.0125 0.0147222 0.00930023
0 0.00817383 0.333056 0.0127148 0.045 0.00905609
2 0.984375 0.341111 0.02125 0.0733333 0.00891876
3 0.048125 0.24125 0.0078125 0.0258333 0.00844574
2 0.0361133 0.258889 0.00808594 0.0216667 0.00831604
0 0.99625 0.416667 0.00749995 0.103333 0.00793457
2 0.664375 0.0351042 0.00375004 0.0164583 0.0069313
2 0.88375 0.206944 0.01875 0.0544444 0.0068779
3 0.123125 0.21625 0.005 0.0261111 0.00679779
0 0.572813 0.0604861 0.02875 0.0634722 0.00674438
0 0.41375 0.0147917 0.00750001 0.0118056 0.00656509
7 0.238125 0.286111 0.008125 0.0233333 0.00651169
3 0.96875 0.163333 0.00750001 0.03 0.0064888
2 0.79625 0.0736111 0.00749995 0.025 0.00638962
2 0.97625 0.315 0.0275 0.0722222 0.00612259
0 0.995 0.124722 0.00999997 0.0227778 0.00609589
2 0.20625 0.145972 0.010625 0.0244444 0.00598145
3 0.89375 0.0691667 0.00499999 0.0163889 0.00593567
3 0.98125 0.320556 0.015 0.0644444 0.00588989
0 0.4475 0.0179861 0.010625 0.0166667 0.00584412
3 0.82875 0.0494444 0.00625 0.0211111 0.00570679
0 0.0500684 0.991944 0.0581445 0.016111 0.00564194
2 0.785625 0.0498611 0.00499999 0.0186111 0.00548935
3 0.84375 0.216944 0.00750001 0.0377778 0.00548935
0 0.56875 0.1975 0.03 0.0466667 0.00521851
0 0.42625 0.0154167 0.00687501 0.011875 0.00511932
2 0.79125 0.0925 0.015 0.0361111 0.00466537
0 0.36 0.073125 0.0175 0.0255556 0.0046463
0 0.96 0.105 0.015 0.0152778 0.00457382
7 0.67125 0.0533333 0.00374997 0.0156944 0.00438309
5 0.00388184 0.252292 0.00776367 0.0320833 0.00436401
3 0.925 0.0880556 0.00625 0.0191667 0.00434875
2 0.210313 0.154167 0.01 0.0216667 0.00432968
7 0.730625 0.114306 0.00749995 0.0325 0.00426483
3 0.884375 0.0597222 0.00375004 0.0227778 0.0042305
0 0.526875 0.0160417 0.01375 0.0190278 0.0042305
2 0.0131445 0.363889 0.0194531 0.0394445 0.00407028
0 0.60625 0.0213542 0.015 0.0231944 0.00400543
3 0.274688 0.0879861 0.00562503 0.0177778 0.00400543
5 0.313906 0.0777778 0.0203125 0.0322222 0.00370789
0 0.315625 0.0718056 0.013125 0.0194444 0.00370789
7 0.125156 0.240972 0.003125 0.0127778 0.00362206
0 0.294063 0.0949306 0.023125 0.0276389 0.00356483
3 0.89 0.0625 0.00499999 0.0222222 0.00349617
