0 0.89 0.689444 0.2 0.374444 0.963379
0 0.753125 0.8 0.1875 0.4 0.963379
0 0.488125 0.872778 0.19 0.248889 0.959961
0 0.291406 0.789444 0.185313 0.415556 0.959473
0 0.498125 0.516944 0.1 0.223889 0.953125
0 0.37625 0.44 0.0975 0.164444 0.948242
0 0.670625 0.237361 0.07125 0.0897222 0.947754
0 0.496875 0.316389 0.0675 0.121667 0.943359
0 0.642344 0.4425 0.105312 0.186111 0.943359
0 0.41125 0.293819 0.05625 0.0979167 0.938965
0 0.590938 0.255833 0.06625 0.117222 0.9375
0 0.741875 0.385278 0.11 0.148333 0.936035
4 0.76625 0.0463889 0.07 0.0533333 0.868164
3 0.638125 0.157361 0.01125 0.0591667 0.823242
7 0.242969 0.282222 0.00718751 0.0244444 0.816406
7 0.256563 0.263889 0.00687499 0.0211111 0.811523
0 0.0413379 0.299444 0.0337305 0.0394445 0.808105
0 0.365 0.0756944 0.016875 0.0227778 0.804199
7 0.7425 0.173472 0.00499999 0.0219445 0.792969
0 0.340938 0.0858333 0.016875 0.0211111 0.789062
0 0.85625 0.07375 0.0325 0.03 0.782715
0 0.385 0.0679167 0.0125 0.0202778 0.760742
0 0.39875 0.0658333 0.01625 0.0211111 0.759277
2 0.5875 0.0412674 0.01 0.0216319 0.744629
0 0.84125 0.0639583 0.0275 0.0205556 0.73584
0 0.420938 0.0595139 0.015625 0.0220833 0.716797
0 0.901875 0.08 0.0275 0.0227778 0.70752
0 0.375 0.0627778 0.0125 0.0190278 0.705566
0 0.00366211 0.326667 0.00732422 0.0233333 0.699219
0 0.3525 0.075625 0.0125 0.02125 0.6875
0 0.324375 0.0884722 0.015625 0.0215278 0.686035
0 0.729375 0.0525694 0.03125 0.02375 0.682617
3 0.0541406 0.331667 0.009375 0.0433333 0.662109
2 0.572188 0.043125 0.01125 0.0219444 0.622559
2 0.640625 0.0392361 0.01375 0.0194444 0.605957
7 0.75375 0.158611 0.00625 0.0183333 0.592773
7 0.0280469 0.379167 0.00492187 0.0177778 0.583008
7 0.75125 0.161111 0.00499999 0.02 0.575684
0 0.43125 0.0536111 0.01125 0.0197222 0.569824
2 0.6025 0.0397396 0.0125 0.0207986 0.544922
3 0.75625 0.114028 0.01 0.0466667 0.541016
7 0.70125 0.198333 0.00750001 0.0266667 0.525391
0 0.407188 0.0569444 0.0125 0.0219444 0.493164
7 0.94375 0.220556 0.00499999 0.0147222 0.488281
0 0.985 0.985556 0.02875 0.0266667 0.474609
0 0.40625 0.0495139 0.01125 0.0194444 0.46875
2 0.557813 0.0424826 0.010625 0.0247569 0.453369
7 0.704375 0.0795833 0.00374997 0.0127778 0.403564
5 0.315 0.0806944 0.025 0.0391667 0.399902
0 0.371875 0.0480556 0.01 0.0136111 0.395996
0 0.3925 0.0497222 0.01 0.0152778 0.38501
1 0.315156 0.0800694 0.0253125 0.0377778 0.379395
0 0.429375 0.049375 0.0125 0.0173611 0.363037
0 0.339375 0.0715972 0.013125 0.0166667 0.359375
0 0.3725 0.0566667 0.01125 0.0172222 0.355713
0 0.3525 0.0724306 0.01375 0.0202778 0.352295
0 0.416875 0.0473611 0.01125 0.0155556 0.345215
3 0.77375 0.12125 0.00750001 0.0422222 0.339844
2 0.569375 0.0423611 0.0125 0.0220833 0.334473
0 0.344375 0.0705556 0.0125 0.0169444 0.325928
0 0.391875 0.0567361 0.010625 0.0179167 0.323486
0 0.00294434 0.291944 0.00588867 0.0216667 0.315674
0 0.38375 0.0506944 0.01 0.0180556 0.303955
7 0.164063 0.204167 0.00374999 0.0116667 0.299072
0 0.364688 0.0710417 0.015 0.0225 0.291016
2 0.764375 0.120035 0.01 0.0454861 0.286133
0 0.416875 0.0335417 0.009375 0.0152778 0.281494
7 0.0667188 0.299167 0.00484375 0.015 0.281494
2 0.225781 0.142778 0.00718751 0.0230556 0.276611
0 0.33875 0.0759722 0.01375 0.0186111 0.276611
7 0.285781 0.115694 0.00375001 0.0111111 0.262939
0 0.00851074 0.265 0.0167871 0.0211111 0.26123
7 0.765 0.150139 0.00500005 0.0169444 0.258301
2 0.0951563 0.213056 0.0078125 0.0216667 0.240723
3 0.7725 0.12375 0.00499999 0.0447222 0.229492
7 0.67125 0.0511111 0.00250003 0.0122222 0.225464
5 0.425313 0.0320833 0.010625 0.0173611 0.20752
0 0.36875 0.0506944 0.01 0.0130556 0.201172
3 0.224688 0.143611 0.0075 0.0238889 0.196777
7 0.65625 0.0459722 0.00375004 0.00944445 0.193115
0 0.73625 0.0524306 0.03875 0.0313889 0.177246
7 0.0428125 0.36 0.0053125 0.0166667 0.173828
0 0.445625 0.0144444 0.00875003 0.0118056 0.172119
7 0.69 0.187222 0.00749995 0.0233333 0.171631
7 0.745 0.128333 0.00499999 0.0183333 0.168823
0 0.00471191 0.276667 0.00942383 0.0233333 0.16394
0 0.00912109 0.268333 0.0172461 0.0233333 0.16394
0 0.500938 0.0126389 0.00874999 0.0116667 0.157104
7 0.940625 0.220139 0.00375004 0.0163889 0.153564
3 0.221719 0.143056 0.00562499 0.025 0.151978
0 0.45625 0.00916667 0.00625 0.00944445 0.148071
0 0.726875 0.0552778 0.03375 0.0252778 0.147095
0 0.83875 0.0666667 0.0325 0.0222222 0.144165
7 0.143438 0.211944 0.004375 0.0161111 0.124634
7 0.753125 0.162222 0.00625 0.0205556 0.11554
0 0.459688 0.00489583 0.00625 0.00979167 0.11438
0 0.405938 0.0317361 0.00687501 0.00972222 0.108582
7 0.70125 0.0783333 0.00499999 0.0166667 0.107056
3 0.0951563 0.215694 0.00765625 0.0227778 0.0997925
7 0.255625 0.266667 0.0078125 0.0255556 0.0977173
0 0.307969 0.0911111 0.016875 0.0227778 0.0953369
7 0.144375 0.21875 0.00437501 0.0161111 0.0841675
2 0.725625 0.0368403 0.00750001 0.0186806 0.0789185
0 0.74375 0.0584722 0.03875 0.0283333 0.0758667
2 0.0444922 0.239444 0.0160156 0.0238889 0.0758667
0 0.499063 0.0130556 0.00874999 0.0119444 0.0750122
3 0.75375 0.114167 0.0125 0.0483333 0.0723877
7 0.945 0.212222 0.00375004 0.0138889 0.0715942
2 0.562813 0.0381944 0.009375 0.0213889 0.0708008
2 0.615625 0.0284375 0.00499999 0.0135417 0.0705566
3 0.205 0.153889 0.00562501 0.0216667 0.0705566
7 0.686875 0.0797222 0.00500005 0.0123611 0.0632324
7 0.0845313 0.284722 0.00421875 0.0161111 0.0598755
2 0.76875 0.114757 0.01625 0.0415972 0.0592041
0 0.395313 0.0311806 0.00562499 0.00916667 0.0528259
0 0.381875 0.0666667 0.0125 0.0211111 0.0519409
0 0.9825 0.984444 0.0325 0.0311111 0.0477905
7 0.6725 0.0491667 0.00499999 0.0108333 0.0476074
0 0.5 0.00649306 0.00625 0.0122917 0.0391846
0 0.78375 0.0632639 0.035 0.0208333 0.0390625
2 0.297813 0.0991667 0.00843751 0.0163889 0.0381775
3 0.635938 0.154444 0.014375 0.0588889 0.0374756
5 0.4375 0.0117708 0.00749998 0.0115972 0.0367737
7 0.140938 0.211111 0.0046875 0.0161111 0.033844
0 0.42875 0.0230556 0.00874999 0.0106944 0.0330811
0 0.43375 0.028125 0.00750001 0.0125 0.0323486
7 0.745 0.124306 0.00499999 0.0233333 0.0321045
2 0.0975 0.209722 0.0084375 0.0238889 0.0318604
0 0.0423047 0.237778 0.0223438 0.0277778 0.0303345
0 0.430313 0.0561111 0.011875 0.0197222 0.0289764
7 0.0678906 0.299167 0.00554688 0.0183333 0.0266571
3 0.746875 0.113472 0.00750001 0.0466667 0.0239563
0 0.735 0.0623611 0.03 0.0275 0.0228882
2 0.0360547 0.263333 0.0065625 0.0177778 0.0227203
7 0.254219 0.134306 0.0034375 0.00777777 0.0202484
0 0.7725 0.0435417 0.0575 0.0454167 0.0198669
3 0.235469 0.139028 0.004375 0.0158333 0.0197144
7 0.7 0.200972 0.01 0.0386111 0.0195007
2 0.573125 0.0373264 0.00999997 0.0220139 0.0194244
2 0.59125 0.0414583 0.009375 0.0211111 0.0189819
0 0.740625 0.0402778 0.0375 0.0345833 0.0184021
7 0.73 0.126111 0.00499999 0.0166667 0.0178528
0 0.748125 0.0608333 0.03125 0.0263889 0.0174408
2 0.90375 0.0727778 0.02125 0.0202778 0.0172424
0 0.775625 0.0675 0.03625 0.0197222 0.0165863
2 0.65625 0.0336806 0.00499999 0.015 0.0151901
7 0.69 0.0541667 0.00250003 0.0102778 0.0151901
0 0.78375 0.0475 0.035 0.0386111 0.0144501
0 0.83875 0.0726389 0.03625 0.0269444 0.0141754
0 0.9025 0.0759028 0.025 0.0254167 0.0119171
0 0.9775 0.988889 0.0425 0.02 0.0119171
3 0.7125 0.158889 0.0125 0.0894445 0.011734
0 0.8275 0.068125 0.03 0.02125 0.0115509
0 0.449375 0.0159375 0.00625 0.011875 0.0109863
0 0.8325 0.0736111 0.0325 0.0241667 0.00981903
3 0.00622559 0.379444 0.00700195 0.0272222 0.00926971
0 0.965 0.990556 0.0525 0.0166667 0.00923157
0 0.901875 0.0880556 0.03 0.0295833 0.00867462
0 0.35375 0.0603472 0.01375 0.0176389 0.00834656
7 0.69125 0.186111 0.00750001 0.0216667 0.00831604
0 0.76875 0.107431 0.015 0.0415278 0.00800323
0 0.0092334 0.326667 0.0180957 0.0266667 0.00769424
0 0.99625 0.125139 0.00749995 0.0258333 0.00720596
3 0.066875 0.306111 0.00578125 0.0211111 0.00709534
3 0.795 0.0797222 0.00999997 0.0286111 0.00701141
3 0.53125 0.0484028 0.00624997 0.0222222 0.0069313
7 0.169063 0.195833 0.00375001 0.0122222 0.00614548
7 0.0835156 0.290278 0.00562499 0.0144444 0.00612259
2 0.0942188 0.209444 0.0115625 0.0277778 0.00559998
3 0.70625 0.141667 0.0125 0.0611111 0.00557709
0 0.7775 0.0625694 0.0225 0.0240278 0.00538635
3 0.00524414 0.379444 0.00683594 0.0311111 0.00538635
7 0.0752344 0.293056 0.005625 0.0144444 0.00527954
7 0.245313 0.137361 0.003125 0.00944446 0.00498199
0 0.99625 0.135 0.00749995 0.0280556 0.00498199
7 0.25 0.127222 0.003125 0.0105555 0.0049057
0 0.321875 0.0891667 0.01875 0.0252778 0.00468063
0 0.00598145 0.33 0.0119629 0.0288889 0.00468063
3 0.554063 0.0447049 0.0106249 0.0247569 0.00452042
3 0.169063 0.16125 0.005 0.0147222 0.00446701
2 0.6 0.0375 0.015 0.0208333 0.00432968
7 0.295313 0.114722 0.00375001 0.0105556 0.00416565
0 0.39875 0.0705556 0.016875 0.02625 0.00388527
3 0.227188 0.137778 0.00687501 0.0261111 0.00387001
7 0.7725 0.146944 0.00499999 0.0166667 0.00372124
3 0.205313 0.161528 0.00687501 0.0291667 0.00345612
7 0.156406 0.20625 0.00421875 0.0116667 0.00345612
7 0.21625 0.155556 0.004375 0.0138889 0.00340271
2 0.195 0.155972 0.00531249 0.0252778 0.00338936
3 0.715 0.170694 0.00749995 0.0536111 0.00321007
0 0.00354004 0.341111 0.00699219 0.0322222 0.00317192
0 0.89875 0.0820833 0.0325 0.0225 0.00314713
7 0.77 0.1525 0.00499999 0.0219444 0.00312424
2 0.91375 0.0845833 0.0275 0.0225 0.0029583
2 0.115391 0.191944 0.0075 0.0188889 0.00293541
7 0.00680786 0.380833 0.00781006 0.0272222 0.00287819
3 0.166719 0.15875 0.00562499 0.0172222 0.00282288
7 0.253438 0.266667 0.009375 0.0222222 0.00277901
3 0.285 0.105972 0.00437501 0.0166667 0.00266266
7 0.175 0.1925 0.003125 0.0122222 0.00236893
0 0.98375 0.963889 0.0325 0.07 0.00234985
7 0.695 0.048125 0.00250003 0.0120833 0.00222588
2 0.0580078 0.331667 0.0169531 0.0433333 0.00219917
2 0.735625 0.123368 0.00875003 0.0299306 0.00217438
7 0.66625 0.0497222 0.00250003 0.00916666 0.00213242
0 0.410938 0.0240972 0.01 0.0136806 0.00210762
2 0.0341406 0.285833 0.016875 0.0244445 0.00209999
0 0.801875 0.0580556 0.11 0.0358333 0.00208282
3 0.469063 0.06 0.00750001 0.0216667 0.00205803
0 0.764375 0.0897222 0.01 0.0319444 0.0020504
3 0.70875 0.141944 0.015 0.0591667 0.00201988
2 0.884375 0.0654167 0.00499999 0.0155556 0.00201035
0 0.345 0.051875 0.009375 0.0176389 0.00192642
0 0.462813 0.00784722 0.00687497 0.00958333 0.00183868
3 0.266719 0.115556 0.00468752 0.0172222 0.00178242
3 0.266875 0.106389 0.00562501 0.0186111 0.0017271
3 0.71375 0.173056 0.00750001 0.0488889 0.0017271
5 0.0378516 0.235139 0.0330469 0.0463889 0.00171375
0 0.98875 0.120278 0.01625 0.0205556 0.00166798
2 0.0485938 0.243333 0.0151563 0.0216667 0.0016489
7 0.726875 0.0780556 0.00625 0.0215278 0.00161076
3 0.75625 0.0993056 0.01 0.0411111 0.0015974
0 0.82625 0.0760417 0.03125 0.0233333 0.00153637
0 0.0190625 0.29 0.0242969 0.0272222 0.00145531
0 0.0636719 0.290556 0.0175 0.03 0.00143242
2 0.609375 0.0275 0.00812499 0.0208333 0.00138283
7 0.685 0.0470833 0.00250003 0.00916667 0.00137806
0 0.484375 0.0104167 0.00375001 0.00895833 0.00135612
2 0.275625 0.10125 0.00687501 0.0161111 0.00134563
0 0.0497656 0.295556 0.0245313 0.0272222 0.00131989
3 0.086875 0.213194 0.0071875 0.0202778 0.00127411
7 0.726875 0.131111 0.00499999 0.0158333 0.00121593
2 0.73625 0.111354 0.01 0.0439583 0.0012064
0 0.913125 0.0754167 0.0325 0.0316667 0.0011425
2 0.2025 0.145833 0.009375 0.0258333 0.00112438
0 0.0199023 0.262778 0.0217578 0.0244444 0.00112057
2 0.133125 0.176528 0.00671876 0.0166667 0.00109863
0 0.95875 0.103611 0.0175 0.0161111 0.00108147
0 0.9775 0.117778 0.01125 0.0180556 0.00106049
1 0.985625 0.145278 0.02875 0.0411111 0.00102806
0 0.4175 0.0634722 0.01625 0.0261111 0.00102806
2 0.075 0.287222 0.00921875 0.0222222 0.00100803
