0 0.685156 0.619444 0.142188 0.291111 0.95459
0 0.260625 0.917778 0.1725 0.164444 0.94873
0 0.74625 0.374444 0.10875 0.14 0.942871
0 0.625 0.337778 0.08625 0.128333 0.941406
0 0.403125 0.344722 0.0775 0.124444 0.934082
0 0.51125 0.327222 0.0725 0.122222 0.927734
0 0.639375 0.0906944 0.06875 0.0405556 0.871582
0 0.905 0.116111 0.04 0.0380556 0.847168
7 0.70375 0.200833 0.00750001 0.0238889 0.841797
0 0.440625 0.095 0.04125 0.0322222 0.834473
7 0.744375 0.176111 0.00625 0.0222222 0.827637
7 0.245313 0.283333 0.009375 0.03 0.795898
0 0.7775 0.0884722 0.0525 0.0358333 0.785156
0 0.0659375 0.261111 0.0332813 0.0377778 0.770508
7 0.753125 0.164167 0.00625 0.0205556 0.766113
0 0.390625 0.0655556 0.0175 0.0255556 0.760742
0 0.00912109 0.322778 0.0181055 0.0344445 0.750488
0 0.368125 0.0758333 0.0175 0.0222222 0.733887
0 0.0501172 0.285833 0.0348438 0.035 0.726562
2 0.0494531 0.337778 0.0121875 0.0355555 0.702637
0 0.81875 0.0684722 0.0425 0.0294444 0.6875
3 0.96625 0.203333 0.00749995 0.0516667 0.682617
3 0.681875 0.164722 0.00999997 0.0611111 0.677246
7 0.7725 0.146389 0.00499999 0.0183333 0.677246
0 0.0264453 0.293889 0.0271094 0.0322222 0.67041
2 0.086875 0.281667 0.0185937 0.0322222 0.665527
0 0.335313 0.0859722 0.02 0.0205556 0.662109
7 0.0301172 0.379444 0.00488281 0.0177778 0.656738
3 0.0239111 0.338056 0.00842774 0.0444444 0.633301
7 0.945625 0.219722 0.00499999 0.0177778 0.607422
7 0.77 0.130694 0.00499999 0.0163889 0.602051
2 0.633125 0.0412674 0.015 0.0232986 0.584961
0 0.409688 0.0776389 0.02125 0.0265278 0.565918
7 0.691875 0.185278 0.00625 0.0233333 0.562012
0 0.755 0.0549306 0.045 0.0373611 0.560059
7 0.164375 0.205833 0.0034375 0.0113889 0.537109
2 0.60375 0.0392882 0.01375 0.0197569 0.496094
0 0.42125 0.0500694 0.015 0.0215278 0.46875
3 0.965 0.205 0.00750001 0.0572222 0.411133
2 0.643125 0.0399306 0.00999997 0.02125 0.401611
0 0.418125 0.0501389 0.015 0.0202778 0.397949
7 0.675 0.0507639 0.00375004 0.0131944 0.390381
0 0.00850586 0.305 0.0168945 0.0322222 0.332764
7 0.0457813 0.360833 0.00632813 0.0211111 0.307373
0 0.7725 0.0831944 0.0475 0.0355556 0.303955
7 0.0754687 0.295 0.00445313 0.0144444 0.295898
0 0.7925 0.0614583 0.035 0.0231944 0.282959
0 0.0100977 0.312778 0.0201953 0.0311111 0.269775
7 0.00950684 0.372778 0.00381836 0.0161111 0.263672
5 0.42375 0.0168056 0.01125 0.0204167 0.26123
0 0.3725 0.0734722 0.0175 0.0238889 0.250977
0 0.0389844 0.263889 0.0259375 0.0255556 0.245117
7 0.746875 0.128611 0.00499999 0.0180556 0.240723
0 0.414375 0.0311111 0.01125 0.0172222 0.228149
0 0.395938 0.0404861 0.014375 0.0197222 0.221313
0 0.745 0.0568056 0.0325 0.0266667 0.219971
7 0.0698438 0.299444 0.0046875 0.0161111 0.211426
7 0.69375 0.0805556 0.00499999 0.0111111 0.19873
0 0.0461816 0.261944 0.022793 0.0261111 0.194946
0 0.00735352 0.275556 0.014707 0.0272222 0.189575
7 0.2575 0.264375 0.0075 0.0268055 0.188965
7 0.145547 0.211944 0.00390625 0.0127778 0.185303
7 0.74875 0.128889 0.00375004 0.0188889 0.184814
7 0.146172 0.22 0.00374999 0.0116667 0.173828
0 0.406875 0.0632639 0.015625 0.0233333 0.162354
0 0.338125 0.08125 0.01625 0.0208333 0.160278
3 0.25625 0.11375 0.004375 0.0169444 0.145142
0 0.433125 0.0213194 0.00875003 0.0120833 0.140381
0 0.77 0.0716667 0.03 0.02 0.138916
7 0.7625 0.153333 0.00750001 0.0194444 0.135254
0 0.433125 0.0491667 0.01375 0.0191667 0.119202
7 0.946875 0.216111 0.00499999 0.0202778 0.117554
0 0.455313 0.00899306 0.009375 0.0120139 0.117188
0 0.41375 0.0545833 0.01375 0.0202778 0.107422
0 0.3775 0.0676389 0.01375 0.0230556 0.101929
0 0.433125 0.0259028 0.00999997 0.0136111 0.0866089
0 0.0376172 0.273333 0.0353125 0.0344445 0.0866089
7 0.705625 0.08 0.00374997 0.0125 0.085083
3 0.210156 0.154861 0.00687499 0.0283333 0.0803833
0 0.7775 0.0797222 0.0525 0.0286111 0.0766602
7 0.944375 0.231528 0.00500005 0.0241667 0.076416
0 0.386563 0.0515278 0.010625 0.01625 0.0747681
0 0.406875 0.0491667 0.01125 0.0188889 0.072876
0 0.458438 0.00553819 0.00749998 0.0110764 0.0667114
2 0.207344 0.151389 0.0096875 0.0269444 0.0665894
0 0.421563 0.0656944 0.018125 0.0269444 0.0548096
0 0.4275 0.0493056 0.01375 0.0202778 0.0518494
2 0.59875 0.040625 0.00874996 0.0193056 0.0510864
2 0.60125 0.0378472 0.01375 0.0218056 0.0499573
0 0.00856445 0.328611 0.0157227 0.045 0.0481262
3 0.68125 0.1625 0.015 0.065 0.0460205
2 0.63125 0.0445139 0.01125 0.0259722 0.0448608
0 0.407188 0.0365972 0.0125 0.0205556 0.0438538
7 0.65125 0.0579167 0.00499999 0.0166667 0.0409851
3 0.6875 0.166944 0.01 0.06 0.0406799
2 0.267188 0.104306 0.00687501 0.0183333 0.0397949
0 0.414688 0.0665972 0.02 0.0279167 0.0391846
7 0.75375 0.166111 0.00750001 0.02 0.0379028
3 0.969375 0.208889 0.00625 0.0583333 0.0375977
2 0.2725 0.0983333 0.00874999 0.0241667 0.0363464
7 0.7725 0.142639 0.00499999 0.0188889 0.0351562
0 0.850625 0.0754167 0.0325 0.0261111 0.0322266
0 0.74625 0.0620833 0.04 0.0283333 0.0314331
0 0.83875 0.0670139 0.0425 0.0270833 0.0309143
0 0.854375 0.06375 0.02375 0.0223611 0.0290833
0 0.0598438 0.256389 0.0392188 0.0338889 0.0287628
2 0.85 0.0613889 0.0125 0.0188889 0.0287628
0 0.0250977 0.302222 0.0227734 0.0455555 0.0283356
0 0.00464844 0.269444 0.00929688 0.0266667 0.0281067
0 0.4425 0.0268056 0.01125 0.0163889 0.0280151
3 0.19625 0.152778 0.005 0.0227778 0.0257568
7 0.69625 0.0523611 0.00500005 0.0144444 0.0241394
3 0.97875 0.206389 0.00999997 0.0388889 0.0236053
3 0.169844 0.16375 0.00375001 0.0213889 0.0230713
7 0.140469 0.215833 0.003125 0.0116667 0.0229797
7 0.295313 0.115833 0.003125 0.0102778 0.0227966
7 0.655625 0.0581944 0.00374997 0.0163889 0.0218658
0 0.446875 0.0139583 0.00812502 0.0128472 0.0210419
0 0.448438 0.0181597 0.00812502 0.0113889 0.0208893
0 0.435625 0.0113194 0.00874999 0.0134722 0.0204926
7 0.731875 0.119965 0.00499999 0.0278472 0.019989
3 0.976875 0.201111 0.00750001 0.0538889 0.0189056
7 0.0204736 0.344444 0.00561523 0.0355555 0.0178528
0 0.79625 0.0585417 0.035 0.0270833 0.0176392
3 0.0446875 0.327222 0.00796875 0.0411111 0.0164032
0 0.73875 0.0652778 0.0325 0.0266667 0.0153656
7 0.665 0.0454167 0.00250003 0.0116667 0.0153046
2 0.0892188 0.276389 0.0165625 0.0355555 0.0144501
0 0.381563 0.054375 0.0175 0.0204167 0.0143356
3 0.97375 0.208889 0.00499999 0.0533333 0.014061
3 0.0638281 0.3 0.00609375 0.03 0.0137405
7 0.169688 0.198472 0.003125 0.0116667 0.0135345
1 0.408438 0.0252083 0.04 0.0434722 0.0134811
3 0.0369922 0.298889 0.00820313 0.0377778 0.0132751
2 0.205625 0.163611 0.013125 0.0336111 0.0123825
2 0.56875 0.0236111 0.00687504 0.0161111 0.012291
0 0.85375 0.07625 0.0375 0.0316667 0.012146
0 0.464688 0.00819444 0.00687501 0.0102778 0.0120544
2 0.584375 0.0135069 0.00874996 0.0156944 0.0119629
0 0.839375 0.0783333 0.03625 0.0259722 0.0110703
0 0.425 0.0302778 0.01125 0.0175 0.0110321
3 0.231094 0.130833 0.0046875 0.0222222 0.0108566
7 0.104688 0.274722 0.00437501 0.0144444 0.0102463
7 0.7325 0.124167 0.00499999 0.0205556 0.0102081
3 0.269375 0.100278 0.00812499 0.0277778 0.0100555
3 0.234531 0.134722 0.00375001 0.02 0.00993347
3 0.0275977 0.342778 0.0124609 0.0455556 0.00948334
2 0.213438 0.156667 0.00625 0.0211111 0.00941467
3 0.88625 0.0595139 0.00499999 0.0231944 0.00871277
7 0.285313 0.117917 0.003125 0.00805556 0.00867462
7 0.94125 0.22 0.00625 0.0191667 0.00854492
2 0.242969 0.135 0.00562501 0.0155556 0.00837708
0 0.372187 0.0636806 0.015 0.0251389 0.00800323
3 0.285 0.1025 0.00375001 0.0127778 0.00790405
0 0.86125 0.0795833 0.0375 0.0313889 0.00763702
0 0.43125 0.0626389 0.01625 0.0222222 0.00751877
5 0.00359131 0.253611 0.00718262 0.0361111 0.00751877
2 0.010271 0.267778 0.0146924 0.0238889 0.00743103
3 0.0151855 0.341667 0.00521484 0.0366667 0.00717545
7 0.69 0.0854167 0.00500005 0.0158333 0.00695801
3 0.965625 0.195 0.00750001 0.0522222 0.00638962
0 0.74 0.0733333 0.0375 0.0327778 0.00616837
7 0.0280078 0.381111 0.00679688 0.0177778 0.00614548
2 0.206875 0.146944 0.0090625 0.0261111 0.00609589
2 0.734375 0.0353472 0.00874996 0.01875 0.00598145
7 0.694375 0.0617361 0.00374997 0.0148611 0.00582123
7 0.9475 0.224444 0.00749995 0.0233333 0.00572968
3 0.165 0.170556 0.00375001 0.0138889 0.00544739
2 0.606875 0.0303472 0.00999997 0.0245833 0.00542831
7 0.65625 0.0505556 0.00499999 0.0156944 0.00521851
7 0.69125 0.0527778 0.00250003 0.0122222 0.00516129
2 0.123047 0.192778 0.006875 0.0183333 0.00502014
7 0.9275 0.217361 0.00499999 0.0327778 0.00500107
7 0.274375 0.119167 0.00437498 0.0105556 0.00486755
7 0.258438 0.269931 0.009375 0.0401389 0.00482941
0 0.441875 0.03875 0.01125 0.0233333 0.00460815
0 0.86 0.0720833 0.035 0.0311111 0.00457382
3 0.212813 0.144167 0.00562501 0.0211111 0.00457382
3 0.695 0.0288889 0.00374997 0.0109722 0.00443268
7 0.255 0.131111 0.00374999 0.0161111 0.00438309
7 0.945625 0.186111 0.00374997 0.0177778 0.00438309
7 0.108828 0.267778 0.00609375 0.0166667 0.00436401
0 0.726875 0.0531944 0.035 0.0225 0.00429916
2 0.63 0.0392361 0.01125 0.0240278 0.00416565
7 0.260938 0.269444 0.009375 0.0311111 0.00408554
7 0.67 0.0518056 0.00250003 0.0127778 0.00392914
3 0.234063 0.123889 0.0046875 0.025 0.00380898
7 0.926875 0.215278 0.00499999 0.0338889 0.00379562
0 0.538125 0.00480903 0.00750001 0.00961806 0.00353813
2 0.256563 0.109444 0.00562501 0.0213889 0.00345612
3 0.265938 0.11625 0.00437501 0.0141667 0.00345612
2 0.0801758 0.274167 0.0193359 0.0361111 0.00342941
7 0.189063 0.198333 0.00562501 0.0177778 0.00340271
3 0.190625 0.159167 0.00687499 0.0247222 0.00325966
0 0.81875 0.0749306 0.045 0.0388889 0.00318527
0 0.48625 0.00947917 0.00625 0.0113889 0.00314713
1 0.400625 0.0326389 0.03625 0.0491667 0.00314713
7 0.23 0.15875 0.0046875 0.0147222 0.00302696
7 0.675 0.0573611 0.00499999 0.0172222 0.00288963
0 0.73875 0.0725 0.0225 0.0283333 0.00277901
2 0.84375 0.0559722 0.00874996 0.0241667 0.00273705
3 0.690625 0.0239583 0.00499999 0.0188889 0.00273705
3 0.493125 0.0332639 0.00750001 0.0173611 0.0026207
3 0.223594 0.121111 0.00562499 0.0238889 0.00251198
7 0.955625 0.264444 0.00499999 0.02 0.00251198
7 0.0342578 0.423889 0.00726562 0.0266667 0.00251198
7 0.0891406 0.234167 0.00703125 0.0216667 0.00237846
2 0.744375 0.108125 0.01125 0.0484722 0.00235939
7 0.625313 0.337778 0.085625 0.127778 0.00232315
3 0.71125 0.129444 0.00750001 0.0394444 0.00231361
7 0.00315918 0.383889 0.00514648 0.0155556 0.00230598
7 0.27 0.120833 0.00437501 0.0169444 0.00228691
0 0.413125 0.0279861 0.015 0.0223611 0.00223351
7 0.6925 0.183333 0.00625 0.0277778 0.00221634
3 0.0948438 0.227778 0.0046875 0.0161111 0.00219917
2 0.5875 0.0176389 0.010625 0.0161111 0.00216484
2 0.0400781 0.3275 0.0133594 0.0422222 0.00214958
3 0.180625 0.152222 0.00687501 0.0288889 0.00212479
3 0.184219 0.173194 0.00437501 0.0202778 0.00209999
7 0.186563 0.2025 0.00437501 0.0155556 0.00209045
0 0.335625 0.0906944 0.02125 0.025 0.00208282
7 0.24875 0.277222 0.0096875 0.0322222 0.00201035
7 0.68625 0.0826389 0.00499999 0.0111111 0.00200272
3 0.184063 0.153333 0.00625 0.0269444 0.0019722
7 0.304375 0.103611 0.00374997 0.0133333 0.00195694
0 0.490313 0.0177083 0.00625 0.0119444 0.00189686
7 0.77875 0.143611 0.00750001 0.0211111 0.00188255
7 0.70625 0.0276389 0.00499999 0.01125 0.00185299
7 0.73375 0.125556 0.00500005 0.0244444 0.00182438
2 0.212813 0.164722 0.008125 0.025 0.0018034
7 0.315938 0.0968056 0.00499999 0.0141667 0.00178242
3 0.71375 0.121528 0.00750001 0.0402778 0.00177479
7 0.265 0.133194 0.00375001 0.0111111 0.00175476
3 0.88625 0.0553472 0.00499999 0.0223611 0.00172043
3 0.734375 0.110972 0.00874996 0.0441667 0.00164223
7 0.700625 0.0770139 0.00625 0.0186111 0.00162888
0 0.9875 0.119688 0.02 0.0228472 0.00162315
2 0.578125 0.0139583 0.01125 0.0161111 0.00158501
2 0.174844 0.1575 0.00593751 0.0233333 0.00157928
3 0.888125 0.0611806 0.00749995 0.0276389 0.00157928
7 0.0251563 0.361667 0.00523437 0.03 0.00155449
2 0.271875 0.0926389 0.0103125 0.0236111 0.00154877
7 0.289531 0.121111 0.00562503 0.0177778 0.00154877
7 0.14875 0.202778 0.004375 0.0177778 0.00142097
7 0.4025 0.346667 0.076875 0.123333 0.00141048
0 0.845625 0.0851389 0.03375 0.0238889 0.00139904
0 0.99625 0.125313 0.00749995 0.0332639 0.00137806
3 0.495 0.0424826 0.01 0.0250347 0.00136662
0 0.35875 0.0784722 0.01 0.0194444 0.00136662
0 0.9775 0.115139 0.0125 0.0191667 0.00134087
2 0.85375 0.0517361 0.00999997 0.0231944 0.0012598
5 0.74625 0.0369444 0.07 0.0665278 0.0012598
0 0.53625 0.00902778 0.00750001 0.0106944 0.00125504
2 0.573125 0.0264236 0.00999997 0.0145139 0.00123501
0 0.491875 0.0122917 0.00874999 0.0130556 0.00121593
0 0.81875 0.0588889 0.04 0.0255556 0.00118351
0 0.8575 0.0827083 0.045 0.0340278 0.00116062
7 0.575 0.0477778 0.00499999 0.0136111 0.0011425
3 0.310313 0.0918056 0.00562499 0.0155556 0.00113773
7 0.235156 0.152917 0.003125 0.00972222 0.00112438
3 0.895 0.0680556 0.00499999 0.02 0.00110722
3 0.975 0.192222 0.00750001 0.0591667 0.00109863
2 0.0501172 0.345833 0.0134375 0.0483333 0.00109863
3 0.471875 0.0501389 0.00749998 0.0216667 0.00105667
0 0.199375 0.146667 0.01375 0.0272222 0.00104046
2 0.0367969 0.2475 0.0090625 0.0183333 0.00104046
0 0.86 0.0623611 0.0375 0.0316667 0.00104046
