0 0.68875 0.560556 0.14 0.257778 0.958008
0 0.1525 0.532778 0.125 0.192222 0.957031
0 0.244063 0.889444 0.215 0.221111 0.957031
0 0.5125 0.88 0.20125 0.24 0.956543
0 0.370703 0.468056 0.107344 0.189444 0.952637
0 0.7925 0.930278 0.2 0.139444 0.945312
0 0.620625 0.330556 0.085 0.127778 0.942871
0 0.508125 0.41 0.085 0.167222 0.942871
0 0.6975 0.273889 0.0825 0.116111 0.9375
0 0.293281 0.385 0.0940625 0.13 0.935547
0 0.410313 0.311111 0.074375 0.123889 0.932617
0 0.269844 0.32 0.075625 0.1 0.928223
0 0.44 0.1175 0.073125 0.0602778 0.891113
0 0.923125 0.119444 0.0325 0.0344444 0.885742
0 0.165039 0.220139 0.0517969 0.0538889 0.869629
7 0.245156 0.28 0.0078125 0.0222222 0.854004
0 0.378125 0.100625 0.043125 0.0329167 0.820801
0 0.014873 0.311667 0.0293945 0.0488889 0.816406
2 0.7975 0.168611 0.0300001 0.0505556 0.813965
5 0.665625 0.0925 0.07125 0.0494444 0.812988
7 0.0299023 0.377222 0.00585938 0.0194444 0.808105
7 0.7025 0.198472 0.00625 0.0233333 0.79834
0 0.146563 0.198333 0.0325 0.0338889 0.795898
2 0.763125 0.131667 0.01875 0.0455556 0.785156
2 0.52875 0.0480556 0.014375 0.02625 0.778809
0 0.344063 0.0845833 0.015625 0.0219444 0.760742
7 0.74375 0.173333 0.00625 0.0205556 0.750488
0 0.232656 0.15 0.033125 0.0361111 0.747559
0 0.385313 0.0676389 0.01625 0.0227778 0.743164
0 0.297656 0.126944 0.03375 0.0294444 0.690918
2 0.583125 0.0423438 0.014375 0.0239236 0.684082
0 0.407188 0.0622222 0.013125 0.0198611 0.673828
7 0.945 0.220972 0.00499999 0.0177778 0.662109
4 0.675 0.0351389 0.09125 0.0615278 0.65332
0 0.32625 0.09 0.015 0.0213889 0.645996
0 0.183281 0.161389 0.02625 0.0288889 0.638672
5 0.39 0.0434722 0.01375 0.0343056 0.631836
0 0.35625 0.0746528 0.01375 0.0205556 0.629883
0 0.513125 0.0176736 0.010625 0.0125 0.625977
5 0.391875 0.0454167 0.01875 0.0375 0.541016
0 0.295938 0.0980556 0.01875 0.0194444 0.533203
2 0.597813 0.040434 0.00999997 0.0205208 0.513672
0 0.339375 0.0802778 0.01625 0.0233333 0.498047
7 0.0690234 0.298889 0.00460938 0.0138889 0.476562
0 0.408125 0.0509722 0.0125 0.0204167 0.462891
4 0.260938 0.139167 0.0525 0.0597222 0.459961
0 0.307188 0.0946528 0.01875 0.0197222 0.448486
5 0.372188 0.0632639 0.01875 0.0322222 0.446533
0 0.407188 0.0564583 0.013125 0.0215278 0.433105
7 0.258125 0.263333 0.008125 0.0227778 0.424316
0 0.42375 0.0346528 0.00999997 0.0147222 0.403564
5 0.675 0.0355556 0.09125 0.0606944 0.399902
0 0.64 0.0291319 0.02875 0.0239583 0.386719
7 0.6925 0.184167 0.00625 0.0205556 0.368408
7 0.765 0.152639 0.00749995 0.0177778 0.364746
7 0.0437891 0.358889 0.00539062 0.0177778 0.350342
0 0.4125 0.0454167 0.009375 0.0156944 0.332764
0 0.396563 0.0625694 0.013125 0.0220833 0.325928
7 0.753125 0.163611 0.00499999 0.02 0.312256
0 0.302969 0.0954167 0.0234375 0.0216667 0.300781
2 0.21375 0.14625 0.0075 0.0252778 0.299072
5 0.37 0.0684722 0.016875 0.0251389 0.297363
2 0.222813 0.138333 0.00750001 0.0227778 0.289307
0 0.340313 0.0752778 0.0125 0.0186111 0.276611
0 0.341875 0.0705556 0.0125 0.0166667 0.264404
2 0.215313 0.148333 0.008125 0.0269444 0.264404
0 0.4325 0.0283333 0.00874999 0.0155556 0.253906
0 0.33875 0.0725 0.015 0.0188889 0.252441
0 0.163281 0.174722 0.0265625 0.0222222 0.24939
5 0.260938 0.141667 0.0496875 0.0555555 0.246582
0 0.0123438 0.303056 0.0245703 0.0372222 0.242188
7 0.755 0.159028 0.00499999 0.0175 0.210815
0 0.368125 0.0722917 0.01625 0.0254167 0.203125
0 0.43 0.0219097 0.00999997 0.0127083 0.199951
0 0.375 0.0554861 0.0125 0.0218056 0.194946
7 0.946875 0.214722 0.00499999 0.0183333 0.182983
0 0.292813 0.100208 0.019375 0.0190278 0.172119
7 0.0840625 0.284444 0.004375 0.0144444 0.147583
0 0.38875 0.0627778 0.01625 0.0244444 0.143677
0 0.41875 0.0344444 0.01 0.0141667 0.138428
0 0.6375 0.0301389 0.0275 0.0311111 0.136597
7 0.7525 0.1675 0.00500005 0.0222222 0.124634
5 0.0181274 0.246389 0.0191748 0.0294444 0.111267
7 0.00825195 0.38 0.00474609 0.0177778 0.11084
0 0.64875 0.055625 0.0275 0.0209722 0.10376
0 0.403125 0.0309028 0.00749998 0.0110417 0.101257
0 0.179375 0.164583 0.029375 0.0302778 0.0966797
0 0.00443115 0.284444 0.00886231 0.0233333 0.0907593
0 0.651406 0.0577778 0.0371875 0.0194444 0.085083
0 0.0104785 0.285833 0.0183203 0.0255555 0.0789185
0 0.421875 0.039375 0.01125 0.0184722 0.0663452
7 0.0835938 0.289444 0.00515625 0.0144444 0.0628052
2 0.6275 0.0323611 0.00749995 0.0173611 0.0621033
0 0.154844 0.188889 0.034375 0.0288889 0.0564575
0 0.645 0.0502083 0.02625 0.0266667 0.0554199
0 0.304844 0.0927778 0.02125 0.0234722 0.0549927
3 0.21 0.151944 0.00625 0.0255556 0.0538025
0 0.655625 0.0613889 0.05 0.0186111 0.0531921
2 0.599688 0.0375694 0.0125 0.0204167 0.0354004
7 0.74625 0.123333 0.00500005 0.0177778 0.0354004
4 0.0180469 0.25 0.0228125 0.0355556 0.0337219
0 0.2625 0.144722 0.04875 0.0486111 0.0333252
0 0.660156 0.0634722 0.0596875 0.0163889 0.0324707
0 0.308125 0.090625 0.018125 0.0208333 0.0317383
5 0.0141895 0.250556 0.0241992 0.0333333 0.0304413
0 0.436563 0.0122222 0.00625 0.00965278 0.0297546
0 0.212969 0.146667 0.021875 0.0272222 0.0276947
2 0.6175 0.0286111 0.00750001 0.015 0.0265503
3 0.885 0.0652778 0.00500005 0.0177778 0.0244293
0 0.278438 0.120972 0.023125 0.0319444 0.0236053
0 0.4275 0.0152083 0.00874999 0.0119444 0.0215302
7 0.691875 0.1875 0.00625 0.025 0.0214539
0 0.683125 0.0706944 0.06 0.0244444 0.0211182
0 0.298594 0.0920833 0.0225 0.0225 0.0201721
7 0.0284375 0.377778 0.00730469 0.0188889 0.0201721
0 0.371875 0.0580556 0.0175 0.0259722 0.0197906
7 0.00677246 0.381389 0.00609375 0.0183333 0.0188293
0 0.69125 0.0765278 0.0375 0.0244444 0.0186462
2 0.229063 0.133889 0.00812499 0.0255556 0.0185089
0 0.283594 0.106181 0.023125 0.0204167 0.0177765
0 0.385938 0.073125 0.019375 0.0238889 0.0171051
3 0.224688 0.128056 0.00562499 0.0244444 0.0167847
2 0.222188 0.146111 0.015 0.0294444 0.0160217
7 0.245938 0.283333 0.008125 0.0277778 0.0146179
7 0.94125 0.220278 0.00500005 0.0172222 0.0142822
7 0.2575 0.266667 0.01 0.0255556 0.014061
0 0.39 0.0808333 0.02 0.0222222 0.0133286
0 0.432813 0.0473611 0.01375 0.0161111 0.0130692
7 0.0670703 0.297778 0.0046875 0.0122222 0.0126724
0 0.180938 0.156389 0.02 0.0311111 0.0124283
0 0.638125 0.0463194 0.01375 0.0216667 0.012146
0 0.0090625 0.271111 0.0153516 0.0216667 0.0120544
7 0.771875 0.145278 0.00750001 0.0219444 0.011467
0 0.208438 0.149028 0.013125 0.0247222 0.0113754
3 0.123281 0.192639 0.0065625 0.0205556 0.0104523
0 0.99625 0.125139 0.00749995 0.0327778 0.0103683
0 0.99375 0.132917 0.0124999 0.0336111 0.00993347
0 0.433438 0.0586111 0.015625 0.0197222 0.00861359
0 0.35125 0.0620139 0.0125 0.0194444 0.00828552
0 0.658125 0.0439583 0.05375 0.0443056 0.008255
0 0.162461 0.174167 0.0313281 0.0311111 0.00787354
2 0.455625 0.0622917 0.01 0.0188889 0.00766754
0 0.00481445 0.265 0.00935547 0.0188889 0.00746155
0 0.441563 0.0425 0.010625 0.0208333 0.00743103
0 0.193125 0.164444 0.010625 0.0261111 0.00725937
7 0.705 0.0758333 0.01 0.0197222 0.00701141
0 0.0216406 0.244722 0.0206641 0.0272222 0.00634003
0 0.4425 0.0329861 0.00875003 0.0158333 0.00631332
0 0.2575 0.126806 0.03875 0.0375 0.00616837
2 0.628125 0.0427604 0.00750001 0.0155903 0.006073
7 0.173438 0.194583 0.00625 0.0191667 0.006073
0 0.0466504 0.224167 0.0287305 0.03 0.00598145
0 0.445 0.0127778 0.00625 0.00972222 0.00561905
0 0.671875 0.0706944 0.085 0.0252778 0.00561905
2 0.63125 0.05 0.00625 0.0190278 0.0055542
3 0.89375 0.0659722 0.00499999 0.0219444 0.00548935
7 0.725 0.0456944 0.00499999 0.0116667 0.00518036
0 0.99 0.123194 0.0199999 0.0280556 0.0051384
0 0.244375 0.157222 0.015625 0.03 0.00475693
0 0.985625 0.136944 0.02875 0.0297222 0.00416565
3 0.470313 0.0566667 0.00625 0.0169444 0.00407028
5 0.0449121 0.228056 0.0317383 0.0366667 0.00378036
0 0.685 0.0197222 0.0675 0.0315278 0.00365067
3 0.73375 0.035 0.00500005 0.02 0.00352478
2 0.57 0.0216667 0.00750001 0.0147917 0.00345612
2 0.45125 0.06 0.01375 0.0233333 0.00344276
2 0.460625 0.0617361 0.01125 0.0184722 0.00336266
3 0.125 0.219028 0.0034375 0.0180556 0.00322342
0 0.261563 0.146111 0.0475 0.035 0.0030632
2 0.765 0.135417 0.0199999 0.0377778 0.00298119
0 0.248438 0.158611 0.02375 0.0333333 0.00296974
7 0.41 0.311944 0.07375 0.123333 0.00296974
3 0.127031 0.208056 0.00687501 0.025 0.00294685
0 0.65875 0.0786111 0.0487501 0.03 0.00282288
3 0.88875 0.0633333 0.00499999 0.0238889 0.00281143
7 0.750625 0.13 0.00625 0.0361111 0.00277901
7 0.725625 0.0799306 0.00499999 0.0145833 0.00268364
0 0.327813 0.0923611 0.0175 0.0252778 0.00256157
0 0.459688 0.00407986 0.00499999 0.00815972 0.00245285
0 0.9775 0.114722 0.015 0.0191667 0.00243378
0 0.6975 0.0664583 0.0475 0.0284722 0.00234222
3 0.271563 0.101389 0.011875 0.0319444 0.00226974
0 0.67875 0.0227083 0.0825 0.0379167 0.00222588
0 0.983125 0.141111 0.02875 0.025 0.00219154
0 0.993438 0.140556 0.013125 0.0366667 0.00216484
2 0.43125 0.0644445 0.0125 0.0166667 0.00214958
0 0.0483594 0.229722 0.0273438 0.0366667 0.00214958
0 0.0224658 0.275833 0.0118652 0.0205555 0.00213242
2 0.5875 0.0466667 0.009375 0.0218056 0.00213242
7 0.250313 0.277222 0.014375 0.03 0.0020752
7 0.62 0.331389 0.085 0.128333 0.00204277
0 0.660625 0.0211111 0.04875 0.0297222 0.00189686
0 0.686875 0.0486806 0.06625 0.0265278 0.00189686
0 0.665 0.0977778 0.07125 0.0483333 0.00187492
2 0.150781 0.181528 0.0165625 0.0258333 0.00186729
2 0.0561719 0.245 0.00789063 0.0172222 0.00185299
0 0.291875 0.1325 0.03875 0.0372222 0.00185299
2 0.746875 0.130556 0.00625 0.0222222 0.00174141
0 0.25875 0.150556 0.0425 0.0477778 0.00173378
0 0.70625 0.0498611 0.03 0.0197222 0.00168705
2 0.345625 0.0883333 0.01625 0.0266667 0.0016613
7 0.764375 0.160694 0.00625 0.0291667 0.00164223
7 0.260938 0.272222 0.011875 0.0288889 0.00154877
3 0.724375 0.0346528 0.00500005 0.0179167 0.00151253
2 0.614688 0.0441667 0.00687497 0.0136111 0.00149536
4 0.658125 0.0523611 0.05375 0.0252778 0.0014782
7 0.0761328 0.241528 0.005 0.015 0.0014782
0 0.289219 0.0927778 0.011875 0.0238889 0.00146103
5 0.0296094 0.243333 0.0167969 0.0233333 0.00143242
0 0.83 0.985556 0.13 0.0266667 0.00143242
0 0.484688 0.009375 0.00437501 0.00930556 0.00141621
0 0.7 0.0163194 0.03625 0.0223611 0.00135136
0 0.69625 0.0195833 0.0475 0.0279167 0.00130463
0 0.455 0.0102083 0.00562503 0.00791667 0.0012846
7 0.0723438 0.295556 0.00640625 0.0122222 0.00120163
3 0.98375 0.17625 0.00750001 0.0286111 0.00119686
0 0.434688 0.105556 0.061875 0.0391667 0.00119209
0 0.00453369 0.425833 0.00906738 0.0627778 0.00114727
7 0.731875 0.121528 0.00750001 0.0286111 0.00114727
2 0.528438 0.0431944 0.013125 0.0305556 0.0011425
7 0.934375 0.237778 0.00625 0.0244444 0.00113392
7 0.0851563 0.240833 0.00437501 0.0133333 0.00111198
1 0.3625 0.0438715 0.044375 0.0505903 0.00109863
7 0.253125 0.292222 0.0175 0.0377778 0.00107765
2 0.444375 0.0640972 0.00874999 0.0168056 0.00104809
0 0.200938 0.144444 0.01625 0.0238889 0.00104046
2 0.74625 0.163333 0.00999997 0.0388889 0.00102043
