0 0.291875 0.878333 0.153125 0.241111 0.956543
0 0.626875 0.758889 0.11375 0.202222 0.953125
0 0.466563 0.887778 0.148125 0.224444 0.953125
0 0.8625 0.923333 0.175 0.153333 0.950684
0 0.581563 0.592778 0.0775 0.118889 0.940918
0 0.359922 0.635556 0.0864063 0.13 0.939453
0 0.658906 0.543889 0.0771875 0.101111 0.935547
0 0.483438 0.6 0.069375 0.118889 0.931152
0 0.82625 0.65 0.105 0.137778 0.923828
0 0.535625 0.354444 0.05125 0.0377778 0.889648
0 0.303438 0.340556 0.0175 0.0233333 0.823242
7 0.235313 0.502778 0.00687501 0.0222222 0.803223
0 0.0372266 0.456389 0.0313281 0.0294444 0.796875
0 0.265313 0.344444 0.031875 0.0255556 0.794434
0 0.665625 0.338333 0.0425 0.0316666 0.779785
0 0.733125 0.329444 0.03875 0.0233333 0.775879
2 0.46375 0.346111 0.0175 0.0361111 0.763672
2 0.00643555 0.515833 0.0128711 0.0338889 0.757812
7 0.729375 0.439444 0.00625 0.0188889 0.741699
0 0.79875 0.318889 0.0325 0.0216667 0.728027
0 0.326875 0.336389 0.015625 0.0194444 0.700684
7 0.73875 0.428889 0.00499999 0.0211111 0.689941
7 0.72375 0.4 0.00499999 0.0144444 0.6875
7 0.666875 0.464722 0.00625 0.0222222 0.682617
0 0.34625 0.333056 0.01375 0.0216667 0.680664
7 0.221875 0.52 0.0075 0.0272222 0.665527
0 0.894375 0.332222 0.0275 0.0188889 0.637207
0 0.0405859 0.440833 0.0311719 0.0233333 0.637207
0 0.370313 0.325556 0.014375 0.0211111 0.629883
0 0.94625 0.329167 0.025 0.0216667 0.629883
0 0.00821777 0.46 0.0163379 0.0255555 0.611328
7 0.749375 0.416667 0.00500005 0.0177778 0.592773
7 0.0233984 0.531111 0.0046875 0.0155555 0.586914
0 0.572188 0.304444 0.024375 0.0188889 0.583008
0 0.356875 0.327222 0.01625 0.0222222 0.57959
2 0.575625 0.315556 0.00999997 0.025 0.563965
7 0.634063 0.33 0.00374997 0.0122222 0.535156
0 0.0385547 0.446389 0.0317969 0.0255556 0.53125
0 0.315469 0.333611 0.0146875 0.0205556 0.501953
2 0.60375 0.312222 0.00875003 0.0233333 0.492188
7 0.145 0.418333 0.003125 0.00999999 0.488281
7 0.92625 0.459167 0.00499999 0.0161111 0.464844
0 0.00380371 0.470556 0.00760742 0.0288889 0.434082
7 0.064375 0.476944 0.00421875 0.0127778 0.392334
7 0.6775 0.48 0.00749995 0.0211111 0.317383
2 0.64375 0.319444 0.00750001 0.0188889 0.291016
2 0.088125 0.4025 0.0078125 0.0183333 0.282959
7 0.7375 0.427778 0.00625 0.02 0.273682
7 0.00553833 0.542778 0.00570068 0.0188889 0.271973
5 0.379375 0.312222 0.01375 0.0277778 0.270508
0 0.392188 0.295 0.011875 0.0177778 0.248047
2 0.234219 0.346389 0.004375 0.0161111 0.236572
0 0.3325 0.333333 0.01375 0.02 0.223389
7 0.746875 0.398333 0.00499999 0.0155555 0.219971
2 0.596563 0.312222 0.00687497 0.0227778 0.20813
7 0.0102344 0.544306 0.00505859 0.0202778 0.206299
3 0.587813 0.31 0.00750001 0.0244444 0.188354
0 0.380313 0.315556 0.015625 0.0244444 0.184204
7 0.0493359 0.477222 0.00539062 0.0166667 0.184204
0 0.39125 0.3175 0.0125 0.0194444 0.168823
2 0.586875 0.311111 0.00749995 0.0244444 0.162964
0 0.406875 0.297778 0.01125 0.0144444 0.152588
7 0.92375 0.47 0.00499999 0.0211111 0.134277
2 0.205156 0.37 0.00531251 0.02 0.129883
7 0.7375 0.431944 0.00499999 0.0172222 0.127686
0 0.83 0.327778 0.0325 0.0211111 0.127197
7 0.126875 0.421667 0.0046875 0.0144444 0.125122
3 0.223438 0.351111 0.004375 0.0166667 0.122498
3 0.128203 0.416389 0.0046875 0.0222222 0.110107
0 0.41125 0.298333 0.01375 0.0172222 0.102295
0 0.79875 0.322222 0.035 0.0222222 0.101562
0 0.410625 0.300556 0.013125 0.0144444 0.0939941
0 0.485938 0.260556 0.00500002 0.01 0.0923462
0 0.423125 0.292222 0.01 0.0138889 0.0907593
0 0.475625 0.261667 0.00625 0.00999999 0.0866089
3 0.209063 0.368889 0.004375 0.0194444 0.0838623
0 0.39125 0.300556 0.0125 0.0161111 0.0806274
2 0.574063 0.32 0.00999997 0.0266667 0.0731812
0 0.390938 0.324167 0.011875 0.0177778 0.0700684
0 0.419375 0.288333 0.00874999 0.0122222 0.0692749
0 0.354375 0.322222 0.01375 0.0222222 0.0607605
7 0.933125 0.455556 0.00499999 0.0211111 0.0558167
2 0.7375 0.302222 0.00750001 0.0172222 0.0535889
3 0.220938 0.357222 0.004375 0.0155555 0.0522461
0 0.414375 0.313333 0.011875 0.0244444 0.0499573
0 0.379375 0.308889 0.01375 0.0288889 0.0486755
0 0.49375 0.262778 0.00562499 0.00944446 0.0448608
0 0.89625 0.321944 0.025 0.02 0.0420837
2 0.201563 0.378611 0.008125 0.0255556 0.0372009
0 0.00439941 0.444444 0.00879883 0.0222222 0.0368958
0 0.37 0.321667 0.01375 0.02 0.035675
0 0.38875 0.323333 0.01125 0.0188889 0.0354004
0 0.431563 0.277778 0.00875003 0.0111111 0.0347595
0 0.0380859 0.451667 0.0348438 0.0322222 0.0347595
3 0.163906 0.387778 0.00437501 0.02 0.0333252
0 0.428125 0.28 0.01 0.0133333 0.0323486
7 0.93 0.453611 0.00250003 0.0177778 0.0319824
0 0.89625 0.335 0.03125 0.02 0.03125
0 0.445 0.2625 0.00750001 0.0105555 0.0310211
0 0.745 0.32 0.0375 0.0222222 0.0297546
0 0.452188 0.261667 0.00687501 0.0111111 0.0282135
2 0.67 0.303056 0.00999997 0.0183333 0.0282135
2 0.00293945 0.421667 0.00587891 0.0166667 0.0280151
2 0.0462891 0.464444 0.010625 0.0277778 0.0268555
0 0.83125 0.335556 0.0325 0.0177778 0.0261536
3 0.68875 0.309722 0.00499999 0.015 0.0247955
0 0.411875 0.282778 0.01 0.0166667 0.024704
2 0.126563 0.413611 0.0046875 0.0255556 0.0245209
7 0.115156 0.438333 0.00328125 0.00888889 0.0245209
3 0.231563 0.347778 0.004375 0.02 0.0239563
0 0.346875 0.320556 0.01375 0.02 0.0237732
0 0.68125 0.326111 0.0375 0.0222222 0.0230713
0 0.89375 0.338333 0.03 0.0244444 0.0225372
0 0.3175 0.319444 0.01125 0.0188889 0.0219421
7 0.15375 0.408056 0.00375001 0.0144444 0.0218658
7 0.9225 0.483611 0.00500005 0.0183333 0.0210419
2 0.76625 0.319444 0.00750001 0.0177778 0.0202484
7 0.669375 0.475 0.00625 0.03 0.0197906
0 0.00614746 0.473333 0.0122949 0.0283333 0.0195007
3 0.105781 0.401111 0.0046875 0.02 0.0192719
3 0.19 0.370556 0.00531251 0.0233333 0.0192413
0 0.380938 0.306667 0.015 0.0261111 0.0185394
0 0.78375 0.318333 0.03125 0.0183333 0.0184784
0 0.7975 0.314444 0.0325 0.0222222 0.0184021
0 0.95125 0.333056 0.03 0.0194444 0.0176392
2 0.186563 0.367778 0.0125 0.0211111 0.0174408
7 0.728125 0.439444 0.00750001 0.0188889 0.0171051
0 0.408125 0.309167 0.0125 0.0194444 0.0170441
2 0.68625 0.313333 0.00750001 0.0144444 0.0162811
2 0.7425 0.302778 0.00874996 0.0183333 0.016098
0 0.73 0.331667 0.0475 0.0244445 0.0158997
7 0.933125 0.466389 0.00625 0.0283333 0.0156021
2 0.81375 0.303333 0.00750001 0.02 0.0149536
2 0.655625 0.321111 0.00500005 0.0188889 0.0147858
2 0.605313 0.307778 0.00625 0.0255556 0.0144501
3 0.214688 0.354167 0.00375001 0.0172222 0.014389
3 0.0646094 0.418889 0.00429688 0.0155555 0.014389
0 0.75375 0.325278 0.0325 0.0205556 0.014061
2 0.81 0.333333 0.00999997 0.02 0.0138474
0 0.530625 0.270556 0.00749998 0.0111111 0.0132217
0 0.527188 0.277222 0.00749998 0.01 0.0125732
2 0.415 0.322222 0.011875 0.0216667 0.0125732
7 0.104844 0.437778 0.0034375 0.0105556 0.0123825
0 0.88875 0.335556 0.0325 0.0188889 0.011734
7 0.0132031 0.542361 0.00640625 0.0219445 0.0116425
0 0.73875 0.320556 0.025 0.02 0.0107346
2 0.281875 0.328056 0.010625 0.0161111 0.0105667
3 0.725 0.390833 0.00499999 0.0294445 0.0101318
0 0.00428955 0.495556 0.00854004 0.0422222 0.00997162
7 0.150313 0.408333 0.00296876 0.0133333 0.00933838
0 0.895625 0.325 0.0275 0.0255556 0.00930023
0 0.00871094 0.452778 0.0174023 0.0333333 0.00905609
3 0.0550781 0.405278 0.0046875 0.0172222 0.00894928
3 0.0635156 0.405556 0.00546875 0.0172222 0.00888062
2 0.674375 0.296944 0.00500005 0.0155555 0.00847626
0 0.490625 0.265556 0.00375001 0.00999999 0.00828552
7 0.22125 0.508889 0.00687501 0.0277778 0.00806427
3 0.205625 0.356667 0.00437501 0.02 0.00790405
2 0.605625 0.312222 0.0112501 0.0233333 0.00763702
7 0.0241602 0.534722 0.00535156 0.0216666 0.00731659
0 0.84125 0.336111 0.03375 0.0211111 0.00720596
0 0.7275 0.325556 0.035 0.0266667 0.0068512
7 0.71 0.405 0.00499999 0.0194444 0.00674438
3 0.0736328 0.420833 0.00476563 0.0144444 0.00664139
7 0.169219 0.413611 0.0046875 0.0172222 0.00658798
0 0.37375 0.307222 0.015 0.0222222 0.00651169
0 0.673125 0.318333 0.03 0.0227778 0.00638962
7 0.22375 0.366389 0.00406251 0.0105555 0.00629044
0 0.773125 0.329167 0.0225 0.0177778 0.00621796
3 0.86875 0.307778 0.00499999 0.0177778 0.00614548
7 0.0549219 0.476944 0.003125 0.0144444 0.00612259
3 0.0472656 0.481667 0.00671875 0.0277778 0.00612259
2 0.751875 0.378333 0.00625 0.0244444 0.00591278
7 0.637188 0.32 0.00562503 0.0166667 0.00588989
7 0.7175 0.451111 0.00625 0.0233333 0.00575256
0 0.082207 0.403333 0.0190234 0.02 0.00561905
3 0.0702735 0.412778 0.00367188 0.0133334 0.00559998
0 0.705625 0.325556 0.02875 0.0222222 0.00553513
3 0.209375 0.35 0.005 0.0277778 0.00540543
2 0.595313 0.305 0.00625 0.0222222 0.00538635
0 0.3675 0.346111 0.02125 0.0216667 0.00536346
0 0.369375 0.33 0.01375 0.0233333 0.00534439
0 0.471875 0.268056 0.00625 0.00833333 0.00518036
0 0.66375 0.320278 0.0125 0.0183333 0.00502014
0 0.96625 0.338333 0.015 0.0166667 0.00482941
2 0.104844 0.388889 0.00671876 0.0188889 0.00481033
0 0.83 0.322222 0.03 0.0205555 0.00477219
2 0.193281 0.367778 0.00531251 0.02 0.00468063
3 0.42375 0.324444 0.00687497 0.02 0.00460815
7 0.0753125 0.474722 0.00382813 0.0133333 0.00450516
0 0.365313 0.297222 0.00687497 0.0116667 0.00446701
2 0.503125 0.326111 0.0125 0.0238889 0.00438309
0 0.566875 0.298889 0.02625 0.0144444 0.00426483
2 0.45625 0.341389 0.016875 0.0316667 0.00418091
0 0.328438 0.339444 0.016875 0.0211111 0.0041008
0 0.47625 0.272778 0.00625 0.0133333 0.00400543
2 0.695 0.314167 0.00999997 0.0138889 0.0039444
7 0.928125 0.473333 0.00625 0.0233334 0.00388527
2 0.56625 0.327778 0.00999997 0.0233333 0.00387001
2 0.0925 0.403333 0.0096875 0.0177778 0.00382423
0 0.97375 0.336111 0.0175 0.0183333 0.0037365
2 0.704375 0.317222 0.00875003 0.0144444 0.00363541
3 0.150469 0.376389 0.0034375 0.0194444 0.00358009
0 0.296875 0.339444 0.01625 0.0211111 0.00352478
3 0.77625 0.3525 0.00750001 0.035 0.00348282
0 0.182813 0.368889 0.019375 0.0238889 0.00348282
0 0.497188 0.273333 0.00812499 0.0122222 0.00345612
3 0.71 0.305 0.00750001 0.0177778 0.00340271
2 0.390625 0.333056 0.0125 0.0211111 0.00332451
2 0.1975 0.381111 0.00718749 0.0244444 0.00328636
7 0.74625 0.421111 0.00500005 0.0144444 0.00319672
7 0.06375 0.483889 0.00484375 0.0177778 0.00317192
0 0.94625 0.338889 0.02375 0.0233333 0.00307465
2 0.216875 0.365833 0.005 0.0172222 0.00305176
0 0.89875 0.342222 0.0375 0.0255556 0.00298119
2 0.73 0.320556 0.03125 0.0211111 0.0029583
3 0.122891 0.382222 0.005625 0.0166667 0.00288963
7 0.154688 0.42 0.0034375 0.00666665 0.0028553
0 0.33625 0.319444 0.00874999 0.0166667 0.00277901
2 0.7375 0.2925 0.00750001 0.0188889 0.0027256
0 0.9425 0.342778 0.0225 0.02 0.00268364
0 0.450938 0.265 0.00687501 0.0122222 0.00264168
0 0.5325 0.293333 0.019375 0.0144444 0.00259018
0 0.323438 0.318889 0.00812502 0.0144444 0.0024929
7 0.6725 0.465 0.00625 0.0255555 0.0024929
7 0.0689063 0.478333 0.00570313 0.0177778 0.00247192
7 0.265313 0.361944 0.00437501 0.0138889 0.00225258
7 0.00401855 0.554444 0.00580078 0.0222222 0.00219917
2 0.58625 0.319167 0.00750001 0.0272222 0.00218201
0 0.313281 0.339444 0.0125 0.0211111 0.00209999
7 0.753125 0.417778 0.00625 0.0177778 0.00204277
2 0.185938 0.3775 0.01125 0.0277778 0.00201988
0 0.94625 0.325 0.025 0.0255556 0.00200272
3 0.154766 0.371667 0.0046875 0.0222222 0.00200272
2 0.145078 0.411111 0.00328124 0.0188889 0.00198746
7 0.916875 0.473889 0.00625 0.0233333 0.00198746
0 0.73 0.313333 0.0425 0.0344444 0.00198746
3 0.66 0.287222 0.00499999 0.0144444 0.00198746
3 0.778125 0.354444 0.00874996 0.03 0.0019722
3 0.875 0.315556 0.00375004 0.0133333 0.00194931
0 0.00359375 0.407222 0.0071875 0.02 0.00194931
3 0.0437891 0.405556 0.00515625 0.0183333 0.00185299
7 0.235313 0.366667 0.00406249 0.01 0.0018034
3 0.865 0.308611 0.00499999 0.0183333 0.00179577
2 0.34625 0.338333 0.01375 0.0222222 0.00178242
0 0.443125 0.888889 0.1025 0.222222 0.00178242
3 0.163594 0.369167 0.0059375 0.0277778 0.00175476
2 0.0526172 0.426111 0.00921875 0.0188889 0.00171375
3 0.69 0.423333 0.00999997 0.0566667 0.00167465
2 0.0502344 0.409722 0.00773438 0.0172222 0.0016489
7 0.249844 0.371667 0.008125 0.0188889 0.00162315
0 0.9675 0.343889 0.015 0.0211111 0.00160408
1 0.408125 0.284444 0.013125 0.0194444 0.00155449
3 0.154531 0.380556 0.00375001 0.0255556 0.00148964
7 0.115938 0.421667 0.0034375 0.0122222 0.0014782
3 0.189688 0.403889 0.00625 0.0266667 0.00146103
7 0.245 0.369444 0.00375001 0.0155556 0.00145531
7 0.48375 0.6 0.07 0.12 0.00144386
0 0.975 0.343611 0.02625 0.025 0.00137234
0 0.74375 0.311944 0.0375 0.03 0.00133038
0 0.99625 0.672222 0.00749995 0.0577777 0.00129414
7 0.109844 0.4425 0.005 0.0177778 0.00124931
7 0.36125 0.635556 0.08125 0.128889 0.00119686
3 0.485625 0.475 0.01 0.0544445 0.00114727
0 0.4225 0.888889 0.061875 0.222222 0.00114727
0 0.406875 0.324722 0.0225 0.0233333 0.0011425
2 0.0237891 0.520278 0.00664063 0.0316666 0.0011425
7 0.110156 0.41 0.00375 0.0172222 0.00113773
0 0.53375 0.273889 0.00625 0.0122222 0.00112438
3 0.485625 0.492778 0.01125 0.0622223 0.00109863
2 0.65375 0.312222 0.0225 0.0277778 0.00108624
3 0.725625 0.3825 0.00499999 0.0416667 0.00105667
0 0.88875 0.345556 0.035 0.0277778 0.00104427
3 0.42125 0.315556 0.01125 0.0205556 0.00103664
0 0.0341406 0.432778 0.0248438 0.0311111 0.00101662
7 0.914375 0.488333 0.00499999 0.0333333 0.00100803
