0 0.270156 0.952222 0.143438 0.0955555 0.94873
0 0.608125 0.685 0.10375 0.167778 0.944824
0 0.197969 0.632222 0.1 0.117778 0.941895
0 0.288125 0.605 0.085 0.107778 0.938477
0 0.64 0.521111 0.07 0.0855555 0.937012
1 0.84125 0.759861 0.3175 0.480278 0.935059
0 0.48125 0.548333 0.063125 0.114444 0.928223
0 0.3775 0.604445 0.07875 0.126667 0.92627
0 0.678906 0.947778 0.167188 0.104444 0.906738
0 0.586875 0.426111 0.0425001 0.0555556 0.890137
0 0.42375 0.463889 0.04125 0.0644445 0.879883
0 0.0596875 0.441111 0.0348438 0.0294444 0.865234
0 0.523125 0.414722 0.03625 0.05 0.85498
0 0.475 0.378889 0.02875 0.0444444 0.852051
5 0.358438 0.310833 0.020625 0.0411111 0.847168
0 0.233281 0.381667 0.0303125 0.0344445 0.838867
7 0.235625 0.504444 0.0075 0.0244444 0.831055
0 0.0160352 0.468889 0.0320703 0.0322222 0.825684
0 0.279531 0.359444 0.02125 0.0294444 0.823242
0 0.401563 0.324444 0.01625 0.0233333 0.806641
0 0.34 0.349722 0.02 0.0283333 0.774414
1 0.325938 0.315556 0.030625 0.04 0.763672
0 0.3725 0.325833 0.01625 0.0222222 0.750488
2 0.0188965 0.503333 0.0181445 0.0333333 0.740234
7 0.222813 0.518889 0.0078125 0.0255555 0.73877
0 0.304063 0.358889 0.026875 0.0322222 0.732422
7 0.72375 0.4 0.00499999 0.0177778 0.712402
7 0.75 0.414167 0.00625 0.0183333 0.697754
0 0.0207031 0.448611 0.0273828 0.025 0.695801
7 0.72875 0.440278 0.00499999 0.0188889 0.692871
7 0.0248242 0.530556 0.00503906 0.0177778 0.690918
7 0.6675 0.465 0.00499999 0.0222222 0.665527
0 0.39375 0.308889 0.0125 0.0188889 0.588867
0 0.41375 0.313333 0.013125 0.0188889 0.583008
0 0.00633789 0.465556 0.0126758 0.0333334 0.535156
0 0.342813 0.328889 0.015625 0.0222222 0.533203
7 0.73875 0.426667 0.00499999 0.0211111 0.516602
0 0.37375 0.315 0.013125 0.0166667 0.513672
0 0.385313 0.324167 0.014375 0.0222222 0.496094
0 0.41125 0.295278 0.00999997 0.0161111 0.492188
0 0.344688 0.318333 0.01125 0.0144444 0.480469
7 0.678125 0.480556 0.00750001 0.0244444 0.44165
0 0.322813 0.340556 0.01875 0.0233333 0.414795
0 0.384688 0.315 0.011875 0.02 0.401611
0 0.00302979 0.445278 0.00605957 0.0266667 0.370117
2 0.160352 0.396944 0.0111719 0.0272222 0.348633
0 0.406875 0.294167 0.01125 0.0155555 0.339844
7 0.0640234 0.475 0.00429688 0.0122222 0.332764
0 0.374688 0.305833 0.011875 0.0222222 0.329346
7 0.12625 0.419722 0.00406249 0.0111111 0.324219
7 0.145781 0.417778 0.00406251 0.0122222 0.291016
7 0.746875 0.399444 0.00499999 0.0166667 0.27832
7 0.7375 0.428889 0.00625 0.0222222 0.259766
5 0.39625 0.298611 0.01125 0.0244444 0.23938
0 0.4175 0.278889 0.00750001 0.00999999 0.237915
0 0.706875 0.581111 0.04625 0.0733333 0.229492
0 0.324922 0.337778 0.0214062 0.0255556 0.196777
0 0.77625 0.526389 0.09875 0.120556 0.185303
0 0.48375 0.262778 0.00625 0.0111111 0.182983
0 0.412813 0.308889 0.01125 0.0172222 0.181885
2 0.675 0.3325 0.01 0.0322222 0.150024
7 0.010957 0.544444 0.00533203 0.02 0.146118
5 0.38625 0.295278 0.01125 0.02 0.1427
7 0.684375 0.350833 0.00499999 0.0144444 0.135742
2 0.160625 0.391111 0.0115625 0.0227778 0.133911
0 0.334375 0.333333 0.0175 0.0288889 0.131592
0 0.418125 0.283056 0.00874999 0.0144444 0.113586
0 0.375625 0.302778 0.01125 0.0177778 0.113159
0 0.317031 0.337222 0.0153125 0.0244445 0.105957
0 0.448125 0.266667 0.00625 0.01 0.105591
7 0.205 0.383333 0.0034375 0.0111111 0.10376
7 0.7225 0.448889 0.00750001 0.0211111 0.102295
0 0.34125 0.346111 0.020625 0.0288889 0.0881958
0 0.469375 0.271111 0.00625 0.0111111 0.0753174
0 0.425313 0.28 0.00562503 0.01 0.0742188
0 0.434063 0.275 0.00625 0.00888889 0.0726318
2 0.0625 0.425 0.00671875 0.0172222 0.0673218
0 0.47625 0.260556 0.00625 0.00777777 0.0665894
7 0.0494141 0.482778 0.00375 0.0122222 0.062561
7 0.755 0.416389 0.00499999 0.0188889 0.0623169
7 0.735 0.431667 0.00499999 0.02 0.0587769
0 0.475625 0.273889 0.00625 0.0105555 0.0548096
0 0.4875 0.266667 0.00625 0.0105555 0.0541992
7 0.65375 0.331944 0.00374997 0.0122222 0.0507202
0 0.465625 0.275556 0.00500002 0.00999999 0.0474243
0 0.704375 0.572222 0.0525 0.0722222 0.0445251
7 0.670625 0.335 0.00499999 0.0244444 0.0440063
7 0.7275 0.445 0.00749995 0.0233333 0.0422363
0 0.420938 0.307222 0.010625 0.0188889 0.0390625
7 0.675625 0.347778 0.00499999 0.0177778 0.0328369
0 0.31125 0.349444 0.0159375 0.0244444 0.0328369
7 0.77875 0.351111 0.00499999 0.0188889 0.0327148
0 0.495625 0.275 0.00750001 0.0133333 0.0316162
0 0.445625 0.264722 0.00625 0.0105555 0.0309143
0 0.173125 0.390278 0.03875 0.0288889 0.0283356
7 0.634688 0.333333 0.003125 0.0111111 0.0271759
7 0.67 0.473889 0.00625 0.0222223 0.0224609
0 0.48375 0.273889 0.00625 0.0111111 0.0215302
0 0.71375 0.582222 0.0575 0.0866667 0.0201721
0 0.43 0.271667 0.00499999 0.00888889 0.0200958
3 0.190938 0.377222 0.00562499 0.0255556 0.0194244
7 0.148984 0.409444 0.00531251 0.0155555 0.0187988
7 0.195313 0.385556 0.00374999 0.0155555 0.0183411
7 0.012832 0.542361 0.005625 0.0175 0.0167236
0 0.410625 0.322778 0.01125 0.02 0.0166626
7 0.743125 0.422778 0.00500005 0.0166667 0.0157166
7 0.0460156 0.473333 0.00546875 0.0222222 0.0156708
7 0.128594 0.413889 0.0065625 0.0166667 0.0148392
0 0.495 0.264444 0.00625 0.0122222 0.0136337
7 0.636875 0.317222 0.00500005 0.0133333 0.0134277
0 0.422813 0.3025 0.009375 0.0205556 0.0117798
0 0.503125 0.259444 0.00625 0.00888887 0.0109024
0 0.1375 0.410278 0.0225 0.0244444 0.00894928
2 0.162813 0.373333 0.00718749 0.0233333 0.0088501
0 0.40375 0.281944 0.00750001 0.01 0.00784302
7 0.0246875 0.533889 0.00558594 0.0233333 0.00743103
7 0.650625 0.335 0.00374997 0.0144444 0.00638962
0 0.7025 0.565556 0.065 0.0711111 0.00626373
0 0.0151074 0.475 0.0293164 0.0433333 0.00624084
0 0.31125 0.341667 0.02125 0.0288889 0.00579834
0 0.175977 0.399167 0.0442969 0.0338889 0.00575256
7 0.575 0.33 0.00375004 0.0111111 0.00570679
7 0.209375 0.375556 0.005 0.0166667 0.00551224
2 0.195 0.401111 0.01125 0.0294444 0.0053215
2 0.156875 0.372778 0.00750001 0.0233333 0.00530243
0 0.71 0.563889 0.07625 0.0911111 0.00446701
0 0.424688 0.306667 0.01625 0.0244445 0.00413513
7 0.0464063 0.485556 0.00515625 0.0166667 0.00399017
2 0.0154102 0.499444 0.0264063 0.0422222 0.00397491
0 0.180938 0.406389 0.038125 0.0422222 0.0037365
7 0.655625 0.348889 0.00374997 0.00888889 0.00362206
1 0.725625 0.760556 0.54375 0.478889 0.00349617
0 0.710625 0.584445 0.06375 0.112222 0.00340271
0 0.379375 0.290556 0.0125 0.0177778 0.00317192
0 0.46625 0.266389 0.00500002 0.0138889 0.00293541
3 0.69125 0.340278 0.00750001 0.0283333 0.00279999
7 0.67625 0.361111 0.00499999 0.0166667 0.00275803
7 0.630625 0.336667 0.00374997 0.0127778 0.00273705
0 0.132656 0.412222 0.01375 0.0222222 0.00269318
0 0.86875 0.340278 0.0225 0.0172222 0.00268364
2 0.146094 0.408333 0.00796876 0.0205555 0.00259018
7 0.0169238 0.526111 0.00740235 0.0233333 0.00252151
0 0.1725 0.372778 0.03 0.0244444 0.0024929
7 0.157969 0.410278 0.0078125 0.0266667 0.0024929
2 0.675625 0.325556 0.00750001 0.0277778 0.00235939
3 0.8675 0.31 0.00875003 0.0255556 0.00224304
3 0.86625 0.310556 0.00500005 0.0188889 0.00219917
7 0.666875 0.351389 0.00499999 0.0122222 0.00218201
7 0.655 0.317778 0.00249996 0.0133334 0.00203514
7 0.0752344 0.471944 0.00359375 0.0144444 0.00203514
0 0.18 0.371667 0.020625 0.0233333 0.00198746
0 0.484375 0.246111 0.00500002 0.0116667 0.00192642
7 0.72375 0.394444 0.00499999 0.0222222 0.00189686
0 0.00304199 0.427778 0.00608398 0.0233333 0.00186729
0 0.019707 0.437778 0.0217578 0.0255555 0.00182438
7 0.145234 0.432222 0.00578125 0.0188889 0.00181007
2 0.47125 0.306667 0.01125 0.0222222 0.00178242
0 0.37625 0.258889 0.00562503 0.00999999 0.0017271
0 0.708125 0.553333 0.06625 0.0511111 0.00154877
3 0.250313 0.340556 0.005 0.0211111 0.00151253
0 0.0137988 0.408333 0.0109766 0.02 0.00150108
2 0.695 0.334167 0.00750001 0.0333333 0.00145531
0 0.444375 0.272778 0.00625 0.0122222 0.00132465
0 0.495938 0.282222 0.013125 0.0166667 0.00128937
7 0.565625 0.315556 0.00437501 0.0111111 0.0012846
7 0.378125 0.605 0.078125 0.127778 0.0012846
7 0.645 0.349444 0.00250003 0.01 0.00125504
3 0.193125 0.372778 0.00562499 0.02 0.00124454
0 0.190313 0.411944 0.02 0.0344445 0.00121117
7 0.98375 0.794445 0.00875003 0.0333333 0.00116539
7 0.615 0.331667 0.003125 0.0111111 0.00115108
0 0.300781 0.368333 0.020625 0.0372222 0.00115108
0 0.345 0.344444 0.025 0.0277778 0.0011425
7 0.7425 0.428889 0.00625 0.0211111 0.00113392
0 0.0155273 0.418333 0.0159766 0.02 0.0011034
2 0.679375 0.337778 0.01625 0.0344445 0.00109863
7 0.67125 0.469444 0.00749995 0.0322222 0.00106049
2 0.995 0.524167 0.00999997 0.0827778 0.00104427
7 0.695 0.3625 0.00499999 0.0166667 0.00102425
7 0.704375 0.456111 0.00625 0.0233333 0.00101662
0 0.170469 0.378889 0.0290625 0.0266667 0.00101662
