0 0.291563 0.861667 0.15625 0.274444 0.961914
0 0.464688 0.887778 0.129375 0.224444 0.95166
0 0.665 0.560139 0.0800001 0.110833 0.947266
0 0.675 0.918889 0.15375 0.162222 0.946777
0 0.601875 0.665556 0.1025 0.182222 0.942383
0 0.7525 0.726667 0.1325 0.191111 0.941895
0 0.383125 0.577917 0.08 0.126389 0.937988
0 0.889375 0.947778 0.16125 0.104444 0.93457
0 0.481563 0.625556 0.0725 0.133333 0.932617
0 0.5575 0.506667 0.05625 0.0822222 0.920898
0 0.228594 0.404444 0.0503125 0.0388889 0.891602
0 0.270625 0.437222 0.06125 0.0533333 0.888184
0 0.53875 0.298889 0.02625 0.0183333 0.825684
0 0.104375 0.439722 0.0409375 0.0322222 0.817383
0 0.746875 0.326111 0.0375 0.0261111 0.801758
2 0.350625 0.378889 0.016875 0.0333333 0.795898
7 0.666875 0.464444 0.00625 0.0227778 0.791992
0 0.415938 0.351667 0.043125 0.0311111 0.778809
0 0.0639063 0.44 0.0373438 0.0266667 0.775879
0 0.0825 0.408889 0.0257813 0.0233333 0.764648
0 0.250781 0.352222 0.03125 0.0244444 0.756348
0 0.7175 0.326111 0.03875 0.0255555 0.733887
7 0.23625 0.503333 0.00687499 0.0233333 0.728027
7 0.72875 0.44 0.00499999 0.0177778 0.728027
7 0.221875 0.519444 0.0075 0.0238889 0.723145
0 0.475 0.314722 0.01625 0.0283333 0.720215
2 0.0384375 0.52 0.0253125 0.0366666 0.720215
7 0.925 0.457778 0.00499999 0.0194444 0.70752
7 0.73875 0.428889 0.00499999 0.0211111 0.70752
0 0.433125 0.331389 0.02875 0.0244444 0.705566
0 0.36875 0.327778 0.015 0.02 0.702637
0 0.297656 0.382778 0.0440625 0.0333333 0.700684
7 0.72375 0.398889 0.00375004 0.015 0.694336
0 0.0205273 0.47 0.0388672 0.03 0.654785
0 0.350625 0.33 0.0175 0.0222222 0.615234
0 0.79 0.321667 0.035 0.0244444 0.592773
0 0.310938 0.335833 0.01625 0.0222222 0.577637
2 0.301875 0.399444 0.019375 0.0338889 0.569824
0 0.32625 0.335278 0.01625 0.0205556 0.562012
7 0.74875 0.416944 0.00499999 0.0172222 0.558105
0 0.380938 0.317778 0.01375 0.0188889 0.486328
0 0.405625 0.320833 0.015 0.0216667 0.480469
7 0.634375 0.327778 0.003125 0.0116667 0.44751
2 0.0238477 0.508056 0.0141797 0.0405555 0.420654
0 0.3925 0.306111 0.01125 0.0177778 0.412109
3 0.0507422 0.471389 0.00578125 0.0283333 0.400635
2 0.195938 0.378889 0.010625 0.0211111 0.390381
0 0.39375 0.323333 0.015 0.02 0.37207
0 0.331875 0.3325 0.015 0.0227778 0.368408
0 0.0144043 0.450278 0.0283398 0.0305556 0.365723
0 0.489375 0.270556 0.00625 0.0111111 0.351318
7 0.7375 0.428333 0.00625 0.02 0.350342
0 0.435938 0.276667 0.00749998 0.00999999 0.319092
7 0.145469 0.418333 0.003125 0.00999999 0.307373
7 0.746875 0.4 0.00499999 0.0166667 0.303955
2 0.585 0.312222 0.00750001 0.0227778 0.30249
7 0.92375 0.466667 0.00499999 0.0222222 0.270508
0 0.392813 0.308056 0.013125 0.0188889 0.258301
0 0.0398242 0.466111 0.0348047 0.0311111 0.253906
5 0.013877 0.451944 0.0277539 0.0355555 0.250977
0 0.41875 0.336667 0.04625 0.0255556 0.248047
2 0.194375 0.378889 0.013125 0.0244444 0.237183
0 0.4125 0.318333 0.01625 0.02 0.236572
7 0.7375 0.430556 0.00499999 0.0188889 0.233765
0 0.37 0.299722 0.0125 0.0177778 0.229492
7 0.6775 0.48 0.00625 0.0244445 0.20752
3 0.0105957 0.543333 0.00650391 0.0233333 0.206299
7 0.655 0.326111 0.00249996 0.0122222 0.200562
0 0.0455469 0.467222 0.0303125 0.0333334 0.195557
2 0.0564063 0.469444 0.00828125 0.0322222 0.191284
0 0.42125 0.293333 0.01 0.0133333 0.189575
0 0.290938 0.38 0.034375 0.0333333 0.175537
7 0.685625 0.353333 0.00374997 0.0133333 0.168823
3 0.208125 0.376111 0.005 0.0222222 0.160278
2 0.0273633 0.505278 0.0219531 0.0444444 0.145142
0 0.350625 0.321667 0.015 0.0227778 0.140381
0 0.36625 0.317222 0.011875 0.0161111 0.132935
0 0.405625 0.2975 0.010625 0.0138889 0.129395
7 0.0650781 0.475833 0.0040625 0.0144444 0.12854
0 0.46625 0.276111 0.00562499 0.00944446 0.122498
0 0.307813 0.339444 0.021875 0.0244444 0.121704
0 0.469688 0.271111 0.00625 0.00999999 0.12085
0 0.3525 0.319444 0.01625 0.0211111 0.119202
2 0.40375 0.370556 0.01375 0.0322222 0.115967
2 0.41 0.365 0.0275 0.0344445 0.115173
2 0.254688 0.360833 0.008125 0.0172222 0.11438
0 0.4175 0.292222 0.01125 0.0133333 0.108215
2 0.0233936 0.513333 0.012666 0.0405556 0.101562
7 0.666875 0.353889 0.00499999 0.0133334 0.100891
7 0.0753125 0.475 0.00421875 0.0111111 0.0987549
0 0.416875 0.359722 0.043125 0.0344444 0.0966797
0 0.391875 0.302222 0.00999997 0.0177778 0.0933228
2 0.0549219 0.418889 0.00640625 0.0177778 0.0933228
5 0.370313 0.301111 0.013125 0.02 0.0847778
0 0.419375 0.286111 0.00874999 0.0138889 0.083313
0 0.2975 0.396667 0.03625 0.0355555 0.0806274
0 0.410938 0.281667 0.01125 0.0188889 0.0803833
0 0.525938 0.280556 0.01 0.0144444 0.0797729
2 0.536563 0.275278 0.00749998 0.0144444 0.0783691
0 0.386563 0.301111 0.010625 0.0155555 0.078064
2 0.0342188 0.501667 0.0130469 0.0411111 0.0772095
0 0.4275 0.278333 0.00874999 0.0122222 0.0690308
3 0.0218555 0.503611 0.00894531 0.0322223 0.0652466
0 0.474375 0.276111 0.00750001 0.00999999 0.0634766
0 0.38125 0.324167 0.015 0.0216667 0.0564575
0 0.711875 0.325 0.03875 0.0233333 0.0554199
3 0.249688 0.367778 0.00625 0.0233333 0.0538025
0 0.505 0.258056 0.00499999 0.00888887 0.0477905
2 0.104141 0.388889 0.0115625 0.0188889 0.0477905
0 0.514375 0.261667 0.00499999 0.00888889 0.0469055
0 0.49375 0.273333 0.00874999 0.0133334 0.0445251
0 0.298594 0.402778 0.0240625 0.0411111 0.0428772
0 0.101797 0.429444 0.0320313 0.0222222 0.0411377
7 0.935 0.445 0.00500005 0.0177778 0.0396423
0 0.411875 0.311667 0.015 0.0238889 0.0377502
7 0.70875 0.404722 0.00500005 0.0166667 0.0358276
3 0.205 0.377778 0.004375 0.0211111 0.035675
3 0.204531 0.375 0.004375 0.0211111 0.035553
3 0.0507422 0.415556 0.00664063 0.02 0.0354004
7 0.565625 0.310556 0.00375004 0.0122222 0.0334778
7 0.129141 0.416111 0.00328125 0.0155555 0.032959
0 0.47625 0.260556 0.00499999 0.00944443 0.0322266
7 0.685 0.360556 0.00499999 0.015 0.0322266
3 0.23625 0.509444 0.0075 0.0388889 0.0304413
0 0.49375 0.261667 0.00500002 0.00777777 0.0296478
7 0.664375 0.313333 0.00375004 0.0111111 0.0292053
0 0.189844 0.378889 0.020625 0.0222222 0.0281067
0 0.484688 0.261111 0.00499999 0.00888889 0.0261536
2 0.586875 0.312222 0.00875003 0.0227778 0.0258636
0 0.529375 0.269167 0.009375 0.0122222 0.0241394
0 0.336875 0.321111 0.01125 0.0188889 0.0223694
0 0.444375 0.261111 0.00500002 0.01 0.0219421
7 0.156094 0.419444 0.00421874 0.01 0.0213623
3 0.135078 0.385556 0.00406249 0.0133333 0.0200958
0 0.444688 0.273889 0.00499999 0.0105555 0.0198669
3 0.0558984 0.408889 0.00554687 0.0194444 0.0197144
7 0.0254688 0.53875 0.004375 0.0158333 0.0196381
0 0.423125 0.329722 0.0225 0.02 0.0195618
7 0.7075 0.404167 0.00499999 0.015 0.0193481
2 0.103281 0.396944 0.0121875 0.0183333 0.016983
3 0.0545313 0.473889 0.00765625 0.0372222 0.0162811
7 0.745625 0.421111 0.00375004 0.0155555 0.0158997
7 0.125234 0.429444 0.0040625 0.0211111 0.0158386
0 0.535625 0.263333 0.00562499 0.0111111 0.0150757
0 0.089375 0.421111 0.0326563 0.0255555 0.0136871
7 0.0699219 0.478333 0.0034375 0.0155555 0.013588
0 0.488125 0.273333 0.00812502 0.0122222 0.0134811
7 0.7275 0.440556 0.00749995 0.0183333 0.0129242
2 0.0453125 0.420556 0.0053125 0.0177778 0.012825
3 0.129688 0.382222 0.00453125 0.02 0.0127716
0 0.70375 0.319444 0.0225 0.0188889 0.0126724
7 0.575 0.316944 0.00375004 0.0138889 0.0121002
7 0.655 0.320278 0.00375004 0.015 0.0120087
7 0.92375 0.4825 0.00499999 0.0244445 0.0119629
2 0.409063 0.370278 0.0225 0.0355555 0.0119171
0 0.352813 0.313333 0.01625 0.0238889 0.0117798
2 0.250625 0.355 0.021875 0.0266667 0.0109024
0 0.449375 0.266667 0.00625 0.0111111 0.0108185
7 0.673125 0.474722 0.00750001 0.0272222 0.0105286
2 0.675 0.298889 0.00499999 0.0133333 0.0102921
2 0.254688 0.330278 0.00625 0.0166667 0.0102463
0 0.475313 0.305 0.014375 0.02 0.00959778
2 0.187813 0.371944 0.0140625 0.0205556 0.00923157
0 0.7875 0.315278 0.035 0.025 0.00919342
0 0.36875 0.331667 0.01375 0.02 0.00912476
0 0.4525 0.2625 0.00625 0.01 0.0088501
0 0.185 0.380833 0.024375 0.0244445 0.00874329
3 0.215313 0.37 0.003125 0.02 0.0086441
3 0.00969727 0.415 0.00578125 0.0166667 0.00857544
7 0.67375 0.353611 0.00499999 0.015 0.00854492
0 0.526875 0.262778 0.00625 0.0122222 0.00844574
7 0.93375 0.449167 0.00499999 0.0233333 0.00803375
3 0.83375 0.414444 0.015 0.0522222 0.00800323
2 0.55625 0.281389 0.00625 0.0138889 0.00790405
3 0.57 0.275 0.00374997 0.0188889 0.00754929
7 0.63625 0.319444 0.00375004 0.0144444 0.00709534
3 0.209375 0.346944 0.00562501 0.0244445 0.00709534
7 0.145 0.407778 0.003125 0.0133333 0.00701141
7 0.595937 0.297778 0.00437501 0.0127778 0.00698471
0 0.793125 0.332222 0.0275 0.02 0.00695801
7 0.67625 0.318333 0.00499999 0.0166667 0.00679779
3 0.548125 0.266667 0.00625 0.0177778 0.00679779
0 0.224688 0.391389 0.034375 0.0216667 0.00674438
0 0.0231445 0.455 0.0410547 0.0355555 0.00658798
3 0.585625 0.304167 0.00499999 0.0227778 0.00656509
3 0.0196875 0.482778 0.0121094 0.0311111 0.0064621
3 0.164844 0.386667 0.00406251 0.02 0.00619125
0 0.42875 0.273889 0.00749998 0.0127778 0.00605011
2 0.565625 0.279722 0.00499999 0.0111111 0.00593567
7 0.481563 0.625556 0.073125 0.132222 0.00577545
7 0.75375 0.417222 0.00499999 0.0172222 0.00572968
0 0.78625 0.332222 0.03875 0.0222222 0.0055542
0 0.328047 0.340833 0.0189062 0.0211111 0.00540543
7 0.604063 0.328333 0.00437495 0.0122222 0.00526047
7 0.224219 0.370556 0.005 0.0144444 0.00524139
2 0.275156 0.352222 0.00406249 0.0138889 0.0051384
2 0.0436328 0.506944 0.0111719 0.0444444 0.00510025
2 0.115156 0.382778 0.0053125 0.0177778 0.0050621
3 0.163281 0.368056 0.00531249 0.025 0.00494385
0 0.81125 0.332222 0.0425 0.0244444 0.00482941
0 0.536875 0.293333 0.02 0.0188889 0.00477219
0 0.0182617 0.434444 0.0137891 0.0211111 0.00471878
5 0.0341016 0.446111 0.0371094 0.03 0.00468063
2 0.65625 0.298333 0.00499999 0.0144444 0.00460815
7 0.666875 0.360556 0.00499999 0.0155556 0.00457382
7 0.605625 0.296389 0.00374997 0.0122222 0.00450516
0 0.0689063 0.4275 0.025625 0.0238889 0.00448608
2 0.81375 0.314167 0.01 0.0138889 0.00446701
2 0.170469 0.381389 0.0078125 0.0222222 0.00446701
3 0.69 0.31 0.00500005 0.0177778 0.00428009
2 0.301563 0.392778 0.030625 0.0388889 0.00407028
7 0.0746875 0.486667 0.00453125 0.0133334 0.00397491
2 0.0211768 0.505556 0.0138184 0.0411111 0.00380898
7 0.64625 0.316111 0.00500005 0.0133333 0.00379562
2 0.355 0.378889 0.02625 0.0316667 0.0037365
2 0.23875 0.359722 0.01 0.0172222 0.00359344
0 0.305938 0.346111 0.024375 0.0244445 0.00348282
7 0.145156 0.433611 0.00421874 0.0138889 0.00345612
7 0.155313 0.4075 0.003125 0.0138889 0.00342941
7 0.149063 0.411667 0.00359376 0.0122222 0.00337601
2 0.264844 0.359444 0.00531251 0.0194444 0.00331116
2 0.78375 0.303056 0.00875003 0.0188889 0.00321007
3 0.0642188 0.405 0.0053125 0.02 0.00318527
2 0.125625 0.380556 0.00484375 0.0177778 0.00314713
0 0.433125 0.330833 0.04 0.0255556 0.00313568
0 0.0322266 0.423611 0.0129688 0.0188889 0.00307465
3 0.219844 0.360556 0.0046875 0.0166667 0.00301552
0 0.801875 0.333611 0.04125 0.0205556 0.00286674
3 0.155859 0.372222 0.004375 0.0211111 0.00283432
0 0.517188 0.28 0.00749998 0.0133333 0.00281143
7 0.135078 0.420556 0.003125 0.00999999 0.00273705
0 0.308438 0.360556 0.045 0.0333333 0.0026207
2 0.46 0.0855556 0.015 0.0330556 0.00253105
0 0.82125 0.331667 0.0375 0.0244445 0.00253105
3 0.8525 0.441111 0.00999997 0.0488889 0.00251198
0 0.378125 0.291111 0.01125 0.0166667 0.00251198
2 0.400938 0.359444 0.013125 0.0322222 0.0024929
0 0.410625 0.278611 0.0125 0.0216667 0.0024929
7 0.55625 0.306667 0.00499999 0.0188889 0.00246239
7 0.56875 0.305556 0.00499999 0.0155556 0.00246239
0 0.0262891 0.425556 0.0134375 0.0211111 0.00234222
0 0.720625 0.313333 0.03625 0.0261111 0.00225258
0 0.1 0.391667 0.01625 0.0233333 0.00223351
3 0.188438 0.411111 0.0096875 0.0255556 0.00211525
7 0.67375 0.361111 0.00499999 0.015 0.0020504
3 0.65 0.304722 0.00499999 0.0138889 0.00201988
0 0.405625 0.338333 0.055 0.0288889 0.00199509
3 0.67 0.302778 0.00499999 0.0166667 0.00186062
2 0.88625 0.314167 0.00750001 0.0127778 0.00185299
2 0.400625 0.373889 0.0125 0.03 0.00185299
3 0.7475 0.395556 0.00499999 0.0277778 0.00185299
2 0.545 0.28 0.00499999 0.015 0.00181007
3 0.215 0.388333 0.00874999 0.0211111 0.00181007
7 0.382813 0.578333 0.07875 0.125556 0.00175476
7 0.72125 0.450556 0.00749995 0.0205555 0.0017004
7 0.00771973 0.542778 0.00631836 0.02 0.00166798
7 0.656875 0.471111 0.00499999 0.0177778 0.00165462
3 0.815 0.300833 0.00750001 0.0188889 0.0016489
7 0.68375 0.477778 0.00500005 0.0233333 0.0016489
2 0.352188 0.394444 0.02375 0.0666667 0.00163555
0 0.42125 0.319444 0.01125 0.0233333 0.00161076
3 0.946875 0.425833 0.00750001 0.0605555 0.00161076
3 0.546875 0.263333 0.00625 0.0155556 0.00158501
7 0.135313 0.434722 0.00687501 0.0166667 0.00157356
3 0.835 0.418889 0.0112501 0.0544444 0.00151253
0 0.845625 0.334722 0.02625 0.0205555 0.00150108
7 0.217031 0.513333 0.00531251 0.0211112 0.00144958
3 0.905 0.418333 0.00750001 0.0477778 0.00143242
7 0.71875 0.450556 0.00750001 0.0211111 0.00142097
3 0.8525 0.445278 0.0125 0.0605556 0.00136662
0 0.330625 0.365556 0.044375 0.0388889 0.00135612
0 0.89625 0.339167 0.0375 0.0183333 0.00135612
2 0.875625 0.315556 0.00749995 0.0122222 0.00131989
0 0.8975 0.333889 0.0275 0.0177778 0.00131512
2 0.8225 0.313333 0.00875003 0.0166667 0.00130463
3 0.804375 0.301667 0.00625 0.02 0.0012846
7 0.59375 0.315833 0.00499999 0.0172222 0.0012846
0 0.504375 0.244306 0.00499999 0.0113889 0.00125504
3 0.91 0.409167 0.0125 0.0544444 0.00123501
3 0.595 0.283056 0.00499999 0.0161111 0.00119209
0 0.105156 0.417778 0.0392188 0.0255556 0.00119209
7 0.92875 0.448889 0.00500005 0.0188889 0.00118828
7 0.135625 0.403889 0.00328126 0.0111111 0.00115108
3 0.956875 0.421667 0.00875003 0.0611111 0.00115108
2 0.865 0.3 0.00750001 0.0138889 0.0011425
7 0.207188 0.410556 0.00625 0.0266667 0.0011158
2 0.0155762 0.424444 0.00841797 0.0166667 0.00110722
2 0.86625 0.307778 0.00625 0.0166667 0.00109863
6 0.459688 0.0870139 0.015 0.0355556 0.00109005
7 0.615 0.312778 0.00374997 0.0111111 0.00109005
2 0.766875 0.303889 0.00999997 0.0233333 0.00107288
0 0.396563 0.28 0.00625 0.0111111 0.00106525
2 0.72375 0.392222 0.00499999 0.0244444 0.00105667
0 0.83875 0.334444 0.0325 0.02 0.00103188
2 0.26375 0.348056 0.0178125 0.0244444 0.00101662
