0 0.0647656 0.871111 0.129531 0.217778 0.955566
0 0.182539 0.826667 0.137422 0.213333 0.950195
0 0.283594 0.896667 0.172188 0.206667 0.947754
0 0.62 0.684444 0.09875 0.144444 0.933594
0 0.6975 0.62 0.09875 0.126667 0.930176
0 0.274688 0.634444 0.101875 0.126667 0.921875
0 0.191563 0.63 0.105625 0.135556 0.92041
0 0.423125 0.448611 0.041875 0.0672223 0.90332
0 0.046875 0.531944 0.0557813 0.0805556 0.90332
0 0.115547 0.498611 0.0529688 0.0672223 0.885742
0 0.223438 0.403056 0.038125 0.0572222 0.875
0 0.866875 0.376111 0.04125 0.0488889 0.864258
0 0.0213281 0.665556 0.0425 0.0933333 0.863281
0 0.48625 0.4 0.033125 0.0488889 0.847168
0 0.542813 0.396389 0.035625 0.0522222 0.84375
0 0.283594 0.377222 0.0284375 0.0366667 0.841797
0 0.38625 0.325 0.01375 0.0222222 0.837402
0 0.167969 0.4875 0.0521875 0.075 0.837402
0 0.750625 0.329444 0.035 0.0266667 0.823242
0 0.0471484 0.453333 0.0332031 0.0283333 0.811523
7 0.666875 0.465 0.00625 0.0211111 0.788086
7 0.235625 0.503333 0.0075 0.0233333 0.78418
0 0.34875 0.340556 0.01875 0.0266667 0.78125
0 0.603438 0.308056 0.0275 0.0194444 0.779785
0 0.447188 0.355 0.025 0.0466667 0.779785
0 0.353125 0.311667 0.01375 0.0155555 0.771973
0 0.4825 0.321667 0.0175 0.0272222 0.767578
7 0.222188 0.517778 0.0075 0.0255555 0.751953
0 0.0601172 0.437222 0.0286719 0.0255556 0.730957
7 0.72375 0.400278 0.00499999 0.0183333 0.710449
0 0.494375 0.294444 0.01125 0.0177778 0.702637
0 0.88125 0.332778 0.0225 0.0188889 0.682617
7 0.925 0.457778 0.00499999 0.0188889 0.677246
2 0.253125 0.3575 0.0103125 0.0222222 0.672363
0 0.279375 0.36 0.025 0.0255556 0.672363
0 0.8175 0.328333 0.0425 0.0255556 0.651367
0 0.307031 0.34 0.01625 0.02 0.629883
0 0.545625 0.302778 0.0225 0.0177778 0.62793
7 0.729375 0.438889 0.00625 0.0188889 0.620605
7 0.749375 0.416111 0.00500005 0.0177778 0.616699
2 0.675 0.430833 0.02 0.0561111 0.608398
0 0.0223438 0.451667 0.0269141 0.0222222 0.594727
0 0.40875 0.322222 0.01375 0.0222222 0.592773
0 0.915 0.330556 0.01875 0.0144444 0.59082
0 0.949375 0.331111 0.02125 0.0166667 0.59082
0 0.479063 0.293889 0.01125 0.0166667 0.57959
7 0.678125 0.478333 0.00750001 0.025 0.577637
7 0.738125 0.428056 0.00499999 0.0211111 0.570801
5 0.515313 0.326944 0.031875 0.0416667 0.556641
2 0.164375 0.391667 0.00843751 0.0255556 0.507812
0 0.312344 0.326111 0.0159375 0.0188889 0.492188
0 0.117344 0.478333 0.0365625 0.0344444 0.449463
0 0.45375 0.317222 0.014375 0.0205556 0.44165
0 0.481563 0.316111 0.015625 0.0288889 0.424316
3 0.129688 0.413611 0.00593751 0.0272222 0.410156
0 0.388438 0.303333 0.011875 0.0166667 0.408203
0 0.456875 0.297222 0.01125 0.0155556 0.38501
0 0.483125 0.277222 0.00875003 0.0116667 0.383057
0 0.461875 0.295 0.01 0.015 0.348633
0 0.51125 0.269722 0.00812499 0.0133333 0.345215
3 0.65375 0.315556 0.00499999 0.0327778 0.336426
0 0.4125 0.311944 0.01375 0.0166667 0.324219
7 0.74625 0.398889 0.00500005 0.0166667 0.305664
3 0.66875 0.313611 0.00625 0.03 0.299072
5 0.4475 0.355278 0.025 0.0466667 0.286133
7 0.92375 0.466111 0.00499999 0.0194444 0.271973
0 0.4125 0.305556 0.011875 0.0161111 0.27124
2 0.623125 0.319444 0.025 0.0244444 0.267334
1 0.515313 0.328333 0.03125 0.0377778 0.265869
0 0.491875 0.270556 0.00750001 0.0105556 0.258301
0 0.00667481 0.453889 0.0132129 0.0244444 0.255371
0 0.45625 0.323333 0.01375 0.0233333 0.253906
0 0.49375 0.278333 0.00874999 0.0133333 0.252441
0 0.3875 0.300556 0.01125 0.0177778 0.250977
5 0.516875 0.314444 0.02875 0.0433333 0.250977
0 0.475938 0.28 0.00750001 0.0111111 0.248047
0 0.515 0.298889 0.01875 0.0188889 0.245117
0 0.455 0.309167 0.0125 0.0194444 0.242188
0 0.467813 0.280556 0.00812502 0.0144444 0.23938
0 0.395 0.314444 0.0125 0.0166667 0.23938
3 0.144063 0.405556 0.00562499 0.0311111 0.23938
0 0.433438 0.276667 0.00749998 0.0111111 0.237915
0 0.405625 0.3 0.01125 0.0166667 0.235107
0 0.50375 0.256111 0.00749998 0.0133333 0.230957
0 0.391875 0.294167 0.01125 0.0161111 0.229492
0 0.46 0.311111 0.01375 0.02 0.228149
7 0.68375 0.351667 0.00374997 0.0133334 0.226807
3 0.145078 0.408333 0.00531251 0.03 0.209473
7 0.0491406 0.478056 0.00515625 0.0183333 0.20813
0 0.41375 0.299444 0.010625 0.0166667 0.199341
3 0.0226563 0.469167 0.00824219 0.0283333 0.194946
0 0.498125 0.285556 0.01 0.015 0.191895
0 0.87875 0.335556 0.025 0.0211111 0.188354
2 0.0159473 0.471667 0.0113867 0.0311111 0.177246
2 0.67625 0.313889 0.00999997 0.0288889 0.174927
0 0.81375 0.330556 0.0375 0.0233333 0.173828
0 0.469063 0.271111 0.00687497 0.0111111 0.168335
0 0.46125 0.286667 0.00999997 0.0133333 0.164551
3 0.6675 0.312222 0.00499999 0.0255555 0.162354
6 0.625 0.319167 0.02875 0.0261111 0.154053
0 0.164375 0.468333 0.0375 0.0455556 0.150024
2 0.00299561 0.4725 0.00599121 0.0261111 0.140869
0 0.502188 0.280556 0.009375 0.0133333 0.134277
3 0.67 0.432778 0.0125 0.0511111 0.127686
3 0.169688 0.376111 0.005 0.0205556 0.126831
0 0.915 0.334444 0.02 0.0177778 0.125977
3 0.193125 0.371667 0.00562499 0.0233333 0.125488
3 0.191094 0.372222 0.0059375 0.0233333 0.124634
0 0.530625 0.298333 0.0125 0.0177778 0.121704
3 0.0101172 0.545 0.00613281 0.0222222 0.120422
0 0.48375 0.261111 0.00625 0.01 0.117981
0 0.387188 0.318333 0.0125 0.0177778 0.117554
0 0.418125 0.286667 0.00874999 0.0122222 0.117188
0 0.475 0.261667 0.00625 0.00888889 0.113586
3 0.215938 0.368056 0.004375 0.0261111 0.111633
3 0.0095459 0.472222 0.00954102 0.0266667 0.104858
3 0.675 0.431389 0.0125 0.0538889 0.102295
0 0.45125 0.317222 0.015 0.02 0.100891
0 0.51875 0.297222 0.02125 0.0222222 0.0987549
0 0.167031 0.474167 0.0390625 0.0505556 0.0970459
3 0.65375 0.3225 0.00499999 0.0238889 0.0953369
3 0.264063 0.334444 0.004375 0.0172222 0.0903931
3 0.68125 0.430833 0.01 0.0544444 0.0841675
7 0.67625 0.350556 0.00374997 0.0144444 0.0820923
0 0.89375 0.333333 0.03 0.0188889 0.081543
3 0.65125 0.313333 0.00499999 0.0244444 0.0792236
0 0.00977539 0.4475 0.0194727 0.0255555 0.0758667
0 0.37875 0.300556 0.01 0.0155555 0.0745239
0 0.494063 0.261667 0.00625 0.00888889 0.069519
2 0.195625 0.376667 0.005 0.0211111 0.0663452
3 0.219375 0.362778 0.004375 0.0177778 0.0653687
0 0.418125 0.308333 0.015 0.0166667 0.0618896
2 0.0343359 0.420556 0.00890625 0.0133333 0.0611877
0 0.413125 0.280556 0.00749998 0.0133333 0.0594177
0 0.312969 0.32 0.0146875 0.0144444 0.0594177
0 0.5125 0.271944 0.00812502 0.0138889 0.0574951
7 0.0228174 0.534444 0.00702149 0.0244445 0.0535889
1 0.51125 0.325 0.02375 0.0433333 0.0488586
7 0.7375 0.430556 0.00499999 0.02 0.0481262
0 0.406875 0.280556 0.00874999 0.0111111 0.0477905
0 0.365 0.298611 0.010625 0.0133333 0.0460205
0 0.5125 0.265 0.00625 0.0122222 0.0458679
0 0.88125 0.338611 0.02625 0.0272222 0.0456848
0 0.44875 0.267222 0.00625 0.0111111 0.0446777
2 0.135312 0.411667 0.004375 0.0266667 0.0432129
0 0.884375 0.333889 0.03 0.02 0.0427246
2 0.186719 0.371111 0.00718751 0.0233333 0.042572
0 0.5025 0.296111 0.01 0.0166667 0.0420837
0 0.00326172 0.422222 0.00652344 0.0155556 0.0417786
2 0.127969 0.4125 0.0075 0.0283333 0.0377502
3 0.134844 0.413333 0.004375 0.0277778 0.036499
0 0.0294336 0.423889 0.0178516 0.0155555 0.0354004
3 0.869375 0.308333 0.00500005 0.0188889 0.0352783
0 0.9525 0.332222 0.0275 0.0177778 0.032959
0 0.444375 0.263889 0.00625 0.0111111 0.0322266
3 0.127969 0.413333 0.0065625 0.0277778 0.0319824
0 0.38 0.290278 0.00687501 0.0127778 0.0319824
3 0.165781 0.375556 0.005 0.0227778 0.0305634
0 0.7775 0.327222 0.0375 0.0233333 0.0289764
0 0.524375 0.301111 0.01875 0.0188889 0.0287628
2 0.6775 0.314444 0.0175001 0.0277778 0.0284424
0 0.0183203 0.448611 0.0294531 0.0244444 0.0268555
0 0.488438 0.300278 0.01 0.0172222 0.0266571
0 0.4325 0.271667 0.00812499 0.01 0.026062
0 0.370625 0.301111 0.009375 0.0144444 0.0240479
3 0.68125 0.426111 0.01375 0.0527778 0.0239563
0 0.311875 0.322222 0.01625 0.0211111 0.0234222
0 0.425 0.279444 0.00749998 0.0133333 0.0231476
3 0.0149707 0.477222 0.00572266 0.0333333 0.0228882
0 0.388125 0.323333 0.01625 0.0222222 0.0223694
7 0.66625 0.353611 0.00374997 0.0133333 0.0215302
7 0.205469 0.386667 0.003125 0.0166667 0.021286
3 0.175 0.372222 0.004375 0.0177778 0.0206451
3 0.276094 0.332222 0.00531251 0.0166667 0.0202484
0 0.293906 0.349444 0.00874999 0.0177778 0.0191193
0 0.169844 0.462778 0.0409375 0.0455556 0.0188293
7 0.114531 0.423889 0.0034375 0.0122222 0.0183411
2 0.185781 0.3775 0.0078125 0.0227778 0.0180511
3 0.250313 0.349722 0.00562501 0.0261111 0.0165253
7 0.0564063 0.468889 0.00875 0.0194444 0.0161591
0 0.533125 0.264444 0.00750001 0.0122222 0.016098
2 0.246719 0.348333 0.00687501 0.0211111 0.0156708
0 0.323125 0.317778 0.009375 0.0133334 0.0151901
7 0.126563 0.435556 0.00437501 0.00999999 0.0147858
3 0.67625 0.316667 0.00625 0.0311111 0.014389
0 0.420625 0.2975 0.00999997 0.0188889 0.0143356
0 0.395625 0.283333 0.00874999 0.0133333 0.0142288
2 0.63125 0.311667 0.01625 0.02 0.014061
7 0.235 0.366667 0.00406249 0.0144444 0.0139542
7 0.709375 0.402778 0.00499999 0.02 0.0139542
0 0.88375 0.340556 0.035 0.0277778 0.0139008
3 0.255938 0.330833 0.005 0.0166667 0.0136871
7 0.0635938 0.469444 0.00421875 0.0155556 0.0136871
7 0.670625 0.471111 0.00625 0.0277778 0.0135345
0 0.924375 0.332778 0.02875 0.0172222 0.0130234
3 0.204063 0.366667 0.00375001 0.0183333 0.0128708
3 0.67625 0.309444 0.00750001 0.0288889 0.0125275
7 0.7275 0.439722 0.00625 0.0188889 0.012146
3 0.685 0.294444 0.00499999 0.0144444 0.0116425
7 0.68375 0.335556 0.00500005 0.0166667 0.0115967
2 0.114688 0.386944 0.00453125 0.0138889 0.0114212
0 0.4825 0.327778 0.019375 0.03 0.0113754
3 0.209375 0.372778 0.00625 0.0177778 0.0109863
3 0.689375 0.307778 0.00499999 0.0177778 0.0109024
2 0.252969 0.362222 0.0115625 0.0311111 0.00978088
2 0.06625 0.406111 0.00609375 0.0155556 0.00959778
3 0.175938 0.381111 0.004375 0.0222222 0.00952148
3 0.0293555 0.474444 0.00679688 0.0288889 0.00857544
2 0.246094 0.336944 0.004375 0.0155556 0.00834656
0 0.820625 0.324444 0.03375 0.0233333 0.00828552
0 0.92125 0.335556 0.03125 0.0172222 0.00800323
2 0.575625 0.315 0.00499999 0.0144444 0.00787354
7 0.685 0.358889 0.00250003 0.0177778 0.0077858
3 0.655625 0.305 0.00500005 0.0227778 0.00769424
2 0.269375 0.343333 0.00687502 0.0172222 0.00763702
0 0.4525 0.261667 0.00625 0.00944446 0.00754929
2 0.06875 0.410833 0.0078125 0.0155555 0.00746155
2 0.284375 0.326944 0.00687501 0.0177778 0.00743103
0 0.516875 0.333889 0.0275 0.0322222 0.00737381
0 0.81625 0.335 0.0425001 0.0322222 0.00737381
7 0.155156 0.420556 0.00390625 0.0105555 0.00706482
0 0.3025 0.336111 0.016875 0.02 0.00666809
0 0.530938 0.267778 0.009375 0.0144444 0.0064888
3 0.124453 0.386944 0.00421875 0.0133333 0.0064621
3 0.189531 0.409444 0.00562501 0.0244444 0.00629044
0 0.87375 0.357778 0.025 0.0266667 0.00621796
7 0.9275 0.453333 0.00499999 0.0183333 0.00619125
7 0.170469 0.406111 0.0046875 0.0222222 0.005867
3 0.204063 0.355 0.00437501 0.0183333 0.00566483
2 0.91375 0.321667 0.0125 0.0211111 0.0055542
0 0.0615234 0.428333 0.0225781 0.0188889 0.00534439
0 0.44875 0.3 0.00999997 0.0155556 0.00518036
0 0.0542969 0.430278 0.0240625 0.025 0.00502014
3 0.86625 0.311667 0.00500005 0.0166667 0.00498199
3 0.147891 0.408333 0.00593751 0.0233333 0.0049057
2 0.569375 0.308889 0.00999997 0.02 0.00488663
7 0.224219 0.367222 0.00374999 0.0144444 0.00479126
3 0.66625 0.307222 0.00499999 0.0255556 0.00475693
0 0.549375 0.396111 0.034375 0.0466667 0.00475693
0 0.113047 0.488333 0.0426563 0.0522222 0.00468063
3 0.00343262 0.480833 0.00584961 0.0261111 0.00431442
2 0.143594 0.397222 0.00531251 0.0277778 0.00428009
2 0.636563 0.303889 0.00812499 0.02 0.00426483
0 0.0106348 0.421389 0.0186523 0.015 0.00403976
7 0.755 0.417778 0.00499999 0.0177778 0.00385475
3 0.0259375 0.478333 0.006875 0.0333334 0.00385475
0 0.95 0.34 0.0225 0.0222222 0.00376511
2 0.074375 0.405 0.00484375 0.0166667 0.00376511
0 0.23125 0.384444 0.015625 0.0233333 0.00374985
7 0.666875 0.360556 0.00499999 0.0166667 0.00370789
0 0.8925 0.341111 0.0325 0.0244444 0.00365067
7 0.7075 0.398611 0.00499999 0.0183333 0.00365067
3 0.214375 0.356111 0.00406251 0.0211111 0.00359344
7 0.65125 0.333333 0.00250003 0.0177778 0.00351143
7 0.66625 0.320556 0.00250003 0.0255555 0.00341606
3 0.695 0.291667 0.00499999 0.0166667 0.00340271
7 0.669375 0.339444 0.00499999 0.0188889 0.00337601
0 0.035293 0.538889 0.0342578 0.0533334 0.00331116
3 0.69375 0.449444 0.00750001 0.0611111 0.00328636
0 0.9175 0.340833 0.0275 0.0227778 0.00327301
3 0.684375 0.284722 0.00499999 0.0172222 0.00324821
0 0.12 0.488611 0.0425 0.0494444 0.00322342
0 0.523125 0.327222 0.026875 0.0333333 0.00321007
2 0.703125 0.299444 0.00625 0.0155556 0.00312424
3 0.71 0.382222 0.00750001 0.0444444 0.00312424
3 0.695 0.441667 0.00999997 0.0622222 0.00307465
0 0.788125 0.332222 0.0550001 0.0261111 0.00302696
3 0.139688 0.414444 0.00593751 0.0333333 0.00301552
0 0.35375 0.302222 0.0125 0.0144444 0.00298119
7 0.933125 0.469444 0.00625 0.0277777 0.00298119
7 0.74625 0.420556 0.00374997 0.0144444 0.00293541
0 0.95875 0.341389 0.0275 0.0255555 0.00284576
7 0.721875 0.450556 0.00750001 0.0205555 0.00273705
0 0.282656 0.348333 0.0209375 0.0233333 0.00273705
0 0.26625 0.356111 0.00562501 0.0288889 0.0026722
0 0.95 0.323889 0.02 0.0266667 0.00253105
0 0.320625 0.325556 0.011875 0.0177778 0.00253105
0 0.00517578 0.553333 0.0100391 0.0388889 0.00247192
0 0.0191699 0.434722 0.0160352 0.0216667 0.00247192
0 0.535 0.396667 0.0225 0.0455556 0.0024147
7 0.243125 0.497778 0.00562499 0.0188889 0.00240517
7 0.00815918 0.544444 0.00735352 0.02 0.00225258
0 0.165938 0.452222 0.0428125 0.0561111 0.00221634
2 0.715 0.3875 0.00999997 0.0366667 0.00219917
2 0.566875 0.311111 0.00812499 0.0155556 0.00219154
3 0.70375 0.335 0.00750001 0.0222222 0.00218201
3 0.225313 0.351667 0.00374999 0.0138889 0.00218201
0 0.52625 0.282778 0.01 0.0166667 0.00215721
3 0.86625 0.301389 0.00500005 0.0172222 0.00209999
0 0.0589844 0.43 0.025 0.0222222 0.00205803
0 0.9125 0.3425 0.0225 0.0211111 0.00191212
3 0.155469 0.370833 0.00406251 0.0194444 0.00188923
0 0.119219 0.467222 0.0428125 0.0588889 0.00186729
7 0.69 0.339167 0.00749995 0.0216667 0.00185299
0 0.537813 0.291111 0.011875 0.0166667 0.00177479
0 0.444688 0.272778 0.00750001 0.0122222 0.0016613
0 0.9225 0.342222 0.03125 0.0238889 0.00162315
2 0.248281 0.363889 0.0109375 0.0211111 0.00162315
2 0.72375 0.393333 0.00499999 0.0266667 0.00159168
3 0.209063 0.35 0.0075 0.0311111 0.00157356
