0 0.101875 0.86 0.177188 0.28 0.962402
0 0.270469 0.845556 0.183438 0.308889 0.960449
0 0.7575 0.823333 0.19 0.351111 0.95752
0 0.23 0.372778 0.0753125 0.114444 0.955078
0 0.230625 0.545694 0.125625 0.204167 0.95166
0 0.115488 0.600556 0.125898 0.203333 0.949707
0 0.489688 0.464167 0.09375 0.188333 0.946777
0 0.865625 0.372778 0.09375 0.132222 0.946289
0 0.312344 0.341111 0.0903125 0.127778 0.939453
0 0.283906 0.173333 0.038125 0.05 0.911621
0 0.0270508 0.432222 0.0541016 0.113333 0.898926
0 0.495625 0.115243 0.02875 0.040625 0.897461
0 0.156875 0.285 0.0546875 0.0755556 0.891602
0 0.44375 0.128333 0.030625 0.0455556 0.890137
0 0.531563 0.0671528 0.021875 0.0304167 0.878418
0 0.545313 0.131944 0.0375 0.0508333 0.877441
0 0.0851758 0.254722 0.0349609 0.0355556 0.874023
0 0.336875 0.111528 0.025 0.0338889 0.868652
0 0.496875 0.0565972 0.0175 0.0231944 0.868164
0 0.463125 0.0784028 0.02125 0.0295833 0.853027
0 0.4025 0.0647917 0.015 0.0208333 0.838867
0 0.37125 0.0793056 0.02125 0.0291667 0.822266
2 0.935625 0.298889 0.02625 0.0727778 0.815918
0 0.341875 0.0702778 0.015 0.01875 0.812988
0 0.504688 0.0854861 0.021875 0.0301389 0.800781
0 0.269375 0.11559 0.0215625 0.0232639 0.796875
3 0.223438 0.2725 0.015625 0.0644445 0.791992
0 0.516875 0.0466667 0.01625 0.0255556 0.785156
0 0.163594 0.247778 0.0509375 0.0655555 0.779785
2 0.924375 0.219722 0.01375 0.0588889 0.778809
0 0.77 0.0634028 0.03875 0.0258333 0.774414
0 0.263438 0.158889 0.035 0.0494444 0.769043
3 0.893125 0.204861 0.01125 0.0608333 0.767578
7 0.25625 0.265556 0.00687499 0.0222222 0.760742
0 0.179688 0.164167 0.03125 0.0288889 0.759277
2 0.9475 0.191667 0.0125 0.0452778 0.747559
0 0.539375 0.0307639 0.015 0.0197222 0.737305
7 0.242813 0.282222 0.0075 0.0233333 0.729492
0 0.42125 0.06 0.015 0.0222222 0.720215
0 0.778125 0.0509549 0.03125 0.0269792 0.710449
0 0.494375 0.0315972 0.0125 0.0213889 0.705566
0 0.85875 0.0802083 0.0325 0.0248611 0.700684
0 0.705625 0.0421007 0.035 0.0205208 0.692871
2 0.750625 0.117361 0.015 0.0463889 0.692871
0 0.465938 0.058125 0.01625 0.02125 0.686035
0 0.93375 0.0943056 0.0225 0.0191667 0.647949
0 0.9025 0.085 0.02625 0.02 0.645996
7 0.743125 0.173333 0.00625 0.0211111 0.645996
3 0.7125 0.1725 0.01 0.0661111 0.62793
3 0.8675 0.1575 0.00999997 0.0472222 0.608398
2 0.65125 0.0414062 0.00999997 0.0230208 0.596191
0 0.404375 0.0458333 0.01125 0.0177778 0.592773
0 0.391875 0.0534722 0.01125 0.0172222 0.583008
0 0.430625 0.0545139 0.013125 0.0209722 0.583008
5 0.433438 0.0117361 0.01125 0.0180556 0.57959
1 0.516875 0.0194792 0.015 0.0311806 0.57959
0 0.386563 0.0430556 0.009375 0.0133333 0.562012
0 0.37375 0.0627083 0.016875 0.0208333 0.560059
3 0.00921875 0.350833 0.0071875 0.0338889 0.540039
0 0.9625 0.0990278 0.0225 0.0211111 0.535156
0 0.323203 0.0810417 0.0148438 0.0206944 0.527344
7 0.750625 0.163056 0.00499999 0.0191667 0.5
2 0.133125 0.188056 0.00562499 0.0216667 0.470703
0 0.4825 0.02375 0.00874999 0.0133333 0.462891
7 0.704375 0.079375 0.00374997 0.0119444 0.44165
0 0.47375 0.0284375 0.00999997 0.0109722 0.435791
0 0.412813 0.0530556 0.013125 0.0213889 0.430176
0 0.397188 0.0322222 0.00812499 0.0127778 0.424316
0 0.4675 0.0545833 0.015 0.0208333 0.416748
0 0.373125 0.0592361 0.014375 0.0180556 0.405518
0 0.47125 0.0394444 0.0125 0.0177778 0.388672
0 0.534688 0.0120833 0.00874999 0.0134722 0.381104
2 0.024458 0.361111 0.015459 0.0466667 0.379395
7 0.755 0.158611 0.00499999 0.0188889 0.377441
7 0.0648828 0.298889 0.00445313 0.0133333 0.359375
2 0.023208 0.323611 0.011084 0.0305556 0.357666
0 0.8525 0.0791667 0.035 0.025 0.343262
7 0.143828 0.211944 0.00421875 0.0138889 0.343262
2 0.0340234 0.346111 0.0202344 0.0366667 0.343262
2 0.212188 0.149583 0.0065625 0.0202778 0.338135
0 0.339375 0.0709722 0.015 0.0191667 0.337158
0 0.377188 0.0445139 0.009375 0.0130556 0.32251
2 0.65 0.045434 0.00750001 0.0238542 0.320068
0 0.41375 0.0263194 0.00750001 0.0106944 0.307373
2 0.253594 0.131111 0.015625 0.0283333 0.286133
0 0.40875 0.0561111 0.01375 0.0218056 0.284668
0 0.433125 0.0302083 0.00999997 0.0163889 0.276611
7 0.67125 0.0513889 0.00250003 0.0120833 0.276611
0 0.426875 0.0501389 0.0125 0.0208333 0.270508
7 0.7675 0.131528 0.00499999 0.0183333 0.263672
0 0.505 0.00944444 0.00625 0.0116667 0.26123
0 0.36875 0.0623611 0.0175 0.0197222 0.252441
0 0.494375 0.0222917 0.01 0.0126389 0.2323
0 0.32125 0.0848611 0.016875 0.0194444 0.226807
0 0.372813 0.0729861 0.02 0.0263889 0.219971
2 0.25125 0.128333 0.018125 0.0275 0.21936
7 0.16375 0.204722 0.00374999 0.0125 0.216675
2 0.61625 0.0280208 0.00437501 0.0159722 0.213379
2 0.036582 0.347778 0.0146484 0.0422222 0.206909
2 0.0308154 0.355 0.0225879 0.0477778 0.199951
0 0.49875 0.0513889 0.0175 0.0222222 0.196777
2 0.75625 0.0337847 0.00499999 0.0161806 0.193726
0 0.483438 0.01375 0.00812502 0.0105556 0.190063
2 0.835 0.0584722 0.0137499 0.0222222 0.171631
2 0.0300391 0.364444 0.0236719 0.0544445 0.170532
2 0.835 0.0534722 0.00999997 0.0219444 0.160767
7 0.766875 0.133194 0.00499999 0.0183333 0.158691
0 0.86125 0.0769444 0.0325 0.0261111 0.146606
0 0.406875 0.0306944 0.00874999 0.00944444 0.14563
0 0.4525 0.00986111 0.00687501 0.00840278 0.141724
0 0.44625 0.0129167 0.00562499 0.0106944 0.141235
7 0.75375 0.1625 0.00499999 0.0194444 0.138428
0 0.858125 0.0743056 0.0325 0.0216667 0.135254
0 0.490625 0.0431771 0.01375 0.0217014 0.130737
0 0.365 0.0531944 0.01125 0.0147222 0.124634
3 0.0140527 0.330833 0.00650391 0.0272222 0.118774
7 0.59375 0.0454167 0.00375004 0.0120833 0.117981
0 0.805 0.0752083 0.0375 0.0223611 0.117188
0 0.492813 0.0128472 0.00687501 0.0109028 0.114746
2 0.00846802 0.35 0.00861084 0.0344444 0.111267
7 0.94375 0.218056 0.00499999 0.0166667 0.10968
2 0.0207227 0.325278 0.0169141 0.0305556 0.103027
7 0.70125 0.0771528 0.00499999 0.0161111 0.0917358
0 0.43 0.0338194 0.01125 0.0176389 0.0891113
0 0.36 0.0615278 0.01125 0.0161111 0.0881958
0 0.9025 0.0907639 0.03 0.0247222 0.0872803
3 0.229063 0.130833 0.00437501 0.0211111 0.0800781
0 0.25125 0.127917 0.020625 0.0275 0.0797729
3 0.0228857 0.356667 0.0133691 0.0472222 0.0755615
7 0.7025 0.198056 0.00749995 0.0255556 0.0742188
3 0.00748169 0.352222 0.00724365 0.0333333 0.0731812
5 0.516875 0.0211806 0.015625 0.0275 0.0731812
2 0.0110181 0.273333 0.00866699 0.02 0.0703125
2 0.0127344 0.351667 0.00824219 0.0333333 0.0687866
7 0.043125 0.364722 0.00546875 0.0222222 0.0673218
7 0.765 0.150833 0.00500005 0.0144444 0.0648804
3 0.2225 0.274444 0.011875 0.0544445 0.0630493
2 0.65 0.0440972 0.01 0.0230556 0.0611877
0 0.534375 0.0197917 0.0125 0.0176389 0.0605164
7 0.70125 0.199583 0.00750001 0.0236111 0.0592041
2 0.207188 0.150417 0.015 0.0219444 0.0589905
2 0.8325 0.0547917 0.0125 0.0256944 0.0589905
2 0.72625 0.0353472 0.00499999 0.0161111 0.058136
7 0.69 0.187222 0.00500005 0.0233333 0.0568542
0 0.410625 0.0238194 0.00874999 0.01125 0.0526123
0 0.498438 0.00496528 0.00812502 0.00993056 0.0505066
7 0.14375 0.218889 0.0046875 0.0133333 0.0495911
3 0.00916016 0.358889 0.00789062 0.0416667 0.0492249
3 0.141406 0.212778 0.005 0.0191667 0.0484009
7 0.0766406 0.293889 0.00453125 0.0122222 0.0453491
0 0.50125 0.0893056 0.025 0.0302778 0.0448608
3 0.0134375 0.353889 0.00568359 0.0322222 0.044342
0 0.504375 0.0346528 0.01125 0.02 0.0438538
3 0.215625 0.270069 0.018125 0.0598611 0.0411377
0 0.90125 0.0820139 0.02625 0.0226389 0.0383911
0 0.315313 0.0893056 0.015 0.0169444 0.037323
2 0.00649292 0.347222 0.00955322 0.0377778 0.0342407
2 0.753125 0.111701 0.015 0.044375 0.0335999
0 0.341563 0.0736111 0.015 0.0213889 0.0309143
0 0.809375 0.0734722 0.0325 0.0227778 0.0309143
0 0.514375 0.0475 0.015 0.0231944 0.0302124
7 0.774375 0.147222 0.00500005 0.0161111 0.0299835
7 0.0686719 0.298333 0.00453125 0.0177778 0.0283356
0 0.430938 0.0172222 0.009375 0.0111111 0.0278015
7 0.585938 0.0454167 0.00375004 0.0108333 0.0265503
2 0.92875 0.298333 0.00999997 0.07 0.025177
7 0.168125 0.1975 0.00562499 0.0122222 0.0246124
2 0.57 0.0238889 0.00999997 0.01375 0.0239563
7 0.0960938 0.273333 0.005625 0.0144444 0.0237732
5 0.85 0.0652778 0.0475 0.0369444 0.0228882
7 0.7 0.197778 0.00750001 0.0388889 0.0219421
2 0.93875 0.288611 0.015 0.07 0.0217743
5 0.0044873 0.266667 0.00897461 0.0288889 0.0211182
2 0.114688 0.190278 0.008125 0.0211111 0.0209656
7 0.67375 0.0497222 0.00375004 0.0101389 0.0208893
0 0.38375 0.0606944 0.0125 0.0172222 0.0207977
0 0.0176367 0.42 0.0351953 0.08 0.0204163
0 0.459375 0.00402778 0.00625 0.00805556 0.0195618
7 0.123594 0.218333 0.00437501 0.0197222 0.0194244
2 0.0389648 0.346111 0.0126172 0.0388889 0.0191193
0 0.96375 0.107222 0.025 0.0255556 0.0178528
0 0.00429199 0.276667 0.0084668 0.0211111 0.0177765
5 0.79375 0.0596528 0.0500001 0.0372222 0.0170441
2 0.023418 0.371667 0.0202734 0.05 0.0168457
2 0.0134351 0.266667 0.00715332 0.0177778 0.0166626
2 0.8275 0.0661111 0.02 0.0201389 0.0158997
0 0.47 0.0351389 0.0125 0.02 0.0158386
0 0.4025 0.0698611 0.01625 0.0286111 0.0151291
0 0.160469 0.2575 0.0459375 0.0522222 0.0150757
3 0.133438 0.182917 0.005625 0.0263889 0.0149536
0 0.821875 0.0751389 0.02625 0.0245833 0.0145569
0 0.193125 0.164444 0.008125 0.0294444 0.0142288
3 0.9375 0.271667 0.01375 0.0427778 0.0141144
0 0.478125 0.0149306 0.00749998 0.0116667 0.0139008
2 0.795 0.0770833 0.00999997 0.0248611 0.0134277
7 0.0853125 0.277222 0.005 0.0183333 0.0133743
7 0.285625 0.115035 0.00437501 0.0160417 0.0132217
0 0.4725 0.0232986 0.00874999 0.0125 0.0132217
7 0.237031 0.288611 0.0065625 0.0205556 0.0129242
3 0.71 0.169167 0.0125 0.07 0.012291
2 0.69 0.0461285 0.00500005 0.0210764 0.0120544
2 0.603438 0.03375 0.00499999 0.0194444 0.0119629
3 0.97 0.164722 0.00499999 0.0288889 0.0116882
7 0.94875 0.293611 0.00999997 0.0638889 0.0114212
3 0.85375 0.0479861 0.00625 0.0184722 0.0111618
7 0.665625 0.0491667 0.00249996 0.00916667 0.0110321
0 0.45 0.0160417 0.00687501 0.0116667 0.0108185
7 0.73 0.122222 0.00625 0.0266667 0.0108185
0 0.97625 0.112917 0.0125 0.0188889 0.0105667
0 0.9425 0.0980556 0.025 0.0216667 0.01017
3 0.00654297 0.369444 0.00988281 0.0533333 0.0101318
0 0.33625 0.0979861 0.025 0.0295833 0.0100937
0 0.78 0.0675 0.04 0.0258333 0.00941467
2 0.125703 0.1925 0.00515625 0.0183333 0.00937653
0 0.995625 0.125833 0.00874996 0.0241667 0.00933838
0 0.77125 0.0678472 0.04125 0.0320833 0.00923157
0 0.153281 0.253889 0.03125 0.0472222 0.00908661
7 0.936875 0.302222 0.0225 0.0666667 0.00901794
0 0.931875 0.0916667 0.02125 0.0205556 0.00888062
7 0.252813 0.266667 0.00843751 0.025 0.00881195
0 0.00527344 0.421111 0.0105469 0.0622222 0.00861359
3 0.9375 0.291111 0.0225 0.0666667 0.0078125
2 0.926875 0.221111 0.0175 0.0580556 0.0077858
0 0.50125 0.0820833 0.02 0.035 0.00763702
7 0.155938 0.209444 0.00374999 0.0116667 0.00746155
2 0.92875 0.233333 0.015 0.0572222 0.00740433
7 0.305781 0.09625 0.00437501 0.0144444 0.00731659
7 0.7675 0.126667 0.00499999 0.0233333 0.00695801
3 0.0842969 0.21125 0.00484374 0.0152778 0.00682449
0 0.568438 0.0251389 0.01125 0.0131944 0.0064888
2 0.58375 0.0116667 0.00562503 0.0140278 0.00609589
3 0.131875 0.188611 0.00578125 0.0216667 0.00609589
2 0.83 0.0504167 0.0125 0.025 0.00602722
2 0.2125 0.145833 0.00562501 0.0227778 0.00602722
5 0.815625 0.055 0.0500001 0.0330556 0.00584412
0 0.96125 0.0910417 0.02 0.0213889 0.00582123
2 0.74375 0.119965 0.025 0.0411806 0.00548935
5 0.00394775 0.253403 0.00789551 0.0331944 0.00540543
3 0.295781 0.102083 0.00406253 0.0141667 0.00526047
0 0.53875 0.00572917 0.00750001 0.0114583 0.0050621
5 0.84125 0.05875 0.0225 0.0333333 0.00502014
3 0.235156 0.126111 0.00374999 0.0225 0.00498199
0 0.995 0.132222 0.00999997 0.0283333 0.00494385
0 0.54375 0.0110417 0.00750001 0.00888889 0.00479126
3 0.88375 0.0597222 0.00499999 0.0175 0.00460815
7 0.94 0.210139 0.00499999 0.0266667 0.00445175
2 0.8825 0.0534722 0.00750001 0.0180556 0.00419998
3 0.234531 0.135 0.00406249 0.0222222 0.00415039
0 0.8975 0.0870833 0.0300001 0.0208333 0.00413513
2 0.86875 0.157222 0.0125 0.0477778 0.00403976
0 0.824375 0.87 0.05875 0.258889 0.00382423
3 0.735 0.033125 0.00499999 0.0163889 0.00376511
3 0.275313 0.0895833 0.00687501 0.0194445 0.00362206
0 0.5375 0.0380382 0.01375 0.0236458 0.00359344
2 0.204063 0.145556 0.01625 0.0227778 0.00359344
0 0.319375 0.0919444 0.018125 0.0202778 0.00351143
7 0.693125 0.187917 0.00500005 0.0202778 0.00348282
3 0.28375 0.103194 0.00562499 0.0147222 0.00342941
0 0.985 0.119722 0.0125 0.0172222 0.00337601
0 0.418125 0.0650694 0.01625 0.0252778 0.00329781
3 0.226406 0.268889 0.0196875 0.0583333 0.00325966
7 0.6875 0.0786111 0.00499999 0.0122222 0.00322342
5 0.430625 0.0145139 0.0125 0.0144444 0.00319672
2 0.87625 0.0527083 0.00750001 0.0194444 0.00305176
2 0.79375 0.0847917 0.015 0.03375 0.00305176
2 0.601875 0.0408507 0.00874996 0.0210764 0.00298119
7 0.590313 0.0495833 0.00437501 0.015 0.00296974
2 0.738125 0.119444 0.0125 0.0372222 0.00282288
2 0.64875 0.036875 0.01 0.0220833 0.00281143
7 0.955 0.158056 0.00250003 0.0161111 0.00279999
3 0.989375 0.211806 0.00875003 0.0663889 0.00279999
3 0.205156 0.176667 0.0090625 0.0405556 0.00276756
0 0.975 0.104028 0.025 0.0202778 0.00273705
3 0.2025 0.16375 0.015625 0.0366667 0.00269318
3 0.214063 0.243889 0.0125 0.0583333 0.00268364
3 0.0760938 0.224028 0.0065625 0.0169444 0.00261116
7 0.0557813 0.309722 0.00375 0.0122222 0.00261116
0 0.964375 0.0929167 0.0225 0.0258333 0.00259018
0 0.463125 0.0579167 0.01875 0.0283333 0.0024929
0 0.935 0.105417 0.03125 0.035 0.00239754
3 0.304844 0.0883333 0.00500002 0.0163889 0.00236893
7 0.104063 0.225833 0.00515625 0.0144444 0.00235939
3 0.7075 0.162778 0.0125 0.0705556 0.00230598
0 0.00342041 0.286667 0.00684082 0.0255556 0.00228691
2 0.111094 0.194444 0.00875 0.0166667 0.00224304
3 0.61 0.0273611 0.00437501 0.0186111 0.00214005
7 0.0427344 0.320556 0.00554687 0.0188889 0.00203514
7 0.18375 0.331111 0.00718749 0.0222222 0.00200272
0 0.0417285 0.385 0.0182617 0.0305556 0.00200272
3 0.210313 0.266736 0.0134375 0.0665278 0.0019722
3 0.89 0.06375 0.00750001 0.0263889 0.00194168
0 0.0201611 0.245278 0.0153809 0.0194445 0.00186729
7 0.0542188 0.349167 0.00664063 0.0255556 0.00182438
5 0.79875 0.0623611 0.0725 0.0394444 0.00178242
7 0.08375 0.292222 0.0046875 0.0111111 0.00173378
3 0.0357031 0.262222 0.00660156 0.0211111 0.00168705
2 0.57625 0.0133333 0.00499999 0.0122222 0.00162315
3 0.579375 0.00649306 0.00499999 0.0129861 0.00162315
3 0.144063 0.170556 0.005 0.015 0.00161076
3 0.91125 0.212778 0.0125 0.0511111 0.00156689
