0 0.47875 0.572361 0.06625 0.1175 0.920898
0 0.42125 0.478611 0.04875 0.0816666 0.905273
0 0.0817969 0.435 0.0364062 0.0294444 0.847168
0 0.0945313 0.407222 0.0271875 0.0211111 0.822266
0 0.7825 0.320556 0.03625 0.0244445 0.817383
0 0.303125 0.342222 0.019375 0.0222222 0.813965
5 0.400313 0.303889 0.021875 0.0388889 0.799316
7 0.235625 0.505 0.00687501 0.0233333 0.782715
0 0.363125 0.327778 0.0175 0.0266667 0.779785
0 0.734375 0.329444 0.03875 0.0272222 0.779785
5 0.379688 0.302222 0.015 0.03 0.769043
0 0.4025 0.325833 0.0175 0.0227778 0.762207
5 0.219844 0.375556 0.093125 0.0722222 0.750488
1 0.855625 0.319722 0.08125 0.0538889 0.73877
0 0.0154395 0.466667 0.0308008 0.0361111 0.723145
0 0.344063 0.328333 0.014375 0.0222222 0.710449
7 0.0242383 0.528611 0.00589844 0.0216667 0.704102
0 0.725 0.324167 0.04 0.0277778 0.695801
2 0.0200195 0.501667 0.0198047 0.0377778 0.682617
2 0.57375 0.317222 0.0125 0.0244444 0.660156
7 0.22375 0.518889 0.009375 0.0266667 0.660156
7 0.72875 0.439167 0.00499999 0.0183333 0.658203
7 0.75 0.415556 0.00499999 0.0172222 0.651367
7 0.72375 0.402222 0.00499999 0.0188889 0.645996
7 0.6675 0.463889 0.00625 0.0233333 0.616699
2 0.0355078 0.472222 0.0144531 0.0344445 0.598145
0 0.7 0.312778 0.035 0.0222222 0.594727
0 0.00900879 0.439722 0.0176465 0.0255556 0.588867
7 0.73875 0.423611 0.00499999 0.0216667 0.558105
0 0.378125 0.318889 0.01375 0.0233333 0.556641
7 0.67875 0.480278 0.00750001 0.025 0.542969
0 0.88375 0.34 0.0425 0.0233333 0.53125
0 0.4825 0.274444 0.00750001 0.0111111 0.529297
0 0.6075 0.310833 0.0325 0.025 0.500977
0 0.329063 0.332778 0.015 0.0222222 0.5
0 0.388125 0.315556 0.010625 0.0188889 0.428223
2 0.615625 0.3125 0.01125 0.025 0.403564
2 0.0300977 0.474444 0.019375 0.0355556 0.365723
3 0.222813 0.490556 0.0128125 0.0588889 0.329346
0 0.446875 0.266944 0.00874999 0.0105555 0.326904
0 0.355625 0.318056 0.0125 0.0155556 0.303955
7 0.685 0.352778 0.00250003 0.0133333 0.303955
0 0.484375 0.261667 0.00625 0.0122222 0.282959
0 0.426875 0.280556 0.00750001 0.0122222 0.269043
0 0.4325 0.278056 0.00687501 0.0116667 0.255371
2 0.596875 0.310556 0.01 0.0238889 0.255371
7 0.746875 0.401111 0.00499999 0.0177778 0.226807
0 0.0099707 0.448333 0.0199023 0.0233333 0.220703
7 0.635 0.33 0.00250003 0.0111111 0.217285
0 0.25125 0.363889 0.029375 0.0366667 0.204956
7 0.0505469 0.480556 0.004375 0.0166666 0.197388
0 0.0117773 0.462778 0.0233984 0.0327778 0.196777
7 0.126563 0.422778 0.00421875 0.0111111 0.184204
0 0.364063 0.315 0.013125 0.0177778 0.182373
5 0.7 0.313333 0.03375 0.025 0.180664
7 0.145859 0.417778 0.00421875 0.0122222 0.15979
7 0.0654688 0.475556 0.00421875 0.0122222 0.15564
7 0.0103516 0.543333 0.00654297 0.0222222 0.15564
2 0.6175 0.311667 0.015625 0.0266667 0.14563
0 0.369375 0.305556 0.01 0.0222222 0.144165
0 0.495 0.2625 0.00625 0.00944443 0.134766
0 0.473125 0.269722 0.00874999 0.0105555 0.127686
7 0.73625 0.427778 0.00499999 0.0211111 0.10968
0 0.344375 0.330556 0.0175 0.0233333 0.100159
0 0.411875 0.281667 0.00874999 0.0111111 0.0980835
0 0.342188 0.322222 0.01375 0.02 0.0943604
0 0.875 0.337222 0.03625 0.0188889 0.0888062
0 0.41125 0.292778 0.01125 0.0166667 0.0853882
0 0.98375 0.336111 0.03 0.0216667 0.076416
0 0.0591406 0.424444 0.018125 0.0216667 0.0639648
0 0.42375 0.293333 0.00999997 0.0166667 0.0630493
0 0.386875 0.321667 0.01375 0.0222222 0.0587769
5 0.398438 0.307778 0.02125 0.03 0.0568542
0 0.475625 0.264167 0.00625 0.0111111 0.0552063
0 0.32875 0.338056 0.01625 0.0261111 0.0545959
7 0.75375 0.417222 0.00499999 0.0177778 0.049408
0 0.420938 0.283333 0.00749998 0.0144444 0.0462036
7 0.129766 0.414167 0.0028125 0.0122222 0.0422363
7 0.744375 0.421667 0.00499999 0.0166667 0.041626
2 0.226563 0.488889 0.02375 0.0566667 0.0414734
7 0.054375 0.475 0.00515625 0.0166666 0.0394897
2 0.735 0.301667 0.00625 0.0166667 0.0377502
0 0.0914844 0.411111 0.0223437 0.0233333 0.0370483
7 0.70875 0.404444 0.00500005 0.0188889 0.0333252
3 0.225625 0.486111 0.018125 0.0544445 0.0322266
0 0.445625 0.265556 0.00750001 0.0122222 0.0302124
7 0.67375 0.331111 0.00499999 0.0133333 0.0301056
0 0.47375 0.271944 0.00750001 0.0133334 0.0298767
7 0.0124512 0.539861 0.00666016 0.0180556 0.0298767
0 0.359063 0.326944 0.0175 0.025 0.0289764
0 0.354375 0.309444 0.0125 0.0166667 0.028656
0 0.733125 0.325278 0.03625 0.0255556 0.0283356
0 0.728125 0.327778 0.04375 0.0288889 0.0273743
0 0.2475 0.368056 0.038125 0.0455555 0.0264587
0 0.87625 0.336667 0.0425 0.0238889 0.0261536
0 0.378125 0.2925 0.01125 0.0172222 0.023819
7 0.0158594 0.525833 0.00503906 0.0238889 0.0226288
0 0.428438 0.273333 0.00687497 0.0111111 0.0222931
0 0.415625 0.315556 0.01 0.0166667 0.021286
7 0.65375 0.330833 0.00374997 0.0111111 0.0209656
7 0.7275 0.443333 0.00625 0.0211111 0.0205688
7 0.733125 0.433333 0.00499999 0.0177778 0.0204926
0 0.527188 0.276667 0.00687501 0.00999999 0.0177765
2 0.0362109 0.470833 0.0203906 0.0338889 0.0162811
0 0.9875 0.334444 0.0249999 0.0238889 0.0159607
7 0.62375 0.323333 0.00375004 0.0194444 0.0152512
7 0.0448438 0.488333 0.0046875 0.0166667 0.0151901
0 0.0117969 0.434722 0.0222656 0.0238889 0.0145035
2 0.00323975 0.424444 0.00647949 0.0188889 0.0141754
2 0.0295898 0.503611 0.0118359 0.0372222 0.0117798
7 0.721875 0.450278 0.00750001 0.0211111 0.0115051
7 0.77875 0.353611 0.00625 0.0194444 0.0103302
7 0.148828 0.4125 0.00406251 0.0116667 0.00993347
5 0.7 0.308611 0.035 0.0288889 0.00948334
7 0.669375 0.471111 0.00625 0.0261111 0.00948334
0 0.489375 0.263333 0.00374997 0.0133333 0.00933838
5 0.243438 0.372222 0.04625 0.06 0.0091629
7 0.227031 0.509444 0.00874999 0.0244445 0.00857544
0 0.302813 0.344722 0.0225 0.0316667 0.00766754
0 0.0841406 0.428889 0.0385938 0.0311111 0.00763702
0 0.835 0.307778 0.04 0.0266667 0.00757599
3 0.223438 0.480278 0.015625 0.0583333 0.00661469
7 0.645 0.347222 0.00374997 0.01 0.00636292
7 0.146016 0.408333 0.00390625 0.0155556 0.00614548
0 0.465 0.274444 0.00499999 0.01 0.00602722
7 0.613125 0.32 0.00750001 0.0244444 0.005867
7 0.0752344 0.472778 0.0040625 0.00999999 0.00584412
2 0.57625 0.316111 0.01875 0.0222222 0.00575256
2 0.725 0.301389 0.01 0.0188889 0.00566483
7 0.125938 0.432778 0.005625 0.0172222 0.00564194
7 0.684375 0.363889 0.00375004 0.0133333 0.0055542
3 0.551875 0.331667 0.00750001 0.0277778 0.00521851
0 0.515 0.261667 0.00375001 0.00777777 0.00503922
0 0.725625 0.317222 0.04125 0.0311111 0.00502014
0 0.98375 0.34 0.0325 0.0277778 0.00498199
0 0.838125 0.304444 0.0449999 0.0211111 0.00482941
7 0.67 0.339722 0.00250003 0.0138889 0.00468063
1 0.85375 0.305556 0.075 0.0261111 0.00426483
3 0.222344 0.497222 0.0096875 0.0461111 0.00392914
0 0.00868652 0.431944 0.017373 0.0283333 0.00388527
0 0.309688 0.338611 0.015625 0.0205556 0.00379562
0 0.898125 0.345 0.04375 0.0294445 0.00378036
0 0.182813 0.378333 0.0246875 0.0411111 0.00372124
0 0.0533594 0.427222 0.02875 0.0216667 0.00370789
7 0.605625 0.327222 0.00374997 0.0122222 0.00365067
0 0.0163257 0.440556 0.0198877 0.0222222 0.00359344
2 0.636875 0.318333 0.00500005 0.0155555 0.00351143
0 0.248438 0.343333 0.025625 0.0177778 0.00345612
7 0.655 0.318611 0.00249996 0.0133333 0.00338936
1 0.86625 0.317222 0.0575 0.0411111 0.00304031
0 0.210313 0.3225 0.035625 0.0261111 0.00294685
0 0.366563 0.303333 0.00874999 0.0188889 0.00277901
2 0.115391 0.3825 0.005625 0.0172222 0.00275803
2 0.571875 0.320556 0.015 0.0266667 0.00271416
0 0.97875 0.337222 0.0325 0.0266667 0.00269318
7 0.114844 0.420278 0.0046875 0.0161111 0.00266266
0 0.421563 0.31 0.01 0.0188889 0.00264168
7 0.134453 0.420556 0.00390626 0.00999999 0.00259018
0 0.17875 0.371111 0.02375 0.0266667 0.00251198
0 0.444063 0.272222 0.00687497 0.0133333 0.00245285
0 0.180625 0.376389 0.014375 0.0244444 0.00243378
2 0.0942188 0.390556 0.0090625 0.0188889 0.002388
0 0.00359619 0.409722 0.00719238 0.0238889 0.00232315
0 0.182188 0.365556 0.0259375 0.0355556 0.00206757
7 0.65 0.335833 0.00499999 0.015 0.00206757
0 0.528125 0.270833 0.00625 0.01 0.00204277
7 0.66375 0.295 0.00499999 0.0133333 0.00201988
3 0.3925 0.332778 0.00750001 0.02 0.00199509
2 0.024668 0.403333 0.0110156 0.0222222 0.00196457
7 0.7075 0.403333 0.00499999 0.0166667 0.00189686
7 0.695 0.3475 0.00499999 0.0194444 0.00171375
0 0.99625 0.32 0.00749995 0.0261111 0.0016489
0 0.0170898 0.405556 0.0125781 0.0211111 0.0016489
3 0.66 0.29 0.00499999 0.0166667 0.0016489
2 0.583438 0.297778 0.00562503 0.0144444 0.00155449
3 0.551875 0.327778 0.00812499 0.0222222 0.00152493
7 0.0308203 0.498889 0.0128906 0.0388889 0.0014782
3 0.57125 0.326667 0.00999997 0.0322222 0.0014782
0 0.89 0.344444 0.04 0.0327778 0.00146103
0 0.25375 0.328889 0.00874999 0.02 0.00143242
0 0.34625 0.337778 0.01625 0.0266667 0.00142097
1 0.865 0.307778 0.055 0.03 0.00135612
0 0.825 0.308333 0.0225 0.0211111 0.00125504
7 0.135703 0.434722 0.00531251 0.0133333 0.00125504
7 0.6675 0.458333 0.00750001 0.0288889 0.00109482
7 0.644375 0.318889 0.00374997 0.0133333 0.00107765
0 0.989375 0.322778 0.02125 0.0344445 0.00106525
0 0.407813 0.283056 0.00874999 0.0138889 0.00104809
7 0.085 0.47 0.00437501 0.0155555 0.00104809
0 0.326875 0.301944 0.00874999 0.0183333 0.00104427
7 0.0349609 0.520556 0.0046875 0.0211111 0.00102806
