0 0.16125 0.712222 0.1525 0.284444 0.959961
0 0.324688 0.659861 0.143125 0.289167 0.958984
0 0.424063 0.258958 0.060625 0.102083 0.94873
0 0.29 0.388889 0.1 0.145556 0.94873
0 0.70875 0.310278 0.09 0.12 0.944824
0 0.13252 0.566667 0.129023 0.2 0.937988
0 0.230469 0.371111 0.0865625 0.12 0.93457
0 0.5 0.234444 0.056875 0.114444 0.933105
0 0.0718652 0.443333 0.079707 0.133333 0.932129
0 0.279688 0.170556 0.04375 0.0613889 0.908691
0 0.0275391 0.394722 0.0544531 0.09 0.899902
0 0.603125 0.124201 0.03875 0.0538195 0.898926
0 0.0291992 0.886667 0.0583984 0.222222 0.894043
0 0.501875 0.0500694 0.015 0.0266667 0.887207
0 0.451875 0.125139 0.0325 0.0441667 0.881836
0 0.245938 0.164722 0.03125 0.045 0.878418
0 0.52375 0.0651389 0.02125 0.0286111 0.862305
0 0.503125 0.122361 0.03 0.0466667 0.859863
1 0.0560547 0.911111 0.110703 0.176667 0.852539
0 0.574375 0.0699306 0.0237501 0.0318056 0.852051
0 0.516875 0.0302778 0.014375 0.0186111 0.848145
0 0.413125 0.0560417 0.0175 0.0265278 0.844727
7 0.7025 0.198611 0.00749995 0.0238889 0.84375
7 0.245313 0.28 0.0075 0.0222222 0.838867
0 0.305781 0.112743 0.02 0.0267361 0.818848
0 0.0736328 0.258056 0.0325781 0.0322222 0.818848
0 0.500625 0.0854861 0.021875 0.0316667 0.81543
7 0.74375 0.173056 0.00625 0.0205556 0.810547
5 0.324375 0.106667 0.02625 0.0436111 0.792969
0 0.869375 0.0798611 0.035 0.0261111 0.791992
0 0.835 0.0713194 0.0325 0.0236111 0.78125
0 0.470625 0.0529167 0.0175 0.0248611 0.766113
0 0.3775 0.0756944 0.0175 0.0255556 0.760742
0 0.77625 0.0533333 0.035 0.0263889 0.732422
5 0.56625 0.159444 0.07125 0.12 0.720215
0 0.55125 0.0340972 0.01625 0.0273611 0.713867
2 0.755625 0.11559 0.01625 0.0454861 0.699219
0 0.0515234 0.281667 0.0336719 0.0355556 0.690918
0 0.50125 0.0182639 0.01125 0.0166667 0.6875
0 0.429375 0.0526389 0.015625 0.0202778 0.6875
2 0.0373047 0.317778 0.01625 0.04 0.672363
2 0.604688 0.0397222 0.013125 0.0211111 0.658203
7 0.945 0.220139 0.00499999 0.0177778 0.622559
0 0.394375 0.0497222 0.01375 0.0225 0.620605
0 0.435625 0.0481944 0.0125 0.0191667 0.620605
0 0.3425 0.0713195 0.01375 0.0179167 0.611328
0 0.3925 0.0523611 0.01375 0.0188889 0.586914
7 0.76375 0.152361 0.00499999 0.0177778 0.562012
7 0.753125 0.163056 0.00499999 0.0191667 0.541016
0 0.37625 0.0683333 0.015 0.0245833 0.525391
7 0.70625 0.0790278 0.00375004 0.0122222 0.523438
0 0.357813 0.0778472 0.018125 0.0290278 0.515625
0 0.51375 0.00618056 0.00750001 0.0120139 0.478516
7 0.258125 0.263333 0.0075 0.0233333 0.474609
7 0.773125 0.145278 0.00499999 0.0183333 0.464844
0 0.476563 0.0366667 0.01 0.0197222 0.455078
0 0.0207813 0.305556 0.04125 0.0577778 0.439697
7 0.164375 0.202639 0.0034375 0.0119444 0.432129
7 0.75375 0.161806 0.00499999 0.0211111 0.430176
2 0.7475 0.0905556 0.00999997 0.0388889 0.420654
0 0.424375 0.0486111 0.0125 0.0208333 0.411133
0 0.329063 0.0859722 0.015625 0.0230556 0.407227
0 0.53125 0.0100347 0.00874999 0.0129861 0.399902
0 0.404063 0.0352778 0.0125 0.0180556 0.388672
0 0.431875 0.0224306 0.009375 0.0126389 0.361084
0 0.35875 0.0688889 0.0175 0.0277778 0.359375
5 0.358125 0.0754167 0.01875 0.0333333 0.355713
0 0.413125 0.0310764 0.00812502 0.0139583 0.346924
0 0.774375 0.0613889 0.04 0.0258333 0.336426
0 0.433438 0.0271181 0.00874999 0.0147222 0.320801
7 0.6925 0.184444 0.00625 0.0211111 0.313965
0 0.385625 0.0506944 0.0125 0.0163889 0.307373
0 0.375 0.0615278 0.01375 0.0190278 0.274414
2 0.74625 0.121806 0.00999997 0.04 0.271973
7 0.94625 0.214722 0.00499999 0.0180556 0.262939
0 0.32375 0.0902778 0.0225 0.0241667 0.237915
2 0.74875 0.099375 0.0125 0.0490278 0.2323
0 0.425938 0.0310417 0.00750001 0.0109722 0.228149
0 0.307656 0.0990972 0.0159375 0.0256944 0.196777
7 0.770625 0.13125 0.00375004 0.0155556 0.191284
7 0.675 0.0507639 0.00375004 0.01125 0.188965
5 0.0178418 0.245833 0.0179883 0.0277778 0.174438
7 0.0742969 0.293889 0.00382813 0.0116667 0.160767
0 0.356562 0.0626389 0.01625 0.0197222 0.134277
0 0.429375 0.0555556 0.014375 0.0205556 0.123352
0 0.0213672 0.296667 0.0382813 0.04 0.121277
0 0.0494434 0.277222 0.0320508 0.0366667 0.117981
7 0.145313 0.211389 0.0028125 0.0111111 0.105957
0 0.831875 0.0736111 0.0300001 0.0263889 0.102661
0 0.0436621 0.287778 0.039082 0.0433333 0.0980835
7 0.285625 0.118194 0.00406253 0.0105556 0.0939941
0 0.00306885 0.323889 0.0061377 0.0288889 0.0903931
0 0.445 0.0121528 0.00750001 0.0111111 0.0866089
2 0.230625 0.140417 0.01 0.0247222 0.0847778
0 0.0293359 0.285 0.0311719 0.0355555 0.0812378
0 0.395 0.0368056 0.01125 0.0183333 0.0803833
3 0.195313 0.150139 0.005 0.0216667 0.0720825
7 0.254688 0.13625 0.00374999 0.0105555 0.0680542
0 0.0374023 0.28 0.0299609 0.0333333 0.064209
2 0.228125 0.142778 0.0075 0.0211111 0.062561
7 0.146172 0.220972 0.00374999 0.00999999 0.0623169
7 0.244375 0.138194 0.00375001 0.0136111 0.0600891
7 0.65625 0.0516667 0.00249996 0.0119444 0.0577087
0 0.77 0.065 0.0375 0.0227778 0.0570679
7 0.0857813 0.279722 0.0053125 0.00944446 0.0566406
2 0.7175 0.0722222 0.01 0.0336111 0.055603
0 0.453438 0.00875 0.00625 0.00875 0.053009
7 0.7525 0.165278 0.00500005 0.0194444 0.0483093
0 0.43625 0.0128472 0.00625 0.00986111 0.0476074
2 0.74875 0.115 0.01 0.0433333 0.0476074
7 0.0696875 0.299444 0.004375 0.0144444 0.0427246
0 0.477188 0.0404861 0.016875 0.0201389 0.0403748
3 0.230625 0.153889 0.00687501 0.0311111 0.0380249
0 0.0641797 0.262292 0.0285938 0.02875 0.0367737
3 0.230625 0.138611 0.00687501 0.0272222 0.0354004
7 0.94125 0.219444 0.00500005 0.0166667 0.0340881
7 0.0836719 0.290556 0.00484375 0.0144444 0.0314941
3 0.0316797 0.326944 0.0075 0.0316667 0.0313721
7 0.125156 0.222222 0.0034375 0.0127778 0.0276947
5 0.0142383 0.249167 0.0238281 0.0294444 0.0272675
2 0.7175 0.0729167 0.00750001 0.0302778 0.0263519
7 0.70125 0.0779167 0.00499999 0.0161111 0.0258026
7 0.25 0.13 0.00374999 0.015 0.0254669
3 0.19 0.156806 0.0059375 0.0244444 0.024704
7 0.67125 0.0523611 0.00250003 0.0113889 0.0243378
0 0.375 0.0488889 0.010625 0.0122222 0.0239563
0 0.880625 0.0845833 0.03375 0.0227778 0.0214539
0 0.87625 0.0815972 0.03625 0.0252778 0.0206451
0 0.00406738 0.284444 0.00803711 0.0277778 0.0200195
2 0.204375 0.152222 0.01125 0.0255556 0.016922
0 0.411875 0.0248611 0.01 0.0130556 0.0142822
0 0.439375 0.0417361 0.013125 0.0184722 0.0141144
0 0.0674609 0.252778 0.0308594 0.0266667 0.0134277
7 0.691875 0.186944 0.00625 0.0244444 0.012825
0 0.8425 0.0740278 0.0375 0.0241667 0.0123825
0 0.52875 0.0104861 0.01 0.0133333 0.0120087
2 0.00987305 0.267778 0.0141992 0.0188889 0.0115509
2 0.28625 0.103056 0.00562499 0.0127778 0.011467
0 0.515 0.0214236 0.01125 0.013125 0.0114212
4 0.0173633 0.249306 0.0199219 0.0319444 0.0112915
0 0.4275 0.0149306 0.00750001 0.01125 0.0110321
0 0.500938 0.0636111 0.019375 0.0383333 0.0110321
7 0.65 0.0518056 0.00249996 0.0115278 0.0104523
2 0.84375 0.0498611 0.00750001 0.0159722 0.00941467
2 0.73875 0.11309 0.015 0.0404861 0.00933838
0 0.249375 0.154167 0.02625 0.0327778 0.00894928
0 0.0721875 0.262222 0.0270313 0.0388889 0.00871277
3 0.21 0.1575 0.005 0.0233333 0.00867462
2 0.607813 0.0405556 0.01875 0.0198611 0.00812531
3 0.185 0.1575 0.00499999 0.0238889 0.00812531
2 0.61625 0.0322569 0.00562503 0.0147917 0.00763702
3 0.73375 0.0343403 0.00500005 0.0188194 0.00717545
0 0.501563 0.0529167 0.01875 0.0261111 0.00703812
7 0.69125 0.0548611 0.00250003 0.0108333 0.0068512
7 0.0238086 0.373611 0.0444141 0.0377778 0.00658798
0 0.573125 0.0221181 0.013125 0.0139583 0.0064888
0 0.99625 0.124722 0.00749995 0.0311111 0.00629044
0 0.994375 0.1325 0.01125 0.0347222 0.00619125
0 0.81375 0.0677083 0.035 0.0234722 0.00602722
0 0.44875 0.0159722 0.00999997 0.0163889 0.00598145
0 0.50125 0.0215278 0.01375 0.0201389 0.00588989
2 0.74375 0.106389 0.0275 0.0463889 0.00584412
5 0.0055957 0.254444 0.00914063 0.0227778 0.00564194
0 0.442813 0.0325347 0.00812502 0.0154861 0.00561905
7 0.6925 0.0772222 0.00499999 0.0130556 0.00559998
0 0.458438 0.00461806 0.00687501 0.00923611 0.00559998
7 0.765 0.129167 0.00250003 0.0227778 0.00521851
7 0.71375 0.0480556 0.00499999 0.0122222 0.0051384
7 0.215625 0.155139 0.004375 0.0158333 0.00496292
0 0.366875 0.0486111 0.00875003 0.0127778 0.00494385
2 0.214219 0.141111 0.00437501 0.0177778 0.00457382
0 0.484063 0.009375 0.00499999 0.0101389 0.00455475
0 0.500625 0.0071875 0.00874999 0.014375 0.00436401
7 0.140234 0.216667 0.00390625 0.0133333 0.00432968
4 0.55875 0.134965 0.055625 0.0672917 0.00403976
2 0.70375 0.0302778 0.00499999 0.0108333 0.00335121
3 0.183281 0.164583 0.005 0.0225 0.00333786
0 0.210625 0.145556 0.021875 0.0261111 0.00332451
2 0.78625 0.0370486 0.00874996 0.020625 0.00301552
7 0.69375 0.0645833 0.00375004 0.00888889 0.00298119
0 0.589375 0.0215972 0.0125 0.0130556 0.0029583
0 0.471875 0.0218056 0.0125 0.0148611 0.00279999
0 0.029043 0.851667 0.0580859 0.151111 0.00273705
7 0.674375 0.0613889 0.00374997 0.00916666 0.00269318
2 0.7475 0.0798611 0.00750001 0.0341667 0.00255013
0 0.99 0.122778 0.01875 0.0269444 0.00255013
0 0.987188 0.136944 0.025625 0.0294444 0.00251198
3 0.74625 0.143333 0.00999997 0.06 0.00243378
0 0.470938 0.0386111 0.014375 0.0240278 0.00233269
1 0.074541 0.911111 0.0745117 0.177778 0.00226021
7 0.065 0.307222 0.00398437 0.0166667 0.00224304
0 0.79875 0.0608333 0.035 0.0258333 0.00217438
3 0.89375 0.068125 0.00499999 0.0172222 0.00214958
7 0.695 0.0513194 0.00250003 0.0127778 0.00213242
2 0.725625 0.035 0.00499999 0.01625 0.00206757
0 0.529375 0.0138889 0.01125 0.01875 0.00206757
7 0.7775 0.142222 0.00749995 0.0216667 0.00204277
7 0.73375 0.0780556 0.00500005 0.0158333 0.00198746
0 0.8475 0.0788889 0.035 0.0277778 0.00198746
7 0.9475 0.224583 0.00625 0.0219444 0.00196457
2 0.153281 0.172917 0.00562499 0.0158333 0.00188255
0 0.0732813 0.246944 0.0315625 0.0355556 0.00186062
4 0.5675 0.1725 0.06875 0.0916667 0.00179577
0 0.47875 0.0370833 0.015 0.0218056 0.00178242
7 0.688125 0.184167 0.00750001 0.0227778 0.00178242
7 0.265 0.134583 0.00375001 0.0111111 0.00174141
7 0.249063 0.272778 0.01 0.0266667 0.0017004
0 0.994063 0.141389 0.011875 0.0366667 0.00168133
2 0.74125 0.123472 0.015 0.0375 0.0016613
0 0.00346191 0.350556 0.00688477 0.03 0.00162315
0 0.52125 0.06 0.018125 0.0302778 0.00161648
7 0.593438 0.0431944 0.00687497 0.015 0.00151253
5 0.559375 0.130556 0.05375 0.06 0.00151253
7 0.934375 0.236528 0.00750001 0.0261111 0.00151253
7 0.165313 0.196528 0.00374999 0.0163889 0.00145531
2 0.194688 0.145833 0.0078125 0.025 0.00142097
0 0.575938 0.203333 0.0456251 0.0469444 0.00141048
2 0.0654688 0.231389 0.0117188 0.0233333 0.00139427
5 0.578125 0.179167 0.05 0.0777778 0.00135612
7 0.70875 0.311389 0.09 0.119444 0.00135612
0 0.47875 0.0567361 0.024375 0.0234722 0.00134563
7 0.135469 0.222083 0.00296876 0.0105555 0.00128937
7 0.71 0.0568056 0.00499999 0.0158333 0.00126934
0 0.538125 0.00548611 0.010625 0.0109722 0.00125504
7 0.704375 0.0470139 0.00499999 0.0141667 0.00123501
7 0.254531 0.122778 0.00375001 0.0138889 0.00122547
0 0.0335742 0.266111 0.0131641 0.0227778 0.0012064
0 0.885 0.0909028 0.02625 0.0251389 0.00118828
3 0.123125 0.193194 0.0059375 0.0191667 0.00116062
5 0.373438 0.0335417 0.01 0.0216667 0.00112438
0 0.56125 0.133368 0.05375 0.064375 0.00112438
2 0.146953 0.175 0.00578125 0.0155556 0.00111198
0 0.978125 0.115833 0.0125 0.0183333 0.00109482
0 0.573125 0.191944 0.05625 0.0711111 0.00109005
7 0.230313 0.371111 0.08625 0.118889 0.00108147
0 0.292344 0.101181 0.0175 0.0323611 0.00108147
7 0.168438 0.200556 0.0046875 0.0133333 0.00108147
7 0.275 0.138611 0.00718749 0.0175 0.00106907
4 0.0312109 0.244444 0.0135938 0.0188889 0.00105667
7 0.65625 0.0609722 0.00249996 0.00972223 0.00104809
2 0.655 0.0340972 0.00499999 0.0154167 0.00103188
0 0.588438 0.0317014 0.0199999 0.0182639 0.00100803
5 0.018103 0.233889 0.0182861 0.0261111 0.00100803
0 0.86625 0.0748611 0.035 0.0230556 0.00100422
