0 0.318125 0.835556 0.1325 0.237778 0.958984
0 0.490938 0.874444 0.13125 0.248889 0.958984
0 0.145391 0.881667 0.156719 0.235556 0.958496
0 0.820625 0.870556 0.17875 0.257778 0.958496
0 0.653906 0.847778 0.157187 0.297778 0.952148
0 0.475625 0.594444 0.07 0.115556 0.950684
0 0.210625 0.605556 0.088125 0.101111 0.939453
0 0.6925 0.615556 0.1025 0.132222 0.939453
0 0.594063 0.633333 0.094375 0.15 0.935059
0 0.266719 0.647222 0.104688 0.138889 0.93457
0 0.372188 0.606667 0.078125 0.116667 0.934082
0 0.174375 0.492778 0.0690625 0.0633333 0.875977
0 0.0198438 0.468889 0.0346484 0.0322222 0.847168
0 0.0545703 0.440278 0.0346094 0.0266667 0.816406
7 0.235 0.503889 0.00687501 0.0227778 0.800781
0 0.255469 0.352222 0.0275 0.0222222 0.744629
1 0.309688 0.325556 0.03 0.0438889 0.733887
2 0.0197852 0.523889 0.0153125 0.04 0.72168
0 0.723125 0.328056 0.04875 0.0288889 0.716797
2 0.795625 0.385556 0.015 0.0433333 0.716797
0 0.3825 0.354722 0.04375 0.0294445 0.700684
2 0.633438 0.313056 0.011875 0.0227778 0.682617
0 0.351563 0.325278 0.01375 0.0211111 0.675781
2 0.0355273 0.48 0.0191016 0.0311111 0.673828
0 0.875 0.325833 0.0275 0.0211111 0.662109
0 0.75625 0.335278 0.035 0.0222222 0.629883
0 0.835625 0.328333 0.0325 0.0222222 0.618652
0 0.951875 0.332222 0.02 0.0177778 0.605957
3 0.655 0.459167 0.015 0.0683334 0.60498
0 0.7925 0.321111 0.0325 0.0222222 0.602051
0 0.369688 0.325556 0.01625 0.0222222 0.596191
7 0.74875 0.415 0.00499999 0.02 0.588867
0 0.404688 0.32 0.0125 0.0211111 0.586914
7 0.72875 0.438889 0.00625 0.0194444 0.583008
2 0.664375 0.439444 0.02375 0.0561111 0.575684
0 0.326563 0.335833 0.015625 0.0205556 0.565918
3 0.669375 0.308611 0.00499999 0.0238889 0.562988
7 0.222188 0.517222 0.0075 0.0211111 0.552734
2 0.0426953 0.477778 0.0175781 0.0316667 0.544922
7 0.145156 0.418333 0.00343749 0.0111111 0.509766
0 0.335625 0.329444 0.011875 0.0188889 0.490234
7 0.925 0.456111 0.00499999 0.0155556 0.482422
5 0.413125 0.298889 0.015 0.0288889 0.480469
2 0.5875 0.315278 0.01125 0.0211111 0.480469
0 0.3875 0.325 0.01625 0.0227778 0.480469
2 0.0445703 0.48 0.0153906 0.0261111 0.431152
0 0.78875 0.323333 0.0375 0.0244445 0.422607
0 0.413438 0.315833 0.011875 0.0188889 0.418701
0 0.91 0.320556 0.025 0.0233333 0.418701
3 0.73 0.387778 0.00750001 0.0466667 0.412109
0 0.348125 0.327222 0.01375 0.02 0.394287
0 0.84125 0.326667 0.0325 0.0222222 0.386719
7 0.738125 0.427778 0.00499999 0.0222222 0.317383
2 0.575 0.312778 0.00874996 0.0233333 0.315674
7 0.678125 0.477222 0.00750001 0.0272222 0.281494
3 0.735 0.386667 0.00875003 0.0488889 0.27832
7 0.6675 0.467222 0.00499999 0.0233333 0.27832
0 0.370625 0.322222 0.01625 0.0266667 0.264404
2 0.0660938 0.462222 0.00953125 0.035 0.264404
3 0.656875 0.313889 0.00625 0.0277778 0.24939
3 0.69625 0.426667 0.01625 0.06 0.245117
7 0.92375 0.4675 0.00499999 0.0188889 0.223999
2 0.65375 0.439444 0.0175 0.0522222 0.215332
3 0.0034375 0.486667 0.00589844 0.0366667 0.212769
0 0.39875 0.308056 0.015 0.0194444 0.211426
0 0.836875 0.332778 0.03375 0.0211111 0.204956
3 0.73125 0.390556 0.00750001 0.0488889 0.200562
7 0.12625 0.422222 0.00390625 0.0122222 0.199951
2 0.0577734 0.467778 0.00929687 0.0311111 0.19812
7 0.7475 0.4025 0.00499999 0.0194444 0.185303
0 0.34375 0.315556 0.01125 0.0155555 0.182983
2 0.588125 0.313056 0.00875003 0.0211111 0.177246
7 0.684375 0.348889 0.00375004 0.0122222 0.176147
0 0.375313 0.295 0.011875 0.015 0.170532
2 0.0126343 0.541667 0.00723145 0.0233333 0.168823
0 0.381875 0.294722 0.00874999 0.015 0.162964
3 0.0669531 0.462778 0.00851562 0.0333334 0.160767
0 0.48375 0.263333 0.00625 0.0122222 0.15918
2 0.6675 0.4325 0.02 0.055 0.15564
0 0.409375 0.347778 0.026875 0.03 0.151489
7 0.725 0.394444 0.00499999 0.0277778 0.145142
0 0.710625 0.321111 0.03375 0.02 0.144653
0 0.42125 0.307222 0.010625 0.0183333 0.138428
0 0.372813 0.307222 0.013125 0.0183333 0.137573
0 0.40625 0.351111 0.0325 0.0288889 0.135742
0 0.7275 0.332222 0.05 0.0255556 0.130249
3 0.650625 0.436111 0.015 0.0477778 0.130249
0 0.779375 0.321667 0.0325 0.0244444 0.129883
3 0.7275 0.386111 0.00749995 0.0455555 0.123779
2 0.695625 0.427778 0.0175 0.0588889 0.123352
3 0.00469482 0.503889 0.00541504 0.0288889 0.115173
0 0.475 0.258333 0.00625 0.00944443 0.106323
0 0.505 0.26 0.00499999 0.00888889 0.0933228
3 0.214063 0.354167 0.00406251 0.0205555 0.0863037
0 0.337188 0.317778 0.009375 0.0144444 0.0797729
0 0.41125 0.353889 0.025 0.0311111 0.0786133
7 0.635938 0.332222 0.00437501 0.0111111 0.0772095
7 0.65375 0.325 0.00374997 0.0166667 0.0687866
7 0.234063 0.366944 0.00375001 0.0111111 0.0682983
2 0.127578 0.385 0.0075 0.0155555 0.0675659
2 0.66125 0.441111 0.0175 0.0611111 0.0669556
2 0.257969 0.36 0.00906251 0.0166667 0.0648804
0 0.3975 0.302222 0.0125 0.0194444 0.0634766
2 0.409688 0.364167 0.025 0.0355556 0.0634766
0 0.91375 0.322778 0.03 0.0255556 0.0632324
7 0.605625 0.329444 0.00374997 0.0111111 0.0596619
0 0.423125 0.299444 0.00874999 0.0155556 0.0594177
2 0.571563 0.309722 0.00812499 0.0255556 0.0583496
0 0.366563 0.298611 0.00812502 0.0116667 0.0574951
0 0.3925 0.31 0.0125 0.0211111 0.0545959
7 0.00389893 0.530278 0.00511231 0.0161111 0.053009
2 0.69375 0.426111 0.025 0.0611111 0.0520325
0 0.704375 0.319444 0.0275 0.0177778 0.0512695
0 0.407813 0.322222 0.01875 0.0233333 0.0507202
7 0.220938 0.506111 0.00562499 0.0222222 0.0497742
0 0.447813 0.267778 0.00750001 0.00999999 0.0456848
1 0.317188 0.318333 0.018125 0.0266667 0.0435181
0 0.446875 0.261667 0.00749998 0.0111111 0.0433655
0 0.350313 0.308889 0.01125 0.0155555 0.0422363
0 0.3825 0.347778 0.04 0.0266667 0.0406799
7 0.0117603 0.542222 0.00651855 0.0255555 0.0387573
7 0.630625 0.336111 0.00374997 0.0127778 0.0383301
7 0.670625 0.471667 0.00625 0.0277778 0.0381775
2 0.4125 0.366944 0.015625 0.0333333 0.0374756
3 0.666875 0.308889 0.00499999 0.0222222 0.0370483
0 0.389375 0.359444 0.04625 0.0355556 0.0362244
0 0.7075 0.324444 0.0325 0.0222222 0.0352783
7 0.205313 0.385556 0.003125 0.00777777 0.0333252
7 0.7475 0.415556 0.00499999 0.0211111 0.0321045
0 0.438125 0.276111 0.00749998 0.00944446 0.0303345
7 0.92375 0.482778 0.00499999 0.02 0.028656
3 0.190938 0.37 0.00625 0.0205555 0.0278015
7 0.92875 0.451667 0.00500005 0.0166667 0.0276947
7 0.665 0.479167 0.00500005 0.03 0.0272675
0 0.83625 0.323889 0.03375 0.0216667 0.0262604
3 0.65125 0.451111 0.01375 0.0744444 0.0261536
0 0.486875 0.268333 0.00750001 0.00888889 0.0248871
0 0.355625 0.3 0.00874999 0.0133333 0.0239563
2 0.6675 0.426389 0.01375 0.0544445 0.0234222
3 0.068125 0.466111 0.00828125 0.035 0.0227966
3 0.12875 0.382778 0.005625 0.0211111 0.0226288
0 0.875 0.330278 0.02875 0.0216667 0.0222931
2 0.535 0.275833 0.00625003 0.0105555 0.0204926
2 0.0555078 0.456944 0.0253906 0.0377778 0.0199432
2 0.590625 0.316111 0.01 0.0211111 0.0198669
2 0.1875 0.368333 0.01375 0.0211111 0.0197144
7 0.7275 0.439444 0.00625 0.0177778 0.0190582
0 0.378125 0.29 0.00812502 0.0122222 0.0188751
7 0.211094 0.515556 0.00562499 0.0177778 0.0187683
3 0.150156 0.370556 0.004375 0.0211111 0.0182953
7 0.9325 0.470833 0.00750001 0.0283334 0.0172424
0 0.7925 0.329444 0.0325 0.0288889 0.0166626
0 0.72125 0.333333 0.0475 0.0344444 0.0162201
2 0.5675 0.289444 0.009375 0.0161111 0.0158386
7 0.129531 0.417778 0.00375 0.0188889 0.0150757
0 0.325312 0.338889 0.01625 0.0211111 0.0145035
3 0.416875 0.380556 0.01125 0.0333333 0.0144501
7 0.230156 0.512778 0.00687501 0.0211111 0.0141754
3 0.66625 0.302778 0.00499999 0.0222222 0.013588
2 0.0158398 0.522778 0.0157422 0.0377778 0.0133743
3 0.214688 0.359167 0.003125 0.0216667 0.0129242
7 0.71 0.404444 0.00625 0.0233333 0.0127258
3 0.154688 0.37 0.00453124 0.02 0.0126266
3 0.675 0.311389 0.00375004 0.0244444 0.0124817
2 0.1925 0.370278 0.00625 0.0216667 0.0118713
7 0.684375 0.331667 0.00375004 0.0188889 0.0115509
5 0.49625 0.261111 0.00625 0.0111111 0.011467
0 0.89375 0.319722 0.02 0.0183333 0.0112
0 0.835 0.337222 0.03375 0.0266667 0.0110321
7 0.65 0.337778 0.00249996 0.00999999 0.0105667
3 0.698125 0.427222 0.01625 0.0522222 0.0102081
3 0.409063 0.372222 0.011875 0.0333334 0.0100555
3 0.65625 0.306111 0.00499999 0.0244444 0.00993347
7 0.195313 0.3825 0.00374999 0.0155556 0.00993347
2 0.576875 0.307222 0.01125 0.0277778 0.00989532
2 0.265156 0.358889 0.00687499 0.0183333 0.00898743
0 0.42375 0.306389 0.0175 0.0227778 0.0088501
7 0.933125 0.456667 0.00499999 0.0166667 0.00861359
3 0.204375 0.346111 0.00375001 0.0211111 0.00841522
7 0.675 0.325278 0.00249996 0.0166667 0.00834656
2 0.585 0.305556 0.00750001 0.025 0.008255
7 0.735 0.432222 0.00499999 0.02 0.00818634
2 0.795625 0.395556 0.01375 0.0611111 0.00800323
2 0.119688 0.385278 0.0121875 0.0177778 0.00796509
3 0.54875 0.267222 0.00562496 0.0188889 0.00775528
7 0.115391 0.436944 0.0034375 0.00944446 0.00763702
2 0.132344 0.389444 0.006875 0.0133333 0.00746155
3 0.283438 0.328056 0.00656249 0.0183333 0.00743103
0 0.95125 0.337778 0.02 0.0244444 0.00723267
0 0.515 0.262778 0.00437501 0.00888889 0.00706482
0 0.443125 0.273333 0.00625 0.0111111 0.00636292
0 0.526875 0.2775 0.00750001 0.0105556 0.00634003
3 0.422188 0.396944 0.01125 0.0472222 0.00624084
0 0.53 0.27 0.00625 0.00999999 0.00624084
0 0.940625 0.333611 0.02625 0.0166667 0.00614548
7 0.685625 0.360556 0.00374997 0.0155556 0.00564194
0 0.91375 0.333611 0.025 0.0183333 0.0055542
2 0.566875 0.285 0.00750001 0.0177778 0.00553513
2 0.705 0.421667 0.01 0.0527778 0.00551224
0 0.415625 0.289444 0.0125 0.0155555 0.00536346
3 0.16875 0.415278 0.00562501 0.0238889 0.00486755
2 0.254688 0.332222 0.00562501 0.0166667 0.00475693
3 0.209688 0.349167 0.00406251 0.0272222 0.0046463
0 0.47125 0.267222 0.00625 0.0105555 0.00460815
7 0.567813 0.314444 0.00750001 0.0166667 0.00436401
0 0.82375 0.331389 0.035 0.0211111 0.00429916
7 0.7225 0.448889 0.00750001 0.0211111 0.00429916
3 0.195313 0.456667 0.01125 0.04 0.00426483
7 0.7175 0.451111 0.00750001 0.0233333 0.00419998
3 0.65125 0.312222 0.00499999 0.0255555 0.00416565
0 0.485313 0.273889 0.00750001 0.0111111 0.0041008
0 0.805 0.32 0.0225 0.0177778 0.00405502
2 0.793125 0.384444 0.0175001 0.0455556 0.0039444
0 0.890625 0.327778 0.025 0.0183333 0.00388527
3 0.675 0.302222 0.00375004 0.0216667 0.00379562
3 0.77375 0.372778 0.00874996 0.0533333 0.00376511
2 0.0232031 0.406667 0.00769531 0.0177778 0.00370789
2 0.587188 0.319722 0.0125 0.0261111 0.00369263
3 0.00940918 0.41 0.00708008 0.0216667 0.00367928
3 0.229063 0.344722 0.00437501 0.0205556 0.0036068
2 0.5575 0.293611 0.00750001 0.015 0.00356483
7 0.14875 0.413889 0.00375001 0.0133333 0.00351143
2 0.634688 0.308889 0.01 0.0288889 0.00344276
7 0.92875 0.475 0.00500005 0.0244444 0.00342941
3 0.220313 0.357222 0.004375 0.0133334 0.00340271
0 0.96 0.3375 0.0300001 0.0222222 0.00337601
2 0.0549219 0.475278 0.0071875 0.035 0.00331116
7 0.155313 0.421667 0.00343749 0.00999999 0.00329781
7 0.0853906 0.457222 0.00421875 0.0144444 0.00324821
3 0.0852344 0.401667 0.00390625 0.0177778 0.00321007
3 0.0749219 0.403056 0.004375 0.0188889 0.00318527
3 0.224688 0.350556 0.00375001 0.0155556 0.00317192
0 0.53625 0.264444 0.00499999 0.0127778 0.00302696
7 0.21 0.373333 0.003125 0.0122222 0.00302696
3 0.69 0.310556 0.00625 0.02 0.00292397
3 0.095 0.398889 0.0040625 0.0166667 0.00291252
3 0.0292773 0.413333 0.00691406 0.0177778 0.00291252
0 0.723125 0.315278 0.04875 0.0338889 0.00290108
2 0.865625 0.301111 0.00750001 0.0166667 0.00286674
3 0.7725 0.381111 0.00999997 0.0477778 0.00279999
0 0.431875 0.000677083 0.19625 0.00135417 0.00279045
0 0.9575 0.3425 0.0275 0.0222222 0.00277901
7 0.614688 0.331111 0.003125 0.00999999 0.00275803
7 0.105156 0.435833 0.0034375 0.0122222 0.00275803
0 0.18375 0.370833 0.021875 0.0222222 0.00263214
7 0.22375 0.368056 0.004375 0.0133333 0.00259018
2 0.573125 0.319722 0.01125 0.0277778 0.00255013
3 0.4175 0.396389 0.01125 0.0483333 0.00251198
7 0.934375 0.4425 0.00375004 0.015 0.00237846
0 0.72125 0.338333 0.0449999 0.03 0.00226021
3 0.0716406 0.461111 0.0096875 0.0311111 0.00225258
2 0.589375 0.321111 0.01375 0.0244444 0.00224304
2 0.414375 0.357778 0.025 0.0344445 0.00219917
3 0.189688 0.412222 0.00687501 0.0266667 0.00213242
3 0.144844 0.384444 0.0034375 0.0122222 0.00211525
3 0.469063 0.305 0.00499999 0.0222222 0.00211525
0 0.78375 0.313889 0.03875 0.0266667 0.00205803
0 0.68875 0.319444 0.00999997 0.0177778 0.00203514
7 0.69625 0.340278 0.0199999 0.0188889 0.00200272
3 0.74625 0.3925 0.00625 0.0444444 0.00196457
7 0.755 0.416667 0.00499999 0.0172222 0.00192642
7 0.230313 0.37 0.00375001 0.0144444 0.00191879
0 0.79875 0.334444 0.035 0.0222222 0.00191212
3 0.17 0.376944 0.0059375 0.0211111 0.00187492
2 0.190313 0.458611 0.02625 0.0472222 0.00181007
7 0.91625 0.468333 0.00500005 0.03 0.00178909
3 0.815 0.344444 0.00499999 0.0183333 0.00176811
0 0.791875 0.314444 0.03 0.0244444 0.00174141
7 0.674375 0.364444 0.00500005 0.0177778 0.0017004
2 0.19375 0.452778 0.011875 0.0416667 0.0017004
0 0.97 0.334444 0.02125 0.0188889 0.0016613
2 0.631875 0.315 0.015 0.0188889 0.0016489
2 0.71375 0.300556 0.00750001 0.0166667 0.00155449
3 0.164688 0.387778 0.00375001 0.0177778 0.00154877
7 0.935 0.486667 0.00749995 0.0366667 0.00154877
0 0.420938 0.278889 0.01125 0.0122222 0.00153637
0 0.0582715 0.442778 0.0386133 0.0277778 0.00153637
3 0.76625 0.341389 0.025 0.0311111 0.00149536
7 0.66625 0.352778 0.00499999 0.0144444 0.00148964
0 0.93625 0.343056 0.0275 0.0233333 0.00147247
2 0.835 0.298889 0.00625 0.0144444 0.00146675
2 0.195 0.354444 0.00374999 0.0177778 0.00130463
2 0.66375 0.427778 0.02875 0.06 0.00126457
0 0.262344 0.351667 0.028125 0.0177778 0.00123501
2 0.71625 0.388056 0.00999997 0.0338889 0.00123501
2 0.79875 0.403333 0.015 0.06 0.00123501
0 0.50625 0.244167 0.00625 0.0127778 0.00123024
3 0.474688 0.31 0.00625 0.0272222 0.00122547
2 0.00296875 0.42 0.00589844 0.0188889 0.0012207
7 0.625625 0.33 0.00250003 0.01 0.0012064
7 0.249219 0.368333 0.0090625 0.0216667 0.0012064
2 0.545 0.295833 0.00499999 0.0144444 0.00119686
2 0.76625 0.373333 0.015 0.0511111 0.00119686
7 0.139609 0.421389 0.00625 0.0211111 0.00118828
3 0.0640625 0.470556 0.00765625 0.0455556 0.00117874
0 0.53625 0.289444 0.00874999 0.0155555 0.00113773
3 0.605 0.294167 0.00375004 0.0133334 0.00113392
7 0.675 0.352778 0.00375004 0.0155556 0.00113392
3 0.0205811 0.512222 0.0168848 0.0416667 0.00112057
7 0.00412598 0.564444 0.00537109 0.0222222 0.00109863
