0 0.210273 0.754444 0.123203 0.177778 0.953613
0 0.4575 0.901111 0.134375 0.195556 0.953613
0 0.326875 0.778889 0.12625 0.217778 0.950684
0 0.0907617 0.820556 0.129727 0.19 0.948242
0 0.758125 0.731667 0.1325 0.194444 0.944824
0 0.290625 0.585556 0.078125 0.107778 0.944336
0 0.394688 0.536806 0.06125 0.101944 0.943848
0 0.204336 0.617222 0.0888281 0.11 0.926758
0 0.63625 0.525833 0.07375 0.0938889 0.917969
5 0.48 0.556667 0.08375 0.201111 0.91748
0 0.641094 0.76 0.150312 0.306667 0.912598
0 0.53125 0.438611 0.05 0.0705556 0.911621
0 0.581875 0.4 0.04 0.0588889 0.856934
7 0.235781 0.503333 0.0075 0.0233333 0.833496
0 0.272969 0.362778 0.0234375 0.0277778 0.825684
0 0.322813 0.341389 0.0175 0.0227778 0.792969
7 0.666875 0.463889 0.00625 0.0211111 0.777344
0 0.0387695 0.455556 0.0315234 0.03 0.756348
0 0.39 0.338889 0.018125 0.0255556 0.754883
0 0.92375 0.326389 0.025 0.0188889 0.750488
7 0.729375 0.439444 0.00625 0.0188889 0.747559
0 0.8 0.315 0.0325 0.0255555 0.733887
0 0.344375 0.335556 0.015 0.02 0.6875
2 0.0788281 0.4575 0.0171875 0.0305556 0.677246
0 0.0621875 0.44 0.0317188 0.0238889 0.675781
0 0.361875 0.330556 0.01875 0.025 0.67041
7 0.222188 0.52 0.0075 0.0261111 0.658203
2 0.643125 0.326389 0.00749995 0.0283333 0.635254
0 0.49375 0.281667 0.00874999 0.0133334 0.620605
7 0.72375 0.400556 0.00499999 0.0177778 0.609375
5 0.385 0.310556 0.0225 0.04 0.560059
2 0.195625 0.381111 0.009375 0.0244444 0.535156
7 0.75 0.4175 0.00499999 0.0177778 0.530273
7 0.738125 0.43 0.00499999 0.0211111 0.506836
0 0.408125 0.323889 0.01375 0.0222222 0.476562
2 0.237188 0.363333 0.0078125 0.0255556 0.472656
2 0.0177637 0.491111 0.0166602 0.0322223 0.466797
7 0.634063 0.331667 0.00374997 0.0133334 0.462891
0 0.88375 0.334444 0.025 0.0177778 0.458984
7 0.0251172 0.531111 0.00480469 0.0144444 0.443604
2 0.67375 0.331667 0.00625 0.03 0.439697
2 0.0219092 0.486667 0.0168848 0.0333334 0.414795
7 0.74625 0.397778 0.00500005 0.0161111 0.407227
2 0.035 0.477778 0.0142969 0.0327778 0.405518
0 0.411563 0.324444 0.016875 0.0222222 0.403564
2 0.0422656 0.477222 0.01125 0.0316666 0.37207
0 0.78625 0.332222 0.0325 0.0188889 0.364746
0 0.144219 0.405 0.019375 0.0233333 0.348633
0 0.41375 0.318333 0.01625 0.0205556 0.331055
2 0.174219 0.387778 0.010625 0.0211111 0.32251
2 0.0263672 0.4825 0.0121094 0.0355556 0.32251
0 0.140156 0.405556 0.028125 0.0244444 0.310791
0 0.7875 0.334444 0.0375001 0.0216667 0.305664
2 0.143047 0.405278 0.0215625 0.0233333 0.303223
7 0.925 0.46 0.00499999 0.0211111 0.30249
0 0.334063 0.326667 0.015 0.0211111 0.289307
7 0.678125 0.477778 0.00750001 0.0227778 0.281494
0 0.321563 0.333889 0.0175 0.0255556 0.275146
3 0.095 0.442778 0.00625 0.0238889 0.248047
0 0.335625 0.319444 0.01375 0.0155556 0.243652
2 0.00311279 0.468611 0.00622559 0.0255556 0.240723
2 0.0129102 0.487222 0.0117578 0.0288889 0.240112
7 0.7375 0.427778 0.00625 0.0211111 0.236572
7 0.0100781 0.545 0.00509766 0.0177778 0.225464
2 0.94625 0.411944 0.0125 0.0372222 0.211426
7 0.654375 0.328333 0.00374997 0.0111111 0.19812
0 0.0622656 0.436667 0.025625 0.0233333 0.192505
3 0.065 0.457222 0.0075 0.0311111 0.187134
3 0.065 0.464722 0.00609375 0.03 0.182373
2 0.0138086 0.480556 0.00943359 0.03 0.181274
0 0.34625 0.317778 0.01125 0.0144444 0.171021
2 0.0278516 0.48 0.0105469 0.0294445 0.168335
7 0.126172 0.424167 0.00359375 0.0133333 0.164551
2 0.192813 0.38 0.0109375 0.0255556 0.162964
0 0.184219 0.382778 0.0284375 0.0277778 0.15918
2 0.6725 0.330556 0.00750001 0.0277778 0.154541
3 0.67375 0.335 0.00625 0.0344445 0.151978
3 0.214063 0.351389 0.004375 0.0194445 0.144653
2 0.0147168 0.494444 0.0111133 0.0322222 0.12854
2 0.0188281 0.486667 0.0134375 0.035 0.11676
0 0.415313 0.293333 0.01 0.0155555 0.115967
0 0.405625 0.298611 0.01375 0.0183333 0.110474
3 0.724375 0.376111 0.00625 0.0511111 0.107056
7 0.685 0.351389 0.00374997 0.0127778 0.105591
3 0.055625 0.468056 0.0065625 0.0305555 0.103394
0 0.375625 0.328056 0.01125 0.02 0.0980835
0 0.41125 0.305 0.015 0.0155556 0.0953369
0 0.8775 0.335556 0.03375 0.0188889 0.0907593
2 0.104219 0.391667 0.008125 0.0177778 0.0891113
3 0.0504297 0.475556 0.0053125 0.0233333 0.0863037
0 0.352813 0.316111 0.011875 0.0166667 0.0853882
0 0.280938 0.348333 0.01125 0.0138889 0.085083
0 0.420938 0.311944 0.010625 0.0155556 0.0827026
2 0.0842188 0.404444 0.005625 0.0155555 0.0820923
3 0.251563 0.34 0.005 0.0188889 0.078064
0 0.362188 0.320833 0.015625 0.0216667 0.0715942
0 0.49375 0.263611 0.00625 0.0111111 0.0685425
0 0.490625 0.268889 0.00500002 0.00888889 0.0646362
2 0.236875 0.360556 0.00625 0.0244444 0.0630493
0 0.475 0.258611 0.00625 0.00888889 0.0628052
0 0.798125 0.318889 0.035 0.0305556 0.0574951
7 0.147344 0.42 0.00734375 0.015 0.0562439
7 0.00600586 0.486667 0.00589844 0.0211111 0.0560303
7 0.574375 0.317222 0.00374997 0.0122222 0.0534058
3 0.21 0.347778 0.00406249 0.0244444 0.0534058
7 0.923125 0.467778 0.00499999 0.0266667 0.0509033
0 0.485 0.261667 0.00625 0.00999999 0.0484924
2 0.239219 0.363611 0.0128125 0.0261111 0.0483093
2 0.0923438 0.443333 0.008125 0.0233333 0.0403748
0 0.417188 0.286944 0.01 0.0138889 0.0402527
3 0.253594 0.335556 0.0059375 0.0211111 0.0399475
2 0.55875 0.298889 0.0106249 0.0133333 0.0374756
0 0.272813 0.359444 0.03 0.0311111 0.0368958
7 0.7075 0.399444 0.00499999 0.0177778 0.0351562
2 0.17375 0.397222 0.0075 0.0244444 0.0350037
7 0.125859 0.436111 0.0034375 0.00888889 0.0337219
0 0.351875 0.306667 0.0125 0.0177778 0.0337219
0 0.186563 0.373333 0.02 0.0222222 0.0318604
0 0.433125 0.276111 0.00625 0.00944446 0.0294189
0 0.89375 0.333889 0.0275 0.0166667 0.0289764
0 0.80875 0.325278 0.0300001 0.0222222 0.0282135
0 0.884375 0.339444 0.03125 0.0233333 0.0264587
3 0.68875 0.415 0.00750001 0.0438889 0.0264587
3 0.253125 0.343333 0.00562501 0.0166667 0.0263519
2 0.8225 0.318056 0.00749995 0.0177778 0.0254669
7 0.685 0.36 0.00250003 0.0166667 0.0248871
3 0.17 0.405833 0.00531249 0.0266667 0.021286
0 0.351875 0.302222 0.01125 0.0166667 0.0209656
3 0.221094 0.358889 0.0046875 0.0177778 0.0206909
5 0.375313 0.305833 0.015 0.0277778 0.0206451
0 0.415 0.282778 0.00874999 0.0144444 0.0205688
7 0.133438 0.418333 0.0046875 0.0144444 0.0204163
7 0.67625 0.361111 0.00499999 0.0155556 0.02034
3 0.274063 0.327778 0.00499999 0.0144444 0.0200195
0 0.475625 0.275 0.00625 0.0105555 0.0193481
2 0.8725 0.381667 0.0125 0.0388889 0.0184021
3 0.224063 0.353889 0.004375 0.0177778 0.0181274
2 0.116875 0.3825 0.00796874 0.0183333 0.0179901
5 0.83875 0.329722 0.0375 0.0238889 0.0177155
7 0.109531 0.446389 0.0034375 0.0111111 0.0177155
3 0.214844 0.360556 0.0034375 0.02 0.0174408
7 0.166562 0.415833 0.004375 0.0161111 0.0172424
2 0.0818945 0.451667 0.0152734 0.0311111 0.0170441
0 0.515625 0.26 0.00437498 0.00777777 0.016922
0 0.4075 0.281111 0.00812499 0.0111111 0.0157166
0 0.81625 0.329444 0.0325 0.0244444 0.0157166
3 0.162813 0.365556 0.0059375 0.0222222 0.0157166
3 0.0538281 0.476111 0.005625 0.0322222 0.0150757
7 0.928125 0.453611 0.00499999 0.02 0.0148392
0 0.445 0.261944 0.00499999 0.00888889 0.014389
2 0.724375 0.391389 0.00625 0.0322222 0.0142288
2 0.674375 0.328056 0.00625 0.0311111 0.0139008
2 0.65375 0.320278 0.00374997 0.0166667 0.0136337
0 0.426875 0.278889 0.00999997 0.0133334 0.0135345
3 0.085 0.417222 0.00437501 0.0155556 0.0131683
2 0.675625 0.300278 0.00625 0.015 0.0130234
0 0.560313 0.298611 0.013125 0.0133333 0.0127716
0 0.784375 0.338333 0.035 0.0255556 0.0127716
3 0.7225 0.357222 0.00499999 0.0255556 0.0120087
2 0.0764063 0.405833 0.006875 0.0194444 0.0112
7 0.745625 0.42 0.00375004 0.0155556 0.0112
3 0.865 0.307778 0.00750001 0.0194444 0.0107803
7 0.105703 0.451944 0.0040625 0.0116667 0.0107346
0 0.423125 0.296111 0.00874999 0.0166667 0.0105667
2 0.416875 0.324444 0.018125 0.0233333 0.0102921
2 0.173438 0.3825 0.00999999 0.0238889 0.0101318
3 0.224531 0.365556 0.0046875 0.0166667 0.0100937
2 0.865 0.301389 0.00999997 0.0161111 0.00997162
0 0.429375 0.271111 0.00750001 0.0111111 0.00993347
2 0.104375 0.395278 0.0075 0.0211111 0.00971222
0 0.449688 0.266389 0.00499999 0.00944446 0.00948334
2 0.865 0.302778 0.0125 0.02 0.00878143
3 0.69625 0.432222 0.0125 0.0694444 0.0085144
7 0.0711719 0.475 0.00515625 0.0211111 0.0085144
0 0.368438 0.3 0.011875 0.0161111 0.00847626
2 0.63875 0.324444 0.00999997 0.0244444 0.00847626
7 0.209375 0.376389 0.00406251 0.0144444 0.00806427
7 0.709375 0.4025 0.00750001 0.0244444 0.00800323
0 0.31625 0.335278 0.015625 0.0216667 0.00760651
7 0.75375 0.417778 0.00499999 0.0188889 0.00743103
2 0.124297 0.383889 0.00453126 0.0155556 0.00734711
7 0.934375 0.455 0.00499999 0.02 0.00734711
7 0.631875 0.335 0.00374997 0.0133333 0.00723267
0 0.496563 0.280833 0.01 0.015 0.00706482
7 0.140469 0.425556 0.0046875 0.0166667 0.00706482
3 0.0118359 0.504722 0.00714844 0.0377778 0.0069046
7 0.595625 0.330278 0.00375004 0.00944446 0.0068512
0 0.0220703 0.441667 0.0240234 0.0205555 0.00677109
3 0.205313 0.348333 0.00375001 0.0216667 0.00656509
0 0.309063 0.333889 0.0125 0.0177778 0.0064621
0 0.811875 0.332778 0.035 0.0222222 0.00638962
2 0.145625 0.391667 0.0096875 0.0222222 0.00634003
7 0.728125 0.44 0.00625 0.0177778 0.00626373
7 0.67125 0.471667 0.00625 0.0277778 0.00624084
7 0.0253906 0.539028 0.00460938 0.0152778 0.00621796
0 0.413125 0.330556 0.015 0.0233333 0.00614548
3 0.709375 0.384167 0.00874996 0.04 0.00564194
7 0.104375 0.442778 0.00406249 0.0144444 0.00534439
3 0.19 0.406944 0.00562499 0.0238889 0.00534439
7 0.68375 0.331944 0.00500005 0.0255556 0.0053215
3 0.68875 0.309444 0.00499999 0.0166667 0.00530243
0 0.526875 0.277778 0.00812499 0.0105555 0.00526047
0 0.344375 0.338889 0.01625 0.0216667 0.00526047
2 0.180938 0.395556 0.0225 0.0322222 0.00526047
0 0.47125 0.269167 0.00625 0.0105556 0.0051384
7 0.685 0.315556 0.00499999 0.0155555 0.00508118
5 0.826875 0.328056 0.03875 0.025 0.0050621
7 0.689375 0.342222 0.00625 0.0244444 0.0050621
2 0.69125 0.412778 0.0125 0.0488889 0.00469971
0 0.92375 0.330556 0.025 0.0233333 0.00460815
7 0.65625 0.362778 0.00499999 0.015 0.00457382
3 0.164844 0.386111 0.004375 0.0233333 0.00436401
7 0.93375 0.515556 0.00750001 0.0255556 0.00432968
2 0.715 0.385556 0.0125 0.0477778 0.00426483
0 0.00732422 0.440278 0.0135938 0.0194444 0.0039444
0 0.467188 0.482778 0.051875 0.0555556 0.00388527
0 0.324688 0.321111 0.0125 0.02 0.00376511
0 0.09375 0.396111 0.025 0.0238889 0.00367928
0 0.775 0.299444 0.0225 0.0155556 0.00362206
2 0.68875 0.410556 0.00750001 0.0377778 0.00362206
7 0.605625 0.313333 0.00374997 0.00888889 0.00358009
7 0.73625 0.432222 0.00499999 0.0188889 0.00353813
0 0.915 0.333889 0.025 0.0177778 0.00351143
7 0.145313 0.432778 0.00406251 0.0133333 0.00348282
7 0.595313 0.312778 0.003125 0.00999999 0.00342941
2 0.42 0.0761111 0.00874999 0.0233333 0.00341606
0 0.801875 0.306111 0.03125 0.0233333 0.00336266
7 0.655 0.35 0.00249996 0.01 0.00329781
2 0.941875 0.410833 0.02125 0.04 0.00328636
0 0.530938 0.291389 0.02 0.015 0.00327301
2 0.183594 0.355556 0.00625 0.0172222 0.00324821
2 0.242813 0.356111 0.0065625 0.0222222 0.00316048
3 0.7275 0.372778 0.00749995 0.0422222 0.00312424
0 0.42625 0.305833 0.01625 0.0216667 0.00301552
7 0.575 0.330556 0.00375004 0.0122222 0.00300407
7 0.595625 0.299444 0.00375004 0.0122222 0.00298119
7 0.66375 0.381667 0.00625 0.0166667 0.0029583
2 0.549688 0.3 0.00499999 0.0133333 0.00292397
0 0.350625 0.303333 0.015625 0.02 0.00288963
7 0.0867188 0.473333 0.0115625 0.0266667 0.00286674
7 0.735 0.371111 0.00499999 0.0261111 0.00279045
2 0.150156 0.375 0.00718749 0.02 0.00279045
0 0.515625 0.277778 0.00500002 0.01 0.00274658
3 0.695625 0.428333 0.01625 0.0738889 0.00269318
7 0.615 0.313333 0.00374997 0.0111111 0.00265312
2 0.7225 0.408611 0.00875003 0.035 0.00265312
0 0.46625 0.278889 0.00500002 0.00999999 0.00264168
7 0.7075 0.392222 0.00499999 0.0277778 0.00259018
2 0.0970313 0.390278 0.0221875 0.0222222 0.00255013
0 0.0137891 0.446389 0.0213281 0.025 0.00254059
0 0.529375 0.270556 0.00625 0.0116666 0.00250244
3 0.605625 0.298611 0.00374997 0.0127778 0.00239754
3 0.215 0.342778 0.00499999 0.0277778 0.00239754
0 0.861875 0.299167 0.0175 0.0166667 0.00232315
0 0.00299805 0.419444 0.00599609 0.0188889 0.00232315
3 0.548125 0.271111 0.00750001 0.0227778 0.00232315
0 0.784375 0.316667 0.0325 0.0233333 0.00230598
0 0.32125 0.322222 0.0175 0.0222222 0.00228691
0 0.535 0.275556 0.00499999 0.0122222 0.00226974
0 0.93625 0.330833 0.02375 0.0155555 0.00219917
2 0.54625 0.2975 0.00875003 0.0144444 0.00213242
2 0.175313 0.408611 0.00687501 0.0272222 0.00209999
0 0.0212695 0.458333 0.0194922 0.0255556 0.00206757
2 0.6675 0.298889 0.01 0.0177778 0.0020504
3 0.26625 0.336111 0.00562501 0.02 0.0020504
2 0.95 0.409444 0.015 0.04 0.0020504
3 0.945 0.419444 0.00750001 0.0522222 0.0020504
7 0.589688 0.302778 0.003125 0.0122222 0.00204277
7 0.935 0.442222 0.00500005 0.0166667 0.00191879
3 0.0651563 0.475 0.005 0.0372222 0.00191212
0 0.790625 0.303056 0.02875 0.02 0.00190449
7 0.115469 0.440556 0.003125 0.00944446 0.00183868
7 0.53875 0.00732639 0.00687497 0.0146528 0.0017004
0 0.88875 0.342778 0.04 0.0244445 0.00168705
3 0.67 0.303056 0.00499999 0.0172222 0.00168705
3 0.155469 0.368889 0.00453124 0.0211111 0.00163555
7 0.609375 0.306389 0.00437501 0.0127778 0.00157928
7 0.0344922 0.527222 0.00460937 0.0144444 0.00156689
0 0.70125 0.422222 0.0275 0.0666667 0.00153637
7 0.256094 0.365833 0.00562499 0.0166667 0.00150108
0 0.457813 0.475556 0.03375 0.04 0.0014782
0 0.453125 0.262222 0.00562499 0.00888887 0.00145531
7 0.00834839 0.543889 0.00730713 0.0166667 0.00145531
7 0.23125 0.365556 0.005 0.0233333 0.00144386
2 0.9025 0.318889 0.00875003 0.0188889 0.00143242
7 0.0942188 0.469167 0.00546875 0.0155556 0.00139427
2 0.855 0.317778 0.00499999 0.0166667 0.00136662
3 0.230313 0.348889 0.00562499 0.0277778 0.00133514
2 0.76625 0.3275 0.00750001 0.0211111 0.00131512
7 0.00499268 0.496944 0.00575684 0.0305556 0.00131512
3 0.83625 0.296667 0.00499999 0.0166667 0.00129986
3 0.950625 0.440833 0.00625 0.0527778 0.00129414
0 0.443438 0.273333 0.00625 0.0111111 0.00127411
7 0.154375 0.418333 0.00374999 0.0155555 0.00127411
7 0.71875 0.45 0.00750001 0.0211111 0.00124454
0 0.4575 0.482778 0.03125 0.05 0.00121117
0 0.393125 0.504722 0.04875 0.0411111 0.00118828
0 0.7875 0.305 0.05125 0.0266667 0.0011692
0 0.9525 0.333056 0.00999997 0.0144444 0.00115585
2 0.195 0.357222 0.00687499 0.0233333 0.0011158
