0 0.126797 0.55875 0.130781 0.211389 0.960449
5 0.56 0.123021 0.05125 0.102292 0.952148
0 0.239688 0.363889 0.0915625 0.121111 0.948242
0 0.375625 0.222639 0.055625 0.0830556 0.935547
0 0.105488 0.343333 0.063711 0.104444 0.925781
0 0.21625 0.238056 0.0509375 0.0744445 0.920898
0 0.238594 0.175972 0.033125 0.0452778 0.908203
0 0.4625 0.150278 0.04125 0.0677778 0.908203
0 0.0375 0.409167 0.0605469 0.0944444 0.908203
0 0.0233203 0.915556 0.0466406 0.166667 0.907227
0 0.358125 0.157639 0.03 0.0511111 0.89502
0 0.403125 0.140972 0.0275 0.0463889 0.890137
0 0.51125 0.0586111 0.0175 0.0236111 0.884766
2 0.6825 0.16 0.0325 0.0583333 0.85498
0 0.0254688 0.310278 0.0301563 0.0355555 0.851074
0 0.365938 0.0841667 0.02 0.0258333 0.850098
0 0.467813 0.0938889 0.025625 0.0402778 0.839844
0 0.73875 0.0523611 0.0375 0.0258333 0.81543
0 0.628438 0.0341667 0.033125 0.02 0.813965
0 0.407813 0.0616667 0.014375 0.0218056 0.813965
0 0.421563 0.0615278 0.01625 0.0205556 0.801758
0 0.0542188 0.276944 0.03625 0.0472222 0.795898
7 0.244375 0.281111 0.0075 0.0233333 0.786621
0 0.472188 0.0658333 0.018125 0.0277778 0.782715
5 0.83 0.0622222 0.04 0.035 0.779785
7 0.7025 0.199028 0.00749995 0.0252778 0.779785
0 0.160625 0.176944 0.03125 0.0355555 0.771973
0 0.50125 0.0348611 0.01375 0.0222222 0.769043
0 0.0675 0.260833 0.03 0.0266667 0.762207
0 0.292188 0.134861 0.026875 0.0455556 0.737305
7 0.74375 0.173333 0.00750001 0.0211111 0.737305
7 0.2575 0.262153 0.00687501 0.0223611 0.716797
0 0.330625 0.113646 0.03 0.0482639 0.704102
0 0.47875 0.0299653 0.01 0.0163194 0.679199
3 0.0341797 0.337222 0.0103125 0.0466667 0.668945
0 0.390313 0.0546528 0.011875 0.0176389 0.644043
7 0.76875 0.130556 0.00375004 0.0161111 0.616699
0 0.431563 0.0503472 0.0125 0.0184722 0.609375
0 0.0259766 0.304167 0.0279297 0.0338889 0.607422
0 0.516563 0.0215972 0.010625 0.0166667 0.581543
0 0.0268555 0.289444 0.0280859 0.0277778 0.556641
7 0.7525 0.163333 0.00500005 0.02 0.556641
0 0.504375 0.0101389 0.00750001 0.0119444 0.537109
0 0.43125 0.0540972 0.0125 0.0190278 0.516602
7 0.944375 0.220278 0.00500005 0.0175 0.490234
7 0.705 0.0781944 0.00375004 0.0120833 0.488281
0 0.8125 0.0603472 0.0250001 0.0244444 0.46875
0 0.334375 0.0808333 0.02 0.0338889 0.46875
0 0.7775 0.059375 0.0375 0.0298611 0.460938
0 0.786875 0.0435417 0.03125 0.0251389 0.439697
0 0.39375 0.0533333 0.0125 0.0180556 0.432129
0 0.487188 0.0151389 0.00812499 0.0151389 0.424316
0 0.415625 0.0525 0.0125 0.0177778 0.40918
0 0.404375 0.0541667 0.013125 0.0197222 0.386719
7 0.74625 0.124444 0.00500005 0.0172222 0.368408
0 0.81 0.0625694 0.0325 0.0252778 0.343262
7 0.163438 0.204167 0.004375 0.0116667 0.307373
7 0.674375 0.0501389 0.00250003 0.0102778 0.267334
0 0.78125 0.0560417 0.0425 0.0334722 0.267334
7 0.0271484 0.372778 0.00515625 0.0183333 0.265869
0 0.42875 0.0433333 0.01125 0.0161111 0.26123
0 0.333125 0.0754167 0.02 0.0241667 0.24292
0 0.51 0.0213194 0.00749998 0.0154167 0.242188
7 0.0288281 0.371111 0.00558594 0.0194444 0.240723
7 0.144453 0.211944 0.0034375 0.0127778 0.222046
7 0.7725 0.147361 0.00499999 0.0169444 0.218018
7 0.691875 0.183056 0.00750001 0.0227778 0.202393
2 0.114297 0.200278 0.0053125 0.0208333 0.193726
0 0.515938 0.0182639 0.010625 0.018125 0.178955
7 0.075625 0.293333 0.0034375 0.0122222 0.177246
0 0.399063 0.0564583 0.01125 0.0186111 0.175537
5 0.0194629 0.2475 0.0194727 0.0261111 0.158691
5 0.330938 0.110035 0.03 0.0549306 0.154541
0 0.435 0.0275 0.00749998 0.0125 0.151978
0 0.819375 0.065625 0.04625 0.0277778 0.142212
7 0.74625 0.127778 0.00500005 0.0183333 0.131592
7 0.70125 0.078125 0.00499999 0.0156944 0.111267
7 0.94625 0.214583 0.00499999 0.0180556 0.107422
0 0.464375 0.0827778 0.02 0.0344444 0.102295
7 0.0078894 0.380556 0.00605713 0.0222222 0.0970459
2 0.117969 0.197222 0.0115625 0.0219444 0.092041
0 0.495313 0.0146528 0.00562499 0.0116667 0.0917358
7 0.65625 0.0490278 0.00375004 0.00972222 0.0913696
0 0.48 0.0288889 0.01125 0.01875 0.0903931
0 0.5 0.00600694 0.00625 0.0120139 0.081543
7 0.94125 0.220417 0.00500005 0.0166667 0.0812378
0 0.77875 0.0620833 0.0475 0.0297222 0.0806274
5 0.805625 0.0588889 0.0375 0.0280556 0.0731812
7 0.76375 0.151667 0.00499999 0.0177778 0.0678101
7 0.670625 0.0522222 0.00375004 0.0111111 0.0554199
0 0.4275 0.0346528 0.00812499 0.0143056 0.0518494
7 0.0432031 0.358056 0.005625 0.0205556 0.0514526
7 0.254375 0.13375 0.003125 0.00944444 0.0460205
0 0.8075 0.0591667 0.0375 0.0291667 0.0386047
0 0.418125 0.0631944 0.015 0.025 0.0365601
0 0.825 0.0709028 0.03625 0.0270833 0.0332031
7 0.690625 0.185 0.00750001 0.0294444 0.032959
2 0.284531 0.103889 0.00531251 0.015 0.0322266
0 0.0650781 0.264931 0.0323438 0.0323611 0.0316162
0 0.431875 0.0228819 0.00812502 0.0109722 0.03125
7 0.0427246 0.363333 0.00689453 0.0238889 0.0310211
7 0.25 0.128194 0.0034375 0.0122222 0.0303345
2 0.205938 0.15125 0.008125 0.0258333 0.0274811
7 0.140625 0.213333 0.00374999 0.0133333 0.0263062
0 0.46 0.00428819 0.00562499 0.00857639 0.0248413
2 0.120781 0.194722 0.01 0.0233333 0.0243378
7 0.0848438 0.280556 0.0034375 0.0111111 0.0219421
7 0.695625 0.0500694 0.00375004 0.01125 0.0214539
0 0.404375 0.0279167 0.00625 0.00861111 0.02034
0 0.98125 0.107847 0.0175 0.01875 0.0186157
3 0.00913574 0.267778 0.00745117 0.0177778 0.0181885
0 0.472813 0.0208681 0.009375 0.0113194 0.0177155
3 0.197188 0.154722 0.00625 0.0261111 0.0157166
0 0.438438 0.0129514 0.00812499 0.009375 0.0147324
7 0.145 0.22 0.00374999 0.0111111 0.0147324
3 0.0358594 0.363333 0.00726563 0.03 0.0136871
0 0.415625 0.0307292 0.00625 0.00993056 0.0120087
2 0.00336914 0.275 0.00667969 0.0188889 0.0116425
0 0.98125 0.11375 0.01875 0.0194444 0.0107346
7 0.74875 0.127083 0.00375004 0.0166667 0.0106125
0 0.4775 0.0154514 0.00687501 0.0122222 0.00933838
7 0.244531 0.132917 0.00406251 0.0125 0.00926971
0 0.440625 0.0438889 0.01125 0.0198611 0.00888062
7 0.0696094 0.298889 0.00617188 0.0166667 0.00878143
0 0.0296484 0.280556 0.03125 0.0322222 0.0086441
7 0.252188 0.267222 0.0125 0.0255556 0.00844574
3 0.89375 0.0673611 0.00499999 0.0186111 0.00828552
0 0.443125 0.0151389 0.00562499 0.0110417 0.00766754
3 0.11375 0.200417 0.0090625 0.0222222 0.00754929
0 0.187188 0.141389 0.026875 0.0222222 0.00723267
0 0.455 0.00829861 0.00499999 0.00861111 0.00720596
3 0.124063 0.209444 0.00453125 0.0255556 0.00674438
3 0.715 0.140799 0.00875003 0.0739583 0.00636292
3 0.00535645 0.264167 0.00666992 0.0172222 0.00631332
0 0.3975 0.0294444 0.00750001 0.01 0.00629044
3 0.885 0.0630556 0.00374997 0.0197222 0.00624084
0 0.4675 0.105556 0.026875 0.0594444 0.00593567
0 0.00709961 0.38 0.00888672 0.0333333 0.00564194
3 0.235313 0.135278 0.00343749 0.0172222 0.00557709
2 0.296094 0.102917 0.00718749 0.0138889 0.00536346
7 0.125 0.216528 0.00359375 0.0208333 0.00527954
7 0.256875 0.265278 0.008125 0.0272222 0.00518036
2 0.655 0.0329861 0.00499999 0.0161111 0.0050621
7 0.602813 0.043125 0.00625 0.0159722 0.00502014
3 0.230313 0.132361 0.005 0.0213889 0.00484848
3 0.190156 0.163472 0.00625 0.0288889 0.00479126
0 0.171406 0.156389 0.016875 0.0294444 0.00443268
0 0.106328 0.326111 0.0520312 0.0688889 0.00439835
3 0.715 0.128472 0.00999997 0.0586111 0.00436401
0 0.464375 0.124444 0.03375 0.03 0.00429916
7 0.7675 0.137778 0.00499999 0.0152778 0.00428009
7 0.0278516 0.376111 0.00859375 0.0255556 0.00403976
7 0.0845313 0.24375 0.0034375 0.0130556 0.00388527
0 0.996563 0.1275 0.00687497 0.0322222 0.00352478
5 0.00443115 0.252222 0.0077002 0.0266667 0.00351143
7 0.0553125 0.350556 0.00453125 0.0138889 0.00348282
2 0.2775 0.105 0.01 0.0194444 0.00335121
0 0.44125 0.0283681 0.00874999 0.0141667 0.00319672
0 0.995625 0.133611 0.00874996 0.0366667 0.00300407
2 0.73375 0.110035 0.00999997 0.0365972 0.00299263
3 0.00454102 0.379444 0.00755859 0.0344445 0.00293541
0 0.475313 0.0651389 0.02125 0.0277778 0.00291252
0 0.56 0.099375 0.04875 0.0559722 0.00286674
0 0.185313 0.146111 0.030625 0.0322222 0.00282288
7 0.105391 0.243611 0.00359375 0.0133333 0.00275803
2 0.212188 0.117812 0.0075 0.0188194 0.00263214
0 0.9625 0.105278 0.0175 0.0166667 0.00255013
2 0.0156738 0.254167 0.0155273 0.0227778 0.00247192
3 0.183125 0.165556 0.00625 0.0272222 0.00239754
3 0.196719 0.172778 0.00531251 0.0233333 0.00237846
0 0.00741211 0.292222 0.0138086 0.0288889 0.00219154
0 0.3275 0.115833 0.02625 0.0375 0.00212479
7 0.665 0.05 0.00250003 0.00972222 0.00211525
2 0.73375 0.0355556 0.00999997 0.0168056 0.00210762
0 0.73125 0.0536111 0.035 0.0240278 0.00208282
7 0.69 0.178333 0.0125 0.0322222 0.00208282
3 0.79625 0.0777778 0.00999997 0.025 0.00204277
5 0.0165234 0.247778 0.0215234 0.0411111 0.00201035
7 0.594688 0.0458333 0.00374997 0.0136111 0.00189686
7 0.7725 0.142917 0.00499999 0.0175 0.00183868
3 0.71625 0.1575 0.00750001 0.0744444 0.0018177
3 0.705 0.0277778 0.00375004 0.0136111 0.00174141
7 0.675 0.0618056 0.00249996 0.00847222 0.0017004
2 0.73375 0.112813 0.00749995 0.0338194 0.0016489
3 0.89 0.0625 0.00499999 0.025 0.00163555
2 0.204375 0.141667 0.01125 0.0216667 0.00162315
0 0.478438 0.0470833 0.015 0.0279167 0.0015974
3 0.214688 0.138611 0.0034375 0.0138889 0.00148392
0 0.463125 0.009375 0.00625 0.00861111 0.00142097
0 0.00500977 0.406944 0.0100195 0.0594444 0.00137806
0 0.550938 0.133194 0.0325 0.0822222 0.00134563
2 0.58875 0.0217014 0.011875 0.0130556 0.00131989
0 0.0624219 0.256389 0.026875 0.0344444 0.00131512
7 0.0948438 0.2775 0.0034375 0.00944446 0.00129986
2 0.0445215 0.265556 0.0239258 0.0255556 0.0012846
0 0.364375 0.0654861 0.0125 0.0156944 0.00123024
0 0.8175 0.0698611 0.03 0.0302778 0.00123024
7 0.876875 0.0856944 0.00499999 0.01375 0.00116062
2 0.202813 0.165694 0.013125 0.0444444 0.00115108
2 0.569375 0.0202778 0.00875003 0.0141667 0.0011425
7 0.0961719 0.265 0.00453125 0.0166667 0.00112915
3 0.73125 0.118056 0.00750001 0.0397222 0.00112057
7 0.220313 0.140972 0.005 0.0175 0.0011158
7 0.69625 0.0344792 0.00250003 0.0139583 0.00109482
0 0.165977 0.16125 0.0155469 0.0205556 0.00104046
7 0.0846094 0.291667 0.0046875 0.0133333 0.00104046
7 0.765 0.124167 0.00500005 0.0183333 0.00102043
3 0.207656 0.156111 0.009375 0.0266667 0.00101662
