0 0.287188 0.881111 0.163125 0.237778 0.961914
0 0.475 0.582778 0.065625 0.114444 0.960449
0 0.124238 0.892222 0.158086 0.215556 0.958008
0 0.632188 0.766111 0.121875 0.212222 0.95752
0 0.83125 0.866111 0.1775 0.265556 0.95752
0 0.497813 0.896389 0.13125 0.207222 0.952148
0 0.254063 0.677778 0.113125 0.155556 0.950195
0 0.683125 0.585556 0.09875 0.142222 0.946777
0 0.369375 0.627778 0.084375 0.127778 0.944824
0 0.57375 0.57 0.0725 0.114444 0.939453
0 0.92125 0.362778 0.035 0.03 0.892578
5 0.440625 0.382222 0.0675 0.0522222 0.88623
2 0.322813 0.486111 0.03875 0.0588889 0.875977
0 0.341875 0.332778 0.01625 0.0222222 0.829102
2 0.7375 0.390556 0.015 0.0433333 0.792969
0 0.324922 0.333056 0.0176563 0.0227778 0.773438
0 0.365 0.327222 0.01625 0.0238889 0.770508
7 0.234375 0.502778 0.00687499 0.0222222 0.770508
7 0.666875 0.464444 0.00625 0.0222223 0.756348
0 0.35125 0.323889 0.013125 0.0227778 0.754883
7 0.0232422 0.528611 0.00523437 0.0161111 0.744629
0 0.0262939 0.448889 0.0257715 0.03 0.729492
0 0.306094 0.337222 0.0171875 0.0222222 0.726562
0 0.406563 0.318611 0.015 0.0233333 0.710449
2 0.0328906 0.473889 0.0163281 0.0311111 0.704102
0 0.00427734 0.455 0.00855469 0.0277778 0.690918
7 0.925 0.457222 0.00499999 0.0144444 0.649414
7 0.6775 0.479444 0.00749995 0.0233333 0.620605
2 0.207813 0.371667 0.00999999 0.0233333 0.577637
5 0.389063 0.316111 0.016875 0.0311111 0.567871
7 0.221563 0.517222 0.0078125 0.025 0.565918
0 0.41375 0.311111 0.01 0.0211111 0.562012
2 0.218281 0.368611 0.00843749 0.0227778 0.523438
7 0.68375 0.353333 0.00500005 0.0133333 0.521484
0 0.376875 0.323333 0.0125 0.0211111 0.517578
7 0.145469 0.415556 0.00375001 0.0122222 0.492188
0 0.37625 0.316389 0.0125 0.02 0.484375
7 0.72875 0.438333 0.00499999 0.0188889 0.458008
7 0.92375 0.466389 0.00499999 0.0161111 0.44751
0 0.36625 0.313333 0.01125 0.0183333 0.435791
0 0.35 0.320556 0.01375 0.0222222 0.434082
7 0.125938 0.418889 0.0034375 0.00999999 0.432129
7 0.75 0.414444 0.00499999 0.0133333 0.430176
0 0.384375 0.294167 0.00749998 0.0138889 0.373779
0 0.413438 0.294722 0.010625 0.0172222 0.363037
0 0.3675 0.306389 0.010625 0.0166667 0.358398
7 0.73875 0.431667 0.00499999 0.0188889 0.350342
7 0.72375 0.401111 0.00375004 0.0177778 0.334473
5 0.4025 0.293889 0.010625 0.0211111 0.332764
7 0.634375 0.329444 0.00375004 0.0122222 0.324219
0 0.36875 0.296667 0.01125 0.0144444 0.303955
7 0.745 0.422778 0.00499999 0.0177778 0.29248
0 0.375 0.295 0.01125 0.0166667 0.267334
2 0.28125 0.331111 0.01 0.0177778 0.240723
0 0.39 0.314722 0.015 0.03 0.213379
0 0.393125 0.295556 0.0125 0.0222222 0.209473
0 0.414375 0.311667 0.01375 0.0211111 0.193115
0 0.309375 0.333889 0.015 0.0205556 0.162964
7 0.0640625 0.471389 0.004375 0.0127778 0.151978
2 0.218438 0.365 0.00687501 0.02 0.122498
0 0.4125 0.282778 0.00874999 0.0127778 0.0943604
3 0.81 0.3 0.00749995 0.02 0.0903931
7 0.735 0.432222 0.00625 0.0166667 0.0872803
7 0.00816284 0.542361 0.00672119 0.0197222 0.0786133
0 0.416875 0.286111 0.01 0.0133333 0.0775146
0 0.49375 0.267222 0.00874999 0.00944446 0.0682983
7 0.65375 0.327778 0.00374997 0.0122222 0.0648804
5 0.494375 0.262778 0.00687501 0.0105555 0.0646362
2 0.0362891 0.473333 0.0216406 0.0255555 0.0621033
7 0.12875 0.415556 0.0034375 0.0133334 0.0587769
0 0.378438 0.29 0.00750001 0.0127778 0.053894
2 0.197813 0.369444 0.00750001 0.0205555 0.0535889
7 0.72625 0.442222 0.00499999 0.0177778 0.0492249
7 0.221094 0.508889 0.0065625 0.0266667 0.0487671
3 0.70875 0.31 0.00500005 0.0188889 0.0406799
2 0.218125 0.372778 0.00812499 0.0255556 0.0402527
7 0.235 0.366667 0.003125 0.00888889 0.036499
0 0.43625 0.278056 0.00562503 0.00944446 0.035675
0 0.00698242 0.451667 0.0138867 0.0266667 0.0323486
7 0.0498438 0.477222 0.00375 0.0144444 0.0318604
7 0.265938 0.3625 0.00312502 0.0111111 0.0285492
0 0.30375 0.339444 0.02 0.0222222 0.0282135
0 0.404375 0.283889 0.00875003 0.0133333 0.0257568
2 0.279688 0.332222 0.011875 0.0183333 0.0211182
7 0.148438 0.412778 0.00374999 0.0127778 0.0204468
0 0.33875 0.321667 0.0125 0.0188889 0.0183411
0 0.475313 0.259167 0.00499999 0.00666665 0.0146179
7 0.666875 0.353889 0.00374997 0.0122222 0.0141144
2 0.735 0.390556 0.0125 0.045 0.0136871
0 0.42125 0.28 0.009375 0.0116667 0.0133743
7 0.67 0.344444 0.00250003 0.0155556 0.0127716
2 0.29375 0.342778 0.009375 0.0177778 0.0105286
7 0.166406 0.418333 0.00406251 0.0111111 0.0100937
2 0.77625 0.352222 0.00750001 0.0288889 0.00997162
7 0.636563 0.318333 0.00437501 0.0122222 0.00993347
7 0.594375 0.312778 0.00499999 0.0111111 0.00981903
0 0.00383545 0.461667 0.0076709 0.0388889 0.00926971
0 0.485 0.256944 0.00625 0.01 0.0085144
0 0.425313 0.389444 0.036875 0.0333333 0.00793457
3 0.189688 0.371111 0.00437501 0.0211111 0.00787354
7 0.736875 0.4275 0.00625 0.0216667 0.00769424
0 0.441875 0.379444 0.06375 0.0488889 0.00748825
6 0.45375 0.377222 0.039375 0.0444444 0.00643921
7 0.26625 0.352778 0.00406251 0.0116667 0.00629044
0 0.42 0.31 0.0125 0.02 0.00621796
2 0.715 0.391389 0.015 0.0388889 0.00621796
7 0.229844 0.369444 0.00406249 0.0166667 0.00621796
7 0.654375 0.318056 0.00250003 0.0111111 0.00605011
2 0.217188 0.358333 0.00718751 0.0222223 0.00598145
7 0.7775 0.350278 0.00749995 0.0233333 0.00582123
0 0.3525 0.313333 0.015 0.0216667 0.00502014
0 0.423125 0.296667 0.00750001 0.0133333 0.00468063
7 0.56625 0.316944 0.00499999 0.0116667 0.00446701
7 0.645 0.318333 0.00250003 0.0122222 0.00445175
0 0.411875 0.271389 0.00750001 0.0105555 0.00439835
3 0.865625 0.310556 0.00499999 0.02 0.00436401
7 0.275313 0.349444 0.00375001 0.0122222 0.00416565
0 0.393125 0.282222 0.00749998 0.0111111 0.00413513
0 0.44875 0.268333 0.00499999 0.00888889 0.00408554
0 0.0037793 0.404722 0.00746094 0.0155556 0.00391388
7 0.68625 0.315 0.00499999 0.0122222 0.00372124
7 0.369063 0.628889 0.0825 0.128889 0.00370789
0 0.533438 0.277778 0.00562503 0.00833333 0.00367928
7 0.67125 0.475 0.00749995 0.0233333 0.00367928
2 0.0268555 0.404444 0.00675781 0.0177778 0.00353813
7 0.5725 0.318611 0.00750001 0.0127778 0.00322342
7 0.59625 0.301111 0.00437495 0.0144444 0.00321007
2 0.695 0.333611 0.00999997 0.0272222 0.00319672
0 0.00331055 0.423889 0.00662109 0.0233333 0.00318527
0 0.98625 0.334444 0.00999997 0.0144444 0.00305176
0 0.445 0.262222 0.00375001 0.00666668 0.00302696
0 0.455 0.379444 0.03875 0.0455556 0.00302696
3 0.0300977 0.409444 0.00734375 0.0166667 0.00296974
0 0.465 0.264444 0.00375001 0.0105555 0.0029583
0 0.96625 0.345 0.015 0.02 0.00293541
2 0.03375 0.4025 0.00804688 0.0183333 0.00288963
0 0.445 0.273889 0.00499999 0.0122222 0.00284576
2 0.297969 0.341389 0.00968749 0.0205556 0.00271416
2 0.725 0.392222 0.00750001 0.0355555 0.00265312
0 0.469375 0.268889 0.00500002 0.00777777 0.00265312
1 0.362813 0.273889 0.05625 0.0666667 0.00244331
2 0.187344 0.37 0.01 0.0211111 0.00239754
2 0.220313 0.368333 0.010625 0.0222222 0.00232315
7 0.916875 0.472222 0.00499999 0.0144445 0.00221634
7 0.7075 0.400556 0.00499999 0.0211111 0.00216484
7 0.695 0.3175 0.00499999 0.0127778 0.00196457
7 0.475 0.583333 0.06625 0.114444 0.00196457
7 0.75375 0.415 0.00499999 0.0161111 0.00191212
7 0.285625 0.346944 0.00562503 0.0138889 0.0018177
3 0.77625 0.359444 0.00750001 0.0361111 0.00178909
2 0.184844 0.381389 0.0115625 0.025 0.00178242
7 0.928125 0.450556 0.00499999 0.0177778 0.00178242
3 0.695 0.449444 0.00999997 0.0722222 0.0016613
7 0.70625 0.309444 0.00499999 0.0155555 0.00162315
2 0.0420215 0.477222 0.0117383 0.0322222 0.0015974
7 0.146094 0.409722 0.00406251 0.0166667 0.00156116
7 0.723125 0.447778 0.00499999 0.02 0.00148392
3 0.48875 0.309444 0.00562499 0.0233333 0.00145531
3 0.25 0.341944 0.00374999 0.0205556 0.00145531
0 0.969375 0.370556 0.04 0.0277778 0.00144958
2 0.176406 0.371667 0.00499999 0.0177778 0.00140476
2 0.154688 0.370556 0.00578125 0.0188889 0.00139427
7 0.574688 0.326667 0.00499999 0.0133333 0.00135612
0 0.96375 0.336667 0.0125 0.0177778 0.00128937
2 0.81125 0.298611 0.00875003 0.0205555 0.00127411
0 0.00592285 0.386667 0.0108496 0.0188889 0.00125504
7 0.115469 0.436389 0.0046875 0.0122222 0.00124454
7 0.56625 0.327222 0.00499999 0.0127778 0.0011692
0 0.97375 0.335556 0.025 0.0183333 0.00116062
0 0.0127905 0.405556 0.0105518 0.0155556 0.00115585
0 0.525625 0.275278 0.00500002 0.00944446 0.00112915
7 0.0557031 0.472778 0.00359375 0.0111111 0.00112438
0 0.435625 0.261944 0.00437501 0.00944443 0.00109863
0 0.464375 0.273889 0.00499999 0.00999999 0.00109005
5 0.433125 0.391111 0.051875 0.0344445 0.00105286
3 0.69375 0.448611 0.00874996 0.0605555 0.00101185
0 0.53 0.269444 0.00437501 0.00777777 0.00100803
