0 0.671875 0.53875 0.13125 0.249167 0.958008
5 0.85875 0.1125 0.0525 0.0913889 0.939941
0 0.37625 0.135972 0.06 0.0497222 0.902832
0 0.518125 0.0815278 0.040625 0.0356944 0.889648
0 0.415313 0.0853472 0.04125 0.0331944 0.875977
0 0.205 0.220278 0.039375 0.0622222 0.871582
0 0.473125 0.0466667 0.015 0.0211111 0.865234
0 0.0882813 0.251111 0.0332813 0.0333333 0.853027
0 0.495625 0.0271181 0.0125 0.0170833 0.841797
0 0.327578 0.0873611 0.0160938 0.0227778 0.833496
0 0.180625 0.201389 0.0453125 0.04 0.824219
7 0.243906 0.281111 0.0078125 0.0238889 0.817383
0 0.0346484 0.304444 0.0361719 0.0388889 0.812988
0 0.345313 0.0826389 0.015625 0.0219444 0.810547
2 0.035625 0.348333 0.0165625 0.04 0.808105
0 0.365625 0.0744444 0.019375 0.0245833 0.806641
7 0.7025 0.198333 0.00749995 0.0244444 0.804199
0 0.385 0.0681944 0.01625 0.0209722 0.803223
7 0.74375 0.173333 0.00750001 0.0211111 0.800781
2 0.82375 0.175833 0.035 0.0544444 0.79248
0 0.74 0.0530556 0.0362501 0.02375 0.782715
0 0.77875 0.0659722 0.04125 0.0261111 0.769043
7 0.257812 0.262778 0.00687499 0.0222222 0.73584
0 0.553125 0.0249306 0.01875 0.0180556 0.729492
1 0.91875 0.0779167 0.0725 0.0538889 0.728027
0 0.00776367 0.32 0.0152539 0.035 0.723145
2 0.276563 0.114201 0.0125 0.0204861 0.71875
0 0.7175 0.0573611 0.0425 0.0272222 0.712402
2 0.074375 0.283333 0.0185938 0.04 0.700684
0 0.425938 0.0581944 0.016875 0.0222222 0.6875
0 0.790625 0.0597917 0.03375 0.0243056 0.67041
7 0.769375 0.130972 0.00374997 0.0161111 0.645996
7 0.945 0.220278 0.00499999 0.0169444 0.59082
0 0.970625 0.105556 0.02375 0.0236111 0.562012
0 0.358125 0.0708333 0.013125 0.0202778 0.550781
0 0.375 0.0654167 0.0125 0.0191667 0.533203
7 0.0280859 0.375556 0.00507813 0.0211111 0.500977
0 0.425625 0.0325694 0.01 0.0138889 0.494141
0 0.387812 0.0494444 0.011875 0.0256944 0.451416
7 0.705 0.0795833 0.00249996 0.0111111 0.44165
0 0.402188 0.0501389 0.013125 0.0191667 0.437744
2 0.613125 0.0343056 0.00875003 0.0230556 0.435791
0 0.413125 0.0429861 0.01125 0.0184722 0.424316
0 0.345938 0.0722222 0.014375 0.0211111 0.405518
0 0.00381836 0.298889 0.00763672 0.0311111 0.401611
7 0.7525 0.163056 0.00500005 0.02 0.398926
0 0.4325 0.0277778 0.00750001 0.0130556 0.394287
2 0.0790625 0.283889 0.0167188 0.0355555 0.390381
0 0.399063 0.0518056 0.013125 0.0219444 0.368408
7 0.773125 0.146389 0.00499999 0.0172222 0.355713
5 0.91875 0.0777778 0.0725 0.0544444 0.289307
7 0.74625 0.125 0.00500005 0.0177778 0.23938
0 0.386563 0.0517361 0.013125 0.0272222 0.230957
0 0.43 0.0223611 0.00750001 0.0108333 0.223389
0 0.418125 0.0339931 0.01 0.0165972 0.208862
7 0.145391 0.21125 0.00406251 0.0122222 0.203125
0 0.343125 0.0775 0.013125 0.0197222 0.182983
0 0.380313 0.0680556 0.013125 0.0216667 0.181274
7 0.753125 0.161528 0.00499999 0.0194444 0.168823
7 0.0278516 0.377778 0.00664063 0.0211111 0.163452
7 0.94625 0.214861 0.00499999 0.0183333 0.156616
0 0.430938 0.0495833 0.011875 0.0211111 0.138428
7 0.0426563 0.362222 0.00570312 0.0177778 0.136597
7 0.67375 0.05 0.00249996 0.0111111 0.122498
2 0.602813 0.040625 0.00750001 0.0225 0.117188
0 0.405938 0.0300694 0.00750001 0.00993056 0.112427
0 0.349063 0.0797222 0.015 0.0227778 0.104492
0 0.374375 0.06 0.0125 0.0188889 0.0950317
5 0.0180859 0.246667 0.0190625 0.025 0.0900879
3 0.195938 0.155417 0.00499999 0.0247222 0.0792236
0 0.408438 0.0848611 0.028125 0.0305556 0.0789185
0 0.398125 0.0590972 0.011875 0.0183333 0.0755615
0 0.491875 0.00756076 0.00750001 0.0114063 0.0708008
7 0.65625 0.0502778 0.00375004 0.0108333 0.0708008
0 0.4075 0.0490278 0.015 0.0194444 0.0685425
7 0.0279883 0.372222 0.00667969 0.0177778 0.0621033
0 0.414375 0.0822917 0.03375 0.0316667 0.0592041
7 0.691875 0.183333 0.00625 0.0222222 0.0587769
0 0.400938 0.0586111 0.0125 0.0172222 0.0469055
2 0.275938 0.110833 0.0128125 0.0241667 0.0451965
2 0.60625 0.0357986 0.00750001 0.0225694 0.044342
7 0.00696289 0.38 0.00734375 0.0211111 0.0441895
7 0.94125 0.220278 0.00500005 0.0166667 0.041626
0 0.438125 0.01375 0.00812502 0.0104167 0.0390625
7 0.249844 0.125556 0.003125 0.0111111 0.0366211
7 0.670625 0.0515972 0.00375004 0.0116667 0.0342407
7 0.095 0.274167 0.004375 0.015 0.0319824
0 0.37625 0.0515278 0.00999997 0.0166667 0.0313721
2 0.611875 0.0315625 0.00749995 0.0252083 0.0303345
2 0.731875 0.0365972 0.00999997 0.0193056 0.0301056
7 0.257188 0.265556 0.00750001 0.0266667 0.0297546
0 0.9725 0.107917 0.02875 0.0266667 0.0292053
5 0.0150195 0.251111 0.0227734 0.0288889 0.0278015
3 0.00845825 0.264167 0.00792725 0.0211111 0.0258636
0 0.196563 0.195556 0.029375 0.0372222 0.0231476
0 0.0104297 0.306667 0.0175195 0.0322222 0.0229797
3 0.19625 0.171111 0.00562499 0.0211111 0.0227966
2 0.520625 0.0538194 0.0125 0.0215278 0.0193481
7 0.254844 0.134167 0.00343749 0.00777777 0.0191193
7 0.145938 0.221111 0.00375001 0.0105556 0.0181274
7 0.595 0.0455556 0.00374997 0.0131944 0.0173798
7 0.70125 0.0729167 0.00499999 0.015 0.0171814
2 0.7275 0.0367014 0.00999997 0.0190972 0.0160217
0 0.84125 0.0676389 0.0125 0.0152778 0.0157776
0 0.96625 0.108056 0.0275 0.0272222 0.0155411
0 0.00578125 0.331111 0.0115625 0.0544445 0.0150146
2 0.279063 0.115694 0.013125 0.0216667 0.0133286
7 0.76375 0.151944 0.00499999 0.0172222 0.0130234
0 0.488125 0.00847222 0.00874999 0.00986111 0.0121002
7 0.82625 0.195694 0.01 0.0252778 0.0119629
7 0.139688 0.209444 0.00421874 0.0166667 0.0116882
0 0.443125 0.0431944 0.01 0.0190278 0.0115509
7 0.874375 0.173472 0.00625 0.0166667 0.0112915
2 0.205313 0.150833 0.008125 0.0266667 0.0104523
0 0.0307227 0.298333 0.0294922 0.0333333 0.0103302
0 0.460313 0.00494792 0.00499999 0.00989583 0.00974274
7 0.665 0.0488194 0.00250003 0.00944445 0.00952148
0 0.34875 0.0620139 0.01125 0.0179167 0.00952148
0 0.337813 0.0708333 0.009375 0.0166667 0.00948334
0 0.935 0.0971528 0.0375 0.0254167 0.00861359
0 0.995938 0.134583 0.00812499 0.0327778 0.00812531
7 0.69125 0.186389 0.00750001 0.025 0.00812531
7 0.74875 0.128333 0.00375004 0.0177778 0.00803375
0 0.411875 0.0663889 0.0175 0.02 0.00740433
0 0.93 0.0841667 0.0475 0.0433333 0.00734711
3 0.123438 0.192222 0.00625 0.02 0.00714874
3 0.19125 0.161111 0.00812499 0.0244445 0.00695801
0 0.71125 0.0553472 0.0325 0.0240278 0.00682449
7 0.294688 0.115833 0.00437498 0.0116667 0.00666809
2 0.733125 0.108333 0.01125 0.0405556 0.00638962
2 0.205625 0.142917 0.009375 0.0205556 0.00624084
0 0.445 0.0135417 0.00625 0.00972222 0.00602722
2 0.532813 0.0472222 0.00812502 0.0225 0.00593567
0 0.455 0.00961806 0.00499999 0.00798611 0.00577545
0 0.00357666 0.281111 0.00715332 0.0222222 0.00572968
0 0.85875 0.0925 0.0475 0.0516667 0.00566483
7 0.65 0.0534722 0.00249996 0.0108333 0.00557709
0 0.510938 0.0795833 0.02875 0.0363889 0.00551224
0 0.395625 0.0309028 0.00625 0.00833333 0.00540543
2 0.275156 0.117361 0.0134375 0.0225 0.00516129
3 0.00685425 0.263333 0.00672119 0.0166667 0.00503922
5 0.0160449 0.245278 0.0200586 0.0294444 0.00492477
2 0.69625 0.0309028 0.00374997 0.0126389 0.00450516
3 0.230313 0.130139 0.00375001 0.0205556 0.00439835
0 0.99625 0.126806 0.00749995 0.0322222 0.00426483
0 0.0816406 0.247222 0.0279687 0.0327778 0.0042305
2 0.785 0.034375 0.00999997 0.0168056 0.00421524
3 0.184688 0.161111 0.0059375 0.0255555 0.0041008
7 0.575 0.0297917 0.00499999 0.0113889 0.00400543
0 0.846875 0.0720833 0.02875 0.0213889 0.0039444
2 0.295313 0.1 0.00812502 0.0172222 0.0039444
0 0.8475 0.0790278 0.0300001 0.0283333 0.00388527
0 0.85125 0.0850694 0.035 0.0384722 0.00385475
0 0.84125 0.0707639 0.015 0.01875 0.00382423
7 0.235469 0.136667 0.00374999 0.015 0.00365067
7 0.00608887 0.377778 0.00852539 0.03 0.00348282
7 0.225 0.152778 0.003125 0.00888888 0.00319672
0 0.85875 0.140556 0.05125 0.0391667 0.00319672
0 0.496875 0.00482639 0.010625 0.00965278 0.00314713
0 0.934375 0.0788889 0.04125 0.0502778 0.00305176
0 0.385625 0.0715278 0.0175 0.0247222 0.00304031
7 0.135547 0.2225 0.00328126 0.0105556 0.00302696
7 0.674375 0.0634028 0.00374997 0.00722222 0.00288963
3 0.182344 0.165972 0.0075 0.0238889 0.00288963
0 0.365625 0.0469444 0.00749998 0.0133333 0.0028553
0 0.86125 0.0790278 0.045 0.0277778 0.00283432
4 0.0139551 0.253611 0.0129883 0.0261111 0.00263214
7 0.68625 0.0802778 0.00375004 0.0102778 0.00255013
3 0.0686328 0.248889 0.0127344 0.0216667 0.0024929
0 0.00535645 0.378333 0.00856445 0.0344444 0.00247192
7 0.73125 0.119444 0.00499999 0.0302778 0.00247192
7 0.725625 0.0768056 0.00499999 0.0166667 0.00235939
2 0.623125 0.0336806 0.00687497 0.0175 0.00227928
7 0.0539844 0.308611 0.00382812 0.0177778 0.00221634
2 0.733125 0.112257 0.00750001 0.034375 0.00218201
5 0.0465625 0.228194 0.0103125 0.0202778 0.00216484
0 0.443125 0.0310417 0.00874999 0.0165278 0.00213242
2 0.0491406 0.233611 0.0123438 0.0227778 0.00211525
3 0.705 0.0315278 0.00499999 0.0111806 0.00209999
0 0.473125 0.0354514 0.01125 0.0189583 0.00202751
2 0.175938 0.174861 0.00562499 0.0163889 0.00201988
3 0.0351172 0.2625 0.00671875 0.02 0.0019722
3 0.167188 0.158056 0.00625 0.0183333 0.00194168
2 0.284687 0.104028 0.00531251 0.0155556 0.00186729
7 0.244844 0.134444 0.0034375 0.00888888 0.00185299
0 0.00580078 0.424167 0.0115625 0.0644445 0.00181007
0 0.42875 0.0144444 0.01 0.0111111 0.00175476
0 0.6975 0.0580556 0.00750001 0.0216667 0.0017271
7 0.655 0.0614583 0.00249996 0.00930555 0.00168705
3 0.610625 0.0440972 0.00625 0.0266667 0.0016489
7 0.9475 0.224722 0.00500005 0.0222222 0.00163555
3 0.97 0.1675 0.00625 0.0277778 0.00162888
7 0.114922 0.227917 0.00390625 0.0136111 0.00161076
7 0.252813 0.267222 0.0109375 0.0277778 0.0014782
0 0.87375 0.0830556 0.02 0.0308333 0.00146675
3 0.125078 0.215972 0.0034375 0.0230556 0.00144386
0 0.9875 0.136389 0.0249999 0.0308333 0.00143814
7 0.7725 0.142639 0.00499999 0.0175 0.0014267
0 0.940625 0.0873611 0.03375 0.0348611 0.00138855
0 0.410625 0.0250694 0.01125 0.0169444 0.0012846
2 0.197813 0.14375 0.00843751 0.0219444 0.00123501
2 0.0569531 0.247361 0.0128125 0.0186111 0.00123024
7 0.154844 0.221389 0.00375001 0.0122222 0.00122547
3 0.59 0.0217361 0.00625 0.0144444 0.00121593
0 0.19875 0.163056 0.021875 0.0422222 0.0011425
7 0.68875 0.183472 0.00875003 0.0227778 0.00112915
7 0.104531 0.228056 0.00375 0.0155556 0.00112057
7 0.305313 0.100833 0.00437501 0.0144444 0.0011158
5 0.0526563 0.223333 0.0121875 0.0244444 0.00107288
0 0.905 0.0683333 0.045 0.0347222 0.00106049
