0 0.478125 0.828889 0.1075 0.234444 0.954102
0 0.31 0.845556 0.124375 0.213333 0.953125
0 0.668125 0.911111 0.1525 0.177778 0.94873
1 0.74875 0.647778 0.2675 0.46 0.943359
0 0.129375 0.746667 0.119375 0.16 0.942383
0 0.284063 0.607778 0.08 0.12 0.941895
0 0.585938 0.597222 0.083125 0.131111 0.938477
0 0.486875 0.61 0.06875 0.146667 0.9375
0 0.360703 0.637222 0.0873438 0.134444 0.932617
0 0.241094 0.57125 0.085 0.0975 0.922852
0 0.171836 0.413333 0.0444531 0.0344445 0.862305
7 0.235938 0.503889 0.0075 0.0233333 0.838867
0 0.0284424 0.460833 0.0336621 0.0294445 0.782715
0 0.7425 0.325556 0.0375 0.0311111 0.78125
0 0.385625 0.326111 0.0175 0.0261111 0.767578
0 0.364688 0.330278 0.015625 0.0205556 0.766113
0 0.34375 0.335556 0.01625 0.0222222 0.757812
0 0.411563 0.346111 0.04125 0.0311111 0.747559
0 0.8325 0.33 0.035 0.0244444 0.744629
0 0.44875 0.325 0.02125 0.0211111 0.741699
7 0.75 0.415 0.00499999 0.0183333 0.71875
0 0.326563 0.336667 0.01375 0.02 0.705566
0 0.483125 0.279444 0.00999997 0.0133333 0.695801
7 0.72375 0.398889 0.00499999 0.0155555 0.692871
7 0.222188 0.518889 0.00718751 0.0244445 0.656738
2 0.605625 0.313889 0.0137499 0.0211111 0.642578
0 0.87375 0.329444 0.0275 0.02 0.625977
0 0.72625 0.324167 0.03 0.0216667 0.624512
0 0.305938 0.34 0.0175 0.02 0.609375
7 0.73875 0.429444 0.00499999 0.0222222 0.601074
2 0.575938 0.314444 0.00875003 0.0233333 0.59082
0 0.78875 0.326111 0.035 0.0244445 0.57373
0 0.00592774 0.468056 0.0118555 0.0266667 0.571777
7 0.925 0.455556 0.00499999 0.0172222 0.554688
0 0.7875 0.321111 0.03 0.0233333 0.544922
2 0.173594 0.384444 0.0075 0.02 0.541016
7 0.0106348 0.544306 0.00576172 0.0202778 0.526367
2 0.66375 0.317778 0.00750001 0.0277778 0.480469
3 0.0235205 0.516944 0.0115527 0.0461111 0.478516
0 0.210625 0.394444 0.024375 0.0322222 0.462891
0 0.875 0.3325 0.03 0.02 0.460938
2 0.2425 0.349167 0.00625 0.0166667 0.453369
7 0.684375 0.352778 0.00375004 0.0133333 0.443604
0 0.876875 0.3225 0.02375 0.0194444 0.401611
2 0.649844 0.421667 0.0203125 0.0516667 0.390381
3 0.0373828 0.497222 0.00671875 0.0411111 0.388672
0 0.472813 0.2925 0.01375 0.02 0.386719
2 0.68875 0.413611 0.0175 0.045 0.37207
0 0.40625 0.316667 0.01625 0.0311111 0.354004
7 0.145547 0.418889 0.00375001 0.0133333 0.343262
0 0.84125 0.327222 0.0300001 0.0233333 0.324219
2 0.0226172 0.516389 0.010625 0.0461111 0.324219
2 0.227188 0.361667 0.0096875 0.0222222 0.300781
3 0.6525 0.421111 0.0125 0.0516667 0.273682
0 0.455 0.315278 0.02 0.0216667 0.262939
0 0.353125 0.318611 0.01125 0.0172222 0.26123
7 0.63375 0.330556 0.00374997 0.0116667 0.258301
0 0.485 0.261111 0.00625 0.0133333 0.253906
7 0.0497656 0.479444 0.00390625 0.0133333 0.248047
0 0.314531 0.334444 0.0134375 0.02 0.246582
3 0.7425 0.385556 0.01 0.0455556 0.235107
0 0.37125 0.315278 0.01375 0.0211111 0.233765
3 0.0206201 0.513333 0.00797852 0.0438889 0.228882
3 0.743125 0.386667 0.00749995 0.0422222 0.223999
3 0.65125 0.421111 0.0175 0.0533333 0.220703
3 0.253438 0.358611 0.005 0.0211111 0.219971
2 0.213906 0.370556 0.00718749 0.0244444 0.216675
7 0.7375 0.426111 0.00499999 0.0166667 0.211426
7 0.729375 0.437778 0.00625 0.0238889 0.20813
2 0.646875 0.431667 0.0325 0.0555556 0.203735
0 0.39375 0.293889 0.01125 0.0166667 0.199341
0 0.345 0.318056 0.01125 0.0138889 0.195557
0 0.411875 0.291944 0.01375 0.0161111 0.193726
0 0.3875 0.305556 0.0125 0.0177778 0.193115
7 0.0638672 0.474444 0.00398438 0.0122222 0.188965
0 0.472188 0.269444 0.00750001 0.0127778 0.180664
0 0.332188 0.321111 0.011875 0.0188889 0.179565
0 0.39375 0.310556 0.010625 0.015 0.178955
0 0.47375 0.261389 0.00750001 0.0105555 0.161377
0 0.388125 0.298333 0.0125 0.0166667 0.154541
2 0.210625 0.375 0.0075 0.0211111 0.154541
2 0.5875 0.312778 0.00874996 0.0227778 0.150513
2 0.21 0.396667 0.023125 0.0322222 0.141235
7 0.7375 0.433333 0.00499999 0.0194444 0.140381
0 0.358125 0.325278 0.01375 0.0194444 0.137085
3 0.588438 0.311944 0.00625 0.0222222 0.127686
2 0.653594 0.423889 0.0303125 0.0588889 0.124207
0 0.370625 0.309167 0.01125 0.0194444 0.123779
0 0.362188 0.316389 0.01375 0.0166667 0.117554
7 0.126563 0.422222 0.00375 0.0105555 0.111267
0 0.3325 0.328889 0.01625 0.0222222 0.108215
2 0.225 0.356944 0.00687499 0.0188889 0.105591
0 0.495 0.260556 0.00750001 0.01 0.10376
2 0.205469 0.373889 0.00531249 0.0211111 0.103027
0 0.77 0.33 0.0375 0.0244444 0.0997925
0 0.8375 0.323333 0.03125 0.0211111 0.0974121
0 0.406875 0.303333 0.015 0.0227778 0.0927124
2 0.456875 0.314444 0.019375 0.0222222 0.0897827
0 0.47375 0.275556 0.01125 0.0116667 0.0891113
0 0.89625 0.330556 0.0325 0.02 0.0827026
3 0.220781 0.358889 0.005 0.0188889 0.0823975
7 0.67375 0.328611 0.00499999 0.0111111 0.0772095
0 0.88 0.335556 0.0275 0.0177778 0.0758667
0 0.181719 0.381111 0.0203125 0.0266667 0.0705566
0 0.41125 0.315 0.01625 0.0211111 0.0700684
0 0.505 0.256944 0.00625 0.00944443 0.0698242
3 0.266406 0.350556 0.004375 0.0155556 0.0632324
0 0.7775 0.323333 0.035 0.0244445 0.0568542
2 0.574063 0.313333 0.010625 0.0233333 0.0564575
2 0.195781 0.373056 0.005 0.0216667 0.0528259
3 0.19 0.372778 0.00562499 0.0211111 0.0490417
7 0.12875 0.416111 0.00375 0.0155555 0.0477905
2 0.599375 0.314444 0.0125 0.02 0.0455322
2 0.23 0.364722 0.0078125 0.0244444 0.0455322
2 0.655 0.431667 0.03 0.05 0.0446777
0 0.490313 0.269444 0.00687501 0.0111111 0.0437012
7 0.92375 0.465556 0.00499999 0.0211111 0.0411377
2 0.4725 0.295556 0.01375 0.0211111 0.0411377
0 0.379375 0.3025 0.0125 0.0166667 0.0402527
0 0.89 0.332222 0.0375 0.02 0.0399475
0 0.90125 0.331667 0.03125 0.0194444 0.0394897
0 0.526875 0.275556 0.00750001 0.00999999 0.0372009
3 0.0371484 0.507222 0.00859375 0.0488889 0.0360718
0 0.453125 0.321944 0.02875 0.0238889 0.0347595
2 0.1725 0.383889 0.00687501 0.0222222 0.0324707
3 0.268125 0.348889 0.005 0.0227778 0.0318604
0 0.8975 0.321667 0.025 0.02 0.0314941
3 0.0225195 0.511667 0.0110938 0.0461111 0.0314941
0 0.7075 0.322778 0.0325 0.0222222 0.0287628
3 0.275156 0.352222 0.0046875 0.0166667 0.0285492
0 0.422188 0.294444 0.00812499 0.0122222 0.0284424
2 0.198125 0.377222 0.00875001 0.0222222 0.0282135
7 0.0548438 0.478056 0.00375 0.0138889 0.0280151
0 0.88875 0.322778 0.0375 0.0233333 0.0258636
2 0.434375 0.329444 0.01 0.0177778 0.0257568
0 0.352813 0.310833 0.0125 0.0183333 0.0257568
0 0.53 0.271111 0.00750001 0.0111111 0.0253754
2 0.745 0.385556 0.015 0.0444444 0.0237732
7 0.65375 0.328889 0.00374997 0.00999999 0.0228882
0 0.415625 0.359444 0.04875 0.0433333 0.0227966
0 0.7125 0.324444 0.0425 0.0233333 0.0217743
3 0.251406 0.347222 0.00531251 0.02 0.0199432
0 0.329375 0.321944 0.015 0.0194444 0.0195007
3 0.214375 0.356667 0.005 0.0188889 0.0182648
0 0.8775 0.339444 0.025 0.0222222 0.0179138
0 0.371875 0.325556 0.0125 0.0222222 0.0175781
0 0.414375 0.351667 0.045 0.0377778 0.0168457
7 0.0438281 0.475556 0.00484375 0.0166667 0.0167847
0 0.365938 0.300278 0.009375 0.0133333 0.0164642
7 0.0240625 0.534167 0.00652344 0.0238889 0.0160217
2 0.64375 0.437222 0.03625 0.0577778 0.0151291
7 0.265938 0.36 0.00374999 0.0166667 0.0145569
7 0.923125 0.485 0.00625 0.02 0.013588
0 0.185781 0.371667 0.01125 0.0211111 0.0134277
0 0.954375 0.333333 0.01375 0.0177778 0.0130692
2 0.636875 0.451111 0.0425001 0.0516667 0.0127258
0 0.38625 0.331111 0.0175 0.0255556 0.0127258
7 0.745625 0.422778 0.00375004 0.0144444 0.012291
0 0.0033667 0.421667 0.0067334 0.0166667 0.0113297
3 0.163125 0.365556 0.00499999 0.0211111 0.0111618
2 0.105547 0.387222 0.00703125 0.0177778 0.011116
0 0.899375 0.335556 0.0325 0.0177778 0.0109024
0 0.00847656 0.456667 0.0149414 0.0244444 0.0106964
3 0.265625 0.338333 0.004375 0.0188889 0.0105667
0 0.514375 0.261389 0.00499999 0.00888889 0.0104523
2 0.115703 0.382222 0.00890625 0.0177778 0.01017
0 0.504688 0.245556 0.00625 0.0108333 0.00993347
7 0.65 0.335 0.00249996 0.0133333 0.00981903
2 0.122109 0.379444 0.00671875 0.0177778 0.00971222
2 0.235781 0.351111 0.004375 0.0144444 0.00963593
0 0.484375 0.245278 0.00625 0.0111111 0.00933838
0 0.468125 0.2775 0.00874999 0.0111111 0.00901794
2 0.68375 0.421111 0.03125 0.0544444 0.00881195
2 0.471563 0.292778 0.015625 0.0211111 0.0086441
7 0.685 0.36 0.00250003 0.0155555 0.0086441
7 0.145156 0.409444 0.00375001 0.02 0.00834656
2 0.68875 0.404722 0.0175 0.0477778 0.00803375
0 0.00426025 0.479444 0.00852051 0.0311111 0.00803375
0 0.788125 0.314444 0.0300001 0.0222222 0.00800323
2 0.60625 0.307778 0.00874996 0.0277778 0.00793457
7 0.928125 0.452222 0.00499999 0.0166667 0.00784302
3 0.0841406 0.399444 0.00484375 0.0211111 0.0078125
2 0.679375 0.432222 0.01875 0.0444444 0.0078125
0 0.9525 0.336667 0.01625 0.0155555 0.0078125
0 0.885625 0.34 0.03375 0.0233333 0.00760651
7 0.755 0.415 0.00375004 0.0177778 0.00748825
2 0.230313 0.361667 0.010625 0.0222222 0.00746155
0 0.725 0.3125 0.0325 0.0244444 0.00740433
0 0.8325 0.335556 0.03625 0.0288889 0.00703812
3 0.260469 0.351111 0.00531249 0.0211111 0.00701141
3 0.135 0.385556 0.00390625 0.0155555 0.0069313
7 0.72375 0.454444 0.00499999 0.0266667 0.00677109
0 0.9525 0.333611 0.02 0.0166667 0.00666809
0 0.49625 0.243611 0.00625 0.00888889 0.00661469
7 0.66375 0.380556 0.00499999 0.0155556 0.00643921
0 0.42125 0.276944 0.009375 0.0166667 0.00629044
7 0.67375 0.362778 0.00499999 0.0155555 0.00619125
3 0.584688 0.299444 0.00687504 0.0183333 0.00612259
7 0.665625 0.364444 0.00375004 0.0133333 0.00591278
7 0.566563 0.315556 0.00625 0.0161111 0.005867
0 0.535 0.262778 0.00437498 0.0111111 0.00561905
7 0.675 0.354444 0.00249996 0.0155555 0.00518036
0 0.4675 0.263333 0.00625 0.0111111 0.00510025
0 0.87375 0.338889 0.0275 0.0244444 0.0050621
7 0.486875 0.61 0.06875 0.146667 0.00502014
2 0.74 0.386389 0.0125 0.0488889 0.00479126
0 0.9575 0.335 0.02 0.0177778 0.00468063
3 0.73875 0.388056 0.00875003 0.0494444 0.00434875
0 0.891875 0.341111 0.04 0.0244444 0.00400543
0 0.865625 0.301111 0.00750001 0.0166667 0.00395966
0 0.420625 0.311389 0.01125 0.0172222 0.00395966
7 0.66625 0.348889 0.00499999 0.0244445 0.00391388
2 0.69875 0.435833 0.04375 0.0511111 0.00385475
0 0.41875 0.285 0.00749998 0.0122222 0.00363541
0 0.495625 0.273333 0.009375 0.0144444 0.00362206
0 0.417188 0.278889 0.009375 0.0116666 0.00358009
7 0.58625 0.598333 0.0825 0.132222 0.00342941
0 0.166094 0.388333 0.00625 0.0211111 0.00335121
7 0.67625 0.318333 0.00499999 0.02 0.00327301
7 0.69 0.343611 0.00875003 0.0194444 0.00322342
7 0.685 0.330833 0.00499999 0.0216667 0.00319672
7 0.244375 0.363056 0.004375 0.0155556 0.00318527
7 0.63125 0.335 0.00375004 0.0133333 0.00313568
3 0.548438 0.268056 0.00625 0.0188889 0.00309944
2 0.649375 0.435278 0.0275 0.0422222 0.00302696
3 0.0455469 0.486667 0.004375 0.0266667 0.00286674
7 0.689375 0.307778 0.00499999 0.0138889 0.00286674
0 0.72375 0.330556 0.05125 0.0277778 0.00284576
2 0.410625 0.3575 0.0375 0.0305556 0.00279045
2 0.675 0.297222 0.00499999 0.0133333 0.00269318
3 0.80875 0.306667 0.00750001 0.0166667 0.00266266
3 0.548438 0.301944 0.00750001 0.0177778 0.00258064
0 0.6375 0.449444 0.0425 0.0544445 0.00251198
0 0.459063 0.303333 0.01625 0.0233333 0.00245285
7 0.72375 0.394167 0.00499999 0.0238889 0.00245285
0 0.00432129 0.447778 0.00864258 0.0277778 0.002388
0 0.69125 0.442778 0.06 0.0544444 0.00232315
0 0.974375 0.335556 0.01875 0.0188889 0.00222588
2 0.0769922 0.398333 0.00914063 0.0233333 0.00219917
3 0.105469 0.396667 0.005 0.0222222 0.00217438
0 0.9 0.343056 0.0375 0.0233333 0.00216484
2 0.575 0.318333 0.01 0.0277778 0.00214958
0 0.533125 0.273889 0.00625003 0.0111111 0.00211525
0 0.928125 0.33 0.0225 0.0183333 0.00210762
3 0.775 0.341111 0.01125 0.0266667 0.00208282
0 0.38 0.290833 0.00874999 0.015 0.00204277
3 0.291563 0.337222 0.00625 0.0177778 0.00198746
7 0.36125 0.637778 0.083125 0.135556 0.00196457
3 0.255625 0.3375 0.00531251 0.0211111 0.00195694
0 0.355938 0.3 0.010625 0.0155556 0.00194168
0 0.319375 0.32 0.0125 0.0194444 0.00182438
3 0.150469 0.375556 0.00531249 0.0194444 0.00182438
7 0.669375 0.37 0.00625 0.0222222 0.00178909
0 0.904375 0.318611 0.0275 0.0194444 0.00171375
0 0.04125 0.436667 0.015625 0.0233333 0.00152493
0 0.475938 0.247778 0.00625 0.0144444 0.00150681
0 0.593125 0.302778 0.00999997 0.0211111 0.0014782
7 0.284844 0.348889 0.00499999 0.0133333 0.00143814
2 0.576875 0.306111 0.00687504 0.025 0.0014267
3 0.654375 0.431667 0.0175 0.0455556 0.00140476
3 0.72375 0.383611 0.00499999 0.0433333 0.00139904
2 0.699375 0.42 0.035 0.0533333 0.00138855
3 0.205 0.356111 0.00374999 0.0216667 0.00136185
1 0.850625 0.710556 0.065 0.25 0.00136185
0 0.217188 0.391389 0.01625 0.0294444 0.00132465
2 0.556875 0.293333 0.01125 0.0144444 0.00130463
3 0.155234 0.371111 0.00390625 0.02 0.00129414
2 0.70875 0.411111 0.00999997 0.0388889 0.00129414
7 0.755 0.507778 0.01 0.0311111 0.00123501
2 0.71625 0.387222 0.00999997 0.0316667 0.0012064
2 0.585938 0.321667 0.00812499 0.0233333 0.00116539
2 0.71375 0.404167 0.00750001 0.0255556 0.00116062
0 0.52625 0.263333 0.00499999 0.0111111 0.00113392
0 0.82875 0.325 0.0300001 0.0266667 0.00112438
3 0.0164941 0.503333 0.00728516 0.04 0.00109863
0 0.761875 0.338333 0.025 0.0255556 0.00108147
2 0.63125 0.453056 0.03125 0.0488889 0.00108147
7 0.234063 0.52 0.0125 0.0344445 0.00108147
3 0.764375 0.296667 0.00625 0.0161111 0.00106049
0 0.690625 0.458889 0.06875 0.0822222 0.00103664
