0 0.693125 0.756111 0.17375 0.394444 0.963867
0 0.235781 0.861667 0.209063 0.274444 0.959473
0 0.188906 0.648333 0.151563 0.264444 0.955566
0 0.349375 0.559028 0.12 0.2175 0.954102
0 0.944375 0.897222 0.11125 0.205555 0.952637
0 0.495938 0.433889 0.0875 0.194444 0.944824
0 0.595625 0.256111 0.06875 0.104444 0.944336
0 0.718125 0.330556 0.095 0.125556 0.943848
0 0.625 0.391667 0.09625 0.165556 0.941406
0 0.8125 0.508611 0.16125 0.253889 0.936523
0 0.50125 0.281944 0.063125 0.105556 0.934082
0 0.394688 0.354722 0.079375 0.13 0.934082
0 0.404375 0.095 0.04875 0.035 0.865234
0 0.94625 0.128472 0.035 0.0330556 0.86084
0 0.556875 0.065625 0.04625 0.03125 0.850098
0 0.0295898 0.299722 0.0334766 0.0405555 0.84375
7 0.245313 0.28 0.0075 0.0222222 0.837402
0 0.233906 0.157917 0.0384375 0.0369444 0.829102
0 0.36375 0.0784028 0.016875 0.0208333 0.822266
0 0.0969531 0.228889 0.0303125 0.0316667 0.819824
0 0.346875 0.080625 0.01625 0.0226389 0.816406
7 0.0303125 0.376111 0.00554687 0.02 0.816406
2 0.334063 0.310278 0.03375 0.0927778 0.813965
7 0.744375 0.17375 0.00625 0.0205556 0.808105
0 0.33 0.0866667 0.0175 0.0238889 0.799316
7 0.7025 0.199167 0.00749995 0.025 0.795898
0 0.38625 0.0675694 0.01625 0.0244444 0.78125
0 0.70875 0.0566667 0.04 0.0266667 0.770508
0 0.421875 0.06125 0.0175 0.0223611 0.767578
0 0.0571094 0.270556 0.0353125 0.0344445 0.743164
0 0.816875 0.0713194 0.03625 0.0256944 0.700684
7 0.77 0.128889 0.00499999 0.0177778 0.689453
0 0.407188 0.0636111 0.016875 0.0213889 0.677246
0 0.205938 0.151806 0.029375 0.0322222 0.668945
2 0.0667969 0.296111 0.0160938 0.0377778 0.665527
7 0.94625 0.223056 0.00499999 0.0175 0.660156
0 0.0642969 0.245833 0.0215625 0.0233333 0.645996
7 0.7525 0.163056 0.00500005 0.0194444 0.637207
7 0.6925 0.184167 0.00499999 0.0211111 0.637207
0 0.375625 0.06375 0.01125 0.0194444 0.613281
0 0.533438 0.0527604 0.05125 0.0505903 0.611328
0 0.405 0.0480556 0.0125 0.0177778 0.607422
0 0.3575 0.0679167 0.01125 0.0183333 0.596191
0 0.43125 0.0509722 0.01375 0.0211111 0.565918
7 0.164375 0.202778 0.0034375 0.0116667 0.550781
0 0.41375 0.0464583 0.01125 0.0180556 0.541016
0 0.394375 0.0608333 0.015 0.0190278 0.523438
0 0.71 0.0408333 0.035 0.0204167 0.507812
0 0.00545898 0.273333 0.010918 0.0255555 0.498047
0 0.0607813 0.248889 0.0276563 0.0272222 0.492188
0 0.393125 0.049375 0.011875 0.0154167 0.482422
7 0.0437891 0.358889 0.00523438 0.0172222 0.466797
0 0.70875 0.0440972 0.035 0.0279167 0.455078
0 0.8725 0.0720139 0.0300001 0.0202778 0.418701
0 0.43125 0.0541667 0.015 0.0208333 0.398926
0 0.413438 0.0309375 0.009375 0.0153472 0.383057
7 0.145938 0.21 0.00343749 0.0111111 0.383057
7 0.773125 0.146111 0.00499999 0.0177778 0.379395
0 0.384375 0.0496528 0.00749998 0.0138889 0.355713
0 0.368125 0.063125 0.01125 0.0163889 0.348633
7 0.75375 0.1625 0.00625 0.02 0.348633
0 0.368438 0.0583333 0.010625 0.0155556 0.324219
5 0.533125 0.0527083 0.05125 0.0476389 0.312256
0 0.538125 0.0478472 0.04375 0.0404167 0.295898
0 0.23875 0.143333 0.0275 0.0272222 0.295898
7 0.675 0.0504167 0.00375004 0.0119444 0.284668
0 0.42375 0.0305556 0.0125 0.0181944 0.269043
7 0.748125 0.127917 0.00374997 0.0163889 0.268066
0 0.445625 0.0126736 0.00750001 0.0116667 0.252441
2 0.227188 0.142639 0.008125 0.0213889 0.250977
7 0.258281 0.262778 0.0075 0.0222222 0.245117
0 0.870625 0.0761111 0.02875 0.0216667 0.23938
7 0.285781 0.118056 0.003125 0.01 0.233765
0 0.364375 0.0525 0.01 0.0130556 0.228149
0 0.43 0.0449306 0.0125 0.0184722 0.19812
0 0.378125 0.0515278 0.01125 0.01375 0.187134
0 0.0654688 0.241667 0.0192188 0.0216667 0.153564
0 0.38125 0.0675 0.01375 0.0222222 0.129883
7 0.0853125 0.282778 0.0040625 0.0133333 0.126831
2 0.19375 0.162778 0.0059375 0.0216667 0.110107
7 0.0563672 0.308889 0.00445313 0.0155555 0.100891
0 0.41375 0.0252778 0.00874999 0.01375 0.0980835
0 0.885625 0.0877778 0.02875 0.0222222 0.0943604
7 0.946875 0.214722 0.00499999 0.0188889 0.0923462
0 0.344375 0.0791667 0.014375 0.0194444 0.0863037
0 0.453438 0.00916667 0.00687497 0.00951389 0.0836182
7 0.746875 0.127778 0.00499999 0.0183333 0.0830078
7 0.7625 0.153333 0.00625 0.0188889 0.0789185
0 0.425 0.023125 0.01125 0.0144444 0.0786133
0 0.544375 0.0433333 0.02875 0.0359722 0.0618896
7 0.705625 0.0765278 0.00250003 0.0175 0.0600891
0 0.550625 0.0627778 0.039375 0.0305556 0.055603
0 0.573125 0.0230208 0.01125 0.0128472 0.0528259
0 0.434375 0.0317361 0.00749998 0.0147222 0.0526123
0 0.211563 0.150972 0.0325 0.0283333 0.0502319
7 0.00828125 0.379722 0.00480469 0.0188889 0.0479431
2 0.194063 0.156389 0.011875 0.0311111 0.0448608
5 0.00469238 0.253889 0.0093457 0.0272222 0.0437012
7 0.7525 0.165417 0.00625 0.0219444 0.0432129
2 0.2275 0.135556 0.00812499 0.0222222 0.0419312
0 0.0571875 0.256667 0.0326563 0.0366666 0.0391846
7 0.294375 0.115 0.00375001 0.0105556 0.0386047
7 0.65625 0.0522222 0.00499999 0.0133333 0.0383301
5 0.0213281 0.245 0.0198438 0.0205556 0.0351562
0 0.405938 0.0325 0.00750001 0.0116667 0.0348816
0 0.484375 0.00868056 0.00500002 0.00902778 0.0332031
0 0.433438 0.0121528 0.00749998 0.0101389 0.0313721
2 0.0123926 0.260625 0.0135938 0.0220833 0.0310211
2 0.249531 0.131667 0.0065625 0.0166667 0.0306702
0 0.44125 0.041684 0.01125 0.0199653 0.029541
0 0.00417725 0.289444 0.00835449 0.0311111 0.0266571
7 0.6925 0.0770833 0.00499999 0.015 0.0248871
5 0.425 0.0191667 0.01125 0.0186111 0.0239563
0 0.38625 0.0727083 0.018125 0.0276389 0.0217743
7 0.65625 0.0608333 0.00375004 0.0108333 0.021286
0 0.459375 0.00486111 0.00500002 0.00972222 0.0206451
0 0.8025 0.06375 0.0325 0.0252778 0.018692
0 0.89 0.0913889 0.03 0.0241667 0.0159607
0 0.192813 0.160139 0.01875 0.0258333 0.0157166
5 0.0155371 0.248056 0.0123242 0.02 0.0153656
7 0.165 0.196667 0.00375001 0.0166667 0.0145569
0 0.0309766 0.292222 0.0325781 0.0366667 0.0139542
0 0.88875 0.0878472 0.0275 0.0190278 0.013588
7 0.67125 0.0522222 0.00250003 0.0113889 0.0135345
0 0.0570313 0.243611 0.0323438 0.0261111 0.0134277
7 0.00658691 0.381667 0.00581055 0.0177778 0.0133743
0 0.994688 0.130556 0.0106249 0.035 0.0129242
0 0.83 0.0773611 0.03875 0.0244444 0.0109482
0 0.995625 0.125521 0.00874996 0.035625 0.0109482
7 0.253594 0.139861 0.005 0.0158333 0.0108566
7 0.274375 0.120417 0.00375001 0.00972222 0.0106964
2 0.626875 0.0329861 0.00499999 0.01375 0.0100098
7 0.245625 0.282778 0.00875001 0.0266667 0.00952148
0 0.97375 0.138194 0.0275 0.0233333 0.00945282
2 0.0322656 0.24625 0.01375 0.0191667 0.00937653
0 0.0641406 0.281111 0.023125 0.0377778 0.00926971
0 0.41375 0.0643056 0.021875 0.0258333 0.0091629
0 0.0624219 0.290278 0.0239063 0.0416667 0.00867462
0 0.0492969 0.268889 0.0321094 0.03 0.00844574
2 0.0115918 0.274722 0.011543 0.0244445 0.00841522
0 0.99 0.125 0.0199999 0.0305555 0.00809479
7 0.0832812 0.288611 0.005625 0.0172222 0.00766754
7 0.94125 0.219722 0.00500005 0.0169444 0.00754929
7 0.184688 0.165556 0.004375 0.0216667 0.00746155
0 0.554063 0.0590278 0.043125 0.0277778 0.00737381
7 0.145625 0.220556 0.0034375 0.0111111 0.00717545
0 0.0853125 0.2325 0.02625 0.0261111 0.0069313
7 0.6925 0.186667 0.00750001 0.0244444 0.00664139
2 0.73375 0.0353472 0.00500005 0.0177778 0.00661469
7 0.72625 0.0747917 0.00499999 0.0205556 0.00626373
5 0.869375 0.0769444 0.035 0.0222222 0.00626373
0 0.83 0.0719444 0.03375 0.0227778 0.00602722
0 0.985625 0.13625 0.02875 0.0277778 0.00598145
2 0.245469 0.125 0.00843751 0.0188889 0.00593567
2 0.647344 0.034375 0.0203125 0.0159722 0.005867
0 0.354375 0.0629167 0.015625 0.0236111 0.00570679
0 0.71125 0.0601389 0.0475 0.0358333 0.00538635
7 0.0285352 0.376667 0.00746094 0.0194444 0.00494385
0 0.443125 0.0344444 0.00874999 0.0191667 0.00481033
2 0.603125 0.0413715 0.00625 0.0169792 0.00471878
7 0.140469 0.218333 0.00531251 0.0172222 0.00450516
2 0.152813 0.172222 0.0059375 0.0166667 0.00443268
5 0.869375 0.0709722 0.03375 0.02 0.00432968
2 0.0634375 0.293333 0.0228125 0.0411111 0.00416565
3 0.150937 0.17125 0.0059375 0.0238889 0.00413513
7 0.9475 0.225 0.00500005 0.02 0.00413513
7 0.594375 0.0440104 0.00499999 0.0133681 0.00390053
6 0.65 0.0338194 0.015 0.01625 0.00379562
7 0.675 0.0613889 0.00249996 0.00972222 0.0037365
0 0.895 0.09375 0.035 0.025 0.00365067
7 0.135625 0.223611 0.0034375 0.01 0.0036068
7 0.393438 0.356111 0.075 0.131111 0.00342941
7 0.148906 0.203889 0.00406251 0.0172222 0.00324821
0 0.39625 0.0320139 0.00625 0.0114583 0.00314713
0 0.347188 0.0736806 0.015 0.02125 0.00314713
2 0.8725 0.0805556 0.025 0.025 0.00300407
2 0.591563 0.0225694 0.0106249 0.0134722 0.0027256
3 0.715 0.0668056 0.00999997 0.0363889 0.00265312
0 0.359375 0.0548611 0.011875 0.0180556 0.00263214
5 0.0204102 0.255833 0.0225781 0.0244444 0.00244331
3 0.8925 0.0691667 0.00999997 0.0172222 0.00242424
0 0.465 0.00996528 0.00499999 0.00875 0.00237846
0 0.47625 0.0121528 0.00499999 0.00833333 0.00237846
7 0.168438 0.19875 0.004375 0.0122222 0.00226974
7 0.7725 0.1425 0.00499999 0.0194444 0.00219917
2 0.705625 0.0159028 0.00625 0.01625 0.00213242
2 0.0644922 0.232222 0.0164844 0.0216667 0.00209999
5 0.0035083 0.238611 0.0070166 0.0394444 0.00206757
7 0.7775 0.143889 0.00875003 0.0194444 0.00206757
0 0.995 0.139722 0.00999997 0.0405556 0.00198746
7 0.650625 0.055 0.00374997 0.0108333 0.0019722
7 0.7175 0.331111 0.095 0.124444 0.00183868
0 0.0387305 0.276111 0.0478516 0.0411111 0.0017271
0 0.56375 0.0640278 0.0375 0.0294444 0.00163555
0 0.8175 0.0764583 0.0375 0.03375 0.00161076
0 0.975625 0.12 0.015 0.0183333 0.00150108
7 0.32625 0.339444 0.011875 0.0355555 0.00148392
7 0.0315039 0.376389 0.0078125 0.0188889 0.00146675
2 0.71875 0.0486111 0.0325 0.0208333 0.00139904
0 0.8875 0.0780556 0.03625 0.0261111 0.00131989
0 0.322578 0.0883333 0.0198437 0.0193056 0.00131512
3 0.225313 0.126667 0.004375 0.0222222 0.00127411
7 0.94625 0.233194 0.00499999 0.0233333 0.00123501
7 0.12625 0.21875 0.00421875 0.0172222 0.00117874
2 0.603438 0.0347917 0.00562496 0.0163889 0.0011425
0 0.00416992 0.305 0.00681641 0.03 0.0011425
7 0.465313 0.0611111 0.00625 0.0158333 0.00112438
3 0.123281 0.192361 0.006875 0.02 0.00110722
3 0.310313 0.0892361 0.00874999 0.01625 0.00109482
7 0.6925 0.1825 0.00625 0.0241667 0.00106049
7 0.288594 0.120556 0.00687501 0.0188889 0.00105667
7 0.964375 0.153056 0.00499999 0.0166667 0.00104809
0 0.7925 0.0659028 0.0325 0.0209722 0.00103188
2 0.25375 0.121806 0.005 0.0147222 0.00103188
3 0.469063 0.0582639 0.00812499 0.0205556 0.00103188
