0 0.489063 0.775556 0.144375 0.406667 0.964355
0 0.182969 0.716111 0.165938 0.318889 0.961914
0 0.738125 0.827778 0.19375 0.342222 0.953125
0 0.774375 0.431944 0.1175 0.216111 0.949707
0 0.087832 0.68 0.135273 0.241111 0.94873
0 0.59875 0.291042 0.07125 0.109028 0.943359
0 0.295 0.378333 0.103125 0.146667 0.938477
0 0.500938 0.277778 0.059375 0.101111 0.937012
0 0.65875 0.223056 0.06875 0.0833333 0.936523
0 0.395 0.385 0.08625 0.147778 0.921875
0 0.0170898 0.924444 0.0341016 0.148889 0.915039
0 0.435938 0.195278 0.044375 0.0688889 0.911621
0 0.220938 0.401944 0.0934375 0.135 0.910645
0 0.5625 0.135833 0.035625 0.0511111 0.891113
0 0.50625 0.160833 0.03875 0.0627778 0.881836
0 0.574375 0.0839583 0.03375 0.0454167 0.866211
0 0.455 0.115417 0.03 0.0447222 0.865234
0 0.0146289 0.306667 0.0291406 0.04 0.848145
7 0.703125 0.198889 0.00750001 0.0216667 0.791992
7 0.744375 0.176667 0.00625 0.0216667 0.78418
0 0.3625 0.083125 0.01625 0.0209722 0.770508
0 0.330938 0.108889 0.025 0.0316667 0.762207
7 0.7525 0.164167 0.00500005 0.0197222 0.759277
7 0.245 0.282222 0.008125 0.0266667 0.750488
2 0.127891 0.220694 0.0129687 0.0269444 0.740234
7 0.0441406 0.361667 0.00515625 0.0166667 0.737305
0 0.283906 0.138472 0.031875 0.0347222 0.720215
0 0.29125 0.117188 0.021875 0.0245139 0.692871
0 0.406875 0.0641667 0.015625 0.0244444 0.690918
7 0.0307422 0.380278 0.005625 0.0177778 0.680664
2 0.225313 0.155833 0.010625 0.03 0.672363
0 0.0628516 0.276667 0.0350781 0.0355555 0.672363
7 0.770625 0.126667 0.00499999 0.0172222 0.662109
0 0.7775 0.0695139 0.0375 0.0234722 0.654785
7 0.7725 0.146667 0.00499999 0.0172222 0.654785
0 0.389375 0.0693056 0.01625 0.0227778 0.651367
0 0.42625 0.0594444 0.01625 0.0230556 0.649414
0 0.763125 0.0610417 0.03625 0.0272222 0.592773
0 0.843125 0.0768056 0.03625 0.0252778 0.57959
7 0.691875 0.184722 0.00750001 0.0227778 0.577637
0 0.0739453 0.2575 0.0286719 0.0283333 0.575684
0 0.74375 0.0534028 0.035 0.0227778 0.571777
7 0.945625 0.218889 0.00499999 0.0186111 0.563965
0 0.3775 0.0670833 0.011875 0.0223611 0.525391
0 0.324922 0.0934028 0.0214062 0.0252778 0.523438
2 0.676875 0.0550694 0.00750001 0.0313889 0.494141
0 0.15375 0.196389 0.02375 0.0316667 0.480469
0 0.345 0.0798611 0.01375 0.0205556 0.458984
3 0.105938 0.252222 0.0059375 0.0266667 0.449463
0 0.818125 0.0602778 0.0362501 0.0266667 0.432129
0 0.0655469 0.272778 0.0335938 0.0366667 0.422607
0 0.0704297 0.263958 0.0336719 0.0320834 0.422607
0 0.84 0.0723611 0.0325 0.0272222 0.413086
7 0.258281 0.266111 0.008125 0.0244444 0.399902
0 0.516875 0.0123611 0.01 0.0138194 0.377441
0 0.75 0.0566667 0.03 0.0215278 0.377441
0 0.398125 0.048125 0.0125 0.0188889 0.341553
7 0.946875 0.214861 0.00499999 0.0191667 0.334473
0 0.355 0.0729167 0.01625 0.0211111 0.32251
0 0.7725 0.0684028 0.0375 0.0259722 0.30249
2 0.211094 0.16125 0.00718749 0.0269444 0.294922
0 0.413125 0.0613889 0.01625 0.0226389 0.29248
0 0.368125 0.0645833 0.01125 0.0191667 0.286133
0 0.424375 0.025625 0.01125 0.0146528 0.281494
0 0.34 0.0836111 0.01625 0.0233333 0.273682
7 0.70625 0.08125 0.00499999 0.0127778 0.250977
2 0.0771875 0.286667 0.0114063 0.0333333 0.246582
3 0.189375 0.171944 0.0059375 0.03 0.246582
0 0.00837891 0.272222 0.0165625 0.0266667 0.240112
0 0.4075 0.0296528 0.011875 0.0180556 0.230957
0 0.7775 0.0629167 0.03375 0.0244444 0.211426
2 0.08 0.286111 0.0160937 0.0322222 0.208862
0 0.404375 0.0495139 0.01125 0.0173611 0.206299
7 0.74875 0.128333 0.00499999 0.0194444 0.205566
7 0.69375 0.0811111 0.00499999 0.0105556 0.195557
7 0.7525 0.166944 0.00625 0.0188889 0.195557
0 0.369375 0.0625694 0.0125 0.0191667 0.185303
7 0.69125 0.187222 0.00499999 0.0244445 0.181274
7 0.0274609 0.380833 0.0065625 0.0183333 0.176147
3 0.186875 0.175556 0.008125 0.0294444 0.175537
6 0.66125 0.0354861 0.0325 0.02125 0.17334
2 0.122656 0.193611 0.00875 0.0216667 0.171631
0 0.358438 0.0763889 0.016875 0.0216667 0.165649
0 0.376875 0.0698611 0.01375 0.0225 0.161865
2 0.212188 0.162361 0.0078125 0.0258333 0.160767
0 0.00609375 0.275556 0.0121875 0.0255556 0.158203
0 0.66125 0.0358333 0.03 0.0211111 0.154053
0 0.418125 0.0491667 0.0125 0.0163889 0.151978
0 0.0152539 0.299444 0.0273047 0.0333333 0.149048
0 0.7725 0.0578472 0.03 0.0240278 0.147583
7 0.00894043 0.3775 0.00344727 0.0144444 0.138428
0 0.4425 0.0411111 0.01125 0.0206944 0.137939
0 0.81875 0.0694444 0.045 0.0263889 0.135742
0 0.424375 0.0505556 0.015625 0.0206944 0.134277
2 0.0675 0.293611 0.00828125 0.0266667 0.131592
7 0.761875 0.154722 0.00749995 0.0205556 0.127197
0 0.341875 0.0794444 0.01375 0.0205556 0.125488
0 0.389375 0.0563194 0.0125 0.0176389 0.122925
2 0.0826367 0.281111 0.0134766 0.0344445 0.107422
0 0.4275 0.0221528 0.01125 0.0134722 0.107422
0 0.81625 0.07375 0.035 0.0238889 0.105591
0 0.58 0.0229167 0.020625 0.0166667 0.104492
0 0.351563 0.073125 0.018125 0.0206944 0.0939941
7 0.174688 0.191111 0.00374999 0.0141667 0.0891113
0 0.8325 0.0747222 0.03375 0.0281944 0.0859985
0 0.388125 0.0524306 0.011875 0.0181944 0.083313
7 0.7475 0.127639 0.00499999 0.02 0.0758667
0 0.435313 0.0495833 0.01375 0.0175 0.0736694
0 0.4175 0.0287153 0.00875003 0.0140278 0.0703125
0 0.286563 0.131667 0.033125 0.0383333 0.0698242
2 0.207188 0.163056 0.015625 0.0288889 0.0690308
0 0.444375 0.0363194 0.0125 0.0230556 0.0646362
2 0.161094 0.194444 0.00843751 0.0322222 0.0643921
7 0.73125 0.122222 0.00499999 0.0222222 0.0614319
0 0.436875 0.0273958 0.01 0.0141667 0.0579224
0 0.454375 0.0113889 0.00874999 0.0113889 0.0554199
7 0.0946875 0.277778 0.005 0.0177778 0.0534058
2 0.213906 0.159306 0.00625 0.0269444 0.0528259
3 0.195313 0.16625 0.00406251 0.0247222 0.0463867
3 0.233125 0.125833 0.005 0.0205556 0.0462036
3 0.22125 0.151111 0.00718749 0.0272222 0.0455933
3 0.104063 0.202083 0.0046875 0.0186111 0.0446777
0 0.46375 0.00795139 0.00750001 0.010625 0.0435181
3 0.231094 0.127222 0.0046875 0.0227778 0.0401001
2 0.656875 0.0384549 0.00750001 0.0217014 0.0397949
7 0.175938 0.205 0.00406249 0.0116667 0.0393372
0 0.449688 0.0167708 0.00812499 0.0120139 0.0375977
3 0.709375 0.0605556 0.00499999 0.0238889 0.037323
7 0.0685938 0.295 0.00640625 0.0266667 0.0358276
7 0.258125 0.270278 0.00999999 0.0394445 0.0310822
3 0.663125 0.0390972 0.00625 0.0225 0.0298767
7 0.65625 0.0590278 0.00249996 0.0158333 0.029541
0 0.335 0.10125 0.02625 0.0302778 0.026062
7 0.0555469 0.306389 0.00359375 0.0211111 0.0259552
0 0.445938 0.0130556 0.00812502 0.0115278 0.0253754
0 0.0667969 0.260556 0.0365625 0.0427778 0.0246124
0 0.433125 0.0159722 0.00875003 0.0145833 0.0245209
3 0.0452734 0.290833 0.00851563 0.0272222 0.0245209
3 0.234531 0.129167 0.00375001 0.0211111 0.0233307
7 0.944375 0.230556 0.00500005 0.0266667 0.0223694
0 0.344375 0.0836111 0.0175 0.0231944 0.02211
0 0.37875 0.0554167 0.01375 0.0205556 0.0214539
0 0.490625 0.0197917 0.00625 0.0109722 0.0213623
7 0.0658594 0.302222 0.00515625 0.0255556 0.0178528
3 0.196875 0.161944 0.00625 0.025 0.0177765
3 0.568125 0.17375 0.0125 0.0422222 0.0177765
7 0.69 0.085625 0.00374997 0.0144444 0.0167236
0 0.74 0.0569444 0.035 0.0238889 0.0165253
7 0.7075 0.069375 0.00499999 0.0198611 0.0156708
3 0.188594 0.183611 0.008125 0.0363889 0.0156708
7 0.75375 0.1625 0.00499999 0.0202778 0.0149536
7 0.509375 0.195556 0.00749998 0.025 0.0149536
0 0.745 0.0640278 0.0425 0.0273611 0.0149536
0 0.85375 0.0806945 0.0300001 0.0233333 0.0144501
7 0.73375 0.1275 0.00500005 0.0211111 0.0142288
7 0.94125 0.214167 0.00500005 0.0177778 0.0124283
2 0.58375 0.0179167 0.0137499 0.0163889 0.0123367
0 0.53875 0.00472222 0.00750001 0.00944445 0.0123367
0 0.86875 0.0818056 0.02625 0.0225 0.0122375
0 0.460313 0.00616319 0.00625 0.0123264 0.0115967
3 0.264688 0.104028 0.004375 0.0172222 0.0108566
3 0.185625 0.166389 0.0059375 0.0327778 0.0106964
3 0.169688 0.161944 0.004375 0.0183333 0.0106125
7 0.00532715 0.382778 0.00458008 0.0161111 0.0105667
7 0.65 0.0515278 0.00375004 0.0172222 0.0105667
0 0.49375 0.0107986 0.00625 0.00951389 0.0105286
0 0.0326563 0.293889 0.0248438 0.0338889 0.0104904
3 0.6725 0.0492361 0.00625 0.0266667 0.0100937
7 0.605 0.0440278 0.003125 0.0122222 0.00955963
2 0.126875 0.200833 0.0115625 0.0252778 0.00952148
3 0.885 0.0608333 0.00500005 0.0194444 0.00894928
3 0.104688 0.261736 0.00609375 0.03875 0.0088501
2 0.30375 0.103889 0.00625 0.0155556 0.00874329
2 0.222969 0.148056 0.0078125 0.0277778 0.00867462
5 0.00537109 0.251389 0.0107422 0.0277778 0.00831604
0 0.83875 0.0661111 0.0375 0.025 0.00828552
0 0.505313 0.12309 0.020625 0.029375 0.00821686
7 0.615313 0.0323958 0.003125 0.0125694 0.00803375
2 0.132969 0.187222 0.0110938 0.0238889 0.00787354
3 0.09625 0.206944 0.005625 0.0183333 0.00775528
7 0.149844 0.230417 0.00593751 0.0186111 0.00769424
2 0.714375 0.0665972 0.00874996 0.0293056 0.00760651
0 0.3625 0.0881944 0.01875 0.0277778 0.00757599
7 0.615 0.0458333 0.003125 0.00805556 0.00748825
3 0.0438281 0.302222 0.00671875 0.0377778 0.00734711
0 0.4025 0.0365625 0.0175 0.0204861 0.00709534
3 0.705 0.0486111 0.00499999 0.02125 0.00653839
7 0.146094 0.223611 0.005 0.0205556 0.00638962
3 0.695 0.0322222 0.00374997 0.0119444 0.00619125
5 0.429375 0.0189236 0.01375 0.0204861 0.00614548
2 0.74625 0.114722 0.00749995 0.0472222 0.00602722
3 0.270156 0.0976389 0.00593751 0.0236111 0.00568771
2 0.296094 0.108333 0.013125 0.0188889 0.00561905
0 0.487188 0.0142708 0.00687501 0.0116667 0.0055542
0 0.579688 0.0186111 0.0225 0.0185417 0.00542831
2 0.0369531 0.258056 0.00703125 0.0172222 0.00498199
2 0.126719 0.227222 0.0101563 0.0366667 0.00482941
7 0.7 0.0743056 0.00499999 0.0151389 0.00477219
7 0.7325 0.125139 0.00499999 0.0219444 0.00471878
3 0.9375 0.0840278 0.00750001 0.0166667 0.00452042
2 0.133125 0.180417 0.0109375 0.0255556 0.00450516
0 0.551875 0.0198611 0.01375 0.0140278 0.00448608
0 0.32 0.110972 0.015 0.0244444 0.00441742
7 0.695 0.0652778 0.00250003 0.0177778 0.00426483
7 0.68625 0.0822222 0.00499999 0.0127778 0.00419998
7 0.77875 0.146806 0.00750001 0.0197222 0.00419998
3 0.108438 0.256944 0.00859375 0.0344444 0.00415039
5 0.00860352 0.254931 0.017207 0.0334722 0.00407028
3 0.796875 0.108681 0.00750001 0.0381944 0.00397491
3 0.3875 0.185556 0.02125 0.0633333 0.0039444
7 0.709375 0.0852778 0.00499999 0.0213889 0.00391388
7 0.585625 0.0466667 0.00499999 0.0140278 0.00370789
0 0.78375 0.0580556 0.0375 0.0256944 0.00362206
3 0.470625 0.0584722 0.00750001 0.0238889 0.00353813
7 0.684375 0.0630556 0.00375004 0.0172222 0.00346947
7 0.645625 0.0672222 0.00375004 0.0138889 0.00342941
2 0.119844 0.194444 0.0128125 0.0227778 0.00342941
3 0.38625 0.181806 0.01625 0.0538889 0.00335121
0 0.0774219 0.269722 0.03375 0.0372222 0.00335121
3 0.08875 0.291111 0.0084375 0.0322222 0.00327301
0 0.0394922 0.285 0.0288281 0.0333333 0.00322342
7 0.9475 0.222639 0.00625 0.0244444 0.00317192
3 0.604375 0.0339931 0.00374997 0.0171528 0.00316048
2 0.873125 0.07 0.00750001 0.0166667 0.00296974
0 0.37875 0.0717361 0.0125 0.0236111 0.0029583
3 0.274375 0.102153 0.00500002 0.0145833 0.0029583
2 0.0371484 0.246111 0.008125 0.0188889 0.0029583
3 0.108906 0.199722 0.0090625 0.0244444 0.0029583
3 0.214688 0.145278 0.004375 0.0222222 0.00292397
0 0.76875 0.07125 0.035 0.0259722 0.00291252
0 0.51 0.0172222 0.00500002 0.0110417 0.00282288
2 0.695 0.0508333 0.00499999 0.0170833 0.00271416
7 0.95375 0.224028 0.00500005 0.0175 0.00271416
7 0.7725 0.141389 0.00625 0.0163889 0.00256157
7 0.625 0.0313889 0.00375004 0.0109722 0.00243378
7 0.0540234 0.353333 0.00507813 0.0144444 0.00235939
0 0.546875 0.0105556 0.00874996 0.0136111 0.00233269
3 0.0935938 0.263264 0.009375 0.0268056 0.00228691
0 0.553125 0.0149306 0.011875 0.0156944 0.00226974
3 0.107578 0.240556 0.00828126 0.0383333 0.00223351
3 0.109844 0.239861 0.0128125 0.0363889 0.00213242
7 0.77125 0.125972 0.00749995 0.0188889 0.00211525
2 0.567813 0.0247569 0.00875003 0.0134028 0.00209999
0 0.8725 0.0836111 0.0300001 0.0225 0.00201988
0 0.8075 0.844444 0.0575 0.308889 0.00196457
0 0.0737891 0.249444 0.0274219 0.0433333 0.00193405
7 0.254063 0.138194 0.00375001 0.0122222 0.00189686
0 0.493125 0.0254514 0.00625 0.0135417 0.00175476
7 0.70125 0.2025 0.00999997 0.0388889 0.00174141
3 0.73 0.095 0.00750001 0.0333333 0.00168133
2 0.206875 0.145278 0.01 0.0238889 0.00157928
2 0.0942969 0.286111 0.0104688 0.0288889 0.00157928
3 0.57 0.160556 0.0175 0.0663889 0.00153637
7 0.0237695 0.392222 0.00628906 0.0266667 0.00148964
2 0.646875 0.0380556 0.00499999 0.0194444 0.00148392
7 0.669375 0.196806 0.0175 0.0286111 0.00148392
3 0.175 0.173194 0.00406251 0.0255556 0.00146675
3 0.714375 0.0511806 0.00625 0.0209722 0.00136662
3 0.629375 0.0253125 0.00625 0.0229167 0.00133514
2 0.0806055 0.296667 0.0128516 0.0444444 0.00132465
7 0.113906 0.256944 0.00625 0.0233333 0.00131989
7 0.0324219 0.379167 0.00640625 0.0177778 0.00129986
7 0.685 0.0502778 0.00374997 0.0163889 0.0012846
0 0.499375 0.00475694 0.00625 0.00951389 0.00127888
7 0.0272656 0.375 0.00632813 0.02 0.00123024
3 0.52875 0.0518056 0.00812502 0.0238889 0.00116539
2 0.522813 0.0515278 0.01 0.0222222 0.00116062
7 0.395313 0.386111 0.085625 0.15 0.0011425
3 0.509688 0.0547222 0.00687497 0.0247222 0.00112057
0 0.00508789 0.315 0.0101758 0.04 0.00110722
0 0.474375 0.00979167 0.00750001 0.00986111 0.00109005
3 0.22375 0.124167 0.00625 0.0288889 0.00105286
0 0.82875 0.0576389 0.03875 0.0297222 0.00102806
0 0.0281055 0.263819 0.0210547 0.0279167 0.00101662
0 0.505313 0.151111 0.038125 0.0611111 0.00101185
