0 0.330313 0.742222 0.106875 0.175556 0.945801
0 0.679375 0.586667 0.0875 0.11 0.936523
0 0.385625 0.584444 0.07125 0.116667 0.921387
5 0.4675 0.708889 0.145 0.375556 0.918945
0 0.5775 0.573889 0.075 0.118889 0.913086
0 0.261875 0.400278 0.04625 0.0361111 0.888184
0 0.375313 0.386667 0.061875 0.0455555 0.880859
0 0.608125 0.340556 0.04625 0.0355556 0.867188
0 0.210625 0.403889 0.04625 0.0344445 0.844727
0 0.0216211 0.469444 0.0340625 0.0322222 0.819824
0 0.7875 0.324444 0.035 0.0233333 0.799316
0 0.34625 0.375556 0.05 0.0355555 0.788086
0 0.735 0.333611 0.045 0.0277778 0.786621
0 0.0545996 0.440556 0.0301758 0.0266667 0.785156
2 0.544375 0.334444 0.0175 0.03 0.775879
0 0.33 0.3325 0.01625 0.0238889 0.733887
2 0.471875 0.346389 0.0125 0.0311111 0.733887
0 0.8325 0.333056 0.035 0.025 0.730957
0 0.0408496 0.451944 0.0320508 0.0261111 0.725098
0 0.453125 0.327778 0.02625 0.0266667 0.723145
3 0.269375 0.473333 0.0109375 0.0655556 0.712891
0 0.485 0.545 0.04 0.0577778 0.708984
2 0.69875 0.446667 0.03 0.0644445 0.704102
0 0.315313 0.336389 0.01625 0.0233333 0.694336
0 0.348125 0.333333 0.01625 0.02 0.689453
7 0.72375 0.399722 0.00499999 0.0155555 0.663574
7 0.92625 0.456667 0.00499999 0.0183333 0.654785
3 0.250938 0.480833 0.013125 0.0672222 0.65332
7 0.74875 0.415 0.00499999 0.0177778 0.65332
0 0.365625 0.327778 0.015 0.0222222 0.647949
0 0.273281 0.343333 0.0278125 0.0188889 0.645996
3 0.66125 0.449444 0.0125 0.0855556 0.640625
0 0.7225 0.326667 0.0425 0.0277778 0.638672
3 0.245781 0.503333 0.0159375 0.0688889 0.638672
7 0.010686 0.545 0.00581543 0.0211111 0.635254
3 0.89 0.468333 0.00999997 0.0566667 0.634277
3 0.0237891 0.515278 0.008125 0.0494444 0.629883
3 0.227188 0.499722 0.014375 0.0672222 0.625977
7 0.738125 0.428333 0.00499999 0.0233333 0.618652
3 0.235938 0.486667 0.0128125 0.0644445 0.609375
0 0.4525 0.31 0.018125 0.0155555 0.605957
2 0.214688 0.372222 0.009375 0.0233333 0.605957
3 0.660625 0.437778 0.01125 0.0688889 0.598145
0 0.73 0.321111 0.03625 0.0255556 0.569824
3 0.224063 0.505556 0.0115625 0.0655556 0.569824
0 0.350625 0.331667 0.02 0.02 0.567871
5 0.388125 0.352222 0.05625 0.0527778 0.558105
3 0.23 0.498889 0.0121875 0.0622222 0.536133
0 0.40875 0.319444 0.01875 0.0222222 0.521484
3 0.90375 0.466111 0.00999997 0.0594444 0.521484
0 0.483125 0.288889 0.0125 0.015 0.494141
0 0.4525 0.313611 0.0225 0.0205556 0.492188
2 0.62625 0.317222 0.01125 0.0211111 0.486328
0 0.38625 0.314444 0.0125 0.0166667 0.474609
7 0.145547 0.418333 0.00328124 0.00999999 0.474609
3 0.232344 0.498056 0.0128125 0.0605556 0.470703
2 0.21 0.373056 0.00874999 0.0244444 0.456055
3 0.0509375 0.472778 0.00765625 0.0355556 0.44458
7 0.74625 0.4 0.00500005 0.0144444 0.430176
0 0.393125 0.296667 0.01 0.0144444 0.428223
2 0.574375 0.316111 0.00749995 0.02 0.392334
0 0.0405371 0.457222 0.0311133 0.0333333 0.392334
2 0.555 0.315 0.00750001 0.0233333 0.388672
0 0.373125 0.325278 0.015 0.0194444 0.388672
0 0.406875 0.293889 0.01125 0.0166667 0.38501
0 0.352813 0.313611 0.01125 0.0161111 0.373779
7 0.125781 0.421944 0.003125 0.0111111 0.37207
2 0.22375 0.364444 0.0059375 0.0233333 0.370117
2 0.665625 0.310278 0.00750001 0.0205556 0.348633
7 0.68625 0.353333 0.00499999 0.0122222 0.339844
3 0.234688 0.347222 0.00406251 0.0155556 0.338135
0 0.484375 0.560556 0.043125 0.0855556 0.334473
0 0.432188 0.272778 0.009375 0.0133333 0.329346
3 0.894375 0.467778 0.0137499 0.0611111 0.324219
2 0.26375 0.356667 0.01125 0.0233333 0.32251
3 0.0332031 0.497778 0.00789063 0.0388889 0.319092
3 0.0319141 0.501944 0.008125 0.0422222 0.310791
7 0.72875 0.438056 0.00625 0.0205555 0.310791
0 0.301875 0.329444 0.016875 0.0211111 0.303955
7 0.0644922 0.476111 0.00453125 0.0133333 0.299072
2 0.203281 0.372778 0.00687501 0.0255556 0.294189
0 0.389375 0.305556 0.01375 0.0155556 0.291748
0 0.269063 0.3475 0.021875 0.0222222 0.291016
2 0.5825 0.315 0.00875003 0.0216667 0.279785
0 0.300625 0.333611 0.015625 0.0216667 0.27832
7 0.7375 0.427778 0.00750001 0.02 0.271973
0 0.375625 0.316667 0.0125 0.0188889 0.256836
3 0.8975 0.466111 0.0137499 0.0627778 0.253906
2 0.616875 0.307778 0.00625 0.0211111 0.252441
0 0.40375 0.323333 0.025625 0.0277778 0.243652
0 0.489375 0.268333 0.00625 0.0111111 0.241455
7 0.92375 0.469444 0.00499999 0.0183333 0.228149
0 0.33625 0.319444 0.01625 0.0177778 0.223389
0 0.3925 0.312778 0.01 0.0188889 0.218018
3 0.191563 0.376111 0.00625 0.0261111 0.216675
0 0.351875 0.308889 0.010625 0.0144444 0.216064
0 0.384063 0.3 0.00999997 0.0144444 0.203735
3 0.0257471 0.505278 0.012334 0.04 0.196167
0 0.364375 0.317778 0.0125 0.0155555 0.194336
3 0.0440625 0.471944 0.0078125 0.0372223 0.192505
0 0.898125 0.336944 0.03 0.0177778 0.191284
7 0.923125 0.485278 0.00499999 0.0172222 0.187744
3 0.129609 0.383333 0.0053125 0.0211111 0.178345
0 0.341563 0.318056 0.01125 0.0155556 0.176147
0 0.37875 0.3 0.01 0.0138889 0.174438
3 0.900625 0.466389 0.0125 0.0638889 0.160767
0 0.388125 0.354722 0.058125 0.0333333 0.15564
0 0.433438 0.562778 0.040625 0.0766667 0.15564
3 0.242813 0.483889 0.0125 0.0622222 0.151978
3 0.0782813 0.456667 0.0071875 0.0322222 0.149048
2 0.245 0.356389 0.00562499 0.0194444 0.14563
0 0.3725 0.306389 0.01125 0.0144444 0.145142
0 0.484063 0.261111 0.00625 0.0122222 0.144165
2 0.60625 0.311667 0.00812499 0.0244444 0.138428
2 0.403125 0.362778 0.0275 0.0322222 0.137085
3 0.235313 0.500278 0.010625 0.0627778 0.136108
2 0.615625 0.303889 0.00562496 0.0188889 0.134277
2 0.192813 0.379167 0.00625 0.0238889 0.133423
3 0.249688 0.474167 0.015625 0.0594444 0.133423
2 0.207031 0.375 0.009375 0.025 0.132935
0 0.475625 0.26 0.00562499 0.00833333 0.126343
0 0.406875 0.304722 0.013125 0.0172222 0.122498
0 0.299531 0.339444 0.011875 0.0233333 0.118774
2 0.609375 0.305 0.00750001 0.02 0.11554
7 0.7225 0.447778 0.00625 0.0205555 0.114746
2 0.7075 0.436667 0.02125 0.0533333 0.11084
7 0.72625 0.440833 0.00499999 0.0211111 0.11084
2 0.262188 0.354444 0.0075 0.0233333 0.106689
0 0.415625 0.281667 0.00874999 0.0144444 0.10376
0 0.379375 0.361667 0.02875 0.0266667 0.0910645
3 0.0443359 0.476111 0.00664063 0.0344445 0.0863037
0 0.493438 0.260556 0.00562499 0.00888889 0.0841675
0 0.385625 0.364444 0.05125 0.0344445 0.0803833
3 0.890625 0.467222 0.01375 0.0622222 0.0803833
5 0.433125 0.266667 0.00875003 0.0155556 0.0769653
2 0.193906 0.375 0.00562499 0.0266667 0.0766602
3 0.906875 0.467222 0.00875003 0.0611111 0.0736694
3 0.243906 0.358333 0.00531251 0.0222223 0.0708008
3 0.051875 0.475556 0.0078125 0.0333334 0.0621033
2 0.713125 0.437222 0.00999997 0.0516667 0.0618896
7 0.675 0.351111 0.00249996 0.0127778 0.0611877
3 0.6675 0.311944 0.00625 0.0211111 0.0609741
7 0.675 0.333611 0.00375004 0.015 0.0605164
3 0.0217578 0.503889 0.008125 0.0405555 0.0593262
0 0.418125 0.284722 0.009375 0.0138889 0.0579224
0 0.38 0.35 0.04125 0.0244444 0.0568542
0 0.4225 0.291111 0.00874999 0.0166667 0.0560303
0 0.415 0.290833 0.01 0.0161111 0.0535889
3 0.21375 0.355278 0.005 0.0183333 0.0518494
2 0.551875 0.311111 0.01 0.0255556 0.0509033
0 0.48375 0.285 0.01125 0.0188889 0.0481262
0 0.8975 0.341111 0.03375 0.0211111 0.0477905
2 0.60625 0.302222 0.00625 0.0222222 0.0423889
0 0.00332031 0.422778 0.00664063 0.0166667 0.041626
3 0.71125 0.436667 0.0125 0.0544445 0.0390625
2 0.128125 0.380556 0.009375 0.02 0.0386047
2 0.54875 0.320833 0.0175 0.0222222 0.0375977
2 0.187188 0.373333 0.0075 0.0244444 0.035675
0 0.509375 0.565 0.0425 0.0844445 0.0343628
3 0.220625 0.3625 0.005 0.0183333 0.0340271
7 0.67 0.4575 0.00750001 0.0366667 0.032959
2 0.0463281 0.428333 0.0145313 0.0211111 0.0325928
0 0.302188 0.337778 0.0140625 0.0255556 0.0319824
2 0.65625 0.316944 0.00499999 0.0183333 0.0292053
2 0.187969 0.381111 0.00999999 0.0266667 0.0282135
3 0.080625 0.456944 0.0096875 0.0322222 0.0274811
3 0.0351953 0.507222 0.00617187 0.0433333 0.0273743
3 0.223125 0.495 0.01 0.0633334 0.0270081
0 0.480625 0.29 0.01375 0.0144444 0.0268555
7 0.65375 0.3275 0.00499999 0.0111111 0.0253754
0 0.37875 0.290556 0.00625 0.0133333 0.0252686
2 0.5975 0.317222 0.00625 0.0177778 0.0250854
2 0.434375 0.330556 0.00749998 0.0211111 0.0249939
7 0.66625 0.351667 0.00499999 0.0111111 0.0247955
3 0.221719 0.514167 0.0153125 0.0483333 0.024704
0 0.42625 0.276111 0.00874999 0.0133334 0.0238647
2 0.554375 0.300556 0.009375 0.0211111 0.0238647
0 0.704375 0.318889 0.02625 0.0166667 0.0233307
3 0.234688 0.360556 0.004375 0.0188889 0.0230713
3 0.133516 0.383889 0.00453125 0.0177778 0.0226288
0 0.3025 0.321944 0.0125 0.0211111 0.0222931
2 0.69875 0.438056 0.0225 0.0505556 0.0220795
7 0.913125 0.487778 0.00625 0.025 0.0219421
0 0.470625 0.267222 0.00499999 0.00888889 0.021286
0 0.450625 0.266111 0.00500002 0.0111111 0.0205688
0 0.329688 0.323056 0.01375 0.0216667 0.0201721
2 0.6325 0.3175 0.00750001 0.0177778 0.0200958
2 0.66625 0.303889 0.00750001 0.0211111 0.0186157
0 0.407188 0.284167 0.01 0.0144444 0.0175171
0 0.505 0.242917 0.00499999 0.00944446 0.0168457
3 0.250313 0.344444 0.005 0.0233333 0.0167847
0 0.77625 0.325556 0.03 0.0255556 0.0162811
2 0.57375 0.312222 0.01 0.0222222 0.016098
2 0.69625 0.423889 0.0275 0.0544444 0.0154266
3 0.68625 0.415 0.0125 0.0444444 0.0153046
2 0.589375 0.311111 0.01375 0.0244444 0.0150757
7 0.684375 0.482778 0.00499999 0.0216667 0.0145569
7 0.67625 0.463611 0.00999997 0.0527778 0.0142822
7 0.6875 0.458056 0.00499999 0.0455556 0.0139008
3 0.460625 0.343889 0.00874999 0.0355555 0.0138474
3 0.230625 0.346111 0.00375001 0.02 0.0131226
7 0.67 0.337222 0.00374997 0.0166667 0.0127716
2 0.628125 0.313889 0.00812499 0.0233333 0.0126266
0 0.5125 0.557639 0.035 0.0691667 0.012146
0 0.703125 0.326111 0.02625 0.0244445 0.0119629
7 0.129063 0.417222 0.003125 0.0172222 0.0119171
0 0.735 0.325278 0.0425 0.0288889 0.0118713
2 0.5875 0.323611 0.00874996 0.0227778 0.0115051
3 0.54875 0.266111 0.00625 0.0188889 0.0112457
0 0.5075 0.572778 0.051875 0.0988889 0.0112
0 0.441875 0.577222 0.05875 0.104444 0.0105286
2 0.549688 0.325 0.01375 0.0244444 0.00993347
0 0.72625 0.313333 0.0425 0.0227778 0.00985718
0 0.78375 0.328333 0.035 0.0277778 0.00974274
0 0.365 0.299444 0.00874999 0.0127778 0.00959778
3 0.674375 0.458889 0.00999997 0.055 0.00937653
0 0.527188 0.275556 0.00749998 0.0111111 0.0091629
0 0.434375 0.576528 0.0475 0.0958333 0.00888062
3 0.224531 0.359167 0.00531249 0.0227778 0.00857544
3 0.164375 0.386111 0.00375001 0.0194444 0.00854492
2 0.0759375 0.451667 0.0071875 0.0344445 0.00837708
7 0.69 0.344167 0.00749995 0.0188889 0.00821686
2 0.848125 0.412778 0.01875 0.0511111 0.00757599
0 0.274375 0.34 0.0265625 0.0194444 0.00748825
0 0.45375 0.552222 0.02 0.0577778 0.00725937
2 0.528438 0.271111 0.00687497 0.0111111 0.00695801
0 0.515625 0.260556 0.00437498 0.00833333 0.00656509
0 0.467813 0.571667 0.044375 0.0966667 0.005867
0 0.35375 0.298889 0.00874999 0.0127778 0.00579834
0 0.00345703 0.435556 0.00677734 0.0222222 0.00570679
0 0.480625 0.54125 0.0375 0.0463889 0.00568771
0 0.350625 0.342222 0.0275 0.0233333 0.00553513
7 0.74625 0.42 0.00500005 0.0144444 0.00544739
0 0.475313 0.574444 0.059375 0.105556 0.00540543
0 0.45375 0.263056 0.00500002 0.00888889 0.00530243
7 0.148672 0.415 0.00390625 0.0133333 0.00498199
7 0.139531 0.421111 0.004375 0.0188889 0.0049057
0 0.445625 0.55 0.025 0.0533334 0.00486755
2 0.7725 0.319167 0.02 0.0216667 0.00484848
2 0.58375 0.302778 0.00625 0.0205555 0.00482941
3 0.905 0.465 0.015 0.06 0.00479126
0 0.833125 0.325556 0.03125 0.0255556 0.00475693
2 0.543125 0.324167 0.02 0.0261111 0.00471878
0 0.831875 0.337778 0.0362501 0.0266667 0.00469971
0 0.0213867 0.460556 0.0359766 0.0333333 0.00460815
3 0.254531 0.330833 0.005 0.0188889 0.00450516
2 0.46875 0.350556 0.01875 0.0366667 0.00446701
3 0.163438 0.367778 0.005 0.0233333 0.00388527
3 0.209375 0.348056 0.00625 0.0238889 0.00382423
3 0.865625 0.313889 0.00499999 0.0155556 0.00379562
0 0.0496777 0.427778 0.0208008 0.0211111 0.00372124
5 0.429688 0.267222 0.011875 0.0188889 0.00366402
7 0.115625 0.438333 0.00390625 0.00999999 0.00362206
2 0.122344 0.382222 0.0196875 0.0211111 0.00358009
7 0.685 0.359444 0.00374997 0.0161111 0.00353813
3 0.89875 0.451389 0.00750001 0.0527777 0.00351143
3 0.234688 0.484444 0.025 0.0622223 0.00337601
7 0.67625 0.481667 0.00750001 0.0227778 0.00337601
3 0.229375 0.368056 0.0075 0.0216667 0.00335121
2 0.19375 0.443611 0.00875001 0.0483333 0.00318527
2 0.57625 0.321111 0.00812499 0.0233333 0.00316048
7 0.77875 0.351944 0.00750001 0.0233333 0.00316048
3 0.29125 0.472778 0.015 0.0644445 0.00314713
0 0.446875 0.263333 0.00562499 0.01 0.00307465
0 0.286563 0.341111 0.015 0.02 0.00302696
3 0.956875 0.424167 0.00875003 0.0683334 0.00294685
0 0.301875 0.326111 0.015625 0.0288889 0.0028553
3 0.86875 0.306667 0.00499999 0.0166667 0.00279999
3 0.72375 0.391667 0.00499999 0.0277778 0.00277901
0 0.46375 0.553333 0.018125 0.0622222 0.00277901
3 0.169688 0.378333 0.005 0.02 0.00274658
3 0.67375 0.4675 0.0125 0.05 0.00271416
2 0.78625 0.281111 0.00625 0.0155555 0.0026722
0 0.47625 0.28 0.00750001 0.0144444 0.00266266
0 0.00895508 0.423333 0.0178711 0.0177778 0.00264168
0 0.453125 0.584444 0.07 0.118889 0.00264168
2 0.69375 0.415 0.025 0.0466667 0.00261116
0 0.378125 0.358889 0.038125 0.0344445 0.00258064
7 0.9275 0.456111 0.00625 0.0222222 0.00255013
2 0.6975 0.458333 0.0325 0.0733333 0.00251198
0 0.46625 0.262222 0.00500002 0.00833333 0.002388
3 0.510938 0.3125 0.00562499 0.0238889 0.00231361
7 0.64625 0.316111 0.00374997 0.0111111 0.00230598
3 0.277031 0.469167 0.0246875 0.0633333 0.00229645
3 0.224063 0.5 0.02375 0.0655556 0.00229645
3 0.2825 0.468333 0.01625 0.0622222 0.00213242
2 0.546875 0.298611 0.00750001 0.0166667 0.00211525
0 0.879375 0.335833 0.0275 0.0211111 0.00208282
0 0.53625 0.260556 0.00375004 0.01 0.00200272
2 0.25875 0.360278 0.0109375 0.0227778 0.00195694
2 0.565625 0.316111 0.00499999 0.0166667 0.00191212
3 0.59625 0.303333 0.00500005 0.02 0.00186729
0 0.418125 0.313333 0.016875 0.0194444 0.00186729
0 0.3475 0.34 0.01625 0.0222222 0.00183868
3 0.267813 0.476389 0.01 0.0716667 0.00182438
7 0.674375 0.362222 0.00500005 0.0155555 0.00179577
0 0.360938 0.386667 0.041875 0.04 0.00175476
2 0.619375 0.307778 0.01875 0.0288889 0.00174141
2 0.257031 0.353889 0.010625 0.02 0.00174141
3 0.15 0.377222 0.005 0.0211111 0.00173378
