0 0.291563 0.878333 0.15375 0.241111 0.95752
0 0.469688 0.852222 0.130625 0.293333 0.956543
0 0.765 0.776667 0.135 0.208889 0.954102
0 0.6275 0.759444 0.115 0.203333 0.953613
0 0.230625 0.592778 0.081875 0.103333 0.950195
0 0.359688 0.636111 0.08625 0.13 0.939453
0 0.581563 0.592778 0.0775 0.118889 0.936523
0 0.65875 0.543889 0.0762499 0.101111 0.936035
0 0.90625 0.969444 0.1425 0.0611111 0.92627
0 0.483125 0.6 0.07 0.12 0.922852
0 0.319531 0.408889 0.0615625 0.0533333 0.905273
0 0.22625 0.401111 0.04875 0.0327778 0.872559
0 0.535938 0.352778 0.053125 0.0333334 0.868652
0 0.348125 0.369444 0.0425 0.0311111 0.829102
0 0.302656 0.340278 0.0196875 0.0238889 0.818848
0 0.129766 0.421667 0.0367188 0.03 0.808105
0 0.386875 0.326389 0.01625 0.0211111 0.806641
0 0.111641 0.434444 0.043125 0.0355555 0.79834
0 0.73125 0.329444 0.0375 0.0233333 0.795898
0 0.0179492 0.466944 0.0350781 0.0322222 0.786621
2 0.00625977 0.516111 0.0125195 0.0333333 0.786621
7 0.235625 0.503333 0.0075 0.0244445 0.769043
0 0.475313 0.313333 0.016875 0.0222222 0.766113
0 0.0492969 0.442778 0.0339063 0.0277778 0.763672
7 0.66625 0.464444 0.00625 0.0222223 0.753418
0 0.346563 0.332222 0.014375 0.02 0.749023
7 0.222188 0.519444 0.00687499 0.0233333 0.747559
0 0.40625 0.323056 0.01625 0.0216667 0.746094
0 0.785625 0.325556 0.03375 0.025 0.743164
0 0.67125 0.34 0.0375 0.0294444 0.73877
7 0.725 0.4 0.00499999 0.0166667 0.725098
7 0.72875 0.44 0.00499999 0.0188889 0.705566
0 0.37 0.326111 0.0125 0.0222222 0.668945
0 0.3275 0.336389 0.015625 0.0188889 0.663574
0 0.465625 0.296111 0.01125 0.0155555 0.635254
7 0.73875 0.43 0.00499999 0.02 0.610352
7 0.0240234 0.532222 0.0046875 0.0155555 0.605957
0 0.46125 0.329167 0.021875 0.0238889 0.586914
2 0.214688 0.370556 0.011875 0.0238889 0.575684
7 0.6675 0.463333 0.00750001 0.0233333 0.558105
7 0.749375 0.417222 0.00500005 0.0172222 0.558105
7 0.0491406 0.478611 0.00390625 0.0127778 0.552734
0 0.316563 0.333056 0.015 0.0211111 0.535156
0 0.7425 0.321944 0.03 0.0205556 0.525391
0 0.5075 0.283889 0.01125 0.0155555 0.513672
7 0.925 0.457222 0.00499999 0.0177778 0.498047
7 0.74625 0.398889 0.00500005 0.0144444 0.492188
7 0.0100195 0.546667 0.00421875 0.0155556 0.486328
7 0.0642969 0.474722 0.00375 0.0138889 0.460938
0 0.3575 0.326667 0.01375 0.0188889 0.455078
0 0.354375 0.315556 0.01125 0.0166667 0.451416
0 0.741875 0.325 0.03375 0.0233333 0.44165
0 0.480625 0.283889 0.01 0.0144444 0.437744
3 0.613438 0.309444 0.00437495 0.0244445 0.437744
2 0.571563 0.313333 0.014375 0.0244444 0.403564
0 0.42125 0.3125 0.01 0.0144444 0.38501
3 0.603125 0.312778 0.00625 0.0266667 0.377441
7 0.7375 0.428889 0.00625 0.02 0.370117
0 0.412188 0.316111 0.01375 0.0188889 0.366699
0 0.47625 0.306667 0.01625 0.0244445 0.362061
0 0.6775 0.341111 0.0449999 0.0288889 0.331055
7 0.63375 0.330833 0.00374997 0.0116667 0.287842
7 0.923125 0.470556 0.00499999 0.0255555 0.287842
5 0.41375 0.278889 0.01875 0.0244445 0.282959
0 0.395938 0.310556 0.013125 0.0222222 0.262939
2 0.197813 0.374444 0.01 0.0211111 0.255371
2 0.170625 0.379444 0.008125 0.0183333 0.253174
2 0.59 0.311667 0.00812505 0.0233333 0.228149
0 0.0143164 0.46 0.0285547 0.0327778 0.222656
0 0.478125 0.2825 0.009375 0.0138889 0.208862
2 0.196563 0.379444 0.0153125 0.0211111 0.201172
0 0.365625 0.310556 0.01375 0.0233333 0.196777
0 0.395938 0.301667 0.011875 0.0161111 0.188965
0 0.395 0.306111 0.0125 0.0188889 0.188354
2 0.173438 0.379722 0.0075 0.0183333 0.187744
0 0.473125 0.296111 0.01 0.0166667 0.181274
7 0.00588379 0.543333 0.00535156 0.0188889 0.173828
2 0.21375 0.376389 0.01 0.0222222 0.150024
2 0.194688 0.377222 0.01375 0.0227778 0.149536
0 0.484375 0.257778 0.00625 0.0111111 0.141724
7 0.6775 0.478889 0.00749995 0.0211111 0.138916
7 0.736875 0.431111 0.00625 0.0194444 0.134277
0 0.38125 0.313611 0.01375 0.0227778 0.129395
2 0.586875 0.313056 0.00875003 0.0238889 0.127686
0 0.3425 0.369444 0.03125 0.0344444 0.11554
2 0.166875 0.379444 0.0065625 0.0188889 0.108582
0 0.378125 0.309444 0.015 0.0244445 0.103394
0 0.761875 0.331667 0.0375 0.0238889 0.0991211
0 0.431563 0.273611 0.010625 0.0133333 0.0970459
0 0.348125 0.318333 0.01125 0.0144444 0.0953369
0 0.405625 0.298333 0.00874999 0.0144444 0.0946655
1 0.413438 0.280556 0.019375 0.0288889 0.0913696
0 0.36625 0.307222 0.01125 0.02 0.088501
0 0.407188 0.311667 0.01625 0.02 0.085083
2 0.26375 0.338333 0.00562499 0.0188889 0.0830078
7 0.65375 0.326667 0.00374997 0.0133333 0.0820923
2 0.573125 0.324444 0.01125 0.0244444 0.0809326
0 0.476875 0.261111 0.00625 0.00888889 0.0800781
0 0.188594 0.381389 0.0290625 0.0222222 0.0685425
0 0.0491016 0.437222 0.0315625 0.0255556 0.0658569
0 0.379688 0.302222 0.013125 0.0166667 0.062561
7 0.64625 0.470556 0.00500005 0.0188889 0.062561
0 0.76 0.336111 0.035 0.02 0.058136
7 0.165781 0.418889 0.003125 0.00999999 0.0562439
0 0.530625 0.27 0.00749998 0.00999999 0.0558167
7 0.92875 0.450833 0.00500005 0.0161111 0.0522461
3 0.549688 0.298889 0.00687497 0.02 0.049408
0 0.82125 0.329167 0.0375 0.0222222 0.0490417
0 0.18375 0.371667 0.019375 0.0211111 0.0490417
2 0.265 0.342222 0.005 0.0194444 0.0486755
7 0.70875 0.405 0.00500005 0.0166667 0.0481262
3 0.164063 0.370556 0.00562501 0.0211111 0.0470886
7 0.93375 0.441667 0.00499999 0.0144444 0.0458679
3 0.611875 0.309444 0.00500005 0.0266667 0.0453491
2 0.54625 0.296667 0.00999997 0.0177778 0.0428772
0 0.4225 0.296667 0.00874999 0.0144444 0.0420837
3 0.129531 0.378333 0.0040625 0.0177778 0.0419312
0 0.493438 0.259444 0.00562499 0.00888887 0.0399475
0 0.32875 0.345278 0.0175 0.0205555 0.0386047
3 0.86875 0.310556 0.00625 0.0211111 0.0380249
0 0.0285547 0.455278 0.0172266 0.0266667 0.0379028
7 0.234688 0.3675 0.00374999 0.0105555 0.037323
2 0.312969 0.429722 0.010625 0.0511111 0.0372009
0 0.378125 0.304167 0.01375 0.0188889 0.0359497
3 0.250313 0.345 0.00374999 0.0233333 0.0351562
0 0.466875 0.306667 0.0125 0.0233333 0.0324707
0 0.3275 0.34 0.01625 0.02 0.0323486
0 0.751875 0.322222 0.03 0.0205555 0.0322266
2 0.8075 0.315833 0.01 0.0177778 0.0322266
2 0.81 0.312222 0.0125 0.0222222 0.0317383
7 0.93 0.475556 0.00499999 0.0222223 0.0313721
0 0.317344 0.319722 0.0115625 0.0166667 0.0289764
0 0.120938 0.421389 0.0378125 0.0266667 0.0288696
2 0.303438 0.431667 0.0196875 0.04 0.0285492
7 0.0474219 0.475278 0.005625 0.0127778 0.0284424
0 0.324688 0.319722 0.00999997 0.0155555 0.0278015
0 0.4175 0.283333 0.00999997 0.0155556 0.0261078
2 0.569688 0.321389 0.011875 0.0266667 0.0258636
2 0.555 0.2975 0.00874996 0.0166667 0.0245209
7 0.933125 0.476389 0.00625 0.0211111 0.0245209
0 0.320313 0.397222 0.058125 0.0444444 0.0230713
0 0.414375 0.29 0.0125 0.025 0.0223694
0 0.0065625 0.446111 0.013125 0.0255555 0.0223694
0 0.446875 0.263333 0.00625 0.0116667 0.02034
0 0.515 0.278056 0.00687501 0.0127778 0.0200195
0 0.7075 0.326111 0.035 0.0244445 0.0197906
7 0.265625 0.365556 0.00312498 0.0077778 0.0195618
0 0.447813 0.267222 0.00750001 0.00999999 0.0195007
3 0.149219 0.378333 0.0046875 0.0172222 0.0193787
7 0.155547 0.421111 0.00374999 0.0133334 0.0189819
3 0.54875 0.266111 0.00562496 0.0188889 0.0184784
3 0.255625 0.329444 0.00499999 0.02 0.0179901
7 0.65375 0.320556 0.00374997 0.0166667 0.0179138
0 0.73 0.325556 0.03875 0.0255556 0.0179138
1 0.417188 0.278889 0.023125 0.0233333 0.0175781
2 0.217969 0.362778 0.00687499 0.0177778 0.0171051
2 0.86625 0.313889 0.00999997 0.0177778 0.0167847
0 0.346875 0.341111 0.01625 0.02 0.0162811
3 0.689375 0.307222 0.00499999 0.0133333 0.0157166
3 0.123281 0.382222 0.0053125 0.0166667 0.0150146
2 0.566563 0.293333 0.00812505 0.0144444 0.0149002
7 0.0131836 0.542222 0.00496094 0.0177778 0.0148392
7 0.92375 0.483889 0.00499999 0.02 0.0147324
2 0.198438 0.385 0.0159375 0.0277778 0.0145569
2 0.0029541 0.421667 0.00589844 0.0155555 0.0145569
7 0.91375 0.488333 0.00499999 0.0183334 0.0141754
3 0.604688 0.307778 0.00562496 0.0266667 0.0139008
7 0.68375 0.359444 0.00500005 0.0177778 0.0135345
5 0.82375 0.315556 0.03625 0.0277778 0.0134811
0 0.353125 0.311111 0.0125 0.0188889 0.0134277
2 0.00529175 0.509444 0.00984619 0.0455556 0.0133743
0 0.460625 0.323889 0.02375 0.0333333 0.0132751
2 0.116094 0.3825 0.00531251 0.0172222 0.0129242
0 0.338438 0.318611 0.011875 0.0155555 0.0127716
0 0.315 0.339444 0.013125 0.0211111 0.0127258
0 0.81625 0.311667 0.0225 0.0211111 0.0119629
7 0.169219 0.411111 0.004375 0.0166667 0.0119629
2 0.57125 0.307222 0.0125 0.0266667 0.0118713
7 0.630625 0.335556 0.00250003 0.0122222 0.0115509
2 0.134766 0.382222 0.00421875 0.0144444 0.011467
2 0.213438 0.357778 0.00750001 0.0222222 0.0110703
3 0.268281 0.341667 0.00562499 0.0161111 0.0110321
7 0.7075 0.403333 0.00499999 0.0161111 0.0106506
0 0.0125391 0.448889 0.0224609 0.0288889 0.0102921
2 0.57125 0.329722 0.0112501 0.0255556 0.0102463
7 0.67125 0.474444 0.00500005 0.03 0.0102463
2 0.870625 0.316944 0.01625 0.0188889 0.01017
7 0.254375 0.366111 0.003125 0.00888889 0.00997162
0 0.109844 0.439167 0.03875 0.0361111 0.00978088
0 0.471875 0.268889 0.00749998 0.0122222 0.00963593
3 0.66875 0.302222 0.00750001 0.015 0.00948334
3 0.31375 0.440278 0.01125 0.0522222 0.00937653
2 0.675 0.297778 0.00499999 0.0133333 0.00930023
0 0.82125 0.312778 0.03 0.0233333 0.00912476
0 0.705 0.322222 0.02375 0.0233333 0.0085144
7 0.275469 0.351111 0.00374997 0.0116667 0.00818634
7 0.665 0.311667 0.00374997 0.0105555 0.00787354
2 0.564375 0.283889 0.00750001 0.0161111 0.0077858
0 0.501875 0.282778 0.01125 0.0144444 0.00763702
3 0.105234 0.403889 0.00515625 0.0133333 0.00751877
0 0.527188 0.277222 0.00874999 0.0122222 0.00706482
2 0.175 0.373889 0.00875001 0.0211111 0.00701141
0 0.460625 0.297222 0.013125 0.0144444 0.00698471
0 0.461875 0.288333 0.01 0.0144444 0.00698471
2 0.204219 0.373611 0.0059375 0.0194444 0.00656509
0 0.489688 0.266944 0.00625 0.0122222 0.00653839
7 0.217813 0.412222 0.0190625 0.0222222 0.0064888
7 0.71875 0.450556 0.00750001 0.0216667 0.00626373
0 0.299219 0.340278 0.0196875 0.0233333 0.00614548
3 0.585625 0.305 0.00562503 0.0233333 0.006073
3 0.21 0.3475 0.00562499 0.0261111 0.00605011
2 0.145469 0.382222 0.00406249 0.0155555 0.00584412
7 0.310625 0.438056 0.01125 0.0333333 0.00548935
7 0.175625 0.403611 0.00499999 0.0188889 0.00530243
3 0.7775 0.353056 0.00749995 0.03 0.00510025
0 0.81875 0.333333 0.04 0.0222222 0.00477219
7 0.245313 0.369444 0.00374999 0.0111111 0.00471878
7 0.0470703 0.486667 0.00523437 0.0144444 0.00469971
7 0.678125 0.481111 0.00750001 0.0222223 0.00455475
0 0.433125 0.262222 0.00750001 0.0111111 0.00445175
7 0.0346094 0.527778 0.0040625 0.0127778 0.00441742
3 0.155313 0.371111 0.00437501 0.0211111 0.00432968
0 0.76375 0.34 0.0325 0.0244445 0.00407028
0 0.479375 0.292778 0.0125 0.02 0.00402451
0 0.50875 0.273889 0.01125 0.0177778 0.00400543
2 0.0639453 0.426111 0.0059375 0.0177778 0.00385475
0 0.227656 0.372778 0.024375 0.02 0.00374985
0 0.467188 0.282778 0.00874999 0.0144444 0.00356483
7 0.0251953 0.535278 0.00480469 0.0194444 0.00356483
7 0.249688 0.371667 0.004375 0.015 0.00351143
7 0.63625 0.315 0.00499999 0.0122222 0.00349617
7 0.745625 0.423333 0.00375004 0.0172222 0.00342941
1 0.483125 0.249167 0.00875003 0.0188889 0.00338936
3 0.725 0.3 0.00499999 0.0177778 0.00337601
2 0.156719 0.38 0.00640626 0.02 0.00335121
0 0.703125 0.319722 0.0225 0.0216667 0.00329781
3 0.84875 0.303333 0.00625 0.0166667 0.00317192
0 0.1875 0.3975 0.02875 0.0327778 0.00304031
2 0.8475 0.428611 0.0137499 0.0455556 0.00302696
2 0.223906 0.372778 0.0046875 0.0177778 0.00287819
3 0.69 0.418333 0.00999997 0.0477778 0.00283432
2 0.501875 0.327778 0.00999997 0.0222222 0.00275803
7 0.75375 0.417778 0.00499999 0.0177778 0.00269318
0 0.96375 0.334444 0.01125 0.0144444 0.00261116
7 0.0750781 0.472222 0.00375 0.0122222 0.00261116
2 0.71125 0.307778 0.01 0.0188889 0.00260162
3 0.0494531 0.412222 0.0104688 0.02 0.00260162
2 0.6675 0.297778 0.00750001 0.0144444 0.00247192
0 0.30375 0.411667 0.03125 0.0433333 0.00242424
0 0.51375 0.261111 0.00625 0.01 0.00237846
3 0.773125 0.342778 0.0175 0.0255555 0.00237846
3 0.604375 0.3175 0.00499999 0.0288889 0.00228691
0 0.0263477 0.445 0.0203906 0.0222222 0.00227928
3 0.84375 0.299722 0.00499999 0.0161111 0.00226974
0 0.9 0.331111 0.0225 0.0161111 0.00226974
2 0.725 0.392778 0.00499999 0.0288889 0.00219917
0 0.193594 0.400556 0.041875 0.0322222 0.00219917
7 0.93375 0.484722 0.00750001 0.0288889 0.00219154
7 0.217188 0.513056 0.00562501 0.0188889 0.00214958
2 0.196406 0.396389 0.0153125 0.0288889 0.00213242
0 0.78625 0.313889 0.0325 0.0233333 0.00210762
0 0.521563 0.353889 0.025 0.0311111 0.00206757
3 0.110547 0.384444 0.0065625 0.0244444 0.00201035
2 0.45625 0.328333 0.02625 0.0233333 0.00198746
2 0.53375 0.264444 0.00625 0.0116667 0.0019722
0 0.89875 0.332778 0.0175 0.0155556 0.0019722
3 0.135234 0.373889 0.00484375 0.0188889 0.00195694
3 0.0351562 0.486111 0.00367187 0.0211111 0.00192642
3 0.0750781 0.398056 0.00421875 0.02 0.00189686
7 0.91125 0.485278 0.00625 0.0272222 0.00183868
2 0.557188 0.315 0.00687497 0.0188889 0.00182438
0 0.97625 0.333056 0.01 0.0161111 0.00182438
0 0.955 0.333611 0.00999997 0.0166667 0.00167465
2 0.535 0.273056 0.00499999 0.0127778 0.0016613
0 0.87 0.328889 0.02875 0.02 0.00162315
7 0.362188 0.635556 0.079375 0.128889 0.00158501
2 0.0528906 0.402778 0.0117188 0.0233333 0.00157928
3 0.0946875 0.405556 0.00375 0.0144444 0.00153637
0 0.127031 0.4175 0.0365625 0.0372222 0.00153637
7 0.234219 0.511111 0.0075 0.0388889 0.00153637
0 0.945 0.335 0.00750001 0.0144444 0.00153065
2 0.595 0.304444 0.00374997 0.0233333 0.00150681
0 0.83875 0.336111 0.0225 0.02 0.00148964
0 0.94875 0.986111 0.05875 0.0255555 0.00143242
3 0.65 0.311111 0.00499999 0.0194444 0.00136662
0 0.496875 0.275 0.00749998 0.0122222 0.00135612
0 0.73125 0.335556 0.04 0.0294445 0.00131512
2 0.685 0.296667 0.00499999 0.0133333 0.0012846
0 0.90625 0.3325 0.02 0.0144444 0.0012846
2 0.0350977 0.417222 0.0119922 0.0244444 0.00124931
3 0.805 0.341111 0.00750001 0.03 0.00123501
0 0.67875 0.322778 0.0125 0.0244444 0.00122547
0 0.44625 0.274722 0.00625 0.0105556 0.00118828
0 0.0411816 0.408056 0.0213867 0.0261111 0.00115108
3 0.795 0.342778 0.00999997 0.02 0.0011425
7 0.72125 0.45 0.00749995 0.02 0.0011425
0 0.996875 0.4 0.00624994 0.0511111 0.00113392
2 0.558125 0.282778 0.01 0.0166667 0.0011158
2 0.0445703 0.406389 0.015 0.0233333 0.00110722
3 0.234688 0.353889 0.0034375 0.0127778 0.00109863
