0 0.514375 0.568333 0.11125 0.266667 0.95752
0 0.94875 0.890278 0.1025 0.219444 0.955078
0 0.322188 0.333889 0.076875 0.112222 0.954102
0 0.343203 0.592222 0.137344 0.264444 0.953613
0 0.648594 0.520278 0.120313 0.229444 0.952148
0 0.815625 0.5125 0.14625 0.229444 0.944336
0 0.216875 0.573333 0.136875 0.221111 0.943359
0 0.776875 0.921667 0.18625 0.156667 0.940918
0 0.688125 0.273889 0.08 0.101667 0.939941
0 0.0752734 0.952222 0.136641 0.0955555 0.939453
0 0.3975 0.357778 0.084375 0.128889 0.937988
0 0.506875 0.305278 0.0675 0.113889 0.936035
0 0.612813 0.326389 0.081875 0.126111 0.93457
0 0.138047 0.542222 0.134531 0.206667 0.927246
0 0.241875 0.366111 0.0871875 0.115556 0.925781
0 0.0203906 0.914444 0.0404687 0.171111 0.880859
0 0.326875 0.165833 0.060625 0.055 0.865234
0 0.374375 0.116424 0.05 0.0338194 0.864258
0 0.293125 0.143611 0.04625 0.0361111 0.861328
0 0.444375 0.106806 0.0475 0.04 0.819824
7 0.703125 0.199583 0.00625 0.0225 0.813965
0 0.567188 0.0743056 0.055 0.0361111 0.811523
0 0.0224609 0.317778 0.0365625 0.0433333 0.799316
0 0.0545313 0.275556 0.0314063 0.0344445 0.795898
0 0.186719 0.206389 0.0471875 0.0416667 0.779785
7 0.245156 0.281111 0.0075 0.0244444 0.764648
2 0.0242383 0.350833 0.0157813 0.0411111 0.749023
0 0.128906 0.226389 0.0371875 0.0322222 0.746094
0 0.7725 0.0665972 0.0375 0.0240278 0.73877
0 0.598438 0.0317361 0.025 0.0186111 0.72168
0 0.325 0.0897917 0.01875 0.0219444 0.72168
1 0.366875 0.0676389 0.02 0.0370833 0.710449
7 0.744375 0.176111 0.00625 0.0205556 0.704102
0 0.499375 0.0513889 0.018125 0.0233333 0.700684
7 0.75375 0.163889 0.00499999 0.0197222 0.697754
0 0.75875 0.0605556 0.0325 0.0236111 0.679199
2 0.85 0.176806 0.015 0.0525 0.679199
0 0.111484 0.249028 0.03375 0.0325 0.675781
0 0.909375 0.0856944 0.02875 0.0208333 0.673828
0 0.345625 0.0848611 0.01375 0.0211111 0.642578
0 0.459688 0.0611111 0.033125 0.0269444 0.640625
0 0.535 0.0179514 0.011875 0.0150694 0.622559
7 0.7725 0.147222 0.00499999 0.0180556 0.620605
0 0.3875 0.0694444 0.015 0.0205556 0.592773
7 0.94625 0.22 0.00499999 0.0172222 0.583008
2 0.2875 0.113021 0.00968752 0.0250694 0.544922
2 0.256406 0.13 0.00906251 0.0227778 0.537109
7 0.77 0.13 0.00499999 0.0177778 0.530273
7 0.0446875 0.3625 0.005 0.0161111 0.525391
0 0.511875 0.00653646 0.00750001 0.010816 0.517578
0 0.404375 0.0584722 0.01625 0.0198611 0.517578
0 0.385625 0.07375 0.015 0.0213889 0.509766
0 0.7825 0.0548611 0.0325 0.02 0.496094
7 0.0310547 0.377222 0.00460938 0.0188889 0.456055
2 0.615625 0.04 0.0175 0.0202778 0.437744
0 0.413438 0.0480556 0.010625 0.0168056 0.413086
2 0.70375 0.043125 0.01125 0.0223611 0.375732
7 0.675 0.0509028 0.00375004 0.0145833 0.37207
0 0.336875 0.0830556 0.0125 0.0194444 0.354004
0 0.910625 0.08875 0.0325 0.0258333 0.354004
0 0.0186328 0.288056 0.0339063 0.0383333 0.336426
0 0.59625 0.0339583 0.0275 0.0180556 0.334473
0 0.20625 0.223889 0.025 0.0366667 0.334473
0 0.7675 0.0651389 0.03875 0.0266667 0.323486
0 0.104531 0.251042 0.0340625 0.0345833 0.297363
7 0.691875 0.186944 0.00625 0.0244444 0.286133
0 0.00900879 0.307778 0.0169238 0.0377778 0.279785
0 0.406563 0.05375 0.015 0.0175 0.275146
2 0.205938 0.223333 0.024375 0.0377778 0.273682
0 0.394688 0.0490278 0.014375 0.0191667 0.271973
0 0.389688 0.0572917 0.01375 0.0175 0.27124
0 0.7825 0.0600694 0.04 0.0233333 0.269043
2 0.65 0.0505556 0.00499999 0.0194444 0.263672
0 0.375625 0.0749306 0.011875 0.02375 0.255371
0 0.340625 0.0755556 0.01125 0.0183333 0.252441
0 0.345313 0.06875 0.013125 0.0130556 0.248047
0 0.0318164 0.273889 0.0144531 0.0227778 0.23938
2 0.256875 0.128056 0.00718749 0.0227778 0.222656
0 0.00364014 0.281667 0.00728027 0.0255555 0.218628
0 0.016582 0.3 0.0322266 0.0388889 0.20752
0 0.423125 0.0409028 0.0125 0.0159722 0.205566
7 0.0751563 0.298056 0.0034375 0.0122222 0.201172
7 0.70625 0.0813889 0.00375004 0.0131944 0.199341
2 0.61375 0.0370139 0.019375 0.0197222 0.19812
0 0.0345117 0.273056 0.0188672 0.0233333 0.180054
0 0.355938 0.0806945 0.01125 0.0202778 0.179565
0 0.389688 0.0642361 0.013125 0.02 0.174927
0 0.405938 0.0504861 0.01375 0.0173611 0.174438
2 0.35625 0.129306 0.009375 0.0305556 0.168823
7 0.0691406 0.3 0.0034375 0.0138889 0.165039
2 0.604688 0.0414583 0.01 0.0176389 0.15918
0 0.35375 0.0684028 0.00874999 0.0184722 0.127686
7 0.7525 0.1675 0.00749995 0.0194444 0.123352
0 0.45875 0.0776389 0.03625 0.0291667 0.118408
7 0.946875 0.214444 0.00499999 0.0188889 0.117554
7 0.258125 0.264444 0.0075 0.0222222 0.107788
2 0.7025 0.0306944 0.00999997 0.0159722 0.106323
2 0.361875 0.126667 0.0125 0.0283333 0.10376
0 0.450938 0.0823611 0.038125 0.0230556 0.100525
2 0.619375 0.0404861 0.01125 0.0201389 0.0984497
0 0.00984375 0.300556 0.0195313 0.0333333 0.0963745
5 0.8175 0.0634722 0.0475 0.0340278 0.0950317
0 0.422188 0.0358681 0.009375 0.0175694 0.0900879
2 0.0917188 0.212778 0.00828125 0.0222222 0.0830078
2 0.431875 0.111806 0.02625 0.0316667 0.0806274
2 0.08875 0.271111 0.0096875 0.0266667 0.0797729
7 0.746875 0.12875 0.00499999 0.0191667 0.0789185
0 0.377813 0.0718056 0.015625 0.0233333 0.0775146
2 0.0901563 0.264444 0.0134375 0.0255556 0.0747681
2 0.289063 0.113854 0.014375 0.0250694 0.072876
0 0.455 0.0634722 0.03125 0.0291667 0.0691528
7 0.74875 0.126111 0.00499999 0.0216667 0.0682983
0 0.9075 0.0811806 0.025 0.0220833 0.0669556
3 0.231406 0.128889 0.00499999 0.0211111 0.0661011
0 0.3875 0.0515972 0.0125 0.0152778 0.0632324
2 0.6525 0.0496528 0.00749995 0.02125 0.0594177
0 0.44375 0.0277083 0.009375 0.0145833 0.0589905
2 0.0915625 0.218333 0.00875 0.0216667 0.0560303
2 0.85375 0.1825 0.00999997 0.0577778 0.0539856
7 0.7625 0.154167 0.00750001 0.0194444 0.0535889
7 0.0663281 0.31 0.004375 0.0122222 0.0535889
3 0.0218164 0.35 0.00910156 0.035 0.0505066
2 0.0901563 0.268333 0.00890625 0.0255556 0.0503235
7 0.78 0.146944 0.00750001 0.0188889 0.0503235
2 0.695 0.0504167 0.00499999 0.015 0.049408
0 0.369375 0.0583333 0.01625 0.0244444 0.0476074
5 0.444375 0.0148611 0.01125 0.0138889 0.0472412
0 0.453438 0.0773611 0.03625 0.0238889 0.0469055
0 0.81375 0.0740972 0.045 0.025 0.0458679
0 0.460938 0.00579861 0.00625 0.0115972 0.0391235
7 0.0277734 0.38 0.0071875 0.0188889 0.0379028
2 0.025957 0.351111 0.0135156 0.0344445 0.0375977
7 0.085625 0.293889 0.00375 0.01 0.0358276
2 0.0946875 0.277778 0.0059375 0.02 0.035675
7 0.0671094 0.295278 0.00539063 0.0111111 0.035675
0 0.47875 0.0611111 0.02375 0.0198611 0.0348816
0 0.0162988 0.288333 0.0284961 0.0316666 0.0343628
0 0.251406 0.132083 0.0209375 0.025 0.0337219
3 0.233906 0.131389 0.004375 0.0227778 0.0335999
0 0.462813 0.00819444 0.00750001 0.00951389 0.0333252
0 0.571875 0.0718056 0.04125 0.0343056 0.0332642
0 0.45375 0.0122917 0.00625 0.00930556 0.0323486
7 0.69375 0.0793056 0.00499999 0.0141667 0.0304413
0 0.77125 0.0719444 0.0375 0.03 0.0302124
3 0.233438 0.126389 0.004375 0.0222222 0.0297546
2 0.252813 0.131667 0.018125 0.0255555 0.0267639
0 0.450625 0.0183681 0.00625 0.00909722 0.0264587
2 0.123828 0.189444 0.0084375 0.025 0.0259552
0 0.44 0.0626389 0.019375 0.0247222 0.0238647
0 0.0377734 0.268333 0.0163281 0.0233333 0.0237732
2 0.207813 0.143611 0.0096875 0.02 0.0231476
2 0.5225 0.0525694 0.01125 0.0190278 0.0229797
0 0.43375 0.0492361 0.013125 0.0169444 0.0227966
2 0.584375 0.0392361 0.00750001 0.0194444 0.0227966
7 0.709375 0.0855556 0.00375004 0.0161111 0.0225372
2 0.29 0.109444 0.014375 0.0225 0.0222931
7 0.0033252 0.383889 0.00606445 0.0166667 0.0216217
3 0.0896875 0.225833 0.0078125 0.0241667 0.0195312
0 0.0125 0.271111 0.02 0.0211111 0.0183411
0 0.00362793 0.271667 0.00725586 0.03 0.0178528
2 0.0878125 0.222778 0.00703125 0.02 0.0172424
0 0.124453 0.231667 0.0307812 0.0377778 0.0172424
2 0.696875 0.0275 0.00625 0.0129167 0.0166626
3 0.209688 0.153194 0.00562501 0.0263889 0.0162201
0 0.340937 0.0715278 0.015 0.0175 0.0161591
0 0.82 0.0720833 0.0425 0.02875 0.0160217
0 0.9875 0.113889 0.0175 0.0169444 0.0149002
7 0.685 0.0830556 0.00499999 0.0127778 0.0137939
2 0.7325 0.12375 0.00750001 0.0280556 0.0136871
2 0.0369336 0.247778 0.00800782 0.02 0.0134277
0 0.436875 0.08375 0.045 0.0308333 0.0132751
2 0.206563 0.148056 0.010625 0.0227778 0.0127258
3 0.17 0.162083 0.005 0.02 0.0123367
7 0.105234 0.270278 0.00437501 0.0227778 0.0120087
7 0.154375 0.239167 0.00531249 0.0188889 0.0119171
0 0.835 0.0698611 0.0300001 0.0231944 0.0117798
0 0.536875 0.00682292 0.01 0.0136458 0.0115967
7 0.305313 0.101528 0.00437501 0.0125 0.011467
7 0.9475 0.224444 0.00500005 0.0222222 0.011467
0 0.0998438 0.253958 0.035 0.0320833 0.0114212
7 0.67125 0.0501389 0.00250003 0.0144444 0.0114212
7 0.69 0.085 0.00500005 0.0163889 0.0113297
2 0.618125 0.0371528 0.015 0.0195833 0.01017
0 0.443125 0.0494444 0.01 0.0163889 0.01017
3 0.0903906 0.210556 0.0075 0.03 0.0100098
2 0.014873 0.264444 0.00896484 0.0166667 0.00997162
7 0.0342773 0.371667 0.00375 0.0188889 0.00993347
0 0.427813 0.0686111 0.026875 0.0252778 0.00985718
7 0.00979492 0.376111 0.00435547 0.0166667 0.00985718
0 0.9925 0.118333 0.015 0.0230555 0.00952148
0 0.403438 0.0359028 0.00875003 0.01625 0.00933838
3 0.73125 0.12 0.00499999 0.0377778 0.00933838
0 0.598125 0.0280556 0.0225 0.0197222 0.00926971
2 0.246875 0.129167 0.0125 0.0272222 0.00923157
0 0.418125 0.0354514 0.01 0.0164583 0.00919342
3 0.389375 0.126111 0.0125 0.0241667 0.00919342
0 0.414375 0.0585417 0.01375 0.0204167 0.00894928
7 0.945 0.230556 0.00499999 0.0275 0.00891876
0 0.7075 0.0445139 0.0225 0.0206944 0.00874329
2 0.5475 0.0513889 0.00875003 0.0195833 0.00821686
2 0.656875 0.0379167 0.00625 0.0222222 0.00787354
7 0.0324609 0.376667 0.00664063 0.02 0.00746155
2 0.73375 0.111806 0.00749995 0.0441667 0.00740433
0 0.4375 0.0561111 0.03125 0.0283333 0.00737381
3 0.174844 0.167222 0.00375001 0.0197222 0.00728989
5 0.81625 0.05875 0.0375 0.0280556 0.00666809
2 0.0249805 0.262778 0.00707031 0.0166667 0.00664139
3 0.180625 0.150278 0.00562499 0.0261111 0.00664139
7 0.555 0.0505556 0.00437501 0.015 0.00661469
3 0.15 0.168056 0.00406251 0.0216667 0.00658798
0 0.77875 0.0726389 0.0475 0.0302778 0.00653839
0 0.118594 0.234583 0.0310938 0.0302778 0.00643921
2 0.164219 0.217083 0.01375 0.0252778 0.00641251
7 0.94125 0.219861 0.00500005 0.0191667 0.00626373
3 0.144844 0.174583 0.0046875 0.0183333 0.005867
3 0.164375 0.17375 0.00375001 0.0141667 0.00582123
0 0.83875 0.0754861 0.0275 0.0251389 0.00551224
7 0.261563 0.261667 0.0075 0.0211111 0.00551224
2 0.109531 0.200694 0.00859375 0.0225 0.00551224
3 0.30625 0.232222 0.010625 0.0352778 0.00536346
0 0.6025 0.0284722 0.01875 0.0190278 0.00536346
3 0.21 0.135972 0.00531251 0.0255556 0.00530243
7 0.70125 0.0768056 0.00499999 0.0159722 0.00518036
5 0.764375 0.033125 0.115 0.06625 0.0050621
0 0.349375 0.0636111 0.01375 0.0216667 0.0050621
3 0.307031 0.230833 0.0134375 0.0494444 0.00503922
2 0.562188 0.0236806 0.00812499 0.0141667 0.00500107
2 0.0886719 0.214028 0.00921875 0.0222222 0.00500107
3 0.73 0.0952083 0.00499999 0.0290278 0.00498199
0 0.55125 0.0785417 0.02375 0.0276389 0.00460815
3 0.715 0.129861 0.015 0.0630556 0.00457382
0 0.55125 0.0738889 0.03 0.0305556 0.00450516
7 0.646875 0.0511806 0.00499999 0.0159722 0.00443268
3 0.134688 0.176528 0.00484374 0.0177778 0.00436401
2 0.613125 0.0467361 0.01875 0.0247222 0.00426483
7 0.715 0.0806945 0.00500005 0.0144444 0.0042305
2 0.935625 0.0856944 0.00750001 0.0158333 0.0041008
2 0.275625 0.122361 0.00562499 0.0169444 0.0041008
0 0.116094 0.253056 0.0259375 0.0361111 0.00403976
0 0.528438 0.0152083 0.010625 0.0138889 0.0039444
3 0.71625 0.124444 0.00750001 0.0491667 0.0039444
0 0.577813 0.0619444 0.034375 0.0202778 0.00387001
0 0.87125 0.0818056 0.03 0.0227778 0.00382423
2 0.843125 0.179167 0.02875 0.0572222 0.00370789
2 0.585 0.0129861 0.00875003 0.0148611 0.00369263
2 0.854375 0.0401562 0.00874996 0.0188542 0.00367928
0 0.430625 0.0772222 0.0375 0.0272222 0.00367928
2 0.59625 0.0377083 0.0225 0.0243056 0.00325966
0 0.370938 0.109757 0.046875 0.0277083 0.00319672
7 0.95375 0.210556 0.00500005 0.0172222 0.00319672
0 0.48625 0.0128472 0.00625 0.0102778 0.00317192
3 0.9225 0.201111 0.00749995 0.0516667 0.00317192
3 0.274375 0.100556 0.00500002 0.0175 0.00312424
3 0.25625 0.132361 0.014375 0.0302778 0.00312424
7 0.7725 0.143333 0.00625 0.02 0.00304031
5 0.00367676 0.254167 0.00735352 0.0405556 0.00302696
0 0.366875 0.0831944 0.03125 0.0272222 0.00298119
0 0.555938 0.0125694 0.00999997 0.0132639 0.0029583
2 0.13125 0.196528 0.01125 0.0188889 0.00283432
0 0.99625 0.131389 0.00749995 0.0394445 0.00282288
7 0.94875 0.204167 0.00499999 0.0194444 0.00282288
2 0.5325 0.0493056 0.01625 0.02375 0.00279999
7 0.248438 0.27 0.00843749 0.0277778 0.00273705
0 0.99 0.120556 0.0175 0.0322222 0.00268364
0 0.97875 0.116528 0.00999997 0.0155556 0.0026722
7 0.129063 0.258889 0.0128125 0.0327778 0.00265312
0 0.464688 0.0802778 0.04875 0.0311111 0.00259018
7 0.135078 0.252292 0.00453125 0.0231944 0.00257111
7 0.115547 0.267778 0.00546875 0.0266667 0.00257111
3 0.431875 0.121528 0.015 0.0452778 0.00255013
2 0.212813 0.142083 0.0059375 0.0180556 0.00252151
3 0.18375 0.168333 0.005 0.0238889 0.00251198
3 0.0439063 0.248889 0.00867187 0.0216667 0.00251198
1 0.365625 0.0604167 0.02375 0.03 0.00247192
3 0.135156 0.18875 0.00421875 0.0147222 0.00245285
3 0.885625 0.0594444 0.00499999 0.0194444 0.00243378
3 0.1975 0.153889 0.00750001 0.0222222 0.00243378
0 0.860625 0.0786111 0.02875 0.0227778 0.0024147
7 0.0982813 0.282778 0.0078125 0.0233333 0.00239754
0 0.986875 0.105694 0.00875003 0.0163889 0.002388
7 0.69125 0.0516667 0.00374997 0.0134722 0.00235939
7 0.397813 0.357778 0.083125 0.131111 0.00232315
2 0.0748828 0.240278 0.00734375 0.0191667 0.00231361
0 0.875 0.0854167 0.03 0.0230556 0.00230598
7 0.0957813 0.290833 0.005 0.015 0.00230598
0 0.551875 0.0204167 0.025 0.0225694 0.00229645
0 0.421875 0.0691667 0.019375 0.0252778 0.00229645
0 0.47375 0.0110764 0.00625 0.00972222 0.00225258
7 0.0446094 0.358611 0.0059375 0.0233333 0.00223351
0 0.509375 0.0513889 0.025 0.0216667 0.00216484
3 0.154922 0.172639 0.00421874 0.0158333 0.00214958
7 0.625 0.0618056 0.00375004 0.0111111 0.00209999
0 0.159297 0.220556 0.0139063 0.0238889 0.00209999
2 0.265313 0.124444 0.00531249 0.0177778 0.00208282
3 0.715 0.126979 0.00875003 0.054375 0.00206757
7 0.66625 0.0455556 0.00250003 0.0108333 0.00203514
0 0.438125 0.0133333 0.00749998 0.0125 0.00202751
0 0.349375 0.134167 0.02375 0.0372222 0.00201988
2 0.708125 0.0508333 0.01 0.0191667 0.0019722
0 0.314531 0.08875 0.0140625 0.0216667 0.00195694
