0 0.489375 0.878889 0.1725 0.235556 0.958984
0 0.274688 0.843611 0.183125 0.312778 0.956543
0 0.508438 0.482778 0.1075 0.225556 0.952637
0 0.740625 0.847222 0.2 0.304444 0.952148
0 0.649375 0.465278 0.12125 0.218333 0.950195
0 0.356563 0.501111 0.11375 0.208889 0.948242
0 0.403125 0.321111 0.07125 0.115556 0.945801
0 0.310938 0.247917 0.060625 0.0858333 0.938965
0 0.61625 0.284722 0.07625 0.125556 0.920898
5 0.508125 0.238194 0.09 0.216944 0.92041
0 0.54125 0.0844444 0.05375 0.0327778 0.89502
0 0.384375 0.113889 0.035 0.0411111 0.891602
0 0.895 0.109965 0.035 0.0328472 0.875
0 0.428125 0.0923611 0.0375 0.0286111 0.873047
0 0.340938 0.171389 0.033125 0.0527778 0.859863
0 0.0757031 0.256944 0.0325 0.0311111 0.851074
0 0.3 0.147778 0.03625 0.035 0.850098
0 0.291563 0.135139 0.036875 0.0333333 0.839844
0 0.95875 0.129444 0.03125 0.0313889 0.836426
0 0.0557031 0.281667 0.0289063 0.0333333 0.836426
0 0.3475 0.0806945 0.01875 0.0230556 0.831055
0 0.364375 0.075 0.01625 0.0209722 0.812988
0 0.155547 0.194722 0.0345313 0.0333333 0.808105
0 0.104141 0.214722 0.031875 0.045 0.805664
7 0.25625 0.264444 0.0075 0.0227778 0.805664
0 0.0295508 0.307222 0.0344141 0.0366667 0.791992
0 0.324375 0.0908333 0.02 0.0261111 0.790527
0 0.73625 0.0522222 0.035 0.0233333 0.789062
0 0.294688 0.0983333 0.02375 0.0230556 0.789062
7 0.242188 0.281111 0.0075 0.0238889 0.766113
0 0.755 0.0604167 0.03625 0.0236111 0.759277
0 0.00564453 0.328889 0.0112891 0.0266667 0.759277
2 0.643125 0.0482118 0.00875003 0.0232986 0.751953
7 0.7425 0.173056 0.00499999 0.0222222 0.740234
0 0.384375 0.0813889 0.02125 0.025 0.73584
0 0.225469 0.138194 0.0278125 0.0238889 0.730957
0 0.127188 0.200833 0.0290625 0.0311111 0.728027
0 0.77 0.0645833 0.03625 0.0244444 0.710449
0 0.218125 0.157639 0.02625 0.0336111 0.708984
0 0.530625 0.021875 0.010625 0.0133333 0.686035
2 0.625313 0.0411285 0.011875 0.0230208 0.67041
0 0.391563 0.0602083 0.01375 0.0227778 0.67041
5 0.0338672 0.277778 0.0446094 0.0477778 0.67041
0 0.873125 0.0819444 0.0325 0.0247222 0.656738
0 0.81375 0.0626389 0.035 0.0256944 0.638672
0 0.425313 0.0416667 0.0125 0.0198611 0.607422
7 0.7525 0.161389 0.00500005 0.0194444 0.588867
0 0.7625 0.0634722 0.045 0.0258333 0.57959
0 0.40375 0.058125 0.01375 0.0194444 0.562012
0 0.33375 0.0759722 0.015625 0.0194444 0.556641
7 0.94375 0.219444 0.00499999 0.0172222 0.546875
0 0.50875 0.0131944 0.009375 0.0143056 0.542969
0 0.4125 0.03 0.00874999 0.0148611 0.541016
0 0.956875 0.0972222 0.0237501 0.0202778 0.539062
0 0.373438 0.0673611 0.01375 0.0208333 0.535156
0 0.789375 0.0563889 0.03375 0.0225 0.532227
0 0.89 0.0768056 0.0225 0.0177778 0.513672
0 0.224063 0.141389 0.03125 0.0288889 0.513672
0 0.356875 0.0602778 0.01375 0.0170833 0.5
0 0.91 0.0858333 0.0275 0.0211111 0.5
0 0.8525 0.0727778 0.035 0.0230556 0.496094
7 0.0272656 0.378611 0.00554688 0.0172222 0.494141
7 0.0283203 0.378889 0.00476562 0.0172222 0.487305
0 0.3725 0.0552778 0.009375 0.0141667 0.483398
0 0.419063 0.0744444 0.020625 0.0266667 0.464844
7 0.7675 0.129444 0.00499999 0.0172222 0.445557
0 0.38125 0.0444444 0.01125 0.0158333 0.443604
7 0.704375 0.0785417 0.00374997 0.0126389 0.432129
0 0.43125 0.0470139 0.010625 0.0179167 0.428223
0 0.420313 0.0684028 0.020625 0.0316667 0.394287
0 0.0130273 0.305 0.0240625 0.0366667 0.390381
0 0.37625 0.0502083 0.00875003 0.0129167 0.370117
0 0.355625 0.0584722 0.013125 0.0168056 0.369385
0 0.40625 0.048125 0.015 0.02125 0.368408
0 0.41 0.0530556 0.0125 0.0188889 0.367432
2 0.625938 0.0380382 0.0106249 0.0211458 0.357666
2 0.65625 0.0325 0.00499999 0.0151389 0.332764
0 0.41125 0.0499306 0.0125 0.0209722 0.332764
2 0.6075 0.0366667 0.01375 0.0205556 0.319092
7 0.0760156 0.293333 0.00398438 0.0122222 0.30249
0 0.363125 0.0708333 0.01375 0.0238889 0.289307
7 0.745 0.125 0.00499999 0.0166667 0.281494
2 0.61625 0.0341667 0.00875003 0.0205556 0.276611
7 0.70125 0.197639 0.00750001 0.0247222 0.258301
7 0.74625 0.1275 0.00500005 0.0183333 0.253906
0 0.855625 0.0786111 0.0375 0.0245833 0.250977
0 0.295313 0.131944 0.03125 0.0344444 0.248047
0 0.413125 0.0248264 0.00874999 0.0127778 0.227417
0 0.380938 0.0780556 0.01875 0.0255556 0.220703
0 0.393125 0.0540278 0.0125 0.0211111 0.20752
7 0.70125 0.0777778 0.00499999 0.0158333 0.206299
0 0.339375 0.0754167 0.013125 0.0213889 0.200562
0 0.848125 0.075625 0.03375 0.0255556 0.193115
2 0.611875 0.0384722 0.011875 0.0219444 0.184204
7 0.0427344 0.359167 0.00570312 0.0172222 0.178345
0 0.295156 0.142778 0.03625 0.0383333 0.173828
0 0.424063 0.0359375 0.01125 0.0172917 0.170532
2 0.2525 0.119444 0.00625 0.0175 0.167725
0 0.486875 0.00777778 0.00625 0.0101389 0.160767
0 0.21875 0.146667 0.0265625 0.0333333 0.158203
0 0.82875 0.0645833 0.0275 0.0236111 0.154053
0 0.8925 0.0795833 0.02375 0.0208333 0.151489
0 0.427188 0.0514583 0.015 0.0198611 0.143188
7 0.67125 0.0522222 0.00250003 0.0108333 0.1427
0 0.4475 0.0134028 0.00874999 0.0109028 0.131226
3 0.250938 0.119861 0.00499999 0.0186111 0.124634
0 0.00728516 0.326111 0.0145703 0.0311111 0.118408
7 0.944375 0.215 0.00500005 0.0194444 0.11676
7 0.7 0.200556 0.00750001 0.0344444 0.111267
0 0.383125 0.0655556 0.01625 0.0229167 0.110107
7 0.594688 0.0451389 0.00437495 0.0126389 0.106689
0 0.0252148 0.291111 0.0289453 0.0333333 0.101257
0 0.36375 0.0532639 0.00999997 0.0147222 0.0817871
0 0.499375 0.00371528 0.00625 0.00743056 0.0809326
0 0.436875 0.0105903 0.00750001 0.0110417 0.078064
0 0.905625 0.0911111 0.03875 0.0258333 0.0778198
0 0.91125 0.0911806 0.0325 0.0240278 0.0778198
0 0.82 0.0718056 0.0325 0.0261111 0.0750122
0 0.0048584 0.335 0.00967774 0.0327778 0.0736694
0 0.894375 0.0889583 0.035 0.0265278 0.0715942
0 0.0450098 0.268333 0.0256055 0.0255556 0.0690308
7 0.67375 0.0496528 0.00249996 0.00958334 0.0685425
0 0.815625 0.0693056 0.03875 0.0293056 0.0670776
0 0.544375 0.00732639 0.00750001 0.0102083 0.0665894
7 0.941875 0.217639 0.00499999 0.0169444 0.0626831
0 0.356562 0.0548611 0.011875 0.0172222 0.0574951
0 0.00370117 0.271667 0.00726563 0.0233333 0.0520325
0 0.454063 0.00930556 0.00562499 0.00791667 0.0456848
7 0.766875 0.125694 0.00499999 0.0183333 0.0423889
7 0.690625 0.186389 0.00625 0.0244445 0.0422363
0 0.78 0.05625 0.0375 0.02125 0.0405273
0 0.343125 0.0697917 0.01 0.0143056 0.0389099
7 0.0854688 0.281111 0.00625 0.0133333 0.0354004
7 0.65625 0.0463194 0.00375004 0.00902778 0.0293121
0 0.396875 0.0318056 0.00749998 0.01 0.0292053
2 0.6475 0.0366667 0.0125 0.0197222 0.0290833
0 0.96 0.0989583 0.0225 0.0215278 0.0285492
0 0.404375 0.0317361 0.00750001 0.01 0.0262604
7 0.0695313 0.297222 0.00515625 0.0177778 0.0257568
0 0.54 0.00550347 0.00625 0.0110069 0.0215759
7 0.25375 0.133611 0.0046875 0.01 0.021286
3 0.123203 0.206667 0.01125 0.04 0.02034
0 0.77 0.0691667 0.04 0.0298611 0.0199432
7 0.7725 0.146389 0.00499999 0.0166667 0.0175781
0 0.331875 0.0738889 0.015625 0.0208333 0.0173035
0 0.0134473 0.272222 0.0170117 0.0311111 0.016922
2 0.726875 0.035625 0.00625 0.0163889 0.0163422
7 0.69 0.0544444 0.00250003 0.01 0.0159607
0 0.749375 0.0635417 0.04125 0.0270833 0.0157166
7 0.145156 0.218056 0.00343749 0.0177778 0.0154877
0 0.435 0.0333333 0.00625 0.01625 0.0153656
0 0.526563 0.0150694 0.00687501 0.0113889 0.0149002
0 0.448125 0.0164583 0.00750001 0.0115278 0.0149002
7 0.73 0.121111 0.00499999 0.02 0.0148392
0 0.00459473 0.269167 0.00895508 0.025 0.0145569
0 0.87375 0.0870139 0.0375 0.0322222 0.014389
0 0.5525 0.011875 0.00749995 0.00972222 0.0124817
0 0.53125 0.0147222 0.00874999 0.0106944 0.0117798
0 0.94125 0.0997222 0.0199999 0.0211111 0.0117798
0 0.022168 0.3125 0.0349219 0.045 0.0113297
3 0.715 0.174444 0.00749995 0.0655556 0.011116
2 0.169063 0.157778 0.00625 0.0183333 0.0109024
3 0.715 0.170556 0.00999997 0.0794444 0.0105667
0 0.428125 0.0615972 0.015 0.0175 0.0102921
0 0.80625 0.0576389 0.035 0.0236111 0.0102463
0 0.46 0.00510417 0.00625 0.0102083 0.0102463
7 0.686875 0.0788194 0.00500005 0.0122222 0.0100937
7 0.665 0.0501389 0.00250003 0.00944445 0.00993347
7 0.58625 0.0459028 0.00375004 0.0127778 0.00989532
0 0.923125 0.0890278 0.0275 0.02 0.00974274
0 0.381875 0.0863889 0.03 0.0275 0.00941467
0 0.963125 0.126667 0.0275 0.0288889 0.0086441
0 0.88125 0.0507639 0.0125 0.0155556 0.00834656
7 0.0951563 0.278333 0.0034375 0.0116667 0.00818634
0 0.551875 0.0179167 0.00874996 0.0130556 0.00793457
0 0.99625 0.123333 0.00749995 0.0244444 0.00731659
3 0.195625 0.155833 0.00562499 0.0244444 0.00731659
2 0.134219 0.1725 0.00687501 0.0144444 0.00723267
0 0.0133984 0.270278 0.0121094 0.0338889 0.00669098
0 0.107344 0.207361 0.035 0.0413889 0.00624084
0 0.9175 0.0882639 0.02875 0.0215278 0.00624084
0 0.42625 0.0129167 0.00625 0.0102778 0.00595856
0 0.430313 0.0204861 0.00687501 0.0105556 0.00591278
7 0.0838281 0.290556 0.00484375 0.0144444 0.005867
0 0.00580078 0.378889 0.00761719 0.0277778 0.00582123
7 0.0557813 0.299167 0.00898438 0.0338889 0.00579834
2 0.167188 0.15875 0.00687499 0.0172222 0.00575256
0 0.00475098 0.378889 0.00764649 0.0316667 0.00538635
7 0.665 0.0611806 0.00250003 0.00916666 0.00484848
0 0.99625 0.133611 0.00749995 0.0297222 0.00482941
7 0.155313 0.22 0.00453126 0.0127778 0.00482941
0 0.315469 0.0933333 0.0171875 0.025 0.0037365
0 0.98375 0.119167 0.01375 0.0186111 0.00369263
0 0.96625 0.103056 0.0225 0.0205556 0.00365067
2 0.733125 0.1075 0.01 0.0402778 0.00340271
0 0.494375 0.00679688 0.00687501 0.0108507 0.00332451
2 0.625938 0.045 0.0112501 0.0248611 0.00323486
7 0.253438 0.266111 0.009375 0.0222222 0.00322342
7 0.765 0.149583 0.00500005 0.0155556 0.00309944
7 0.59 0.0497222 0.00500005 0.0155556 0.00309944
0 0.48875 0.171667 0.0525 0.0827778 0.00307465
2 0.73375 0.0363889 0.00749995 0.0181944 0.00300407
7 0.695 0.0482639 0.00250003 0.0113889 0.00298119
2 0.610625 0.0313889 0.00999997 0.0251389 0.00291252
0 0.538125 0.0819444 0.03875 0.0361111 0.00253105
7 0.00612183 0.379444 0.00926025 0.0288889 0.0024147
0 0.440625 0.0452778 0.011875 0.0186111 0.00239754
1 0.36375 0.0359028 0.01375 0.0275 0.00219154
2 0.143359 0.170417 0.00687499 0.015 0.00203514
0 0.80875 0.0725 0.035 0.0305556 0.00195694
7 0.615625 0.285833 0.07625 0.125 0.00182438
3 0.195938 0.1725 0.00687501 0.0294444 0.00176144
0 0.463125 0.00913194 0.00687501 0.009375 0.00171375
0 0.995 0.106389 0.00999997 0.0283333 0.00171375
2 0.274375 0.125972 0.00375001 0.0208333 0.00169373
2 0.88125 0.0534028 0.0175 0.0190278 0.00162315
2 0.266563 0.116528 0.005 0.0144444 0.00139904
0 0.48 0.168611 0.035 0.0672222 0.00133514
7 0.565625 0.0284028 0.00499999 0.0102778 0.00131512
7 0.715625 0.0788889 0.00499999 0.0175 0.00130463
0 0.209688 0.148056 0.034375 0.0319444 0.00124454
0 0.414688 0.0775 0.023125 0.0255556 0.00122547
0 0.139063 0.204167 0.0117187 0.0302778 0.00121593
7 0.70625 0.0491667 0.00499999 0.0140278 0.0012064
5 0.00449707 0.248472 0.00899414 0.0363889 0.00118351
7 0.776875 0.145 0.0125 0.025 0.00103664
2 0.0572656 0.249444 0.0123437 0.0227778 0.00100803
