0 0.263281 0.928889 0.149063 0.142222 0.946289
0 0.4775 0.603889 0.07125 0.132222 0.928223
5 0.456875 0.345833 0.0725 0.07 0.923828
0 0.66875 0.362778 0.05 0.0377778 0.894043
0 0.329297 0.395556 0.0351562 0.0388889 0.881836
0 0.86375 0.352778 0.0325 0.0311111 0.862305
0 0.394375 0.342222 0.018125 0.0255556 0.849121
7 0.66625 0.465556 0.00499999 0.0216667 0.839844
2 0.222813 0.43 0.0228125 0.0444444 0.825684
0 0.735 0.332778 0.03625 0.0277778 0.819824
7 0.235313 0.503889 0.00718749 0.0233333 0.803223
7 0.221875 0.518333 0.0075 0.0244444 0.79834
3 0.64625 0.443889 0.0112501 0.0688889 0.792969
0 0.9475 0.362778 0.02875 0.0333333 0.788086
5 0.221875 0.356667 0.03875 0.0383334 0.782715
0 0.0498438 0.442222 0.0317188 0.0244444 0.770508
2 0.625625 0.322778 0.00875003 0.0261111 0.767578
0 0.34625 0.328889 0.0175 0.025 0.763672
0 0.848125 0.332778 0.02875 0.02 0.759277
0 0.0586719 0.418333 0.02125 0.0244445 0.750488
0 0.186406 0.389444 0.0390625 0.0388889 0.746094
2 0.029707 0.511667 0.0163672 0.0422222 0.73584
0 0.284375 0.340278 0.020625 0.0183333 0.726562
7 0.72375 0.399167 0.00375004 0.0161111 0.720215
0 0.0347461 0.455278 0.0286328 0.03 0.708984
0 0.89 0.335556 0.03 0.0188889 0.694336
7 0.925 0.457222 0.00499999 0.0172222 0.682617
0 0.390313 0.31 0.011875 0.0155555 0.675781
0 0.0101563 0.450556 0.0202344 0.025 0.668945
2 0.330625 0.362778 0.010625 0.0255556 0.656738
0 0.374375 0.310833 0.009375 0.0144444 0.631836
7 0.72875 0.438333 0.00499999 0.0188889 0.598145
0 0.365 0.34 0.02125 0.03 0.577637
0 0.78625 0.3225 0.02875 0.0205556 0.567871
0 0.367813 0.317778 0.013125 0.0211111 0.565918
0 0.91625 0.328889 0.025 0.0166667 0.562012
0 0.755 0.328889 0.0375 0.0233333 0.546875
7 0.678125 0.479722 0.00750001 0.0238889 0.535156
0 0.7825 0.331944 0.035 0.0222222 0.53125
7 0.74625 0.4 0.00374997 0.0155556 0.529297
0 0.00367188 0.462222 0.00734375 0.0294445 0.527344
7 0.749375 0.415833 0.00500005 0.0166667 0.515625
7 0.145781 0.416111 0.00374999 0.0122222 0.511719
7 0.73875 0.424444 0.00499999 0.02 0.511719
0 0.93375 0.335 0.0225 0.0166667 0.496094
7 0.92375 0.466944 0.00499999 0.0155555 0.437744
2 0.0310547 0.475 0.015625 0.0277777 0.432129
0 0.4175 0.306944 0.00999997 0.0166667 0.424316
0 0.35125 0.316111 0.010625 0.0166667 0.320801
7 0.65375 0.326667 0.00374997 0.0122222 0.319092
7 0.12625 0.419722 0.00375001 0.0105556 0.282959
2 0.0311328 0.482778 0.0145313 0.0305556 0.237915
2 0.0302734 0.493333 0.0152344 0.0322222 0.236572
7 0.7375 0.427778 0.00499999 0.0194444 0.230957
0 0.50875 0.283333 0.00874999 0.0144444 0.219971
0 0.485313 0.264167 0.00750001 0.0116667 0.214722
2 0.0291406 0.469444 0.0130859 0.0311111 0.199951
0 0.92875 0.335278 0.02625 0.0177778 0.195557
0 0.3875 0.302222 0.00874999 0.0166667 0.147095
7 0.0637891 0.473333 0.00398438 0.0144444 0.146606
0 0.34625 0.319167 0.013125 0.0177778 0.140381
0 0.788125 0.328333 0.04 0.0244444 0.140381
0 0.3725 0.308333 0.0125 0.0138889 0.127197
7 0.74375 0.420556 0.00499999 0.0155555 0.125488
0 0.0528906 0.429167 0.0282031 0.0311111 0.0953369
0 0.9 0.3325 0.02 0.0166667 0.0927124
7 0.0493359 0.478056 0.00367188 0.0133333 0.0923462
3 0.81125 0.306111 0.00499999 0.0194444 0.0891113
0 0.48625 0.266667 0.00875003 0.0111111 0.0859985
0 0.8425 0.333889 0.0375 0.0211111 0.0859985
7 0.754375 0.415 0.00499999 0.0155555 0.0775146
0 0.915 0.333333 0.0275 0.0177778 0.0726318
0 0.784375 0.336944 0.03625 0.0283333 0.0698242
7 0.265938 0.363333 0.00374999 0.0111111 0.0687866
7 0.00881836 0.544583 0.00554688 0.0197223 0.0607605
0 0.890625 0.339444 0.03 0.0238889 0.0603027
0 0.35125 0.308333 0.00999997 0.0127778 0.0566406
2 0.206719 0.356111 0.0090625 0.0272222 0.0545959
7 0.7275 0.441111 0.00500005 0.0188889 0.0497742
7 0.634688 0.330556 0.003125 0.0111111 0.0490417
3 0.0948438 0.39 0.004375 0.0172222 0.0456848
0 0.444375 0.263611 0.00500002 0.00999999 0.044342
0 0.38875 0.337778 0.01375 0.0255556 0.0414734
0 0.0353516 0.462778 0.0271094 0.0388889 0.0405273
2 0.3325 0.365 0.02125 0.03 0.0401001
0 0.8375 0.332778 0.035 0.0211111 0.0389099
0 0.79 0.324444 0.035 0.0266667 0.037323
0 0.42 0.307222 0.01375 0.0183333 0.0359497
0 0.390625 0.300278 0.01 0.0155555 0.0347595
0 0.475 0.320556 0.01875 0.0211111 0.0327148
0 0.4775 0.327222 0.028125 0.0288889 0.0323486
0 0.850625 0.336389 0.03125 0.0216667 0.0268555
7 0.148828 0.412222 0.00374999 0.0111111 0.0264587
3 0.8125 0.308611 0.00625 0.0205556 0.0261536
0 0.4175 0.302778 0.00875003 0.02 0.0258636
7 0.594375 0.312778 0.00374997 0.0111111 0.0253754
0 0.8 0.333333 0.04 0.0216667 0.0248871
7 0.128438 0.415556 0.0040625 0.0144444 0.024704
0 0.222344 0.356667 0.0384375 0.0372222 0.0239563
0 0.37375 0.302222 0.00874999 0.0166667 0.0229797
0 0.47625 0.258889 0.00499999 0.00888889 0.0223694
0 0.0343555 0.451667 0.0336328 0.0311111 0.02211
0 0.0540625 0.424444 0.0267188 0.0255556 0.0204926
7 0.73625 0.430278 0.00499999 0.0183333 0.0198669
0 0.00395508 0.405556 0.00791016 0.0166667 0.0193481
2 0.17625 0.374444 0.00562501 0.0211111 0.0189819
5 0.495 0.262222 0.00625 0.00888887 0.0137939
2 0.695 0.332222 0.00875003 0.0261111 0.0124283
0 0.34 0.317222 0.0125 0.0155555 0.0116882
0 0.9275 0.345 0.035 0.0244444 0.011467
0 0.41625 0.332222 0.01 0.02 0.0112915
3 0.70875 0.310278 0.00500005 0.0188889 0.0104065
0 0.85875 0.349444 0.04 0.0272222 0.0102463
2 0.33 0.360556 0.0125 0.0311111 0.01017
0 0.379688 0.288333 0.00625 0.0105555 0.00937653
3 0.105234 0.388889 0.005625 0.0177778 0.00901794
3 0.813125 0.302778 0.00625 0.02 0.00898743
0 0.0372266 0.390278 0.0110156 0.0211111 0.00881195
2 0.69 0.336111 0.00999997 0.0288889 0.00867462
0 0.185781 0.371111 0.011875 0.0166667 0.00812531
0 0.00333496 0.425556 0.00666992 0.0222222 0.00787354
0 0.509375 0.273889 0.00625 0.0133333 0.00760651
0 0.475625 0.329722 0.03125 0.0366667 0.00731659
0 0.448125 0.266944 0.00625 0.00888889 0.0069046
7 0.61 0.308889 0.00374997 0.0133333 0.00664139
0 0.944375 0.344444 0.025 0.0177778 0.00653839
0 0.764375 0.323611 0.0275 0.0227778 0.0064621
7 0.635 0.351111 0.00499999 0.0172222 0.00626373
0 0.475938 0.323333 0.025625 0.0233333 0.00619125
0 0.421875 0.278333 0.00874999 0.0105555 0.00605011
0 0.196094 0.375278 0.0109375 0.0238889 0.00584412
0 0.0129297 0.460556 0.0203125 0.0333333 0.00572968
2 0.0374219 0.400556 0.00804688 0.0177778 0.00536346
7 0.0561719 0.475 0.00453125 0.0111111 0.00526047
3 0.273125 0.341111 0.00843748 0.0194444 0.00519943
0 0.534063 0.279444 0.00562499 0.00999999 0.00500107
7 0.00807617 0.543194 0.00660156 0.0180556 0.00484848
0 0.455625 0.331667 0.02375 0.0455556 0.00482941
0 0.419375 0.284167 0.00749998 0.0127778 0.00471878
3 0.0945313 0.395 0.00375 0.0194444 0.00446701
2 0.636875 0.316944 0.00500005 0.0127778 0.00439835
0 0.44875 0.321667 0.0225 0.0255556 0.00438309
7 0.695 0.317222 0.00499999 0.0127778 0.00419998
0 0.43625 0.277222 0.00625 0.00888889 0.00407028
0 0.421563 0.3 0.009375 0.0188889 0.00403976
7 0.221875 0.508889 0.009375 0.0344445 0.00392914
7 0.265938 0.352778 0.00437501 0.0122222 0.00374985
7 0.565938 0.317222 0.00375004 0.0116667 0.00363541
0 0.47375 0.343611 0.03875 0.055 0.00341606
2 0.024375 0.506667 0.0151563 0.0416667 0.00328636
7 0.476875 0.604445 0.07125 0.133333 0.00324821
0 0.7425 0.339444 0.05 0.0255556 0.00314713
0 0.894375 0.352778 0.04375 0.0322222 0.00309944
7 0.65375 0.317778 0.00250003 0.0111111 0.00305176
0 0.91375 0.341111 0.03 0.0238889 0.00305176
0 0.50125 0.280556 0.01375 0.0166667 0.00279045
0 0.470313 0.329722 0.035 0.0394445 0.00265312
7 0.260469 0.358056 0.00625 0.0172222 0.00263214
0 0.00505371 0.387222 0.00963867 0.0188889 0.00253105
0 0.510938 0.281667 0.00874999 0.0122222 0.00251198
0 0.404063 0.278889 0.00625 0.00666668 0.00239754
0 0.75125 0.325 0.03375 0.0244444 0.00239754
0 0.75625 0.341667 0.035 0.0222222 0.00234222
0 0.0474219 0.405556 0.0123437 0.0144444 0.00230598
0 0.4175 0.2775 0.00750001 0.00722221 0.00223351
7 0.665 0.311944 0.00250003 0.0144444 0.00221634
2 0.68625 0.346667 0.02375 0.0277778 0.00215721
7 0.645 0.317778 0.00250003 0.0111111 0.00212479
3 0.0248828 0.405278 0.00539062 0.0172222 0.00212479
3 0.250313 0.341389 0.00687499 0.0227778 0.00209045
7 0.595625 0.301667 0.00375004 0.0155555 0.00191879
0 0.465 0.274444 0.00437501 0.01 0.00188255
0 0.8475 0.338333 0.035 0.0266667 0.00182438
7 0.6725 0.473611 0.00875003 0.0255556 0.0018177
0 0.0394531 0.391667 0.0153906 0.0222222 0.0015974
0 0.6875 0.336111 0.01375 0.0288889 0.00153637
0 0.97375 0.336667 0.025 0.02 0.00148964
0 0.965 0.3375 0.0125 0.0205555 0.00146675
7 0.66 0.353889 0.03 0.0233333 0.00141621
2 0.765 0.303333 0.00625 0.02 0.00141048
2 0.70625 0.311111 0.00499999 0.0144444 0.00138855
7 0.0457813 0.486667 0.00578125 0.0188889 0.00138855
2 0.0126465 0.405556 0.0106641 0.0177778 0.00132465
3 0.165625 0.381667 0.003125 0.0244444 0.00130463
7 0.685625 0.315 0.00374997 0.0111111 0.0012846
0 0.96625 0.340556 0.0137499 0.0177778 0.00127888
0 0.343438 0.326389 0.018125 0.0222222 0.00126457
1 0.96875 0.361111 0.03625 0.0322222 0.00126457
0 0.465625 0.263889 0.00500002 0.01 0.00123501
0 0.413125 0.307778 0.02 0.0277778 0.00123501
0 0.40375 0.296667 0.00812502 0.0133333 0.00118828
0 0.445625 0.273333 0.00499999 0.0116666 0.00115108
0 0.469063 0.269722 0.00687497 0.0127778 0.00114727
3 0.689375 0.306667 0.00499999 0.0144444 0.0011425
7 0.615938 0.330833 0.00437501 0.0133333 0.00109482
0 0.966875 0.355556 0.03125 0.0322222 0.00109482
