0 0.485625 0.850556 0.13375 0.296667 0.957031
0 0.65 0.521944 0.07 0.0894444 0.944824
0 0.61 0.702222 0.11125 0.182222 0.942871
0 0.570625 0.553889 0.06625 0.107778 0.938477
0 0.47875 0.572361 0.06625 0.1175 0.92627
1 0.117969 0.816389 0.235938 0.367222 0.914551
0 0.420625 0.477778 0.049375 0.0788889 0.904785
0 0.32625 0.398333 0.061875 0.0444444 0.884277
0 0.6525 0.366944 0.06625 0.05 0.859863
5 0.390313 0.310556 0.020625 0.0433333 0.854004
0 0.0847656 0.453056 0.0439063 0.035 0.849121
1 0.773125 0.317222 0.1125 0.0588889 0.845215
7 0.235625 0.505 0.00718749 0.0238889 0.836426
0 0.052959 0.443889 0.032207 0.0311111 0.829102
2 0.475313 0.326111 0.01375 0.0244445 0.788086
7 0.222188 0.519444 0.0075 0.0244444 0.782715
0 0.258906 0.348333 0.02125 0.0233333 0.775879
7 0.666875 0.463889 0.00625 0.0222222 0.774414
0 0.302813 0.341667 0.019375 0.0211111 0.754883
0 0.0162305 0.448333 0.0308203 0.0333333 0.749023
0 0.403125 0.326389 0.01625 0.0205555 0.716797
7 0.72375 0.4 0.00499999 0.0177778 0.713867
0 0.3425 0.330278 0.01625 0.0227778 0.708984
0 0.00660645 0.4625 0.0130957 0.0377778 0.708984
2 0.516875 0.317778 0.011875 0.0222222 0.680664
2 0.0194141 0.501944 0.0203516 0.0355556 0.677246
0 0.364375 0.327778 0.016875 0.0255556 0.663574
2 0.459063 0.323611 0.01125 0.0222222 0.642578
7 0.72875 0.439444 0.00499999 0.02 0.633301
7 0.0248828 0.526944 0.00628906 0.0194444 0.586914
0 0.414375 0.316111 0.010625 0.0177778 0.563965
0 0.328438 0.333611 0.014375 0.0216667 0.550781
7 0.74875 0.413889 0.00499999 0.0166667 0.513672
0 0.375938 0.318889 0.013125 0.0233333 0.480469
0 0.362188 0.311111 0.010625 0.0161111 0.470703
0 0.3525 0.318333 0.01125 0.0172222 0.449463
7 0.145859 0.418333 0.00375001 0.0116666 0.443604
7 0.678125 0.479444 0.00750001 0.0233333 0.44165
0 0.406875 0.297222 0.01 0.0166667 0.42627
2 0.0254639 0.494444 0.0124316 0.0333333 0.424316
2 0.0328516 0.474722 0.0241406 0.0333333 0.37207
2 0.5175 0.321944 0.01125 0.0238889 0.366699
0 0.508125 0.271667 0.00687497 0.0111111 0.364746
7 0.73875 0.425556 0.00499999 0.0211111 0.344238
7 0.746875 0.399722 0.00499999 0.0166667 0.332764
7 0.126406 0.42 0.0040625 0.01 0.319092
5 0.3775 0.301111 0.015 0.0266667 0.315674
0 0.40625 0.311111 0.01 0.0155556 0.281494
0 0.4125 0.305833 0.01125 0.015 0.280518
0 0.412813 0.295278 0.009375 0.0144444 0.27832
0 0.420938 0.314444 0.01 0.02 0.271973
0 0.419375 0.286111 0.00874999 0.0144444 0.262939
0 0.279219 0.353889 0.0103125 0.0233333 0.256836
0 0.2825 0.354167 0.0178125 0.0244444 0.240723
0 0.43125 0.276667 0.00874999 0.0116667 0.222046
0 0.3425 0.319167 0.01375 0.0172222 0.218628
7 0.0498438 0.481667 0.004375 0.0172222 0.206299
7 0.0101147 0.544444 0.00621582 0.02 0.180664
0 0.65125 0.352778 0.06 0.0305556 0.175537
0 0.44375 0.263333 0.00500002 0.01 0.167236
0 0.00674805 0.469722 0.0129688 0.0355555 0.161865
0 0.507812 0.273889 0.00749998 0.00999999 0.15918
0 0.0524609 0.436667 0.0300781 0.0277778 0.154541
0 0.375 0.302778 0.015 0.0233333 0.14856
7 0.75375 0.4175 0.00499999 0.0172222 0.137573
0 0.427188 0.279722 0.00687501 0.0111111 0.128906
3 0.134688 0.380556 0.00406249 0.02 0.10376
2 0.0632813 0.426667 0.00671875 0.0188889 0.0966797
2 0.515313 0.314167 0.013125 0.0233333 0.0933228
7 0.7375 0.428889 0.00625 0.0222222 0.0894775
2 0.0304102 0.476389 0.0178906 0.0355555 0.0856934
0 0.20875 0.695556 0.053125 0.0866667 0.0847778
0 0.484375 0.261111 0.00500002 0.0111111 0.0841675
7 0.684375 0.350556 0.00375004 0.0122222 0.0747681
0 0.73375 0.301667 0.0325 0.0183333 0.0736694
0 0.179375 0.372778 0.028125 0.0244444 0.0731812
7 0.565625 0.315 0.00375004 0.00888887 0.0698242
7 0.12875 0.415 0.0034375 0.0133333 0.0692749
0 0.4225 0.292222 0.00749998 0.0155555 0.0658569
7 0.726875 0.443333 0.00499999 0.0222222 0.0653687
7 0.635 0.328333 0.00374997 0.0122222 0.062561
7 0.745625 0.420556 0.00375004 0.0166667 0.062561
7 0.73375 0.4325 0.00500005 0.02 0.0539856
0 0.353125 0.309167 0.01125 0.0144444 0.0539856
7 0.149063 0.410556 0.00375001 0.0133333 0.0538025
0 0.365313 0.300278 0.00687497 0.0133333 0.053009
2 0.519688 0.325 0.015625 0.0233333 0.0455322
0 0.44875 0.266667 0.00499999 0.01 0.0455322
0 0.396563 0.324722 0.010625 0.0216667 0.0446777
0 0.73375 0.305556 0.0375 0.0216667 0.0414734
0 0.356875 0.324444 0.01375 0.0222222 0.0399475
0 0.495625 0.263611 0.00499999 0.00999999 0.0384521
0 0.8 0.333333 0.035 0.0238889 0.0358276
0 0.429375 0.273889 0.00750001 0.0122222 0.0335999
0 0.32875 0.338333 0.01625 0.0261111 0.0334778
7 0.154219 0.405556 0.00359375 0.0111111 0.0321045
2 0.0217236 0.419444 0.0110059 0.02 0.0318604
7 0.670625 0.474444 0.00874996 0.0222222 0.0316162
0 0.307188 0.339722 0.0175 0.0211111 0.03125
7 0.7225 0.45 0.00750001 0.0211111 0.0287628
2 0.253125 0.330556 0.00875001 0.0222222 0.0275879
7 0.636875 0.319444 0.00500005 0.015 0.0245209
0 0.504063 0.260556 0.00437501 0.00777777 0.0231476
0 0.340938 0.321111 0.014375 0.0188889 0.0226288
0 0.412188 0.322778 0.010625 0.02 0.0211182
0 0.47625 0.262222 0.00562499 0.00888887 0.0210419
0 0.0338281 0.470556 0.0236719 0.0338889 0.02034
0 0.526875 0.2775 0.00687497 0.00999999 0.0190582
7 0.234688 0.366944 0.00374999 0.00888887 0.018692
2 0.51875 0.3175 0.015 0.0244444 0.0185394
0 0.488438 0.266111 0.00499999 0.0111111 0.0171814
2 0.0317969 0.508611 0.0160937 0.0366667 0.013588
7 0.229688 0.371944 0.00406251 0.0127778 0.0127258
7 0.70875 0.403889 0.00500005 0.0188889 0.0126266
0 0.743125 0.329167 0.05 0.0361111 0.0106964
0 0.8 0.335833 0.0475 0.0238889 0.00948334
0 0.41625 0.281389 0.00749998 0.0116667 0.0091629
3 0.549375 0.266667 0.00625 0.0177778 0.00871277
7 0.146094 0.408056 0.00406251 0.0138889 0.0085144
0 0.745 0.334444 0.05125 0.0266667 0.00844574
0 0.47 0.270556 0.00437501 0.00999999 0.00806427
2 0.106094 0.388056 0.00625 0.0177778 0.00775528
0 0.0146191 0.440278 0.027207 0.0294445 0.00760651
7 0.67375 0.332222 0.00499999 0.0144444 0.00698471
0 0.5125 0.276667 0.00749998 0.00777777 0.00695801
7 0.644375 0.318889 0.00374997 0.0133333 0.0069046
0 0.0224609 0.445556 0.0332422 0.03 0.00669098
0 0.47625 0.273611 0.00499999 0.0105555 0.0064621
0 0.304688 0.348333 0.024375 0.03 0.0064621
7 0.0157813 0.525556 0.00566406 0.0266667 0.00631332
3 0.0298828 0.411667 0.00679688 0.0155556 0.00602722
0 0.64625 0.371111 0.05375 0.0366667 0.00579834
2 0.0423828 0.4775 0.00976563 0.0333333 0.00570679
0 0.0106836 0.466111 0.0208594 0.0344444 0.00553513
0 0.3775 0.292222 0.01 0.0166667 0.00530243
0 0.3425 0.339167 0.0175 0.0244444 0.0051384
0 0.465 0.274444 0.00499999 0.01 0.00510025
2 0.42125 0.322778 0.011875 0.0222222 0.00510025
0 0.739375 0.32 0.045 0.05 0.00502014
0 0.295313 0.341667 0.01875 0.0255556 0.0049057
0 0.525313 0.260556 0.00437501 0.00833333 0.00475693
7 0.845 0.347222 0.00499999 0.0111111 0.00475693
0 0.0156934 0.425 0.0175195 0.02 0.00475693
0 0.72375 0.302222 0.0225 0.0177778 0.00426483
7 0.595625 0.316111 0.00437501 0.0122222 0.00421524
0 0.635 0.373333 0.02875 0.0355556 0.00413513
3 0.55125 0.332222 0.00625 0.0244444 0.00408554
0 0.339063 0.339722 0.01375 0.025 0.00407028
7 0.645 0.39 0.00499999 0.0355555 0.00400543
0 0.533125 0.277222 0.00625003 0.00777777 0.00379562
0 0.514375 0.2625 0.00374997 0.00833333 0.00367928
7 0.655 0.318333 0.00249996 0.0127778 0.00351143
0 0.63625 0.368611 0.0325 0.0322222 0.00348282
7 0.0948438 0.422222 0.00406249 0.0133333 0.00345612
0 0.74125 0.297778 0.04 0.0227778 0.00337601
0 0.260938 0.343333 0.023125 0.0311111 0.00327301
0 0.168789 0.371667 0.0186719 0.0272222 0.00324821
7 0.0532031 0.471111 0.00945313 0.0222223 0.00324821
0 0.86625 0.34 0.0199999 0.0166667 0.00298119
0 0.73625 0.325833 0.045 0.0372222 0.00290108
7 0.225313 0.37 0.0034375 0.0111111 0.00287819
2 0.0249219 0.405 0.00914063 0.02 0.00279999
7 0.754375 0.43 0.00499999 0.0233333 0.0026722
2 0.388125 0.331944 0.01 0.0205555 0.0026207
7 0.0118359 0.541667 0.00705078 0.0166667 0.00239754
7 0.104063 0.614444 0.0071875 0.0177778 0.00235939
7 0.7075 0.402222 0.00499999 0.0183333 0.00223351
0 0.496563 0.274444 0.00562499 0.01 0.00219917
0 0.00344238 0.426111 0.00676758 0.0222222 0.00219917
7 0.614375 0.330833 0.00375004 0.0111111 0.00210762
0 0.406875 0.330556 0.0175 0.0244444 0.00206757
7 0.574375 0.327778 0.00437495 0.0133333 0.00205803
7 0.135313 0.418611 0.00375001 0.00944443 0.00205803
0 0.465625 0.265 0.00375001 0.0122222 0.00201988
0 0.7625 0.303611 0.0875001 0.0338889 0.00201988
7 0.674375 0.398889 0.00625 0.0155555 0.00194168
0 0.00674805 0.477778 0.0120898 0.0477778 0.00193405
7 0.135313 0.434444 0.00625001 0.0155555 0.00186729
2 0.0340234 0.420278 0.00546875 0.015 0.00185299
3 0.550625 0.308889 0.00625 0.0266667 0.00184631
0 0.455 0.2625 0.00374997 0.00833333 0.00183868
0 0.199688 0.715 0.071875 0.156667 0.00183105
0 0.7325 0.307222 0.045 0.0261111 0.00179577
0 0.295781 0.359444 0.00718753 0.0266667 0.00179577
0 0.79625 0.337222 0.0325 0.0288889 0.00175476
7 0.0252148 0.534444 0.00628906 0.0255555 0.00175476
7 0.536563 0.315833 0.00562503 0.015 0.00171375
7 0.67625 0.316111 0.00250003 0.0116667 0.00162888
2 0.269375 0.36 0.010625 0.0188889 0.00162315
2 0.995625 0.533333 0.00874996 0.0733333 0.00160408
2 0.0147168 0.502222 0.0233789 0.0355556 0.00152493
2 0.69375 0.333333 0.00750001 0.0255556 0.00147247
0 0.529375 0.268889 0.00625 0.0111111 0.00145531
7 0.595937 0.299444 0.00499999 0.0144444 0.00141048
0 0.174219 0.375 0.0315625 0.03 0.00139904
3 0.115 0.384444 0.0046875 0.0155555 0.00127411
7 0.275313 0.4 0.00499999 0.015 0.00116062
7 0.65375 0.333889 0.00499999 0.0133333 0.0011425
0 0.81 0.333333 0.04 0.0211111 0.00112438
0 0.98125 0.336667 0.0225 0.02 0.00111198
7 0.605625 0.330833 0.00374997 0.0127778 0.00110722
7 0.135547 0.407222 0.0034375 0.0133334 0.00106525
0 0.319375 0.393889 0.0475 0.04 0.00105286
7 0.565938 0.326944 0.00437501 0.0138889 0.00100803
