0 0.2875 0.883333 0.150625 0.231111 0.962891
0 0.8475 0.87 0.21 0.26 0.961426
0 0.61375 0.753333 0.11125 0.197778 0.952148
0 0.202188 0.795556 0.13125 0.195556 0.95166
0 0.485 0.88 0.1275 0.238889 0.951172
0 0.277813 0.62 0.0875 0.113333 0.943848
0 0.3725 0.622222 0.0825 0.123333 0.939941
0 0.7 0.609444 0.09 0.113333 0.936523
0 0.579688 0.583889 0.07375 0.122222 0.935547
0 0.0430469 0.91 0.0860938 0.177778 0.93457
5 0.198594 0.600139 0.096875 0.141944 0.929199
0 0.47875 0.621111 0.07 0.126667 0.927734
2 0.277969 0.472222 0.0325 0.06 0.885742
0 0.55375 0.339444 0.04875 0.03 0.877441
0 0.256563 0.371667 0.04375 0.0388889 0.871582
0 0.48 0.380556 0.0675 0.0388889 0.869629
0 0.059375 0.438889 0.0346875 0.03 0.861328
0 0.92 0.354167 0.0325 0.0338889 0.818848
2 0.510625 0.410833 0.03 0.0483333 0.817383
7 0.234219 0.503611 0.00687501 0.0222222 0.812988
0 0.234375 0.354444 0.0309375 0.0277778 0.808105
0 0.300313 0.332778 0.02 0.0211111 0.795898
0 0.63125 0.3 0.03 0.0211111 0.792969
5 0.394063 0.347222 0.064375 0.0483333 0.789062
7 0.665 0.464444 0.00749995 0.0222223 0.786621
0 0.346875 0.327222 0.016875 0.0244444 0.764648
0 0.436875 0.342778 0.035 0.0272222 0.764648
0 0.323438 0.333889 0.0175 0.0222222 0.762207
7 0.6775 0.479444 0.00749995 0.0244444 0.756348
0 0.775625 0.318889 0.0325 0.0211111 0.732422
3 0.936875 0.467778 0.00999997 0.06 0.712402
0 0.746875 0.333889 0.0425 0.0233333 0.695801
0 0.320625 0.328889 0.015625 0.0222222 0.656738
0 0.0499219 0.987778 0.0998438 0.0211112 0.638672
7 0.023125 0.5275 0.00484375 0.0161111 0.633301
0 0.816875 0.331944 0.04 0.025 0.625977
0 0.0639063 0.415833 0.0248438 0.025 0.588867
7 0.74625 0.399444 0.00250003 0.0144444 0.584961
7 0.74875 0.416389 0.00499999 0.0166667 0.584961
0 0.00753906 0.402778 0.0149219 0.0244444 0.525391
0 0.388438 0.310278 0.01 0.0188889 0.503906
0 0.41375 0.294444 0.01 0.0172222 0.488281
0 0.409375 0.317778 0.01375 0.0222222 0.478516
0 0.390313 0.307778 0.011875 0.0188889 0.476562
0 0.366875 0.315556 0.0125 0.0155555 0.455078
0 0.405938 0.281667 0.009375 0.0111111 0.451416
7 0.68375 0.353056 0.00374997 0.0122222 0.451416
0 0.38875 0.306667 0.01125 0.0177778 0.44751
7 0.0461719 0.475833 0.00375 0.0127778 0.420654
0 0.335313 0.325 0.01375 0.0216667 0.413086
7 0.7225 0.401667 0.00499999 0.0172222 0.405518
0 0.336875 0.320556 0.01375 0.02 0.386719
0 0.35875 0.314444 0.01 0.0155555 0.38501
0 0.369063 0.306944 0.011875 0.015 0.377441
0 0.348438 0.317778 0.013125 0.0188889 0.361084
0 0.37625 0.315278 0.0125 0.0188889 0.361084
7 0.144688 0.415556 0.004375 0.0122222 0.361084
0 0.3975 0.298333 0.01125 0.0183333 0.355713
7 0.92375 0.458056 0.00499999 0.0161111 0.352295
0 0.328438 0.316667 0.010625 0.0144444 0.345215
2 0.755 0.311111 0.01 0.0188889 0.32251
7 0.7275 0.438889 0.00500005 0.0188889 0.299072
0 0.3475 0.308333 0.010625 0.0144444 0.297363
0 0.371875 0.298889 0.01 0.0122222 0.29248
7 0.73875 0.421667 0.00499999 0.02 0.291748
0 0.363125 0.325 0.015 0.0222222 0.282959
0 0.380625 0.288333 0.00749998 0.0111111 0.266602
7 0.73625 0.427222 0.00499999 0.0183333 0.24939
0 0.382188 0.293889 0.010625 0.0155556 0.233765
0 0.750625 0.337778 0.0425 0.0255556 0.229492
0 0.3625 0.298611 0.00874999 0.0111111 0.185303
7 0.205313 0.3825 0.00375001 0.01 0.179565
0 0.3725 0.324722 0.02125 0.0205556 0.176636
3 0.935 0.487222 0.00999997 0.0833333 0.174438
7 0.923125 0.465556 0.00499999 0.0177778 0.167236
7 0.0633984 0.471667 0.00453125 0.0127778 0.156616
2 0.0438672 0.402778 0.00539062 0.0155556 0.151489
0 0.485 0.256667 0.00500002 0.00999999 0.130249
7 0.220938 0.517778 0.00874999 0.0255555 0.128052
0 0.406563 0.295556 0.010625 0.0166667 0.122131
0 0.9575 0.335278 0.0175 0.0177778 0.114746
0 0.00630859 0.407778 0.0126172 0.03 0.106323
7 0.125313 0.417222 0.00375 0.01 0.100891
0 0.96 0.334444 0.015 0.0177778 0.100159
7 0.634375 0.328889 0.003125 0.00999999 0.0980835
7 0.666875 0.353333 0.00374997 0.0111111 0.0917358
7 0.74625 0.419444 0.00500005 0.0166667 0.0903931
0 0.410625 0.315 0.014375 0.0255555 0.0847778
0 0.630625 0.308333 0.0275 0.0166667 0.0778198
0 0.51 0.411667 0.02875 0.0466667 0.072876
0 0.43125 0.271667 0.00562499 0.01 0.0661011
0 0.4175 0.283889 0.00875003 0.0144444 0.0637207
0 0.434375 0.273889 0.00625 0.00944446 0.0630493
0 0.4175 0.280833 0.00875003 0.0111111 0.0618896
7 0.669375 0.343611 0.00374997 0.0144444 0.0594177
7 0.0485156 0.4775 0.00429688 0.0133333 0.0583496
7 0.73375 0.430833 0.00500005 0.0177778 0.0554199
0 0.357813 0.298333 0.00812502 0.00999999 0.0541992
7 0.195 0.381667 0.003125 0.0133333 0.0512695
0 0.494375 0.262778 0.00625 0.00999999 0.0495911
0 0.426875 0.278056 0.00750001 0.00944446 0.0469055
0 0.956875 0.338333 0.01875 0.0166667 0.0437012
7 0.219375 0.518889 0.01 0.0244445 0.0397949
0 0.443125 0.263889 0.00562499 0.01 0.0391846
0 0.410625 0.323333 0.0175 0.0211111 0.0386047
7 0.149141 0.410556 0.0034375 0.0111111 0.0370483
7 0.65375 0.327778 0.00250003 0.0116667 0.0340881
0 0.0645313 0.412222 0.0228125 0.0222222 0.0283356
0 0.493125 0.267222 0.00750001 0.00888889 0.0273743
0 0.465 0.263611 0.00375001 0.00944446 0.0264587
2 0.90625 0.333611 0.00750001 0.0144444 0.0261536
0 0.329375 0.310556 0.00999997 0.0166667 0.0235138
2 0.118281 0.407222 0.0078125 0.0233333 0.0219421
3 0.70875 0.311111 0.00500005 0.0188889 0.0215302
7 0.129375 0.413056 0.0028125 0.0116667 0.0207977
7 0.220313 0.509444 0.00687499 0.0277778 0.0198669
2 0.7525 0.312778 0.00999997 0.0227778 0.0195312
3 0.93125 0.511111 0.00499999 0.0477778 0.0178528
3 0.93375 0.503333 0.00999997 0.0588889 0.016922
7 0.00802856 0.541111 0.00656006 0.0177777 0.0166626
0 0.514688 0.261667 0.00375001 0.00666668 0.0165863
0 0.0596094 0.415556 0.0320313 0.0277778 0.0157776
0 0.965625 0.336111 0.02625 0.0188889 0.0145035
3 0.253438 0.328333 0.00562501 0.0205556 0.014061
2 0.265156 0.350556 0.00531249 0.0122222 0.0139542
0 0.0574219 0.430556 0.0309375 0.0277778 0.0134811
7 0.65375 0.318611 0.00374997 0.0122222 0.0127258
7 0.209688 0.373889 0.0034375 0.0105556 0.0123367
0 0.475625 0.26 0.00500002 0.00666668 0.0121918
7 0.284063 0.347778 0.00406253 0.00999999 0.012146
0 0.965 0.341111 0.0175 0.0222222 0.0120544
3 0.190313 0.371111 0.004375 0.0194444 0.011116
0 0.53375 0.278889 0.00625 0.00999999 0.0110321
0 0.420625 0.310278 0.01125 0.0177778 0.0109024
2 0.184375 0.369444 0.014375 0.02 0.0106964
2 0.27375 0.356667 0.00750001 0.0211111 0.0106125
7 0.00864258 0.543333 0.00539063 0.0211111 0.0100555
0 0.44375 0.273056 0.00625 0.0116667 0.0100098
0 0.00857422 0.411111 0.0170313 0.0288889 0.00854492
2 0.248125 0.342222 0.00718749 0.0155555 0.008255
0 0.631563 0.303611 0.029375 0.0216667 0.00790405
2 0.715625 0.389444 0.01625 0.0388889 0.00790405
7 0.595 0.31 0.00437501 0.0133333 0.0078125
3 0.9425 0.466111 0.00750001 0.0577778 0.00740433
0 0.39625 0.281111 0.00625 0.00888889 0.00682449
0 0.75125 0.323333 0.0275 0.0244445 0.00682449
0 0.9125 0.339167 0.0175 0.0216667 0.00619125
0 0.62875 0.293333 0.025 0.0194444 0.00619125
0 0.00874024 0.3975 0.0174805 0.0288889 0.00595856
3 0.94375 0.467222 0.00625 0.0544444 0.00595856
0 0.344688 0.285278 0.009375 0.0227778 0.00593567
7 0.645 0.330556 0.00250003 0.00888889 0.00584412
0 0.525625 0.275833 0.00500002 0.01 0.00553513
0 0.86375 0.300833 0.00750001 0.0138889 0.00547028
3 0.935 0.460556 0.0125 0.0511111 0.00544739
7 0.7075 0.399722 0.00499999 0.0227778 0.0053215
7 0.215156 0.365 0.003125 0.0133333 0.0051384
0 0.96125 0.340833 0.0225 0.0233333 0.00511932
0 0.955 0.336111 0.025 0.0177778 0.0049057
3 0.935 0.476111 0.0125 0.0722222 0.00486755
7 0.372188 0.622222 0.080625 0.122222 0.00482941
2 0.269219 0.343056 0.0065625 0.0161111 0.00450516
0 0.35625 0.282778 0.00625 0.0166667 0.00408554
7 0.909375 0.479444 0.00625 0.0233333 0.00403976
3 0.80875 0.305 0.00750001 0.0188889 0.00387001
3 0.775 0.343333 0.01 0.0255556 0.00359344
2 0.76625 0.303889 0.00999997 0.0211111 0.00353813
0 0.44875 0.268056 0.00499999 0.00833333 0.00319672
0 0.408125 0.272222 0.00875003 0.0133333 0.003088
0 0.319688 0.322778 0.014375 0.02 0.0030632
2 0.123828 0.407778 0.0053125 0.0216667 0.00304031
2 0.185938 0.377778 0.0096875 0.0255556 0.00292397
2 0.023418 0.401667 0.00972656 0.0211111 0.00282288
2 0.176875 0.37 0.00625 0.0172222 0.00274658
3 0.545625 0.276111 0.00375004 0.0133334 0.00259018
7 0.615 0.33 0.00250003 0.0111111 0.00259018
7 0.595 0.301389 0.00499999 0.0144444 0.00251198
7 0.165313 0.416944 0.00374999 0.0122222 0.0024929
3 0.864375 0.308611 0.00625 0.02 0.00245285
0 0.00612793 0.371111 0.0122559 0.0211111 0.00243378
3 0.16375 0.380278 0.005 0.0238889 0.00236893
7 0.605 0.299444 0.003125 0.0122222 0.00232315
1 0.97 0.346944 0.03 0.0283333 0.00209999
5 0.21875 0.594444 0.05625 0.128889 0.00208282
7 0.0563281 0.474444 0.00421875 0.0111111 0.0020504
3 0.48875 0.309444 0.00625 0.0272222 0.00204277
2 0.155156 0.37 0.00531249 0.0177778 0.00198746
0 0.77875 0.33 0.04 0.0227778 0.00195694
7 0.145156 0.408333 0.00375001 0.0133333 0.00194931
0 0.3775 0.343889 0.030625 0.04 0.00190449
0 0.535313 0.263889 0.00437498 0.0105555 0.00179577
7 0.57375 0.317778 0.00625 0.0144444 0.00179577
0 0.0498438 0.982222 0.0996875 0.0322223 0.00176144
3 0.94 0.468611 0.0125 0.0638889 0.00175476
0 0.0351562 0.388611 0.0101562 0.0188889 0.00174141
7 0.75375 0.416389 0.00499999 0.0172222 0.00174141
2 0.239688 0.379444 0.010625 0.0244445 0.0017271
0 0.40625 0.262778 0.00625 0.0122222 0.00171375
7 0.00714844 0.536528 0.00585938 0.0225 0.0017004
2 0.0360352 0.403333 0.00609375 0.0172222 0.00168705
0 0.91875 0.336667 0.025 0.0177778 0.00168133
7 0.277813 0.620556 0.08625 0.113333 0.00159168
0 0.435313 0.264444 0.00499999 0.0111111 0.00157356
7 0.670625 0.475833 0.00625 0.025 0.00154877
3 0.70875 0.397222 0.00875003 0.0333333 0.00153637
7 0.6425 0.310556 0.00750001 0.0161111 0.00152493
0 0.34625 0.297222 0.009375 0.0155556 0.00141048
0 0.0848438 0.419722 0.0084375 0.0166667 0.00141048
3 0.164063 0.373333 0.004375 0.0227778 0.00134563
0 0.97375 0.337778 0.035 0.0222222 0.00127411
0 0.97125 0.368889 0.0375 0.0288889 0.00126934
7 0.635 0.345556 0.00437501 0.0122222 0.00126457
0 0.99625 0.316111 0.00749995 0.0255556 0.00125504
2 0.693125 0.331667 0.0125 0.0244445 0.00122547
7 0.645 0.345 0.00250003 0.0122222 0.00115585
3 0.548438 0.271111 0.00625 0.0177778 0.00115108
1 0.973125 0.361111 0.04 0.0322222 0.00112438
1 0.342188 0.276667 0.05375 0.0755556 0.00108624
0 0.38 0.350278 0.03375 0.0394445 0.00106907
2 0.714375 0.313056 0.00499999 0.0144444 0.00104046
0 0.524375 0.261667 0.00375001 0.00888889 0.00102806
