0 0.924375 0.845556 0.15125 0.304444 0.962891
0 0.731875 0.816111 0.1975 0.367778 0.961426
0 0.495625 0.546111 0.1075 0.246667 0.955566
0 0.223438 0.558889 0.130625 0.215556 0.953613
0 0.795 0.500556 0.1375 0.215556 0.953125
0 0.0954688 0.891111 0.162188 0.215556 0.953125
0 0.405 0.316111 0.07375 0.115556 0.95166
0 0.245977 0.916667 0.179297 0.164444 0.950195
0 0.636875 0.422222 0.105 0.169444 0.948242
0 0.35875 0.478333 0.1125 0.198889 0.944824
0 0.70375 0.286181 0.085 0.114306 0.943848
0 0.22375 0.379722 0.10375 0.142778 0.942383
0 0.506875 0.332222 0.073125 0.128889 0.940918
0 0.600625 0.279722 0.0825 0.125 0.935547
0 0.307656 0.353889 0.0853125 0.118889 0.932129
5 0.403438 0.0783333 0.06375 0.0666667 0.928223
0 0.434688 0.115 0.063125 0.0413889 0.898438
0 0.663125 0.0534028 0.04125 0.02375 0.884277
5 0.33875 0.0664583 0.021875 0.0345833 0.883301
0 0.49375 0.976667 0.14375 0.0444444 0.882324
0 0.92875 0.113576 0.03125 0.0350694 0.868652
0 0.560625 0.100069 0.074375 0.04875 0.865234
0 0.34625 0.107639 0.043125 0.0333333 0.85791
0 0.0240186 0.296111 0.0286816 0.0344445 0.838867
0 0.73875 0.0870833 0.0575 0.0408333 0.837402
0 0.11125 0.213056 0.0284375 0.0311111 0.832031
2 0.113828 0.323889 0.0217187 0.0505556 0.831055
3 0.195 0.278333 0.015625 0.0661111 0.824219
2 0.345625 0.217222 0.0375 0.0522222 0.819824
0 0.71375 0.0576389 0.04375 0.0269444 0.792969
7 0.255938 0.265 0.0075 0.0222222 0.785156
7 0.7425 0.173611 0.00499999 0.02 0.78418
0 0.304688 0.0933333 0.02125 0.0238889 0.779785
2 0.773125 0.136528 0.02375 0.0508333 0.774414
0 0.0566406 0.279444 0.0310938 0.0333333 0.766113
0 0.355625 0.0783333 0.016875 0.0236111 0.732422
0 0.0703906 0.263611 0.0292188 0.0294444 0.732422
0 0.3275 0.0891667 0.01625 0.0216667 0.712402
2 0.085 0.280556 0.013125 0.0277778 0.70752
7 0.75125 0.160556 0.00625 0.0188889 0.705566
0 0.278125 0.107569 0.0225 0.0198611 0.702637
2 0.22625 0.137361 0.009375 0.0219445 0.680664
7 0.242188 0.281111 0.008125 0.0238889 0.668945
2 0.26875 0.116389 0.013125 0.0197222 0.622559
3 0.217656 0.265486 0.0165625 0.06125 0.600098
0 0.40125 0.0437674 0.010625 0.0199653 0.571777
7 0.0284961 0.379444 0.00480469 0.0172222 0.562012
7 0.944375 0.214167 0.00500005 0.0172222 0.535156
2 0.663125 0.0291667 0.00750001 0.01625 0.533203
3 0.0253516 0.333333 0.010625 0.0388889 0.507812
7 0.94375 0.217917 0.00499999 0.0180556 0.496094
7 0.70125 0.199444 0.00750001 0.025 0.484375
0 0.424063 0.0345833 0.0125 0.0191667 0.478516
0 0.35625 0.0692361 0.0125 0.0159722 0.478516
0 0.340938 0.085 0.0175 0.0206944 0.453369
7 0.0273438 0.379444 0.00570313 0.0177778 0.424316
0 0.378125 0.0624306 0.015 0.0256944 0.416748
2 0.0816406 0.223889 0.00859375 0.0244445 0.403564
0 0.379375 0.0631944 0.01625 0.0316667 0.379395
0 0.3675 0.0683333 0.01375 0.02 0.354004
0 0.37875 0.0558333 0.01375 0.0216667 0.339844
2 0.210156 0.151389 0.0075 0.0247222 0.339844
0 0.33 0.0859028 0.01875 0.0227778 0.332764
2 0.0539844 0.312222 0.0096875 0.0366666 0.332764
7 0.753125 0.158056 0.00625 0.0191667 0.327637
5 0.432813 0.0175 0.011875 0.0182639 0.32251
2 0.67875 0.0362847 0.00999997 0.019375 0.312256
5 0.43125 0.0175 0.01 0.0158333 0.309082
7 0.94125 0.216111 0.00500005 0.0172222 0.301514
7 0.163438 0.204861 0.004375 0.0127778 0.279785
0 0.384375 0.0490972 0.00874999 0.0155556 0.256836
0 0.393125 0.0484722 0.01125 0.0172222 0.2323
0 0.36625 0.0592361 0.0125 0.0198611 0.222656
3 0.142813 0.177639 0.00531251 0.0191667 0.209473
0 0.394063 0.0304861 0.00874999 0.0102778 0.191895
0 0.404375 0.0307986 0.00875003 0.0105556 0.190674
7 0.254688 0.266667 0.00843749 0.0244444 0.175537
2 0.34375 0.206111 0.034375 0.0494444 0.164551
0 0.36625 0.0766667 0.015 0.0225 0.160278
0 0.0646875 0.264722 0.034375 0.03 0.160278
7 0.745 0.1275 0.00499999 0.0188889 0.153564
2 0.270156 0.118194 0.01125 0.0208333 0.152588
0 0.415938 0.0434549 0.010625 0.0178125 0.149048
0 0.444375 0.0132639 0.00625 0.01 0.146606
0 0.5575 0.0846528 0.0675 0.0261111 0.146606
2 0.0859375 0.278333 0.0176563 0.03 0.140381
7 0.70375 0.0782639 0.00250003 0.0141667 0.125488
0 0.425313 0.0389583 0.016875 0.0227778 0.12085
7 0.753125 0.161806 0.00625 0.0211111 0.12085
7 0.74375 0.124583 0.00499999 0.0172222 0.119995
2 0.208438 0.151944 0.00874999 0.0241667 0.119629
0 0.365313 0.0515972 0.011875 0.0130556 0.119202
7 0.143438 0.211944 0.004375 0.0138889 0.118774
0 0.0549219 0.248333 0.025 0.025 0.115173
2 0.0557031 0.311111 0.0135938 0.0344444 0.112
0 0.369375 0.0759722 0.014375 0.0241667 0.105957
0 0.0532813 0.251667 0.0259375 0.0288889 0.105591
3 0.34 0.198889 0.015 0.0438889 0.105225
2 0.229844 0.138056 0.0125 0.0194444 0.102661
2 0.615313 0.0273264 0.00437501 0.0141667 0.0980835
0 0.459375 0.00482639 0.00625 0.00965278 0.0910645
7 0.0758984 0.29 0.00460938 0.0188889 0.0894775
0 0.415 0.0329167 0.00874999 0.0156944 0.0836182
2 0.0796485 0.226944 0.0111719 0.0219444 0.0761108
7 0.68625 0.0797222 0.00249996 0.0116667 0.0736694
3 0.0539453 0.314444 0.00976563 0.0416667 0.0726318
2 0.0578125 0.303056 0.0173437 0.0305556 0.0705566
0 0.00398438 0.278889 0.00796875 0.0255555 0.0700684
0 0.454688 0.00909722 0.00625 0.00805556 0.0690308
7 0.595 0.0461806 0.003125 0.0109722 0.0668335
7 0.0652344 0.297222 0.0065625 0.02 0.0668335
0 0.391875 0.0516667 0.00999997 0.01625 0.0552063
7 0.7 0.204583 0.00499999 0.0288889 0.0525208
0 0.338125 0.0769444 0.0175 0.0247222 0.0501404
0 0.7725 0.137361 0.02375 0.0477778 0.0494995
7 0.69 0.187222 0.00749995 0.0244445 0.0451965
2 0.726875 0.0343056 0.00625 0.0154167 0.0441895
3 0.00566406 0.378889 0.00810547 0.0277778 0.0428772
3 0.142969 0.181667 0.005 0.0202778 0.0384521
7 0.0680469 0.297222 0.00859375 0.02 0.037323
2 0.925 0.0909722 0.015 0.0230556 0.0350037
0 0.0710938 0.271667 0.0270313 0.0366667 0.0342407
0 0.431875 0.0244097 0.01 0.0170139 0.0339661
0 0.92875 0.0998611 0.02875 0.0227778 0.0337219
3 0.215781 0.253264 0.0153125 0.0634722 0.0322266
2 0.133438 0.177222 0.0075 0.0177778 0.0316162
7 0.140938 0.215417 0.004375 0.0152778 0.0301514
2 0.883125 0.0523611 0.00750001 0.0191667 0.0287628
0 0.430938 0.0484722 0.009375 0.0177778 0.0274811
0 0.428438 0.050625 0.011875 0.01625 0.0272675
0 0.353125 0.0657639 0.0125 0.0318056 0.0268555
0 0.417188 0.115278 0.02875 0.0352778 0.0263519
7 0.70125 0.0681944 0.00625 0.0169444 0.0248871
2 0.00426025 0.378333 0.00788574 0.03 0.024704
5 0.43 0.0161111 0.01125 0.0168056 0.0240479
0 0.0599609 0.248056 0.0195312 0.0222222 0.0238647
7 0.244844 0.136944 0.003125 0.00944444 0.0212097
2 0.0824219 0.216667 0.0075 0.0233333 0.0205688
3 0.221406 0.136667 0.00687499 0.0216667 0.0202179
0 0.5875 0.0227083 0.023125 0.0131944 0.0200653
0 0.344688 0.213611 0.033125 0.0522222 0.0195007
3 0.014502 0.265556 0.00578125 0.0211111 0.0183411
0 0.3475 0.0927778 0.03875 0.0263889 0.0180206
3 0.885 0.0571528 0.00500005 0.0218056 0.016098
0 0.40875 0.0240972 0.00750001 0.011875 0.0159607
2 0.735 0.0347917 0.00499999 0.0165278 0.0152512
7 0.72875 0.123611 0.00750001 0.02 0.0150757
3 0.204063 0.275833 0.02375 0.0661111 0.0150146
0 0.73875 0.0819444 0.0525 0.0338889 0.0148392
2 0.115781 0.190556 0.0115625 0.0155556 0.0146179
3 0.0363281 0.259722 0.00710938 0.02 0.0145569
2 0.366875 0.0822917 0.015 0.02875 0.0141754
2 0.79625 0.0861111 0.00875003 0.0286111 0.0137939
2 0.0475781 0.259722 0.0140625 0.0233333 0.0131226
7 0.585625 0.0451389 0.003125 0.0102778 0.0125275
0 0.99625 0.124722 0.00749995 0.0238889 0.0120087
7 0.25375 0.133889 0.004375 0.0086111 0.0112457
7 0.143828 0.218056 0.00406251 0.0152778 0.011116
0 0.38125 0.07 0.01875 0.0372222 0.0110321
3 0.951875 0.279167 0.00875003 0.0477778 0.0106506
7 0.0426465 0.356667 0.00548828 0.0166667 0.01017
3 0.214844 0.265278 0.02375 0.0661111 0.0100098
2 0.0101074 0.275 0.0104883 0.0244444 0.00989532
7 0.25 0.124861 0.0034375 0.0105555 0.00985718
0 0.355313 0.0520139 0.00874999 0.0143056 0.00948334
2 0.216563 0.267847 0.0175 0.0509722 0.00933838
0 0.00413574 0.271389 0.00827148 0.03 0.0086441
3 0.214063 0.273819 0.020625 0.0668055 0.00854492
2 0.205469 0.147639 0.0078125 0.0275 0.0085144
7 0.735 0.121944 0.00499999 0.0183333 0.00847626
3 0.341875 0.194861 0.01375 0.0511111 0.00834656
3 0.215313 0.291667 0.00874999 0.0522222 0.00831604
0 0.45 0.0170139 0.00625 0.0109722 0.00793457
3 0.16875 0.159722 0.004375 0.0155556 0.00793457
0 0.675 0.0437674 0.02 0.0174653 0.00626373
3 0.95125 0.278333 0.0125 0.0511111 0.00591278
7 0.238125 0.287778 0.00874999 0.0211111 0.00557709
3 0.89 0.0619444 0.00374997 0.0202778 0.0055542
7 0.74875 0.126806 0.00625 0.0241667 0.0055542
7 0.0423047 0.359444 0.00601562 0.0166667 0.00551224
7 0.215313 0.283333 0.015 0.0633333 0.00536346
3 0.295469 0.110833 0.00500002 0.0186111 0.00511932
0 0.9775 0.116528 0.0125 0.0180556 0.00508118
0 0.550313 0.0186111 0.00687504 0.0106944 0.00484848
7 0.6925 0.185278 0.00499999 0.0211111 0.00469971
2 0.603438 0.0333333 0.00562496 0.0159722 0.00460815
3 0.89375 0.0677778 0.00499999 0.0147222 0.00455475
0 0.99625 0.133056 0.00749995 0.03 0.00453949
3 0.0446094 0.303333 0.0065625 0.0333333 0.00418091
0 0.58375 0.025625 0.0300001 0.0184722 0.00400543
7 0.135781 0.223611 0.00375001 0.0111111 0.00367928
2 0.601563 0.040816 0.00874996 0.0200347 0.00355148
0 0.9825 0.117465 0.0175 0.0189583 0.00352478
7 0.165625 0.169722 0.00374999 0.0122222 0.00348282
0 0.96 0.105417 0.01625 0.0161111 0.00340271
7 0.6875 0.183472 0.00499999 0.0208333 0.00337601
0 0.7225 0.080625 0.0325 0.0359722 0.00323486
2 0.081582 0.232083 0.0102734 0.0252778 0.00305176
3 0.205625 0.161944 0.01 0.0344445 0.00293541
7 0.335 0.110972 0.0225 0.0266667 0.00288963
0 0.391875 0.0877083 0.04 0.0481944 0.00271416
7 0.51 0.405833 0.00874999 0.0444444 0.00252151
0 0.545 0.0943056 0.0425 0.0402778 0.00248146
7 0.600625 0.280625 0.08 0.124306 0.0024147
2 0.275625 0.0897222 0.00750001 0.02 0.00237846
0 0.387813 0.0323958 0.00812499 0.0121528 0.00225258
0 0.132188 0.177361 0.02125 0.0186111 0.00225258
2 0.122031 0.190556 0.0078125 0.0166667 0.00225258
7 0.50625 0.333611 0.071875 0.128889 0.00225258
3 0.79625 0.0933333 0.00749995 0.0338889 0.00219154
2 0.65875 0.0330556 0.0125 0.015 0.00210762
3 0.610625 0.0267361 0.00499999 0.0181944 0.00191212
3 0.166562 0.159722 0.005 0.0172222 0.00188923
2 0.72875 0.0243056 0.00750001 0.01875 0.00188255
2 0.196875 0.155833 0.00999999 0.0286111 0.00186729
2 0.574375 0.0267361 0.00500005 0.0118056 0.00185299
2 0.582813 0.0142361 0.01 0.0163889 0.00175476
0 0.97375 0.106875 0.015 0.01875 0.00175476
3 0.193438 0.291111 0.019375 0.0761111 0.00174809
3 0.2175 0.254444 0.021875 0.0683333 0.0017004
2 0.0593359 0.315278 0.0192969 0.0505556 0.0016613
0 0.463125 0.00833333 0.00625 0.00923611 0.00165462
0 0.9825 0.107361 0.0125 0.0197222 0.00164223
3 0.0528516 0.319167 0.0114844 0.0527778 0.00152493
5 0.00400391 0.254444 0.00800781 0.04 0.00147247
0 0.99625 0.105278 0.00749995 0.0272222 0.00144386
7 0.565625 0.0280556 0.00437501 0.0114583 0.00141048
0 0.0689063 0.247778 0.0245313 0.0205556 0.00138855
0 0.484063 0.00888889 0.00499999 0.00965278 0.00130463
2 0.227188 0.131944 0.0075 0.0305555 0.00130463
0 0.425938 0.0593056 0.019375 0.0258333 0.00129986
3 0.95 0.282778 0.0125 0.0611111 0.00124454
3 0.791875 0.0875 0.01125 0.035 0.00123501
0 0.2975 0.0957639 0.02875 0.02625 0.00112438
7 0.156563 0.208056 0.00421875 0.0105555 0.00110722
2 0.0873242 0.282778 0.0187891 0.0338889 0.00104809
0 0.2775 0.101528 0.023125 0.0263889 0.00104427
0 0.51625 0.00739583 0.00749998 0.0106944 0.00103188
3 0.00351318 0.360556 0.0067334 0.0377778 0.00102806
0 0.414375 0.0722222 0.03625 0.0366667 0.00100803
