0 0.47875 0.572222 0.06625 0.117778 0.925781
0 0.420938 0.478333 0.049375 0.0822222 0.903809
0 0.734375 0.329444 0.03875 0.0277778 0.803223
0 0.0134473 0.4675 0.0267383 0.0344444 0.801758
0 0.43625 0.336111 0.0325 0.0288889 0.800781
0 0.464375 0.295556 0.01125 0.0177778 0.788086
0 0.101563 0.406389 0.0303125 0.0255556 0.778809
0 0.72375 0.322778 0.0375 0.0255556 0.754883
0 0.3425 0.328889 0.0175 0.0222222 0.744629
0 0.363125 0.327778 0.016875 0.0266667 0.733887
0 0.331797 0.367222 0.0401563 0.0311111 0.732422
2 0.0188062 0.503333 0.0182471 0.0355556 0.729492
7 0.0247266 0.528889 0.0053125 0.02 0.729492
0 0.41375 0.291111 0.00874999 0.0122222 0.728027
7 0.236563 0.505556 0.0065625 0.0244444 0.720215
7 0.73 0.44 0.00499999 0.0188889 0.710449
7 0.22375 0.519444 0.0090625 0.0255556 0.697754
0 0.470625 0.305278 0.015 0.0194444 0.695801
2 0.0357813 0.473333 0.0140625 0.0388889 0.675781
7 0.6675 0.464444 0.00625 0.0233333 0.673828
2 0.2225 0.366667 0.00687501 0.0244444 0.665527
2 0.57375 0.317222 0.0125 0.0211111 0.635254
0 0.47375 0.275 0.00750001 0.0122222 0.622559
7 0.72375 0.401667 0.00499999 0.0177778 0.620605
7 0.75 0.414722 0.00499999 0.0177778 0.594727
0 0.3775 0.318333 0.0125 0.0227778 0.575684
0 0.346563 0.311389 0.01125 0.0133333 0.57373
7 0.739375 0.424444 0.00499999 0.0211111 0.567871
0 0.395313 0.308611 0.01125 0.0166667 0.565918
0 0.00332764 0.447222 0.00665527 0.0322222 0.533203
0 0.395313 0.301111 0.01 0.0138889 0.515625
0 0.388125 0.313889 0.0125 0.0172222 0.515625
0 0.314375 0.330556 0.013125 0.0144444 0.507812
7 0.145938 0.418889 0.00343749 0.0116667 0.505859
3 0.223906 0.495 0.011875 0.0611111 0.474609
2 0.242813 0.358611 0.00625 0.0183333 0.466797
7 0.746875 0.4 0.00499999 0.0166667 0.464844
0 0.3875 0.293333 0.00749998 0.0133333 0.418701
0 0.37625 0.321667 0.01375 0.0222222 0.403564
2 0.597188 0.300278 0.00874996 0.0177778 0.37207
0 0.325938 0.3325 0.01625 0.0205556 0.354004
7 0.67875 0.480278 0.00750001 0.0244444 0.345215
7 0.126719 0.422778 0.0046875 0.01 0.329346
0 0.355938 0.316111 0.00999997 0.0144444 0.320801
0 0.347813 0.308889 0.01 0.0133333 0.295898
0 0.361875 0.318056 0.0125 0.0183333 0.27832
7 0.0648438 0.475556 0.00453125 0.0122222 0.273682
0 0.391875 0.308611 0.01375 0.0166667 0.264404
0 0.190938 0.373333 0.0290625 0.0238889 0.252441
2 0.204375 0.370833 0.0075 0.0255556 0.252441
7 0.0510938 0.480556 0.0046875 0.0166666 0.24939
7 0.0103711 0.544306 0.00599609 0.0202778 0.245117
7 0.634375 0.331389 0.00375004 0.0122222 0.237915
2 0.196406 0.378611 0.008125 0.0233333 0.210083
0 0.0100293 0.454444 0.0200195 0.0266667 0.210083
0 0.486875 0.268333 0.00750001 0.00888889 0.209473
0 0.37125 0.309444 0.01125 0.0161111 0.183594
7 0.68375 0.353333 0.00500005 0.0155556 0.178345
0 0.434375 0.269722 0.01125 0.0127778 0.167236
2 0.815625 0.311667 0.015 0.0216667 0.161865
0 0.4225 0.332222 0.02875 0.0233333 0.144165
3 0.226719 0.488889 0.016875 0.0555555 0.139404
0 0.44875 0.266389 0.00625 0.0105556 0.133423
0 0.444375 0.263611 0.00500002 0.0105556 0.129395
7 0.74375 0.421667 0.00499999 0.0172222 0.122925
0 0.419063 0.285278 0.009375 0.015 0.122925
2 0.815 0.308333 0.0125 0.0222222 0.117554
2 0.0428125 0.408056 0.00757813 0.0177778 0.108948
0 0.34375 0.332222 0.01875 0.0233333 0.101257
0 0.485 0.273333 0.00500002 0.0116666 0.092041
0 0.197188 0.370556 0.0178125 0.0233333 0.0836182
0 0.43 0.333889 0.0425 0.0277778 0.083313
3 0.226719 0.490556 0.0246875 0.0522222 0.0830078
7 0.753125 0.417222 0.00625 0.0183333 0.0827026
0 0.485313 0.263889 0.00562499 0.0111111 0.081543
0 0.0087793 0.448889 0.017207 0.0311111 0.0772095
0 0.473125 0.273333 0.00874999 0.0133334 0.0739746
0 0.326563 0.335833 0.0175 0.0222222 0.0736694
3 0.202813 0.378056 0.00625 0.0266667 0.0703125
0 0.9825 0.347778 0.035 0.0333333 0.0703125
3 0.221563 0.363611 0.00625 0.0205556 0.0685425
0 0.495 0.263889 0.00625 0.0111111 0.0665894
0 0.188594 0.376667 0.0271875 0.0255555 0.0661011
7 0.216563 0.398889 0.00437501 0.0155555 0.0570679
0 0.98375 0.342222 0.0325 0.0255556 0.0522461
0 0.331328 0.346667 0.0298438 0.0322222 0.0465393
0 0.425 0.279444 0.00625 0.0122222 0.0428772
0 0.464688 0.279444 0.00625 0.0111111 0.042572
0 0.423125 0.297778 0.01 0.0177778 0.0389099
7 0.615 0.331111 0.003125 0.00999999 0.0380249
2 0.598125 0.309444 0.00750001 0.0211111 0.0370483
7 0.67375 0.332222 0.00499999 0.0133333 0.0358276
7 0.77875 0.350556 0.00499999 0.0211111 0.035675
3 0.222031 0.488333 0.0165625 0.055 0.0340881
0 0.460625 0.287222 0.01 0.0155555 0.0316772
7 0.148594 0.413889 0.00375001 0.0122222 0.0316162
7 0.266094 0.364444 0.00374999 0.01 0.0285492
2 0.5725 0.32 0.0125 0.0255556 0.0283356
2 0.105781 0.390556 0.0125 0.0188889 0.0281067
0 0.335 0.3525 0.0325 0.0272222 0.0267639
7 0.135313 0.435278 0.00421875 0.0116667 0.0265503
7 0.145781 0.408333 0.0034375 0.0144444 0.0245209
0 0.818125 0.313889 0.025 0.02 0.0243378
2 0.196875 0.396667 0.0075 0.0311111 0.0241394
7 0.7375 0.427222 0.00499999 0.0222222 0.0238647
0 0.45375 0.262222 0.00500002 0.00888887 0.0232391
7 0.128672 0.416111 0.0040625 0.0166667 0.0218658
7 0.0534375 0.475833 0.00585938 0.0161111 0.0212097
3 0.55125 0.331944 0.00625 0.0283333 0.0207214
0 0.184688 0.376389 0.0375 0.0288889 0.0205688
3 0.222656 0.485278 0.0096875 0.0527778 0.0205231
0 0.315156 0.333889 0.0128125 0.0183333 0.0204926
7 0.70875 0.403611 0.00500005 0.02 0.0195007
7 0.0121265 0.541111 0.00668457 0.0177777 0.0191956
0 0.334375 0.322778 0.009375 0.0211111 0.0180511
2 0.0389063 0.406667 0.0129687 0.02 0.0179901
0 0.435625 0.271667 0.00874999 0.0144444 0.0176392
0 0.385625 0.322222 0.0125 0.0211111 0.0168457
0 0.725 0.3175 0.04 0.0294445 0.0162811
7 0.7325 0.434444 0.00499999 0.0188889 0.0157776
0 0.475625 0.262778 0.00625 0.00888889 0.0156021
7 0.7225 0.449444 0.00750001 0.02 0.0149536
7 0.636875 0.317222 0.00500005 0.0133333 0.0146713
5 0.9825 0.352778 0.035 0.0444445 0.014389
7 0.23625 0.498333 0.0075 0.0366666 0.0119171
2 0.219063 0.366667 0.010625 0.0216667 0.0112457
0 0.108281 0.410556 0.0396875 0.0255556 0.0110703
7 0.72625 0.444444 0.00499999 0.0211111 0.0110703
7 0.229688 0.506111 0.008125 0.0288889 0.0106506
0 0.526875 0.276111 0.00625 0.0111111 0.0102081
2 0.81375 0.305278 0.01 0.0222222 0.00948334
3 0.223125 0.479444 0.014375 0.0511111 0.00926971
2 0.766875 0.318611 0.00625 0.0227778 0.00908661
7 0.0247656 0.533889 0.00585938 0.0233333 0.00854492
7 0.215938 0.386111 0.004375 0.015 0.00800323
2 0.571875 0.318333 0.01625 0.0222222 0.00796509
7 0.67 0.337778 0.00374997 0.0144444 0.00723267
7 0.67 0.471111 0.00499999 0.0266667 0.00712204
0 0.811875 0.326667 0.025 0.0233333 0.00674438
7 0.66625 0.351111 0.00499999 0.0122222 0.00651169
3 0.55 0.308333 0.00812499 0.0266667 0.00624084
7 0.126875 0.434722 0.0053125 0.0144444 0.00616837
2 0.114141 0.388056 0.00734375 0.0194444 0.00614548
3 0.2075 0.371667 0.00718749 0.0211111 0.00609589
7 0.16625 0.420833 0.00343749 0.0122222 0.00600433
7 0.254531 0.362778 0.0034375 0.0122222 0.00564194
3 0.0233203 0.438056 0.00710938 0.0205555 0.0050621
7 0.6425 0.311111 0.00625 0.02 0.00486755
7 0.625 0.345556 0.00375004 0.0122222 0.00471878
0 0.0029834 0.433333 0.0059668 0.0366667 0.00471878
5 0.435938 0.267222 0.009375 0.0166667 0.00446701
3 0.0195117 0.510556 0.0126172 0.0477778 0.00445175
7 0.14 0.428333 0.005 0.0144444 0.00445175
7 0.655 0.330556 0.00249996 0.0105555 0.00441742
2 0.576563 0.315833 0.018125 0.02 0.00436401
7 0.235156 0.365278 0.004375 0.0133333 0.0041008
2 0.0251953 0.405556 0.006875 0.0211111 0.00376511
0 0.495625 0.274167 0.00625 0.0105555 0.00366402
0 0.8675 0.300556 0.00750001 0.0133333 0.00362206
0 0.81375 0.328889 0.03 0.0233333 0.00348282
7 0.275 0.351667 0.00375001 0.00999999 0.00340271
3 0.0427734 0.413333 0.00734375 0.02 0.00331116
2 0.0389258 0.474167 0.0175391 0.0394445 0.00324821
0 0.414688 0.282222 0.00874999 0.0133333 0.00302696
2 0.69375 0.333611 0.0125 0.0283333 0.00302696
7 0.154688 0.405556 0.0034375 0.0105555 0.00302696
3 0.190625 0.399722 0.00875001 0.0322222 0.00299263
7 0.645 0.332778 0.00250003 0.01 0.00279045
0 0.996563 0.355833 0.00687497 0.045 0.00276756
7 0.675625 0.318333 0.00374997 0.0138889 0.00269318
7 0.155313 0.418333 0.00343749 0.0111111 0.00245285
2 0.4225 0.306111 0.00874999 0.02 0.002388
7 0.655 0.318056 0.00249996 0.0127778 0.00234222
7 0.293906 0.345278 0.00500002 0.0144444 0.00230598
7 0.265625 0.353333 0.00375001 0.0122222 0.00226021
3 0.112031 0.473056 0.00734375 0.0294445 0.00224304
0 0.324375 0.350556 0.024375 0.025 0.00223351
2 0.768125 0.312222 0.00875003 0.0255555 0.00213242
7 0.203438 0.392778 0.00625 0.0261111 0.00210762
0 0.98 0.343333 0.03375 0.0305556 0.00208282
3 0.548125 0.311667 0.01125 0.03 0.0020504
2 0.2225 0.361944 0.00687501 0.0272222 0.00200272
7 0.845 0.346111 0.00499999 0.0111111 0.00200272
2 0.0315234 0.407778 0.009375 0.0211111 0.00186729
2 0.0165234 0.406667 0.006875 0.0188889 0.00185299
2 0.0349609 0.419444 0.00644531 0.0133333 0.00182438
0 0.5475 0.261111 0.00625 0.0122222 0.00179577
3 0.390313 0.333889 0.00812499 0.0222222 0.00178242
7 0.169219 0.415556 0.00625 0.0188889 0.00178242
2 0.551875 0.314444 0.01 0.0255556 0.00171375
2 0.642656 0.300556 0.00718753 0.0233333 0.00167465
0 0.374688 0.301111 0.00812499 0.0177778 0.00161648
0 0.38 0.289444 0.013125 0.02 0.00161648
0 0.503438 0.258889 0.00562503 0.00944446 0.00158501
0 0.820625 0.31 0.02875 0.0277778 0.00156689
3 0.65625 0.295556 0.00499999 0.0188889 0.00151253
0 0.32875 0.321667 0.01375 0.0211111 0.00151253
7 0.630625 0.336111 0.00374997 0.0138889 0.00146103
7 0.285313 0.35 0.00375001 0.01 0.00141048
7 0.106484 0.436667 0.0065625 0.0177778 0.00138855
0 0.0105249 0.431667 0.0160596 0.0366667 0.00135612
7 0.290938 0.341667 0.00437501 0.0144444 0.00130939
7 0.175 0.417778 0.00562501 0.0166667 0.00127411
0 0.00335449 0.406111 0.00670898 0.0244444 0.00126457
7 0.65 0.335556 0.00499999 0.0166667 0.00123978
0 0.8175 0.332778 0.0325 0.0255556 0.0012207
7 0.670625 0.467222 0.01 0.0288889 0.00119686
0 0.376563 0.256111 0.00874999 0.0122222 0.00118351
2 0.222188 0.475 0.020625 0.0494444 0.00116062
0 0.514688 0.2775 0.00562499 0.00944446 0.00113392
5 0.432813 0.305 0.034375 0.0444444 0.00110722
3 0.845625 0.298333 0.00625 0.0166667 0.00109005
0 0.528125 0.271667 0.00625 0.0111111 0.00103664
7 0.7075 0.403056 0.00625 0.0177778 0.00103188
2 0.196875 0.409444 0.00875001 0.0377778 0.00102425
