0 0.17375 0.811111 0.141875 0.206667 0.956543
0 0.561875 0.468889 0.0525 0.0816666 0.947266
0 0.172344 0.655556 0.104375 0.128889 0.9375
0 0.0611719 0.598889 0.0801563 0.12 0.927734
0 0.128438 0.474444 0.0471875 0.0588889 0.922852
0 0.348125 0.492778 0.059375 0.0844445 0.921387
0 0.222188 0.445833 0.049375 0.0583333 0.912598
5 0.128672 0.382222 0.0385937 0.0477778 0.902832
0 0.33375 0.442222 0.0425 0.0577778 0.894043
0 0.44375 0.388611 0.03 0.0438889 0.889648
0 0.48125 0.337778 0.02 0.0288889 0.872559
0 0.249375 0.397222 0.033125 0.0422222 0.866211
0 0.333125 0.351667 0.0225 0.0322222 0.863281
0 0.294688 0.359444 0.0225 0.0288889 0.85791
0 0.470625 0.314722 0.014375 0.0205555 0.834473
2 0.206094 0.362778 0.0103125 0.02 0.816406
2 0.00440186 0.525 0.00880371 0.0422223 0.775879
0 0.7475 0.333611 0.0425 0.0238889 0.767578
0 0.0257227 0.448889 0.0258984 0.0277778 0.759277
7 0.925 0.456944 0.00499999 0.0155556 0.756348
6 0.63 0.3175 0.0175 0.0311111 0.753418
5 0.355625 0.298333 0.015 0.0277778 0.747559
2 0.665 0.324167 0.00999997 0.0266667 0.741699
0 0.247813 0.372778 0.0290625 0.0355555 0.737305
0 0.801875 0.332222 0.04 0.0233333 0.73584
7 0.234688 0.503056 0.00687499 0.0227778 0.732422
7 0.66625 0.465 0.00499999 0.0216667 0.72168
0 0.00431885 0.453611 0.0086377 0.0277778 0.710449
7 0.221563 0.518333 0.008125 0.0233333 0.673828
7 0.6775 0.479444 0.00749995 0.0244444 0.672363
7 0.0232813 0.528889 0.00507813 0.0166667 0.663574
0 0.4775 0.278889 0.00874999 0.0133334 0.658203
0 0.86 0.336111 0.0325 0.0216667 0.656738
0 0.373438 0.292778 0.0125 0.0133334 0.631836
0 0.863125 0.331389 0.03125 0.0216667 0.631836
0 0.4325 0.275833 0.00687501 0.01 0.616699
7 0.749375 0.416111 0.00500005 0.0172222 0.600098
0 0.403125 0.322222 0.01625 0.0233333 0.575684
7 0.74625 0.4 0.00500005 0.0144444 0.569824
0 0.9425 0.334167 0.025 0.0177778 0.565918
0 0.413438 0.312778 0.0125 0.0188889 0.550781
7 0.72375 0.400833 0.00499999 0.0172222 0.546875
7 0.72875 0.438333 0.00499999 0.02 0.520508
0 0.4025 0.2825 0.009375 0.0116667 0.480469
5 0.403125 0.32 0.0175 0.0277778 0.451416
7 0.73875 0.422778 0.00499999 0.02 0.403564
0 0.3875 0.307778 0.013125 0.0211111 0.378418
5 0.3875 0.319444 0.01375 0.0266667 0.366699
7 0.92375 0.465833 0.00499999 0.0166667 0.359375
0 0.2525 0.376389 0.030625 0.0311111 0.317383
7 0.68375 0.352778 0.00500005 0.0133333 0.312256
0 0.484688 0.261111 0.00625 0.0116667 0.294189
7 0.74375 0.42 0.00499999 0.0161111 0.267334
7 0.126094 0.420278 0.00375 0.0105555 0.262939
0 0.3875 0.320556 0.01375 0.0255555 0.252441
0 0.249063 0.384444 0.0315625 0.035 0.223999
7 0.145781 0.416667 0.00374999 0.0122222 0.223999
0 0.398125 0.282222 0.00750001 0.0111111 0.211426
5 0.4 0.318889 0.018125 0.0305556 0.191895
7 0.0464063 0.475556 0.00390625 0.0122222 0.178345
7 0.7375 0.4275 0.00499999 0.0188889 0.149048
0 0.386875 0.3 0.01125 0.0166667 0.147095
2 0.205938 0.359444 0.00874999 0.0227778 0.138428
0 0.25 0.366111 0.02625 0.0233333 0.136597
7 0.00896484 0.544583 0.00546875 0.0197223 0.135742
0 0.426875 0.2775 0.00625 0.0111111 0.125977
7 0.0640625 0.471667 0.004375 0.0133334 0.123352
2 0.215 0.365556 0.00625 0.0166667 0.107422
0 0.378438 0.288889 0.00750001 0.0122222 0.0997925
0 0.394375 0.296111 0.00750001 0.0133333 0.0980835
0 0.448438 0.266944 0.00562499 0.00833333 0.0953369
0 0.412188 0.2825 0.00874999 0.0122222 0.0869141
7 0.0492188 0.476667 0.00398438 0.0144444 0.0753174
0 0.9525 0.330278 0.03 0.0194444 0.0698242
0 0.413125 0.300556 0.010625 0.02 0.0685425
0 0.4325 0.272778 0.00625 0.00999999 0.0685425
0 0.369375 0.293889 0.01125 0.015 0.0682983
7 0.66625 0.352778 0.00499999 0.0111111 0.0616455
7 0.645 0.332778 0.00250003 0.00888889 0.0544128
7 0.7275 0.44 0.00500005 0.0188889 0.0514526
0 0.47625 0.264444 0.00625 0.0122222 0.0467224
0 0.749375 0.337778 0.04625 0.0255556 0.0455322
7 0.129375 0.412778 0.00375001 0.0133334 0.0453491
0 0.469688 0.268611 0.00625 0.00888889 0.0450134
0 0.00629395 0.451667 0.0125879 0.0277778 0.0427246
0 0.4875 0.266667 0.00625 0.01 0.037323
7 0.56625 0.317222 0.00374997 0.0111111 0.0372009
7 0.595 0.313889 0.00499999 0.0122222 0.0348816
3 0.81125 0.304722 0.00750001 0.02 0.0311432
7 0.149063 0.411111 0.00343749 0.00888889 0.0303345
0 0.445625 0.265 0.00499999 0.0111111 0.0280151
0 0.495 0.261667 0.00625 0.00888889 0.026062
0 0.755 0.335 0.0425 0.0233333 0.0254669
0 0.9425 0.338889 0.0275 0.0233333 0.0231476
0 0.4025 0.296111 0.01 0.0133333 0.0206451
0 0.41875 0.282778 0.00687501 0.0122222 0.0188751
7 0.224375 0.368333 0.00437501 0.0122222 0.0185394
2 0.76375 0.321111 0.0125 0.02 0.0181274
7 0.265313 0.349167 0.00437501 0.0105555 0.0161591
3 0.189688 0.37 0.00437501 0.02 0.0156708
3 0.70875 0.31 0.00500005 0.0188889 0.0140076
0 0.9675 0.336111 0.02 0.0155556 0.0134811
0 0.372188 0.297222 0.0125 0.0188889 0.0132751
0 0.965 0.344167 0.015 0.0216667 0.0132217
0 0.464375 0.275 0.00499999 0.01 0.0125732
7 0.75375 0.415556 0.00499999 0.0166667 0.0112457
7 0.65375 0.329444 0.00250003 0.0122222 0.0111618
7 0.274688 0.349722 0.00374997 0.0111111 0.0100555
0 0.420625 0.313333 0.011875 0.0144444 0.00985718
7 0.220625 0.507778 0.008125 0.0333333 0.00905609
7 0.735 0.430556 0.00499999 0.0177778 0.00891876
5 0.355625 0.293333 0.0125 0.0338889 0.00854492
0 0.98625 0.333333 0.00750001 0.0133333 0.00748825
0 0.00383301 0.405 0.00760742 0.0161111 0.00712204
0 0.96625 0.336944 0.015 0.015 0.0069046
2 0.185938 0.368889 0.010625 0.02 0.00664139
0 0.4125 0.27 0.00874999 0.00999999 0.00634003
1 0.360938 0.276944 0.074375 0.06 0.00619125
0 0.455625 0.262778 0.00375001 0.00777777 0.00602722
3 0.219688 0.36 0.00499999 0.0133334 0.0055542
2 0.208125 0.366667 0.0125 0.0211111 0.00540543
3 0.16375 0.373333 0.005 0.0211111 0.00519943
0 0.475938 0.2925 0.00812499 0.0161111 0.0051384
2 0.214375 0.354444 0.00562501 0.0188889 0.00479126
3 0.10625 0.3875 0.00546875 0.02 0.00479126
7 0.6725 0.473333 0.00750001 0.0233334 0.00479126
7 0.5725 0.318889 0.00625 0.0122222 0.00475693
2 0.00372559 0.511111 0.0071875 0.0466666 0.00446701
3 0.0301172 0.409722 0.00609375 0.0161111 0.00439835
0 0.465 0.264444 0.00375001 0.0105555 0.00436401
7 0.685625 0.315 0.00374997 0.00999999 0.00419998
0 0.53375 0.278056 0.00500002 0.00777777 0.00415039
0 0.126563 0.384444 0.04 0.0388889 0.0041008
2 0.7725 0.315278 0.0125 0.0194444 0.00407028
2 0.17625 0.368889 0.004375 0.0166667 0.00391388
0 0.93625 0.337222 0.0325 0.0177778 0.00365067
0 0.334375 0.338056 0.01875 0.0194444 0.00348282
3 0.16375 0.380556 0.004375 0.0233333 0.00345612
7 0.0353516 0.421111 0.00476563 0.0122222 0.00340271
0 0.515 0.261389 0.00375001 0.00611112 0.00337601
7 0.595625 0.301944 0.00437501 0.0161111 0.00319672
0 0.9075 0.336111 0.02125 0.0155556 0.00299263
0 0.257188 0.374167 0.033125 0.0311111 0.00275803
0 0.903125 0.334444 0.0175 0.0155555 0.0026722
2 0.8125 0.301389 0.00750001 0.0183333 0.00257111
2 0.8075 0.318333 0.02 0.0255556 0.00250244
2 0.758125 0.346389 0.0425 0.0272222 0.00247192
3 0.694375 0.447222 0.00999997 0.0711111 0.00243378
2 0.0261719 0.404444 0.00738281 0.0188889 0.00230598
0 0.525 0.262778 0.00375001 0.00999999 0.00226021
1 0.349297 0.271667 0.0901562 0.0727778 0.00222588
2 0.41125 0.322778 0.00999997 0.0194444 0.00216484
2 0.705625 0.31 0.00374997 0.0144444 0.00215721
0 0.33375 0.347222 0.02 0.0355555 0.00213242
2 0.0457813 0.400556 0.0084375 0.0205555 0.00201988
0 0.00368897 0.462778 0.00737793 0.0377778 0.00194168
0 0.293906 0.351667 0.0228125 0.0294444 0.00193405
7 0.0550781 0.472778 0.00382812 0.0133334 0.00192642
7 0.74875 0.763333 0.00625 0.0155555 0.00187492
0 0.96875 0.348333 0.025 0.0272222 0.00185299
0 0.423125 0.295 0.00874999 0.0133333 0.00176144
0 0.435938 0.263889 0.00437498 0.0105555 0.0016613
0 0.00335449 0.421389 0.00670898 0.0216667 0.00165462
7 0.115313 0.422778 0.0034375 0.0144444 0.0016489
3 0.265625 0.336944 0.004375 0.0161111 0.00163555
7 0.0633984 0.423333 0.00507813 0.0122222 0.00159168
7 0.115 0.440278 0.00375 0.015 0.0015192
3 0.545625 0.276944 0.00375004 0.00999999 0.0014782
3 0.686875 0.296389 0.00500005 0.015 0.00146675
7 0.660625 0.357222 0.00625 0.0155555 0.00146675
2 0.0137305 0.406667 0.00925781 0.0166667 0.00144386
2 0.04375 0.423889 0.0059375 0.0155555 0.00143242
1 0.345625 0.289444 0.01 0.0311111 0.00134563
2 0.287344 0.34 0.011875 0.0222222 0.00131989
0 0.347188 0.308889 0.00687501 0.0122222 0.00130463
7 0.613125 0.831111 0.00625 0.0133334 0.00130463
7 0.645 0.346111 0.00374997 0.00999999 0.00129986
7 0.645 0.317222 0.00374997 0.0133333 0.00128937
5 0.945 0.325 0.0275 0.0288889 0.00127411
3 0.590938 0.306111 0.00499999 0.0155555 0.00125504
7 0.6725 0.466389 0.00625 0.0283333 0.0012064
0 0.0243701 0.4375 0.0181348 0.025 0.00113773
0 0.529375 0.269167 0.00437501 0.0077778 0.00112057
0 0.239531 0.418889 0.02625 0.0577778 0.00109863
2 0.76625 0.301944 0.00750001 0.0188889 0.00109005
0 0.00572266 0.387222 0.0109766 0.0188889 0.00109005
3 0.268438 0.343889 0.00625 0.0188889 0.00109005
7 0.165781 0.418056 0.00375001 0.0127778 0.00106907
7 0.775625 0.352778 0.0125 0.0233333 0.00106525
3 0.22375 0.353333 0.004375 0.015 0.00101185
