0 0.318438 0.825556 0.141875 0.247778 0.958496
0 0.665625 0.872222 0.1425 0.253333 0.958008
0 0.71125 0.657778 0.1075 0.142222 0.95166
0 0.86125 0.905556 0.1925 0.186667 0.943848
0 0.394375 0.577222 0.0675 0.102222 0.941895
0 0.091875 0.958611 0.165 0.0827777 0.941895
0 0.48125 0.675556 0.08 0.151111 0.940918
0 0.652344 0.527778 0.0778125 0.11 0.9375
0 0.591563 0.637778 0.086875 0.135556 0.931641
0 0.561875 0.518611 0.06125 0.0916667 0.928711
0 0.469375 0.97 0.12625 0.06 0.92627
0 0.4825 0.511667 0.05375 0.0822222 0.911621
0 0.212969 0.423611 0.06 0.04 0.858887
0 0.87625 0.3575 0.0375 0.0311111 0.844727
0 0.211875 0.388889 0.04 0.0316666 0.844727
0 0.436875 0.349444 0.045 0.0322222 0.837402
7 0.235938 0.504722 0.0075 0.0244445 0.81543
5 0.0626172 0.447222 0.0541406 0.0511111 0.808105
0 0.66 0.312222 0.0375 0.02 0.804199
0 0.308438 0.338333 0.018125 0.0244444 0.804199
0 0.3425 0.332222 0.0175 0.0266667 0.79834
0 0.365 0.328611 0.0175 0.0244444 0.791992
0 0.0158398 0.450833 0.0268359 0.0233333 0.791992
0 0.0106543 0.464167 0.0211914 0.0277778 0.790527
3 0.368125 0.468611 0.0175 0.0633334 0.774414
7 0.222813 0.52 0.0078125 0.0244445 0.764648
0 0.486563 0.299444 0.01625 0.02 0.753418
0 0.3875 0.312222 0.015 0.02 0.744629
2 0.54125 0.317778 0.01625 0.0255555 0.741699
7 0.0248438 0.530833 0.00570313 0.0172223 0.737305
0 0.3275 0.332222 0.01625 0.0244444 0.73584
7 0.72375 0.401111 0.00499999 0.0177778 0.700684
0 0.843125 0.329167 0.0325 0.0227778 0.697754
0 0.40875 0.318611 0.01625 0.0227778 0.694336
7 0.6675 0.463333 0.00625 0.0216667 0.689453
0 0.411875 0.291667 0.01 0.0155556 0.65332
0 0.0784375 0.413333 0.0270313 0.0233333 0.65332
3 0.0583594 0.508889 0.0109375 0.0494445 0.615234
7 0.925 0.459444 0.00499999 0.0155555 0.592773
7 0.75 0.417222 0.00499999 0.0177778 0.548828
0 0.374375 0.296111 0.00749998 0.0122222 0.509766
7 0.738125 0.428333 0.00499999 0.0211111 0.476562
0 0.4725 0.273889 0.00749998 0.0133333 0.451416
0 0.387813 0.308889 0.0125 0.0172222 0.451416
7 0.73 0.439167 0.00499999 0.0188889 0.432129
0 0.483125 0.282222 0.00875003 0.0133333 0.430176
0 0.402813 0.2975 0.010625 0.0166667 0.420654
7 0.746875 0.399722 0.00499999 0.0161111 0.420654
0 0.37625 0.318333 0.0125 0.0211111 0.407227
0 0.35375 0.306944 0.01125 0.0144444 0.384033
0 0.0504688 0.439444 0.0289844 0.0288889 0.373779
0 0.365625 0.313611 0.0125 0.0155555 0.345215
7 0.684375 0.353333 0.00375004 0.0127778 0.339844
7 0.92375 0.466111 0.00499999 0.0166667 0.324219
0 0.355625 0.316667 0.011875 0.0166667 0.312256
0 0.394063 0.297222 0.00874999 0.0155556 0.310791
0 0.471875 0.272222 0.00749998 0.0111111 0.303223
0 0.36875 0.305556 0.009375 0.0155556 0.296631
7 0.635938 0.330556 0.00375004 0.0122222 0.294189
7 0.6775 0.478889 0.00749995 0.0233334 0.270508
0 0.357813 0.326111 0.014375 0.0222222 0.269043
0 0.382813 0.291944 0.00812502 0.0138889 0.264404
0 0.380313 0.288333 0.00750001 0.0122222 0.264404
0 0.446875 0.265556 0.00812502 0.0122222 0.253906
0 0.39125 0.307778 0.0125 0.0166667 0.246582
5 0.446875 0.265 0.00874999 0.0122222 0.221313
0 0.464063 0.283333 0.00812502 0.0144444 0.210815
0 0.345 0.315556 0.0125 0.0155555 0.200562
7 0.145625 0.420556 0.0034375 0.0122222 0.199341
0 0.43375 0.275278 0.00625 0.00999999 0.160278
7 0.126563 0.420556 0.0040625 0.00888889 0.15918
3 0.368125 0.464444 0.01375 0.06 0.151978
0 0.484688 0.2625 0.00562503 0.0111111 0.150513
0 0.0492578 0.451944 0.0273438 0.0327778 0.141724
0 0.429375 0.272778 0.00625 0.0105555 0.140381
7 0.0103687 0.543889 0.00648926 0.0211112 0.140381
0 0.461875 0.283333 0.00874999 0.0155556 0.136108
0 0.4275 0.278889 0.00750001 0.0122222 0.134277
2 0.59625 0.301111 0.00687497 0.0166667 0.13208
7 0.128672 0.415556 0.00375 0.0133334 0.113586
0 0.417813 0.285 0.01 0.0133333 0.110474
0 0.475625 0.262222 0.00625 0.00944446 0.10968
7 0.735 0.431667 0.00499999 0.0194444 0.104492
0 0.375 0.322222 0.01375 0.0222222 0.0900879
0 0.429375 0.348889 0.03125 0.0333333 0.0757446
0 0.409688 0.305556 0.011875 0.0122222 0.0618896
0 0.4875 0.268611 0.00749998 0.0105555 0.0548096
0 0.495625 0.261111 0.00499999 0.00777777 0.0534058
2 0.0563281 0.474167 0.00929687 0.0216667 0.0483093
7 0.72375 0.445556 0.00499999 0.0222222 0.0472412
0 0.4225 0.298889 0.00874999 0.02 0.0451965
0 0.363125 0.297222 0.00812499 0.01 0.0417786
2 0.5875 0.301111 0.01125 0.0172222 0.0417786
7 0.721875 0.448333 0.00750001 0.0216667 0.0390625
7 0.265469 0.365 0.003125 0.00944446 0.0360718
0 0.420625 0.306111 0.0125 0.0194444 0.0340881
3 0.06 0.504444 0.0117188 0.0533334 0.0340881
0 0.413125 0.282222 0.00874999 0.0122222 0.0328369
0 0.464375 0.288333 0.00875003 0.0161111 0.0296478
7 0.150078 0.411111 0.00359375 0.0127778 0.0269623
3 0.366563 0.477778 0.01375 0.07 0.0265503
7 0.67 0.343333 0.00250003 0.0133333 0.0235138
2 0.224063 0.366389 0.00562499 0.0127778 0.021286
0 0.0517969 0.432222 0.02875 0.0277778 0.0197144
0 0.996875 0.675 0.00624994 0.0677778 0.0194244
0 0.4425 0.342778 0.03625 0.0272222 0.0184021
0 0.0492871 0.446389 0.0298633 0.0316666 0.0182648
7 0.0514844 0.476667 0.0059375 0.0177778 0.0176392
2 0.583125 0.313611 0.00687504 0.0194444 0.0162811
0 0.06875 0.421667 0.0125 0.0255556 0.0162811
0 0.0776563 0.435833 0.025 0.0344445 0.016098
7 0.244844 0.366944 0.0028125 0.00833333 0.0156021
7 0.0445313 0.492222 0.00515625 0.0155555 0.0146179
7 0.751875 0.417778 0.00750001 0.0166667 0.0136337
0 0.849375 0.333333 0.0325 0.025 0.0132217
7 0.155234 0.416667 0.00328124 0.0133333 0.012291
0 0.075625 0.447222 0.0289063 0.0433333 0.0121002
0 0.3325 0.322778 0.01125 0.0211111 0.0115051
2 0.193438 0.382778 0.01125 0.0288889 0.0114212
2 0.591563 0.301667 0.0125 0.0166667 0.0112915
0 0.0585938 0.43 0.0249219 0.0244444 0.0112
2 0.544063 0.307222 0.016875 0.0211111 0.0107346
7 0.675 0.327778 0.00249996 0.0133333 0.0104904
7 0.169375 0.417222 0.00437501 0.0183333 0.00993347
0 0.455 0.263333 0.00374997 0.01 0.00985718
7 0.165938 0.421667 0.003125 0.0133333 0.00948334
7 0.575 0.329167 0.00375004 0.0122222 0.00945282
0 0.0667969 0.455278 0.0328125 0.0416667 0.00881195
0 0.355313 0.299444 0.009375 0.0133333 0.00757599
7 0.71 0.403611 0.00499999 0.0205556 0.00757599
7 0.154219 0.407778 0.00375001 0.0138889 0.00728989
7 0.864375 0.381111 0.00625 0.0177778 0.00725937
0 0.3025 0.338889 0.01875 0.0222222 0.00717545
0 0.0645313 0.436111 0.0317188 0.0333333 0.00679779
3 0.250625 0.338889 0.00375001 0.02 0.00638962
7 0.614375 0.331111 0.00375004 0.0111111 0.00559998
2 0.411875 0.330833 0.0125 0.0244444 0.00559998
7 0.92875 0.4525 0.00500005 0.0161111 0.00530243
7 0.275 0.350556 0.003125 0.00888889 0.00511932
0 0.845 0.338056 0.03375 0.0266667 0.00429916
0 0.44625 0.271667 0.00874999 0.0144444 0.00426483
7 0.654375 0.330278 0.00374997 0.0105556 0.00424957
7 0.145313 0.433889 0.005 0.0144444 0.00416565
0 0.0817969 0.416944 0.03375 0.0238889 0.00407028
7 0.7775 0.351944 0.00749995 0.0216667 0.00405502
7 0.255313 0.364722 0.00249999 0.00944446 0.00403976
7 0.66625 0.35 0.00374997 0.00888889 0.00399017
2 0.55375 0.299722 0.01125 0.0155555 0.00370789
3 0.549375 0.266944 0.00625 0.0166667 0.00358009
0 0.845 0.323333 0.0325 0.0211111 0.00307465
5 0.34875 0.293889 0.01375 0.0355555 0.00305176
7 0.0246875 0.534444 0.005625 0.0222222 0.00300407
7 0.105625 0.436111 0.00421875 0.0133333 0.00298119
2 0.953125 0.3925 0.00874996 0.03 0.00293541
7 0.591563 0.638889 0.084375 0.135556 0.00291252
7 0.655 0.35 0.00375004 0.01 0.00245285
2 0.0221924 0.403333 0.00866211 0.0188889 0.00223351
0 0.995625 0.682222 0.00874996 0.0866667 0.00220871
7 0.645 0.330833 0.00250003 0.00833333 0.00218201
7 0.0113892 0.542222 0.00780762 0.0177778 0.00218201
3 0.219375 0.357778 0.00718749 0.0144444 0.00216484
0 0.494375 0.274444 0.00687501 0.0133333 0.00214958
2 0.547188 0.316944 0.019375 0.0222222 0.00209045
0 0.4475 0.352222 0.03125 0.0355555 0.00209045
0 0.526875 0.262778 0.00499999 0.00999999 0.00208282
3 0.0561719 0.51 0.0158594 0.0544444 0.00205803
7 0.48125 0.676667 0.07875 0.151111 0.0019722
0 0.9875 0.332778 0.015 0.0166667 0.00194168
0 0.80875 0.332778 0.02625 0.0233333 0.00192642
0 0.435625 0.263611 0.00499999 0.0111111 0.00187492
7 0.235156 0.366111 0.003125 0.0111111 0.00179577
3 0.014502 0.463889 0.0238477 0.0255556 0.00176811
2 0.535938 0.317222 0.02625 0.0255556 0.0017271
7 0.0358203 0.526667 0.00460937 0.0133333 0.00171375
3 0.893125 0.383333 0.00499999 0.02 0.0016613
0 0.865 0.342222 0.02875 0.0288889 0.00165462
0 0.1875 0.431667 0.025625 0.0355555 0.00163555
0 0.99625 0.326667 0.00749995 0.025 0.00162315
7 0.0934375 0.435 0.0059375 0.0166667 0.00161648
2 0.192813 0.372778 0.00562499 0.02 0.00158501
3 0.254063 0.329167 0.00562499 0.0205555 0.00148392
2 0.216563 0.371667 0.013125 0.0211111 0.00147247
0 0.326563 0.3375 0.015625 0.0244444 0.00144958
3 0.270469 0.340556 0.00406249 0.0177778 0.00138283
7 0.394375 0.577222 0.0675 0.103333 0.00136185
5 0.348125 0.296944 0.01125 0.0261111 0.00135612
0 0.4125 0.273333 0.01125 0.0166667 0.00135612
2 0.41875 0.340833 0.02 0.0266667 0.0012846
7 0.145469 0.406944 0.00328124 0.0122222 0.0012846
3 0.365313 0.467222 0.024375 0.0633334 0.00127411
5 0.355938 0.286667 0.00875003 0.0211111 0.00126934
0 0.52875 0.267222 0.00500002 0.0111111 0.00126934
0 0.328125 0.321667 0.0125 0.02 0.00124454
2 0.878125 0.361667 0.03375 0.0311111 0.0011692
0 0.00337402 0.421389 0.00665039 0.0211111 0.00115108
7 0.565625 0.328056 0.00375004 0.0138889 0.0011425
0 0.194063 0.384167 0.0240625 0.0261111 0.00110722
0 0.31875 0.32 0.011875 0.0211111 0.00109863
3 0.170156 0.38 0.00656249 0.0216667 0.00107765
2 0.66375 0.301389 0.0175 0.0166667 0.00102425
2 0.5925 0.306111 0.01125 0.02 0.00102425
7 0.6575 0.473056 0.00999997 0.0322222 0.00102425
