0 0.88 0.731111 0.1275 0.18 0.951172
0 0.4575 0.946111 0.1475 0.107778 0.950195
0 0.119238 0.737778 0.115898 0.162222 0.948242
0 0.132344 0.53 0.0578125 0.0833333 0.932129
0 0.0226367 0.545556 0.0449609 0.0677778 0.924316
0 0.580625 0.614444 0.09 0.157778 0.918945
0 0.195 0.461667 0.0475 0.0588889 0.912598
0 0.539375 0.417222 0.041875 0.0694444 0.907227
0 0.480625 0.420556 0.03625 0.0555556 0.904785
0 0.239063 0.407778 0.030625 0.0377778 0.902832
0 0.279688 0.393056 0.034375 0.0483333 0.896973
0 0.520313 0.350556 0.0225 0.0322222 0.891602
0 0.137969 0.467222 0.049375 0.0566666 0.888184
5 0.482188 0.318889 0.021875 0.0566666 0.88623
0 0.451875 0.350556 0.02125 0.0322222 0.882324
0 0.506875 0.319444 0.01625 0.0227778 0.875
0 0.435 0.388889 0.02875 0.0433333 0.873047
0 0.340625 0.346111 0.02125 0.0266667 0.836426
0 0.306563 0.363333 0.03375 0.05 0.835449
0 0.72875 0.335278 0.0425 0.0272222 0.832031
5 0.295781 0.335 0.0296875 0.04 0.831055
5 0.385625 0.320278 0.01875 0.0305556 0.827637
0 0.080625 0.432222 0.0371875 0.0333333 0.820801
0 0.52125 0.309444 0.01375 0.0211111 0.819824
0 0.048916 0.447222 0.038418 0.0388889 0.792969
7 0.234688 0.503889 0.00687499 0.0222222 0.782715
0 0.36625 0.327222 0.01625 0.0211111 0.778809
7 0.666875 0.464444 0.00625 0.0233333 0.769043
0 0.464688 0.310556 0.01625 0.02 0.730957
0 0.405313 0.319444 0.014375 0.0211111 0.704102
7 0.749375 0.416389 0.00500005 0.0166667 0.699219
0 0.49375 0.3 0.01125 0.0194444 0.697754
2 0.580625 0.315 0.0143751 0.0222222 0.695801
0 0.0113867 0.461667 0.0226953 0.0277778 0.6875
0 0.52375 0.293056 0.0125 0.0172222 0.682617
0 0.35625 0.314444 0.0125 0.0188889 0.680664
0 0.347813 0.329444 0.01375 0.0211111 0.651367
0 0.325625 0.336111 0.0175 0.0255556 0.647949
7 0.925 0.457222 0.00499999 0.0155555 0.635254
7 0.6775 0.48 0.00749995 0.0255556 0.607422
0 0.32625 0.341944 0.0175 0.025 0.598145
7 0.745625 0.400556 0.00375004 0.0144444 0.581543
0 0.47125 0.278333 0.00874999 0.0177778 0.57959
0 0.413125 0.31 0.01125 0.0205556 0.567871
0 0.0157227 0.45 0.0258984 0.0244444 0.558105
0 0.3375 0.328889 0.01375 0.0222222 0.556641
7 0.72375 0.401111 0.00499999 0.0166667 0.498047
7 0.144844 0.416667 0.00406249 0.0122222 0.494141
0 0.00663086 0.403889 0.0131445 0.0255556 0.484375
0 0.295313 0.335556 0.029375 0.04 0.462891
0 0.012168 0.4525 0.0243359 0.0266667 0.422607
0 0.34625 0.314722 0.010625 0.0133333 0.411133
0 0.39625 0.295833 0.01 0.0127778 0.405518
0 0.468125 0.302778 0.01125 0.0222222 0.397949
7 0.125781 0.419444 0.0034375 0.00833333 0.397949
0 0.3725 0.314444 0.00874999 0.0183333 0.37207
7 0.923125 0.466667 0.00499999 0.0155556 0.363037
0 0.366875 0.314444 0.0125 0.0166667 0.355713
7 0.22125 0.517778 0.00843751 0.0233333 0.355713
0 0.4725 0.273333 0.00625 0.0127778 0.353027
2 0.163906 0.377222 0.00687501 0.025 0.334473
0 0.465 0.305556 0.015625 0.025 0.334473
5 0.4425 0.2625 0.00625 0.0116667 0.297363
7 0.73875 0.423889 0.00499999 0.0188889 0.291016
7 0.634375 0.329722 0.00375004 0.0116667 0.282959
0 0.370625 0.308611 0.01125 0.0144444 0.272705
0 0.48375 0.263333 0.00625 0.0122222 0.262939
0 0.40375 0.298333 0.00750001 0.0133334 0.262939
2 0.166563 0.374444 0.01 0.0233333 0.256836
0 0.0169727 0.446944 0.0275781 0.0322222 0.248657
7 0.72875 0.437778 0.00499999 0.02 0.240112
0 0.413125 0.3 0.01 0.0188889 0.233765
5 0.479688 0.312222 0.020625 0.0411111 0.194946
0 0.39125 0.314444 0.01375 0.0233333 0.190063
2 0.168594 0.373889 0.00843751 0.02 0.180664
0 0.316563 0.353333 0.01875 0.0344445 0.170532
7 0.72625 0.439444 0.00499999 0.0177778 0.164551
0 0.355313 0.310556 0.0125 0.0155556 0.151978
0 0.41375 0.276667 0.00750001 0.0111111 0.14563
7 0.0464453 0.473889 0.00390625 0.0122222 0.140381
5 0.486875 0.31 0.019375 0.0366667 0.122131
0 0.0661719 0.437222 0.0414063 0.03 0.121277
7 0.74375 0.419444 0.00499999 0.0166667 0.115967
0 0.387188 0.299444 0.00812499 0.0133333 0.106689
0 0.368438 0.325556 0.015625 0.0211111 0.0997925
0 0.419375 0.286111 0.00874999 0.0122222 0.0917358
0 0.0045752 0.41 0.00915039 0.0244445 0.0900879
0 0.475625 0.262222 0.00562499 0.00999999 0.0853882
3 0.0242578 0.468333 0.00503906 0.03 0.0794678
0 0.288438 0.374167 0.0246875 0.0338889 0.0758667
0 0.014668 0.438889 0.0236328 0.0266667 0.0754395
0 0.494375 0.261111 0.00625 0.00944443 0.0734253
7 0.0489453 0.477778 0.00398438 0.0144445 0.0685425
0 0.35125 0.326111 0.013125 0.0194444 0.0596619
7 0.676875 0.349722 0.00499999 0.0205556 0.0589905
7 0.736875 0.427778 0.00500005 0.0188889 0.0570679
0 0.421875 0.279444 0.00812502 0.00999999 0.0558167
7 0.205 0.383056 0.0034375 0.0105555 0.0535889
7 0.0550781 0.472222 0.00359375 0.00944446 0.0510864
2 0.6825 0.348889 0.00750001 0.0211111 0.0462036
0 0.374375 0.301111 0.009375 0.0144444 0.0413208
7 0.63625 0.316111 0.00499999 0.0122222 0.0399475
0 0.33875 0.321667 0.01125 0.0188889 0.0383301
7 0.0647656 0.473611 0.00375 0.00888892 0.0350037
2 0.618125 0.301389 0.00687497 0.0177778 0.0340881
0 0.436875 0.276944 0.00499999 0.00833333 0.0323486
0 0.303438 0.360556 0.030625 0.0377778 0.0317993
7 0.22125 0.508611 0.00687501 0.0261111 0.0306244
7 0.275625 0.352222 0.00406249 0.0122222 0.0305634
0 0.489063 0.267778 0.00437498 0.00888887 0.0303345
7 0.225313 0.365833 0.003125 0.00944443 0.0296478
2 0.172656 0.371667 0.0103125 0.0205556 0.0281067
0 0.422188 0.292222 0.00812499 0.0133333 0.0280151
3 0.81 0.300556 0.00749995 0.02 0.0269623
0 0.525938 0.283333 0.009375 0.015 0.0244293
0 0.405625 0.279167 0.00625 0.00888889 0.0241394
3 0.61875 0.294167 0.00625 0.0205556 0.0240479
2 0.621875 0.301389 0.01 0.0183333 0.0239563
3 0.69375 0.444722 0.01 0.0638889 0.0235138
7 0.234375 0.366667 0.003125 0.00722224 0.0227203
7 0.735 0.430556 0.00625 0.0177778 0.0222015
7 0.22 0.360556 0.00375001 0.0133333 0.0184784
0 0.469375 0.28 0.01 0.0138889 0.0164642
7 0.14875 0.413333 0.00375001 0.0116667 0.0141144
2 0.266563 0.348889 0.004375 0.0144444 0.014061
3 0.268125 0.345556 0.00562499 0.0211111 0.014061
2 0.574375 0.311111 0.0112501 0.0188889 0.0139542
7 0.645625 0.3175 0.00375004 0.0116667 0.0136871
0 0.175938 0.372222 0.0284375 0.0222222 0.0129242
2 0.58375 0.3125 0.01625 0.0211111 0.0129242
3 0.695625 0.443889 0.01 0.0683334 0.0127716
0 0.281875 0.384444 0.0321875 0.0422222 0.0120087
0 0.44875 0.266667 0.00499999 0.00944443 0.0106506
3 0.189844 0.371944 0.00374999 0.0194444 0.0105667
0 0.52125 0.305556 0.015 0.0255556 0.0100555
7 0.124922 0.408333 0.00359375 0.0144444 0.00963593
0 0.522813 0.3 0.01625 0.02 0.00905609
0 0.380313 0.29 0.00750001 0.0144444 0.00766754
0 0.509375 0.313333 0.02125 0.0277778 0.00734711
7 0.165781 0.418056 0.0034375 0.0127778 0.00709534
7 0.566875 0.317222 0.00562503 0.015 0.00706482
2 0.63625 0.302222 0.00499999 0.0177778 0.00701141
5 0.484375 0.320833 0.025 0.0388889 0.00671768
2 0.580625 0.319444 0.015 0.0255556 0.00661469
7 0.0757031 0.473056 0.00390625 0.0111111 0.00653839
0 0.0447266 0.428333 0.0217188 0.0211111 0.00638962
0 0.0667969 0.430278 0.0320312 0.0272222 0.00629044
0 0.0571484 0.435556 0.0319531 0.0288889 0.006073
7 0.59375 0.315 0.00499999 0.0133334 0.00598145
0 0.4125 0.272222 0.00874999 0.0122222 0.00593567
7 0.615 0.33 0.003125 0.0111111 0.00582123
7 0.7175 0.449444 0.00750001 0.0222222 0.00579834
2 0.77625 0.350556 0.00750001 0.0272222 0.00577545
5 0.406563 0.265 0.00687497 0.0144444 0.00564194
0 0.0860156 0.431667 0.0334375 0.0288889 0.00564194
3 0.709375 0.308889 0.00625 0.0183333 0.00526047
0 0.0156836 0.542222 0.0313672 0.06 0.00521851
2 0.0350781 0.423611 0.00789063 0.0155556 0.00519943
7 0.776875 0.350556 0.00874996 0.0216667 0.00518036
7 0.128594 0.414722 0.00453126 0.015 0.00498199
2 0.695 0.3475 0.00750001 0.0216667 0.00496292
2 0.690625 0.339444 0.0175 0.0277778 0.00468063
7 0.67 0.347222 0.00250003 0.0205555 0.00462723
7 0.0042334 0.490833 0.00540039 0.0172222 0.00432968
6 0.162656 0.37 0.021875 0.0211111 0.00429916
3 0.64875 0.311667 0.00499999 0.0177778 0.00413513
7 0.65375 0.318333 0.00374997 0.0116667 0.00407028
0 0.98625 0.333056 0.00750001 0.0133334 0.00397491
0 0.455 0.261667 0.00374997 0.00777777 0.0039444
7 0.670625 0.472778 0.00625 0.0244445 0.0039444
2 0.691875 0.335 0.01625 0.025 0.00378036
2 0.811875 0.299444 0.00875003 0.0188889 0.00370789
7 0.675 0.328889 0.00249996 0.0144444 0.00349617
3 0.25 0.338333 0.00374999 0.0188889 0.00348282
2 0.65625 0.298056 0.00499999 0.0138889 0.00324821
0 0.172813 0.377222 0.0225 0.0255556 0.00312424
0 0.00597656 0.395556 0.0119531 0.0277778 0.003088
2 0.0259375 0.4025 0.00738281 0.0177778 0.0029583
7 0.65375 0.327778 0.00374997 0.0122222 0.00284576
7 0.66625 0.353611 0.00499999 0.0122222 0.00283432
7 0.115625 0.439444 0.005 0.0183333 0.00275803
7 0.205 0.370556 0.003125 0.0122222 0.00263214
7 0.195313 0.383056 0.00374999 0.015 0.0026207
0 0.443125 0.272222 0.00750001 0.0133333 0.00257111
0 0.96625 0.346111 0.015 0.0211111 0.00255013
3 0.68625 0.296667 0.00499999 0.0138889 0.00253105
0 0.502813 0.258889 0.00625 0.00888889 0.00244331
7 0.928125 0.451944 0.00499999 0.0166667 0.00232315
2 0.0114551 0.422778 0.0160742 0.0166667 0.00212479
7 0.014668 0.486111 0.00527344 0.0222222 0.00212479
2 0.581563 0.308611 0.011875 0.0294444 0.00209045
7 0.124844 0.449444 0.011875 0.0338889 0.00201988
0 0.465 0.263611 0.00375001 0.00999999 0.00201035
0 0.965 0.335278 0.01125 0.0172222 0.00193405
0 0.495938 0.31 0.01 0.0311111 0.00192642
7 0.75375 0.416389 0.00499999 0.0172222 0.00183868
0 0.46125 0.284444 0.00999997 0.0144444 0.00172043
0 0.514375 0.261111 0.00374997 0.00777777 0.00171375
3 0.260625 0.352222 0.00687501 0.02 0.00168133
0 0.495313 0.2875 0.013125 0.0161111 0.00167465
7 0.145469 0.408333 0.00375001 0.0144444 0.00165462
0 0.0798047 0.425556 0.0378906 0.0333333 0.00164223
3 0.204219 0.353056 0.00374999 0.0161111 0.0015974
7 0.139219 0.423889 0.00718749 0.0194444 0.00159168
2 0.57875 0.306667 0.00999997 0.0255555 0.00154877
3 0.214063 0.353889 0.00374999 0.0177778 0.00153637
7 0.68625 0.315 0.00499999 0.00999999 0.00151253
3 0.865625 0.312222 0.00499999 0.0166667 0.00150108
7 0.645 0.331111 0.00250003 0.00999999 0.00146675
7 0.595625 0.301111 0.00499999 0.0144444 0.00143242
0 0.9725 0.336389 0.0225 0.0183333 0.00137234
2 0.182813 0.378611 0.0146875 0.025 0.00137234
0 0.42 0.310556 0.0125 0.0177778 0.00136662
7 0.6725 0.465833 0.00625 0.0277778 0.00135612
7 0.916875 0.470556 0.00499999 0.0166667 0.00135612
2 0.0651953 0.405833 0.00492188 0.015 0.00134563
7 0.16875 0.416111 0.0075 0.0211111 0.00127888
2 0.0248828 0.425 0.00820313 0.0188889 0.00127411
3 0.0247656 0.476944 0.00515625 0.035 0.00127411
2 0.115625 0.3825 0.0046875 0.0166667 0.00126457
3 0.115781 0.372778 0.00546875 0.0172222 0.00122547
0 0.6975 0.341111 0.02875 0.03 0.00121593
7 0.115781 0.421667 0.003125 0.00888889 0.00113392
0 0.95125 0.341111 0.015 0.0155556 0.00110722
0 0.9675 0.338889 0.01125 0.0155556 0.00107765
3 0.71625 0.298889 0.00499999 0.0155555 0.00104809
7 0.7175 0.447222 0.00499999 0.0244444 0.00103664
0 0.356875 0.281111 0.00687501 0.0177778 0.00100803
