0 0.315156 0.872778 0.139063 0.247778 0.958008
0 0.90875 0.775 0.135 0.184444 0.95459
0 0.480938 0.828889 0.10875 0.242222 0.941895
0 0.90125 0.951111 0.1575 0.0977778 0.941406
0 0.2325 0.584444 0.08125 0.0977778 0.93457
0 0.69625 0.621111 0.0975 0.126667 0.925781
0 0.558438 0.502222 0.056875 0.0833333 0.916016
0 0.595 0.434167 0.04375 0.0616667 0.896973
0 0.668125 0.878889 0.1575 0.237778 0.888184
0 0.42125 0.451667 0.04375 0.0666667 0.884277
0 0.48125 0.412778 0.03375 0.05 0.856934
0 0.545313 0.346111 0.025625 0.0344445 0.855957
0 0.72125 0.325556 0.0375 0.025 0.845703
0 0.479063 0.3325 0.018125 0.0255556 0.84375
0 0.6825 0.313056 0.035 0.02 0.841797
0 0.0503906 0.440556 0.0319531 0.03 0.837402
0 0.33875 0.349444 0.024375 0.0288889 0.836426
0 0.519375 0.379444 0.03 0.0411111 0.82666
0 0.540625 0.301667 0.02 0.0177778 0.819824
7 0.235625 0.504722 0.0075 0.0255555 0.817383
0 0.322422 0.348333 0.0201563 0.0266667 0.801758
0 0.44375 0.342778 0.02 0.03 0.800781
0 0.306719 0.339444 0.0171875 0.0233333 0.788086
0 0.385 0.327222 0.0175 0.0222222 0.766113
7 0.73 0.439444 0.00499999 0.0183333 0.749023
0 0.21625 0.414444 0.0275 0.0333333 0.744629
0 0.414375 0.314444 0.0125 0.0177778 0.730957
0 0.235 0.382778 0.02625 0.0266667 0.713867
0 0.405 0.321389 0.015 0.0222222 0.710449
7 0.75 0.414722 0.00499999 0.0177778 0.689453
0 0.34875 0.326111 0.018125 0.0294444 0.686035
7 0.72375 0.400556 0.00499999 0.0166667 0.668945
0 0.369688 0.324444 0.01375 0.0216667 0.660156
7 0.222188 0.518333 0.00718751 0.0244444 0.65332
7 0.6675 0.465 0.00625 0.0222222 0.62793
7 0.0247266 0.531667 0.005625 0.02 0.625977
0 0.364375 0.314444 0.01125 0.02 0.577637
2 0.162148 0.398889 0.0113281 0.0288889 0.523438
0 0.371875 0.3 0.00874999 0.0133333 0.511719
3 0.0410156 0.51 0.00953125 0.0455556 0.505859
7 0.73875 0.426389 0.00499999 0.0211111 0.481445
0 0.321563 0.325556 0.013125 0.0155555 0.464844
0 0.4125 0.295 0.00874999 0.0133333 0.457031
0 0.334375 0.330833 0.014375 0.0233333 0.449463
0 0.225313 0.400556 0.02625 0.0255556 0.449463
0 0.3725 0.303333 0.009375 0.0144444 0.437744
7 0.746875 0.400556 0.00499999 0.0166667 0.430176
0 0.39625 0.301111 0.01125 0.0166667 0.414795
0 0.384688 0.312778 0.01375 0.0177778 0.390381
0 0.319375 0.327222 0.014375 0.0177778 0.383057
7 0.678125 0.481111 0.00750001 0.025 0.383057
2 0.225313 0.357778 0.009375 0.0211111 0.368408
0 0.435 0.275 0.00625 0.01 0.364746
0 0.407813 0.298333 0.00874999 0.0155555 0.363037
0 0.384063 0.295 0.009375 0.0133333 0.334473
0 0.393125 0.305278 0.009375 0.0161111 0.323486
0 0.395 0.308611 0.01125 0.015 0.246582
2 0.0410938 0.508056 0.0108594 0.0472222 0.203735
0 0.411875 0.303333 0.01 0.0144444 0.203125
0 0.484688 0.264444 0.00625 0.0111111 0.200562
0 0.049209 0.435556 0.0306445 0.0238889 0.193115
0 0.220313 0.408611 0.036875 0.0405555 0.191284
2 0.224844 0.360278 0.0075 0.0233333 0.182373
7 0.204375 0.385 0.00406249 0.00944446 0.176636
0 0.375625 0.315 0.0125 0.0177778 0.174927
0 0.419375 0.285 0.00749998 0.0133333 0.17334
7 0.126406 0.422778 0.004375 0.0111111 0.151489
0 0.4275 0.280556 0.00874999 0.0122222 0.147583
7 0.634375 0.328889 0.00375004 0.0122222 0.140381
3 0.7025 0.368889 0.00999997 0.0411111 0.134766
7 0.145234 0.420556 0.00296876 0.00888889 0.125977
0 0.47625 0.26 0.00562499 0.00888889 0.124207
2 0.701875 0.364167 0.01125 0.0411111 0.124207
3 0.70375 0.371389 0.00875003 0.0444444 0.122925
0 0.429375 0.272778 0.00625 0.0105555 0.11084
0 0.495 0.263889 0.00625 0.0105555 0.106689
0 0.4875 0.266111 0.00625 0.01 0.0991211
0 0.413125 0.281111 0.00812502 0.0105555 0.0960083
0 0.40375 0.281111 0.00750001 0.00999999 0.0939941
2 0.0629688 0.426111 0.0059375 0.0166667 0.0739746
0 0.4225 0.295 0.00874999 0.0166667 0.0726318
7 0.7375 0.426389 0.00625 0.02 0.0678101
3 0.220938 0.355556 0.004375 0.0177778 0.0670776
7 0.0545313 0.473889 0.00460938 0.0127778 0.0648804
2 0.156875 0.373333 0.011875 0.0244444 0.0637207
2 0.162539 0.372222 0.00867189 0.0233333 0.0605164
7 0.669375 0.341667 0.00374997 0.0116667 0.0596619
7 0.0107813 0.543889 0.00607422 0.0211112 0.0587769
2 0.161914 0.386111 0.0117969 0.0183333 0.0562439
0 0.420313 0.309444 0.01125 0.0166667 0.0560303
2 0.6975 0.363889 0.015 0.0411111 0.0535889
0 0.449063 0.268333 0.00500002 0.00777777 0.0463867
0 0.335625 0.320556 0.01125 0.0166667 0.0432129
0 0.380625 0.288889 0.00749998 0.0122222 0.0420227
7 0.655 0.326944 0.00249996 0.0122222 0.0419312
0 0.171406 0.382778 0.035625 0.0261111 0.0419312
0 0.526875 0.275556 0.00625 0.00999999 0.0384521
3 0.190313 0.375 0.005 0.025 0.0352783
7 0.0650781 0.475 0.00359375 0.0133333 0.033844
2 0.159531 0.379167 0.0146875 0.0188889 0.0287628
0 0.350625 0.310556 0.0125 0.0166667 0.0284424
0 0.464375 0.275556 0.00499999 0.00888889 0.0248871
0 0.533125 0.2775 0.00625003 0.00999999 0.0227966
3 0.580625 0.286111 0.00625 0.0166667 0.0207214
3 0.152656 0.376389 0.0078125 0.0222222 0.0205688
2 0.161211 0.402222 0.0138281 0.0255556 0.0201721
0 0.884375 0.991111 0.0775 0.0155556 0.0193481
0 0.388125 0.325 0.01625 0.0233333 0.0188293
7 0.74375 0.422778 0.00499999 0.0177778 0.0185394
3 0.70875 0.377222 0.00749995 0.0444444 0.0185394
0 0.23375 0.388611 0.03 0.035 0.0166626
3 0.7 0.3675 0.01 0.04 0.016098
7 0.156328 0.415556 0.00390625 0.0127778 0.0151901
7 0.615 0.330278 0.00374997 0.00999999 0.0150757
7 0.70875 0.399444 0.00500005 0.0283333 0.0150146
0 0.364375 0.3 0.00874999 0.0111111 0.0136337
0 0.168125 0.378889 0.026875 0.0222222 0.01297
7 0.195 0.383333 0.00374999 0.0144444 0.012825
7 0.15 0.410556 0.003125 0.0122222 0.0126266
0 0.469375 0.27 0.00625 0.00999999 0.0123367
7 0.6675 0.471389 0.00499999 0.025 0.0118713
3 0.778125 0.348333 0.00625 0.0266667 0.0114212
3 0.0240625 0.438333 0.00578125 0.0233333 0.0113754
7 0.65375 0.318889 0.00374997 0.0127778 0.0112457
0 0.236875 0.378889 0.01875 0.0266667 0.0110703
0 0.224688 0.391389 0.0221875 0.0255556 0.0108185
2 0.163906 0.399722 0.0165625 0.0305556 0.0103683
7 0.7325 0.435556 0.00499999 0.0177778 0.0102081
3 0.582813 0.290556 0.00625 0.0183333 0.00948334
7 0.0117969 0.541111 0.00703125 0.0166667 0.00945282
0 0.533125 0.335 0.025 0.0311111 0.00854492
0 0.535 0.341111 0.02625 0.0344445 0.00818634
7 0.0489063 0.480556 0.00765625 0.0177778 0.00703812
7 0.66625 0.353333 0.00499999 0.0127778 0.00674438
3 0.81125 0.302222 0.00499999 0.0188889 0.00669098
7 0.904375 0.616667 0.00625 0.02 0.005867
3 0.250469 0.339444 0.0034375 0.0188889 0.00577545
7 0.630938 0.336111 0.003125 0.0122222 0.00547028
7 0.655625 0.362778 0.00374997 0.0122222 0.00530243
7 0.751875 0.415556 0.00750001 0.0166667 0.00519943
7 0.265 0.352222 0.00375001 0.0116667 0.00518036
0 0.00341797 0.416667 0.00683594 0.0188889 0.00484848
2 0.86625 0.299722 0.00500005 0.0127778 0.00460815
0 0.4125 0.271667 0.00874999 0.0111111 0.00460815
2 0.5825 0.284444 0.00625 0.0155555 0.00446701
3 0.698125 0.37 0.00999997 0.0411111 0.00438309
0 0.54 0.305278 0.02 0.0233333 0.00432968
0 0.5025 0.260278 0.00625 0.00999999 0.00421524
0 0.394688 0.281111 0.00500002 0.00999999 0.0039444
0 0.465625 0.265 0.00375001 0.0116666 0.00385475
7 0.635938 0.32 0.00375004 0.0155555 0.00383949
7 0.726875 0.442222 0.00499999 0.0188889 0.00359344
0 0.1675 0.374167 0.0303125 0.025 0.00351143
2 0.165313 0.416111 0.00562501 0.0188889 0.00351143
0 0.515938 0.276667 0.00562503 0.00888889 0.00349617
7 0.721875 0.450556 0.00750001 0.0211111 0.00342941
2 0.56375 0.294444 0.00687497 0.0144444 0.00321007
7 0.265625 0.365 0.00343752 0.00888889 0.00314713
0 0.302969 0.338889 0.0175 0.0222222 0.00312424
0 0.693125 0.328611 0.0137499 0.0244444 0.00312424
0 0.529063 0.271944 0.00750001 0.0116666 0.00290108
3 0.68375 0.348889 0.00500005 0.0205556 0.0026722
3 0.776875 0.352222 0.00874996 0.0322222 0.00265312
0 0.324375 0.319167 0.011875 0.0133334 0.00245285
3 0.0417969 0.518889 0.0113281 0.0666667 0.00228691
3 0.875 0.314722 0.00375004 0.0155556 0.00217438
3 0.214531 0.366111 0.0034375 0.02 0.00213242
0 0.414688 0.321667 0.0125 0.0211111 0.00205803
7 0.221563 0.504444 0.011875 0.0316667 0.00198746
7 0.14375 0.434167 0.0059375 0.015 0.00197983
7 0.683125 0.361389 0.00499999 0.0183333 0.00193405
0 0.196563 0.405556 0.05125 0.0444444 0.00191212
2 0.22875 0.357222 0.015 0.02 0.00190449
3 0.215469 0.355556 0.00375001 0.0222223 0.00182438
7 0.26 0.356389 0.00562499 0.0161111 0.00176811
0 0.184531 0.372222 0.0128125 0.0233333 0.00168705
3 0.192656 0.373333 0.0059375 0.0216667 0.00168705
0 0.0551563 0.428333 0.0207813 0.02 0.00168133
7 0.7075 0.398889 0.00499999 0.02 0.00163555
0 0.444375 0.273056 0.00625 0.0122222 0.00162315
0 0.484375 0.243333 0.00500002 0.0122222 0.00161076
0 0.538125 0.2925 0.01375 0.0194444 0.00161076
7 0.276094 0.350278 0.00437501 0.00944446 0.00156116
3 0.6875 0.33 0.01 0.0266667 0.00151253
7 0.75375 0.435556 0.00499999 0.0155555 0.00151253
7 0.128828 0.414444 0.00578125 0.0155556 0.00149536
0 0.514375 0.291111 0.00875003 0.0144444 0.00148392
3 0.86625 0.310833 0.00500005 0.0155555 0.00148392
7 0.0143945 0.489444 0.004375 0.0122222 0.00145531
0 0.971875 0.361667 0.04125 0.0255556 0.00136185
3 0.8675 0.302778 0.00750001 0.0183333 0.00124931
3 0.0348828 0.403333 0.005 0.0177778 0.00124454
0 0.167969 0.397222 0.0246875 0.0294445 0.00118828
3 0.254531 0.331111 0.00562499 0.02 0.00114727
0 0.454688 0.263333 0.00437498 0.00944443 0.00112438
7 0.696875 0.618889 0.0925 0.122222 0.00109482
7 0.60625 0.33 0.00375004 0.0122222 0.00109005
7 0.225625 0.542222 0.015625 0.0333333 0.00108147
7 0.565 0.315 0.00500005 0.0122222 0.00106525
3 0.341563 0.360556 0.031875 0.0466667 0.00102043
7 0.925 0.457222 0.00499999 0.0222222 0.00100803
