0 0.643125 0.834445 0.13875 0.266667 0.958496
0 0.811875 0.814444 0.165 0.278889 0.958008
0 0.317188 0.813889 0.120625 0.211111 0.95752
0 0.46875 0.812222 0.1025 0.232222 0.955078
0 0.58875 0.593472 0.09 0.1575 0.951172
0 0.693125 0.61 0.1 0.135556 0.94043
0 0.260938 0.646667 0.096875 0.144444 0.94043
0 0.495 0.595 0.07 0.124444 0.938477
5 0.127813 0.873333 0.1625 0.251111 0.938477
0 0.374063 0.615556 0.0725 0.117778 0.936523
0 0.175664 0.659445 0.0967969 0.121111 0.931641
0 0.0401563 0.592778 0.0697656 0.0933333 0.927246
5 0.484063 0.31 0.023125 0.0466667 0.898438
0 0.24375 0.395833 0.04875 0.035 0.888672
0 0.152188 0.415556 0.044375 0.035 0.874023
0 0.4425 0.338333 0.0325 0.0322222 0.852051
0 0.0179883 0.466667 0.0333203 0.0311111 0.845703
0 0.34375 0.332778 0.0175 0.02 0.836426
0 0.7325 0.33 0.04125 0.0288889 0.832031
0 0.362188 0.330556 0.016875 0.0205555 0.831055
0 0.81125 0.33 0.03375 0.0272222 0.823242
0 0.53125 0.298056 0.01625 0.0166667 0.809082
0 0.23625 0.357778 0.029375 0.0244444 0.808105
7 0.234688 0.504444 0.00687499 0.0222222 0.808105
2 0.0241016 0.510556 0.0167969 0.0388889 0.795898
0 0.42625 0.334722 0.026875 0.0261111 0.794434
0 0.384688 0.323889 0.016875 0.0233333 0.790527
7 0.66625 0.465 0.00625 0.0222222 0.760742
0 0.103125 0.396667 0.0271875 0.0344445 0.751953
0 0.7925 0.321111 0.03 0.0266667 0.732422
3 0.9675 0.520556 0.0125 0.0766667 0.728027
0 0.00800781 0.448333 0.015918 0.0322222 0.720215
0 0.405625 0.319444 0.01375 0.0222222 0.702637
2 0.584375 0.313889 0.015 0.02 0.662109
2 0.00356201 0.526111 0.00712402 0.0366666 0.658203
7 0.925625 0.457778 0.00374997 0.0138889 0.656738
7 0.75 0.415 0.00499999 0.0166667 0.651367
7 0.74625 0.4 0.00374997 0.0144444 0.592773
7 0.221563 0.518889 0.0075 0.0244445 0.592773
2 0.265313 0.350556 0.00562501 0.0155556 0.57373
7 0.72875 0.438333 0.00499999 0.0188889 0.562012
0 0.4625 0.304444 0.011875 0.0188889 0.560059
7 0.6775 0.48 0.00749995 0.0244445 0.560059
0 0.7575 0.321111 0.035 0.0244444 0.542969
0 0.48375 0.28 0.00874999 0.0122222 0.537109
0 0.37625 0.320556 0.013125 0.02 0.509766
0 0.461875 0.300556 0.01125 0.0238889 0.46875
7 0.72375 0.400556 0.00499999 0.0166667 0.460938
7 0.73875 0.423056 0.00499999 0.0194444 0.455078
5 0.365 0.306944 0.01375 0.0216667 0.453369
5 0.36375 0.303611 0.01375 0.0211111 0.383057
7 0.68375 0.353056 0.00374997 0.0127778 0.355713
7 0.92375 0.466111 0.00499999 0.0161111 0.341553
0 0.354688 0.304444 0.01125 0.0155555 0.335449
0 0.74875 0.322778 0.0325 0.0244444 0.329346
0 0.386563 0.306389 0.010625 0.0155556 0.287842
7 0.125234 0.418889 0.0034375 0.0122222 0.27832
0 0.354375 0.313333 0.01125 0.0133333 0.262939
2 0.59875 0.313056 0.010625 0.0244444 0.245117
7 0.00995606 0.544444 0.00635742 0.0211111 0.237183
0 0.384375 0.321667 0.01375 0.0244444 0.229492
0 0.353125 0.303333 0.00874999 0.0177778 0.226807
2 0.6325 0.306667 0.0125 0.0144444 0.226074
2 0.635 0.323611 0.00499999 0.0205555 0.219971
0 0.341875 0.330556 0.01625 0.02 0.20752
7 0.0640625 0.472778 0.004375 0.0122222 0.184814
7 0.0493359 0.477222 0.00398438 0.0133334 0.178345
0 0.36625 0.305 0.0125 0.0194444 0.160767
7 0.7375 0.4275 0.00499999 0.0188889 0.158691
0 0.485625 0.258333 0.00499999 0.01 0.148071
0 0.375313 0.301111 0.00874999 0.0144444 0.133423
0 0.7625 0.322222 0.035 0.0261111 0.125977
7 0.743125 0.420556 0.00500005 0.0155555 0.125122
7 0.65375 0.327778 0.00374997 0.0111111 0.121277
5 0.495 0.264444 0.00750001 0.0144444 0.117554
0 0.43 0.336111 0.02375 0.0277778 0.112793
7 0.72625 0.44 0.00499999 0.0188889 0.10376
0 0.460938 0.290556 0.01 0.0144444 0.0997925
0 0.44375 0.264167 0.00500002 0.0105555 0.0900879
2 0.600313 0.312222 0.01 0.0255555 0.0809326
0 0.346563 0.318333 0.01125 0.0177778 0.0750122
0 0.405625 0.310556 0.011875 0.0166667 0.0705566
7 0.66875 0.343611 0.00249996 0.0133333 0.0675659
7 0.130078 0.411667 0.00390625 0.0222222 0.0623169
7 0.0466406 0.475278 0.004375 0.0133333 0.0592041
0 0.386875 0.301944 0.00874999 0.0161111 0.0526123
0 0.00368408 0.407778 0.00736816 0.0183333 0.0492249
0 0.448125 0.2675 0.00625 0.00777777 0.0435181
3 0.969375 0.516111 0.0137499 0.0766667 0.0374756
0 0.42125 0.310278 0.01 0.0166667 0.0367737
0 0.41875 0.283333 0.00749998 0.0133333 0.0359497
0 0.423125 0.333333 0.0275 0.0211111 0.0322266
0 0.493125 0.266667 0.00812499 0.0111111 0.0319824
7 0.6675 0.353333 0.00499999 0.0122222 0.0296478
0 0.339688 0.321111 0.01375 0.0188889 0.0259552
0 0.39375 0.311667 0.010625 0.0166667 0.0254669
0 0.231563 0.357778 0.026875 0.0205556 0.0252686
0 0.42125 0.278611 0.00874999 0.0122222 0.025177
2 0.581875 0.316944 0.01625 0.0155555 0.0244293
7 0.75375 0.414444 0.00499999 0.0155556 0.0241394
0 0.418438 0.277222 0.00812499 0.01 0.0207977
6 0.62875 0.307778 0.01875 0.0188889 0.0189819
0 0.416563 0.313889 0.013125 0.02 0.0182648
0 0.40375 0.301111 0.00874999 0.0155555 0.0158386
2 0.00619263 0.536111 0.0064624 0.0233333 0.0146713
2 0.585 0.308333 0.01375 0.0283333 0.0145035
7 0.221719 0.508333 0.0075 0.0266667 0.0140076
2 0.214688 0.366667 0.004375 0.0166667 0.0133743
0 0.00415772 0.417222 0.00831543 0.0205555 0.0130692
0 0.46375 0.277778 0.00625 0.00944443 0.0123825
7 0.9275 0.452222 0.00499999 0.0144444 0.0115509
0 0.379375 0.288889 0.00625 0.0111111 0.0113297
0 0.421875 0.3 0.00874999 0.0155556 0.0100098
2 0.61 0.308889 0.00750001 0.0177778 0.00993347
2 0.39 0.323333 0.0125 0.0211111 0.00923157
2 0.596875 0.305556 0.00625 0.0222222 0.00912476
3 0.189531 0.375556 0.004375 0.0194444 0.00912476
0 0.443125 0.273056 0.00625 0.0122222 0.00898743
3 0.293438 0.340278 0.00843748 0.0144444 0.00898743
0 0.43625 0.278333 0.00562503 0.00999999 0.00815582
7 0.735 0.431111 0.00499999 0.0177778 0.00796509
7 0.645625 0.346667 0.00375004 0.00944443 0.00769424
0 0.46 0.297778 0.01125 0.0172222 0.00743103
6 0.6275 0.302778 0.0125 0.0188889 0.00728989
7 0.615625 0.33 0.00375004 0.0105555 0.00701141
3 0.77625 0.346111 0.00750001 0.0288889 0.0069313
0 0.528438 0.27 0.00750001 0.00944446 0.00674438
2 0.266563 0.346944 0.00937502 0.0205556 0.00671768
7 0.115313 0.437222 0.0046875 0.0144444 0.00626373
0 0.98625 0.333333 0.00999997 0.0133333 0.00566483
0 0.5275 0.276944 0.00812499 0.0116667 0.00544739
0 0.392188 0.301111 0.009375 0.0172222 0.0053215
7 0.566875 0.317222 0.00499999 0.0122222 0.00511932
2 0.631875 0.303889 0.015 0.0188889 0.0050621
7 0.645 0.330556 0.00250003 0.00888889 0.0049057
7 0.285 0.349444 0.00375001 0.0105555 0.00484848
7 0.65375 0.317778 0.00250003 0.00999999 0.00432968
0 0.761875 0.315 0.03125 0.0244445 0.00424957
0 0.0109961 0.405556 0.0117578 0.0177778 0.0041008
0 0.7325 0.325 0.04 0.0244444 0.00407028
3 0.778125 0.347778 0.00625 0.0277778 0.00403976
3 0.164375 0.38 0.005 0.02 0.00391388
0 0.465 0.264444 0.00375001 0.0105555 0.00367928
0 0.81 0.323889 0.0325 0.0238889 0.00352478
3 0.0204297 0.437222 0.0114063 0.0177778 0.00337601
2 0.0360352 0.403889 0.00746094 0.0166667 0.00336266
3 0.68625 0.295 0.00499999 0.0166667 0.00327301
7 0.205 0.382778 0.00374999 0.00999999 0.00322342
0 0.416875 0.299444 0.00750001 0.0155556 0.00314713
7 0.685625 0.314444 0.00374997 0.0111111 0.00307465
7 0.115469 0.42 0.003125 0.00777777 0.00307465
5 0.620625 0.308889 0.038125 0.0233333 0.00301552
3 0.545 0.275556 0.00374997 0.0111111 0.0028553
0 0.966875 0.345556 0.01875 0.0211111 0.00284576
2 0.0214453 0.505278 0.0213281 0.0422222 0.00284576
0 0.9675 0.338333 0.0125 0.0155556 0.00281143
2 0.69375 0.333889 0.0125 0.0277778 0.00275803
0 0.96625 0.335833 0.0125 0.0166667 0.00275803
3 0.0294922 0.409444 0.00625 0.0166667 0.00269318
0 0.455 0.261944 0.00374997 0.00833333 0.00263214
7 0.275313 0.351667 0.00375001 0.0122222 0.00263214
7 0.67125 0.473056 0.00749995 0.025 0.0024929
0 0.47625 0.26 0.00499999 0.00777777 0.00239754
0 0.9725 0.336667 0.025 0.0177778 0.00239754
7 0.194688 0.383889 0.00375001 0.0133333 0.00230598
0 0.81625 0.332778 0.0425001 0.0255556 0.00225258
2 0.18625 0.38 0.008125 0.0244444 0.00222588
7 0.6725 0.466111 0.00625 0.0277778 0.00220871
2 0.628125 0.325 0.00750001 0.0188889 0.00215721
7 0.0550781 0.471667 0.00390625 0.0133334 0.00209999
2 0.771875 0.336111 0.0175 0.02 0.0020752
0 0.00878418 0.430556 0.0166504 0.0294445 0.00198746
3 0.865625 0.314444 0.00499999 0.0166667 0.00195694
0 0.515 0.261389 0.00375001 0.00666668 0.00194168
3 0.54875 0.269444 0.00625 0.0155556 0.00190449
3 0.69375 0.447778 0.00874996 0.0633334 0.00185299
7 0.253125 0.491944 0.00625 0.0177778 0.00183868
0 0.79375 0.329167 0.03 0.0261111 0.00182438
0 0.329375 0.331667 0.0125 0.0183333 0.0018177
2 0.0034375 0.497222 0.00655274 0.0377778 0.00179577
7 0.0112891 0.542222 0.00867188 0.0177778 0.0017004
0 0.534688 0.278333 0.00562499 0.00999999 0.0016613
0 0.00822754 0.416111 0.0145605 0.0283333 0.00161648
7 0.56625 0.327222 0.00499999 0.0127778 0.0015974
2 0.0262891 0.404444 0.00585938 0.0183333 0.00157928
7 0.494688 0.596111 0.07 0.122222 0.00147247
0 0.259063 0.351667 0.010625 0.0188889 0.00146103
7 0.665 0.312778 0.00250003 0.0111111 0.00145531
0 0.333125 0.333333 0.0125 0.0183333 0.00143242
7 0.91625 0.471111 0.00500005 0.0155555 0.0014267
2 0.765 0.305 0.0125 0.0233333 0.00141048
2 0.0366992 0.4225 0.00730469 0.015 0.00139427
3 0.695 0.448056 0.00999997 0.0727778 0.00137806
3 0.164219 0.373056 0.004375 0.0205556 0.00137234
0 0.435625 0.261667 0.00375001 0.00888889 0.00134563
7 0.175625 0.66 0.095 0.12 0.00126457
3 0.9675 0.543194 0.00999997 0.100278 0.0011692
0 0.791875 0.316111 0.02875 0.0255556 0.0011692
0 0.477813 0.282222 0.00812499 0.0144444 0.00116062
3 0.968125 0.498889 0.01125 0.0655555 0.00116062
2 0.293438 0.342222 0.00750001 0.0177778 0.00110722
2 0.575625 0.310556 0.01875 0.0233333 0.00109863
0 0.405625 0.279167 0.00562499 0.00833333 0.00104809
3 0.629375 0.33 0.00625 0.0261111 0.00103664
7 0.67625 0.315556 0.00374997 0.0111111 0.00101662
2 0.26625 0.342778 0.00625 0.0266667 0.00101662
0 0.81 0.336111 0.035 0.03 0.00100803
