0 0.125625 0.911111 0.1625 0.176667 0.954102
0 0.274219 0.625556 0.100938 0.128889 0.944824
0 0.137832 0.726667 0.129648 0.162222 0.942871
0 0.358438 0.67 0.090625 0.14 0.939453
0 0.0204688 0.947778 0.0409375 0.102222 0.93457
0 0.625 0.4975 0.06375 0.0838889 0.930176
0 0.0848633 0.591111 0.0743359 0.0977778 0.928223
0 0.229688 0.581667 0.086875 0.0955556 0.923828
0 0.48 0.478889 0.0525 0.0833333 0.91748
0 0.70875 0.962778 0.14625 0.0733333 0.91748
0 0.479688 0.391944 0.029375 0.0438889 0.884766
0 0.526563 0.378889 0.026875 0.0388889 0.856934
0 0.0810938 0.436111 0.0353125 0.03 0.849121
7 0.235938 0.504167 0.00687499 0.0233333 0.848145
0 0.638125 0.311667 0.0325 0.02 0.844727
0 0.443125 0.33 0.01625 0.0233333 0.831055
0 0.475938 0.323056 0.0175 0.0277778 0.82666
0 0.51875 0.335 0.02125 0.03 0.812988
0 0.353125 0.336667 0.018125 0.0233333 0.806641
0 0.498125 0.3 0.01125 0.0188889 0.801758
0 0.0515723 0.440556 0.0293555 0.03 0.79834
2 0.0178882 0.503333 0.0191455 0.0333333 0.79834
0 0.513125 0.318056 0.01625 0.0255556 0.794434
0 0.0164844 0.451111 0.0300781 0.0283333 0.790527
0 0.561875 0.303056 0.025 0.0194444 0.78125
0 0.455625 0.308889 0.01375 0.0177778 0.779785
0 0.490625 0.988333 0.11875 0.0211112 0.775879
0 0.341875 0.326667 0.015 0.0194444 0.760742
0 0.40625 0.321667 0.015 0.0233333 0.759277
0 0.47625 0.296667 0.01 0.02 0.753418
7 0.72875 0.44 0.00499999 0.02 0.740234
0 0.265313 0.409444 0.0365625 0.0433333 0.729492
3 0.257812 0.473889 0.0115625 0.0633333 0.712402
7 0.6675 0.464722 0.00625 0.0222222 0.705566
0 0.723125 0.323333 0.03625 0.0255555 0.704102
7 0.024707 0.53 0.00554687 0.0188889 0.702637
0 0.74375 0.335 0.0425 0.0261111 0.699219
0 0.00899414 0.436667 0.0179297 0.0222222 0.695801
0 0.37375 0.295833 0.00874999 0.0133333 0.692871
7 0.222188 0.517222 0.0075 0.0233333 0.677246
0 0.00623535 0.462778 0.012373 0.0366667 0.668945
7 0.75 0.415556 0.00499999 0.0177778 0.662109
0 0.46125 0.292222 0.00875003 0.0144444 0.624512
2 0.202188 0.380556 0.00874999 0.0261111 0.616699
7 0.72375 0.400556 0.00499999 0.0177778 0.609375
0 0.370625 0.316111 0.0125 0.0222222 0.558105
7 0.67875 0.479444 0.00750001 0.0244444 0.548828
7 0.74625 0.4 0.00500005 0.0172222 0.529297
0 0.266875 0.378333 0.028125 0.0333333 0.511719
0 0.410625 0.293611 0.01125 0.0166667 0.509766
0 0.3875 0.323889 0.015625 0.02 0.484375
0 0.403125 0.281111 0.00874999 0.0111111 0.46875
0 0.4125 0.313889 0.01375 0.0188889 0.46875
0 0.284688 0.362222 0.033125 0.03 0.466797
0 0.482188 0.281111 0.00750001 0.0138889 0.458984
0 0.3925 0.315833 0.01125 0.0183333 0.443604
0 0.368125 0.313333 0.01 0.0177778 0.439697
7 0.73875 0.424167 0.00499999 0.0216667 0.414795
0 0.00973145 0.441111 0.0193262 0.0283333 0.413086
0 0.495625 0.2775 0.00875003 0.0144444 0.373779
0 0.399063 0.300833 0.010625 0.0161111 0.359375
0 0.410313 0.3025 0.0125 0.0166667 0.312256
7 0.125938 0.421111 0.0040625 0.00999999 0.29248
5 0.284063 0.363056 0.033125 0.0316667 0.287842
0 0.461563 0.288333 0.00874999 0.0138889 0.283691
7 0.0102148 0.544444 0.00617188 0.02 0.27832
7 0.145938 0.419167 0.00406249 0.0116667 0.273682
0 0.466563 0.278333 0.00562499 0.0133333 0.270508
0 0.369688 0.307778 0.013125 0.0183333 0.237915
0 0.409688 0.296111 0.01125 0.0155555 0.230957
0 0.0788672 0.430833 0.0333594 0.025 0.216064
0 0.469375 0.273056 0.00687501 0.0116667 0.199951
7 0.0497266 0.48 0.00445313 0.0144444 0.174927
0 0.435 0.274444 0.00625 0.00888889 0.167236
7 0.0652344 0.471111 0.00390625 0.0144444 0.165039
0 0.394375 0.308611 0.01125 0.0166667 0.15564
0 0.495938 0.286389 0.01125 0.0166667 0.150024
0 0.49 0.272222 0.00750001 0.0111111 0.146118
7 0.635625 0.333056 0.00374997 0.00944446 0.14563
0 0.050791 0.435556 0.0295117 0.0255556 0.128052
0 0.458125 0.301667 0.0125 0.0188889 0.121277
7 0.75375 0.417222 0.00499999 0.0188889 0.116333
0 0.5275 0.278611 0.00874999 0.0122222 0.109314
7 0.7375 0.427222 0.00625 0.0211111 0.108948
5 0.275313 0.368889 0.03375 0.04 0.106689
0 0.483125 0.260833 0.00625 0.0133334 0.0980835
7 0.148594 0.413889 0.00375001 0.0133333 0.0903931
0 0.268125 0.369444 0.02875 0.03 0.0772095
0 0.44625 0.263889 0.00499999 0.01 0.0718384
0 0.475625 0.261667 0.00562499 0.00999999 0.0656128
0 0.44875 0.266667 0.00562503 0.0111111 0.064209
0 0.473438 0.278889 0.00625 0.0111111 0.0637207
7 0.7425 0.422778 0.00499999 0.0177778 0.0509033
0 0.418438 0.285556 0.00874999 0.0122222 0.0492249
2 0.69375 0.350833 0.01 0.0372222 0.0451965
0 0.4825 0.289167 0.00874999 0.0183333 0.0445251
0 0.475 0.3 0.0125 0.0166667 0.0445251
2 0.69625 0.338889 0.00749995 0.0277778 0.0414734
3 0.245938 0.355556 0.004375 0.0188889 0.0413208
0 0.44625 0.316667 0.01125 0.0155556 0.0408325
0 0.73875 0.325556 0.03375 0.0255556 0.0387573
0 0.0129102 0.436111 0.0247656 0.0244444 0.0383301
3 0.257813 0.483889 0.009375 0.0377778 0.0358887
0 0.498125 0.303889 0.01125 0.0222222 0.035675
7 0.12875 0.416111 0.004375 0.0155555 0.0322266
7 0.669375 0.342222 0.00374997 0.0133333 0.0318604
7 0.135625 0.434444 0.00468751 0.0122222 0.0305634
7 0.685 0.347778 0.00250003 0.0155555 0.0302124
0 0.36625 0.299444 0.00750001 0.0122222 0.0296478
7 0.7225 0.45 0.00625 0.0211111 0.0290833
3 0.256406 0.470278 0.015625 0.0655556 0.0270691
7 0.63 0.336667 0.00375004 0.0122222 0.0269623
0 0.494375 0.263333 0.00625 0.01 0.0259552
0 0.480313 0.99 0.098125 0.0177777 0.025177
0 0.423125 0.278333 0.00625 0.00888889 0.0240479
7 0.145781 0.409444 0.00374999 0.0155555 0.0224609
7 0.728125 0.443333 0.00750001 0.0233333 0.0224609
0 0.513125 0.321111 0.01875 0.0283333 0.0216217
0 0.350625 0.309444 0.011875 0.0177778 0.0212097
2 0.70125 0.303333 0.00999997 0.0211111 0.02034
0 0.504375 0.258889 0.00562499 0.00888889 0.0195007
0 0.7275 0.327222 0.0425001 0.03 0.0188293
7 0.0547656 0.470556 0.0059375 0.0227778 0.0183411
7 0.71 0.403333 0.00499999 0.0211111 0.0178528
7 0.22375 0.371389 0.00374999 0.0116667 0.0173798
7 0.0244141 0.535556 0.00511719 0.0211112 0.016098
0 0.49125 0.297778 0.01 0.0211111 0.0155411
0 0.75 0.332778 0.0425 0.0255556 0.0145569
0 0.0545996 0.430278 0.0304883 0.0233333 0.0131683
5 0.281406 0.368889 0.0384375 0.0411111 0.0121002
3 0.69125 0.346111 0.00750001 0.0311111 0.0116882
3 0.0258984 0.472778 0.00742188 0.0166667 0.0115051
3 0.19 0.377222 0.0046875 0.0255556 0.0107346
7 0.73375 0.435 0.00500005 0.0188889 0.0102921
0 0.51625 0.319444 0.02 0.0244444 0.0100937
0 0.0858594 0.434444 0.0334375 0.0255556 0.0100937
7 0.215625 0.4 0.0046875 0.0133333 0.00731659
2 0.200313 0.381667 0.0125 0.0255556 0.00709534
7 0.67625 0.317778 0.00374997 0.0155555 0.00698471
7 0.0316797 0.517222 0.00882813 0.0222222 0.00695801
2 0.194688 0.373889 0.0046875 0.0211111 0.0068779
0 0.280469 0.366111 0.034375 0.04 0.00612259
7 0.0760938 0.471111 0.004375 0.0122222 0.00605011
0 0.700625 0.302778 0.01375 0.0222222 0.00595856
0 0.371875 0.323889 0.015 0.02 0.00591278
0 0.0084961 0.43 0.0168359 0.0222222 0.00575256
7 0.126563 0.433889 0.00515625 0.0133333 0.00566483
0 0.524688 0.260556 0.00437501 0.01 0.00557709
7 0.229531 0.373333 0.00375001 0.0122222 0.00542831
3 0.245469 0.359444 0.00375001 0.0177778 0.00538635
0 0.412188 0.282778 0.009375 0.0133333 0.0053215
0 0.514688 0.261111 0.00500002 0.00777777 0.00494385
3 0.202188 0.388611 0.009375 0.0333333 0.00471878
3 0.86625 0.313056 0.00500005 0.0155555 0.00468063
7 0.675625 0.327222 0.00250003 0.0133333 0.00453949
0 0.490938 0.99 0.11875 0.02 0.00452042
0 0.484063 0.245694 0.00499999 0.00999999 0.00436401
0 0.378125 0.289167 0.00874999 0.0144444 0.00428009
7 0.670625 0.471111 0.00625 0.0277778 0.00415039
0 0.420625 0.309167 0.0125 0.0194444 0.0041008
0 0.454375 0.263056 0.00437501 0.00888889 0.00402451
3 0.249063 0.343333 0.00562499 0.0222222 0.00400543
7 0.139531 0.428611 0.00531249 0.015 0.00400543
0 0.351875 0.32 0.01125 0.0166667 0.00388527
7 0.68625 0.336667 0.00499999 0.02 0.00379562
0 0.36875 0.324444 0.0125 0.0183333 0.00376511
3 0.69375 0.358056 0.00874996 0.0422222 0.00365067
0 0.431563 0.271111 0.00687497 0.00999999 0.00365067
7 0.235313 0.367778 0.003125 0.00777777 0.00356483
2 0.753125 0.323611 0.0325 0.0233333 0.00332451
7 0.101641 0.440833 0.0128125 0.0211111 0.00328636
7 0.357188 0.671667 0.09 0.14 0.00322342
0 0.444063 0.272778 0.00562503 0.0122222 0.00309944
0 0.510625 0.269444 0.00812499 0.0133333 0.0030632
7 0.655 0.363333 0.00375004 0.0122222 0.00284576
7 0.0117773 0.543333 0.00740235 0.0188889 0.00282288
2 0.583125 0.283611 0.00750001 0.015 0.00271416
7 0.66625 0.315556 0.00499999 0.0133333 0.00271416
7 0.135391 0.420556 0.00343749 0.00888889 0.00269318
0 0.94 0.327778 0.03625 0.0311111 0.00253105
0 0.725 0.316944 0.04 0.03 0.00252151
0 0.0098291 0.459722 0.018916 0.0377778 0.00239754
0 0.179688 0.371111 0.02125 0.0227778 0.00235939
0 0.34625 0.319722 0.01 0.0155555 0.00214958
7 0.0460156 0.466667 0.008125 0.0333333 0.00211525
0 0.3875 0.33 0.01625 0.0255556 0.00208282
7 0.665625 0.352222 0.00375004 0.0116667 0.00204277
7 0.085 0.47 0.00437501 0.0144444 0.00198746
7 0.65375 0.330833 0.00499999 0.00999999 0.0019722
2 0.0801563 0.442222 0.0303125 0.0333333 0.0019722
7 0.67125 0.4675 0.00875003 0.0283333 0.00194168
7 0.68625 0.315556 0.00499999 0.0144444 0.00192642
2 0.170625 0.375556 0.009375 0.02 0.00192642
0 0.933125 0.327778 0.02875 0.0277778 0.00186062
0 0.423438 0.297222 0.009375 0.0188889 0.00181007
3 0.8675 0.31 0.00750001 0.0233333 0.00178242
0 0.945 0.328889 0.035 0.0361111 0.00174141
0 0.00672852 0.473333 0.0110352 0.0516667 0.0016613
7 0.143516 0.433611 0.00671875 0.0155555 0.0016489
3 0.257813 0.456111 0.0190625 0.0633334 0.0016489
7 0.221875 0.508611 0.00999999 0.0311111 0.00162315
0 0.460313 0.308333 0.011875 0.0183333 0.00146675
3 0.6925 0.360833 0.01 0.0483333 0.00146675
0 0.26625 0.418611 0.0365625 0.0455555 0.00141621
0 0.515313 0.274444 0.00750001 0.0122222 0.00140476
7 0.198125 0.398333 0.008125 0.0233333 0.00139904
0 0.52875 0.273889 0.00625 0.015 0.00139427
0 0.211406 0.430278 0.0540625 0.0616667 0.00135136
0 0.171914 0.371111 0.0305469 0.0244445 0.00130463
7 0.0168359 0.53 0.00613281 0.0233333 0.00129414
2 0.26125 0.328889 0.00999999 0.0177778 0.00127411
0 0.99625 0.328333 0.00749995 0.0288889 0.00125504
7 0.775 0.352778 0.0125 0.0283333 0.00123978
3 0.10625 0.387778 0.006875 0.0177778 0.00121593
7 0.0990625 0.445556 0.03 0.0205556 0.00121593
0 0.69875 0.311667 0.0125 0.0266667 0.00121117
0 0.996875 0.321667 0.00624994 0.0238889 0.0012064
3 0.7725 0.349444 0.01375 0.0311111 0.0011692
3 0.259844 0.478889 0.0140625 0.07 0.0011692
7 0.124922 0.410556 0.00453125 0.02 0.00114727
7 0.115313 0.383611 0.005 0.0166667 0.00108147
2 0.0351953 0.403056 0.00609375 0.0183333 0.00108147
0 0.48875 0.988889 0.063125 0.0222222 0.00108147
7 0.165313 0.419444 0.00374999 0.0133333 0.00106049
3 0.76625 0.3025 0.00499999 0.0194444 0.00105667
0 0.512813 0.308333 0.0175 0.0322222 0.00104046
0 0.75 0.985 0.06375 0.0266667 0.00102425
7 0.90375 0.464444 0.00749995 0.0344444 0.00101662
0 0.5475 0.260556 0.00625 0.0122222 0.00100803
