0 0.926875 0.818889 0.14625 0.357778 0.962891
0 0.5025 0.636667 0.125 0.321111 0.961426
0 0.328125 0.589444 0.13 0.254444 0.95752
0 0.689844 0.584444 0.145313 0.287778 0.95752
0 0.112344 0.613472 0.117813 0.1975 0.954102
0 0.79875 0.521111 0.1525 0.254444 0.950195
0 0.69125 0.277847 0.0775 0.112083 0.945801
0 0.212188 0.418333 0.10125 0.136667 0.943359
0 0.400313 0.341111 0.08375 0.135556 0.941895
0 0.614688 0.3475 0.091875 0.146111 0.941895
0 0.503125 0.341111 0.07375 0.135556 0.938477
0 0.7875 0.960556 0.16375 0.0788888 0.929199
0 0.242188 0.975556 0.125 0.0488888 0.901367
0 0.155391 0.213056 0.0423437 0.0422222 0.875
0 0.416875 0.0868056 0.04 0.0372222 0.85791
0 0.0925195 0.258056 0.0380859 0.0372222 0.854004
0 0.520625 0.983333 0.1325 0.0311111 0.831055
7 0.255938 0.263889 0.008125 0.0233333 0.822266
2 0.0478906 0.307778 0.0140625 0.0333333 0.813965
0 0.323438 0.0886111 0.014375 0.0197222 0.809082
0 0.34625 0.0822222 0.0175 0.02 0.803223
0 0.86875 0.0708333 0.0275 0.0252778 0.796875
0 0.0522266 0.275556 0.0310156 0.0344445 0.78418
0 0.74875 0.0549306 0.0325 0.0227778 0.767578
0 0.7625 0.0591667 0.035 0.0251389 0.753418
7 0.743125 0.171806 0.00625 0.0208333 0.73584
0 0.90625 0.0793056 0.025 0.0236111 0.720215
7 0.241875 0.281667 0.0075 0.0233333 0.71875
0 0.943125 0.0929167 0.02 0.0194444 0.699219
0 0.33625 0.0783333 0.01375 0.0227778 0.686035
0 0.78125 0.0665972 0.0375 0.0220833 0.660156
7 0.944375 0.218472 0.00500005 0.0163889 0.637207
0 0.382813 0.0669444 0.015625 0.0225 0.629883
0 0.83125 0.0730556 0.0375 0.0255556 0.629883
2 0.596875 0.0422396 0.013125 0.0202431 0.618652
0 0.409375 0.046875 0.0125 0.0201389 0.596191
0 0.41 0.0441667 0.0125 0.01875 0.592773
0 0.396563 0.04625 0.0125 0.0170833 0.59082
7 0.75125 0.161389 0.00625 0.02 0.581543
0 0.89125 0.0851389 0.0275 0.0225 0.57959
0 0.8125 0.0634722 0.035 0.0222222 0.562012
0 0.825 0.0619444 0.03 0.0241667 0.552734
2 0.76125 0.114132 0.01 0.0450694 0.515625
3 0.9675 0.227778 0.00750001 0.055 0.498047
2 0.152344 0.184722 0.0078125 0.0255555 0.492188
7 0.0272852 0.379444 0.00550781 0.0177778 0.474609
7 0.0280859 0.38 0.00480469 0.0172222 0.461914
3 0.974375 0.235833 0.00875003 0.0583333 0.443604
0 0.385 0.0497222 0.01 0.0134722 0.422607
3 0.97625 0.242083 0.00750001 0.0641667 0.422607
0 0.39375 0.0613889 0.01375 0.0197222 0.407227
0 0.3725 0.0627083 0.01125 0.0183333 0.395996
7 0.0656641 0.297222 0.00398438 0.0144444 0.373779
7 0.70375 0.0782639 0.00374997 0.0125 0.346924
5 0.36125 0.0723611 0.0175 0.0325 0.339844
3 0.97 0.229167 0.01 0.0583333 0.338867
0 0.35875 0.0671528 0.01625 0.0254167 0.338135
2 0.6 0.0411111 0.0125 0.0202778 0.334473
0 0.345 0.0714583 0.01375 0.0190278 0.32251
7 0.74375 0.125278 0.00375004 0.0172222 0.32251
0 0.45375 0.00916667 0.00625 0.00909722 0.315674
7 0.75375 0.158194 0.00625 0.0186111 0.30249
7 0.65125 0.0525 0.00250003 0.0102778 0.296631
0 0.371875 0.0599306 0.01 0.0148611 0.27832
0 0.77625 0.0652778 0.04 0.0261111 0.260498
7 0.70125 0.199444 0.00750001 0.0266667 0.259766
0 0.339375 0.075 0.0125 0.0197222 0.254639
7 0.285469 0.115556 0.00343749 0.0105555 0.250977
7 0.945 0.214444 0.00499999 0.0183333 0.246582
7 0.70125 0.0781944 0.00499999 0.0166667 0.240112
7 0.67125 0.0522222 0.00250003 0.0111111 0.235107
3 0.22125 0.14375 0.00499999 0.0230556 0.227417
0 0.825 0.0690972 0.0375 0.0273611 0.216064
2 0.9675 0.226111 0.00999997 0.0544444 0.209473
0 0.380313 0.0680556 0.011875 0.0208333 0.204346
0 0.4075 0.0479167 0.014375 0.0197222 0.194946
7 0.655 0.0484722 0.00249996 0.00833333 0.181274
2 0.0474902 0.305556 0.017832 0.0377778 0.169922
7 0.745 0.127778 0.00499999 0.0177778 0.169434
0 0.9025 0.0809722 0.0225 0.0216667 0.168823
7 0.94125 0.214167 0.00500005 0.0177778 0.165649
2 0.97 0.229722 0.015 0.0561111 0.146118
3 0.96875 0.224722 0.01 0.0572222 0.117188
7 0.76375 0.149722 0.00499999 0.0161111 0.11676
0 0.149219 0.207083 0.0371875 0.0386111 0.113953
2 0.373125 0.0759028 0.00875003 0.0216667 0.112
7 0.753125 0.161667 0.00625 0.0208333 0.111633
2 0.221563 0.144167 0.0075 0.0208333 0.107788
3 0.204688 0.155 0.00562501 0.02 0.102295
0 0.00358887 0.277778 0.00717774 0.0233333 0.101929
0 0.35625 0.0613194 0.01625 0.0202778 0.093689
0 0.33875 0.0738889 0.0175 0.0205556 0.092041
0 0.416563 0.0335069 0.00812499 0.0140972 0.0823975
0 0.442813 0.0157292 0.00812502 0.0118056 0.0812378
0 0.431875 0.0563194 0.0125 0.0206944 0.0806274
5 0.4375 0.0127431 0.00749998 0.0118056 0.0761108
7 0.0848438 0.290278 0.0040625 0.015 0.0678101
2 0.615625 0.0275 0.00499999 0.0128472 0.0656128
7 0.7675 0.125556 0.00625 0.0222222 0.0616455
7 0.0760156 0.293889 0.00421875 0.0122222 0.0579224
7 0.700625 0.203472 0.00625 0.0325 0.0569763
2 0.147969 0.194306 0.0103125 0.0208333 0.0568542
7 0.69 0.187222 0.00625 0.0244445 0.0568542
3 0.163906 0.175833 0.0046875 0.0163889 0.0501404
0 0.356563 0.0752778 0.014375 0.0275 0.0477905
0 0.945 0.0950694 0.0225 0.0227778 0.0465393
2 0.5975 0.0392361 0.0125 0.0230556 0.0460205
2 0.7625 0.0361806 0.01 0.0190278 0.0451965
0 0.43375 0.05 0.0125 0.0163889 0.0428772
0 0.376563 0.0526389 0.009375 0.0147222 0.0379028
2 0.600625 0.0372569 0.01125 0.0189583 0.0348816
0 0.934375 0.0927778 0.02375 0.0213889 0.0343628
0 0.78125 0.0713889 0.0375 0.0266667 0.0335999
2 0.926875 0.0884722 0.00750001 0.0197222 0.0334778
3 0.9725 0.243056 0.00749995 0.0677778 0.0328369
7 0.76375 0.12375 0.00625 0.0286111 0.0296478
7 0.686875 0.0791667 0.00500005 0.0118056 0.0283356
2 0.206875 0.142778 0.008125 0.0213889 0.0283356
0 0.450625 0.016875 0.00562499 0.0102083 0.0229797
3 0.16875 0.15875 0.005 0.0177778 0.0224609
2 0.162969 0.186667 0.00562501 0.0183333 0.02211
2 0.72625 0.0354167 0.00499999 0.0159722 0.0202484
5 0.00549316 0.27 0.0109863 0.0277778 0.0202484
7 0.245469 0.135833 0.003125 0.00722222 0.0196381
0 0.90625 0.0738889 0.025 0.0233333 0.0195007
3 0.0128809 0.263889 0.00755859 0.0222222 0.0192719
0 0.385 0.071875 0.015 0.0234722 0.0181885
0 0.958125 0.103472 0.0175 0.0172222 0.016922
2 0.115313 0.188194 0.01 0.0225 0.016922
7 0.0688281 0.298333 0.00515625 0.0155555 0.0165253
0 0.407188 0.0328472 0.00812499 0.0119444 0.0164032
0 0.0490234 0.271667 0.0303906 0.03 0.0146179
7 0.775 0.146667 0.00499999 0.0161111 0.0141144
3 0.229688 0.1325 0.00374999 0.0205556 0.0140076
7 0.73 0.123333 0.00499999 0.0172222 0.0131226
3 0.985 0.233194 0.00500005 0.0547222 0.0125732
7 0.665 0.0480556 0.00250003 0.0075 0.0125275
0 0.0557813 0.272222 0.0354688 0.0311111 0.0120544
0 0.88875 0.0883333 0.03 0.0263889 0.0119171
7 0.67375 0.0502083 0.00375004 0.00986111 0.011734
0 0.584375 0.0244444 0.0175 0.0144444 0.0113754
7 0.690625 0.0529167 0.00375004 0.0113889 0.0112
0 0.749375 0.0638889 0.04125 0.0283333 0.0112
7 0.253438 0.265 0.00875001 0.0222222 0.0107346
0 0.00529785 0.38 0.00821289 0.0266667 0.0106506
2 0.0101343 0.270556 0.011333 0.0255555 0.0102921
0 0.421875 0.0320139 0.00874999 0.0140278 0.0102463
7 0.6875 0.183056 0.00499999 0.0202778 0.00941467
0 0.99625 0.126111 0.00749995 0.0255556 0.00891876
0 0.459375 0.00510417 0.00500002 0.0102083 0.00871277
2 0.212969 0.140278 0.00562499 0.0205556 0.00854492
7 0.106094 0.263611 0.006875 0.0322222 0.008255
7 0.123594 0.218056 0.0046875 0.0188889 0.00806427
2 0.36375 0.0771528 0.01875 0.0323611 0.00806427
2 0.655 0.0334722 0.00499999 0.0136111 0.00800323
7 0.249688 0.126944 0.00249999 0.00916666 0.00787354
0 0.145391 0.2025 0.0282813 0.0361111 0.00775528
0 0.425625 0.0127083 0.00625 0.00986111 0.00766754
7 0.254063 0.134444 0.00375001 0.00777779 0.00766754
2 0.0455078 0.24375 0.00804688 0.0158333 0.00743103
7 0.234688 0.138611 0.00374999 0.0122222 0.00698471
0 0.92875 0.0940972 0.0125 0.0245833 0.00679779
0 0.4375 0.034375 0.00749998 0.0173611 0.00651169
0 0.4025 0.0570833 0.01125 0.0180556 0.00631332
2 0.578125 0.0266667 0.01 0.0126389 0.00629044
2 0.205625 0.160139 0.00750001 0.0308333 0.00629044
2 0.585625 0.0239583 0.015 0.0136111 0.00629044
0 0.99625 0.133611 0.00749995 0.0294444 0.00591278
3 0.97375 0.245556 0.00625 0.0694444 0.00577545
7 0.5025 0.341111 0.0725 0.134444 0.00570679
7 0.0424219 0.360278 0.00585938 0.0155556 0.00542831
3 0.208906 0.153333 0.0059375 0.0244444 0.00534439
3 0.194844 0.151111 0.00562499 0.025 0.00527954
0 0.00415039 0.378889 0.00716797 0.03 0.00521851
0 0.89625 0.0877083 0.0325 0.02875 0.00518036
3 0.14 0.218056 0.01125 0.0311111 0.0049057
2 0.430625 0.0652778 0.011875 0.0166667 0.00482941
0 0.430625 0.0184722 0.00625 0.01 0.00482941
3 0.210156 0.137639 0.00562501 0.0263889 0.00468063
0 0.396563 0.0318056 0.00875003 0.00958333 0.0046463
0 0.976875 0.1175 0.01125 0.0175 0.00399017
7 0.399375 0.341944 0.08125 0.135 0.00376511
0 0.971875 0.10625 0.01375 0.0186111 0.00362206
0 0.48375 0.00920139 0.00499999 0.00951389 0.00359344
7 0.0432813 0.354722 0.00492188 0.015 0.00358009
7 0.70625 0.0477778 0.00499999 0.0144444 0.00352478
0 0.142578 0.203472 0.0392188 0.0352778 0.00337601
0 0.774375 0.0548611 0.02875 0.0216667 0.00332451
0 0.409375 0.0608333 0.0175 0.0183333 0.00322342
0 0.98375 0.118611 0.0125 0.0177778 0.00307465
2 0.583125 0.0167361 0.00874996 0.0161111 0.00301552
2 0.0415234 0.290556 0.0158594 0.0333333 0.00288963
0 0.870625 0.0810417 0.02125 0.0247222 0.00275803
7 0.24 0.286111 0.01125 0.0238889 0.00273705
3 0.53 0.0492361 0.00499999 0.0215278 0.0026722
2 0.0546875 0.241389 0.008125 0.0158333 0.00258064
2 0.150859 0.181944 0.01375 0.0255555 0.00257111
3 0.98625 0.238889 0.00750001 0.0633333 0.00254059
2 0.125 0.194444 0.005625 0.0233333 0.00247192
3 0.0758594 0.2225 0.00546875 0.0194444 0.00247192
0 0.13 0.213056 0.0178125 0.0269444 0.00239754
0 0.836875 0.0645833 0.035 0.0244444 0.00234985
2 0.0479297 0.312222 0.011875 0.0411111 0.00233269
0 0.322578 0.0915278 0.0160938 0.0205556 0.00231361
0 0.55 0.0190972 0.00625 0.0109722 0.00230598
7 0.085293 0.263611 0.0184766 0.0344445 0.00229645
0 0.423438 0.0704167 0.01875 0.0172222 0.00227928
3 0.9875 0.223611 0.0125 0.0755556 0.00223351
0 0.90375 0.0886806 0.0300001 0.0281944 0.00203514
7 0.589375 0.0447917 0.01125 0.0155556 0.00201988
2 0.69375 0.0477778 0.00499999 0.0141667 0.00198746
3 0.735 0.0357639 0.00499999 0.0181944 0.00188255
7 0.7125 0.0527778 0.00750001 0.0175 0.00186729
3 0.266875 0.104722 0.00531249 0.0163889 0.0018177
3 0.69625 0.0304514 0.00500005 0.0117361 0.0017004
3 0.285469 0.105903 0.00406249 0.0151389 0.0017004
0 0.98125 0.106528 0.0125 0.0188889 0.0017004
7 0.295 0.11375 0.00374997 0.0122222 0.00169373
0 0.3625 0.0539583 0.00874999 0.0173611 0.0016613
0 0.315313 0.089375 0.015 0.0179167 0.00163555
3 0.0845313 0.212083 0.005625 0.0163889 0.00162315
0 0.470625 0.0196181 0.00625 0.00986111 0.00159168
2 0.715 0.0659028 0.00999997 0.0280556 0.00157356
0 0.81 0.0711111 0.0325 0.0261111 0.00156116
2 0.197188 0.144028 0.00843751 0.0225 0.00154877
5 0.00472168 0.246806 0.00944336 0.0263889 0.00154877
2 0.133438 0.176944 0.00671876 0.0175 0.00153637
0 0.82375 0.0577778 0.03 0.0236111 0.00151253
0 0.3975 0.0758333 0.02125 0.0277778 0.00148392
3 0.166562 0.159306 0.0059375 0.0172222 0.00143242
7 0.691875 0.184444 0.00625 0.0205556 0.00139904
3 0.609688 0.0272222 0.00499999 0.0198611 0.00132465
3 0.95125 0.259167 0.00750001 0.0833333 0.00132465
7 0.74875 0.130139 0.00499999 0.0258333 0.00129986
7 0.105313 0.22375 0.004375 0.0136111 0.00129414
3 0.978125 0.222361 0.0125 0.0419444 0.00125504
3 0.274688 0.101042 0.0046875 0.0145833 0.00124454
3 0.985 0.22 0.00749995 0.0483333 0.0012064
2 0.8825 0.0529167 0.00750001 0.0191667 0.00119686
7 0.615313 0.349444 0.090625 0.146667 0.00119686
2 0.215 0.149444 0.00437501 0.0211111 0.00116062
7 0.0905469 0.260278 0.03 0.0394445 0.00116062
2 0.87625 0.0540278 0.01 0.02 0.0011425
7 0.215625 0.1675 0.004375 0.0155556 0.00112057
7 0.111484 0.2575 0.00921875 0.0327778 0.00109482
0 0.73875 0.0515972 0.03 0.0218056 0.00105667
0 0.538125 0.982222 0.09625 0.0322223 0.00102425
