0 0.658594 0.905556 0.150312 0.186667 0.951172
0 0.366563 0.631111 0.08375 0.135556 0.942383
0 0.578125 0.582083 0.0775 0.124722 0.936523
0 0.475625 0.598889 0.07 0.121111 0.934082
0 0.356875 0.4775 0.055 0.0688889 0.924805
5 0.3775 0.318889 0.02375 0.0466667 0.909668
0 0.320625 0.453889 0.045625 0.0611111 0.905273
0 0.44625 0.331667 0.04 0.0288889 0.868652
0 0.328125 0.332222 0.0175 0.0244444 0.853027
0 0.328125 0.405556 0.030625 0.0411111 0.845703
0 0.345625 0.330278 0.01875 0.0238889 0.841797
0 0.35 0.381667 0.0325 0.0433333 0.841797
5 0.382188 0.406111 0.02875 0.0616667 0.838867
0 0.398125 0.326389 0.0175 0.0244444 0.823242
0 0.0591406 0.4375 0.0321875 0.0305556 0.823242
7 0.235 0.504722 0.00687501 0.0222222 0.823242
2 0.0662891 0.463889 0.0150781 0.0338889 0.812988
2 0.67875 0.432222 0.0225 0.0522222 0.808105
0 0.0148047 0.460556 0.0294922 0.0455555 0.808105
0 0.738125 0.333333 0.04125 0.0255556 0.786621
0 0.410938 0.312778 0.01625 0.0222222 0.778809
7 0.221875 0.518056 0.0075 0.0238889 0.760742
2 0.60125 0.313333 0.0125 0.0222222 0.746094
0 0.726875 0.324444 0.035 0.0233333 0.743164
0 0.0328711 0.449167 0.0348828 0.0361111 0.737305
7 0.925 0.459167 0.00499999 0.015 0.71875
2 0.242969 0.358611 0.0115625 0.0216667 0.716797
0 0.365625 0.35 0.018125 0.03 0.700684
2 0.576875 0.315556 0.01375 0.0177778 0.699219
7 0.678125 0.480556 0.00750001 0.0244444 0.684082
7 0.6675 0.465556 0.00750001 0.0222223 0.680664
7 0.0235938 0.528889 0.00523437 0.0166667 0.675781
7 0.75 0.415 0.00499999 0.0166667 0.672363
2 0.262188 0.354444 0.0121875 0.0244445 0.620605
0 0.94375 0.340278 0.0225 0.02 0.565918
7 0.68375 0.352778 0.00500005 0.0133333 0.517578
7 0.73875 0.424444 0.00499999 0.02 0.517578
7 0.74625 0.400556 0.00374997 0.0155556 0.515625
7 0.72375 0.399722 0.00499999 0.0161111 0.496094
7 0.145469 0.415833 0.00375001 0.0116667 0.490234
0 0.472188 0.27 0.00687497 0.00999999 0.477539
7 0.125547 0.419722 0.00359375 0.0111111 0.474609
0 0.356875 0.317222 0.0125 0.0177778 0.462891
3 0.0181836 0.508889 0.00730469 0.0444444 0.439697
7 0.72875 0.438611 0.00499999 0.0188889 0.435059
7 0.92375 0.465556 0.00499999 0.0172222 0.354004
0 0.3625 0.325 0.01 0.0188889 0.264404
7 0.7375 0.427778 0.00499999 0.0188889 0.236572
5 0.494688 0.262222 0.00687501 0.0105556 0.225464
0 0.35625 0.325556 0.01375 0.02 0.223999
2 0.261094 0.354444 0.00874999 0.0233333 0.216675
7 0.634063 0.329444 0.00374997 0.0111111 0.209473
0 0.48375 0.263889 0.00625 0.0127778 0.196777
0 0.0137891 0.452778 0.0275781 0.0377778 0.180054
2 0.173125 0.370556 0.0075 0.0194444 0.158203
0 0.365625 0.355 0.02125 0.0366667 0.15564
0 0.4175 0.295556 0.00875003 0.0177778 0.139404
0 0.420625 0.296667 0.01125 0.0211111 0.132935
0 0.418438 0.289444 0.009375 0.0144444 0.124207
2 0.170313 0.371667 0.00625 0.0188889 0.117981
7 0.65375 0.327778 0.00250003 0.0122222 0.104126
7 0.73625 0.430556 0.00625 0.0177778 0.10376
0 0.361875 0.316111 0.00874999 0.0183333 0.0974121
7 0.72625 0.440556 0.00499999 0.0177778 0.0957031
0 0.36875 0.362222 0.01375 0.0366667 0.0900879
7 0.743125 0.420278 0.00500005 0.0155555 0.0766602
2 0.260625 0.357222 0.0125 0.0227778 0.0739746
0 0.393125 0.304444 0.01125 0.0222222 0.0653687
3 0.0177539 0.501667 0.00871094 0.0366667 0.0640869
7 0.00853516 0.543333 0.00558594 0.0211111 0.0539856
0 0.475625 0.263333 0.00562499 0.01 0.0497742
0 0.39375 0.31 0.0125 0.0272222 0.0495911
7 0.0491797 0.476667 0.00367188 0.015 0.0409851
2 0.604375 0.312778 0.0125 0.0211111 0.0275879
3 0.66 0.293889 0.00499999 0.0222222 0.0273285
7 0.67 0.34 0.00250003 0.0122222 0.0269623
7 0.75375 0.414444 0.00499999 0.0155556 0.0234222
3 0.29125 0.343333 0.00437501 0.0166667 0.0228882
0 0.421875 0.279444 0.00874999 0.0111111 0.0215302
7 0.205 0.384167 0.0034375 0.00888889 0.0209656
7 0.285313 0.348333 0.00375001 0.0111111 0.0207214
7 0.0470313 0.475556 0.0053125 0.0133334 0.0200958
2 0.575625 0.312778 0.015 0.0216667 0.0177155
0 0.42 0.305556 0.01375 0.0255556 0.0160217
7 0.00832886 0.541667 0.00705322 0.0188889 0.014389
2 0.597188 0.304167 0.00687504 0.02 0.0143356
3 0.164063 0.378333 0.004375 0.0266667 0.0138474
0 0.168594 0.372222 0.01 0.0211111 0.0125732
0 0.74625 0.326389 0.04375 0.0238889 0.0123367
0 0.73 0.328611 0.045 0.0272222 0.0120087
0 0.445313 0.262222 0.00375001 0.00833333 0.011116
0 0.48875 0.267778 0.00437501 0.0105556 0.0105667
3 0.02 0.510556 0.0122266 0.0466667 0.0104904
7 0.275156 0.350833 0.00375001 0.0138889 0.0103683
7 0.66625 0.354167 0.00499999 0.0127778 0.0101318
3 0.6625 0.3 0.00625 0.0188889 0.00993347
7 0.778125 0.351667 0.00625 0.0211111 0.00985718
2 0.68125 0.422222 0.0175 0.0455555 0.00937653
2 0.6875 0.428889 0.025 0.0522222 0.00930023
0 0.355 0.314722 0.01375 0.0266667 0.00898743
2 0.5825 0.303333 0.00812499 0.0205556 0.00891876
7 0.229531 0.372778 0.003125 0.01 0.00878143
7 0.221563 0.507778 0.00687501 0.0266667 0.00821686
0 0.00416504 0.405556 0.00813477 0.0166667 0.00766754
3 0.77625 0.352778 0.00750001 0.0311111 0.00748825
7 0.128438 0.415556 0.0040625 0.0133334 0.00746155
0 0.175938 0.371667 0.0275 0.0222222 0.00712204
0 0.449688 0.267778 0.00499999 0.00888887 0.00712204
0 0.345 0.321667 0.015 0.02 0.00709534
2 0.71375 0.315 0.015 0.0255555 0.00682449
2 0.6575 0.300556 0.00750001 0.0177778 0.00679779
2 0.578125 0.306944 0.01 0.0261111 0.00626373
2 0.26375 0.351111 0.015 0.0255556 0.00600433
0 0.936875 0.338889 0.03 0.02 0.00579834
7 0.615 0.328889 0.00374997 0.0111111 0.00577545
3 0.19 0.373333 0.00375001 0.0188889 0.00547028
7 0.695 0.352222 0.00499999 0.015 0.00536346
0 0.464688 0.263889 0.00437498 0.01 0.0053215
0 0.435625 0.279444 0.00499999 0.00999999 0.00516129
0 0.96 0.346111 0.0275 0.0222222 0.0046463
0 0.0618359 0.456667 0.025625 0.0433333 0.0046463
2 0.570625 0.317222 0.0125 0.0144444 0.00443268
2 0.589375 0.310278 0.02 0.0233333 0.00429916
7 0.225625 0.368889 0.00375001 0.00888889 0.00421524
7 0.475625 0.598889 0.07 0.122222 0.00419998
7 0.928125 0.452222 0.00499999 0.0172222 0.00413513
7 0.655 0.315556 0.00249996 0.0122222 0.00392914
7 0.671875 0.472222 0.00750001 0.0266667 0.00385475
3 0.865625 0.315 0.00499999 0.0155555 0.00379562
0 0.0120605 0.406111 0.00986328 0.0166667 0.00355148
3 0.81 0.303333 0.00500005 0.0177778 0.00316048
0 0.4725 0.271389 0.00749998 0.0133333 0.00288963
0 0.381563 0.409167 0.0275 0.0594445 0.00284576
0 0.418438 0.28 0.00812499 0.00888889 0.00266266
0 0.74 0.324444 0.0375 0.0244444 0.00259018
0 0.98375 0.335556 0.0175 0.0155556 0.00259018
2 0.115156 0.381389 0.0053125 0.0166667 0.00255013
2 0.240313 0.361667 0.0125 0.0177778 0.00245285
7 0.685 0.315556 0.00250003 0.0122222 0.00226974
7 0.578438 0.582361 0.076875 0.124167 0.00226974
0 0.455 0.262778 0.00374997 0.00833333 0.00225258
7 0.195 0.383611 0.003125 0.0133334 0.00225258
0 0.365625 0.280278 0.00500002 0.0127778 0.00219917
0 0.40625 0.302222 0.01 0.0183333 0.00218201
7 0.636563 0.318333 0.00437501 0.0122222 0.00214958
7 0.116016 0.421944 0.00359375 0.00999999 0.00214958
7 0.14875 0.412222 0.00406249 0.0111111 0.00214958
7 0.365625 0.632222 0.0725 0.135556 0.00208282
2 0.68625 0.293611 0.00499999 0.0166667 0.00206757
0 0.96125 0.336111 0.0175 0.0166667 0.00199509
0 0.534375 0.278889 0.00500002 0.00888887 0.00197983
3 0.250625 0.346111 0.00687501 0.0244445 0.00197983
0 0.9375 0.345 0.0325 0.0244444 0.00192642
0 0.445 0.276111 0.00499999 0.00999999 0.00191212
0 0.33875 0.318889 0.011875 0.0177778 0.00175476
2 0.114922 0.373056 0.00718749 0.0177778 0.0017271
2 0.695 0.336111 0.00750001 0.0244444 0.0017004
3 0.292813 0.343056 0.00625 0.0177778 0.00169373
0 0.0228906 0.437778 0.0232031 0.0288889 0.00162315
7 0.146094 0.408333 0.00406251 0.0144444 0.00149536
3 0.995 0.584445 0.00999997 0.0877778 0.00148964
3 0.0251563 0.405556 0.00515625 0.0166667 0.00145531
7 0.22 0.36 0.00562499 0.0138889 0.00139427
2 0.76375 0.32 0.00999997 0.0188889 0.00134563
2 0.185625 0.380556 0.0090625 0.0255556 0.00131989
0 0.43875 0.310278 0.05375 0.0555556 0.00130463
7 0.0542188 0.473611 0.004375 0.015 0.00127888
0 0.0442969 0.428333 0.0236719 0.0244444 0.00126457
0 0.97375 0.336111 0.025 0.0166667 0.00123501
0 0.00366211 0.421667 0.00727539 0.0255556 0.00120163
7 0.645 0.318333 0.00250003 0.0116667 0.00117874
3 0.70625 0.311944 0.00499999 0.0138889 0.00107765
0 0.941875 0.346389 0.02875 0.0283333 0.00107765
7 0.916875 0.472222 0.00499999 0.015 0.00105667
3 0.775625 0.360556 0.00750001 0.0372222 0.00104809
3 0.86625 0.298889 0.00500005 0.0144444 0.00100803
