0 0.94625 0.902778 0.1075 0.192222 0.959961
0 0.0694922 0.721111 0.133047 0.246667 0.95752
0 0.269063 0.448889 0.11125 0.168889 0.956543
0 0.317813 0.665417 0.146875 0.3025 0.956543
0 0.500625 0.661667 0.1275 0.322222 0.956055
0 0.633125 0.393889 0.0975 0.158889 0.944824
0 0.210625 0.417222 0.099375 0.137778 0.943848
0 0.344375 0.281181 0.076875 0.114306 0.941406
0 0.663906 0.219861 0.0671875 0.0963889 0.934082
0 0.4275 0.256111 0.0575 0.0972222 0.933105
0 0.49625 0.17 0.04 0.0683333 0.918945
0 0.213438 0.243333 0.05125 0.0688889 0.889648
0 0.498438 0.0898611 0.025 0.0380556 0.888184
0 0.456563 0.109444 0.026875 0.0391667 0.888184
0 0.537188 0.0772222 0.024375 0.0341667 0.887207
0 0.585625 0.09625 0.03375 0.0475 0.887207
0 0.290625 0.144444 0.0275 0.0405556 0.881836
0 0.173789 0.23375 0.0430469 0.0625 0.880859
0 0.22875 0.198194 0.0390625 0.0466667 0.874023
0 0.0373242 0.302778 0.0320703 0.0366667 0.865234
0 0.56 0.165 0.04875 0.0766667 0.85791
0 0.464375 0.0793056 0.02125 0.0286111 0.848145
0 0.505 0.00739583 0.00750001 0.0105556 0.845703
0 0.635938 0.0320833 0.029375 0.0241667 0.845703
0 0.75875 0.06375 0.0362501 0.0247222 0.839844
0 0.368125 0.0829167 0.01875 0.0265278 0.820801
0 0.0707813 0.270278 0.0351563 0.0383333 0.816406
2 0.85625 0.157083 0.0275 0.0505556 0.814453
5 0.3425 0.10375 0.02625 0.0433333 0.806641
7 0.244063 0.281111 0.0075 0.0233333 0.803223
0 0.496563 0.0390278 0.014375 0.0198611 0.79834
0 0.74625 0.0526389 0.0325 0.0247222 0.79834
7 0.743125 0.173333 0.00625 0.0211111 0.795898
7 0.0288672 0.377778 0.00523437 0.0188889 0.779785
1 0.269688 0.12125 0.060625 0.0780556 0.770508
7 0.7025 0.198194 0.00625 0.0236111 0.770508
1 0.324688 0.078125 0.03125 0.0470833 0.762207
2 0.135469 0.226111 0.0121875 0.0313889 0.760742
0 0.0218164 0.300556 0.0309766 0.0355555 0.757812
0 0.406875 0.0601389 0.01625 0.0230556 0.746094
0 0.00474365 0.326111 0.00948731 0.0255555 0.743164
0 0.2075 0.147778 0.029375 0.0266667 0.740234
0 0.425 0.0580556 0.015 0.0197222 0.728027
0 0.83125 0.0713889 0.03 0.0225 0.700684
7 0.2575 0.262778 0.00687501 0.0222222 0.682617
0 0.393125 0.0502778 0.011875 0.0197222 0.672363
7 0.76875 0.129722 0.00499999 0.0161111 0.666992
3 0.69125 0.0636111 0.00499999 0.0352778 0.664551
0 0.305156 0.11625 0.0184375 0.0283333 0.663574
0 0.543125 0.0479167 0.01875 0.0265278 0.629883
0 0.0661719 0.240278 0.0209375 0.0288889 0.625977
0 0.366875 0.0652083 0.015 0.0215278 0.620605
0 0.3925 0.0527778 0.01375 0.0175 0.609375
2 0.154688 0.187778 0.00625 0.0219444 0.592773
7 0.944375 0.219583 0.00500005 0.0177778 0.586914
0 0.435625 0.0504167 0.015 0.0205556 0.548828
7 0.7525 0.163333 0.00500005 0.0194444 0.52832
0 0.299688 0.119132 0.024375 0.0295139 0.519531
7 0.16375 0.203611 0.004375 0.0133333 0.505859
7 0.0431641 0.358889 0.00523437 0.0177778 0.496094
5 0.4075 0.0369444 0.01375 0.0244444 0.494141
0 0.366563 0.0597222 0.0125 0.0177778 0.47168
0 0.406875 0.0489583 0.0125 0.0201389 0.422607
0 0.376563 0.0593056 0.0125 0.0165278 0.422607
0 0.433125 0.0281597 0.00812499 0.0124306 0.395996
0 0.975 0.10625 0.02125 0.0194444 0.388672
7 0.6925 0.182639 0.00625 0.0227778 0.375732
0 0.386563 0.0497222 0.010625 0.0177778 0.37207
7 0.94625 0.215 0.00499999 0.0183333 0.346924
0 0.34 0.0841667 0.01375 0.0188889 0.312256
0 0.424063 0.0317014 0.009375 0.0134028 0.310791
0 0.0675781 0.260556 0.03 0.0333333 0.300781
2 0.440313 0.0563889 0.011875 0.02 0.297363
0 0.342813 0.102917 0.025625 0.0438889 0.296631
0 0.320313 0.0861111 0.0225 0.0333333 0.294189
0 0.351875 0.0856944 0.015 0.0244444 0.276611
0 0.42375 0.0523611 0.01375 0.0225 0.275146
7 0.773125 0.146389 0.00499999 0.0166667 0.269043
0 0.293594 0.136111 0.0215625 0.0338889 0.242188
7 0.145156 0.210556 0.00406249 0.0133333 0.240723
7 0.674375 0.0490278 0.00250003 0.0111111 0.237915
0 0.0642969 0.243056 0.0257813 0.0316667 0.237915
0 0.4525 0.00791667 0.00625 0.00930556 0.236572
2 0.231875 0.137778 0.0096875 0.0211111 0.224731
0 0.3225 0.0923611 0.02875 0.0233333 0.224731
0 0.430938 0.0231944 0.00750001 0.0113194 0.212769
0 0.41625 0.0463194 0.01125 0.0190278 0.202393
2 0.440625 0.0522222 0.010625 0.0197222 0.196777
0 0.376875 0.0515278 0.01125 0.01375 0.195557
0 0.3075 0.102639 0.01375 0.0202778 0.193726
0 0.322422 0.0813194 0.0276563 0.0440278 0.178955
7 0.70125 0.0765972 0.00499999 0.0166667 0.171021
7 0.704375 0.0775 0.00374997 0.0138889 0.140869
0 0.975 0.109861 0.025 0.0208333 0.140381
7 0.74625 0.124444 0.00500005 0.0172222 0.131226
2 0.23 0.135833 0.008125 0.0227778 0.125488
7 0.0744531 0.291111 0.00453125 0.0144444 0.122131
7 0.0682813 0.298889 0.00546875 0.0155555 0.122131
7 0.74625 0.128333 0.00500005 0.0183333 0.121277
0 0.413125 0.0332292 0.00749998 0.0161806 0.117981
5 0.0185254 0.246389 0.0193555 0.0261111 0.117981
7 0.94125 0.220833 0.00500005 0.0177778 0.112427
7 0.65625 0.0482639 0.00375004 0.00986111 0.111633
2 0.134609 0.218611 0.008125 0.0266667 0.107056
0 0.0201563 0.296667 0.0264063 0.0311111 0.106689
2 0.691875 0.0635417 0.00625 0.0368056 0.0950317
2 0.438125 0.0573611 0.0125 0.0186111 0.0806274
0 0.241875 0.133611 0.02625 0.0288889 0.0772095
0 0.00338379 0.336944 0.00676758 0.0405556 0.0668335
7 0.76375 0.152083 0.00499999 0.0175 0.0623169
2 0.138438 0.22375 0.0167187 0.0291667 0.0609741
0 0.229844 0.138333 0.01375 0.02 0.0568542
1 0.273125 0.105694 0.0203125 0.0480556 0.0541992
0 0.292813 0.106667 0.025 0.0436111 0.0535889
7 0.0671875 0.296111 0.005625 0.0127778 0.0522461
0 0.75 0.0618056 0.04 0.0297222 0.0520325
1 0.280625 0.111944 0.0475 0.0588889 0.0501404
7 0.195156 0.174028 0.00406249 0.0177778 0.049408
0 0.445938 0.0102778 0.00687501 0.00972222 0.0486755
0 0.968125 0.107639 0.03 0.0208333 0.0445251
0 0.275313 0.0916667 0.0225 0.0234722 0.0433655
0 0.585 0.0229167 0.021875 0.0120833 0.0390625
0 0.380625 0.0573611 0.01125 0.0175 0.0384521
0 0.438125 0.0114583 0.00749998 0.00972222 0.0383301
0 0.3975 0.0318056 0.00750001 0.0115278 0.0372009
7 0.67 0.0506944 0.00250003 0.0122222 0.0358276
0 0.838125 0.0748611 0.04125 0.0258333 0.0352783
0 0.00568359 0.329167 0.0113672 0.0294445 0.0335999
0 0.85625 0.157778 0.025 0.0477778 0.0309143
5 0.0147461 0.2525 0.0226172 0.0305556 0.0305634
7 0.688125 0.183889 0.00875003 0.0244444 0.0265503
7 0.169219 0.200278 0.0046875 0.0127778 0.0264587
0 0.273438 0.09 0.01375 0.02 0.0258636
2 0.469375 0.0629167 0.00874999 0.0223611 0.0255585
0 0.500938 0.00708333 0.00874999 0.0141667 0.0212402
7 0.0945313 0.277222 0.0040625 0.0122222 0.0177155
0 0.305625 0.0879861 0.009375 0.0176389 0.0173035
7 0.693125 0.0763889 0.00500005 0.0158333 0.0168457
0 0.3925 0.0572222 0.01375 0.0205556 0.0158386
0 0.483125 0.00840278 0.00625 0.0101389 0.0153656
7 0.256875 0.265556 0.0075 0.0266667 0.0153656
0 0.252031 0.123854 0.0271875 0.0311806 0.0137939
3 0.125313 0.213333 0.00578125 0.0233333 0.0131683
7 0.595313 0.0472222 0.00375004 0.0136111 0.0124817
3 0.126016 0.218611 0.00578125 0.0208333 0.0124283
0 0.584375 0.0895833 0.0325 0.0436111 0.0123367
2 0.154219 0.183611 0.00687501 0.0261111 0.0121002
7 0.0664062 0.308333 0.00460937 0.0144444 0.0120087
2 0.6025 0.0414583 0.00749995 0.0204167 0.0117798
0 0.765 0.0655556 0.04 0.0258333 0.0116882
0 0.0268018 0.287222 0.0281934 0.0333333 0.0107346
7 0.665 0.0508333 0.00250003 0.0111111 0.0105286
0 0.45875 0.00480903 0.00750001 0.00961806 0.0104065
0 0.334375 0.0793056 0.016875 0.0236111 0.0104065
0 0.368125 0.0547222 0.011875 0.0176389 0.00959778
0 0.470625 0.02 0.00562503 0.00930556 0.00841522
3 0.130313 0.209167 0.00609376 0.0272222 0.00790405
0 0.0578125 0.265 0.02 0.0233333 0.00757599
0 0.580625 0.0238194 0.0300001 0.0148611 0.00728989
7 0.675 0.0640278 0.00249996 0.00611111 0.0068779
0 0.0639844 0.273889 0.0195313 0.0355555 0.0068779
3 0.885 0.0620833 0.00374997 0.0191667 0.00682449
2 0.167188 0.1575 0.00625 0.0172222 0.00674438
2 0.0100879 0.266667 0.0110352 0.0216667 0.00658798
7 0.00829102 0.381111 0.00566406 0.0233333 0.00658798
0 0.0585156 0.244444 0.0332813 0.0294445 0.00624084
0 0.0284961 0.285833 0.0199609 0.0227778 0.00616837
0 0.357813 0.0711806 0.0125 0.02 0.00609589
3 0.00289063 0.359444 0.00578125 0.0366667 0.00605011
0 0.7575 0.0679861 0.03875 0.0311111 0.00593567
7 0.705 0.0715278 0.00249996 0.0183333 0.00579834
0 0.00921875 0.318889 0.0136719 0.0333333 0.00579834
2 0.445 0.05625 0.015 0.0205556 0.00577545
7 0.95375 0.264444 0.00500005 0.0194444 0.00572968
0 0.995 0.133889 0.00999997 0.0344444 0.00570679
0 0.28 0.107986 0.04125 0.0529167 0.00564194
0 0.34125 0.0683333 0.014375 0.0166667 0.00561905
3 0.73 0.0986111 0.00499999 0.0330556 0.00559998
0 0.581875 0.02625 0.02875 0.015 0.00551224
2 0.7325 0.106875 0.00999997 0.0406944 0.00538635
0 0.0808594 0.252222 0.0140625 0.0272222 0.00496292
2 0.71625 0.0666667 0.00750001 0.0308333 0.0046463
7 0.104531 0.261667 0.0040625 0.0111111 0.00460815
2 0.157813 0.230972 0.0115625 0.0413889 0.0045929
7 0.174688 0.192222 0.003125 0.0111111 0.00443268
2 0.76875 0.05625 0.015 0.0213889 0.00439835
0 0.317969 0.570556 0.145938 0.118889 0.00439835
7 0.0842188 0.288889 0.005 0.0166667 0.00436401
0 0.372813 0.0701389 0.020625 0.0261111 0.00432968
4 0.0149512 0.254444 0.0176758 0.0266667 0.00428009
5 0.0118335 0.260833 0.0165283 0.0222222 0.00426483
3 0.89375 0.0652083 0.00499999 0.0176389 0.00418091
0 0.996563 0.125833 0.00687497 0.0322222 0.00403976
7 0.175938 0.174444 0.00375001 0.0144444 0.00397491
7 0.2525 0.266111 0.01125 0.0261111 0.00365067
7 0.71 0.0573611 0.00750001 0.0183333 0.00362206
7 0.93375 0.236111 0.00750001 0.0230556 0.00356483
7 0.615 0.0455556 0.00374997 0.0113889 0.00353813
3 0.0344531 0.260833 0.00671875 0.0183333 0.00353813
2 0.194375 0.152778 0.011875 0.0305556 0.00353813
7 0.155781 0.205833 0.00453126 0.0147222 0.00342941
0 0.42625 0.01375 0.00625 0.00986111 0.00324821
2 0.140313 0.229722 0.020625 0.0358333 0.00319672
2 0.7325 0.109028 0.00750001 0.0369445 0.00298119
3 0.795 0.0916667 0.00999997 0.0408333 0.0029583
0 0.96625 0.111667 0.0275 0.0247222 0.00293541
2 0.7125 0.0513194 0.00750001 0.0166667 0.00286674
7 0.74875 0.126806 0.00375004 0.0194445 0.00279999
0 0.75625 0.0566667 0.0375 0.0233333 0.00277901
5 0.0161914 0.245972 0.0213281 0.0319445 0.00269318
0 0.97375 0.101111 0.0225 0.0230555 0.00251198
0 0.256875 0.121667 0.036875 0.0727778 0.00245285
7 0.0280859 0.376389 0.0071875 0.0227778 0.00234222
0 0.520625 0.0522222 0.013125 0.0169444 0.00232315
3 0.715 0.146076 0.00999997 0.0889583 0.00228691
0 0.45125 0.0172222 0.00874999 0.0152778 0.00226974
2 0.6175 0.0326042 0.00625 0.0167361 0.00222588
7 0.765625 0.124167 0.00375004 0.0183333 0.00219154
3 0.151719 0.189444 0.00640624 0.0227778 0.00218201
2 0.122656 0.192639 0.0075 0.0186111 0.00210762
0 0.197344 0.154722 0.029375 0.0305556 0.00209999
0 0.205938 0.156944 0.02 0.0411111 0.00201035
0 0.295625 0.0820833 0.00687501 0.0102778 0.00200272
2 0.163281 0.236389 0.0228125 0.0516667 0.00191212
0 0.74125 0.0511806 0.03375 0.0225 0.00185299
2 0.735 0.0356944 0.00625 0.0176389 0.00181007
0 0.173789 0.221806 0.0399219 0.0441667 0.00181007
0 0.536875 0.0584722 0.02625 0.0244444 0.00174809
0 0.0241162 0.295556 0.0304395 0.0394444 0.0017271
0 0.351875 0.0720833 0.0225 0.0488889 0.0017004
0 0.235313 0.128611 0.011875 0.0272222 0.00168705
0 0.253125 0.143056 0.023125 0.0294444 0.00161076
0 0.983125 0.135556 0.0225 0.0255556 0.00156689
0 0.475938 0.0130208 0.00499999 0.00916667 0.00156116
0 0.00811035 0.835556 0.0162207 0.162222 0.00153065
0 0.76875 0.0629167 0.0425 0.0258333 0.00151253
0 0.9875 0.134861 0.0249999 0.0313889 0.00151253
3 0.71625 0.0810417 0.00499999 0.0176389 0.00150108
0 0.443438 0.0365278 0.01 0.0225 0.00148964
0 0.540938 0.0691667 0.03 0.0386111 0.00145531
0 0.0451953 0.230972 0.00804687 0.0222222 0.00143242
3 0.183438 0.167222 0.00562499 0.0216667 0.00142097
0 0.260938 0.146667 0.03625 0.0338889 0.00141048
3 0.715 0.107917 0.00749995 0.0591667 0.00138855
7 0.7675 0.133333 0.00499999 0.0155556 0.00137806
7 0.58625 0.0464583 0.00375004 0.0127778 0.00135136
0 0.00462891 0.277222 0.00604492 0.0172222 0.00134087
2 0.602813 0.0364931 0.00687497 0.0199306 0.00127411
3 0.215938 0.283333 0.00875001 0.0633333 0.00123501
3 0.905 0.0675694 0.00499999 0.0177778 0.00122547
5 0.40875 0.0320833 0.0125 0.0277778 0.00121593
2 0.696875 0.0280903 0.00499999 0.0104861 0.00118828
7 0.69125 0.195278 0.0125 0.045 0.00118828
3 0.73125 0.113333 0.00750001 0.0491667 0.00106525
3 0.00680664 0.379444 0.00794922 0.0288889 0.00105667
