0 0.489688 0.88 0.171875 0.237778 0.960449
0 0.80875 0.516111 0.1425 0.222222 0.959961
0 0.21 0.61 0.139063 0.242222 0.95752
0 0.735 0.826667 0.2025 0.344444 0.957031
0 0.101406 0.632778 0.127813 0.212222 0.95459
0 0.69625 0.290278 0.085 0.106111 0.953613
0 0.50875 0.4825 0.1075 0.225 0.953125
0 0.274063 0.842222 0.1825 0.313333 0.953125
0 0.649844 0.464444 0.120313 0.217778 0.95166
0 0.356562 0.5 0.113125 0.21 0.94873
0 0.0760156 0.949444 0.144375 0.101111 0.946777
0 0.403125 0.321111 0.07125 0.115556 0.946289
5 0.292656 0.311597 0.137188 0.260139 0.932129
0 0.61625 0.285556 0.075 0.125 0.925781
5 0.507812 0.237917 0.090625 0.216944 0.918945
0 0.221563 0.385278 0.085625 0.129444 0.884766
0 0.568125 0.0583333 0.04625 0.0293056 0.868164
0 0.966875 0.948889 0.06625 0.1 0.862305
0 0.420625 0.0847222 0.0475 0.0345833 0.851074
2 0.764375 0.121076 0.01625 0.0411806 0.836426
0 0.796875 0.0970833 0.04875 0.0394444 0.833496
0 0.254375 0.122188 0.028125 0.0295139 0.822266
2 0.9075 0.249028 0.0175 0.0652778 0.822266
0 0.011709 0.945556 0.0233008 0.105556 0.822266
0 0.7525 0.0522917 0.04 0.0284722 0.816406
7 0.7425 0.173194 0.00499999 0.0208333 0.805664
0 0.0924805 0.230556 0.0262891 0.0341667 0.801758
0 0.0745703 0.230139 0.0278906 0.0441667 0.795898
5 0.3525 0.107986 0.04875 0.0423611 0.789062
0 0.364375 0.0751389 0.016875 0.0241667 0.785156
0 0.7725 0.0626389 0.03625 0.0255556 0.777344
0 0.92875 0.0894445 0.025 0.0208333 0.773438
0 0.401563 0.0644445 0.01625 0.0233333 0.740234
0 0.0646094 0.265833 0.02875 0.0294444 0.732422
2 0.951875 0.314444 0.025 0.0766667 0.722656
0 0.8275 0.06375 0.0375 0.0269444 0.712402
0 0.0114648 0.311111 0.0229297 0.0355555 0.700684
0 0.5075 0.00732639 0.00812499 0.0103472 0.682617
0 0.32375 0.0903472 0.02 0.0277778 0.677246
2 0.0849805 0.279444 0.0128516 0.0311111 0.666992
2 0.595313 0.0402951 0.0125 0.0205208 0.654785
0 0.432188 0.0494444 0.011875 0.0183333 0.625977
0 0.346875 0.0790278 0.015 0.0229167 0.592773
0 0.425625 0.0573611 0.0175 0.0202778 0.57373
0 0.338438 0.0786111 0.013125 0.0213889 0.556641
2 0.0411035 0.342778 0.0116992 0.0411111 0.550781
0 0.390625 0.0663194 0.0125 0.02375 0.521484
0 0.205313 0.163333 0.035 0.0288889 0.513672
7 0.027207 0.378889 0.00546875 0.0177778 0.494141
2 0.141719 0.182778 0.008125 0.0222222 0.488281
0 0.390938 0.0577083 0.0125 0.01875 0.484375
2 0.224063 0.150417 0.0121875 0.0286111 0.46875
7 0.7525 0.161111 0.00625 0.0194444 0.455078
0 0.405 0.0466667 0.0125 0.0168056 0.44751
1 0.3425 0.061875 0.019375 0.0368056 0.445557
0 0.423125 0.0344097 0.010625 0.0160417 0.443604
0 0.385625 0.0681944 0.016875 0.0222222 0.437744
0 0.0448828 0.283889 0.0309375 0.0411111 0.437744
0 0.4125 0.0461111 0.01125 0.0161111 0.435791
0 0.35 0.0780556 0.01375 0.0227778 0.428223
7 0.704375 0.0788889 0.00374997 0.0116667 0.428223
0 0.42875 0.0552778 0.016875 0.0219444 0.422607
7 0.753125 0.159444 0.00625 0.0188889 0.420654
0 0.379375 0.045434 0.0125 0.0157986 0.394287
2 0.227188 0.142778 0.00687501 0.0227778 0.392334
0 0.43125 0.0211111 0.00749998 0.0108333 0.365723
0 0.3525 0.107639 0.04875 0.0433333 0.363037
7 0.94375 0.220556 0.00499999 0.015 0.361084
0 0.392188 0.0504167 0.01125 0.0175 0.355713
0 0.0114844 0.288611 0.0192969 0.0277778 0.325928
0 0.375313 0.0676389 0.014375 0.0216667 0.319092
7 0.164063 0.206111 0.00374999 0.0122222 0.315674
0 0.0109082 0.306111 0.0216992 0.0311111 0.307373
0 0.0438281 0.292222 0.0310938 0.0411111 0.299072
2 0.0470703 0.308056 0.0129688 0.0372222 0.297363
0 0.413125 0.031875 0.00749998 0.0133333 0.295898
0 0.404063 0.0333333 0.010625 0.0122222 0.286133
7 0.70125 0.198056 0.00750001 0.0247222 0.284668
0 0.3725 0.0570833 0.01 0.0159722 0.284668
0 0.37875 0.0704167 0.013125 0.0223611 0.275146
7 0.74375 0.124861 0.00499999 0.0169444 0.264404
0 0.431875 0.0285417 0.00874999 0.0122222 0.26123
0 0.211719 0.1625 0.0240625 0.03 0.250977
0 0.40875 0.0646528 0.0175 0.0220833 0.246582
0 0.410625 0.0545833 0.015 0.0188889 0.229492
2 0.19625 0.168611 0.0165625 0.0283333 0.222046
0 0.00836914 0.284722 0.0167383 0.035 0.215332
7 0.655 0.0481944 0.00249996 0.00888889 0.20752
7 0.70125 0.0777778 0.00499999 0.0163889 0.204346
0 0.356875 0.0630556 0.015 0.0291667 0.191284
7 0.0667578 0.298333 0.0053125 0.0166667 0.191284
7 0.945 0.213056 0.00499999 0.0161111 0.187134
2 0.05375 0.301111 0.0096875 0.0333333 0.187134
0 0.359375 0.0558333 0.015 0.0209722 0.183594
3 0.0494531 0.305833 0.011875 0.0388889 0.178955
2 0.199063 0.167222 0.023125 0.0333333 0.176636
1 0.35375 0.0621528 0.02 0.0345833 0.14856
7 0.67125 0.0508333 0.00374997 0.0127778 0.147095
7 0.745 0.128056 0.00499999 0.0183333 0.146118
2 0.0560938 0.301111 0.0096875 0.0333333 0.141724
0 0.38 0.0731944 0.01625 0.0240278 0.136108
7 0.65 0.0524306 0.00249996 0.0109722 0.131592
7 0.76375 0.151944 0.00625 0.0186111 0.129883
5 0.00976563 0.280833 0.0195313 0.0361111 0.128052
0 0.0059668 0.318889 0.0119336 0.0355555 0.125977
0 0.77125 0.065 0.0425001 0.0313889 0.125977
2 0.61625 0.0269097 0.00499999 0.015 0.125488
3 0.954375 0.292222 0.0125 0.0544444 0.121277
0 0.0500391 0.270556 0.0240625 0.03 0.112793
7 0.144844 0.221389 0.003125 0.00944444 0.110107
7 0.144063 0.211806 0.00375001 0.0125 0.107788
3 0.0419141 0.348889 0.00882813 0.0388889 0.107788
7 0.7 0.201389 0.00750001 0.0338889 0.107056
7 0.94125 0.219306 0.00500005 0.0175 0.106323
2 0.182656 0.165833 0.00656249 0.0244444 0.104492
0 0.0402734 0.286667 0.0369531 0.0422222 0.0984497
0 0.0114844 0.292778 0.0221875 0.0288889 0.088501
7 0.77375 0.146667 0.00499999 0.0172222 0.0881958
7 0.285625 0.115417 0.003125 0.0102778 0.0838623
7 0.673125 0.0495833 0.00374997 0.0111111 0.0806274
0 0.826875 0.0695833 0.0375 0.0316667 0.078064
0 0.9875 0.962222 0.0249999 0.0711112 0.0747681
0 0.437188 0.0145139 0.00750001 0.011875 0.0734253
0 0.398438 0.0334028 0.00937503 0.0123611 0.0628052
2 0.7275 0.0349653 0.00500005 0.0160417 0.0589905
2 0.220781 0.148056 0.0090625 0.025 0.0516663
2 0.95625 0.315 0.02 0.0822222 0.0509033
2 0.3325 0.100556 0.010625 0.0283333 0.0507202
7 0.778125 0.143611 0.00625 0.0177778 0.0454407
1 0.35875 0.0561111 0.0175 0.0222222 0.0438538
0 0.00559082 0.269444 0.011123 0.0233333 0.0381775
2 0.215313 0.144167 0.0096875 0.0222222 0.0375977
7 0.0679688 0.297778 0.00570313 0.0172222 0.0368958
2 0.170313 0.160556 0.0078125 0.0177778 0.0309143
7 0.690625 0.186667 0.00625 0.0241667 0.0305634
0 0.784375 0.0868056 0.0275 0.0291667 0.0288696
2 0.1825 0.160833 0.00625 0.0222222 0.0287628
0 0.411563 0.0238194 0.00812502 0.0109722 0.0264587
2 0.139063 0.182778 0.0134375 0.0230555 0.0245209
2 0.0440625 0.318889 0.0221875 0.05 0.0244293
0 0.0118262 0.261736 0.0135352 0.0231944 0.0239563
7 0.0752344 0.292778 0.00421875 0.0133334 0.0230713
2 0.137969 0.179722 0.0154687 0.0205556 0.0227966
3 0.96 0.315 0.0125 0.0794444 0.0201721
3 0.2275 0.134028 0.00656249 0.0227778 0.0197144
0 0.775625 0.0692361 0.04125 0.025 0.0194244
0 0.444063 0.0153472 0.00625 0.0116667 0.0186157
2 0.735 0.0353125 0.00499999 0.0165972 0.0181274
0 0.392813 0.0722917 0.016875 0.0247222 0.016922
7 0.930625 0.237639 0.00625 0.0202778 0.0161591
7 0.73 0.123889 0.00499999 0.0172222 0.016098
2 0.116406 0.187361 0.0084375 0.0225 0.0159607
2 0.178125 0.16 0.0125 0.0213889 0.0158997
7 0.00589356 0.379444 0.00693359 0.0255555 0.014389
0 0.133828 0.181389 0.025 0.0255556 0.0137405
0 0.99625 0.124722 0.00749995 0.025 0.0132217
3 0.124531 0.216389 0.0040625 0.0233333 0.0130234
0 0.0486621 0.276944 0.0386133 0.0405555 0.01297
0 0.42125 0.0820833 0.03625 0.0336111 0.0115051
0 0.449375 0.0189583 0.00625 0.00958333 0.0114212
0 0.455 0.0127083 0.00499999 0.00819445 0.0106125
7 0.68625 0.0786111 0.00499999 0.0119444 0.0105667
0 0.8275 0.0747222 0.0375 0.0279167 0.0104065
2 0.234531 0.138889 0.00437501 0.0144444 0.0101318
3 0.88375 0.0589583 0.00499999 0.0236111 0.00963593
1 0.340625 0.06625 0.0275 0.0408333 0.0091629
7 0.16875 0.199306 0.00406251 0.0116667 0.00894928
0 0.768125 0.0563889 0.035 0.025 0.00891876
2 0.0439746 0.338611 0.0161133 0.0405555 0.0086441
0 0.4275 0.0135069 0.00750001 0.0110417 0.00837708
7 0.69 0.0536111 0.00250003 0.0111111 0.00803375
7 0.140313 0.212778 0.00406251 0.0147222 0.00800323
2 0.5975 0.0378472 0.01625 0.0209722 0.00784302
0 0.514688 0.00767361 0.00812502 0.0100694 0.00760651
3 0.519063 0.0509722 0.01125 0.0197222 0.00754929
7 0.695 0.0490278 0.00250003 0.0113889 0.00698471
7 0.154844 0.221389 0.003125 0.00972222 0.0069046
2 0.65625 0.0328472 0.00499999 0.0118056 0.0068779
0 0.958125 0.104514 0.01625 0.01625 0.00669098
0 0.0167188 0.298333 0.0219141 0.0261111 0.00661469
7 0.155938 0.209444 0.0034375 0.0105555 0.00593567
0 0.5 0.00439236 0.00687501 0.00878472 0.00593567
0 0.00371826 0.340556 0.00733887 0.0466667 0.00577545
0 0.881875 0.0513889 0.00999997 0.0169444 0.00575256
2 0.0536719 0.280556 0.0192188 0.0416667 0.00568771
2 0.0464844 0.245694 0.0078125 0.0175 0.00561905
0 0.48375 0.00927083 0.00499999 0.009375 0.00548935
2 0.546875 0.0530556 0.00625 0.0222222 0.00547028
3 0.89375 0.0672917 0.00499999 0.0175 0.00527954
0 0.356875 0.102083 0.04 0.0375 0.00518036
3 0.0331641 0.261944 0.00851563 0.0161111 0.00502014
7 0.295 0.114722 0.003125 0.0111111 0.00475693
0 0.99625 0.133611 0.00749995 0.0305556 0.00471878
2 0.106875 0.193056 0.0071875 0.0175 0.00468063
7 0.96125 0.343333 0.00750001 0.0255556 0.00468063
2 0.178281 0.164167 0.0128125 0.0236111 0.00450516
0 0.934375 0.0971528 0.0275 0.0204167 0.00432968
7 0.774375 0.142083 0.00374997 0.0166667 0.00429916
3 0.89 0.0625 0.00374997 0.0230556 0.00413513
3 0.696875 0.0244792 0.00499999 0.0160417 0.00399017
2 0.715 0.0659722 0.00749995 0.0277778 0.00380898
0 0.0717188 0.223333 0.0296875 0.0344445 0.00376511
3 0.00420898 0.378889 0.00685547 0.0288889 0.00372124
7 0.6875 0.183333 0.00499999 0.0213889 0.00370789
0 0.95125 0.102986 0.015 0.0195833 0.00362206
0 0.21375 0.145972 0.02375 0.0263889 0.00327301
7 0.0245313 0.329444 0.00351563 0.0188889 0.00327301
0 0.69875 0.825556 0.13125 0.344444 0.00327301
0 0.54 0.00444444 0.00687497 0.00888889 0.00322342
2 0.0772656 0.273333 0.0254688 0.0338889 0.00317192
3 0.95375 0.283889 0.00999997 0.0516667 0.00311089
2 0.195625 0.176528 0.0128125 0.035 0.00309944
3 0.943125 0.299167 0.015 0.0538889 0.00304031
0 0.773125 0.0577778 0.03625 0.0258333 0.00298119
7 0.654375 0.0608333 0.00374997 0.01 0.0029583
0 0.0272656 0.268333 0.0207813 0.0255556 0.0029583
7 0.306406 0.0998611 0.00500002 0.0131944 0.00293541
0 0.247813 0.320556 0.050625 0.0977778 0.00281143
7 0.64625 0.0483333 0.00250003 0.00833333 0.00279999
0 0.9775 0.115139 0.0125 0.0183333 0.00277901
0 0.9875 0.118576 0.015 0.0195139 0.00275803
3 0.714375 0.1675 0.01 0.0819444 0.00253105
7 0.0061023 0.381111 0.00896729 0.0261111 0.00234222
2 0.166563 0.166944 0.00562499 0.0177778 0.00228691
0 0.25375 0.129444 0.0309375 0.0383333 0.00227928
5 0.0062793 0.250139 0.0125586 0.0330556 0.00223351
2 0.565625 0.0316319 0.00625 0.0132639 0.00218201
3 0.73 0.0963889 0.00499999 0.0333333 0.00214958
3 0.295313 0.102222 0.00375001 0.0138889 0.00200272
2 0.550625 0.0186806 0.00750001 0.0109722 0.00198746
3 0.714375 0.174444 0.00750001 0.0638889 0.00190449
2 0.69125 0.0231944 0.00750001 0.0170833 0.00190449
0 0.930625 0.0797222 0.0225 0.0202778 0.00190449
2 0.227188 0.132083 0.00687501 0.0313889 0.00189686
0 0.49 0.171389 0.055 0.0827778 0.00185299
7 0.115156 0.244167 0.004375 0.015 0.00181007
0 0.256563 0.357778 0.06625 0.09 0.0017271
2 0.0523828 0.214444 0.00929688 0.0211111 0.0015974
0 0.0293555 0.2925 0.0526953 0.0538889 0.00154305
2 0.52 0.0501389 0.01375 0.0208333 0.00153637
7 0.615625 0.285833 0.075 0.124444 0.00150108
7 0.72625 0.131667 0.00499999 0.0147222 0.00148964
0 0.272969 0.224722 0.00750001 0.0241667 0.00139904
0 0.465625 0.00979167 0.00500002 0.00916667 0.00139427
3 0.469375 0.0595833 0.00687501 0.0225 0.00139427
0 0.780625 0.0764583 0.0487501 0.0430556 0.00138283
0 0.46 0.00524306 0.00625 0.0104861 0.00137806
0 0.44375 0.0244097 0.00749998 0.0130556 0.00135136
0 0.973125 0.107222 0.01375 0.0188889 0.00134563
2 0.625625 0.0296528 0.00374997 0.00902778 0.00131512
0 0.75 0.0640278 0.045 0.0316667 0.00129414
7 0.105234 0.274444 0.00390625 0.0133333 0.0012846
0 0.470938 0.0195139 0.00625 0.00930555 0.0012846
0 0.0464063 0.2275 0.011875 0.0194444 0.00121593
0 0.94125 0.0950694 0.04 0.0256944 0.00118351
0 0.545 0.00892361 0.00625 0.00930556 0.00116062
1 0.345703 0.0401736 0.134844 0.0803472 0.00113392
0 0.268438 0.381667 0.078125 0.0666667 0.00112438
7 0.9325 0.241667 0.00750001 0.0216667 0.00111198
0 0.0200781 0.247083 0.0194531 0.0241667 0.00109863
7 0.0655469 0.303056 0.00476563 0.0233333 0.00109482
7 0.96875 0.31 0.0125 0.0622222 0.00109482
2 0.179375 0.153611 0.00999999 0.0272222 0.00107288
7 0.75 0.126667 0.00499999 0.0305556 0.00105286
0 0.441875 0.0477951 0.01125 0.0202431 0.00104809
2 0.734375 0.109132 0.01 0.0395139 0.00104046
7 0.053125 0.3475 0.00648438 0.0222222 0.00104046
2 0.6975 0.0181944 0.00750001 0.0195833 0.00103188
3 0.485 0.138333 0.00625 0.0244444 0.00102425
5 0.0125952 0.2525 0.0187158 0.0288889 0.00102425
2 0.090625 0.279167 0.01 0.0244444 0.00101185
