0 0.216094 0.589444 0.138438 0.233333 0.962891
0 0.122109 0.586667 0.128906 0.21 0.953125
0 0.0789063 0.908889 0.153438 0.182222 0.952637
0 0.320313 0.322222 0.08375 0.118889 0.93457
0 0.153594 0.317778 0.0615625 0.0966667 0.923828
0 0.280313 0.293056 0.076875 0.0961111 0.92041
0 0.2475 0.2 0.043125 0.0586111 0.895508
0 0.540625 0.0883333 0.02625 0.0363889 0.893066
0 0.498125 0.0974306 0.02625 0.0381944 0.88623
0 0.32625 0.122917 0.026875 0.0336111 0.885742
0 0.0343359 0.441667 0.0686719 0.12 0.877441
0 0.465 0.0618056 0.0175 0.0234722 0.876465
0 0.154844 0.246528 0.045 0.0658333 0.876465
0 0.0220313 0.914445 0.04375 0.166667 0.866211
0 0.09375 0.250833 0.0357812 0.0366667 0.865234
0 0.316875 0.0870833 0.01875 0.0201389 0.854004
0 0.0187793 0.543194 0.0375586 0.138056 0.853027
0 0.388438 0.0654167 0.015 0.0216667 0.84082
0 0.230625 0.189028 0.04 0.0666667 0.837402
0 0.2825 0.107222 0.02875 0.0261111 0.833496
0 0.245313 0.127778 0.029375 0.0277778 0.82666
0 0.40125 0.0633333 0.0175 0.0230556 0.806641
2 0.686875 0.158056 0.02625 0.0597222 0.791992
0 0.0363086 0.303333 0.0349609 0.0422222 0.788086
0 0.33125 0.0757639 0.01625 0.0190278 0.785156
0 0.755625 0.0641667 0.03875 0.0240278 0.78125
0 0.5025 0.0419271 0.01375 0.0183681 0.779785
0 0.353125 0.0594444 0.011875 0.0180556 0.763672
0 0.554688 0.0215278 0.01875 0.0175694 0.746094
0 0.421875 0.0595139 0.014375 0.0205556 0.740234
7 0.242188 0.282222 0.00687499 0.0244444 0.730957
0 0.471875 0.0356944 0.011875 0.0181944 0.729492
0 0.73375 0.0601389 0.03375 0.0238889 0.728027
7 0.743125 0.1725 0.00625 0.0211111 0.726562
0 0.050459 0.383333 0.0486133 0.0611111 0.699219
2 0.0387891 0.346667 0.0166406 0.04 0.697754
0 0.0230713 0.3025 0.027373 0.0322222 0.680664
7 0.75125 0.160694 0.00499999 0.0191667 0.673828
0 0.905625 0.0880556 0.0275 0.0230556 0.672363
0 0.00802734 0.324444 0.0160547 0.0294445 0.658203
0 0.776875 0.0526389 0.0325 0.0226389 0.654785
0 0.813125 0.06625 0.0362501 0.0227778 0.640625
0 0.381875 0.0415278 0.01 0.0151389 0.633301
7 0.944375 0.213889 0.00500005 0.0175 0.633301
3 0.0159766 0.3475 0.00832031 0.0383334 0.633301
0 0.0508203 0.276111 0.030625 0.03 0.618652
0 0.93875 0.0958333 0.02625 0.0233333 0.616699
0 0.43125 0.0506944 0.011875 0.0188889 0.615234
0 0.370313 0.0508333 0.01125 0.015 0.611328
0 0.0569531 0.279444 0.033125 0.0322222 0.604004
0 0.495625 0.0274306 0.01125 0.0176389 0.602051
0 0.86 0.0803472 0.0375 0.0251389 0.59082
0 0.515 0.0129861 0.01 0.0141667 0.57959
0 0.5075 0.0332639 0.0125 0.0179167 0.548828
0 0.9675 0.104861 0.0225 0.0208333 0.548828
0 0.0613281 0.278056 0.0304688 0.03 0.541016
0 0.78375 0.0657639 0.04 0.0231944 0.470703
0 0.506875 0.0209722 0.01 0.0127778 0.449463
0 0.484375 0.0149306 0.00749998 0.0125694 0.44751
0 0.504375 0.00958333 0.00750001 0.01125 0.435791
2 0.72875 0.118194 0.01125 0.0466667 0.425293
7 0.70375 0.0790278 0.00250003 0.0122222 0.40918
2 0.223125 0.140972 0.00562499 0.0211111 0.392334
7 0.94125 0.216667 0.00500005 0.0186111 0.385742
0 0.77 0.0623611 0.04 0.0252778 0.38501
0 0.78625 0.0625694 0.04125 0.0256944 0.383057
7 0.74375 0.124583 0.00499999 0.0161111 0.377441
0 0.0184082 0.301944 0.0243555 0.0316667 0.375732
7 0.026875 0.38 0.00617187 0.0188889 0.37207
0 0.421875 0.0284722 0.00874999 0.0145833 0.370117
2 0.694375 0.0584028 0.00625 0.0290278 0.354004
7 0.7675 0.13 0.00499999 0.0166667 0.352295
7 0.94375 0.21875 0.00499999 0.0177778 0.346924
0 0.4075 0.0502083 0.013125 0.0179167 0.343262
0 0.413125 0.0250694 0.00874999 0.0127778 0.332764
0 0.41125 0.0235069 0.00999997 0.0120139 0.326904
0 0.389688 0.0623611 0.01625 0.0233333 0.323486
0 0.82125 0.0676389 0.0325 0.0244444 0.320801
0 0.774375 0.0656944 0.0425001 0.0272222 0.315674
0 0.93875 0.0911111 0.0275 0.0211111 0.30249
0 0.0467969 0.279167 0.0277344 0.0338889 0.297363
0 0.496563 0.0122917 0.00812499 0.00993056 0.295898
7 0.70125 0.199028 0.00750001 0.0241667 0.294189
0 0.420938 0.0488889 0.01125 0.0155556 0.289307
0 0.86125 0.0739583 0.03 0.0204167 0.289307
0 0.783125 0.0588889 0.04125 0.0266667 0.269043
2 0.214688 0.141944 0.00562499 0.0211111 0.265869
0 0.7625 0.0597222 0.0425 0.0244444 0.265869
0 0.410625 0.0611111 0.01125 0.0216667 0.26123
0 0.493438 0.0216667 0.009375 0.01375 0.26123
0 0.409063 0.0599306 0.015 0.0218056 0.250977
3 0.0147266 0.348889 0.00707031 0.0388889 0.245117
7 0.65125 0.0520833 0.00250003 0.0108333 0.235107
3 0.220938 0.141389 0.005 0.0233333 0.233765
7 0.655 0.0480556 0.00249996 0.00888889 0.217285
7 0.67125 0.0513889 0.00250003 0.0119444 0.210815
7 0.75375 0.157639 0.00499999 0.0180556 0.208862
7 0.745 0.127778 0.00499999 0.0177778 0.193726
7 0.70125 0.0756944 0.00499999 0.0177778 0.189575
7 0.0658203 0.298056 0.00437501 0.0138889 0.188965
0 0.483125 0.0251389 0.00750001 0.0145833 0.177856
7 0.163906 0.204722 0.00406249 0.0122222 0.158691
0 0.40375 0.0291667 0.00750001 0.00805556 0.156616
0 0.0392188 0.298333 0.0360938 0.0388889 0.154053
0 0.414375 0.0511111 0.0125 0.0166667 0.141724
7 0.0757813 0.293333 0.00390625 0.0122222 0.140869
3 0.146484 0.175139 0.0046875 0.0180556 0.136108
3 0.215 0.146111 0.0046875 0.0222222 0.135742
0 0.0232764 0.297778 0.0243848 0.0322222 0.130737
0 0.4425 0.0142361 0.00750001 0.0111111 0.125977
3 0.0123633 0.340556 0.0122266 0.0488889 0.125488
5 0.43625 0.0111806 0.00625 0.0113889 0.124634
0 0.745 0.0633333 0.045 0.0261111 0.121704
7 0.7525 0.161806 0.00500005 0.0211111 0.103394
7 0.688125 0.184028 0.00750001 0.0227778 0.103394
0 0.49875 0.00493056 0.00750001 0.00986111 0.103027
0 0.4625 0.0629167 0.0175 0.0266667 0.092041
3 0.00435059 0.377778 0.00860352 0.0311111 0.0917358
0 0.815 0.0702778 0.04 0.0269444 0.0872803
0 0.234063 0.173889 0.034375 0.0419444 0.0866089
7 0.143906 0.213889 0.00406249 0.0180556 0.0863037
0 0.435 0.0300347 0.00687501 0.0120833 0.0853882
3 0.204688 0.153889 0.00562501 0.02 0.0806274
3 0.0184766 0.343333 0.00742188 0.0388889 0.0748901
2 0.223281 0.144722 0.00562499 0.0211111 0.0745239
0 0.965 0.108472 0.025 0.0252778 0.0698242
0 0.00958008 0.330556 0.0134766 0.0355555 0.0698242
2 0.726875 0.0351389 0.00625 0.0156944 0.0653687
7 0.594688 0.0456944 0.00374997 0.0133333 0.0653687
7 0.69 0.186667 0.00625 0.0244444 0.0639648
7 0.241875 0.283889 0.0096875 0.0277778 0.0618896
0 0.0529297 0.280833 0.0299219 0.0372222 0.0613098
0 0.93125 0.0901389 0.025 0.0211111 0.0570679
0 0.0518848 0.271667 0.0270117 0.0255556 0.0558167
2 0.133438 0.176389 0.00765626 0.0180556 0.0495911
0 0.9725 0.106389 0.02625 0.0213889 0.0470886
0 0.398125 0.05625 0.01125 0.0219444 0.0453491
7 0.0685156 0.298889 0.0053125 0.0166667 0.0440063
0 0.335625 0.0706944 0.01375 0.0181944 0.0440063
7 0.76625 0.125833 0.00499999 0.0180556 0.0391846
0 0.471875 0.02375 0.01 0.0125 0.0389099
0 0.466875 0.0549306 0.015 0.0238889 0.0387573
2 0.73125 0.114028 0.0125 0.0452778 0.0386047
2 0.00866699 0.27 0.0121387 0.0222222 0.0386047
0 0.82125 0.0729861 0.035 0.0252778 0.0383301
0 0.035625 0.414167 0.0529688 0.0738889 0.0359497
0 0.45375 0.00927083 0.00562499 0.00798611 0.0344849
2 0.615313 0.0299306 0.00437501 0.0148611 0.0302124
7 0.143516 0.224306 0.00562499 0.0230556 0.0287628
3 0.164844 0.158611 0.0059375 0.0177778 0.0285492
7 0.0835938 0.291111 0.005 0.0138889 0.0282135
7 0.694375 0.185 0.00625 0.0219444 0.0281067
7 0.68625 0.0783333 0.00499999 0.0116667 0.0273743
0 0.0334375 0.291389 0.0314063 0.0338889 0.0265503
0 0.0477246 0.273333 0.0287695 0.0311111 0.0263519
0 0.478125 0.015625 0.00812502 0.0131944 0.0262604
0 0.85625 0.0770833 0.035 0.0277778 0.0254669
0 0.470625 0.037934 0.0125 0.0191319 0.0230713
0 0.00441406 0.272778 0.00882813 0.0222222 0.0227203
2 0.883125 0.0516667 0.00625 0.0163889 0.0216217
0 0.330625 0.0726389 0.015 0.0194444 0.021286
0 0.43125 0.0216319 0.00749998 0.00902778 0.0205994
0 0.7825 0.0709028 0.0375 0.0256944 0.0201721
7 0.665 0.0475 0.00250003 0.00916667 0.0200195
0 0.0310156 0.42 0.0410938 0.0727778 0.0187683
0 0.00684082 0.270278 0.0135645 0.0244444 0.018692
0 0.510625 0.0314931 0.010625 0.0170139 0.0179138
7 0.705 0.04625 0.00375004 0.0119444 0.016983
2 0.734375 0.035 0.00625 0.0161111 0.0168457
2 0.0436328 0.355833 0.0264063 0.0438889 0.0167847
0 0.730625 0.05625 0.035 0.0225 0.0153656
3 0.715 0.0721528 0.00500005 0.0286111 0.014389
0 0.78875 0.0572222 0.04125 0.0272222 0.0140076
0 0.975 0.11309 0.0225 0.0210417 0.0137405
3 0.88375 0.0597222 0.00499999 0.0194444 0.0134277
0 0.551875 0.0190972 0.01875 0.0195833 0.0133286
3 0.168438 0.158333 0.005 0.0166667 0.0132217
2 0.0407031 0.345 0.0225 0.0388889 0.0129242
3 0.140625 0.221111 0.008125 0.0255555 0.0128708
7 0.77375 0.146667 0.00499999 0.0155556 0.0123825
2 0.11375 0.187778 0.01125 0.0238889 0.012146
0 0.968125 0.100486 0.02375 0.0209722 0.012146
0 0.00391602 0.382778 0.00770508 0.0455556 0.0120544
0 0.941875 0.0915278 0.02875 0.0261111 0.011467
3 0.890625 0.0629167 0.00375004 0.0225 0.0113297
0 0.905 0.0825 0.03 0.025 0.0112457
3 0.89375 0.065 0.00499999 0.02 0.0110321
0 0.0494531 0.3 0.0182813 0.0355555 0.0109482
3 0.209688 0.155833 0.005 0.0202778 0.0105667
0 0.449688 0.0168056 0.00625 0.0113889 0.00948334
0 0.459375 0.00380208 0.00625 0.00760417 0.00926971
7 0.123516 0.21875 0.00453126 0.0186111 0.0091629
3 0.165781 0.16375 0.00406249 0.02 0.0086441
0 0.00900391 0.472222 0.0179688 0.0922223 0.00847626
7 0.58625 0.0452778 0.00375004 0.0122222 0.00837708
0 0.751875 0.0682639 0.04125 0.0301389 0.00818634
0 0.43 0.0563889 0.01125 0.0191667 0.00800323
7 0.0653906 0.305 0.0046875 0.0194444 0.00793457
0 0.00971191 0.272222 0.0127637 0.0222222 0.00766754
2 0.0101855 0.267778 0.0116797 0.02 0.00723267
7 0.76375 0.149444 0.00499999 0.015 0.0069313
2 0.21 0.14375 0.01625 0.0227778 0.0064888
7 0.0946875 0.268333 0.00609375 0.0283333 0.00591278
2 0.8775 0.0509722 0.00875003 0.0180556 0.00582123
0 0.128906 0.179167 0.0278125 0.0233333 0.00559998
0 0.755 0.0575 0.055 0.0247222 0.00540543
0 0.0124414 0.462778 0.0247266 0.0744444 0.0053215
0 0.0391406 0.2775 0.0317188 0.0327778 0.0053215
0 0.369688 0.0568056 0.01125 0.0186111 0.00511932
7 0.710625 0.0559028 0.00750001 0.0175 0.0049057
0 0.0277344 0.431667 0.0530469 0.09 0.00481033
3 0.715 0.173611 0.00749995 0.0716667 0.00479126
3 0.00576172 0.376944 0.0107813 0.0333333 0.00477219
3 0.00600586 0.345 0.00978516 0.0466667 0.00475693
0 0.0441016 0.402222 0.0500781 0.07 0.00471878
0 0.38375 0.065 0.015 0.0216667 0.00466537
0 0.396875 0.0295486 0.00749998 0.00902778 0.0046463
7 0.74875 0.125833 0.00499999 0.0188889 0.00457382
0 0.93875 0.104583 0.0275 0.0361111 0.00397491
0 0.99625 0.136944 0.00749995 0.0277778 0.00385475
3 0.20625 0.165 0.008125 0.0336111 0.00367928
7 0.70125 0.199722 0.00750001 0.0372222 0.00359344
5 0.00430664 0.250556 0.00861328 0.0294444 0.00345612
0 0.415 0.0142708 0.00687501 0.0113889 0.00341606
7 0.67375 0.0507639 0.00375004 0.0108333 0.00340271
0 0.00951172 0.458056 0.0189648 0.0622223 0.00325966
2 0.0455469 0.246111 0.00734375 0.0166667 0.00324821
0 0.99625 0.125 0.00749995 0.0247222 0.00299263
7 0.239063 0.285556 0.0096875 0.025 0.00298119
0 0.0189844 0.464722 0.0378906 0.0744445 0.0029583
0 0.00744141 0.483889 0.0148828 0.09 0.00275803
5 0.0188672 0.567222 0.0377344 0.198889 0.0027256
2 0.194375 0.153056 0.00562499 0.0261111 0.00269318
3 0.234688 0.154167 0.00562501 0.0183333 0.0026207
2 0.0555469 0.249444 0.011875 0.02 0.00259018
7 0.155781 0.208889 0.00406249 0.0133333 0.00251198
5 0.0344336 0.442222 0.0676172 0.119444 0.00247192
7 0.25625 0.265278 0.00843749 0.0294445 0.00229645
2 0.7075 0.06875 0.00999997 0.0254167 0.00220871
0 0.00758789 0.606667 0.0151758 0.113333 0.00215721
0 0.0146484 0.589028 0.0292969 0.126389 0.00206757
0 0.0218945 0.246667 0.0153516 0.02 0.00203514
3 0.229375 0.129167 0.011875 0.0272222 0.00202751
0 0.0587109 0.371667 0.0305469 0.0488889 0.00198746
2 0.603438 0.0325347 0.00562496 0.0192361 0.00194168
3 0.89375 0.0546528 0.00499999 0.0211111 0.00194168
0 0.968125 0.119965 0.02 0.0295139 0.00190449
5 0.0298438 0.581111 0.059375 0.13 0.00188255
0 0.555 0.0193056 0.02125 0.0183333 0.00185299
7 0.106563 0.228056 0.0065625 0.0161111 0.00181007
0 0.0350586 0.424167 0.0662109 0.0805556 0.00179577
2 0.0368359 0.341389 0.0177344 0.0455556 0.00174809
3 0.72875 0.0970833 0.0125 0.0433333 0.00174141
3 0.275625 0.0884722 0.00687501 0.0186111 0.00171375
0 0.85875 0.0651389 0.0375 0.0266667 0.00156116
7 0.0839063 0.282778 0.0059375 0.0188889 0.00154877
3 0.155156 0.174167 0.00406251 0.0144444 0.00150108
3 0.14625 0.182778 0.004375 0.0216667 0.0014782
3 0.190781 0.158056 0.0065625 0.025 0.0014267
0 0.418438 0.0645833 0.014375 0.0236111 0.00141621
0 0.17375 0.156667 0.010625 0.0227778 0.00141048
1 0.37 0.0356944 0.015625 0.0290278 0.00137806
3 0.58375 0.011875 0.00500005 0.0128472 0.00131512
3 0.969375 0.164722 0.00749995 0.0347222 0.00130463
5 0.0137305 0.592778 0.0274609 0.21 0.00130463
0 0.0661719 0.2675 0.0401563 0.0261111 0.00128937
3 0.65625 0.0336111 0.00499999 0.0133333 0.0012846
5 0.372813 0.0319792 0.009375 0.0207639 0.00127888
7 0.708125 0.905556 0.00625 0.0144445 0.00123024
7 0.95375 0.271111 0.00500005 0.0222222 0.00122547
5 0.0173535 0.246389 0.0153711 0.0205556 0.00121593
0 0.371875 0.0565972 0.01375 0.0204167 0.00121117
2 0.82625 0.0522222 0.0125 0.025 0.00113392
0 0.423125 0.0150694 0.00625 0.0118056 0.0011158
0 0.123281 0.185 0.01 0.025 0.0011158
0 0.979375 0.139167 0.02125 0.0277778 0.00107288
7 0.69625 0.0768056 0.00500005 0.0138889 0.00106525
0 0.8575 0.0851389 0.0425 0.0325 0.00104046
0 0.157656 0.235278 0.0396875 0.0461111 0.00102425
3 0.705 0.0304861 0.00499999 0.0148611 0.00102043
