0 0.195 0.79 0.129063 0.182222 0.950684
0 0.2125 0.597222 0.09375 0.114444 0.925781
1 0.8475 0.775555 0.305 0.448889 0.924316
0 0.400938 0.512222 0.053125 0.0811111 0.921875
0 0.544375 0.437778 0.0425 0.0677778 0.90332
0 0.126719 0.547917 0.0715625 0.0863889 0.90332
0 0.48375 0.436111 0.040625 0.07 0.902832
5 0.463125 0.707778 0.095 0.262222 0.899902
0 0.0314844 0.616667 0.0629688 0.106667 0.896973
0 0.0612109 0.438889 0.0332031 0.0288889 0.866211
0 0.24 0.400556 0.033125 0.0388889 0.862305
0 0.911875 0.368611 0.0375 0.0322222 0.842773
1 0.1925 0.392778 0.08125 0.0877778 0.841309
7 0.235469 0.503333 0.00718751 0.0238889 0.829102
0 0.0144922 0.47 0.0288281 0.0288889 0.820801
0 0.480313 0.341944 0.0225 0.0361111 0.813965
0 0.152813 0.455 0.04875 0.0555556 0.808105
5 0.338125 0.323333 0.021875 0.04 0.801758
0 0.387813 0.324444 0.016875 0.0233333 0.799316
0 0.50875 0.318611 0.019375 0.0344445 0.791992
0 0.334375 0.358333 0.025 0.0311111 0.782715
0 0.0412891 0.555 0.0572656 0.0711112 0.773438
0 0.713125 0.325 0.0375 0.0277778 0.766113
0 0.751875 0.329722 0.0375 0.0283333 0.744629
7 0.666875 0.463611 0.00625 0.0227778 0.741699
0 0.515 0.283056 0.01125 0.0161111 0.732422
0 0.3625 0.323333 0.01375 0.0188889 0.730957
0 0.0234033 0.453056 0.0333496 0.0277778 0.728027
7 0.222188 0.516944 0.00687499 0.0222222 0.694336
0 0.79875 0.331389 0.03625 0.0233333 0.689453
3 0.643125 0.445556 0.00875003 0.0655556 0.679199
2 0.7275 0.398889 0.00999997 0.0455556 0.629883
7 0.75 0.415278 0.00499999 0.0183333 0.613281
0 0.476875 0.297778 0.0125 0.0177778 0.607422
0 0.473125 0.299444 0.0125 0.0166667 0.569824
0 0.463438 0.707222 0.095625 0.263333 0.560059
0 0.406563 0.3225 0.01375 0.0216667 0.558105
7 0.73875 0.426667 0.00499999 0.0211111 0.552734
0 0.315313 0.346111 0.020625 0.0311111 0.506836
0 0.73875 0.328333 0.03 0.0244444 0.488281
7 0.67875 0.478889 0.00750001 0.0244444 0.488281
2 0.57875 0.315556 0.0125 0.0188889 0.460938
0 0.462813 0.294444 0.011875 0.02 0.453369
7 0.7375 0.427778 0.00499999 0.0183333 0.449463
0 0.48125 0.283889 0.009375 0.0166667 0.418701
7 0.0486719 0.480556 0.00359375 0.0144445 0.416748
0 0.300938 0.356111 0.019375 0.0261111 0.407227
7 0.72875 0.439444 0.00499999 0.0166667 0.404541
0 0.286875 0.338611 0.0225 0.0244445 0.395996
7 0.925 0.456389 0.00499999 0.0161111 0.394287
2 0.65 0.313333 0.00750001 0.0311111 0.386719
0 0.4125 0.3175 0.01625 0.0205555 0.383057
0 0.465938 0.28 0.00812499 0.0133333 0.364746
7 0.634063 0.328611 0.00374997 0.0127778 0.359375
0 0.284687 0.388333 0.0353125 0.0488889 0.354004
0 0.455 0.301111 0.01125 0.0166667 0.343262
0 0.279688 0.36 0.0221875 0.03 0.295898
2 0.65125 0.311944 0.00999997 0.0294445 0.287842
7 0.74625 0.399444 0.00500005 0.015 0.270508
7 0.0638281 0.476111 0.00390625 0.0122223 0.270508
0 0.283125 0.351667 0.0240625 0.0311111 0.252441
2 0.601875 0.315833 0.00750001 0.0272222 0.24939
0 0.375 0.300833 0.0125 0.0161111 0.242188
7 0.00932617 0.543333 0.005625 0.0233333 0.23584
0 0.316406 0.341667 0.0221875 0.0244444 0.235107
0 0.39625 0.298889 0.01125 0.0188889 0.223999
0 0.371875 0.301111 0.01125 0.0155555 0.194946
2 0.0208984 0.518611 0.0104297 0.0394444 0.194336
7 0.144453 0.415278 0.00453126 0.0144444 0.190674
0 0.46125 0.287222 0.00875003 0.0122222 0.189575
0 0.395625 0.319444 0.0125 0.02 0.176636
0 0.81125 0.321389 0.035 0.0222222 0.17334
0 0.298125 0.358889 0.020625 0.0277778 0.157715
3 0.01875 0.515 0.00917969 0.0377778 0.150513
0 0.281875 0.369444 0.03125 0.0333334 0.150513
2 0.7275 0.392778 0.00875003 0.0466667 0.150513
0 0.47625 0.277778 0.00687501 0.0111111 0.14856
7 0.73625 0.43 0.00499999 0.0188889 0.148071
0 0.41 0.305 0.01625 0.02 0.144165
0 0.8175 0.318889 0.0275 0.0211111 0.142212
0 0.355938 0.317778 0.01125 0.0177778 0.141235
7 0.646875 0.327778 0.00499999 0.0144444 0.130249
0 0.805 0.323333 0.035 0.0233333 0.128906
2 0.105078 0.391667 0.008125 0.0177778 0.127686
7 0.685 0.354444 0.00374997 0.0155555 0.126343
0 0.485625 0.260556 0.00499999 0.0111111 0.12085
0 0.285 0.345556 0.02625 0.03 0.115967
7 0.92375 0.468056 0.00499999 0.0216667 0.113586
0 0.95875 0.373889 0.035 0.03 0.109314
2 0.648125 0.313889 0.00750001 0.0294445 0.107056
7 0.12625 0.421389 0.0034375 0.0105555 0.106323
0 0.4675 0.272778 0.00750001 0.0116667 0.105591
3 0.0832813 0.396667 0.005 0.0188889 0.101929
0 0.41125 0.300556 0.01375 0.0222222 0.0966797
0 0.480313 0.289722 0.010625 0.0166667 0.0943604
0 0.319688 0.339444 0.02 0.0255556 0.0910645
0 0.496875 0.272222 0.00874999 0.0122222 0.0881958
7 0.150469 0.408889 0.004375 0.0177778 0.0869141
2 0.0193457 0.515 0.00970703 0.0366666 0.0863037
0 0.95 0.374167 0.0175 0.0283333 0.0797729
0 0.5525 0.293889 0.0175001 0.0144444 0.0778198
3 0.64375 0.429722 0.01 0.06 0.0778198
7 0.726875 0.441111 0.00499999 0.0166667 0.0766602
0 0.409688 0.3 0.013125 0.0188889 0.0750122
0 0.475625 0.260556 0.00625 0.01 0.0742188
0 0.4125 0.322778 0.0175 0.0216667 0.0736694
0 0.270469 0.360556 0.0134375 0.0255556 0.0687866
7 0.709375 0.403889 0.00499999 0.02 0.0678101
7 0.65375 0.325 0.00499999 0.02 0.0673218
0 0.49 0.270556 0.00625 0.0105556 0.0673218
3 0.255 0.355 0.0046875 0.02 0.0651245
0 0.422188 0.297222 0.00999997 0.0172222 0.0501404
2 0.599375 0.315556 0.00999997 0.0255556 0.0488586
0 0.55625 0.291389 0.025 0.015 0.0474243
2 0.6525 0.3075 0.00749995 0.0266667 0.0470886
0 0.380938 0.300556 0.014375 0.0211111 0.0469055
0 0.420625 0.309444 0.01125 0.0155555 0.0456848
0 0.314063 0.352778 0.01875 0.0311111 0.0435181
5 0.403125 0.282778 0.013125 0.0222222 0.0414734
2 0.61875 0.318889 0.00750001 0.0288889 0.0397949
3 0.645 0.436111 0.0125 0.0622222 0.0381775
3 0.601875 0.3175 0.00750001 0.0294445 0.0372009
0 0.368438 0.3 0.00999997 0.0155556 0.0368958
7 0.685625 0.360556 0.00374997 0.0166667 0.0367737
0 0.95375 0.376667 0.0237501 0.0288889 0.0366211
7 0.7075 0.402778 0.00499999 0.0166667 0.0359497
3 0.569375 0.311111 0.00499999 0.0227778 0.0346069
0 0.390625 0.302778 0.01125 0.02 0.0330811
3 0.94375 0.371111 0.00499999 0.0288889 0.0311432
0 0.23375 0.3875 0.0275 0.025 0.0307922
0 0.45375 0.3 0.01 0.0155556 0.0299835
0 0.54875 0.295556 0.01125 0.0155555 0.0296478
0 0.52625 0.277222 0.00750001 0.0122222 0.028656
3 0.645625 0.446111 0.01125 0.0677778 0.0274811
5 0.3425 0.325556 0.0275 0.0466667 0.0272675
7 0.745 0.421389 0.00499999 0.015 0.0267639
3 0.0762891 0.445556 0.00523437 0.0266667 0.0265503
0 0.824375 0.327222 0.035 0.0211111 0.0254669
7 0.67375 0.326667 0.00499999 0.0122222 0.0234222
7 0.128594 0.416944 0.00375001 0.0188889 0.0227203
2 0.549688 0.298333 0.00687497 0.0166667 0.0225372
2 0.267188 0.356111 0.00718751 0.0233333 0.0217743
0 0.7325 0.326389 0.0325 0.0277778 0.0216217
0 0.375625 0.310278 0.01125 0.0172222 0.0209656
7 0.0757422 0.471944 0.00335937 0.01 0.0194244
1 0.172031 0.37 0.0396875 0.04 0.0191193
3 0.25 0.347222 0.0046875 0.0244444 0.0181274
0 0.160625 0.389444 0.016875 0.0288889 0.0168457
0 0.82125 0.320278 0.03 0.0216667 0.0163422
3 0.64125 0.445556 0.01375 0.0677778 0.0138474
7 0.75375 0.416389 0.00499999 0.0177778 0.0137939
7 0.65 0.334444 0.00499999 0.0144444 0.0136337
0 0.290938 0.380833 0.034375 0.0522222 0.01297
3 0.77625 0.348333 0.00875003 0.0266667 0.0123825
0 0.79875 0.336111 0.0375 0.03 0.0122375
0 0.307656 0.337222 0.0146875 0.02 0.0115967
0 0.168594 0.383889 0.0325 0.0422222 0.0109024
2 0.445 0.323889 0.011875 0.0244444 0.0108566
0 0.494688 0.263611 0.00687501 0.00999999 0.0107803
0 0.776875 0.332222 0.02375 0.0244444 0.0106964
5 0.40125 0.287222 0.01625 0.0244445 0.0104904
0 0.535 0.275 0.00499999 0.0111111 0.0102081
0 0.00537109 0.675556 0.0107422 0.0666667 0.0100555
0 0.411563 0.280556 0.011875 0.0133333 0.0100098
0 0.274688 0.341111 0.015 0.0233333 0.00978088
2 0.155 0.399444 0.0078125 0.0255556 0.00930023
3 0.69375 0.438889 0.00750001 0.0644445 0.00881195
0 0.831875 0.331111 0.03375 0.0211111 0.0086441
7 0.689375 0.306111 0.00499999 0.0144444 0.00857544
7 0.68625 0.316389 0.00499999 0.015 0.00828552
0 0.458438 0.305556 0.010625 0.0188889 0.008255
3 0.689375 0.417778 0.00874996 0.0455556 0.00806427
3 0.0861719 0.393611 0.0109375 0.0233333 0.00790405
0 0.219531 0.366667 0.02625 0.0316666 0.00766754
0 0.80625 0.315 0.0375001 0.0288889 0.00746155
0 0.715625 0.317222 0.03 0.0288889 0.00740433
3 0.548125 0.271667 0.00625 0.0188889 0.00717545
7 0.0470703 0.487778 0.00492188 0.0133333 0.00712204
2 0.608125 0.314167 0.00874996 0.0238889 0.00709534
0 0.0125 0.449444 0.0214063 0.0305556 0.00698471
2 0.635625 0.3225 0.00374997 0.0222222 0.0069046
0 0.167656 0.391111 0.0309375 0.0388889 0.0068512
7 0.145547 0.408333 0.00484374 0.0166667 0.00679779
0 0.0116016 0.632222 0.0231641 0.0777778 0.00674438
2 0.446875 0.316667 0.01 0.0188889 0.00666809
3 0.949375 0.412222 0.00750001 0.0355555 0.00651169
0 0.7175 0.311667 0.03 0.0266667 0.00605011
0 0.171289 0.364444 0.0380469 0.03 0.00593567
3 0.255 0.358889 0.004375 0.0211111 0.00588989
7 0.916875 0.471667 0.00499999 0.0177778 0.00577545
3 0.545937 0.276389 0.00437501 0.0116667 0.00568771
7 0.135156 0.420556 0.00328126 0.0111111 0.00564194
7 0.66875 0.461111 0.00750001 0.0322222 0.00564194
0 0.8225 0.335 0.0300001 0.02 0.00559998
2 0.72 0.392778 0.015 0.0416667 0.00544739
7 0.9225 0.485833 0.00500005 0.0233333 0.00526047
2 0.64875 0.308889 0.01 0.0294444 0.00496292
0 0.00617188 0.677778 0.0123438 0.0833334 0.00488663
3 0.778125 0.354167 0.00750001 0.0255556 0.00486755
2 0.0214502 0.54125 0.0122559 0.0308333 0.00471878
3 0.135 0.386667 0.00375001 0.0144444 0.00468063
0 0.449375 0.299444 0.010625 0.0155556 0.00450516
7 0.6725 0.464444 0.00625 0.0272222 0.00450516
2 0.105078 0.395 0.006875 0.0211111 0.00445175
0 0.281563 0.395833 0.03125 0.0527778 0.00438309
0 0.17375 0.418889 0.041875 0.0388889 0.00431442
0 0.529688 0.27 0.00687501 0.0111111 0.00429916
0 0.0964844 0.390278 0.0251563 0.0227778 0.00426483
2 0.0446875 0.427222 0.0040625 0.02 0.00426483
0 0.3575 0.3 0.01125 0.0161111 0.00403976
0 0.419063 0.289444 0.00875003 0.0133333 0.00402451
2 0.68875 0.412778 0.00999997 0.0388889 0.00397491
1 0.170898 0.363333 0.0363281 0.0333333 0.00391388
7 0.109844 0.418611 0.0028125 0.0211111 0.00391388
0 0.514375 0.275556 0.011875 0.02 0.00380898
3 0.265938 0.337778 0.00468752 0.0194444 0.00367928
7 0.0350781 0.514167 0.00445312 0.0222222 0.00359344
2 0.114844 0.386667 0.0053125 0.0166667 0.00353813
7 0.244688 0.368333 0.00375001 0.0105556 0.00352478
3 0.86875 0.302222 0.00499999 0.0166667 0.00352478
2 0.725 0.301944 0.01 0.0205556 0.00348282
2 0.0116797 0.540972 0.00859375 0.0202777 0.00342941
3 0.0350781 0.418333 0.00445312 0.0166667 0.00340271
7 0.221563 0.508333 0.008125 0.0277778 0.00333786
0 0.269688 0.382222 0.016875 0.03 0.00329781
7 0.0555469 0.476389 0.0034375 0.0138889 0.00329781
3 0.865 0.308889 0.00499999 0.0172222 0.00324821
2 0.729375 0.398611 0.0125 0.0438889 0.00317192
7 0.0851563 0.440556 0.0053125 0.0177778 0.00314713
7 0.67125 0.471389 0.00749995 0.0277778 0.00307465
3 0.255313 0.331111 0.005 0.0188889 0.00298119
0 0.161094 0.447222 0.035625 0.0477778 0.0029583
0 0.460625 0.305 0.011875 0.0188889 0.00281143
7 0.665 0.310833 0.00250003 0.0177778 0.00279999
0 0.171094 0.360556 0.03 0.0288889 0.00279999
2 0.675 0.298889 0.00499999 0.0133333 0.0026722
3 0.0845313 0.458333 0.0053125 0.0222222 0.00253105
7 0.935 0.437778 0.00250003 0.0111111 0.00247192
7 0.675 0.319167 0.00499999 0.0172222 0.0024147
0 0.167344 0.433333 0.0246875 0.0366667 0.0024147
7 0.9175 0.460556 0.00499999 0.0205556 0.00235939
2 0.233125 0.368333 0.00562501 0.0166667 0.00234222
7 0.125625 0.435278 0.0034375 0.0127778 0.00232315
0 0.9325 0.331111 0.02125 0.0155555 0.00221634
2 0.584375 0.301944 0.00625 0.0188889 0.00220871
0 0.00599609 0.597222 0.0119922 0.0566667 0.00214958
0 0.37875 0.291111 0.009375 0.0155556 0.00214958
2 0.866875 0.300556 0.00625 0.0133333 0.00213242
2 0.8025 0.316111 0.0325 0.0288889 0.00209999
0 0.9675 0.371944 0.045 0.035 0.0020752
0 0.0302539 0.604445 0.0591797 0.0777778 0.0020504
0 0.172852 0.430556 0.0386719 0.0588889 0.00203514
0 0.271563 0.393333 0.024375 0.0422222 0.00200272
7 0.0944531 0.423889 0.00421875 0.0133334 0.00200272
0 0.2125 0.361389 0.031875 0.0272222 0.00187492
2 0.5675 0.314444 0.00687504 0.0133333 0.00179577
0 0.020918 0.463056 0.034375 0.0311111 0.00179577
7 0.212656 0.597778 0.093125 0.115556 0.00176811
0 0.4225 0.278889 0.01 0.0122222 0.00176144
2 0.704375 0.424167 0.03375 0.0611111 0.00176144
3 0.0446094 0.408333 0.00484375 0.0216667 0.0017004
7 0.0637891 0.483889 0.00492187 0.0166667 0.0017004
0 0.0142188 0.475556 0.0221094 0.0338889 0.00168705
3 0.64375 0.457222 0.01125 0.0911111 0.00168705
3 0.68875 0.413056 0.00999997 0.035 0.00167465
2 0.621875 0.318889 0.00750001 0.0277778 0.0016613
0 0.174219 0.411111 0.0415625 0.0444444 0.0016613
7 0.72125 0.448333 0.00749995 0.02 0.0016613
0 0.75125 0.335556 0.0375 0.03 0.0016489
0 0.411875 0.335556 0.02125 0.0244444 0.00162888
0 0.515 0.29 0.01125 0.0166667 0.00162315
0 0.303125 0.366389 0.0325 0.0377778 0.00161648
0 0.461563 0.0722917 0.00874999 0.0222222 0.00158501
7 0.046875 0.477778 0.0046875 0.0155556 0.00154877
0 0.4975 0.282778 0.01 0.0155556 0.00154305
0 0.939375 0.332222 0.0175 0.0155555 0.00146675
0 0.173281 0.387222 0.0409375 0.0466667 0.00144386
0 0.164336 0.416944 0.0232031 0.0238889 0.00143814
7 0.68625 0.331667 0.00499999 0.0177778 0.0014267
7 0.0752734 0.486389 0.00445313 0.015 0.00141621
2 0.00316162 0.422778 0.00632324 0.0177778 0.00136185
3 0.705 0.353333 0.00499999 0.0233333 0.00133514
3 0.0158203 0.516389 0.0211719 0.0583333 0.00133038
7 0.655625 0.468333 0.00625 0.0333334 0.00129986
7 0.0689063 0.475556 0.0090625 0.0266667 0.0012846
0 0.895625 0.331111 0.0275 0.0166667 0.00126934
7 0.135859 0.407222 0.0034375 0.0144444 0.00126457
2 0.720625 0.404167 0.0175 0.0472222 0.00123978
7 0.126016 0.409444 0.00359375 0.0188889 0.00123501
3 0.0317578 0.416667 0.0120312 0.0277778 0.00120163
3 0.0898438 0.414444 0.00437501 0.0177778 0.00120163
0 0.197188 0.388611 0.071875 0.0783333 0.00118351
7 0.915 0.488611 0.00750001 0.0344445 0.0011692
7 0.7175 0.450278 0.00750001 0.0216667 0.00116062
0 0.95625 0.354444 0.02875 0.0244445 0.00113773
0 0.0103613 0.609444 0.0206055 0.0766667 0.00112438
2 0.69125 0.424722 0.0125 0.0633333 0.00107765
0 0.79375 0.325556 0.0375001 0.0288889 0.00104809
0 0.535313 0.265 0.00437498 0.0122222 0.00104046
7 0.92875 0.473889 0.00749995 0.0333334 0.00103664
