0 0.175469 0.823333 0.156563 0.246667 0.961914
0 0.327813 0.791667 0.118125 0.202222 0.958984
0 0.079375 0.816111 0.120313 0.185556 0.949707
0 0.86 0.911944 0.1875 0.176111 0.94873
0 0.47125 0.948611 0.15125 0.102778 0.946777
0 0.29 0.593889 0.081875 0.106667 0.945801
0 0.63125 0.77 0.13 0.231111 0.945312
0 0.550625 0.493333 0.055 0.0822222 0.939453
0 0.20875 0.61 0.09375 0.111111 0.938965
0 0.482188 0.550556 0.060625 0.107778 0.936035
0 0.686094 0.612222 0.0953125 0.128889 0.936035
0 0.408125 0.488889 0.05 0.0766667 0.932129
0 0.139922 0.488333 0.0532813 0.0627778 0.926758
0 0.43125 0.415833 0.0375 0.0622222 0.908203
0 0.6025 0.444444 0.04625 0.0633333 0.907227
0 0.539375 0.368611 0.033125 0.0377778 0.897461
0 0.48375 0.417222 0.03375 0.0555556 0.891113
0 0.480625 0.355 0.0225 0.0333333 0.877441
0 0.295938 0.355556 0.021875 0.0255556 0.84082
0 0.750625 0.331667 0.03875 0.0322222 0.813965
0 0.334063 0.350556 0.02125 0.03 0.811523
7 0.235 0.503333 0.0075 0.0233333 0.808105
2 0.62125 0.350833 0.0112501 0.0338889 0.804199
2 0.105469 0.4375 0.0128125 0.0311111 0.801758
0 0.604688 0.3075 0.0275 0.0244444 0.792969
7 0.221875 0.517778 0.0075 0.0255555 0.782715
0 0.695 0.308889 0.03375 0.0244444 0.774414
7 0.0238867 0.528889 0.00507813 0.0155555 0.73877
0 0.309063 0.337778 0.018125 0.0222222 0.723145
2 0.118047 0.416667 0.01 0.0277778 0.72168
2 0.1575 0.396667 0.009375 0.0266667 0.720215
0 0.555625 0.301111 0.0237501 0.0222222 0.710449
7 0.666875 0.464722 0.00625 0.0233333 0.705566
7 0.92625 0.457222 0.00499999 0.0144444 0.665527
0 0.326563 0.327222 0.016875 0.0222222 0.656738
2 0.73125 0.401111 0.015 0.0477778 0.629883
7 0.749375 0.412222 0.00500005 0.0166667 0.609375
0 0.408125 0.319722 0.01625 0.0222222 0.594727
0 0.34375 0.332778 0.01625 0.0222222 0.575684
0 0.343125 0.313333 0.0125 0.0166667 0.567871
7 0.6775 0.48 0.00749995 0.025 0.565918
5 0.362813 0.327778 0.01625 0.0277778 0.525391
5 0.385625 0.321111 0.016875 0.0255556 0.523438
0 0.3725 0.31 0.01 0.015 0.484375
0 0.3325 0.33 0.015 0.0222222 0.482422
7 0.92375 0.466667 0.00374997 0.0155556 0.466797
0 0.34 0.313333 0.01375 0.0155556 0.453369
0 0.39625 0.309444 0.0125 0.0233333 0.451416
0 0.373125 0.305556 0.009375 0.0161111 0.44751
7 0.68375 0.353333 0.00500005 0.0122222 0.414795
3 0.0483594 0.462778 0.008125 0.0355555 0.414795
0 0.351875 0.315556 0.009375 0.0177778 0.407227
7 0.74 0.425833 0.00374997 0.0183333 0.396973
7 0.735 0.433611 0.00625 0.0166667 0.38501
7 0.63375 0.329444 0.00374997 0.0111111 0.370117
7 0.72875 0.439444 0.00499999 0.0177778 0.359375
2 0.593438 0.311111 0.011875 0.0233333 0.32251
0 0.485625 0.260556 0.00499999 0.0105555 0.317383
0 0.3825 0.298333 0.00875003 0.0155555 0.317383
5 0.412188 0.295556 0.010625 0.0211111 0.27832
2 0.73125 0.392778 0.015 0.04 0.244385
0 0.41125 0.308889 0.0125 0.0166667 0.243652
0 0.396875 0.300833 0.01125 0.0194444 0.218018
2 0.79 0.311667 0.00749995 0.0188889 0.214722
0 0.375625 0.300556 0.01 0.0144444 0.213379
0 0.435625 0.273333 0.00750001 0.0105556 0.204956
0 0.49625 0.283889 0.01125 0.0144444 0.203125
0 0.391563 0.305556 0.01125 0.0188889 0.19873
7 0.064375 0.471944 0.004375 0.0133333 0.19812
0 0.40875 0.295 0.0125 0.0188889 0.188965
0 0.361875 0.318889 0.014375 0.0255556 0.182983
2 0.589375 0.316111 0.013125 0.02 0.161865
7 0.7475 0.401111 0.00499999 0.0194444 0.151001
7 0.65375 0.327778 0.00374997 0.0116667 0.144165
7 0.145391 0.416667 0.00328126 0.0116667 0.130737
0 0.351875 0.325278 0.0125 0.0277778 0.130249
0 0.420625 0.3075 0.0125 0.0188889 0.12854
0 0.403125 0.283889 0.00749998 0.0144444 0.121277
5 0.39625 0.285556 0.01125 0.0166667 0.115967
7 0.72625 0.443333 0.00499999 0.0188889 0.113953
0 0.38 0.290556 0.00625 0.0127778 0.111633
0 0.362813 0.3275 0.018125 0.0283333 0.104492
7 0.00882813 0.543889 0.00564453 0.02 0.101257
2 0.790625 0.312222 0.01 0.0144444 0.0991211
0 0.600313 0.310833 0.025625 0.0222222 0.0927124
7 0.129219 0.411111 0.0034375 0.015 0.0927124
0 0.387813 0.322222 0.016875 0.0222222 0.0847778
5 0.495 0.262778 0.00625 0.0111111 0.0783691
7 0.744375 0.422778 0.00374997 0.0155556 0.0739746
7 0.67 0.345556 0.00250003 0.0155555 0.0731812
7 0.205 0.384722 0.003125 0.00888889 0.0723877
7 0.234688 0.367778 0.003125 0.00666668 0.0675659
0 0.41875 0.285556 0.00874999 0.0144444 0.0658569
2 0.719375 0.375 0.01375 0.0466667 0.0544128
0 0.325078 0.322778 0.0135937 0.02 0.0501404
7 0.150313 0.405833 0.004375 0.0155555 0.0384521
0 0.353438 0.308889 0.010625 0.0133333 0.0375977
3 0.760625 0.385 0.00999997 0.0411111 0.0333252
0 0.42375 0.298889 0.00875003 0.0155555 0.0290833
0 0.3725 0.325556 0.011875 0.0211111 0.0282135
0 0.44375 0.263333 0.00500002 0.00888889 0.0278015
0 0.476563 0.261111 0.00500002 0.00777777 0.0276947
0 0.411563 0.284167 0.01125 0.0155556 0.0247955
0 0.529688 0.268611 0.00625 0.00833333 0.024704
7 0.265625 0.363889 0.00343752 0.01 0.0216217
3 0.19 0.371111 0.004375 0.02 0.0213623
3 0.77625 0.358889 0.00750001 0.0344445 0.0204163
0 0.00292236 0.437222 0.00584473 0.02 0.0198669
5 0.555313 0.302222 0.024375 0.0244444 0.0197144
0 0.43375 0.271944 0.01 0.0105556 0.0190582
0 0.4225 0.281389 0.00874999 0.0144444 0.0181885
0 0.490313 0.265556 0.00375001 0.0105555 0.0175781
2 0.164219 0.379722 0.0046875 0.0211111 0.0167236
2 0.691875 0.328889 0.015 0.0261111 0.0156021
7 0.225313 0.366389 0.0028125 0.00888889 0.0151291
7 0.756875 0.398889 0.00499999 0.0144444 0.0137405
2 0.760625 0.385556 0.00999997 0.0433333 0.013588
2 0.71875 0.362222 0.01 0.0338889 0.0128708
2 0.71875 0.376111 0.02 0.0488889 0.012825
0 0.535 0.277222 0.00499999 0.00888889 0.0114212
0 0.515625 0.261389 0.00375001 0.00666668 0.00997162
7 0.666875 0.354167 0.00499999 0.0127778 0.00844574
0 0.44875 0.267778 0.00499999 0.00722221 0.00831604
0 0.00312988 0.423056 0.00625977 0.0233333 0.00796509
2 0.75875 0.384444 0.00999997 0.0422222 0.00775528
0 0.366563 0.301667 0.00874999 0.0144444 0.00734711
7 0.220469 0.360833 0.00375001 0.0122222 0.00714874
3 0.163438 0.374722 0.00562499 0.0227778 0.00658798
2 0.116406 0.424167 0.00859375 0.0372222 0.00619125
2 0.75875 0.3225 0.0225 0.0205556 0.00598145
2 0.715625 0.374722 0.02 0.045 0.00564194
2 0.63625 0.318333 0.00499999 0.0122222 0.0053215
3 0.775 0.365 0.00750001 0.0422222 0.0053215
7 0.229375 0.371389 0.0034375 0.0116667 0.00518036
7 0.194688 0.384444 0.00375001 0.0138889 0.00496292
0 0.410938 0.269722 0.00874999 0.00944446 0.00486755
7 0.645 0.364444 0.00499999 0.0105555 0.00471878
7 0.14625 0.403889 0.004375 0.0133333 0.00460815
0 0.30375 0.339444 0.023125 0.0211111 0.00421524
7 0.754375 0.415556 0.00374997 0.0155555 0.00413513
0 0.495625 0.287778 0.01125 0.0166667 0.0039444
3 0.865625 0.315 0.00375004 0.0144444 0.0039444
0 0.424375 0.309167 0.01875 0.0283333 0.00365067
7 0.9275 0.453333 0.00499999 0.0166667 0.00359344
7 0.222031 0.509444 0.00874999 0.0311111 0.00352478
2 0.689375 0.335556 0.01 0.0277778 0.00351143
2 0.730625 0.386667 0.0125 0.0472222 0.00305176
0 0.455 0.262778 0.00374997 0.00888889 0.00288963
0 0.35625 0.2825 0.00625 0.0172222 0.00282288
3 0.583125 0.296667 0.00625 0.0144444 0.00275803
3 0.0224805 0.435556 0.00695312 0.0255556 0.00268364
7 0.66625 0.361111 0.00374997 0.0133333 0.00265312
2 0.114531 0.416667 0.0128125 0.0338889 0.00263214
0 0.554375 0.28 0.00499999 0.0133333 0.00257111
0 0.52375 0.262778 0.00499999 0.00888889 0.00256157
7 0.68625 0.612222 0.095 0.128889 0.00253105
7 0.664375 0.312778 0.00375004 0.0111111 0.00237846
0 0.47 0.268889 0.00437501 0.00888889 0.00234985
5 0.00509277 0.404722 0.00953125 0.0172222 0.00233269
0 0.985 0.334444 0.0125 0.0155555 0.00230598
7 0.685 0.359444 0.00374997 0.0166667 0.00221634
7 0.65375 0.317222 0.00499999 0.00999999 0.0020504
7 0.265625 0.352222 0.00375001 0.0122222 0.0020504
7 0.214375 0.363333 0.0034375 0.0144444 0.0020504
2 0.0118726 0.404444 0.0110205 0.0188889 0.00201035
2 0.695 0.346667 0.00750001 0.0311111 0.00199509
3 0.0209961 0.4325 0.00597656 0.02 0.00189686
7 0.6725 0.4725 0.00875003 0.0266667 0.00183868
2 0.58 0.288333 0.00625 0.0144444 0.00183105
3 0.54875 0.27 0.00750001 0.0155555 0.0018177
0 0.00299561 0.943333 0.00592285 0.111111 0.00178242
7 0.123984 0.438889 0.0075 0.0238889 0.00176144
7 0.72375 0.448333 0.00499999 0.0211111 0.00175476
2 0.155078 0.373889 0.00546875 0.0222222 0.00174141
3 0.250156 0.344444 0.00375001 0.0222222 0.00169373
3 0.65 0.311111 0.00375004 0.0188889 0.00164223
2 0.592813 0.319444 0.0125 0.0277778 0.00161648
7 0.6975 0.350556 0.00750001 0.0255556 0.00161076
0 0.546563 0.261667 0.00499999 0.00999999 0.0015974
0 0.0279102 0.398889 0.0112109 0.0233333 0.00157356
0 0.526875 0.274722 0.00750001 0.00999999 0.00156689
3 0.0479688 0.454444 0.00867188 0.0383334 0.00155449
7 0.575 0.326667 0.00499999 0.0155555 0.00154877
0 0.75125 0.323333 0.0375 0.0222222 0.00153637
3 0.69375 0.448056 0.00874996 0.0677778 0.00148392
3 0.54375 0.276111 0.00499999 0.0111111 0.00147247
0 0.00463135 0.389722 0.0092334 0.0222222 0.00144386
7 0.634688 0.361389 0.00562496 0.0161111 0.00139427
3 0.179688 0.357222 0.005 0.0127778 0.00138283
2 0.7175 0.392778 0.0125 0.04 0.00137806
2 0.113984 0.386111 0.005 0.0166667 0.00136662
0 0.51125 0.268889 0.00875003 0.015 0.00131989
2 0.182813 0.355556 0.0065625 0.0177778 0.00125504
7 0.204375 0.369444 0.00375001 0.0133333 0.00123024
0 0.465 0.263333 0.00375001 0.00888889 0.00122547
0 0.0358203 0.389722 0.0115625 0.0222222 0.00122547
0 0.97625 0.335833 0.0275 0.0177778 0.0012207
2 0.18625 0.368889 0.009375 0.02 0.0012064
0 0.0320703 0.396667 0.0183594 0.0244444 0.00119686
2 0.1825 0.381111 0.01625 0.0244444 0.00116062
2 0.0364453 0.425 0.00804688 0.02 0.00116062
0 0.96875 0.348889 0.02 0.0222222 0.0011425
3 0.21375 0.355278 0.004375 0.02 0.00113392
7 0.253594 0.492778 0.0059375 0.0166667 0.00105667
0 0.122344 0.797778 0.0521875 0.146667 0.00103188
