0 0.369063 0.423889 0.12375 0.25 0.959473
0 0.105469 0.837778 0.209063 0.322222 0.95752
0 0.689844 0.624583 0.152813 0.313056 0.953613
0 0.50625 0.521111 0.1025 0.23 0.947266
0 0.506875 0.933333 0.16 0.131111 0.944824
0 0.7 0.301944 0.09 0.111667 0.944336
0 0.428438 0.291667 0.064375 0.103333 0.941895
0 0.6025 0.284167 0.07875 0.126667 0.935547
0 0.503125 0.308889 0.07125 0.125 0.930176
0 0.3 0.3725 0.09 0.137222 0.915039
0 0.79375 0.194444 0.04 0.0716667 0.909668
0 0.635625 0.0659722 0.04875 0.0313889 0.879883
0 0.874375 0.624583 0.2225 0.433056 0.873047
0 0.484688 0.0907639 0.055625 0.0434722 0.863281
0 0.885 0.100972 0.0375 0.0330556 0.858887
0 0.295938 0.182222 0.061875 0.0594444 0.856934
0 0.130547 0.195556 0.0282813 0.0416667 0.845703
0 0.42875 0.08125 0.035625 0.0286111 0.841797
0 0.279063 0.106319 0.024375 0.0293056 0.841797
0 0.114844 0.244722 0.0409375 0.04 0.839844
2 0.138828 0.285 0.0232813 0.0511111 0.835449
0 0.229063 0.172917 0.038125 0.0352778 0.834473
7 0.255781 0.265556 0.0078125 0.0233333 0.816406
0 0.32625 0.0881944 0.015 0.0202778 0.811523
0 0.257812 0.169167 0.048125 0.0375 0.810547
0 0.361875 0.0770833 0.0175 0.0219444 0.804199
0 0.0344482 0.302222 0.0296973 0.0377778 0.801758
0 0.755 0.06375 0.04125 0.0236111 0.796875
0 0.905 0.0811806 0.025 0.0220833 0.789062
0 0.078125 0.26 0.0332813 0.0322222 0.785156
0 0.7575 0.0481944 0.0325 0.0215278 0.777344
0 0.345 0.0825 0.01625 0.0205556 0.767578
0 0.733125 0.0575 0.03375 0.0236111 0.762207
7 0.2425 0.281667 0.0075 0.0233333 0.756348
2 0.523125 0.0720833 0.014375 0.0261111 0.750488
0 0.0735938 0.239306 0.0240625 0.0297222 0.744629
0 0.0075293 0.323333 0.015 0.03 0.737305
0 0.415313 0.06375 0.01875 0.0216667 0.729492
7 0.74375 0.171667 0.00750001 0.0208333 0.723145
2 0.63625 0.0355556 0.00874996 0.0197222 0.699219
3 0.0304297 0.348056 0.00765625 0.0411111 0.657715
0 0.81 0.0635417 0.0325 0.0223611 0.656738
7 0.750625 0.16125 0.00499999 0.0191667 0.65332
0 0.9375 0.0947222 0.0275 0.0216667 0.645996
0 0.400625 0.0645833 0.015 0.0230556 0.62793
0 0.431875 0.0496528 0.011875 0.0176389 0.624512
7 0.944375 0.214167 0.00500005 0.0175 0.624512
0 0.855625 0.0635417 0.03 0.0229167 0.618652
0 0.00773438 0.296111 0.0154492 0.0344445 0.609375
7 0.0268359 0.380556 0.00539062 0.0188889 0.604004
0 0.86 0.0622222 0.0300001 0.0255556 0.602051
0 0.353125 0.061875 0.013125 0.0201389 0.562012
0 0.338125 0.0779167 0.01375 0.0226389 0.550781
0 0.374688 0.0663194 0.0125 0.0179167 0.544922
0 0.387812 0.0677778 0.013125 0.0188889 0.523438
0 0.42875 0.0554861 0.015625 0.0222222 0.513672
0 0.38875 0.0573611 0.01125 0.0172222 0.512695
7 0.7675 0.129444 0.00499999 0.0166667 0.495117
0 0.589063 0.0306597 0.029375 0.0220139 0.494141
0 0.79125 0.0609722 0.0375 0.0247222 0.493164
0 0.39625 0.0518056 0.01125 0.0169444 0.462891
0 0.875 0.0777778 0.03625 0.0286111 0.437744
2 0.605625 0.039375 0.013125 0.0205556 0.418701
7 0.70375 0.0788194 0.00374997 0.0120833 0.418701
0 0.0120313 0.317778 0.0240625 0.0366666 0.413086
0 0.211563 0.148611 0.0290625 0.0266667 0.401611
7 0.163594 0.205278 0.004375 0.0127778 0.395996
7 0.94375 0.21875 0.00499999 0.0180556 0.375732
0 0.0116602 0.304722 0.0233203 0.0294444 0.375732
7 0.94125 0.2175 0.00500005 0.0183333 0.363037
0 0.409063 0.046875 0.011875 0.0193056 0.359375
7 0.74375 0.124722 0.00499999 0.0166667 0.355713
0 0.865 0.0754167 0.02875 0.0255556 0.350342
0 0.42375 0.0590278 0.0175 0.02 0.339844
0 0.384375 0.0522222 0.01125 0.0158333 0.338135
2 0.5925 0.0401215 0.01 0.0217014 0.338135
0 0.339375 0.0725 0.015625 0.0188889 0.305664
0 0.443125 0.0136806 0.00874999 0.0120833 0.284668
0 0.379688 0.0715278 0.01375 0.0218056 0.282959
0 0.3675 0.066875 0.01 0.0168056 0.27832
0 0.3725 0.0590278 0.0125 0.015 0.275879
7 0.775625 0.147361 0.00499999 0.0152778 0.275146
0 0.339688 0.0747917 0.013125 0.0201389 0.272705
0 0.859375 0.0723611 0.03125 0.0241667 0.27124
7 0.70125 0.198472 0.00750001 0.0252778 0.264404
0 0.425313 0.0295486 0.00875003 0.00965278 0.259766
2 0.0646875 0.295 0.00625 0.0233333 0.255371
3 0.228438 0.130278 0.005 0.0266667 0.248657
7 0.745 0.1275 0.00499999 0.0183333 0.236572
0 0.423125 0.0490278 0.0125 0.0194444 0.235107
7 0.143906 0.211667 0.0034375 0.0155556 0.209473
7 0.67125 0.0505556 0.00374997 0.0125 0.205566
0 0.432813 0.0306944 0.009375 0.0152778 0.187134
7 0.70125 0.0772222 0.00499999 0.0161111 0.185913
0 0.3775 0.0504861 0.00874999 0.0113889 0.177246
0 0.216406 0.153056 0.025625 0.0263889 0.171631
0 0.431875 0.0226042 0.00749998 0.0120833 0.170532
2 0.605625 0.0364583 0.011875 0.0204167 0.168823
0 0.410313 0.0451389 0.013125 0.0191667 0.168823
7 0.68625 0.0784722 0.00499999 0.0113889 0.165039
7 0.75375 0.157222 0.00499999 0.0177778 0.165039
2 0.589375 0.0412326 0.01 0.0222569 0.158691
0 0.225313 0.163056 0.038125 0.0347222 0.158203
5 0.97375 0.124583 0.03 0.0347222 0.150513
0 0.746875 0.0626389 0.04125 0.0263889 0.142212
0 0.975 0.125243 0.035 0.035625 0.137573
2 0.00395508 0.381667 0.00791016 0.0344445 0.135742
2 0.636563 0.0385938 0.009375 0.0194792 0.131592
7 0.0428125 0.361111 0.0053125 0.0166667 0.125488
7 0.766875 0.131111 0.00499999 0.0158333 0.113586
0 0.211563 0.146111 0.021875 0.0238889 0.111267
0 0.074375 0.248056 0.0253125 0.0344444 0.0997925
0 0.77875 0.06375 0.05 0.0258333 0.0974121
3 0.0286328 0.354444 0.00617187 0.0577778 0.0939941
5 0.43625 0.011875 0.00750001 0.0108333 0.0933228
0 0.4175 0.0324306 0.00875003 0.0111111 0.0897827
3 0.22625 0.136667 0.00562499 0.0172222 0.0872803
0 0.453125 0.009375 0.00625 0.00847222 0.0838623
0 0.96125 0.103472 0.0175 0.0158333 0.0812378
0 0.00387207 0.381111 0.00766602 0.0311111 0.0775146
0 0.79125 0.0575 0.0325 0.0252778 0.0750122
2 0.655 0.0343056 0.00499999 0.0154167 0.0736694
0 0.301719 0.167222 0.0471875 0.0375 0.0708008
7 0.076875 0.295 0.00476562 0.0122222 0.0705566
7 0.249219 0.12875 0.0034375 0.0127778 0.0700684
2 0.8825 0.0513194 0.00750001 0.015 0.0611877
0 0.76 0.0555556 0.03625 0.0255556 0.058136
0 0.00993164 0.287778 0.0145898 0.0255556 0.0574951
0 0.62875 0.0641667 0.04125 0.0319444 0.0558167
7 0.245625 0.132778 0.0034375 0.0111111 0.0554199
7 0.67375 0.0498611 0.00375004 0.0113889 0.0510864
2 0.726875 0.0345833 0.00625 0.015 0.0488586
0 0.81125 0.0595833 0.03 0.0277778 0.0465393
7 0.144063 0.218333 0.00406249 0.0155556 0.0446777
2 0.615313 0.031875 0.00499999 0.0151389 0.0428772
0 0.94625 0.0984722 0.0225 0.0202778 0.0408325
7 0.253125 0.265556 0.00843749 0.0216667 0.0380249
0 0.45875 0.00524306 0.00625 0.0104861 0.037384
0 0.0695313 0.241667 0.0325 0.0311111 0.0347595
7 0.753125 0.161389 0.00625 0.0211111 0.0327148
0 0.99375 0.125833 0.0124999 0.0283333 0.0324707
0 0.215625 0.169167 0.02875 0.0394445 0.0314941
3 0.0295508 0.346667 0.0107031 0.0466667 0.0292053
0 0.228438 0.167917 0.035625 0.0319444 0.0290833
5 0.0075293 0.273611 0.014375 0.0366667 0.0285492
2 0.0131641 0.265 0.00916016 0.0194444 0.0285492
0 0.0250049 0.299444 0.0281152 0.0344444 0.023468
0 0.2075 0.147222 0.029375 0.0277778 0.0231476
0 0.405 0.073125 0.0225 0.0231944 0.0226288
2 0.526875 0.0559722 0.01125 0.0152778 0.0201721
7 0.29375 0.115278 0.0046875 0.0136111 0.0197906
7 0.76625 0.126111 0.00499999 0.0180556 0.0193481
7 0.705 0.0455556 0.00249996 0.0109722 0.0189819
7 0.655 0.0466667 0.00375004 0.00805556 0.0178528
0 0.811875 0.0559028 0.0275 0.0195833 0.0173798
2 0.0655078 0.268333 0.00882812 0.03 0.0161591
0 0.8225 0.0730556 0.02875 0.0255556 0.0144501
0 0.9875 0.131944 0.0249999 0.0322222 0.0144501
0 0.04875 0.303889 0.0167188 0.0288889 0.014389
3 0.165 0.157778 0.00562499 0.0188889 0.0139008
0 0.0044043 0.355556 0.00876953 0.0533333 0.0138474
7 0.665 0.0469444 0.00250003 0.00902778 0.0134811
7 0.69 0.0547222 0.00250003 0.0102778 0.0131226
7 0.08375 0.291111 0.0046875 0.0133333 0.0130234
7 0.134844 0.222778 0.0065625 0.0116667 0.0129242
0 0.00898438 0.275833 0.0159766 0.025 0.0127716
3 0.59 0.0449826 0.00687497 0.0250347 0.0127258
3 0.714375 0.170556 0.00750001 0.0644445 0.0124283
0 0.450625 0.0160417 0.00625 0.0123611 0.0123367
0 0.0219727 0.245972 0.015 0.0186111 0.012146
0 0.86125 0.0561806 0.03 0.0218056 0.0117798
3 0.227031 0.1275 0.0059375 0.0241667 0.0117798
7 0.72625 0.0789583 0.00499999 0.0165278 0.0116882
7 0.105313 0.272778 0.00390625 0.0155555 0.0110321
5 0.96875 0.127222 0.03 0.0358333 0.0106964
3 0.00537109 0.380556 0.0107422 0.0333333 0.0106506
7 0.69 0.186944 0.00500005 0.0233333 0.0105667
3 0.234219 0.137083 0.004375 0.0177778 0.0104904
0 0.826875 0.0688194 0.02375 0.0198611 0.0100555
3 0.139297 0.206111 0.00656249 0.0277778 0.00993347
0 0.80875 0.0695833 0.0375 0.0286111 0.00974274
2 0.51875 0.0531944 0.01125 0.0194444 0.00955963
3 0.0653906 0.298333 0.00585938 0.0333333 0.00888062
3 0.168906 0.159028 0.0046875 0.0180556 0.00740433
2 0.734375 0.0352083 0.00625 0.0161111 0.00703812
7 0.76375 0.148611 0.00499999 0.0155556 0.0069046
7 0.0533594 0.305556 0.006875 0.0244444 0.0068512
7 0.0660547 0.295556 0.0101563 0.0233333 0.00641251
7 0.7775 0.143889 0.00999997 0.0208333 0.00626373
0 0.290625 0.171528 0.0365625 0.0372222 0.00605011
0 0.971875 0.106389 0.01875 0.0166667 0.00593567
3 0.965 0.152917 0.00499999 0.02 0.00593567
7 0.700625 0.199167 0.00875003 0.0383333 0.00582123
7 0.95375 0.271389 0.00500005 0.0216667 0.00572968
3 0.205625 0.174722 0.010625 0.0366667 0.00540543
2 0.52375 0.055 0.0125 0.02 0.00536346
7 0.6925 0.186389 0.00499999 0.02 0.00502014
7 0.73 0.121111 0.00499999 0.0233333 0.00431442
7 0.694375 0.0472222 0.00374997 0.0122222 0.0042305
0 0.88625 0.0736111 0.02 0.0213889 0.00413513
7 0.293594 0.103194 0.00625 0.0175 0.00403976
3 0.96875 0.162222 0.00625 0.025 0.00385475
2 0.639375 0.0352083 0.01375 0.0177778 0.00358009
0 0.289688 0.174861 0.050625 0.0480555 0.00348282
0 0.98125 0.138889 0.035 0.0363889 0.00331116
2 0.613125 0.0444618 0.00812499 0.0146875 0.00324821
5 0.00509766 0.250417 0.0101953 0.0302778 0.00316048
2 0.194844 0.149444 0.00687501 0.0244444 0.00312424
0 0.39625 0.0295833 0.00749998 0.00930556 0.00304031
0 0.725 0.0572222 0.035 0.01875 0.00298119
7 0.156172 0.208333 0.00406249 0.0122222 0.00296974
2 0.608125 0.0289236 0.00874996 0.0227083 0.00271416
7 0.25375 0.134444 0.004375 0.00888888 0.00263214
7 0.238125 0.287222 0.0078125 0.0211111 0.00250244
0 0.408125 0.0365972 0.00999997 0.0184722 0.00243378
7 0.601875 0.284514 0.07625 0.126528 0.00237846
3 0.66375 0.0340278 0.00499999 0.0148611 0.00226021
7 0.945 0.155972 0.00499999 0.0133333 0.00216484
0 0.979375 0.108333 0.02 0.0211111 0.00211525
0 0.0969531 0.239444 0.0692187 0.0366667 0.00209999
0 0.491563 0.0828472 0.03625 0.0344444 0.00206757
7 0.309687 0.09 0.00562499 0.015 0.00205803
3 0.0292578 0.355 0.00933594 0.0494444 0.0019722
3 0.69625 0.0308333 0.00374997 0.0115278 0.00185299
1 0.980625 0.137639 0.0375 0.0402778 0.00174141
3 0.275 0.089375 0.00718749 0.0183333 0.0017004
3 0.23375 0.123056 0.00437501 0.0183333 0.00163555
5 0.586563 0.0381771 0.025625 0.0239236 0.00156116
0 0.58 0.0261806 0.02875 0.0196528 0.00151253
7 0.169375 0.195139 0.00437501 0.0158333 0.00150108
3 0.0351172 0.262778 0.0065625 0.0177778 0.00139904
7 0.74875 0.126389 0.00499999 0.0183333 0.00139427
0 0.441563 0.0436285 0.010625 0.0210764 0.00138283
0 0.905 0.0755556 0.025 0.0244444 0.00137234
3 0.0609766 0.294444 0.00867187 0.03 0.00136662
2 0.626563 0.0340625 0.00562496 0.015625 0.00129986
0 0.061875 0.253403 0.025625 0.0331944 0.00125504
5 0.018125 0.247639 0.015 0.0191667 0.00124454
0 0.79875 0.0701389 0.01625 0.0297222 0.00121117
0 0.523438 0.987778 0.129375 0.0211112 0.00121117
0 0.64375 0.0697222 0.045 0.0286111 0.00116539
0 0.99 0.139722 0.0199999 0.0366667 0.00113773
0 0.0678906 0.235833 0.0296875 0.0316667 0.0011158
0 0.36625 0.05125 0.00625 0.0122222 0.00110722
7 0.92375 0.211528 0.00499999 0.0230555 0.00110722
7 0.305625 0.0978472 0.0046875 0.0123611 0.00108624
7 0.155156 0.220278 0.00390625 0.0119444 0.00108147
0 0.81625 0.0629167 0.04125 0.0252778 0.00105286
0 0.617188 0.0629167 0.035 0.0288889 0.00104809
3 0.73 0.0877778 0.0225 0.0558333 0.00103664
0 0.244688 0.164722 0.015 0.0316667 0.00102425
7 0.301406 0.373056 0.0928125 0.136667 0.00102425
2 0.614375 0.0544444 0.01875 0.0216667 0.00102425
0 0.468125 0.0810417 0.03625 0.0352778 0.00102425
