0 0.64375 0.83 0.13125 0.237778 0.956543
0 0.234844 0.580556 0.0803125 0.0966666 0.937988
0 0.475313 0.673333 0.083125 0.164444 0.937988
1 0.73 0.61125 0.2425 0.404167 0.933594
0 0.563125 0.528056 0.0625 0.095 0.931152
0 0.390625 0.552361 0.0725 0.135278 0.929199
0 0.0883008 0.577222 0.0668359 0.08 0.902832
0 0.53375 0.425 0.03875 0.0566666 0.894043
0 0.470313 0.465833 0.0425 0.0694445 0.881836
0 0.257188 0.408889 0.03875 0.0455555 0.879883
0 0.585 0.415 0.04 0.0544444 0.877441
0 0.0142285 0.468889 0.028457 0.0277778 0.876465
0 0.131094 0.467222 0.0459375 0.0455555 0.875
0 0.110938 0.509444 0.058125 0.07 0.873047
0 0.74 0.3275 0.03875 0.0338889 0.865234
0 0.55 0.3475 0.025 0.0344445 0.862305
0 0.0149023 0.575 0.0294922 0.0766667 0.86084
0 0.455 0.308889 0.0125 0.0177778 0.85498
0 0.476563 0.332222 0.0175 0.0277778 0.842773
0 0.8775 0.325556 0.025 0.02 0.841797
7 0.235625 0.504444 0.0075 0.0244444 0.827637
0 0.449688 0.395556 0.03375 0.0477778 0.822266
0 0.453438 0.344444 0.02 0.03 0.803223
0 0.385 0.326944 0.016875 0.0233333 0.800781
0 0.315 0.365833 0.023125 0.0383333 0.789062
0 0.47625 0.301111 0.01125 0.0194444 0.785156
0 0.29 0.351111 0.025 0.0333333 0.78418
0 0.50125 0.32 0.015 0.0233333 0.782715
0 0.049834 0.443889 0.0320508 0.0338889 0.782715
0 0.463438 0.290833 0.009375 0.0161111 0.775879
0 0.52875 0.325556 0.018125 0.0244444 0.775879
0 0.322188 0.335556 0.01875 0.0233333 0.773438
0 0.719375 0.325833 0.03625 0.025 0.762207
0 0.262969 0.382778 0.0253125 0.0294444 0.762207
0 0.405 0.322222 0.015 0.0216667 0.754883
7 0.724375 0.400278 0.00374997 0.0166667 0.733887
7 0.024375 0.530556 0.00515625 0.0155555 0.720215
0 0.198125 0.409167 0.039375 0.0461111 0.690918
0 0.504375 0.339444 0.02 0.0311111 0.675781
0 0.414063 0.314444 0.01125 0.0177778 0.673828
0 0.351875 0.34 0.02 0.0305556 0.67041
7 0.75 0.415833 0.00499999 0.0161111 0.647949
0 0.491875 0.302778 0.01 0.0177778 0.645996
0 0.5275 0.306389 0.01375 0.0188889 0.645996
0 0.341875 0.335 0.015 0.0266667 0.637207
2 0.599375 0.313056 0.0137499 0.0216667 0.622559
0 0.373125 0.323333 0.015 0.0211111 0.615234
7 0.222188 0.518889 0.00718751 0.0244445 0.613281
0 0.36375 0.312778 0.00999997 0.0166667 0.586914
0 0.340625 0.332222 0.01625 0.0244444 0.554688
0 0.35375 0.317778 0.0125 0.0155555 0.494141
0 0.515313 0.284167 0.009375 0.0144444 0.457031
0 0.37125 0.304444 0.01125 0.0166667 0.442627
0 0.386875 0.305278 0.01125 0.0172222 0.442627
0 0.373125 0.301944 0.00999997 0.015 0.437744
0 0.414375 0.293333 0.009375 0.0133333 0.40918
0 0.491875 0.306111 0.01125 0.0188889 0.407227
7 0.73875 0.4225 0.00499999 0.0211111 0.404541
2 0.211875 0.366667 0.00812499 0.0211111 0.399902
7 0.746875 0.399444 0.00499999 0.0155555 0.388672
7 0.125781 0.42 0.00375 0.01 0.38501
0 0.401875 0.297778 0.009375 0.0161111 0.381104
0 0.34875 0.318056 0.01125 0.015 0.379395
0 0.4825 0.278333 0.00750001 0.0144444 0.375732
0 0.388125 0.295833 0.011875 0.0144444 0.355713
7 0.0496875 0.478889 0.0040625 0.0138889 0.34082
0 0.49125 0.284167 0.01 0.0188889 0.338135
0 0.5025 0.327222 0.01875 0.0266667 0.334473
0 0.316406 0.352222 0.0221875 0.0272222 0.332764
0 0.413438 0.307778 0.010625 0.0155556 0.295898
0 0.471563 0.270833 0.00625 0.0105555 0.291748
0 0.5275 0.303333 0.0125 0.0188889 0.291016
0 0.286563 0.364722 0.018125 0.0244444 0.289307
7 0.0646094 0.473333 0.00367188 0.0144444 0.282959
0 0.528125 0.317222 0.01625 0.0305556 0.271973
3 0.66375 0.321111 0.00499999 0.0244444 0.267334
0 0.464375 0.279444 0.00750001 0.00999999 0.265869
7 0.729375 0.438333 0.00625 0.0211111 0.244385
0 0.5025 0.258333 0.00750001 0.0105555 0.23938
0 0.484375 0.294444 0.00874999 0.0133333 0.216064
2 0.0882813 0.437222 0.0084375 0.0311111 0.214722
0 0.392813 0.291389 0.009375 0.0161111 0.20752
0 0.489375 0.269444 0.00625 0.01 0.206909
0 0.385938 0.311667 0.013125 0.0177778 0.199951
3 0.08875 0.437778 0.0090625 0.0288889 0.196777
0 0.418125 0.285556 0.00874999 0.0122222 0.192505
0 0.4725 0.275556 0.00687501 0.0116667 0.177246
0 0.39625 0.316111 0.01125 0.0177778 0.171021
0 0.0487109 0.433611 0.0307813 0.0227778 0.168335
7 0.634375 0.330556 0.00375004 0.0122222 0.165039
0 0.395313 0.283333 0.009375 0.0122222 0.154053
2 0.197031 0.378889 0.0065625 0.0222222 0.153564
7 0.145 0.419167 0.0034375 0.0116667 0.149048
0 0.292813 0.355 0.0225 0.0333333 0.147583
0 0.46125 0.287222 0.00750001 0.0122222 0.141235
0 0.485625 0.262778 0.00625 0.0105555 0.138428
2 0.196406 0.375833 0.00625 0.0244444 0.134277
0 0.52625 0.278056 0.00625 0.0111111 0.112427
0 0.455 0.302778 0.011875 0.0177778 0.111633
0 0.474375 0.263333 0.00499999 0.00888889 0.107056
0 0.427813 0.280556 0.00812499 0.0122222 0.104858
0 0.495625 0.263333 0.00499999 0.0105555 0.103394
7 0.736875 0.426111 0.00500005 0.02 0.0950317
0 0.43375 0.276667 0.00625 0.00888889 0.0939941
3 0.170938 0.398333 0.00656249 0.03 0.0913696
0 0.124922 0.455 0.0423437 0.0338889 0.0881958
3 0.17 0.381667 0.00562501 0.0244444 0.0739746
0 0.40375 0.281667 0.00625 0.00999999 0.0687866
3 0.190625 0.378333 0.00562501 0.0261111 0.0673218
2 0.0628125 0.425833 0.0059375 0.0166667 0.0598755
0 0.415 0.279722 0.00625 0.00888889 0.0541992
0 0.42125 0.31 0.01 0.0177778 0.0524292
7 0.72625 0.439722 0.00499999 0.02 0.0501404
7 0.655 0.33 0.00249996 0.01 0.0490417
0 0.44875 0.268611 0.00499999 0.00777777 0.0486755
0 0.428438 0.272222 0.00625 0.00944443 0.0467224
7 0.0547656 0.475556 0.004375 0.0144444 0.0409851
0 0.389375 0.324444 0.01375 0.0222222 0.0403748
7 0.70875 0.404722 0.00500005 0.0194444 0.0401001
3 0.0878125 0.442222 0.0090625 0.0355555 0.0399475
7 0.15 0.411111 0.003125 0.0111111 0.0380249
0 0.4225 0.295833 0.00874999 0.0144444 0.0366211
0 0.508125 0.269444 0.00625 0.00888889 0.0358276
2 0.73 0.31 0.0125 0.0172222 0.0358276
2 0.0885938 0.432778 0.00890625 0.0288889 0.0354004
7 0.0463281 0.475556 0.0065625 0.02 0.033844
0 0.116719 0.447222 0.0321875 0.0322222 0.0333252
0 0.368125 0.303056 0.01125 0.0166667 0.0330811
0 0.316563 0.342222 0.019375 0.0255556 0.0328369
7 0.155938 0.415556 0.00374999 0.0144444 0.0257568
0 0.379688 0.289444 0.00625 0.0122222 0.0234222
7 0.685 0.353889 0.00250003 0.0161111 0.0225372
0 0.476875 0.305556 0.0125 0.02 0.0219421
7 0.129063 0.416667 0.00375 0.0166667 0.0209656
7 0.615625 0.33 0.00375004 0.00888889 0.02034
3 0.164688 0.377222 0.00375001 0.0277778 0.0200958
3 0.163281 0.371667 0.00562501 0.0244444 0.0193481
3 0.172813 0.396667 0.00562499 0.0255556 0.0191956
0 0.353438 0.309722 0.0125 0.015 0.0183411
0 0.442813 0.265 0.00625 0.0111111 0.0174408
7 0.0850781 0.471111 0.00421875 0.0133333 0.0171814
0 0.118828 0.450278 0.025625 0.0361111 0.016983
0 0.2825 0.370278 0.02 0.0222222 0.0157776
3 0.174688 0.3925 0.00562501 0.0283333 0.0157776
2 0.695 0.332778 0.00999997 0.0244444 0.0157166
0 0.190156 0.420556 0.028125 0.0433333 0.0154877
0 0.533438 0.275833 0.00562503 0.00944443 0.0151291
7 0.73375 0.435 0.00500005 0.02 0.0131226
7 0.675 0.33 0.00249996 0.0122222 0.0120544
0 0.443125 0.272778 0.00750001 0.0122222 0.0112915
0 0.2575 0.400556 0.031875 0.0416667 0.0100098
7 0.0227393 0.552778 0.00959961 0.0344445 0.00997162
7 0.630625 0.335833 0.00250003 0.0116666 0.00963593
7 0.0754688 0.472222 0.00359375 0.0111111 0.00926971
0 0.339375 0.323889 0.013125 0.0233333 0.00923157
0 0.34125 0.338611 0.0175 0.025 0.00919342
0 0.497188 0.287222 0.009375 0.0144444 0.00919342
7 0.214063 0.393333 0.00625 0.0244445 0.00898743
7 0.67 0.341389 0.00250003 0.00999999 0.00878143
2 0.0244141 0.438889 0.006875 0.0244444 0.00861359
0 0.454375 0.261667 0.00375001 0.00777777 0.00834656
7 0.23 0.375556 0.005 0.0144444 0.008255
3 0.81125 0.301111 0.00625 0.0188889 0.00769424
7 0.74375 0.431389 0.00499999 0.0244444 0.00751877
0 0.183438 0.371667 0.015625 0.0244444 0.00748825
0 0.196563 0.416667 0.0384375 0.0488889 0.00740433
0 0.50625 0.274722 0.00749998 0.0122222 0.00723267
7 0.39 0.553333 0.0725 0.136667 0.00714874
0 0.516875 0.29 0.01 0.0166667 0.00658798
3 0.105781 0.400556 0.0046875 0.0188889 0.00656509
0 0.185938 0.382222 0.00999999 0.0255555 0.00651169
7 0.753125 0.435833 0.00499999 0.0144444 0.00629044
0 0.111484 0.444444 0.0179688 0.0272222 0.00614548
0 0.625938 0.438333 0.0331251 0.0555556 0.00612259
7 0.66625 0.348889 0.00499999 0.0111111 0.00602722
7 0.74375 0.422778 0.00499999 0.0188889 0.00564194
7 0.77875 0.352222 0.00499999 0.0222222 0.00557709
0 0.175625 0.371111 0.025 0.0277778 0.00553513
2 0.5975 0.304722 0.00875003 0.0205556 0.0051384
0 0.283594 0.371111 0.0190625 0.0333333 0.00475693
3 0.0964063 0.398333 0.00421875 0.0166667 0.00475693
3 0.250625 0.339722 0.004375 0.0194444 0.00439835
7 0.2075 0.387222 0.008125 0.0166667 0.00429916
0 0.501563 0.35 0.02375 0.0333334 0.00424957
0 0.49 0.308889 0.01375 0.0194444 0.0042305
7 0.7525 0.416944 0.00625 0.0161111 0.00421524
3 0.695 0.320556 0.00499999 0.0188889 0.00419998
0 0.621875 0.436944 0.0275 0.0494444 0.00403976
0 0.0116602 0.563889 0.0232422 0.0566667 0.00403976
0 0.188281 0.413889 0.0315625 0.0366667 0.00400543
0 0.625625 0.430556 0.024375 0.0438889 0.00356483
7 0.235313 0.367778 0.003125 0.00999999 0.00344276
7 0.612188 0.385833 0.00625 0.02 0.00335121
7 0.655 0.319722 0.00249996 0.015 0.00333786
2 0.86625 0.299444 0.00749995 0.0144444 0.00324821
0 0.128203 0.446111 0.0259375 0.0288889 0.00322342
0 0.474375 0.334722 0.020625 0.0261111 0.00317192
2 0.0901563 0.430278 0.0115625 0.0244444 0.00312424
0 0.605625 0.313889 0.0275 0.0211111 0.00311089
0 0.411875 0.271389 0.00750001 0.0105555 0.00307465
0 0.0507422 0.430278 0.0283594 0.0238889 0.00305176
0 0.05375 0.428889 0.0207813 0.0205556 0.00286674
2 0.7575 0.32 0.0225 0.0211111 0.00282288
7 0.224375 0.370556 0.00375001 0.0133333 0.00279999
7 0.924375 0.468333 0.00499999 0.02 0.00276756
0 0.373125 0.328889 0.016875 0.0255555 0.00275803
0 0.00320313 0.418333 0.00640625 0.02 0.0026722
3 0.103984 0.384444 0.0114062 0.0222222 0.00266266
7 0.0739844 0.486667 0.00546875 0.0166667 0.00261116
0 0.63 0.430556 0.03 0.0477778 0.00259018
7 0.139453 0.425556 0.00609374 0.0177778 0.00221634
0 0.528125 0.271111 0.00874999 0.0133333 0.00215721
7 0.565313 0.317778 0.00374997 0.0144444 0.00213242
2 0.63625 0.321389 0.00437501 0.0194444 0.00213242
2 0.69375 0.351111 0.01 0.0366667 0.00208282
7 0.0954688 0.474722 0.004375 0.0155556 0.00200272
2 0.2125 0.36 0.0075 0.0277778 0.00192642
0 0.631875 0.435556 0.04 0.0555556 0.00191212
0 0.87875 0.328889 0.0275 0.0244445 0.00190449
3 0.0927344 0.446944 0.0075 0.0366667 0.00188255
0 0.409688 0.322222 0.01375 0.0211111 0.00187492
7 0.675 0.319167 0.00249996 0.015 0.00183868
7 0.645 0.318333 0.00250003 0.0122222 0.00181007
7 0.135234 0.421667 0.00374999 0.00999999 0.00178242
2 0.8125 0.299444 0.00750001 0.0177778 0.00174141
0 0.67625 0.427222 0.04625 0.0511111 0.0017271
7 0.0346094 0.524722 0.00507813 0.0155555 0.0017271
0 0.452813 0.349444 0.021875 0.0388889 0.00169373
2 0.71375 0.390278 0.01125 0.0411111 0.00167465
2 0.59625 0.312222 0.016875 0.0222222 0.0016613
2 0.685 0.295556 0.00499999 0.0144444 0.00158501
2 0.113906 0.385556 0.005 0.0155555 0.00155449
2 0.209375 0.371667 0.011875 0.0177778 0.00153637
2 0.156172 0.371111 0.00671875 0.0222222 0.00149536
0 0.64 0.435 0.0225 0.0477778 0.00146103
0 0.48625 0.333333 0.0375 0.0333333 0.00141621
3 0.549375 0.268333 0.00562503 0.0166667 0.00134087
7 0.155313 0.407778 0.003125 0.0144444 0.00131512
0 0.816875 0.698333 0.06875 0.227778 0.00131512
3 0.665 0.301111 0.00374997 0.0161111 0.00119209
7 0.695 0.423333 0.00875003 0.0411111 0.00119209
0 0.81625 0.336667 0.04 0.0255556 0.00118828
0 0.522188 0.261111 0.00812499 0.0111111 0.00114727
7 0.0748438 0.457222 0.0046875 0.0177778 0.00112438
2 0.715 0.381667 0.0225 0.0622222 0.00112438
3 0.0345703 0.405 0.005 0.0177778 0.00110722
0 0.259688 0.366111 0.01875 0.0277778 0.0011034
7 0.61125 0.381944 0.00750001 0.0238889 0.00107765
7 0.68375 0.362778 0.00500005 0.0222222 0.00107288
3 0.57875 0.281944 0.00750001 0.0177778 0.00104809
0 0.719375 0.311667 0.035 0.0233333 0.00100803
