5 0.127422 0.872778 0.161719 0.252222 0.936035
0 0.47 0.517778 0.055 0.0922222 0.93457
0 0.17625 0.66 0.0975 0.122222 0.93457
5 0.59 0.609028 0.0975 0.190833 0.928711
0 0.553125 0.461667 0.04875 0.0755556 0.924316
5 0.279531 0.828889 0.193438 0.34 0.921387
0 0.153125 0.500278 0.0609375 0.0794444 0.913574
0 0.260781 0.645556 0.0971875 0.142222 0.909668
0 0.257031 0.391389 0.033125 0.0505556 0.905762
0 0.483438 0.433333 0.0375 0.0577778 0.905273
5 0.0480859 0.527778 0.0775781 0.117778 0.892578
0 0.550625 0.348889 0.025 0.0344445 0.891113
0 0.523125 0.376944 0.03 0.0405556 0.889648
0 0.134219 0.467222 0.0434375 0.0566666 0.885742
0 0.477813 0.343056 0.021875 0.0322222 0.878418
0 0.235156 0.389722 0.035 0.0472222 0.875
0 0.436875 0.356667 0.02375 0.0355556 0.868164
0 0.5125 0.338056 0.020625 0.0305556 0.866211
0 0.2975 0.353333 0.02 0.0255556 0.848145
0 0.384063 0.324444 0.01625 0.0227778 0.845703
7 0.235 0.503889 0.0075 0.0222222 0.820801
0 0.0589453 0.437222 0.0325781 0.0311111 0.818848
0 0.314063 0.367778 0.0275 0.0411111 0.811523
2 0.88375 0.496111 0.02 0.0688889 0.806152
0 0.078125 0.411389 0.029375 0.0233333 0.804199
0 0.4975 0.305278 0.014375 0.0188889 0.801758
2 0.67875 0.432222 0.025 0.0555556 0.798828
0 0.460625 0.290833 0.010625 0.0161111 0.796875
0 0.443125 0.331667 0.0175 0.0266667 0.796875
0 0.306563 0.33 0.0175 0.0211111 0.785156
7 0.221719 0.517778 0.0078125 0.0244445 0.782715
2 0.215313 0.362778 0.01 0.0222222 0.778809
0 0.4775 0.317778 0.01625 0.0233333 0.773438
0 0.0338477 0.448611 0.0319922 0.0383333 0.770508
0 0.0112305 0.62 0.0223828 0.0844445 0.770508
2 0.0660156 0.465556 0.0160938 0.0311111 0.747559
0 0.370938 0.323056 0.015 0.02 0.73584
7 0.925625 0.458333 0.00374997 0.0161111 0.71875
0 0.359375 0.317222 0.01375 0.0211111 0.686035
7 0.678125 0.480556 0.00750001 0.0244444 0.654785
7 0.6675 0.465 0.00750001 0.0233334 0.645996
7 0.749375 0.416667 0.00500005 0.0166667 0.622559
0 0.536875 0.314167 0.01625 0.0311111 0.615234
0 0.40625 0.318333 0.01375 0.0244444 0.611328
0 0.53125 0.301667 0.015 0.0222222 0.592773
0 0.41375 0.311944 0.01 0.0183333 0.586914
0 0.0180566 0.448889 0.0249805 0.0327778 0.581543
0 0.376875 0.291667 0.010625 0.0133333 0.577637
2 0.580625 0.314722 0.015625 0.0216667 0.57373
7 0.72875 0.438611 0.00499999 0.0194444 0.563965
7 0.68375 0.3525 0.00374997 0.0127778 0.539062
3 0.115 0.418889 0.00625 0.0344445 0.509766
7 0.74625 0.399722 0.00374997 0.015 0.488281
7 0.738125 0.425833 0.00499999 0.0211111 0.472656
7 0.72375 0.399722 0.00499999 0.0172222 0.46875
5 0.390625 0.304167 0.0175 0.0294445 0.457031
0 0.405 0.296111 0.01 0.0161111 0.422607
0 0.41375 0.294444 0.01 0.0144444 0.418701
7 0.92375 0.466111 0.00499999 0.0166667 0.388672
2 0.875 0.3175 0.01 0.0177778 0.368408
7 0.6675 0.463889 0.00499999 0.0233333 0.343262
7 0.7375 0.427778 0.00499999 0.02 0.334473
7 0.634063 0.329167 0.003125 0.0111111 0.325928
0 0.46 0.288056 0.01 0.015 0.310791
0 0.534375 0.306667 0.02 0.03 0.300781
0 0.471875 0.276667 0.00749998 0.0116667 0.295898
0 0.316719 0.351944 0.0234375 0.0288889 0.279785
0 0.354063 0.304167 0.01 0.0172222 0.277588
7 0.00388184 0.540556 0.00516602 0.0166667 0.276611
0 0.355 0.301667 0.009375 0.0144444 0.275146
7 0.145391 0.417222 0.00390625 0.0122222 0.267334
0 0.486875 0.284722 0.00750001 0.0161111 0.265869
0 0.31875 0.343333 0.02 0.0255556 0.252441
3 0.655 0.304444 0.00499999 0.0233333 0.204956
0 0.361875 0.296667 0.00874999 0.0111111 0.185303
5 0.389375 0.308056 0.0175 0.0283333 0.176147
0 0.418125 0.285556 0.01 0.0144444 0.175537
0 0.3775 0.288889 0.00874999 0.0133333 0.171631
0 0.47125 0.271111 0.00625 0.00999999 0.15979
3 0.143594 0.38 0.00406249 0.0155555 0.156616
7 0.129375 0.413611 0.0034375 0.0116667 0.152588
7 0.73625 0.43 0.00499999 0.0188889 0.145142
7 0.125 0.419722 0.0034375 0.0122222 0.138428
1 0.484375 0.2625 0.00749998 0.0144444 0.137939
5 0.393438 0.316667 0.01375 0.0233333 0.125488
7 0.65375 0.327222 0.00374997 0.0122222 0.120422
0 0.463125 0.278333 0.00625 0.00999999 0.110107
0 0.494688 0.262222 0.00687501 0.00999999 0.105591
0 0.0734375 0.418333 0.0234375 0.0211111 0.103394
0 0.48125 0.287778 0.01125 0.0166667 0.0960083
0 0.405 0.282222 0.01 0.0111111 0.0856934
0 0.475938 0.264444 0.00499999 0.0111111 0.0687866
3 0.111641 0.417778 0.006875 0.0311111 0.0656128
0 0.496875 0.288333 0.01 0.0138889 0.0637207
2 0.218125 0.359444 0.00687501 0.0194444 0.0558167
0 0.42125 0.306389 0.01125 0.0177778 0.0544128
7 0.726875 0.44 0.00499999 0.0188889 0.0544128
0 0.0133496 0.448889 0.020957 0.0322222 0.0507202
0 0.371563 0.307778 0.010625 0.0155556 0.0499573
2 0.68625 0.294167 0.00499999 0.0172222 0.0446777
3 0.70875 0.310278 0.00500005 0.0188889 0.0430298
0 0.49625 0.277778 0.00874999 0.0133333 0.0422363
7 0.149531 0.411667 0.003125 0.01 0.0422363
7 0.67 0.344167 0.00250003 0.015 0.0419312
0 0.413125 0.283333 0.00874999 0.0133333 0.0406799
2 0.393125 0.321667 0.0125 0.0222222 0.0358276
0 0.0870117 0.403889 0.0181641 0.0188889 0.0343628
3 0.776875 0.354167 0.00750001 0.0322222 0.0305634
0 0.49125 0.269167 0.00625 0.00999999 0.0284424
0 0.449375 0.266944 0.00499999 0.00944446 0.0283356
2 0.6825 0.428611 0.03 0.0566667 0.0271759
7 0.74375 0.420278 0.00499999 0.0155555 0.0269623
0 0.422188 0.281667 0.00812499 0.0122222 0.0262604
0 0.423125 0.298611 0.00874999 0.0172222 0.02034
2 0.212188 0.365 0.0075 0.0233333 0.019989
0 0.44625 0.263611 0.00499999 0.00944446 0.0185394
0 0.434688 0.276389 0.00562503 0.00888889 0.0185394
3 0.19 0.371111 0.005 0.0211111 0.0156708
7 0.275313 0.348889 0.00375001 0.0122222 0.0154266
0 0.495 0.302778 0.01375 0.0177778 0.0153046
3 0.265938 0.347778 0.00406249 0.0127778 0.0149536
2 0.5825 0.312222 0.0175 0.0211111 0.0147324
2 0.5825 0.302778 0.00999997 0.0211111 0.0135345
0 0.479375 0.293889 0.01125 0.0166667 0.0121918
0 0.526875 0.278889 0.00750001 0.00999999 0.0116882
7 0.605625 0.311667 0.00374997 0.0111111 0.0111618
3 0.144844 0.375 0.004375 0.02 0.0110321
2 0.234375 0.353333 0.00374999 0.0133333 0.00978088
7 0.7775 0.348889 0.00500005 0.0244445 0.00967407
7 0.594688 0.313333 0.00437495 0.0133333 0.00923157
3 0.651875 0.304444 0.00625 0.0211111 0.00919342
3 0.596563 0.300556 0.00499999 0.0144444 0.00874329
3 0.810625 0.301111 0.00625 0.02 0.00871277
7 0.125 0.408333 0.0034375 0.0144444 0.00834656
2 0.87 0.317222 0.01375 0.0166667 0.00818634
7 0.0462109 0.473333 0.0053125 0.0133333 0.00812531
7 0.22125 0.509167 0.00718749 0.0288888 0.00787354
7 0.685625 0.315 0.00374997 0.00999999 0.00751877
2 0.69375 0.335278 0.01 0.0305556 0.00725937
0 0.528125 0.270556 0.00749998 0.00888887 0.00723267
3 0.77625 0.358889 0.00750001 0.0355555 0.00679779
7 0.0257617 0.504722 0.00738281 0.0166667 0.00664139
7 0.0561719 0.474444 0.005625 0.0188889 0.00651169
0 0.00480957 0.405 0.0090918 0.0161111 0.00638962
7 0.754375 0.416111 0.00374997 0.0155555 0.00612259
7 0.609375 0.307778 0.00249996 0.0127778 0.00577545
7 0.67125 0.472778 0.00749995 0.0255556 0.00524139
2 0.115391 0.372778 0.00609375 0.0172222 0.00500107
0 0.455 0.263611 0.00499999 0.00944446 0.0049057
7 0.637188 0.318056 0.00499999 0.0122222 0.00450516
0 0.026875 0.44 0.0263281 0.03 0.00436401
2 0.58 0.307222 0.0125 0.0266667 0.00403976
7 0.205156 0.379444 0.00406249 0.0166667 0.00387001
0 0.4125 0.271111 0.00874999 0.0111111 0.00385475
2 0.70625 0.309444 0.00375004 0.0155555 0.00383949
7 0.105313 0.456667 0.00375 0.0111111 0.0036068
7 0.155 0.418056 0.0034375 0.0116667 0.00356483
7 0.567188 0.315556 0.00625 0.0155555 0.00349617
0 0.514375 0.262222 0.00499999 0.0077778 0.00337601
0 0.475625 0.31 0.01875 0.0222222 0.00335121
3 0.105703 0.400278 0.00484375 0.0216667 0.00327301
0 0.0119629 0.405833 0.0104102 0.0161111 0.00323486
2 0.555625 0.279444 0.00500005 0.0111111 0.00322342
2 0.186875 0.371111 0.00874999 0.0211111 0.00322342
7 0.66625 0.354444 0.00499999 0.0133334 0.00316048
7 0.614375 0.314444 0.00375004 0.00888889 0.00309944
2 0.575625 0.312222 0.01875 0.0233333 0.00309944
0 0.465 0.264444 0.00375001 0.00999999 0.00288963
7 0.66375 0.310556 0.00499999 0.0144444 0.00288963
3 0.25 0.344167 0.00625 0.025 0.00283432
2 0.0406348 0.426667 0.017793 0.0205556 0.00271416
7 0.695 0.316667 0.00374997 0.0122222 0.0026722
3 0.545313 0.274167 0.00375004 0.0116667 0.00266266
3 0.265625 0.337222 0.004375 0.0166667 0.00259018
2 0.176406 0.370556 0.00499999 0.0177778 0.00255013
2 0.87375 0.3125 0.0125 0.0244444 0.00242424
2 0.58 0.320833 0.01625 0.0244444 0.00239754
0 0.301875 0.337222 0.016875 0.02 0.00237846
2 0.186094 0.381667 0.009375 0.0244444 0.00237846
7 0.138984 0.423333 0.00671875 0.0205556 0.00235939
0 0.010918 0.644444 0.0218359 0.128889 0.00225258
2 0.678125 0.2975 0.00750001 0.0133333 0.00219917
0 0.0343555 0.534167 0.0489453 0.0672222 0.00214958
7 0.0261914 0.492778 0.00746094 0.0233333 0.00203514
3 0.104844 0.387778 0.006875 0.02 0.0019722
3 0.115313 0.382778 0.00515625 0.0166667 0.0019722
0 0.365625 0.283056 0.00562499 0.0161111 0.00194931
0 0.425313 0.306944 0.018125 0.0305556 0.00194168
7 0.154219 0.387778 0.00390625 0.0122222 0.00192642
0 0.0266357 0.534445 0.0331348 0.0455556 0.00192642
3 0.54875 0.271111 0.00625 0.0177778 0.00191212
1 0.360313 0.272778 0.063125 0.0633333 0.00189686
3 0.68875 0.304444 0.00499999 0.0133333 0.00188255
2 0.245 0.353889 0.00562499 0.0155555 0.00186062
2 0.576563 0.321667 0.0125 0.0233333 0.00181007
2 0.69125 0.338333 0.0125 0.0333333 0.00176811
3 0.371875 0.671111 0.01375 0.0666667 0.00175476
7 0.645 0.317778 0.00374997 0.0116666 0.00174141
3 0.0230469 0.463889 0.00769531 0.0344445 0.0017271
0 0.8775 0.317222 0.02 0.0177778 0.0016613
0 0.0324609 0.526111 0.0449219 0.0444444 0.0016489
0 0.865625 0.298889 0.00625 0.015 0.00159168
7 0.615 0.329167 0.00374997 0.0105555 0.00158501
0 0.443125 0.324444 0.01625 0.0255556 0.00154877
5 0.576563 0.569028 0.071875 0.113056 0.00154877
0 0.324063 0.342778 0.01875 0.0283333 0.00148964
0 0.36 0.321111 0.0125 0.0211111 0.00144386
1 0.365 0.270833 0.05125 0.0527778 0.00143814
0 0.0583203 0.448611 0.0310156 0.0488889 0.00142097
7 0.134922 0.439444 0.0120312 0.0188889 0.00137806
0 0.026333 0.523333 0.0318652 0.0488889 0.00136662
0 0.429063 0.270556 0.00687501 0.0111111 0.00129414
2 0.87375 0.323889 0.015 0.0188889 0.0012598
7 0.176211 0.66 0.0957031 0.12 0.00123501
7 0.135625 0.418889 0.00374999 0.00999999 0.00119686
7 0.124453 0.451111 0.0132813 0.0316667 0.00119209
7 0.67625 0.315 0.00250003 0.00999999 0.0011425
0 0.00378418 0.422222 0.0074707 0.0205555 0.00112438
7 0.65 0.335 0.00499999 0.0155555 0.00107288
3 0.169688 0.377222 0.00562499 0.0222222 0.00102425
