0 0.284063 0.897778 0.1525 0.204444 0.958984
0 0.101484 0.793333 0.116719 0.164444 0.950195
0 0.257813 0.66 0.106875 0.177778 0.944336
0 0.691875 0.603333 0.10375 0.15 0.936523
0 0.636875 0.812778 0.12625 0.23 0.936523
0 0.568125 0.515278 0.0575 0.0872222 0.928223
0 0.386875 0.604445 0.07 0.113333 0.922852
0 0.47875 0.649444 0.075 0.137778 0.920898
0 0.2125 0.602222 0.088125 0.12 0.905762
0 0.41625 0.486111 0.0475 0.0811111 0.896973
0 0.441563 0.391111 0.028125 0.0411111 0.874023
7 0.235938 0.505556 0.0075 0.025 0.867188
0 0.488125 0.435833 0.0375 0.0561111 0.866211
0 0.573125 0.393889 0.034375 0.0488889 0.864258
0 0.0540234 0.58 0.0655469 0.0844444 0.845703
0 0.5175 0.377222 0.03 0.0422222 0.836426
0 0.18 0.434167 0.03875 0.0494444 0.834473
0 0.259531 0.349444 0.0265625 0.0222222 0.822266
0 0.314063 0.335556 0.01625 0.0188889 0.820801
0 0.539375 0.318889 0.01625 0.0255556 0.819824
0 0.0146289 0.461111 0.0290625 0.0311111 0.81543
0 0.301563 0.377778 0.025625 0.0311111 0.809082
0 0.38375 0.327222 0.018125 0.0211111 0.796875
0 0.469063 0.313333 0.014375 0.0177778 0.785156
7 0.222813 0.52 0.00750001 0.0233333 0.785156
7 0.024668 0.531111 0.00542969 0.0177778 0.777344
0 0.326875 0.338056 0.01875 0.0222222 0.775879
0 0.9225 0.985556 0.07875 0.0277778 0.770508
7 0.73 0.439444 0.00499999 0.02 0.760742
0 0.238438 0.384444 0.026875 0.0333333 0.749023
0 0.351875 0.336944 0.01875 0.0277778 0.746094
0 0.515313 0.350556 0.023125 0.0311111 0.746094
0 0.288125 0.369444 0.02125 0.0322222 0.744629
7 0.725 0.401111 0.00499999 0.0166667 0.743164
0 0.0476465 0.450278 0.035332 0.03 0.729492
0 0.74875 0.331111 0.04 0.03 0.725098
0 0.0614063 0.436389 0.0328125 0.0216667 0.72168
2 0.0740625 0.462222 0.015625 0.0294445 0.712402
7 0.6675 0.465278 0.00625 0.0244444 0.705566
0 0.288125 0.346667 0.01875 0.0244444 0.699219
0 0.7375 0.326667 0.04125 0.0322222 0.689453
2 0.0470313 0.468611 0.0107812 0.0333334 0.689453
7 0.73875 0.429444 0.00499999 0.0211111 0.678223
0 0.39375 0.307778 0.0125 0.0177778 0.656738
0 0.366875 0.318333 0.01125 0.0166667 0.640625
0 0.347813 0.3275 0.015 0.0244445 0.637207
7 0.925625 0.46 0.00374997 0.0166667 0.637207
5 0.38125 0.296667 0.0125 0.0288889 0.584961
0 0.401875 0.323056 0.01375 0.02 0.584961
7 0.68375 0.353333 0.00500005 0.0122222 0.560059
0 0.411875 0.316111 0.01375 0.02 0.503906
7 0.75 0.417222 0.00499999 0.0166667 0.500977
0 0.0564063 0.439444 0.0284375 0.0255556 0.5
0 0.357813 0.309722 0.010625 0.0183333 0.486328
7 0.0107324 0.544444 0.00619141 0.02 0.472656
7 0.7475 0.399444 0.00499999 0.0155555 0.44751
0 0.376875 0.316667 0.01125 0.0155556 0.434082
7 0.634688 0.33 0.003125 0.0116667 0.42627
0 0.367813 0.304167 0.010625 0.0166667 0.422607
0 0.740625 0.323333 0.03875 0.0277778 0.355713
7 0.92375 0.467222 0.00374997 0.0155555 0.350342
0 0.0536719 0.448056 0.0258594 0.0277778 0.348633
0 0.39625 0.3 0.01125 0.0138889 0.329346
7 0.12625 0.421667 0.00375001 0.00888889 0.315674
5 0.409375 0.307222 0.01625 0.0344445 0.300781
7 0.65375 0.328333 0.00499999 0.0111111 0.295898
2 0.0493359 0.465556 0.0134375 0.0355555 0.26123
0 0.329063 0.336111 0.01875 0.0211111 0.23938
0 0.404375 0.321111 0.015 0.0211111 0.224731
0 0.345 0.322222 0.013125 0.02 0.223389
0 0.38 0.312222 0.0125 0.015 0.213989
0 0.430938 0.272222 0.00687501 0.01 0.212036
0 0.33625 0.320833 0.0125 0.0183333 0.208862
0 0.408438 0.301667 0.01375 0.0222222 0.20752
7 0.669375 0.342778 0.00374997 0.0133334 0.201172
7 0.67875 0.480278 0.00750001 0.0272222 0.190063
0 0.409375 0.307778 0.01625 0.0266667 0.151978
5 0.37125 0.2975 0.01 0.0244444 0.14856
0 0.379375 0.290556 0.00875003 0.0138889 0.148071
0 0.369375 0.301111 0.01125 0.0144444 0.143677
0 0.431875 0.275556 0.00874999 0.00944446 0.140381
0 0.371875 0.284167 0.00874999 0.015 0.0927124
0 0.231563 0.621111 0.053125 0.1 0.0838623
0 0.299688 0.350278 0.0175 0.0233333 0.081543
0 0.422813 0.296111 0.00874999 0.0155555 0.0753174
7 0.144375 0.418333 0.00406249 0.0122222 0.0742188
0 0.355 0.307222 0.01375 0.0161111 0.0687866
0 0.424063 0.277778 0.00687501 0.0122222 0.0668335
7 0.7375 0.428889 0.00625 0.0211111 0.0538025
0 0.448125 0.266667 0.00625 0.00944443 0.0528259
0 0.418438 0.283889 0.00812499 0.0144444 0.0507202
0 0.29375 0.365 0.024375 0.03 0.0455933
7 0.65375 0.318611 0.00374997 0.0127778 0.0366211
7 0.128438 0.414444 0.0040625 0.0133333 0.0348816
7 0.675 0.328333 0.00249996 0.0144444 0.0321045
7 0.205313 0.385833 0.00375001 0.0122222 0.0307922
0 0.494063 0.263333 0.00687497 0.01 0.0297546
2 0.411875 0.325 0.0125 0.0227778 0.0274811
5 0.0535156 0.58 0.065625 0.0844444 0.0250854
0 0.42125 0.311667 0.01 0.0155555 0.0195007
0 0.228906 0.381111 0.010625 0.0322222 0.0175171
0 0.533125 0.278333 0.00562499 0.00833333 0.0161591
0 0.36625 0.323611 0.01375 0.02 0.0161591
3 0.190313 0.375833 0.0046875 0.0233333 0.0160217
0 0.485 0.2575 0.00500002 0.00944446 0.0133286
3 0.0239453 0.446111 0.00695312 0.0244445 0.0130234
0 0.3575 0.303333 0.00999997 0.0166667 0.0106125
7 0.668125 0.47 0.00625 0.0277778 0.0105667
7 0.73625 0.431667 0.00499999 0.02 0.0103302
7 0.0247656 0.535 0.00546875 0.0222222 0.0102081
7 0.745 0.421389 0.00374997 0.0161111 0.00955963
7 0.125313 0.408889 0.00375 0.0161111 0.00926971
0 0.90125 0.987222 0.05 0.0255555 0.00923157
7 0.84375 0.346667 0.00499999 0.0133333 0.0091629
0 0.00621582 0.451111 0.0124316 0.0311111 0.0088501
7 0.7525 0.417778 0.00625 0.0166667 0.0085144
0 0.475313 0.259444 0.00437501 0.00666668 0.00834656
0 0.485 0.245278 0.00500002 0.00944443 0.00821686
0 0.414688 0.331111 0.013125 0.0244444 0.0077858
7 0.91 0.482778 0.00500005 0.02 0.00728989
0 0.446875 0.264444 0.00625 0.00999999 0.00698471
0 0.3825 0.260278 0.00875003 0.0122222 0.00651169
7 0.195313 0.384722 0.004375 0.0161111 0.00575256
7 0.9275 0.455 0.00499999 0.0188889 0.00526047
7 0.0651953 0.483889 0.00414063 0.0211111 0.00477219
3 0.86625 0.313889 0.00500005 0.015 0.00475693
2 0.8225 0.330278 0.00999997 0.0238889 0.00469971
0 0.370313 0.287222 0.0125 0.0211111 0.0046463
2 0.636875 0.321111 0.00500005 0.0177778 0.00460815
0 0.445 0.273056 0.00499999 0.0116667 0.00400543
2 0.5825 0.283611 0.00750001 0.015 0.00387001
7 0.176094 0.408333 0.00562499 0.02 0.00387001
7 0.604688 0.299444 0.00375004 0.0122222 0.00380898
7 0.105469 0.436389 0.00375 0.0122222 0.00376511
0 0.86625 0.298889 0.00500005 0.0133333 0.00372124
0 0.74 0.319444 0.0425001 0.0366667 0.00370789
7 0.7275 0.442222 0.00749995 0.0211111 0.00345612
7 0.71 0.401944 0.00499999 0.0244444 0.00342941
7 0.675 0.352778 0.00249996 0.0122222 0.00340271
0 0.9325 0.987778 0.055 0.0244444 0.00340271
0 0.465625 0.274444 0.00500002 0.0105555 0.00317192
7 0.913125 0.484722 0.00625 0.0216667 0.00314713
2 0.0398828 0.461667 0.0135156 0.0344444 0.00302696
7 0.478438 0.647778 0.075625 0.135556 0.00298119
3 0.711875 0.381111 0.0125 0.0466667 0.00284576
3 0.115781 0.383889 0.00437501 0.0144444 0.00277901
2 0.71625 0.31 0.0225 0.0233333 0.00269318
0 0.469375 0.268889 0.00874999 0.0122222 0.00261116
0 0.580625 0.284444 0.00749995 0.0144444 0.00255013
3 0.4025 0.512778 0.021875 0.0533334 0.00253105
0 0.378125 0.263333 0.01375 0.0188889 0.00237846
0 0.4925 0.262778 0.00875003 0.0155555 0.00228691
7 0.135938 0.419444 0.00374999 0.00888889 0.00227928
7 0.150469 0.410833 0.00843749 0.0166667 0.00226974
7 0.05375 0.485278 0.005625 0.0166667 0.00224304
7 0.0960156 0.425 0.00453126 0.0133333 0.00213242
2 0.695 0.334722 0.00999997 0.0305556 0.00201988
2 0.0466016 0.473889 0.0100781 0.0377778 0.00201035
2 0.71375 0.385 0.0125 0.0405555 0.00192642
7 0.695625 0.348889 0.00499999 0.0205556 0.00191212
0 0.0150781 0.42 0.0136328 0.0166667 0.00191212
3 0.185938 0.383333 0.00875001 0.0244444 0.00183105
3 0.868125 0.309444 0.00625 0.0233333 0.0017271
7 0.154688 0.389444 0.00359375 0.0144444 0.00168133
7 0.635625 0.344722 0.00437501 0.0127778 0.0016613
0 0.721875 0.311944 0.03 0.0183333 0.0016489
7 0.16625 0.405278 0.00499999 0.0194444 0.00156116
7 0.614688 0.33 0.00374997 0.0122222 0.00153637
0 0.7025 0.313333 0.025 0.0177778 0.00152493
3 0.165 0.383333 0.00375001 0.0211111 0.00148964
3 0.0237891 0.421667 0.0065625 0.0155555 0.00148392
7 0.65125 0.338056 0.00250003 0.00999999 0.0014782
7 0.721875 0.450278 0.00750001 0.0227778 0.00138855
2 0.253438 0.336667 0.009375 0.0222222 0.00135612
7 0.0420703 0.562222 0.0378906 0.04 0.00128937
7 0.925 0.483333 0.00499999 0.0205556 0.0012846
7 0.675 0.317778 0.00249996 0.0133334 0.00126934
0 0.0554297 0.56 0.0541406 0.0588889 0.00126457
0 0.0135352 0.448056 0.0255078 0.0272222 0.00124454
0 0.415625 0.281111 0.00749998 0.0111111 0.00121593
0 0.0554688 0.431667 0.0309375 0.0272222 0.00120163
7 0.595 0.312778 0.00374997 0.0111111 0.00118828
0 0.176563 0.428889 0.0390625 0.04 0.00118828
0 0.269063 0.353611 0.021875 0.0233333 0.00117874
3 0.874375 0.313333 0.00374997 0.0166667 0.00115585
3 0.91 0.335 0.00875003 0.0177778 0.00115585
0 0.69875 0.318889 0.015 0.0166667 0.0011158
3 0.109141 0.418333 0.0053125 0.0222222 0.00109863
7 0.685 0.359444 0.00499999 0.0172222 0.00105667
0 0.184844 0.606667 0.03375 0.0911111 0.00102425
7 0.215625 0.384167 0.0034375 0.0138889 0.00100422
