0 0.495 0.848889 0.17125 0.297778 0.967285
0 0.9075 0.806111 0.185 0.387778 0.959961
0 0.259688 0.842222 0.199375 0.313333 0.959961
0 0.201914 0.643472 0.144297 0.2575 0.958984
0 0.2925 0.364167 0.12125 0.214444 0.951172
0 0.65375 0.505833 0.1275 0.243889 0.950684
0 0.770625 0.918333 0.19125 0.163333 0.950195
0 0.763125 0.446389 0.1225 0.186111 0.946777
0 0.395938 0.35 0.091875 0.146667 0.941895
0 0.695625 0.288333 0.08625 0.117778 0.941406
0 0.520313 0.477778 0.09375 0.191111 0.9375
0 0.607188 0.303056 0.078125 0.118333 0.936523
0 0.494375 0.309444 0.064375 0.115 0.928223
0 0.471875 0.0477778 0.01375 0.0191667 0.878418
0 0.130391 0.232778 0.0420313 0.0422222 0.864258
0 0.416875 0.0816667 0.0375 0.0308333 0.855957
0 0.85625 0.0770139 0.0325 0.0238889 0.845703
4 0.0807813 0.706528 0.161563 0.5825 0.834961
0 0.745 0.0598611 0.03875 0.0252778 0.832031
0 0.250156 0.123611 0.0290625 0.0266667 0.810547
0 0.363438 0.0769444 0.016875 0.0220833 0.78125
0 0.495 0.0370833 0.01375 0.0197222 0.778809
0 0.805625 0.0648611 0.03125 0.0230556 0.777344
0 0.345 0.0823611 0.01625 0.02 0.777344
0 0.297188 0.0977083 0.023125 0.0219444 0.773438
0 0.037168 0.268889 0.0258984 0.0333333 0.763672
0 0.38375 0.0695833 0.01625 0.0219444 0.756348
2 0.77375 0.142639 0.025 0.0516667 0.747559
7 0.255938 0.265556 0.0078125 0.0222222 0.746094
7 0.2425 0.279444 0.008125 0.0233333 0.741699
0 0.78625 0.0551389 0.035 0.0252778 0.73877
0 0.925625 0.0877083 0.025 0.0220833 0.73584
3 0.82625 0.174444 0.0125 0.0597222 0.732422
0 0.72375 0.0520833 0.035 0.0230556 0.729492
0 0.84125 0.06125 0.0300001 0.0238889 0.729492
2 0.596875 0.0391493 0.011875 0.0203125 0.720215
7 0.945 0.213333 0.00499999 0.0166667 0.713867
0 0.325625 0.0898611 0.0175 0.0219444 0.699219
7 0.74375 0.17375 0.00750001 0.0213889 0.656738
0 0.89 0.0811806 0.03125 0.0259722 0.647949
0 0.201719 0.150556 0.0309375 0.0272222 0.638672
5 0.270625 0.152917 0.053125 0.0422222 0.637207
0 0.393438 0.0591667 0.013125 0.0172222 0.633301
2 0.7475 0.134722 0.0175 0.0402778 0.600098
0 0.404375 0.0636806 0.01375 0.0231944 0.59082
0 0.95875 0.0998611 0.0225 0.0219444 0.584961
2 0.7625 0.122361 0.015 0.0433333 0.584961
7 0.0661719 0.298611 0.00406251 0.0122222 0.571777
0 0.3375 0.0802083 0.01625 0.0208333 0.558105
0 0.42875 0.0543056 0.01375 0.0205556 0.552734
0 0.488125 0.0120139 0.00749998 0.0119444 0.542969
7 0.0274219 0.380278 0.00585938 0.0188889 0.521484
0 0.27 0.152778 0.0521875 0.0433333 0.511719
7 0.0281836 0.379444 0.00503906 0.0188889 0.508789
0 0.431875 0.0486111 0.01125 0.0191667 0.505859
0 0.4225 0.0575 0.0125 0.0205556 0.490234
2 0.614375 0.035625 0.0125 0.0211111 0.478516
0 0.41625 0.0593056 0.01375 0.0186111 0.46875
0 0.423125 0.0524306 0.0125 0.0201389 0.462891
2 0.77375 0.134167 0.02 0.0477778 0.439697
7 0.94375 0.218333 0.00499999 0.0172222 0.432129
7 0.70375 0.0780556 0.00374997 0.0122222 0.430176
2 0.751875 0.132778 0.01375 0.0444444 0.420654
0 0.369375 0.05625 0.010625 0.0177778 0.412109
0 0.3825 0.0486111 0.009375 0.0145833 0.407227
0 0.41375 0.04625 0.01 0.0163889 0.403564
0 0.37375 0.0664583 0.01 0.0208333 0.377441
0 0.518125 0.0181597 0.01 0.0163889 0.373779
0 0.35125 0.0766667 0.0125 0.0222222 0.37207
2 0.614688 0.0387674 0.01375 0.0202431 0.352295
0 0.351875 0.0713194 0.011875 0.0170833 0.352295
2 0.60625 0.0392882 0.0125 0.0203125 0.341553
0 0.405313 0.0496528 0.01125 0.0140278 0.339844
7 0.755 0.163194 0.00499999 0.0213889 0.338135
0 0.955 0.101528 0.025 0.0236111 0.325928
0 0.340625 0.0761111 0.01375 0.0193056 0.291748
0 0.365938 0.0552083 0.01375 0.0188889 0.284668
5 0.3975 0.0303472 0.00874999 0.0154167 0.281494
7 0.94125 0.216111 0.00500005 0.0180556 0.281494
7 0.75125 0.160278 0.00750001 0.0222222 0.279785
7 0.65125 0.0529167 0.00250003 0.0105556 0.277588
0 0.49875 0.00486111 0.00625 0.00972222 0.270508
0 0.4325 0.0342708 0.009375 0.0172917 0.265869
2 0.605625 0.0365278 0.0106249 0.0197222 0.256836
0 0.380313 0.0684722 0.01375 0.0222222 0.246582
0 0.520938 0.0104861 0.009375 0.00972222 0.237915
7 0.67125 0.0511806 0.00250003 0.0123611 0.234375
0 0.406875 0.0330556 0.00874999 0.0126389 0.233765
0 0.199063 0.155556 0.03125 0.03 0.233765
0 0.42875 0.0223264 0.01 0.011875 0.230957
0 0.368125 0.0617361 0.0125 0.0251389 0.221313
0 0.345938 0.0708333 0.016875 0.0166667 0.216064
0 0.89125 0.0742361 0.0275 0.0205556 0.216064
0 0.394375 0.0477778 0.01 0.0130556 0.213379
2 0.7625 0.120139 0.02 0.0430555 0.210815
0 0.416563 0.0313889 0.00874999 0.0123611 0.205566
0 0.00530762 0.276389 0.0105566 0.0294445 0.199951
2 0.745 0.0359028 0.00750001 0.0172222 0.185303
5 0.436875 0.011875 0.00750001 0.0127778 0.178345
0 0.4975 0.00923611 0.00749998 0.0101389 0.163452
0 0.42625 0.0296528 0.00750001 0.0141667 0.163452
0 0.891875 0.0770833 0.03 0.0269444 0.152588
0 0.89 0.0873611 0.0325 0.03 0.150513
0 0.374375 0.0523611 0.00874999 0.015 0.137085
7 0.70125 0.0778472 0.00499999 0.0169444 0.135254
0 0.8375 0.0629861 0.0325 0.0248611 0.134766
0 0.195781 0.1525 0.020625 0.0283333 0.132935
0 0.453125 0.00895833 0.00625 0.00833333 0.122925
7 0.655 0.0497222 0.00249996 0.00916666 0.108215
7 0.164063 0.204306 0.00406251 0.0113889 0.104126
0 0.488438 0.0166319 0.00687501 0.0111806 0.100159
0 0.445 0.0123264 0.00625 0.00951389 0.0997925
0 0.00834473 0.272778 0.0153418 0.0277778 0.0761108
7 0.70125 0.197917 0.00750001 0.0252778 0.0739746
2 0.249375 0.155 0.01 0.0333333 0.0720825
0 0.85 0.0740278 0.0325 0.0266667 0.0708008
5 0.00407959 0.27 0.00815918 0.0333333 0.0668335
2 0.264688 0.153333 0.043125 0.0383333 0.0607605
0 0.7425 0.0632639 0.04 0.0281944 0.059967
2 0.132812 0.176944 0.006875 0.0166667 0.0589905
3 0.0133691 0.264167 0.00654297 0.0205556 0.049408
7 0.686875 0.184722 0.00500005 0.0222222 0.0486755
3 0.8225 0.17375 0.0199999 0.0613889 0.0479431
0 0.13 0.226111 0.0398438 0.0358333 0.0475159
0 0.46 0.00475694 0.00625 0.00951389 0.0413818
7 0.068125 0.298611 0.00484376 0.015 0.0394897
2 0.743125 0.131389 0.0225 0.0377778 0.0384521
7 0.08375 0.283889 0.004375 0.0144444 0.0380249
0 0.351875 0.0613194 0.01125 0.0161111 0.0358276
3 0.276563 0.111701 0.00593748 0.0177083 0.0323486
2 0.8275 0.173056 0.01625 0.06 0.0321045
7 0.253125 0.264722 0.00875001 0.02 0.0311432
7 0.69 0.187778 0.00500005 0.0227778 0.0307922
7 0.73 0.121944 0.00499999 0.0269444 0.0302124
2 0.755 0.0343056 0.00750001 0.0163889 0.0294189
7 0.690625 0.0536111 0.00375004 0.0122222 0.0293121
0 0.9575 0.105556 0.025 0.0294444 0.0285492
0 0.0407813 0.266181 0.0334375 0.0354167 0.0275879
0 0.131328 0.220556 0.0279687 0.0311111 0.0271759
2 0.6125 0.0314236 0.009375 0.0252083 0.0261536
0 0.425 0.0150694 0.00749998 0.0102778 0.0255585
7 0.0755469 0.293056 0.00359375 0.0122222 0.0252686
2 0.72625 0.0350694 0.00625 0.0159722 0.0248871
7 0.145313 0.216111 0.00687499 0.0227778 0.0237732
2 0.203125 0.1475 0.028125 0.0261111 0.0233307
0 0.805625 0.0690972 0.035 0.0305556 0.0232391
2 0.8825 0.05 0.00750001 0.0138889 0.0227966
7 0.0424219 0.359444 0.00578125 0.0172222 0.02211
5 0.00361328 0.254444 0.00722656 0.0322222 0.0220337
3 0.229375 0.128889 0.00375001 0.0211111 0.0220337
2 0.43 0.0583333 0.01125 0.0177778 0.0217743
0 0.259063 0.146111 0.041875 0.0361111 0.0189819
0 0.337188 0.0722222 0.0125 0.0172222 0.0188293
0 0.131953 0.217917 0.035625 0.0275 0.018692
0 0.965 0.103542 0.0225 0.01875 0.0184784
3 0.714375 0.173333 0.00750001 0.07 0.0183411
0 0.409688 0.025 0.00875003 0.0136111 0.0174408
0 0.362188 0.0551389 0.016875 0.0201389 0.0158386
2 0.735625 0.0353125 0.00625 0.0170139 0.0148392
2 0.114922 0.1875 0.011875 0.0233333 0.014061
2 0.765625 0.118056 0.02125 0.0397222 0.0131683
7 0.665 0.0483333 0.00250003 0.00875 0.0124283
0 0.5175 0.0210764 0.00999997 0.0171528 0.0123367
0 0.550625 0.0181944 0.00750001 0.0117361 0.0121918
7 0.68625 0.07875 0.00499999 0.0113889 0.0120087
2 0.73375 0.129167 0.00999997 0.0355556 0.0119171
7 0.67375 0.0505556 0.00375004 0.0102778 0.0117798
3 0.275313 0.105833 0.00656249 0.0183333 0.0114212
3 0.169063 0.157778 0.005 0.0188889 0.00993347
0 0.954375 0.107569 0.02625 0.0298611 0.00959778
0 0.0042627 0.281667 0.00852539 0.0344445 0.00912476
2 0.0775781 0.243333 0.00671876 0.0161111 0.00891876
7 0.241875 0.282778 0.00874999 0.0277778 0.0088501
0 0.450625 0.0163194 0.00625 0.0127778 0.0086441
7 0.16875 0.197222 0.00374999 0.0119445 0.00844574
0 0.82 0.0725 0.0275 0.0261111 0.00803375
3 0.7175 0.171389 0.0175 0.0766667 0.00790405
0 0.835 0.0734722 0.035 0.0266667 0.00775528
7 0.7 0.200139 0.00750001 0.0372222 0.00748825
0 0.995 0.125278 0.00999997 0.0227778 0.00743103
0 0.97625 0.115139 0.01 0.0186111 0.00737381
7 0.285469 0.113611 0.00343749 0.0133333 0.00728989
7 0.195938 0.164722 0.00625 0.025 0.00664139
0 0.979375 0.106528 0.01625 0.0177778 0.00661469
7 0.0832812 0.290556 0.0053125 0.0133333 0.00658798
7 0.64625 0.0480556 0.00250003 0.0075 0.0064621
7 0.0359766 0.368889 0.00398438 0.0144444 0.00643921
2 0.570312 0.0232639 0.00874996 0.0125 0.00595856
3 0.265938 0.103403 0.00562499 0.01625 0.00584412
7 0.726875 0.133056 0.00499999 0.0155556 0.00526047
0 0.785 0.0625694 0.0475 0.0315278 0.00521851
3 0.269375 0.0943056 0.00687502 0.0194444 0.00496292
3 0.165625 0.159167 0.005 0.0188889 0.0049057
0 0.00536133 0.38 0.00845703 0.0283333 0.00486755
3 0.275469 0.0891667 0.00687497 0.0211111 0.00455475
3 0.65625 0.0331597 0.00499999 0.0135417 0.00436401
0 0.94125 0.0902778 0.015 0.0205556 0.00419998
2 0.205156 0.159028 0.011875 0.0352778 0.00391388
7 0.239063 0.285 0.00999999 0.0255556 0.00388527
0 0.98375 0.117222 0.0125 0.0161111 0.00382423
2 0.64375 0.0272222 0.00499999 0.0140278 0.00363541
7 0.6925 0.186528 0.00499999 0.02 0.00362206
0 0.505625 0.008125 0.00562499 0.00944445 0.00355148
0 0.99625 0.133333 0.00749995 0.0288889 0.00344276
0 0.0219873 0.249167 0.0133691 0.0222222 0.00333786
7 0.106016 0.244167 0.00453125 0.0172222 0.00332451
2 0.69375 0.04875 0.00625 0.0152778 0.00312424
0 0.380313 0.07125 0.016875 0.0245833 0.00309944
7 0.715625 0.0773611 0.00499999 0.0197222 0.00309944
3 0.745 0.117222 0.00750001 0.0427778 0.00307465
0 0.251875 0.390278 0.04 0.140556 0.00300407
2 0.235938 0.129028 0.00374999 0.0233333 0.00293541
0 0.911875 0.0841667 0.045 0.0255556 0.00273705
3 0.71375 0.193889 0.00750001 0.0483333 0.00270462
5 0.0834375 0.573889 0.161563 0.315556 0.00258064
7 0.0426563 0.356667 0.00554688 0.0166667 0.00254059
2 0.123516 0.188333 0.00609376 0.0183333 0.00248146
7 0.105234 0.275 0.00359375 0.0122222 0.00247192
7 0.225313 0.151944 0.00374999 0.0111111 0.00230598
0 0.875 0.0519444 0.01 0.0169444 0.00206757
0 0.440313 0.04125 0.011875 0.0198611 0.00191879
7 0.259844 0.261181 0.0115625 0.0231944 0.00185299
7 0.945 0.155 0.00499999 0.0133333 0.00174141
7 0.61 0.0472049 0.00750001 0.0217014 0.00168133
7 0.736875 0.1675 0.00500005 0.0266667 0.0016613
7 0.70625 0.0643056 0.00499999 0.0230556 0.0016489
2 0.705 0.0313889 0.00499999 0.0144444 0.00156116
2 0.5875 0.0315278 0.00750001 0.0136111 0.00150681
2 0.142266 0.173333 0.00875001 0.0161111 0.0014782
3 0.82875 0.178611 0.0175001 0.0669444 0.00147247
7 0.095 0.277222 0.003125 0.00888889 0.00145531
2 0.25125 0.157639 0.014375 0.035 0.00142097
0 0.538125 0.00444444 0.00750001 0.00888889 0.00142097
0 0.534375 0.00857639 0.00500002 0.00895833 0.00138855
2 0.0423828 0.250417 0.0134375 0.0208333 0.00132465
3 0.08375 0.211944 0.00625 0.0172222 0.00131512
0 0.73875 0.916667 0.1275 0.162222 0.00127888
3 0.67625 0.0276389 0.00499999 0.0198611 0.00125504
3 0.969375 0.164722 0.00500005 0.0294444 0.0012064
0 0.96875 0.822222 0.0624999 0.355556 0.00115108
7 0.745 0.135278 0.015 0.0322222 0.00112915
7 0.395625 0.351111 0.09 0.148889 0.00107288
0 0.121719 0.216111 0.0198438 0.025 0.00105667
7 0.00598511 0.381111 0.009729 0.0277778 0.00102806
7 0.695625 0.288056 0.08625 0.117222 0.00102425
