0 0.514688 0.568333 0.11125 0.267778 0.956543
0 0.949375 0.890278 0.10125 0.219444 0.953613
0 0.322188 0.333889 0.076875 0.111111 0.951172
0 0.343047 0.590556 0.136406 0.264444 0.950195
0 0.648125 0.521111 0.12125 0.23 0.949707
0 0.815 0.512222 0.1475 0.231111 0.949219
0 0.222461 0.562778 0.133203 0.211111 0.946777
0 0.688125 0.273611 0.08 0.100556 0.941895
0 0.776875 0.921667 0.18625 0.156667 0.941895
0 0.0751172 0.952222 0.137422 0.0955555 0.940918
0 0.3975 0.357778 0.08375 0.128889 0.9375
0 0.505625 0.29 0.065 0.108333 0.936523
0 0.613125 0.326667 0.08125 0.127778 0.935547
0 0.13877 0.542778 0.134336 0.207778 0.934082
0 0.241875 0.366111 0.086875 0.116667 0.929199
0 0.25125 0.977222 0.12625 0.0455555 0.893066
0 0.8225 0.161667 0.04375 0.0566667 0.888672
0 0.0210742 0.913889 0.0421484 0.172222 0.887207
0 0.0754687 0.259375 0.0334375 0.0334722 0.817383
0 0.352813 0.108889 0.045 0.0355556 0.816406
7 0.745 0.175556 0.00499999 0.02 0.790527
7 0.703125 0.198056 0.00625 0.0238889 0.782715
1 0.36625 0.0679167 0.02375 0.0363889 0.757812
0 0.0716406 0.284444 0.0345313 0.0388889 0.749023
7 0.75375 0.164306 0.00499999 0.0197222 0.740234
0 0.228125 0.164722 0.0365625 0.0338889 0.73877
0 0.425 0.0604167 0.01625 0.0216667 0.737305
0 0.0423438 0.292778 0.0325 0.0355556 0.723145
2 0.89 0.225 0.015 0.0644445 0.72168
0 0.0187695 0.289444 0.0339844 0.0333333 0.702637
7 0.245313 0.280833 0.008125 0.0227778 0.699219
0 0.32625 0.0891667 0.019375 0.0225 0.672363
7 0.0448828 0.361667 0.0053125 0.0155556 0.647949
7 0.77 0.12875 0.00499999 0.0180556 0.62793
7 0.0310742 0.378333 0.00507813 0.0166667 0.622559
0 0.402188 0.0704167 0.01875 0.0280556 0.588867
7 0.7725 0.146667 0.00499999 0.0172222 0.583008
2 0.935 0.226944 0.01625 0.0705556 0.562012
0 0.34625 0.0792361 0.015 0.0251389 0.556641
0 0.385625 0.0727778 0.015 0.0220833 0.552734
2 0.545313 0.04625 0.010625 0.025 0.494141
7 0.691875 0.184444 0.00625 0.0216667 0.488281
7 0.258125 0.265556 0.0075 0.0233333 0.403564
0 0.412813 0.0479861 0.01125 0.0180556 0.394287
7 0.675 0.0513889 0.00249996 0.0130556 0.38501
0 0.395313 0.05 0.01125 0.0165278 0.37207
2 0.935 0.237778 0.015 0.0616667 0.359375
2 0.232344 0.1425 0.008125 0.02 0.317383
7 0.165156 0.204722 0.0028125 0.00944444 0.299072
2 0.243438 0.133889 0.0075 0.0266667 0.289307
0 0.440625 0.0467882 0.01375 0.0203125 0.284668
0 0.404375 0.0502778 0.013125 0.0175 0.23938
0 0.43625 0.0506944 0.015 0.0191667 0.2323
0 0.345313 0.0720833 0.01375 0.0188889 0.229492
0 0.391875 0.0572222 0.015 0.0179167 0.225464
0 0.3425 0.0753472 0.01125 0.0191667 0.216064
7 0.7525 0.166667 0.00749995 0.0188889 0.201172
0 0.4225 0.0333333 0.01 0.0165278 0.199951
0 0.410625 0.0516667 0.01125 0.0163889 0.195557
0 0.00935059 0.264444 0.018291 0.0283333 0.189575
0 0.385 0.0490278 0.01125 0.0138889 0.188354
7 0.705 0.0805556 0.00499999 0.0119444 0.184814
7 0.689375 0.0854167 0.00499999 0.0147222 0.180664
0 0.3925 0.0659722 0.014375 0.02375 0.174438
2 0.630625 0.0201389 0.00625 0.015 0.173828
0 0.0111719 0.29 0.0216797 0.0272222 0.15918
2 0.229063 0.143889 0.0125 0.0222222 0.15564
0 0.35625 0.0820833 0.01125 0.0209722 0.143677
2 0.746875 0.128333 0.00750001 0.0222222 0.134766
0 0.42375 0.05 0.0125 0.0161111 0.128052
0 0.419063 0.0341667 0.010625 0.0169444 0.125122
0 0.374375 0.0693056 0.01375 0.0316667 0.124634
7 0.169219 0.198056 0.0034375 0.0122222 0.113159
0 0.379375 0.0702083 0.0175 0.0254167 0.0994873
3 0.248281 0.135556 0.0065625 0.0255556 0.0891113
0 0.00885254 0.276944 0.0176855 0.0316667 0.0866089
7 0.24625 0.283333 0.00812499 0.0272222 0.0856934
7 0.145469 0.210417 0.00296876 0.0108333 0.0778198
2 0.5925 0.0404167 0.00874996 0.0188889 0.0745239
0 0.0104688 0.270556 0.0209375 0.0355556 0.0643921
0 0.0426953 0.281111 0.0332031 0.0388889 0.0643921
0 0.415 0.0593056 0.015 0.0194444 0.062561
7 0.65625 0.0527778 0.00375004 0.0147222 0.0616455
7 0.746875 0.126389 0.00625 0.0222222 0.0583496
0 0.433438 0.0609722 0.014375 0.0222222 0.0545959
2 0.945 0.225139 0.00750001 0.0530556 0.0488586
2 0.9325 0.236111 0.02 0.0711111 0.0483093
2 0.110781 0.2225 0.0109375 0.0233333 0.0472412
0 0.514063 0.0118403 0.00625 0.0100694 0.0438538
0 0.00312988 0.304444 0.00625977 0.0322222 0.0414734
7 0.69375 0.0791667 0.00375004 0.0130556 0.0405273
2 0.243125 0.128194 0.00593751 0.0227778 0.0401001
7 0.00902344 0.377222 0.00353516 0.0144444 0.0389099
7 0.00410156 0.385 0.00519531 0.0155555 0.0366211
7 0.945625 0.222778 0.00625 0.0355556 0.0350037
2 0.7475 0.128056 0.00750001 0.0327778 0.0337219
2 0.0370508 0.246389 0.00699219 0.0183333 0.0325928
2 0.10875 0.221111 0.00875 0.0205556 0.0305634
2 0.39625 0.0827778 0.01625 0.02375 0.0305634
0 0.454375 0.009375 0.00750001 0.00930556 0.0303345
7 0.69625 0.0526389 0.00500005 0.0169444 0.0301056
2 0.93875 0.227778 0.0175 0.0611111 0.0297546
7 0.274844 0.134861 0.00343749 0.0102778 0.0248871
2 0.5925 0.0365278 0.00874996 0.0186111 0.0243378
7 0.294062 0.116944 0.00375001 0.01 0.0240479
3 0.125234 0.211389 0.00375 0.0191667 0.0240479
2 0.935625 0.217778 0.01375 0.0511111 0.023819
0 0.0692188 0.290556 0.0345313 0.0383333 0.0236969
0 0.226875 0.150556 0.025625 0.0236111 0.0219421
7 0.655625 0.0583333 0.00374997 0.0138889 0.0218658
3 0.109766 0.203472 0.0053125 0.0216667 0.0214539
0 0.805 0.0708333 0.0375 0.0219444 0.0212097
0 0.544375 0.0146181 0.01125 0.0111111 0.0211182
3 0.169844 0.162222 0.004375 0.0172222 0.0193481
7 0.865 0.136389 0.00499999 0.015 0.0192719
0 0.34125 0.0723611 0.015625 0.0205556 0.0187683
0 0.815 0.0716667 0.04 0.0219444 0.0180969
7 0.76125 0.155 0.00750001 0.0188889 0.0172424
0 0.8025 0.0677778 0.0375 0.0233333 0.0157166
0 0.460625 0.00527778 0.00625 0.0105556 0.0156708
7 0.289688 0.121944 0.00375001 0.0127778 0.0153656
7 0.675 0.0601389 0.00375004 0.0108333 0.0150757
7 0.305313 0.0994444 0.00406249 0.0152778 0.0150757
3 0.152969 0.173333 0.00499999 0.0216667 0.0146713
0 0.215 0.165833 0.026875 0.0333333 0.0142288
2 0.198125 0.1575 0.00687501 0.0205556 0.0141754
7 0.705 0.0489583 0.00499999 0.0158333 0.0141144
7 0.705 0.0688194 0.00499999 0.0191667 0.0139542
3 0.114063 0.21125 0.005 0.0222222 0.0139008
7 0.125781 0.222083 0.0034375 0.0138889 0.0132751
2 0.254063 0.138333 0.00625 0.0197222 0.0131683
3 0.150156 0.172083 0.0059375 0.0263889 0.0129242
3 0.814375 0.0505556 0.00625 0.0176389 0.0121918
0 0.40125 0.0763889 0.021875 0.0336111 0.0119629
3 0.105703 0.210694 0.005 0.0169444 0.0112
3 0.065 0.298889 0.00875001 0.0344445 0.0110703
3 0.27 0.0959722 0.00437501 0.0222222 0.0110703
7 0.7 0.0768056 0.00499999 0.01625 0.0110703
3 0.875625 0.200278 0.0112501 0.0722222 0.0106964
0 0.551563 0.0203819 0.011875 0.0111111 0.0106506
7 0.65125 0.0557639 0.00374997 0.0106944 0.0106506
2 0.0758594 0.226806 0.0053125 0.0158333 0.0104904
3 0.0258984 0.246667 0.00734375 0.0183333 0.00997162
2 0.715 0.14125 0.015 0.0552778 0.00985718
1 0.35375 0.0729167 0.03125 0.0443056 0.00978088
2 0.470625 0.0615278 0.0125 0.0219444 0.00963593
2 0.23125 0.136667 0.00687499 0.025 0.00963593
2 0.93125 0.249444 0.02375 0.0761111 0.00955963
0 0.444375 0.0338194 0.00874999 0.0168056 0.00941467
0 0.49375 0.0103125 0.00562499 0.00916667 0.00923157
7 0.604688 0.0464583 0.00437501 0.0127778 0.0091629
7 0.0326172 0.378889 0.00664062 0.0166667 0.00891876
7 0.745 0.178056 0.00750001 0.0233333 0.00871277
0 0.0374805 0.272778 0.0165234 0.0366667 0.00841522
7 0.249063 0.269722 0.0075 0.0255556 0.00821686
0 0.438125 0.0138194 0.00812502 0.0131944 0.00769424
5 0.446563 0.015 0.00687501 0.0130556 0.00763702
0 0.435313 0.0361111 0.010625 0.0205556 0.00760651
0 0.82625 0.0672222 0.0325 0.0244444 0.00731659
0 0.0216797 0.256667 0.0167969 0.0216667 0.00728989
2 0.585625 0.0144792 0.00750001 0.013125 0.00720596
0 0.98375 0.115833 0.015 0.0175 0.0069313
2 0.545 0.0390278 0.011875 0.0293056 0.00682449
2 0.438438 0.0609722 0.018125 0.0211111 0.00682449
0 0.463438 0.00847222 0.00687501 0.00902778 0.00677109
2 0.085625 0.221667 0.0059375 0.0161111 0.00674438
2 0.395 0.0898611 0.011875 0.0280556 0.00661469
7 0.285625 0.12 0.003125 0.00916667 0.0064621
3 0.285 0.100694 0.00375001 0.0119444 0.00619125
3 0.0495703 0.235694 0.0071875 0.02 0.00616837
0 0.81 0.0738889 0.0375 0.0243056 0.006073
3 0.145625 0.172222 0.0065625 0.0241667 0.00602722
3 0.489688 0.0472049 0.00812502 0.0342014 0.00584412
2 0.21625 0.142778 0.00625 0.0188889 0.00582123
2 0.7375 0.126111 0.01 0.0266667 0.00582123
7 0.315937 0.117778 0.00375001 0.0144444 0.00544739
2 0.539062 0.0461285 0.01625 0.0238542 0.00542831
2 0.205469 0.152917 0.0103125 0.0258333 0.00526047
7 0.259219 0.138056 0.00531251 0.0194444 0.00521851
0 0.0369531 0.301111 0.0335938 0.0422222 0.00519943
5 0.00363281 0.255556 0.00726563 0.0383333 0.00518036
2 0.9375 0.240694 0.02 0.0730556 0.00518036
7 0.0134375 0.384444 0.00574219 0.0155555 0.00492477
0 0.825 0.0631944 0.0375 0.0252778 0.00488663
0 0.0191309 0.298889 0.0345508 0.045 0.00482941
7 0.685 0.0440278 0.00250003 0.0136111 0.00475693
3 0.471563 0.0621528 0.00812499 0.0229167 0.00475693
2 0.122422 0.188333 0.0101563 0.0255556 0.00471878
2 0.206406 0.144722 0.00968749 0.0230555 0.00457382
2 0.73375 0.122361 0.00625 0.0252778 0.00450516
2 0.9325 0.217917 0.0225 0.0686111 0.00450516
7 0.00790894 0.447222 0.00748291 0.0188889 0.00446701
2 0.0951563 0.212778 0.0084375 0.0172222 0.00434875
7 0.686875 0.0820139 0.00500005 0.0119444 0.00426483
3 0.27375 0.0951389 0.00499999 0.0204167 0.0042305
0 0.94625 0.0948611 0.0275 0.0216667 0.00419998
7 0.694375 0.0627778 0.00374997 0.0263889 0.0041008
5 0.0120117 0.253889 0.0209766 0.0327778 0.0041008
7 0.265 0.138889 0.003125 0.0144444 0.00397491
0 0.803125 0.0613194 0.0375001 0.0272222 0.00397491
7 0.228125 0.237222 0.00875001 0.0283333 0.0039444
2 0.43625 0.0736806 0.01375 0.0222222 0.00379562
3 0.715625 0.141528 0.0125 0.0575 0.00365067
3 0.116328 0.194167 0.00609375 0.0188889 0.00362206
7 0.615625 0.0317014 0.00375004 0.01125 0.00359344
7 0.715625 0.0305556 0.00499999 0.0120833 0.00352478
3 0.914375 0.0845833 0.00625 0.0163889 0.00351143
0 0.50625 0.0111806 0.00562499 0.00944445 0.00349617
7 0.613125 0.326667 0.08 0.128889 0.00340271
2 0.588125 0.0430556 0.00999997 0.0169444 0.00331116
2 0.215313 0.232361 0.01125 0.0475 0.00321007
2 0.0434277 0.243611 0.00783203 0.0166667 0.00321007
7 0.270313 0.127222 0.00437498 0.0127778 0.00317192
3 0.57 0.0216667 0.00625 0.0138889 0.00314713
3 0.490625 0.0452083 0.01 0.0273611 0.00312424
7 0.145469 0.220139 0.00328124 0.0127778 0.00312424
7 0.265 0.148889 0.00375001 0.0144444 0.00307465
0 0.230938 0.160278 0.0403125 0.0286111 0.00298119
2 0.46625 0.0645833 0.01375 0.0216667 0.00293541
7 0.66625 0.0473611 0.00374997 0.0108333 0.00291252
7 0.67 0.0511111 0.00250003 0.0141667 0.00282288
2 0.80375 0.0596528 0.0275 0.0280556 0.00282288
2 0.110313 0.224444 0.008125 0.0238889 0.00282288
7 0.565625 0.0496528 0.00437501 0.0145833 0.00281143
7 0.165 0.194167 0.003125 0.0122222 0.00279999
7 0.125234 0.240972 0.0034375 0.0133333 0.00279045
3 0.746875 0.142222 0.01375 0.0522222 0.00273705
3 0.7325 0.121354 0.00875003 0.0378472 0.00257111
3 0.488438 0.0440278 0.009375 0.0258333 0.00247192
3 0.184063 0.170556 0.004375 0.02 0.00247192
7 0.155547 0.207778 0.003125 0.00888889 0.00245285
3 0.22375 0.121528 0.00562501 0.0202778 0.00243378
2 0.74625 0.114444 0.00749995 0.0466667 0.00242424
3 0.180781 0.148056 0.0065625 0.0222222 0.0024147
0 0.056709 0.273889 0.0504883 0.0466667 0.00239754
7 0.3975 0.357778 0.0825 0.131111 0.00231361
7 0.7725 0.142222 0.00499999 0.0177778 0.00228691
3 0.73 0.0888194 0.00375004 0.0248611 0.00227928
3 0.8975 0.214861 0.00999997 0.0477778 0.00226021
2 0.58875 0.0185417 0.00750001 0.0143056 0.00219917
2 0.509063 0.0189583 0.00437501 0.00979167 0.00216484
3 0.129844 0.196806 0.0040625 0.0169444 0.00212479
3 0.87625 0.178889 0.00625 0.0297222 0.00206757
7 0.0870508 0.274444 0.0199609 0.0211111 0.0020504
0 0.0539844 0.217778 0.0142188 0.0230555 0.00203514
0 0.539375 0.0138889 0.010625 0.0120833 0.00201035
0 0.94625 0.0911111 0.0225 0.0194444 0.00196457
2 0.73375 0.109306 0.00749995 0.0416667 0.00195694
0 0.82125 0.0733333 0.045 0.0269444 0.00190449
7 0.9475 0.220972 0.00999997 0.0427778 0.00188255
0 0.99625 0.124167 0.00749995 0.0283333 0.00186062
0 0.473125 0.00902778 0.00750001 0.0104167 0.00183868
2 0.54875 0.0457639 0.01625 0.0229167 0.00183868
7 0.284219 0.154444 0.00562499 0.0205556 0.00183868
2 0.576875 0.0137847 0.00874996 0.0124306 0.00182438
0 0.98 0.114306 0.0175 0.0202778 0.0018177
0 0.0905469 0.214028 0.0198438 0.0208333 0.00179577
2 0.7125 0.148056 0.02125 0.0694444 0.00163555
3 0.92625 0.0853472 0.00499999 0.0154167 0.0015974
3 0.100313 0.212917 0.005 0.0197222 0.0015974
7 0.615625 0.064375 0.00375004 0.0161111 0.00156689
2 0.59125 0.0472917 0.010625 0.0234722 0.00156116
0 0.835 0.0683333 0.0300001 0.0238889 0.00153637
0 0.9625 0.104028 0.0125 0.0166667 0.00152493
7 0.674375 0.0815278 0.00625 0.0161111 0.0014782
0 0.0611719 0.220833 0.0219531 0.0288889 0.0014782
0 0.385625 0.0363889 0.00875003 0.0180556 0.00144958
3 0.71375 0.153333 0.00999997 0.07 0.00142097
0 0.93625 0.0969444 0.02375 0.0216667 0.00139427
7 0.140781 0.218333 0.00531251 0.0172222 0.00139427
0 0.405938 0.0725 0.026875 0.0294444 0.00134563
7 0.0769922 0.288056 0.0325781 0.0411111 0.00133514
3 0.135313 0.184722 0.00531251 0.0233333 0.00130939
3 0.734375 0.0804167 0.00499999 0.0225 0.00130463
2 0.75 0.125417 0.0125 0.0388889 0.00127411
3 0.190313 0.156944 0.00687499 0.0208333 0.00123501
3 0.604375 0.0322222 0.00499999 0.0148611 0.00122547
3 0.165313 0.170556 0.0034375 0.0177778 0.00115108
7 0.873125 0.274722 0.00625 0.0177778 0.00115108
7 0.76625 0.135 0.00499999 0.0172222 0.0011425
3 0.175 0.158194 0.004375 0.02 0.00113773
7 0.77125 0.128333 0.00749995 0.0236111 0.00112438
7 0.695625 0.0940278 0.00499999 0.0169444 0.0011158
2 0.965 0.1525 0.00750001 0.0275 0.00108147
7 0.85625 0.134028 0.00499999 0.0158333 0.00107288
0 0.835625 0.0736111 0.03375 0.0266667 0.00106049
7 0.685625 0.0675 0.00374997 0.0111111 0.00104809
7 0.73625 0.187222 0.00499999 0.02 0.00104809
2 0.6325 0.0240278 0.00625 0.0146528 0.00104046
0 0.499375 0.00446181 0.00625 0.00892361 0.00102806
0 0.996563 0.135556 0.00687497 0.0369444 0.00102425
2 0.91875 0.235 0.03 0.0777778 0.00101185
