0 0.82 0.543194 0.1475 0.238056 0.960938
0 0.489688 0.88 0.171875 0.237778 0.959961
0 0.209844 0.609861 0.13875 0.2425 0.958008
0 0.735625 0.826667 0.20375 0.344444 0.956543
0 0.274531 0.843889 0.183438 0.312222 0.955566
0 0.101426 0.633333 0.127773 0.212222 0.954102
0 0.69625 0.290278 0.085 0.106111 0.952637
0 0.508438 0.4825 0.1075 0.225 0.952637
0 0.649844 0.464444 0.120313 0.217778 0.95166
0 0.356172 0.502778 0.112656 0.21 0.94873
0 0.4025 0.320556 0.07125 0.114444 0.942871
5 0.292188 0.311389 0.138125 0.261111 0.932617
0 0.61625 0.285486 0.075 0.124583 0.928223
5 0.5075 0.238333 0.09 0.214444 0.915527
0 0.5575 0.105208 0.0675 0.0431945 0.888672
2 0.631875 0.170278 0.03375 0.0597222 0.887207
0 0.221406 0.384444 0.0859375 0.13 0.884766
0 0.90625 0.114861 0.0425 0.0372222 0.878906
0 0.63625 0.0583333 0.0475 0.0294444 0.871582
2 0.139531 0.303889 0.0226563 0.0533333 0.858887
0 0.264063 0.144306 0.04625 0.0369444 0.853027
0 0.360625 0.102431 0.04375 0.0351389 0.850098
2 0.76375 0.120972 0.015 0.0413889 0.848145
0 0.0115137 0.942222 0.0229492 0.113333 0.839844
0 0.553125 0.0613889 0.045 0.0288889 0.837402
0 0.126094 0.21375 0.0353125 0.0347222 0.832031
0 0.324375 0.0909722 0.02125 0.0276389 0.82666
0 0.775 0.0643056 0.04 0.0251389 0.789062
7 0.7425 0.172917 0.00499999 0.0213889 0.786621
0 0.725 0.0459549 0.0425 0.0361458 0.782715
0 0.0620313 0.285 0.0359375 0.0411111 0.775879
0 0.765 0.049184 0.035 0.0230208 0.770508
0 0.36375 0.075 0.016875 0.0219444 0.762207
0 0.85625 0.0756944 0.035 0.0284722 0.757812
0 0.346875 0.0811111 0.01625 0.0222222 0.750488
2 0.4675 0.0570833 0.0125 0.0233333 0.747559
2 0.202969 0.263056 0.0271875 0.0516667 0.741699
0 0.42375 0.0591667 0.015625 0.0197222 0.713867
0 0.401875 0.0659722 0.016875 0.0227778 0.694336
0 0.381875 0.078125 0.01875 0.0248611 0.690918
0 0.432188 0.0499306 0.011875 0.0181944 0.689453
0 0.0419629 0.286111 0.034043 0.0472222 0.680664
0 0.9375 0.0909722 0.0225 0.0208333 0.672363
2 0.491875 0.0556944 0.0175 0.0227778 0.653809
0 0.0648047 0.265556 0.0317969 0.0311111 0.647949
2 0.214063 0.151111 0.00687499 0.0216667 0.600098
0 0.956875 0.0995833 0.0237501 0.025 0.577637
2 0.252344 0.12 0.0075 0.0191667 0.567871
0 0.0646484 0.2475 0.0220313 0.0266667 0.546875
0 0.84 0.0661111 0.0325 0.0222222 0.544922
7 0.0273633 0.379722 0.00566406 0.0183333 0.505859
0 0.390938 0.0586111 0.0125 0.0191667 0.494141
0 0.43 0.05625 0.01375 0.0194444 0.485352
0 0.4125 0.0473611 0.01125 0.0155556 0.480469
0 0.84625 0.0668056 0.03 0.0230556 0.472656
7 0.7525 0.161111 0.00625 0.02 0.457031
0 0.40375 0.0480556 0.01125 0.0169444 0.445557
0 0.373125 0.0668056 0.01375 0.02 0.443604
0 0.423125 0.0342361 0.01 0.0145833 0.434082
0 0.390625 0.0641667 0.0125 0.0238889 0.434082
2 0.227188 0.1425 0.00687501 0.0222222 0.428223
1 0.352813 0.0604167 0.024375 0.0336111 0.42334
7 0.75375 0.159167 0.00499999 0.0197222 0.422607
0 0.371563 0.0588889 0.010625 0.0165278 0.383057
1 0.343125 0.0611111 0.02 0.0343056 0.37207
0 0.2725 0.130833 0.028125 0.025 0.357666
7 0.16375 0.204444 0.00406251 0.0127778 0.345215
2 0.487813 0.0466493 0.01125 0.0214236 0.341553
7 0.94375 0.220278 0.00499999 0.0155555 0.32251
0 0.379375 0.0469444 0.01125 0.0141667 0.319092
0 0.393438 0.0468056 0.010625 0.0155556 0.30249
7 0.70375 0.0783333 0.00250003 0.0127778 0.29248
7 0.70125 0.198333 0.00750001 0.0238889 0.29248
0 0.410938 0.0605556 0.0125 0.0205556 0.282959
1 0.358438 0.0566667 0.016875 0.0241667 0.267334
7 0.0428516 0.359444 0.00546875 0.0166667 0.264404
0 0.410938 0.0575 0.01375 0.0193056 0.257568
0 0.336875 0.0795833 0.01125 0.0215278 0.24939
2 0.283281 0.124722 0.0109375 0.0222222 0.245117
7 0.70125 0.0770833 0.00499999 0.0161111 0.244385
0 0.45375 0.00868056 0.00749998 0.00979167 0.240723
2 0.0478125 0.306667 0.0157031 0.0388889 0.229492
0 0.3775 0.0732639 0.014375 0.0215278 0.216064
0 0.4125 0.0315278 0.00749998 0.0127778 0.213989
7 0.74375 0.125 0.00499999 0.0172222 0.212769
0 0.340937 0.0772222 0.015 0.0208333 0.206909
0 0.430625 0.0231597 0.00874999 0.0120139 0.200562
0 0.356875 0.0670833 0.015 0.0230556 0.191284
2 0.520625 0.0519444 0.01375 0.0197222 0.185913
0 0.350313 0.0789583 0.015 0.0229167 0.184814
0 0.444375 0.0129861 0.00874999 0.0126389 0.173828
7 0.945 0.213611 0.00499999 0.0172222 0.169922
0 0.433125 0.0252778 0.00750001 0.0127778 0.165649
0 0.275 0.126389 0.021875 0.0227778 0.154541
0 0.126875 0.208056 0.0317188 0.0388889 0.147095
0 0.405625 0.0329167 0.01 0.0123611 0.1427
2 0.0505469 0.303333 0.0140625 0.0377778 0.140869
2 0.616563 0.0259028 0.00500005 0.0141667 0.134277
0 0.00945801 0.271667 0.0174121 0.0255556 0.117554
2 0.28375 0.133611 0.013125 0.0266667 0.104492
7 0.94125 0.21875 0.00500005 0.0163889 0.0980835
0 0.00658203 0.275556 0.0130469 0.0255556 0.0970459
2 0.0528516 0.300833 0.0263281 0.0455555 0.0891113
7 0.74625 0.127778 0.00500005 0.0188889 0.085083
7 0.674375 0.0491667 0.00250003 0.00944445 0.076416
7 0.145078 0.221667 0.00328124 0.0133333 0.0713501
7 0.7 0.200972 0.00750001 0.0344444 0.0679321
5 0.00836914 0.268333 0.0166406 0.0233333 0.0661011
7 0.594375 0.0448611 0.00374997 0.0125 0.0653687
0 0.424375 0.0530556 0.01125 0.0205556 0.0554199
7 0.0848438 0.282222 0.0040625 0.0166667 0.0554199
2 0.531875 0.0547222 0.00749998 0.0225 0.0552063
7 0.0063269 0.379167 0.0066626 0.0238889 0.0520325
0 0.88125 0.0504167 0.0125 0.0141667 0.0512695
7 0.67 0.0511111 0.00250003 0.0125 0.0476074
0 0.45875 0.00489583 0.00625 0.00979167 0.045105
7 0.729375 0.124028 0.00499999 0.0158333 0.041626
0 0.0658594 0.244028 0.020625 0.0236111 0.0411377
0 0.83 0.0697917 0.0325 0.0209722 0.0377502
0 0.84 0.0725 0.0375 0.0280556 0.0375977
2 0.533125 0.0511111 0.01125 0.02 0.0360718
0 0.40125 0.0713889 0.01875 0.0263889 0.0321045
2 0.214063 0.146806 0.00625 0.025 0.0311432
7 0.764375 0.150278 0.00625 0.0172222 0.0310211
3 0.211875 0.152222 0.00687501 0.0238889 0.0299835
0 0.436875 0.0106597 0.00750001 0.0107639 0.0283356
0 0.771875 0.0551389 0.0375 0.0238889 0.0264587
0 0.9575 0.104375 0.025 0.0304167 0.0264587
7 0.69 0.186667 0.00749995 0.0238889 0.0264587
3 0.143438 0.211111 0.00531249 0.0238889 0.0250854
2 0.0317578 0.261667 0.0115234 0.0172222 0.0244293
3 0.194688 0.157778 0.005 0.0244444 0.0240479
7 0.7725 0.146806 0.00625 0.0169444 0.0234222
7 0.585625 0.0466667 0.00374997 0.0127778 0.0224609
3 0.527813 0.758333 0.035625 0.0788889 0.0217743
7 0.695625 0.0477778 0.00375004 0.0122222 0.021698
2 0.4875 0.0394444 0.00874999 0.0244444 0.0213623
7 0.69 0.0552778 0.00250003 0.0119444 0.021286
3 0.220938 0.143056 0.00625 0.0244445 0.0210419
2 0.278125 0.130833 0.025625 0.0305556 0.0188293
5 0.0112598 0.265 0.0136719 0.0255555 0.0175781
2 0.205938 0.153889 0.00562499 0.0230556 0.0168457
2 0.526875 0.757778 0.035 0.08 0.0147324
2 0.121797 0.191944 0.009375 0.0155556 0.0133286
2 0.00519531 0.378333 0.00669922 0.0266667 0.0126724
2 0.550625 0.0199306 0.00875003 0.0118056 0.0125732
0 0.41125 0.0240972 0.00875003 0.0119444 0.0119629
2 0.54625 0.0319444 0.00500005 0.0156944 0.0116882
3 0.5175 0.75 0.011875 0.0622222 0.0115051
2 0.247813 0.123333 0.00812499 0.0177778 0.00993347
0 0.964375 0.103889 0.025 0.0225 0.00985718
0 0.95375 0.106319 0.025 0.0373611 0.00891876
0 0.45125 0.0155556 0.00750001 0.0140278 0.00891876
7 0.964375 0.226667 0.00374997 0.0155556 0.00861359
7 0.665 0.0463194 0.00250003 0.00944445 0.00854492
0 0.545625 0.0619444 0.03125 0.0288889 0.00841522
2 0.2275 0.138611 0.00750001 0.0283333 0.00821686
0 0.99625 0.122639 0.00749995 0.0258333 0.00812531
0 0.39625 0.0324306 0.00625 0.0102778 0.00806427
0 0.329063 0.0723611 0.01125 0.0191667 0.00787354
3 0.884375 0.0611111 0.00499999 0.0205556 0.00757599
0 0.77625 0.0586111 0.04 0.0286111 0.00677109
2 0.601875 0.0426563 0.00812499 0.0194097 0.00658798
0 0.72 0.0570139 0.025 0.0218056 0.00602722
7 0.094375 0.279444 0.00375 0.0111111 0.00595856
2 0.133125 0.17625 0.00656251 0.0152778 0.00570679
3 0.89375 0.0679167 0.00499999 0.0161111 0.00516129
7 0.0842188 0.288889 0.005 0.0194444 0.00510025
3 0.715 0.1675 0.00999997 0.0808333 0.0050621
0 0.975 0.115694 0.00750001 0.0183333 0.00498199
5 0.0204883 0.2375 0.0198437 0.0261111 0.0049057
0 0.99625 0.131944 0.00749995 0.0311111 0.00477219
7 0.00604614 0.381111 0.00876709 0.0255556 0.0046463
7 0.59 0.0501389 0.00500005 0.015 0.00462723
3 0.714375 0.172222 0.00750001 0.0666667 0.00443268
0 0.9475 0.0920833 0.0199999 0.0220833 0.00436401
2 0.235625 0.138889 0.004375 0.02 0.00436401
2 0.7275 0.075 0.00749995 0.0291667 0.00416565
3 0.190938 0.15875 0.00625 0.0219444 0.00376511
0 0.698594 0.825556 0.130312 0.344444 0.00376511
7 0.686875 0.0789583 0.00500005 0.0113889 0.00370789
0 0.0573828 0.245139 0.03125 0.0380556 0.00345612
7 0.729375 0.0851389 0.00499999 0.0272222 0.00335121
2 0.64375 0.0272222 0.00499999 0.0120833 0.00331116
2 0.528125 0.773333 0.039375 0.0711111 0.00319672
7 0.295 0.114028 0.00437501 0.0141667 0.00312424
0 0.5 0.00366319 0.00687501 0.00732639 0.00302696
0 0.0037207 0.285 0.00744141 0.0277778 0.00293541
7 0.155156 0.221528 0.00374999 0.0111111 0.00291252
0 0.247188 0.3175 0.050625 0.106667 0.00291252
3 0.675625 0.02875 0.00374997 0.0177778 0.00284576
7 0.6875 0.183333 0.00499999 0.0208333 0.00283432
2 0.49 0.040434 0.0125 0.0274653 0.00275803
7 0.691875 0.185556 0.00750001 0.0205556 0.00269318
2 0.116719 0.193611 0.0109375 0.0183333 0.00266266
2 0.284375 0.103472 0.00500002 0.0141667 0.00251198
2 0.65625 0.0319444 0.00499999 0.0148611 0.00245285
3 0.665 0.0323958 0.00500005 0.0160417 0.00237846
2 0.5225 0.0602778 0.01375 0.0261111 0.00237846
2 0.462188 0.0588889 0.018125 0.0238889 0.00234222
5 0.00663574 0.249167 0.0132715 0.0283334 0.00230598
3 0.169063 0.160278 0.00562499 0.0155555 0.00223351
0 0.626875 0.0633333 0.0375 0.0302778 0.00223351
0 0.0285742 0.270556 0.0104688 0.0266667 0.00213242
0 0.0519531 0.246944 0.0185156 0.0238889 0.00210762
2 0.144531 0.171667 0.005 0.0158333 0.00203514
2 0.569688 0.0223264 0.00812505 0.0125694 0.00203514
3 0.194844 0.166111 0.0046875 0.025 0.00194931
7 0.726875 0.131111 0.00499999 0.015 0.00189686
7 0.71375 0.0575 0.00999997 0.0213889 0.00188255
0 0.381563 0.0818056 0.025 0.0277778 0.00188255
7 0.68875 0.0846528 0.00499999 0.0163889 0.00186729
0 0.273281 0.221389 0.0078125 0.0283333 0.00183868
7 0.104844 0.227778 0.005625 0.0152778 0.00181007
5 0.0228857 0.225694 0.0133691 0.0252778 0.00178242
3 0.89 0.0609722 0.00750001 0.0241667 0.00178242
7 0.16875 0.196667 0.0046875 0.0133333 0.00177479
0 0.619375 0.0554167 0.01375 0.0244444 0.00176144
0 0.7775 0.0729861 0.04375 0.0331944 0.00175476
0 0.99625 0.108194 0.00749995 0.0355556 0.0017271
1 0.350078 0.0396875 0.117344 0.079375 0.00168705
0 0.0450391 0.229167 0.0133594 0.0211111 0.0016613
7 0.685625 0.0476389 0.00250003 0.00819445 0.00163555
3 0.166875 0.158611 0.00562501 0.0172222 0.00162888
0 0.98875 0.121944 0.015 0.0227778 0.00160408
2 0.295313 0.103194 0.0046875 0.0138889 0.00158501
3 0.6975 0.0240972 0.00499999 0.0156944 0.00155449
3 0.0467578 0.311111 0.00984375 0.0433333 0.00153637
5 0.0142798 0.249167 0.0183545 0.0244445 0.00152493
2 0.583125 0.0104167 0.00687504 0.0129167 0.0014782
2 0.552188 0.0300694 0.010625 0.0140972 0.00143242
0 0.726875 0.0527778 0.0425 0.0302778 0.00143242
0 0.775625 0.0690278 0.03875 0.0297222 0.0014267
7 0.615313 0.285833 0.075625 0.125 0.0014267
0 0.49125 0.1725 0.0575 0.0816667 0.00141048
0 0.0527344 0.224167 0.0173437 0.0255556 0.00135612
2 0.2275 0.149444 0.010625 0.03 0.00131512
7 0.67375 0.06375 0.00249996 0.00694444 0.00128937
3 0.204375 0.160972 0.01 0.0313889 0.00127411
3 0.80375 0.0296528 0.00750001 0.0183333 0.00124454
7 0.955 0.225556 0.00374997 0.0133333 0.00124454
2 0.202969 0.238889 0.024375 0.05 0.00123501
2 0.6025 0.0349306 0.00625 0.0181944 0.00121593
5 0.444375 0.0224306 0.009375 0.0184722 0.0011692
0 0.0701172 0.270278 0.0332031 0.0322222 0.00116062
0 0.738125 0.065 0.03625 0.0302778 0.00115585
7 0.30625 0.0996528 0.00531251 0.0144444 0.0011425
0 0.255938 0.357222 0.06625 0.09 0.00112438
2 0.203906 0.146111 0.00937502 0.0266667 0.00107765
3 0.084375 0.211667 0.00625 0.0172222 0.00105667
2 0.519688 0.771111 0.060625 0.0733333 0.00105667
3 0.525 0.752222 0.0275 0.0688889 0.00105286
0 0.82625 0.0747917 0.0325 0.0254167 0.00102425
