0 0.478438 0.572222 0.066875 0.116667 0.927734
0 0.420625 0.478889 0.04875 0.0822222 0.903809
5 0.29125 0.376944 0.049375 0.0738889 0.894043
5 0.51125 0.285278 0.0175 0.0344445 0.879883
0 0.089375 0.434444 0.036875 0.0311111 0.872559
0 0.0517578 0.441111 0.030625 0.0311111 0.838867
0 0.342813 0.331944 0.0175 0.0227778 0.835449
0 0.119688 0.397222 0.029375 0.0277778 0.824219
0 0.605625 0.307778 0.025 0.0211111 0.806641
0 0.299375 0.333889 0.019375 0.0177778 0.79834
0 0.735 0.329444 0.03625 0.0272222 0.791992
0 0.845 0.334444 0.035 0.0244445 0.789062
0 0.529375 0.3 0.0175 0.02 0.78418
0 0.226719 0.361667 0.0246875 0.0244444 0.741699
7 0.222188 0.518889 0.0075 0.0266667 0.73584
7 0.6675 0.463333 0.00750001 0.0227778 0.729492
0 0.328125 0.333333 0.01375 0.0188889 0.725098
0 0.6925 0.308333 0.0375 0.0277778 0.72168
3 0.232031 0.489722 0.015 0.0583333 0.71875
7 0.0245508 0.529444 0.00585938 0.0188889 0.71875
0 0.0168848 0.4475 0.0293555 0.0233333 0.712402
0 0.0107324 0.467778 0.0213867 0.0355555 0.70752
2 0.00591797 0.503333 0.0118359 0.0388889 0.702637
7 0.72375 0.400556 0.00499999 0.0177778 0.684082
7 0.72875 0.44 0.00499999 0.0188889 0.684082
0 0.71125 0.329722 0.0375 0.0233333 0.679199
7 0.75 0.414444 0.00499999 0.0177778 0.666992
0 0.415313 0.29 0.00812499 0.0133334 0.642578
2 0.575625 0.314444 0.0175 0.0222222 0.633301
0 0.364063 0.325278 0.01625 0.0288889 0.631836
2 0.0208008 0.491111 0.0164063 0.0466667 0.575684
0 0.72375 0.323333 0.0375 0.0244445 0.539062
7 0.678125 0.480278 0.00750001 0.025 0.537109
2 0.0193359 0.496111 0.0171484 0.0433333 0.521484
2 0.207813 0.389444 0.0184375 0.0322222 0.509766
7 0.145938 0.419722 0.00343749 0.0111111 0.437744
7 0.738125 0.425 0.00625 0.0222222 0.400635
7 0.0104004 0.544444 0.00558594 0.02 0.376709
2 0.0224268 0.487222 0.0147559 0.0433333 0.341553
0 0.72875 0.327778 0.0325 0.0266667 0.332764
2 0.200938 0.366944 0.0096875 0.0222222 0.332764
0 0.345625 0.308889 0.0125 0.0211111 0.313965
0 0.485625 0.257222 0.00625 0.0122222 0.294189
0 0.96625 0.333333 0.0225 0.0166667 0.276611
7 0.746875 0.401111 0.00499999 0.0177778 0.276611
2 0.21 0.385 0.015625 0.0311111 0.265869
7 0.0507031 0.476944 0.0046875 0.0166667 0.244385
0 0.52875 0.272222 0.01 0.0144444 0.219971
2 0.215 0.366111 0.011875 0.0233333 0.216675
0 0.526875 0.275 0.00875003 0.0133333 0.212769
7 0.7375 0.4275 0.00625 0.0211111 0.212036
0 0.351875 0.325556 0.0125 0.0233333 0.210083
2 0.199531 0.369444 0.011875 0.0233333 0.172119
0 0.35125 0.321111 0.00999997 0.02 0.169922
5 0.345938 0.306111 0.01375 0.0194444 0.166138
7 0.635313 0.332778 0.003125 0.0111111 0.160767
7 0.149219 0.413889 0.00328126 0.0122222 0.158691
0 0.00305664 0.446389 0.00611328 0.0261111 0.156616
3 0.0286133 0.412778 0.00644531 0.02 0.152588
0 0.47625 0.263889 0.00625 0.0116667 0.146118
7 0.126719 0.419444 0.0053125 0.0105555 0.144165
0 0.448125 0.266667 0.00625 0.01 0.144165
0 0.416875 0.285556 0.01 0.0144444 0.141235
0 0.5125 0.312778 0.01375 0.0211111 0.137573
2 0.0738672 0.404444 0.0046875 0.0155555 0.135742
7 0.0644922 0.473889 0.00414062 0.0144444 0.11554
0 0.203125 0.390833 0.026875 0.0316666 0.111633
0 0.486875 0.263889 0.00750001 0.0133333 0.104492
0 0.280781 0.350278 0.025 0.025 0.0927124
2 0.0179688 0.491111 0.0149609 0.0444444 0.0917358
7 0.753125 0.417222 0.00625 0.0188889 0.0841675
0 0.44625 0.265 0.00625 0.0111111 0.0836182
0 0.495313 0.263889 0.00625 0.0122222 0.081543
3 0.0244482 0.484167 0.0137598 0.0366667 0.0800781
0 0.9775 0.334167 0.025 0.0183333 0.0607605
2 0.0277148 0.417778 0.00921875 0.0244444 0.0549927
0 0.435625 0.275556 0.00499999 0.00888889 0.0476074
2 0.0260547 0.408333 0.00882813 0.02 0.0440063
7 0.221875 0.501944 0.00687499 0.0327778 0.0418396
7 0.0528906 0.47 0.00671875 0.0266667 0.0390625
2 0.42 0.323889 0.0125 0.0211111 0.0384521
7 0.744375 0.421667 0.00499999 0.0166667 0.0383301
7 0.135703 0.434722 0.00421875 0.0122222 0.0363464
7 0.165313 0.419444 0.0028125 0.01 0.0348816
7 0.73375 0.433333 0.00500005 0.0172222 0.0343628
2 0.190938 0.374722 0.00874999 0.0294444 0.0299835
7 0.7275 0.442778 0.00749995 0.0211111 0.0276947
2 0.207969 0.396111 0.01875 0.0355556 0.0230713
0 0.471875 0.269444 0.00874999 0.01 0.0216217
7 0.7225 0.449722 0.00625 0.0205556 0.0177765
0 0.464688 0.273889 0.00562499 0.0111111 0.0171814
7 0.77875 0.352778 0.00499999 0.0188889 0.0157776
7 0.685 0.359722 0.00250003 0.0172222 0.0154266
2 0.42125 0.319444 0.00874999 0.0188889 0.0145569
0 0.484375 0.245278 0.00562499 0.01 0.0145035
7 0.0247852 0.535694 0.00574219 0.0219445 0.012146
7 0.68375 0.354444 0.00500005 0.0166667 0.0118256
0 0.300156 0.342778 0.0215625 0.0211111 0.011467
2 0.575 0.318889 0.01625 0.0277778 0.0105667
0 0.196719 0.392222 0.0325 0.0333333 0.0104523
7 0.709375 0.403333 0.00499999 0.0216667 0.01017
0 0.531875 0.275 0.00875003 0.0111111 0.00989532
7 0.269688 0.376111 0.0075 0.0311111 0.00985718
7 0.145547 0.408333 0.00406249 0.0144444 0.00930023
2 0.0716406 0.408333 0.006875 0.0188889 0.00894928
7 0.175625 0.417222 0.00375001 0.0122222 0.00818634
0 0.0152344 0.438333 0.0260547 0.0277778 0.00812531
0 0.19 0.381667 0.02375 0.0311111 0.00766754
0 0.303125 0.347778 0.0225 0.0233333 0.00725937
0 0.297188 0.352222 0.0275 0.0316667 0.00706482
0 0.188125 0.372222 0.01625 0.0244444 0.00701141
0 0.405625 0.296389 0.00750001 0.00944446 0.0068512
0 0.371563 0.316111 0.0125 0.0155556 0.00679779
3 0.250625 0.339444 0.004375 0.0222222 0.00664139
2 0.04625 0.463889 0.00921875 0.0422223 0.00634003
0 0.51125 0.299444 0.015 0.0388889 0.00631332
0 0.307813 0.349444 0.019375 0.0233333 0.00631332
2 0.0343945 0.403333 0.00671875 0.0194444 0.00616837
7 0.169688 0.413889 0.00375001 0.0133333 0.00595856
7 0.67125 0.471944 0.00749995 0.0255555 0.00591278
0 0.385313 0.311667 0.009375 0.0122222 0.00588989
7 0.155156 0.418333 0.003125 0.00999999 0.00584412
7 0.126719 0.435 0.005625 0.0155555 0.00575256
0 0.465625 0.265278 0.00437498 0.0122222 0.00561905
0 0.70625 0.335556 0.035 0.0288889 0.0055542
0 0.289375 0.366944 0.04625 0.0527778 0.00530243
0 0.00294434 0.421667 0.00588867 0.0177778 0.00530243
0 0.42375 0.279444 0.00625 0.00999999 0.00511932
0 0.97125 0.340833 0.0375 0.0283333 0.00511932
2 0.27375 0.327778 0.00687501 0.0166667 0.00484848
7 0.255 0.386389 0.004375 0.0177778 0.00481033
0 0.327813 0.338889 0.015 0.0266667 0.00473785
3 0.229844 0.482778 0.0165625 0.0616667 0.00391388
7 0.112969 0.438889 0.0134375 0.0194444 0.00390053
3 0.255 0.330556 0.005 0.0227778 0.00369263
7 0.645 0.332778 0.00250003 0.0111111 0.00367928
0 0.00311523 0.408056 0.00623047 0.0205556 0.00365067
7 0.144141 0.433056 0.00546875 0.0144444 0.00353813
7 0.0332813 0.486111 0.00609375 0.0233333 0.00353813
0 0.72625 0.316111 0.035 0.0277778 0.00344276
0 0.410313 0.303611 0.00499999 0.0127778 0.00335121
3 0.264688 0.332778 0.004375 0.0194444 0.00318527
3 0.0739844 0.441667 0.00609375 0.0333333 0.00312424
7 0.66625 0.317778 0.00499999 0.0133334 0.00305176
0 0.42375 0.298889 0.010625 0.0188889 0.00300407
7 0.267188 0.373889 0.00500002 0.0211111 0.00299263
7 0.245313 0.367222 0.003125 0.01 0.00284576
0 0.183125 0.379722 0.023125 0.0261111 0.00279999
7 0.0752344 0.472778 0.00421875 0.0111111 0.00268364
2 0.0609375 0.428333 0.0109375 0.0211111 0.00261116
7 0.669375 0.341667 0.00499999 0.0166667 0.00257111
2 0.583125 0.297778 0.00625 0.0155555 0.00251198
0 0.3425 0.336389 0.01875 0.0277778 0.00245285
7 0.66625 0.351111 0.00374997 0.0122222 0.0024147
5 0.315938 0.302778 0.0125 0.03 0.00225258
0 0.015957 0.422778 0.0153516 0.0177778 0.00221634
2 0.66 0.2825 0.00499999 0.0161111 0.00219917
0 0.5075 0.285 0.02 0.0244444 0.00209999
2 0.51375 0.318889 0.015 0.03 0.0020752
3 0.549063 0.2675 0.00687497 0.0194444 0.00206757
2 0.201563 0.359167 0.008125 0.0233333 0.00198746
0 0.391875 0.303056 0.01375 0.0172222 0.00197983
7 0.135781 0.421667 0.00343749 0.0111111 0.00195694
0 0.66 0.28 0.01375 0.0188889 0.00194168
7 0.0120215 0.543333 0.00669922 0.0177778 0.00192642
0 0.0723828 0.438333 0.0632031 0.0311111 0.00192642
7 0.235781 0.381944 0.0046875 0.0127778 0.00191212
0 0.183125 0.373889 0.023125 0.0255555 0.00189686
7 0.113906 0.413889 0.009375 0.0177778 0.00187492
3 0.81 0.302222 0.00500005 0.0183333 0.00187492
0 0.415 0.283333 0.00874999 0.0138889 0.00185299
0 0.21 0.409722 0.021875 0.0338889 0.00185299
2 0.0324219 0.425556 0.00789063 0.02 0.00183105
0 0.207813 0.402222 0.016875 0.0477778 0.00182438
7 0.655 0.318333 0.00249996 0.0133333 0.00174141
7 0.655 0.331111 0.00249996 0.00999999 0.00174141
0 0.476563 0.272222 0.00625 0.0122222 0.00171375
0 0.515625 0.263333 0.00500002 0.0111111 0.00167465
3 0.8125 0.299722 0.00750001 0.0172222 0.0016613
0 0.4175 0.316667 0.0125 0.0188889 0.00161076
0 0.455 0.263333 0.00374997 0.00944443 0.00156689
3 0.225781 0.491667 0.0290625 0.0633333 0.00151253
7 0.645 0.318333 0.00250003 0.0122222 0.00149536
2 0.571563 0.321111 0.014375 0.0244444 0.00148964
0 0.94875 0.328611 0.035 0.0266667 0.00148392
0 0.282188 0.373611 0.033125 0.0655556 0.00145531
0 0.215938 0.401944 0.0334375 0.0316666 0.00144386
7 0.184063 0.415 0.00562501 0.0188889 0.00140476
0 0.445 0.272778 0.00562499 0.0122222 0.00139904
7 0.00843262 0.542778 0.00790039 0.0188889 0.00132465
0 0.336563 0.322222 0.01 0.0211111 0.00131512
3 0.0917188 0.445 0.023125 0.0355555 0.00130939
0 0.505 0.242222 0.00374997 0.00666668 0.00130463
7 0.675 0.352222 0.00499999 0.0133333 0.00130463
7 0.615 0.329444 0.00374997 0.00944446 0.00127411
0 0.494375 0.243611 0.00500002 0.00888889 0.00123024
0 0.996875 0.315556 0.00624994 0.02 0.00123024
0 0.0361328 0.392778 0.0170313 0.0233333 0.00118828
0 0.37625 0.257222 0.00999997 0.00999999 0.00117874
0 0.304688 0.365 0.029375 0.0488889 0.00117874
2 0.4125 0.332778 0.009375 0.02 0.00116062
2 0.155 0.388056 0.00406249 0.0144444 0.00115585
7 0.245625 0.384167 0.00374999 0.0155555 0.00111198
7 0.254688 0.365 0.003125 0.00888889 0.00109005
2 0.0158008 0.406389 0.00988281 0.0205556 0.00107765
0 0.526875 0.264444 0.00750001 0.0127778 0.00103188
2 0.76625 0.319444 0.00499999 0.0238889 0.00100803
0 0.94 0.328333 0.0375 0.0266667 0.00100803
0 0.201094 0.395278 0.03125 0.0405555 0.00100803
