0 0.49 0.88 0.1725 0.237778 0.959961
0 0.810625 0.520833 0.14375 0.226111 0.956543
0 0.209844 0.609861 0.13875 0.2425 0.956543
0 0.735625 0.826667 0.20375 0.344444 0.956543
0 0.275 0.843889 0.1825 0.312222 0.956055
0 0.101328 0.633333 0.127656 0.212222 0.954102
0 0.50875 0.482222 0.1075 0.225556 0.953125
0 0.649844 0.464167 0.120313 0.218333 0.951172
0 0.69625 0.290278 0.085 0.106111 0.950684
0 0.356953 0.502778 0.113594 0.21 0.947754
0 0.402813 0.320556 0.07125 0.115556 0.944824
5 0.2925 0.311389 0.1375 0.260556 0.932129
0 0.61625 0.285556 0.075 0.125556 0.926758
5 0.508125 0.238333 0.090625 0.216667 0.917969
0 0.221563 0.384167 0.08625 0.129444 0.881836
0 0.44625 0.0793056 0.045 0.0291667 0.878906
0 0.654375 0.0458333 0.04375 0.0370833 0.876465
0 0.0115234 0.946667 0.0229688 0.104444 0.869629
0 0.261875 0.141667 0.04125 0.0333333 0.868652
0 0.111484 0.254722 0.04125 0.0438889 0.841797
0 0.7425 0.0969444 0.0575 0.0369444 0.835449
0 0.5225 0.0713889 0.0525 0.0305556 0.801758
0 0.0650781 0.266111 0.03 0.0322222 0.799316
0 0.705 0.0577778 0.0425 0.0261111 0.79834
0 0.134531 0.207361 0.036875 0.0363889 0.79834
2 0.0904688 0.325556 0.0190625 0.0477778 0.79834
0 0.364375 0.0769444 0.015625 0.0233333 0.782715
0 0.40125 0.0638889 0.01625 0.0225 0.777344
0 0.34875 0.0809722 0.01625 0.0233333 0.774414
0 0.808125 0.0634722 0.0325 0.0252778 0.771973
0 0.7725 0.0633333 0.0375 0.0256944 0.770508
2 0.76375 0.121424 0.015 0.0410417 0.769043
0 0.0421484 0.284444 0.0342969 0.0466667 0.760742
7 0.7425 0.173333 0.00499999 0.0205556 0.756348
0 0.305625 0.0920139 0.02125 0.0255556 0.740234
0 0.9075 0.0825 0.0275 0.0213889 0.704102
2 0.126719 0.2975 0.0228125 0.0472222 0.702637
0 0.433125 0.0472222 0.01125 0.0166667 0.692871
0 0.323438 0.0911111 0.023125 0.0255556 0.690918
0 0.00590332 0.293333 0.011748 0.0255556 0.642578
0 0.136094 0.201944 0.035 0.0388889 0.624512
0 0.423438 0.0605556 0.01625 0.0222222 0.611328
0 0.339063 0.0783333 0.014375 0.0197222 0.600098
7 0.0281641 0.379444 0.00484375 0.0177778 0.588867
2 0.214688 0.152222 0.0065625 0.0222222 0.552734
0 0.96875 0.102014 0.02 0.01875 0.548828
0 0.6975 0.0398611 0.0325 0.0218056 0.546875
0 0.38125 0.0701389 0.01375 0.02 0.541016
0 0.929375 0.0899306 0.025 0.0206944 0.52832
0 0.139688 0.196111 0.02875 0.0288889 0.521484
2 0.0482031 0.305556 0.0182813 0.0377778 0.519531
2 0.252344 0.119722 0.0075 0.0194444 0.513672
7 0.7525 0.161944 0.00500005 0.0194444 0.499023
0 0.39125 0.0579167 0.0125 0.0186111 0.49707
0 0.423125 0.0346528 0.01125 0.0152778 0.482422
0 0.4125 0.0463889 0.0125 0.0168056 0.482422
0 0.40375 0.0477778 0.01125 0.0166667 0.437744
0 0.390938 0.06375 0.011875 0.0243056 0.422607
0 0.37125 0.0575 0.010625 0.015 0.414062
1 0.343125 0.0628472 0.02 0.0370833 0.407227
1 0.350625 0.0607639 0.02875 0.0351389 0.393311
2 0.226875 0.144167 0.00687499 0.0233333 0.381104
7 0.94375 0.219861 0.00499999 0.0152778 0.377441
0 0.3725 0.0665972 0.013125 0.0205556 0.366699
0 0.926875 0.0875 0.02375 0.0186111 0.366699
0 0.379375 0.0463194 0.01125 0.0148611 0.364746
7 0.75375 0.158889 0.00499999 0.0188889 0.364746
2 0.45375 0.0597222 0.0125 0.0190278 0.364746
2 0.471563 0.0538889 0.00874999 0.0255556 0.360352
0 0.37875 0.0713889 0.0125 0.0205556 0.349609
7 0.0428516 0.359444 0.00554688 0.0166667 0.336426
0 0.3625 0.0726389 0.01375 0.0222222 0.324219
0 0.0438965 0.266667 0.0267383 0.0255556 0.317383
0 0.393125 0.0484722 0.01125 0.0158333 0.294189
3 0.4725 0.0529167 0.00749998 0.0248611 0.253906
7 0.70125 0.198194 0.00750001 0.0247222 0.250977
2 0.616563 0.026875 0.00500005 0.0158333 0.242188
1 0.354375 0.0590278 0.02375 0.0294444 0.236572
0 0.433125 0.0258333 0.00750001 0.0136111 0.229492
7 0.0669141 0.297222 0.00554688 0.0166667 0.229492
0 0.4125 0.0315278 0.00812502 0.0126389 0.20752
5 0.44125 0.0141667 0.01125 0.0145139 0.187134
0 0.430313 0.0234375 0.00874999 0.011875 0.185913
0 0.34 0.0758333 0.01375 0.0208333 0.181274
7 0.16375 0.205139 0.00374999 0.0130555 0.172119
0 0.430625 0.0566667 0.01375 0.0213889 0.140869
0 0.0413379 0.270556 0.0299805 0.0311111 0.134277
0 0.405 0.0334375 0.010625 0.0128472 0.133911
7 0.594063 0.0454167 0.00437501 0.0118056 0.123352
7 0.94125 0.219722 0.00500005 0.0166667 0.122498
0 0.658125 0.0375 0.04 0.0252778 0.104858
1 0.44 0.0122917 0.0125 0.0128472 0.10376
0 0.00594238 0.286944 0.0118652 0.025 0.101929
0 0.41 0.0538889 0.0125 0.0158333 0.100159
1 0.3575 0.0615278 0.01625 0.0311111 0.0991211
2 0.25625 0.130278 0.020625 0.0244444 0.0950317
2 0.211719 0.154028 0.0075 0.0247222 0.0917358
0 0.454063 0.01 0.00499999 0.00791667 0.0903931
0 0.96625 0.103611 0.025 0.0208333 0.0881958
7 0.7 0.202361 0.00625 0.0311111 0.0875854
2 0.214531 0.146111 0.00625 0.0244444 0.0872803
0 0.97 0.0994444 0.02 0.0184722 0.081543
2 0.430313 0.0673611 0.013125 0.0208333 0.0794678
0 0.97125 0.108333 0.0225 0.0230556 0.0772095
0 0.0084375 0.269444 0.0147266 0.0244444 0.0720825
1 0.35875 0.0566667 0.01625 0.0230556 0.0687866
0 0.411875 0.0610417 0.01625 0.0223611 0.0673218
2 0.72625 0.0351042 0.00499999 0.0164583 0.0634766
0 0.42375 0.0484722 0.01125 0.0175 0.0579224
2 0.543125 0.0508333 0.0125 0.0211111 0.0549927
2 0.465938 0.0609722 0.00875003 0.0191667 0.0544128
7 0.945 0.213611 0.00499999 0.0166667 0.0539856
7 0.745625 0.127639 0.00499999 0.0194444 0.0509033
7 0.68625 0.0798611 0.00499999 0.0113889 0.0499573
2 0.469375 0.055 0.0125 0.0258333 0.0483093
0 0.00634766 0.267222 0.0119531 0.0222222 0.0479431
0 0.933125 0.0933333 0.02625 0.0211111 0.0450134
0 0.449375 0.0756944 0.035 0.0305556 0.0435181
0 0.00420166 0.300556 0.00840332 0.0316667 0.0419312
7 0.705 0.0773611 0.00499999 0.0133333 0.0414734
0 0.551563 0.0199306 0.00812499 0.0105556 0.0403748
2 0.206875 0.155417 0.00718749 0.0244444 0.0399475
0 0.91 0.0747222 0.0300001 0.0230556 0.0393372
0 0.88125 0.0504861 0.0125 0.0148611 0.0377502
0 0.510625 0.0706944 0.0275 0.0266667 0.0347595
7 0.690625 0.186944 0.00625 0.0236111 0.0344849
0 0.00817871 0.274444 0.0161621 0.0266667 0.0324707
0 0.9075 0.0879167 0.03 0.0280556 0.0322266
7 0.76375 0.150694 0.00750001 0.0163889 0.0318604
3 0.194531 0.158611 0.00562501 0.0241667 0.0317383
3 0.00627441 0.379167 0.00719727 0.025 0.03125
0 0.97375 0.105972 0.025 0.02 0.0307922
7 0.585625 0.04625 0.00374997 0.0116667 0.0305634
0 0.90625 0.0720833 0.02 0.02 0.0293121
0 0.7725 0.0679167 0.04 0.0330556 0.0288696
0 0.823125 0.0745139 0.03125 0.0265278 0.0272675
7 0.744375 0.123333 0.00499999 0.0166667 0.0264587
7 0.0750781 0.2925 0.00484375 0.0138889 0.025177
2 0.526875 0.757778 0.035 0.08 0.0235138
2 0.00511231 0.378611 0.0068457 0.0277778 0.0228882
3 0.5275 0.757778 0.034375 0.0777778 0.0224609
7 0.145781 0.216667 0.0065625 0.0211111 0.0216217
7 0.729375 0.122222 0.00499999 0.0183333 0.0206451
7 0.285156 0.114306 0.00343752 0.0130556 0.0201721
7 0.0677344 0.296667 0.00773437 0.02 0.0196381
0 0.0494141 0.280556 0.0274219 0.0377778 0.0189056
2 0.307813 0.105764 0.01625 0.02875 0.0184021
0 0.80625 0.0680556 0.03625 0.0319444 0.0181885
3 0.735 0.0330208 0.00499999 0.0145139 0.0175781
7 0.0834375 0.291389 0.00625 0.0144444 0.0175781
0 0.400625 0.0704861 0.016875 0.02625 0.0164642
7 0.168906 0.196111 0.00406249 0.0105556 0.0164032
0 0.9125 0.0759722 0.03 0.0286111 0.0161591
2 0.2675 0.117778 0.00750001 0.0127778 0.0156708
7 0.7725 0.147222 0.00625 0.0158333 0.0148392
0 0.52875 0.0696528 0.035625 0.0325 0.0145035
2 0.0112402 0.264722 0.0111133 0.025 0.0142822
3 0.220625 0.142778 0.0059375 0.0241667 0.0142288
0 0.39625 0.0325694 0.00625 0.0105556 0.0126266
0 0.99625 0.126667 0.00749995 0.0288889 0.0123367
2 0.366563 0.0811111 0.0175 0.0244444 0.0122375
7 0.085 0.283889 0.005 0.0166667 0.0115967
3 0.5175 0.748333 0.01125 0.06 0.0115051
7 0.749375 0.124444 0.00500005 0.025 0.0110703
7 0.154688 0.222222 0.003125 0.0111111 0.0104523
0 0.87875 0.0503472 0.01875 0.0156944 0.01017
0 0.96625 0.109583 0.0275 0.0263889 0.00967407
0 0.975 0.115 0.025 0.0197222 0.00933838
0 0.108281 0.246667 0.0425 0.04 0.0086441
0 0.82375 0.0685417 0.0325 0.0248611 0.00812531
0 0.34875 0.0876389 0.01625 0.0294444 0.0077858
2 0.091875 0.314722 0.0140625 0.0427778 0.00775528
2 0.133047 0.17625 0.00765626 0.0158333 0.00760651
7 0.00600464 0.381111 0.00881104 0.0255556 0.00731659
0 0.109531 0.234167 0.0225 0.0252778 0.00717545
7 0.691875 0.186111 0.00750001 0.0205556 0.00703812
3 0.194688 0.166944 0.005 0.0255556 0.00679779
2 0.6525 0.025 0.0175001 0.0136111 0.00674438
2 0.0458984 0.249722 0.0138281 0.0233333 0.00666809
3 0.191094 0.158889 0.00687499 0.0230555 0.00643921
3 0.885 0.06125 0.00500005 0.0208333 0.00641251
0 0.49875 0.00473958 0.00875003 0.00947917 0.00614548
3 0.89 0.0611111 0.00499999 0.0226389 0.00591278
0 0.41125 0.0247222 0.00875003 0.0130556 0.00577545
2 0.547188 0.0516667 0.01625 0.0166667 0.00568771
3 0.80375 0.0297222 0.00500005 0.0147222 0.00530243
0 0.0928906 0.265556 0.0329688 0.0372222 0.00521851
2 0.202813 0.161111 0.0134375 0.03 0.00516129
0 0.77875 0.0570139 0.0425 0.0247222 0.00502014
7 0.29625 0.113646 0.00500002 0.0160417 0.00488663
0 0.82 0.0716667 0.02625 0.0275 0.00484848
2 0.895 0.0720139 0.00499999 0.02 0.00469971
2 0.248125 0.124444 0.009375 0.0188889 0.00468063
0 0.7725 0.0561111 0.0325 0.0211111 0.0046463
7 0.735 0.115694 0.00625 0.0258333 0.00457382
7 0.589375 0.0499306 0.00499999 0.0144444 0.00450516
0 0.748125 0.0984722 0.04875 0.0291667 0.00431442
2 0.5275 0.772778 0.0375 0.0711112 0.00407028
0 0.140781 0.204722 0.0303125 0.0280556 0.00391388
3 0.71375 0.167778 0.00999997 0.0788889 0.00367928
2 0.110547 0.233611 0.0190625 0.0261111 0.00367928
0 0.0102051 0.291111 0.0199805 0.0311111 0.00365067
0 0.94125 0.095625 0.0300001 0.0195833 0.00351143
2 0.76625 0.113576 0.01875 0.0339583 0.00349617
0 0.489375 0.170833 0.05375 0.0805556 0.00342941
2 0.453125 0.0555556 0.009375 0.0211111 0.00337601
0 0.7075 0.0615278 0.0425 0.0302778 0.00333786
0 0.698125 0.825556 0.13125 0.344444 0.00329781
0 0.24625 0.3225 0.048125 0.095 0.00319672
0 0.444375 0.0518056 0.01125 0.0194444 0.00305176
0 0.48375 0.00923611 0.00499999 0.00944445 0.0029583
3 0.166563 0.157778 0.00562499 0.0172222 0.00292397
0 0.459375 0.00505208 0.00625 0.0101042 0.00268364
3 0.16875 0.161389 0.00625 0.0144444 0.0026722
3 0.715 0.171944 0.00749995 0.065 0.00265312
0 0.295625 0.0918056 0.015625 0.0230556 0.00265312
0 0.725 0.0845833 0.015 0.0216667 0.00245285
2 0.2275 0.1375 0.00874999 0.0277778 0.00245285
5 0.0212305 0.237778 0.0181641 0.025 0.00223351
0 0.830625 0.0708333 0.0325 0.0230556 0.00218201
0 0.86625 0.0863194 0.035 0.0204167 0.00216484
0 0.0459473 0.303056 0.0276367 0.0388889 0.00209045
0 0.79375 0.0569444 0.03 0.0241667 0.00204277
2 0.626563 0.0288889 0.00562496 0.0106944 0.00194168
2 0.0769141 0.248333 0.00742188 0.0188889 0.00193405
2 0.204688 0.145556 0.00875001 0.0255555 0.00192642
0 0.93 0.0798611 0.025 0.0219444 0.00186729
0 0.123125 0.210833 0.02 0.0280556 0.00183868
3 0.226875 0.149722 0.009375 0.0305556 0.00175476
7 0.964375 0.226667 0.00374997 0.0155556 0.00174141
0 0.85875 0.0839583 0.0375 0.0206944 0.00171375
7 0.274375 0.118333 0.00562499 0.0113889 0.0016613
3 0.284375 0.103125 0.00531251 0.01625 0.0016489
0 0.0457715 0.229167 0.0125195 0.0188889 0.0016489
3 0.72875 0.0257639 0.00625 0.0188889 0.0016489
5 0.00586426 0.249722 0.0117285 0.0288889 0.00162315
0 0.252031 0.314444 0.0565625 0.0944444 0.0015974
0 0.81375 0.0648611 0.0425 0.0269444 0.0015974
0 0.483125 0.1675 0.04125 0.0683333 0.00158501
0 0.451875 0.018125 0.00999997 0.01375 0.00158501
0 0.256406 0.358333 0.0653125 0.0872222 0.00157356
7 0.615313 0.285833 0.075625 0.125 0.00156689
0 0.83125 0.0786111 0.0375 0.0238889 0.00156116
3 0.266875 0.105208 0.00625 0.01625 0.00153637
2 0.122891 0.286944 0.0220313 0.0405556 0.00153637
0 0.303438 0.0820833 0.01625 0.0258333 0.00153637
1 0.338125 0.065 0.024375 0.0366667 0.00149536
3 0.524375 0.751111 0.02625 0.0666667 0.0014782
7 0.955 0.223889 0.00499999 0.0144444 0.00140476
0 0.87 0.0879167 0.025 0.0211111 0.00139904
1 0.355 0.0391667 0.100625 0.0783333 0.00135612
5 0.99625 0.109028 0.00749995 0.0363889 0.00134563
2 0.235781 0.138333 0.004375 0.0194444 0.00130939
0 0.120938 0.255 0.0353125 0.0388889 0.00130463
0 0.9525 0.0894445 0.0125 0.0222222 0.00129414
2 0.601875 0.04125 0.00750001 0.0194444 0.00126457
0 0.99625 0.139028 0.00749995 0.0391667 0.00125504
2 0.52 0.771667 0.06 0.0766667 0.00119686
2 0.118594 0.195 0.0103125 0.0216667 0.00119209
0 0.268906 0.383333 0.0790625 0.0644445 0.00115108
2 0.55375 0.0494444 0.0175 0.0188889 0.00113392
2 0.0473828 0.311389 0.0129688 0.0444444 0.00113392
2 0.51625 0.766667 0.04875 0.0977778 0.00112438
5 0.0223633 0.223333 0.0141016 0.0244444 0.00110722
2 0.12375 0.307222 0.0165625 0.0622222 0.00109863
0 0.495625 0.0102778 0.00374997 0.00791667 0.00108624
2 0.73125 0.0440278 0.01 0.0168056 0.00106525
0 0.755 0.0827083 0.0475 0.0266667 0.00105286
2 0.63 0.0221528 0.00750001 0.0134722 0.00101662
2 0.82375 0.0496528 0.00750001 0.0206944 0.00101185
0 0.273125 0.223889 0.00812499 0.0283333 0.00100422
