0 0.481875 0.813333 0.105 0.233333 0.950195
0 0.0987305 0.792222 0.121914 0.175556 0.950195
0 0.379375 0.621111 0.08875 0.14 0.946777
0 0.301406 0.585 0.0790625 0.108889 0.939453
0 0.210938 0.6 0.10125 0.13 0.931641
0 0.630938 0.491389 0.070625 0.100556 0.924316
0 0.424375 0.443333 0.03875 0.06 0.905273
0 0.480625 0.462222 0.0475 0.0955556 0.896484
0 0.535625 0.432222 0.04 0.0577778 0.893066
0 0.515 0.356667 0.025 0.0344445 0.878418
0 0.553125 0.348889 0.025 0.0355556 0.866211
0 0.0175098 0.600556 0.0348633 0.0788889 0.854004
0 0.236875 0.398333 0.03125 0.0394445 0.841797
0 0.46125 0.3125 0.01375 0.0183333 0.84082
0 0.274063 0.385 0.028125 0.0366666 0.812988
7 0.235938 0.503889 0.0075 0.0233333 0.812988
0 0.172813 0.464444 0.051875 0.0588889 0.809082
1 0.151484 0.431944 0.0770313 0.106667 0.80127
0 0.294063 0.386111 0.0328125 0.04 0.794434
0 0.328125 0.343889 0.021875 0.0277778 0.788086
0 0.54 0.327222 0.019375 0.0294445 0.778809
0 0.509375 0.310833 0.015 0.0216667 0.773438
7 0.222188 0.52 0.0075 0.0244445 0.759277
0 0.485625 0.339167 0.02375 0.0288889 0.749023
7 0.729375 0.439444 0.00625 0.0183333 0.744629
0 0.798125 0.331667 0.0375 0.0255555 0.733887
0 0.735 0.3275 0.0325 0.0266667 0.729492
0 0.0388086 0.451944 0.0351953 0.0311111 0.697754
0 0.210156 0.366389 0.024375 0.0261111 0.690918
0 0.0547656 0.439167 0.0321875 0.0227778 0.6875
0 0.00798828 0.463333 0.0158789 0.0255556 0.6875
0 0.35625 0.335556 0.0175 0.0266667 0.680664
7 0.725 0.4025 0.00499999 0.0172222 0.679199
0 0.93125 0.331111 0.025 0.0166667 0.656738
2 0.0273047 0.5125 0.0121875 0.0427778 0.644043
0 0.52375 0.292222 0.01125 0.0155555 0.637207
0 0.292813 0.337778 0.024375 0.0211111 0.633301
0 0.885 0.333333 0.0275 0.0188889 0.631836
0 0.384063 0.316667 0.015 0.0177778 0.625977
7 0.73875 0.429722 0.00499999 0.0216667 0.618652
0 0.40625 0.3225 0.015 0.0211111 0.609375
0 0.36875 0.324444 0.01625 0.0188889 0.607422
0 0.84375 0.329444 0.0325 0.0244444 0.607422
0 0.410625 0.316111 0.015 0.0188889 0.594727
0 0.751875 0.33 0.03625 0.0261111 0.588867
7 0.74875 0.416111 0.00499999 0.0177778 0.588867
0 0.485625 0.302778 0.01375 0.0177778 0.581543
0 0.495 0.29 0.01 0.0155555 0.550781
3 0.6175 0.339444 0.00625 0.0344445 0.509766
0 0.494375 0.276111 0.00874999 0.0111111 0.478516
0 0.83 0.331389 0.0325 0.0238889 0.457031
7 0.925 0.460556 0.00499999 0.0166667 0.455078
0 0.470938 0.290833 0.011875 0.0155555 0.445557
2 0.254844 0.3575 0.00812499 0.0188889 0.443604
3 0.888125 0.467222 0.0112501 0.0633334 0.436768
0 0.408125 0.319444 0.01625 0.0238889 0.434082
7 0.74625 0.401111 0.00500005 0.0166667 0.434082
0 0.292656 0.348611 0.02375 0.0255556 0.405518
0 0.74125 0.329444 0.0375 0.0272222 0.405518
0 0.047666 0.443889 0.030293 0.0238889 0.38501
7 0.66625 0.463056 0.00499999 0.0216667 0.370117
0 0.341875 0.329444 0.015 0.0233333 0.359375
0 0.83625 0.331667 0.0375 0.0238889 0.359375
0 0.51125 0.292778 0.0125 0.0177778 0.357666
7 0.7375 0.427222 0.00625 0.0188889 0.354004
0 0.483125 0.280278 0.00875003 0.015 0.346924
0 0.755 0.322778 0.03125 0.0216667 0.339844
7 0.634063 0.330556 0.00374997 0.0127778 0.312256
7 0.65375 0.328889 0.00374997 0.0133334 0.310791
0 0.471875 0.277778 0.01 0.0116667 0.307373
0 0.553125 0.297222 0.015625 0.0144444 0.303955
7 0.0489844 0.48 0.00421875 0.0155556 0.301514
2 0.0345703 0.4725 0.00984375 0.0255556 0.299072
0 0.51375 0.28 0.009375 0.0133333 0.294189
2 0.0903125 0.448056 0.0071875 0.0283333 0.281494
3 0.0996875 0.436111 0.0075 0.0322222 0.269775
0 0.393438 0.295833 0.010625 0.0183333 0.269043
0 0.33875 0.328889 0.01375 0.0222222 0.269043
0 0.188125 0.369444 0.0225 0.0216667 0.246582
0 0.37375 0.3 0.01125 0.0138889 0.245117
2 0.025918 0.508611 0.0119531 0.0394445 0.245117
7 0.923125 0.468611 0.00499999 0.02 0.242188
0 0.292031 0.341944 0.02375 0.0261111 0.2323
0 0.291875 0.356111 0.023125 0.0261111 0.214722
0 0.411875 0.291667 0.01 0.0161111 0.212036
0 0.486875 0.306944 0.014375 0.0227778 0.206299
2 0.082793 0.446667 0.00878906 0.0305556 0.199341
0 0.365625 0.320278 0.015 0.0205555 0.187744
0 0.432188 0.275 0.00874999 0.0111111 0.185303
3 0.68875 0.412222 0.00875003 0.0422222 0.185303
0 0.210938 0.3625 0.0215625 0.02 0.182983
0 0.47125 0.271389 0.00750001 0.00999999 0.180664
3 0.0112305 0.544444 0.00679688 0.0255556 0.178955
7 0.685625 0.350278 0.00374997 0.0122222 0.178345
2 0.195313 0.378333 0.00687499 0.0216667 0.174927
2 0.0870313 0.446111 0.01 0.0305556 0.173828
2 0.194844 0.368611 0.011875 0.0238889 0.166138
0 0.865 0.337778 0.0275 0.02 0.158203
3 0.103203 0.4375 0.0071875 0.0311111 0.156128
0 0.556875 0.295556 0.021875 0.0144444 0.153564
0 0.484375 0.26 0.00749998 0.0105555 0.151001
7 0.678125 0.477222 0.00750001 0.0244445 0.144653
0 0.45875 0.300556 0.01 0.0161111 0.137085
2 0.191875 0.373611 0.00843749 0.0227778 0.137085
0 0.383125 0.301111 0.0125 0.0177778 0.136597
0 0.469375 0.293889 0.01125 0.0188889 0.128052
3 0.11625 0.432222 0.00625 0.0311111 0.127686
0 0.41875 0.285 0.00812502 0.0133333 0.123352
2 0.0982813 0.442222 0.00875 0.0322222 0.119995
0 0.346563 0.311667 0.016875 0.0244444 0.11676
5 0.349375 0.309444 0.0175 0.0233333 0.11554
3 0.0257031 0.465278 0.00710938 0.025 0.111267
0 0.465625 0.278889 0.00625 0.0111111 0.107788
0 0.3725 0.303333 0.01125 0.0177778 0.107788
0 0.475625 0.262222 0.00562499 0.00944446 0.103027
2 0.00837402 0.476111 0.0108691 0.0233334 0.102661
0 0.497188 0.286667 0.009375 0.0144444 0.101929
0 0.40375 0.282778 0.01 0.02 0.101257
0 0.372188 0.318333 0.01375 0.0205556 0.100891
0 0.185 0.372222 0.02375 0.0222222 0.0970459
0 0.337813 0.320556 0.010625 0.0188889 0.0907593
0 0.410625 0.309444 0.0125 0.0155555 0.0844727
0 0.49 0.271111 0.00625 0.0116667 0.0806274
0 0.3525 0.303056 0.0125 0.0172222 0.0792236
2 0.09125 0.445833 0.0096875 0.0288889 0.0789185
0 0.508438 0.2775 0.009375 0.0122222 0.0772095
3 0.109453 0.434167 0.00703125 0.0311111 0.0720825
0 0.354375 0.317222 0.01375 0.0222222 0.0708008
2 0.70125 0.420278 0.0175 0.0511111 0.0658569
2 0.0353711 0.416667 0.00523437 0.0133333 0.0566406
0 0.460313 0.287778 0.01 0.0133333 0.0559387
0 0.83625 0.3375 0.035 0.0261111 0.0539856
0 0.89 0.336111 0.0325 0.0188889 0.0535889
0 0.554375 0.299167 0.0175 0.0161111 0.0528259
0 0.388125 0.305278 0.013125 0.02 0.0524292
2 0.104688 0.391667 0.00671876 0.0166667 0.0518494
0 0.393125 0.307778 0.01 0.0183333 0.0516663
2 0.69 0.411111 0.0112501 0.0444444 0.0509033
2 0.705 0.298889 0.00499999 0.0155555 0.049408
0 0.129766 0.421667 0.0335938 0.0333333 0.0476074
0 0.430625 0.273333 0.009375 0.0122222 0.0474243
0 0.52625 0.279722 0.00750001 0.00999999 0.0465393
7 0.7375 0.431389 0.00499999 0.0177778 0.0462036
0 0.36875 0.3 0.011875 0.0133333 0.0446777
0 0.384375 0.323333 0.01625 0.0211111 0.0445251
0 0.41625 0.279722 0.00812502 0.0127778 0.044342
3 0.103828 0.442222 0.00640625 0.0322222 0.0440063
0 0.42875 0.275833 0.01 0.0127778 0.0423889
3 0.205313 0.382222 0.005 0.0155555 0.0422363
0 0.12875 0.415556 0.0304688 0.0322222 0.0414734
0 0.444375 0.264167 0.00625 0.0111111 0.0399475
3 0.0320313 0.473333 0.00734375 0.0244444 0.0397949
0 0.83125 0.338889 0.0325 0.0233333 0.0391846
0 0.40625 0.299444 0.01 0.0155556 0.0387573
0 0.239219 0.386667 0.0271875 0.0277778 0.037323
0 0.453125 0.260556 0.00625 0.01 0.036499
0 0.486875 0.321667 0.01875 0.0383333 0.0358276
0 0.47 0.297222 0.01125 0.02 0.0354004
0 0.49375 0.262222 0.00625 0.00944446 0.0293121
0 0.956875 0.331944 0.0175001 0.015 0.0287628
7 0.67875 0.478889 0.00750001 0.03 0.0284424
3 0.0548438 0.468611 0.00578125 0.0266667 0.0279083
0 0.0246289 0.446944 0.0269141 0.025 0.0275879
0 0.44875 0.266667 0.00625 0.0111111 0.0274811
2 0.69375 0.416667 0.015 0.0511111 0.0270691
0 0.885625 0.338056 0.03125 0.025 0.0259552
0 0.96375 0.332778 0.0125 0.015 0.0255585
2 0.89 0.47 0.0125 0.0588889 0.0253754
3 0.25875 0.354444 0.00625 0.0188889 0.0246582
3 0.169531 0.376111 0.00625 0.0144444 0.0244293
2 0.0469141 0.429444 0.0090625 0.0222222 0.024231
0 0.0086084 0.456389 0.0172168 0.0233333 0.0236969
7 0.70875 0.404722 0.00625 0.0211111 0.0219421
3 0.11625 0.427778 0.0071875 0.0322222 0.0216217
3 0.0764844 0.400556 0.00460938 0.0166667 0.0209656
2 0.0770313 0.443611 0.00703125 0.025 0.0208893
0 0.549688 0.345556 0.025 0.0355556 0.0200958
0 0.126875 0.405 0.015 0.0166667 0.0187683
7 0.665 0.346667 0.00250003 0.00888889 0.0176392
0 0.128438 0.430556 0.030625 0.0383333 0.0163422
0 0.014082 0.588889 0.0281641 0.0588889 0.0156021
3 0.90375 0.474444 0.00999997 0.0555556 0.0152512
7 0.0462891 0.484722 0.00421875 0.0166667 0.0144501
0 0.0573438 0.456667 0.0226563 0.0255556 0.0142288
0 0.455625 0.306389 0.0125 0.0172222 0.0140076
0 0.50875 0.273889 0.00874999 0.0144444 0.0139542
3 0.124766 0.384444 0.00453125 0.0155555 0.0127258
7 0.74375 0.423889 0.00375004 0.0155555 0.0126724
0 0.74875 0.335556 0.04 0.0288889 0.0125275
2 0.89375 0.468889 0.00625 0.0588889 0.0120544
7 0.575 0.316667 0.00375004 0.0122222 0.0119629
0 0.349688 0.306389 0.016875 0.0233333 0.0115967
0 0.537813 0.329722 0.020625 0.0288889 0.0111618
3 0.8875 0.443889 0.0125 0.0577778 0.0106964
0 0.169063 0.455556 0.0475 0.07 0.0105667
0 0.175313 0.381944 0.010625 0.0183333 0.0105286
0 0.398125 0.285556 0.01 0.0188889 0.0104523
0 0.13 0.401944 0.0246875 0.0338889 0.0104523
0 0.9325 0.341667 0.03 0.0227778 0.0102081
2 0.8925 0.463611 0.00999997 0.0638889 0.0102081
0 0.96625 0.337222 0.015 0.0166667 0.00978088
7 0.728125 0.44 0.00625 0.0177778 0.00955963
0 0.00308594 0.420833 0.00617188 0.0166667 0.00945282
7 0.7075 0.402222 0.00499999 0.0183333 0.00933838
0 0.97125 0.335278 0.025 0.0172222 0.00930023
0 0.422813 0.291111 0.00812499 0.0155556 0.00926971
7 0.9225 0.483889 0.00500005 0.02 0.00901794
0 0.889375 0.341667 0.0375 0.0244444 0.00857544
3 0.129141 0.382778 0.00453125 0.02 0.0085144
0 0.76125 0.329167 0.0375 0.0238889 0.00837708
7 0.685625 0.360556 0.00374997 0.0177778 0.008255
2 0.90375 0.473056 0.0112501 0.0533333 0.00812531
3 0.163438 0.370278 0.00625 0.02 0.00809479
0 0.529375 0.272222 0.00625 0.0133333 0.00796509
0 0.156328 0.387222 0.0101563 0.0222222 0.00790405
3 0.0360547 0.478056 0.00632813 0.03 0.0078125
0 0.169961 0.455278 0.0413281 0.05 0.00754929
2 0.0778906 0.453333 0.00765625 0.0233333 0.00725937
0 0.925625 0.332778 0.02875 0.015 0.0068779
0 0.94375 0.337222 0.02875 0.0177778 0.0068512
3 0.250625 0.343611 0.005 0.02 0.00679779
0 0.534375 0.274444 0.00624997 0.0116667 0.00661469
7 0.754375 0.4175 0.00499999 0.0172222 0.00661469
7 0.2175 0.515556 0.00625 0.02 0.00653839
2 0.0620313 0.466944 0.009375 0.0261111 0.00641251
3 0.6925 0.417222 0.0175 0.0544445 0.00636292
0 0.322188 0.338889 0.016875 0.0244444 0.00629044
7 0.02375 0.53875 0.005 0.0180556 0.00629044
0 0.00785156 0.566667 0.0148828 0.0544444 0.00629044
2 0.71375 0.299167 0.00875003 0.0211111 0.00609589
2 0.675625 0.299722 0.00374997 0.0138889 0.006073
3 0.254375 0.330833 0.005 0.0183333 0.00584412
0 0.35125 0.337222 0.0175 0.0266667 0.00572968
3 0.0231689 0.503889 0.0124121 0.0455556 0.00570679
3 0.0695703 0.41 0.00515625 0.0144444 0.00568771
2 0.0387305 0.463056 0.0233203 0.0322222 0.00561905
7 0.67625 0.311667 0.00499999 0.0111111 0.0053215
2 0.79625 0.321111 0.00999997 0.0188889 0.00526047
3 0.105 0.395 0.005625 0.0188889 0.00521851
7 0.66625 0.472222 0.0125 0.0377778 0.0051384
7 0.0446875 0.526667 0.005 0.0188889 0.00510025
2 0.865 0.302222 0.00750001 0.0155556 0.00503922
7 0.685625 0.335556 0.00374997 0.0177778 0.00502014
0 0.00567383 0.478333 0.0112305 0.0344444 0.00498199
3 0.886875 0.479167 0.0125 0.0772222 0.00498199
0 0.209219 0.359722 0.024375 0.0238889 0.00492477
3 0.54875 0.269167 0.00499999 0.0183333 0.00482941
0 0.7125 0.312778 0.0175 0.0155555 0.00475693
7 0.0114063 0.543333 0.00792969 0.0233333 0.00475693
7 0.68625 0.312778 0.00499999 0.0144444 0.00471878
7 0.595625 0.330278 0.00375004 0.0105556 0.0046463
0 0.145781 0.386111 0.0078125 0.0188889 0.00460815
0 0.8 0.335556 0.03875 0.0294445 0.00445175
3 0.689375 0.306667 0.00499999 0.0155555 0.00421524
0 0.176875 0.396667 0.03125 0.0388889 0.00419998
3 0.363125 0.433333 0.00812499 0.0355555 0.00407028
7 0.63125 0.335556 0.00499999 0.0144444 0.00407028
0 0.164531 0.411111 0.05 0.0655556 0.0039444
0 0.898125 0.338333 0.035 0.0177778 0.0037365
1 0.48375 0.248889 0.00874999 0.0222222 0.00367928
3 0.69 0.338889 0.00749995 0.0261111 0.0036068
2 0.70625 0.307778 0.00750001 0.0177778 0.00356483
0 0.534688 0.261111 0.00499999 0.00944443 0.00353813
0 0.7775 0.309722 0.0325 0.0222222 0.00353813
3 0.618125 0.342222 0.00999997 0.0377778 0.00353813
2 0.78875 0.305 0.01125 0.0188889 0.00351143
2 0.0503906 0.418889 0.00851562 0.0238889 0.00351143
0 0.163906 0.382778 0.0103125 0.0216667 0.00348282
2 0.654375 0.322778 0.00499999 0.0211111 0.00345612
2 0.72375 0.393333 0.00499999 0.0322222 0.00332451
7 0.93375 0.440556 0.00499999 0.0144444 0.00331116
3 0.63625 0.320556 0.00437501 0.0166667 0.00328636
0 0.379375 0.291667 0.00875003 0.0155556 0.00328636
7 0.718125 0.450833 0.00749995 0.0211111 0.00323486
3 0.90625 0.477222 0.01125 0.0611111 0.00322342
3 0.79375 0.3 0.00499999 0.0155556 0.00319672
7 0.7425 0.429444 0.00625 0.0183333 0.00318527
2 0.098125 0.433333 0.008125 0.0294445 0.00313568
7 0.0082019 0.547222 0.008479 0.0255556 0.00307465
2 0.2075 0.358611 0.01625 0.0227778 0.0030632
3 0.0103223 0.565556 0.0132813 0.0377778 0.0028553
0 0.76875 0.319167 0.03 0.0211111 0.00284576
2 0.695 0.3375 0.00999997 0.0294445 0.00279999
0 0.115234 0.438889 0.020625 0.0388889 0.00275803
0 0.978125 0.336111 0.0225 0.0183333 0.00265312
0 0.84 0.327222 0.03625 0.0288889 0.00261116
7 0.92875 0.475556 0.00500005 0.0222223 0.00261116
7 0.645 0.444167 0.00499999 0.0155555 0.00253105
2 0.7975 0.323611 0.02 0.0227778 0.0024929
3 0.775625 0.352222 0.00750001 0.0233333 0.00247192
7 0.66 0.48 0.01375 0.0444444 0.00243378
3 0.192656 0.506111 0.008125 0.0677778 0.00236893
0 0.95 0.343333 0.025 0.0222222 0.00230598
7 0.92875 0.443889 0.00500005 0.02 0.00228691
7 0.605625 0.331111 0.00374997 0.0133333 0.00219917
0 0.136016 0.385556 0.005625 0.0183333 0.00218201
2 0.8825 0.465556 0.01875 0.0644445 0.00214958
7 0.665 0.333889 0.00250003 0.00944446 0.0020752
0 0.8 0.327222 0.0375001 0.0322222 0.00203514
0 0.525625 0.264444 0.00500002 0.0133333 0.00201988
