0 0.255313 0.69 0.105625 0.145556 0.953125
0 0.235938 0.578333 0.086875 0.101111 0.947754
0 0.35375 0.492222 0.05375 0.0744445 0.925781
0 0.316875 0.450556 0.044375 0.0688889 0.912598
0 0.372187 0.401667 0.030625 0.045 0.884277
0 0.316875 0.390556 0.035625 0.0388889 0.862305
0 0.368125 0.355556 0.02375 0.0311111 0.855957
2 0.66375 0.435556 0.0275 0.06 0.852051
0 0.0505078 0.451667 0.0338281 0.0311111 0.852051
0 0.0156055 0.466667 0.0312109 0.0333333 0.849121
0 0.238438 0.381111 0.0378125 0.0322222 0.845703
5 0.0146289 0.443056 0.0286328 0.0461111 0.836426
0 0.366563 0.326944 0.018125 0.0222222 0.832031
0 0.3475 0.331111 0.01625 0.0222222 0.829102
0 0.385 0.326111 0.015 0.0211111 0.818848
0 0.398438 0.336111 0.02 0.0288889 0.816406
0 0.325625 0.335278 0.016875 0.0205556 0.812988
0 0.81625 0.33 0.035 0.0244444 0.801758
0 0.86125 0.328056 0.0275 0.0227778 0.799316
7 0.6675 0.465 0.00750001 0.0244444 0.794434
7 0.235781 0.503333 0.00718749 0.0233333 0.786621
2 0.0121118 0.519722 0.0143311 0.0438889 0.778809
0 0.582188 0.306111 0.031875 0.0211111 0.762207
7 0.72375 0.401111 0.00499999 0.0177778 0.73584
0 0.7575 0.3325 0.0425 0.0277778 0.725098
7 0.729375 0.438889 0.00499999 0.0194444 0.702637
7 0.0236328 0.53 0.00453125 0.0166667 0.697754
0 0.0540234 0.436111 0.0328906 0.0316666 0.673828
7 0.222188 0.517778 0.00687499 0.0238889 0.672363
2 0.213125 0.364444 0.01125 0.0244444 0.637207
0 0.374375 0.3025 0.01125 0.0161111 0.62793
7 0.145625 0.416667 0.00375001 0.0122222 0.600098
7 0.92625 0.456667 0.00499999 0.0155555 0.59082
7 0.749375 0.415 0.00500005 0.0177778 0.586914
0 0.391875 0.297778 0.01125 0.0155555 0.57373
7 0.92375 0.467222 0.00374997 0.015 0.533203
7 0.67625 0.477778 0.00625 0.0272222 0.517578
7 0.635 0.329444 0.003125 0.0111111 0.513672
7 0.74 0.426111 0.00500005 0.0211111 0.499023
0 0.355625 0.317778 0.01 0.0177778 0.478516
7 0.684375 0.352778 0.00375004 0.0122222 0.428223
7 0.125938 0.42 0.00375 0.0111111 0.401611
5 0.405938 0.311944 0.018125 0.0394445 0.377441
0 0.8625 0.331667 0.0275 0.0233333 0.345947
0 0.0533496 0.442778 0.0343945 0.03 0.343262
7 0.6775 0.478889 0.00749995 0.0277778 0.341553
7 0.74625 0.399722 0.00500005 0.0166667 0.334473
0 0.346563 0.320278 0.013125 0.0205555 0.305664
3 0.265313 0.349444 0.00562501 0.0205556 0.262939
0 0.405313 0.311389 0.01625 0.0338889 0.259766
2 0.323438 0.346111 0.013125 0.0255556 0.252441
0 0.432813 0.274444 0.00625 0.01 0.23938
7 0.0155273 0.539861 0.00574219 0.0158334 0.229492
0 0.391875 0.316111 0.01125 0.0177778 0.226807
0 0.41375 0.277222 0.00750001 0.01 0.219971
0 0.38625 0.321389 0.01375 0.0211111 0.197388
0 0.0132031 0.435 0.0264063 0.0311111 0.181274
7 0.00868164 0.546667 0.00494141 0.0155556 0.173828
0 0.365938 0.322222 0.014375 0.0211111 0.172729
0 0.414688 0.302222 0.013125 0.0233333 0.171021
0 0.389063 0.297778 0.01 0.0144444 0.166138
0 0.430625 0.272222 0.00625 0.00888889 0.15979
3 0.266563 0.356944 0.005 0.025 0.137939
2 0.321563 0.357778 0.009375 0.0222222 0.133911
3 0.71 0.309722 0.00499999 0.0183333 0.109314
0 0.484375 0.259444 0.00437498 0.00888887 0.107422
2 0.65875 0.317778 0.00749995 0.02 0.106689
0 0.41875 0.285556 0.00749998 0.0133333 0.106323
0 0.4275 0.279444 0.00812499 0.0116667 0.105225
0 0.41 0.311111 0.0175 0.0266667 0.104492
7 0.65375 0.3275 0.00374997 0.0116666 0.0994873
5 0.495625 0.262778 0.00625 0.00999999 0.0665894
7 0.0491406 0.478889 0.005 0.0138889 0.0643921
0 0.00407715 0.408333 0.0081543 0.0211111 0.0611877
0 0.47625 0.2625 0.00625 0.00944443 0.0583496
7 0.7275 0.442778 0.00500005 0.02 0.0545959
7 0.7425 0.423889 0.00499999 0.0166667 0.0509033
0 0.860625 0.341111 0.02875 0.0216667 0.0503235
0 0.375 0.307222 0.011875 0.02 0.0486755
0 0.405313 0.322778 0.020625 0.0216667 0.0481262
7 0.00816895 0.545556 0.00686524 0.0155555 0.0472412
2 0.0154004 0.518889 0.0211523 0.0366666 0.0419312
7 0.64625 0.317778 0.00250003 0.0122222 0.0399475
0 0.41875 0.307778 0.014375 0.0183333 0.0324707
7 0.148594 0.411111 0.00375001 0.0122222 0.0314941
2 0.2175 0.361111 0.008125 0.0177778 0.0270081
0 0.379375 0.288889 0.00625 0.0111111 0.0258026
2 0.212813 0.358889 0.00999999 0.0233333 0.0255585
2 0.71625 0.300833 0.00499999 0.0172222 0.0236053
2 0.554375 0.296667 0.0125 0.015 0.0235138
2 0.715 0.307778 0.00500005 0.0188889 0.0227966
0 0.0114673 0.404444 0.0113232 0.0161111 0.0220337
2 0.660625 0.316111 0.00999997 0.0222222 0.0219421
7 0.67 0.342222 0.00374997 0.0133333 0.0212097
2 0.234375 0.354167 0.004375 0.0144444 0.0197144
2 0.20875 0.365278 0.00874999 0.0222223 0.0183411
2 0.245625 0.353333 0.00531249 0.015 0.0146179
7 0.736875 0.427222 0.00500005 0.0188889 0.0139008
7 0.0649219 0.471111 0.00460938 0.0111111 0.0132751
7 0.733125 0.434167 0.00625 0.0177778 0.0120087
0 0.441875 0.0246528 0.03625 0.0451389 0.0119171
0 0.351875 0.31 0.0125 0.0166667 0.0118713
2 0.320938 0.352778 0.013125 0.0244444 0.0112457
0 0.421563 0.296667 0.01 0.0177778 0.0109482
0 0.490625 0.265 0.00375001 0.0105556 0.0109024
7 0.63625 0.318333 0.00375004 0.0122222 0.00854492
7 0.0557031 0.47 0.00515625 0.0122222 0.00841522
7 0.128828 0.414444 0.00359375 0.0133333 0.00796509
0 0.47 0.268889 0.00499999 0.00777777 0.00793457
0 0.81625 0.335 0.035 0.03 0.00787354
7 0.615 0.316111 0.003125 0.01 0.00748825
7 0.9275 0.453333 0.00499999 0.0177778 0.00728989
5 0.399688 0.0445833 0.038125 0.0658333 0.00723267
7 0.753125 0.416111 0.00499999 0.0155555 0.0069313
7 0.294688 0.348333 0.00375001 0.0111111 0.00616837
0 0.405 0.280556 0.00499999 0.00888889 0.00614548
0 0.34 0.318056 0.0125 0.0188889 0.00588989
2 0.320938 0.36 0.015 0.0211111 0.00584412
0 0.41125 0.271667 0.00750001 0.01 0.00559998
3 0.189844 0.375 0.004375 0.02 0.0050621
0 0.038457 0.424444 0.0144922 0.0188889 0.00492477
0 0.448438 0.269444 0.00625 0.00833333 0.00457382
2 0.117344 0.385556 0.00593751 0.0177778 0.00455475
3 0.266406 0.34 0.00562501 0.0211111 0.00436401
7 0.6725 0.453889 0.00750001 0.0422222 0.0039444
0 0.533125 0.278889 0.00625003 0.00999999 0.00382423
0 0.349375 0.338889 0.01625 0.0305556 0.00376511
7 0.284688 0.348056 0.00437501 0.0116667 0.00372124
0 0.75375 0.323889 0.035 0.0222222 0.00365067
3 0.164844 0.383889 0.00374999 0.0188889 0.00362206
2 0.549375 0.296667 0.0112501 0.0133333 0.00335121
7 0.205938 0.381667 0.00406249 0.0122222 0.00329781
0 0.445625 0.273889 0.00499999 0.0111111 0.00316048
7 0.275 0.365 0.00343752 0.00999999 0.00309944
3 0.260469 0.353333 0.005 0.0177778 0.00304031
7 0.695625 0.351667 0.00499999 0.0144444 0.00288963
7 0.221875 0.508333 0.008125 0.0288889 0.00288963
2 0.550938 0.299444 0.00812505 0.0155556 0.0026722
7 0.6725 0.47 0.00999997 0.0288889 0.00261116
0 0.395 0.281111 0.00625 0.00944446 0.00259018
7 0.6675 0.353333 0.00499999 0.0122222 0.00252151
7 0.72375 0.448889 0.00499999 0.0211111 0.00243378
7 0.575938 0.326111 0.00625 0.0161111 0.00237846
3 0.649375 0.313333 0.00500005 0.0222222 0.00236893
7 0.609375 0.308889 0.00375004 0.0155555 0.00234985
0 0.86875 0.335556 0.0375 0.0188889 0.00233269
3 0.250625 0.343889 0.00625 0.0222222 0.00209999
2 0.725 0.297222 0.00499999 0.0177778 0.00208282
2 0.267031 0.348333 0.00843752 0.0222222 0.00197983
3 0.71625 0.421111 0.00875003 0.0533333 0.00195694
0 0.515 0.261667 0.00375001 0.00666668 0.00188255
3 0.105938 0.387778 0.00531251 0.0205556 0.00184631
2 0.7075 0.308333 0.00750001 0.0166667 0.00176811
2 0.255 0.353611 0.00531249 0.0211111 0.00169373
7 0.0249023 0.534722 0.00503906 0.0216666 0.00167465
7 0.134844 0.383333 0.0034375 0.0133333 0.00157356
0 0.465 0.274444 0.00375001 0.00888889 0.00156689
0 0.413438 0.0188889 0.0275 0.0325 0.00151253
0 0.580625 0.309444 0.03375 0.02 0.00150108
2 0.695 0.336667 0.00750001 0.0283333 0.00146675
7 0.565625 0.327222 0.00375004 0.015 0.00143242
7 0.615625 0.329167 0.00375004 0.0105555 0.0014267
0 0.90125 0.335556 0.02 0.0166667 0.00141048
7 0.68125 0.479444 0.00750001 0.0266667 0.00136662
0 0.405938 0.262778 0.00437501 0.00999999 0.00135612
0 0.367813 0.297778 0.00874999 0.0116667 0.00135612
2 0.556563 0.281944 0.00874996 0.015 0.00135136
0 0.00437012 0.387778 0.00863281 0.02 0.00133038
3 0.46875 0.306667 0.00500002 0.0177778 0.00126457
0 0.523125 0.260833 0.00499999 0.00833333 0.00124454
2 0.18375 0.382222 0.013125 0.0244445 0.00122547
3 0.715625 0.44 0.00499999 0.0422222 0.00119686
2 0.19375 0.367778 0.004375 0.0172222 0.00117874
7 0.194688 0.383611 0.00375001 0.0144444 0.00113773
7 0.64625 0.331667 0.00250003 0.00833333 0.00112438
0 0.493125 0.0651389 0.04 0.0533333 0.0011034
7 0.67625 0.316667 0.00250003 0.0138889 0.00109482
5 0.545 0.280556 0.01375 0.0166667 0.00100803
