0 0.299688 0.174444 0.064375 0.0583333 0.889648
0 0.627187 0.0798611 0.060625 0.0405556 0.839844
0 0.0739063 0.261944 0.0339063 0.0388889 0.832031
0 0.0412891 0.3025 0.0327344 0.0372222 0.831055
0 0.346563 0.0858333 0.015625 0.0208333 0.827637
0 0.513438 0.0605556 0.04 0.0275 0.804199
7 0.029668 0.379444 0.00496094 0.0166667 0.801758
0 0.8675 0.102639 0.0425 0.0358333 0.785156
7 0.75375 0.164444 0.00625 0.0205556 0.782715
7 0.74375 0.177222 0.00750001 0.0238889 0.767578
0 0.4525 0.0813194 0.0425 0.0327778 0.751953
7 0.245625 0.285 0.008125 0.0288889 0.747559
0 0.77125 0.0650694 0.0375 0.0245833 0.700684
0 0.875 0.0751389 0.0325 0.0241667 0.675781
2 0.69125 0.176667 0.03625 0.0577778 0.673828
7 0.703125 0.198611 0.00750001 0.0227778 0.666992
0 0.142344 0.199583 0.0353125 0.0397222 0.660156
0 0.84125 0.0669444 0.0325 0.0241667 0.644043
0 0.0735547 0.244167 0.0282031 0.03 0.642578
2 0.217813 0.156944 0.0109375 0.0238889 0.640625
0 0.395 0.0836806 0.01625 0.0297222 0.631836
7 0.0448438 0.361944 0.00515625 0.0172222 0.620605
7 0.94625 0.219444 0.00499999 0.0177778 0.615234
7 0.7725 0.146111 0.00499999 0.0177778 0.605957
0 0.97125 0.103125 0.0225 0.0201389 0.600098
0 0.0224561 0.287778 0.0275879 0.0377778 0.581543
5 0.24625 0.146667 0.038125 0.0438889 0.554688
7 0.77 0.130556 0.00499999 0.0177778 0.516602
0 0.36125 0.0725 0.014375 0.0227778 0.496094
0 0.43 0.0506944 0.015 0.0213889 0.496094
0 0.93625 0.0959028 0.025 0.0195833 0.492188
0 0.431875 0.0475 0.01375 0.0216667 0.484375
0 0.84375 0.0638889 0.0325 0.0244444 0.480469
2 0.604375 0.0396007 0.01375 0.0196875 0.478516
0 0.410625 0.0488194 0.0125 0.01875 0.466797
0 0.379688 0.0740278 0.011875 0.0205556 0.460938
3 0.67375 0.156389 0.00750001 0.0616667 0.453369
0 0.395625 0.0647222 0.01375 0.0183333 0.445557
7 0.7625 0.153194 0.00750001 0.0191667 0.428223
0 0.276719 0.11441 0.0190625 0.0228472 0.413086
7 0.2575 0.264444 0.00687501 0.0244444 0.403564
7 0.74625 0.123889 0.00500005 0.0161111 0.401611
0 0.776875 0.0622222 0.0375 0.0263889 0.397949
3 0.00321289 0.344444 0.00642578 0.0333334 0.379395
0 0.38 0.0680556 0.0125 0.0233333 0.368408
0 0.0432129 0.270833 0.0257617 0.0305556 0.368408
7 0.675 0.0509722 0.00249996 0.0136111 0.364746
0 0.91 0.0909028 0.0325 0.0230556 0.361084
2 0.5975 0.0410417 0.00812499 0.0176389 0.327637
2 0.603438 0.0370833 0.013125 0.0204167 0.309082
2 0.321328 0.109722 0.00859375 0.0247222 0.309082
0 0.0236328 0.281667 0.0259766 0.03 0.300781
0 0.0431641 0.275556 0.0292969 0.0344445 0.297363
0 0.0151367 0.307778 0.0195703 0.0305556 0.279785
7 0.0692969 0.299722 0.00421875 0.0144444 0.263672
3 0.0127148 0.349444 0.00695313 0.03 0.255371
0 0.409375 0.0460938 0.0125 0.0203125 0.243652
7 0.70625 0.0813194 0.00375004 0.0113889 0.23938
0 0.0145117 0.307778 0.0260547 0.0266667 0.237183
0 0.395 0.0451389 0.011875 0.0238889 0.2323
0 0.911875 0.0945833 0.0325 0.0238889 0.226807
0 0.39375 0.0543056 0.015 0.02 0.222046
7 0.746875 0.128056 0.00499999 0.0177778 0.218018
3 0.146875 0.216389 0.00625 0.0277778 0.217285
0 0.37125 0.0602083 0.015 0.0179167 0.216675
0 0.359375 0.0751389 0.01375 0.0188889 0.210815
7 0.946875 0.215278 0.00499999 0.0188889 0.204346
0 0.00485352 0.316667 0.00969727 0.0266667 0.187134
0 0.84 0.0704167 0.0375 0.0291667 0.185303
0 0.4325 0.00836806 0.00750001 0.0128472 0.178345
2 0.286563 0.102361 0.0175 0.0191667 0.171631
2 0.259688 0.138889 0.011875 0.0344444 0.165039
0 0.415 0.0317361 0.00874999 0.0156944 0.163452
7 0.164063 0.207361 0.004375 0.0177778 0.156616
3 0.0109375 0.351111 0.0119336 0.0333333 0.152588
3 0.0040918 0.326389 0.00818359 0.03 0.149536
0 0.443125 0.0139583 0.00874999 0.0131944 0.149048
7 0.0742969 0.295278 0.005625 0.0144444 0.144653
3 0.183438 0.159444 0.00625 0.025 0.141724
0 0.339375 0.0786111 0.01375 0.0173611 0.133423
2 0.600625 0.0379861 0.015 0.0209722 0.132935
0 0.465625 0.00763889 0.00874999 0.0102778 0.124634
3 0.18375 0.165278 0.0065625 0.025 0.124207
2 0.485938 0.054375 0.011875 0.0234722 0.11554
0 0.8625 0.0722222 0.0475 0.0275 0.109314
7 0.94375 0.233611 0.00499999 0.0222222 0.100891
7 0.69375 0.07875 0.00375004 0.0141667 0.100525
0 0.287031 0.101736 0.0190625 0.0201389 0.0997925
2 0.485 0.0586111 0.015 0.0241667 0.0939941
0 0.8825 0.0793056 0.035 0.025 0.092041
2 0.288125 0.09875 0.014375 0.0205556 0.092041
0 0.46 0.00578125 0.00749998 0.0115625 0.0917358
7 0.74875 0.125278 0.00375004 0.0177778 0.0903931
0 0.384688 0.0485417 0.0125 0.0218056 0.0878906
2 0.233125 0.1625 0.00999999 0.0211111 0.0878906
0 0.42625 0.0334028 0.01 0.0181944 0.0812378
7 0.9475 0.224444 0.00500005 0.0216667 0.0809326
2 0.229688 0.125 0.00625 0.0188889 0.0792236
2 0.27625 0.1175 0.0175 0.0227778 0.0772095
0 0.429375 0.0541667 0.014375 0.0222222 0.076416
0 0.376875 0.0479167 0.01375 0.0169444 0.0705566
0 0.7725 0.069375 0.04 0.02875 0.0690308
2 0.245469 0.155 0.0340625 0.03 0.0687866
0 0.28 0.109028 0.023125 0.0219444 0.0673218
0 0.512188 0.0241319 0.00812499 0.0154167 0.0663452
0 0.0668359 0.249167 0.0314844 0.0316667 0.0653687
0 0.935 0.0914583 0.02125 0.0218056 0.0646362
0 0.43875 0.0338889 0.01 0.0198611 0.0639648
0 0.0342773 0.3025 0.0217578 0.0361111 0.0628052
2 0.269063 0.114722 0.010625 0.02 0.0605164
0 0.971875 0.106667 0.025 0.0261111 0.0564575
0 0.248281 0.1375 0.0315625 0.0372222 0.0563354
0 0.44125 0.0340278 0.009375 0.0213889 0.0560303
3 0.67625 0.166111 0.00999997 0.0761111 0.0538025
0 0.452813 0.00854167 0.00812499 0.01 0.0535889
3 0.00436768 0.348056 0.00817871 0.0411111 0.0522461
0 0.40625 0.0340972 0.01 0.0145833 0.0492249
7 0.65625 0.0527778 0.00375004 0.0144444 0.0490417
0 0.138594 0.20375 0.0315625 0.0347222 0.0488586
0 0.343125 0.0795833 0.0125 0.0197222 0.0458679
0 0.24 0.157083 0.025625 0.0327778 0.0451965
0 0.47 0.0790278 0.0425 0.0383333 0.0450134
7 0.0663672 0.306667 0.00492188 0.0177778 0.0422363
7 0.0845313 0.290556 0.00453125 0.0161111 0.0420837
3 0.224844 0.123333 0.00531251 0.0194445 0.0419312
2 0.2125 0.156944 0.0078125 0.025 0.0413208
0 0.474375 0.0606944 0.035 0.0241667 0.0409851
0 0.49625 0.00958333 0.00625 0.0101389 0.0405273
0 0.44125 0.0402604 0.01 0.0205903 0.0399475
0 0.86875 0.0915972 0.045 0.0255556 0.0387573
0 0.0483203 0.259375 0.0252344 0.0345833 0.0384521
0 0.370625 0.0518056 0.01375 0.0180556 0.0379028
3 0.219063 0.153056 0.00718751 0.025 0.0360107
7 0.0653906 0.2975 0.00484376 0.015 0.0358276
2 0.609375 0.0936111 0.01625 0.0277778 0.0339661
7 0.0948438 0.279444 0.0034375 0.0122222 0.0339661
0 0.776875 0.0579861 0.03125 0.02375 0.0319824
2 0.531875 0.0491667 0.00875003 0.0155556 0.0313721
3 0.180938 0.154306 0.00625 0.0277778 0.0311432
7 0.169375 0.229167 0.00499999 0.0161111 0.0309143
0 0.0173828 0.276944 0.0246484 0.0238889 0.0306702
2 0.0935938 0.207222 0.0065625 0.0255555 0.0279083
3 0.0903125 0.205556 0.0046875 0.0244445 0.0273743
7 0.155469 0.239167 0.004375 0.0133333 0.0254669
3 0.66625 0.0316667 0.00499999 0.0193056 0.0249939
7 0.695625 0.0513194 0.00375004 0.0129167 0.0247955
0 0.81625 0.0729167 0.045 0.0255556 0.0241852
7 0.549375 0.0509722 0.00374997 0.0141667 0.0227966
7 0.125156 0.243889 0.00328125 0.0108333 0.0226288
2 0.0118262 0.338889 0.0135547 0.0466667 0.02211
0 0.904375 0.0922222 0.0275 0.0263889 0.0217743
0 0.9775 0.107917 0.02 0.0238889 0.021698
2 0.17625 0.158333 0.00875001 0.0255555 0.021698
7 0.655625 0.0595139 0.00374997 0.0127778 0.021286
7 0.65125 0.0540278 0.00499999 0.0125 0.0207214
0 0.780625 0.0590278 0.035 0.0272222 0.0201721
0 0.94 0.0970833 0.0275 0.0197222 0.0200958
0 0.3925 0.0390278 0.01375 0.0222222 0.0181274
7 0.148594 0.224861 0.00515625 0.0258333 0.0180511
0 0.95625 0.102222 0.015 0.0219444 0.0167847
0 0.00746582 0.278333 0.0133301 0.0266667 0.016098
2 0.21375 0.143889 0.00562499 0.0202778 0.0160217
7 0.70875 0.0861806 0.00500005 0.0155556 0.0156708
0 0.475 0.0601389 0.02125 0.0302778 0.0154266
3 0.676875 0.179722 0.00874996 0.0533333 0.0147858
2 0.605 0.0516667 0.01625 0.0194444 0.0142822
3 0.67875 0.161944 0.0225 0.0677778 0.0142288
3 0.187656 0.165417 0.00625 0.0236111 0.0139008
7 0.25875 0.27 0.00874999 0.0388889 0.0136871
0 0.88875 0.0782639 0.03 0.0220833 0.0135345
0 0.253438 0.143611 0.025625 0.0405555 0.0134277
3 0.7125 0.185417 0.00750001 0.0319445 0.0132751
0 0.8075 0.0713889 0.0325 0.0216667 0.0131683
7 0.77875 0.144167 0.00750001 0.0194444 0.0129242
7 0.555625 0.0476389 0.00437495 0.0122222 0.0127258
0 0.43 0.018125 0.01125 0.0147222 0.0112915
2 0.733125 0.0330556 0.00874996 0.015 0.0108566
7 0.674375 0.0574306 0.00374997 0.0161111 0.01017
0 0.506875 0.0648611 0.03375 0.0275 0.01017
0 0.8175 0.0748611 0.035 0.025 0.00985718
0 0.00462891 0.269444 0.00925781 0.0233333 0.00959778
7 0.16375 0.240139 0.005 0.0163889 0.00955963
2 0.883125 0.0545833 0.00999997 0.0186111 0.00952148
3 0.678125 0.184444 0.01 0.0505556 0.00933838
7 0.694375 0.0666667 0.00374997 0.0106944 0.00912476
0 0.428125 0.0133333 0.010625 0.0125 0.00898743
5 0.379375 0.039375 0.01875 0.0270833 0.0088501
3 0.71125 0.128611 0.00750001 0.0322222 0.00861359
7 0.710625 0.189583 0.00875003 0.0311111 0.00861359
7 0.645 0.050625 0.00250003 0.0133333 0.00834656
7 0.303906 0.100694 0.00406249 0.0122222 0.00831604
7 0.94125 0.219444 0.00500005 0.0194444 0.00831604
7 0.108906 0.268889 0.005625 0.0133333 0.008255
3 0.310313 0.0925 0.00625 0.0155556 0.00818634
2 0.117734 0.210278 0.0120312 0.0227778 0.00787354
3 0.08625 0.2125 0.00562499 0.0183333 0.00754929
3 0.6825 0.180833 0.0175 0.0583333 0.00737381
3 0.690625 0.0228472 0.00499999 0.0167361 0.00728989
0 0.39 0.0384028 0.01375 0.0225 0.00720596
3 0.12625 0.215 0.00625 0.0277778 0.00703812
2 0.319375 0.104861 0.01 0.0202778 0.00674438
3 0.71375 0.11941 0.00750001 0.0439583 0.00674438
3 0.73125 0.117257 0.00625 0.0332639 0.00669098
3 0.2325 0.123333 0.00625 0.02 0.00661469
0 0.76875 0.0619444 0.045 0.0266667 0.00661469
0 0.333438 0.0855556 0.01625 0.0213889 0.00643921
7 0.175938 0.210833 0.00406249 0.015 0.00634003
3 0.196563 0.155972 0.00562501 0.0208333 0.00631332
7 0.261563 0.27 0.0075 0.0244444 0.00621796
0 0.798125 0.0680556 0.04875 0.0252778 0.00612259
3 0.0138574 0.265 0.00777344 0.0188889 0.00612259
0 0.207188 0.1525 0.01125 0.025 0.00602722
5 0.403438 0.0267361 0.045 0.0479167 0.00582123
3 0.511875 0.192361 0.01125 0.0536111 0.00575256
0 0.480625 0.0544444 0.02 0.0252778 0.00572968
2 0.695625 0.0248611 0.00375004 0.015 0.00568771
3 0.71375 0.1825 0.00750001 0.0472222 0.00568771
0 0.44875 0.0153819 0.010625 0.0167361 0.00559998
0 0.99625 0.123333 0.00749995 0.0288889 0.00544739
2 0.545 0.0516667 0.00499999 0.0156944 0.00530243
7 0.704375 0.0456944 0.00374997 0.0152778 0.00516129
0 0.398125 0.0643056 0.01625 0.0252778 0.00511932
7 0.290625 0.158194 0.0175 0.025 0.00498199
3 0.51125 0.190278 0.00999997 0.0397222 0.00486755
0 0.0578516 0.243333 0.0278906 0.0333333 0.00486755
3 0.16625 0.2175 0.00437501 0.0216667 0.00482941
7 0.665625 0.0457639 0.00375004 0.0108333 0.00469971
3 0.225625 0.130278 0.00375001 0.0183333 0.00462723
2 0.275625 0.125 0.0103125 0.025 0.00450516
0 0.308906 0.163056 0.0453125 0.0388889 0.0042305
0 0.51375 0.0133333 0.00750001 0.0104167 0.00403976
7 0.00278564 0.382778 0.00557129 0.0266667 0.00395966
0 0.615313 0.0725 0.03625 0.0297222 0.00388527
0 0.175938 0.163056 0.008125 0.0255556 0.00378036
2 0.61125 0.0951389 0.02375 0.0311111 0.00376511
3 0.67375 0.151111 0.01125 0.0586111 0.00365067
3 0.77 0.0277083 0.00625 0.0258333 0.00363541
7 0.028125 0.380833 0.00664063 0.0177778 0.0036068
2 0.744375 0.0344097 0.00750001 0.0154861 0.00345612
2 0.267813 0.107639 0.0075 0.0188889 0.00345612
2 0.206875 0.144444 0.0128125 0.0222222 0.00327301
2 0.87875 0.0544444 0.015 0.0188889 0.00321007
2 0.70375 0.0245139 0.00499999 0.0147222 0.00319672
2 0.7325 0.109688 0.00750001 0.035625 0.00309944
7 0.252656 0.268889 0.0103125 0.0316666 0.00305176
0 0.617813 0.0765972 0.0425 0.0365278 0.00304031
0 0.993125 0.105833 0.0125 0.0258333 0.00293541
0 0.49375 0.0290972 0.00625 0.0127778 0.00292397
0 0.472813 0.00923611 0.00750001 0.01 0.00286674
3 0.90375 0.0705556 0.00999997 0.02125 0.00283432
7 0.7 0.0769444 0.00499999 0.01625 0.00282288
2 0.6075 0.0272222 0.00812499 0.0201389 0.00279999
0 0.201094 0.146667 0.02 0.0272222 0.00276756
2 0.7325 0.117083 0.00750001 0.0272222 0.00275803
3 0.11 0.204722 0.0065625 0.0233333 0.0027256
0 0.9625 0.108854 0.02125 0.030625 0.00261116
7 0.665 0.0846528 0.00749995 0.0154167 0.00258064
2 0.206563 0.165972 0.01125 0.0319445 0.00257111
0 0.766875 0.0552083 0.035 0.0229167 0.00255013
3 0.0369141 0.246389 0.00851563 0.0183333 0.00255013
7 0.135469 0.241528 0.00375001 0.0155555 0.00247192
0 0.0253955 0.267778 0.0203809 0.0238889 0.00246239
0 0.869375 0.0675694 0.035 0.0290278 0.00243378
3 0.66875 0.0255208 0.00499999 0.0217361 0.00233269
7 0.67125 0.0520833 0.00250003 0.0152778 0.00229645
0 0.48375 0.0733333 0.04875 0.0377778 0.00228691
0 0.148359 0.200556 0.0370313 0.0313889 0.00226974
3 0.271094 0.0991667 0.0109375 0.0269444 0.00224304
2 0.174375 0.159028 0.013125 0.0266667 0.00218201
7 0.690625 0.0840972 0.00375004 0.0169444 0.00216484
7 0.7675 0.123611 0.00499999 0.0216667 0.00209999
0 0.97375 0.117188 0.03 0.0367361 0.00206757
5 0.410625 0.0307639 0.0225 0.0316667 0.00205803
2 0.319375 0.110972 0.01 0.0255556 0.0020504
2 0.61375 0.0474306 0.00750001 0.0144444 0.00203514
7 0.575938 0.0477083 0.00500005 0.0133333 0.00200272
7 0.635 0.0490278 0.003125 0.0119444 0.00195694
7 0.0163477 0.403611 0.00572266 0.0155555 0.00192642
0 0.80125 0.0580556 0.03875 0.0213889 0.00183868
7 0.665 0.0966667 0.00500005 0.0155556 0.00182438
3 0.453125 0.195417 0.01125 0.0402778 0.0018177
2 0.77375 0.0312153 0.00499999 0.0153472 0.00176811
2 0.585 0.0136806 0.00625 0.0134722 0.00172043
0 0.499063 0.00446181 0.00749998 0.00892361 0.00162888
3 0.146875 0.225139 0.0059375 0.0419444 0.00158501
7 0.93625 0.251944 0.00499999 0.0238889 0.00157928
2 0.78625 0.0348264 0.00750001 0.0203472 0.00151253
0 0.0527246 0.251667 0.0275195 0.0294444 0.00150108
7 0.71 0.0611111 0.00499999 0.0215278 0.00150108
2 0.568125 0.0247222 0.00875003 0.0168056 0.00148964
7 0.71375 0.0779167 0.00499999 0.0175 0.00145531
7 0.69 0.0522222 0.00250003 0.015 0.00145531
2 0.589375 0.0208681 0.00687504 0.0158333 0.0014267
0 0.411875 0.0557639 0.01375 0.0213889 0.00141048
0 0.505 0.0100694 0.00625 0.0105556 0.00138855
2 0.106484 0.210556 0.00609375 0.0261111 0.00137234
3 0.01875 0.347222 0.00789062 0.0344444 0.00137234
2 0.29125 0.0906944 0.010625 0.0202778 0.00136662
5 0.399375 0.0226042 0.035 0.0350694 0.00135612
7 0.197031 0.225833 0.0059375 0.0177778 0.00134563
