0 0.304375 0.835 0.14625 0.307778 0.959961
0 0.476875 0.648333 0.08125 0.136667 0.932129
0 0.47625 0.363889 0.05375 0.0366667 0.893066
0 0.359375 0.408889 0.035 0.05 0.893066
0 0.323125 0.380556 0.03875 0.0344444 0.882324
0 0.24 0.390556 0.0371875 0.0311111 0.881836
0 0.889375 0.354444 0.03625 0.0333333 0.874023
0 0.36625 0.357778 0.02375 0.03 0.870605
0 0.404375 0.355 0.030625 0.0322222 0.867188
0 0.32875 0.333889 0.016875 0.0211111 0.856934
0 0.76 0.356667 0.05 0.0333333 0.855957
0 0.0300732 0.4525 0.0373535 0.0338889 0.85498
0 0.0717578 0.437222 0.0371094 0.03 0.852051
0 0.156875 0.397222 0.035 0.0266667 0.837402
0 0.346563 0.33 0.01625 0.0244444 0.829102
0 0.498125 0.293333 0.01125 0.0166667 0.82666
0 0.307344 0.337778 0.0165625 0.0222222 0.823242
0 0.0100781 0.467222 0.02 0.0311111 0.808105
0 0.84125 0.326667 0.03125 0.0227778 0.79834
7 0.235313 0.503611 0.00687501 0.0227778 0.79834
7 0.222188 0.518056 0.0075 0.0238889 0.796875
0 0.368125 0.3325 0.0175 0.0233333 0.790527
0 0.384375 0.315 0.013125 0.0177778 0.777344
0 0.0830469 0.415 0.0289063 0.0222222 0.756348
5 0.40625 0.311111 0.02 0.04 0.751953
7 0.72875 0.438611 0.00499999 0.0188889 0.741699
0 0.809375 0.331111 0.0375001 0.0266667 0.740234
0 0.71125 0.330556 0.035 0.0266667 0.732422
7 0.0235938 0.528889 0.00476563 0.0155555 0.732422
7 0.66625 0.464444 0.00499999 0.0222223 0.730957
7 0.925 0.457778 0.00499999 0.0155555 0.694336
2 0.643125 0.313333 0.00749995 0.02 0.684082
5 0.778125 0.311389 0.0475 0.05 0.660156
0 0.75125 0.339722 0.04 0.0294445 0.654785
2 0.212344 0.367222 0.008125 0.0244444 0.649414
0 0.0233057 0.443889 0.0295605 0.03 0.607422
7 0.6775 0.479722 0.00749995 0.0244445 0.596191
7 0.72375 0.401111 0.00375004 0.0155555 0.586914
7 0.73875 0.426667 0.00499999 0.0188889 0.527344
7 0.75 0.414444 0.00499999 0.0177778 0.521484
7 0.746875 0.399444 0.00499999 0.0155555 0.507812
0 0.355 0.320833 0.01375 0.0194444 0.505859
2 0.266875 0.350556 0.00562501 0.0177778 0.501953
2 0.290625 0.352778 0.0103125 0.0244444 0.496094
7 0.634063 0.329444 0.003125 0.0122222 0.492188
7 0.65375 0.327222 0.00374997 0.0122222 0.458984
0 0.401875 0.342778 0.026875 0.0255555 0.419678
7 0.92375 0.466944 0.00499999 0.0155555 0.414795
7 0.68375 0.352778 0.00374997 0.0122222 0.390381
0 0.72 0.322222 0.0325 0.02 0.383057
7 0.7375 0.4275 0.00499999 0.0188889 0.373779
7 0.126563 0.42 0.0040625 0.0111111 0.332764
0 0.37375 0.312222 0.00874999 0.0155555 0.310791
0 0.388438 0.306389 0.011875 0.0172222 0.30249
0 0.395 0.336667 0.01375 0.0255556 0.291016
0 0.0247705 0.426667 0.0262402 0.0244445 0.284668
2 0.705625 0.386667 0.00999997 0.0444444 0.282959
7 0.0646094 0.471667 0.00359375 0.0122222 0.27832
2 0.165 0.372778 0.013125 0.02 0.26123
0 0.0228857 0.450556 0.0310254 0.0316666 0.243652
0 0.388125 0.3 0.00874999 0.0155556 0.23938
0 0.404063 0.282222 0.00812502 0.0122222 0.235107
0 0.412813 0.297222 0.011875 0.0211111 0.230957
0 0.394063 0.300833 0.009375 0.0172222 0.194336
0 0.169531 0.375278 0.0209375 0.0216667 0.180664
0 0.715 0.321111 0.035 0.0211111 0.174927
0 0.4975 0.29 0.010625 0.0155555 0.165649
0 0.484375 0.26 0.00562499 0.0122222 0.162354
7 0.67 0.339167 0.00250003 0.0116667 0.146606
0 0.0235156 0.434722 0.0277344 0.0272222 0.146606
0 0.41875 0.284444 0.00749998 0.0133334 0.137573
7 0.00928223 0.543333 0.00541992 0.0211111 0.135742
0 0.366875 0.320556 0.01375 0.0188889 0.132568
2 0.71 0.385278 0.02 0.0461111 0.117188
0 0.351875 0.325833 0.015 0.0233333 0.112
0 0.163906 0.379167 0.0384375 0.0233333 0.109314
5 0.495 0.262778 0.00625 0.00999999 0.103027
0 0.37375 0.307778 0.01 0.0155556 0.0997925
0 0.7075 0.333333 0.04 0.0277778 0.0943604
7 0.744375 0.421389 0.00374997 0.0155556 0.0891113
0 0.399375 0.308333 0.01375 0.0255556 0.0658569
7 0.0489063 0.477778 0.0034375 0.0133333 0.064209
0 0.76375 0.351667 0.03875 0.0355556 0.0579224
2 0.7575 0.318333 0.00750001 0.0177778 0.0522461
0 0.4925 0.266667 0.00625 0.01 0.0458679
0 0.421875 0.282222 0.00874999 0.0138889 0.042572
7 0.224375 0.368333 0.00437501 0.0138889 0.0358276
0 0.77875 0.312222 0.0475 0.0488889 0.0350037
0 0.84 0.329722 0.035 0.0238889 0.0342407
0 0.476875 0.262778 0.00625 0.00999999 0.0322266
0 0.337813 0.319444 0.0125 0.0177778 0.0285492
2 0.267188 0.348333 0.00812502 0.0211111 0.0266571
0 0.4225 0.292778 0.00749998 0.0133334 0.0259552
0 0.163398 0.372222 0.0219531 0.0222222 0.0256653
7 0.7275 0.441667 0.00625 0.0177778 0.0227203
0 0.0102246 0.447778 0.0172852 0.0272222 0.0224609
7 0.0468359 0.470833 0.0053125 0.0155556 0.0222931
0 0.43625 0.275556 0.00625 0.00888889 0.0219421
7 0.266406 0.363333 0.00406251 0.0116667 0.021698
0 0.376563 0.301111 0.009375 0.015 0.0213623
0 0.448125 0.268889 0.00562499 0.00722224 0.021286
7 0.594375 0.313889 0.00437501 0.0111111 0.0196381
7 0.735625 0.430833 0.00625 0.0183333 0.0195618
0 0.487188 0.361667 0.030625 0.0338889 0.0179901
0 0.750625 0.350556 0.04 0.0366667 0.0177155
7 0.61 0.308889 0.00250003 0.0133333 0.0167847
0 0.799375 0.331389 0.02125 0.0227778 0.0162201
0 0.17375 0.372222 0.0303125 0.0233333 0.0158386
0 0.443438 0.264444 0.00499999 0.00999999 0.0150757
0 0.0730078 0.428333 0.0352344 0.0266667 0.0150757
3 0.189844 0.373889 0.00531249 0.0211111 0.0144501
0 0.37875 0.288611 0.00750001 0.0111111 0.014061
7 0.128281 0.414722 0.00453125 0.0138889 0.0126266
2 0.64 0.317222 0.00999997 0.0133333 0.012291
0 0.172461 0.380833 0.0350781 0.0227778 0.0122375
7 0.75375 0.416389 0.00499999 0.0155555 0.0120544
0 0.41375 0.282778 0.01125 0.0138889 0.0110703
3 0.70625 0.388889 0.0125 0.0488889 0.0109863
7 0.0752344 0.47 0.00328125 0.0127778 0.0109024
0 0.7675 0.330833 0.0325 0.0183333 0.00898743
0 0.716875 0.314722 0.0325 0.0261111 0.00815582
7 0.66375 0.312778 0.00250003 0.0122222 0.00751877
0 0.0436719 0.426111 0.0090625 0.02 0.00656509
0 0.70875 0.320556 0.0300001 0.0188889 0.00636292
0 0.405625 0.318333 0.02 0.0322222 0.00595856
0 0.00407227 0.406389 0.00792969 0.0172222 0.00519943
0 0.466875 0.361111 0.0375 0.0344444 0.00519943
0 0.0272461 0.419444 0.0230859 0.0211111 0.00502014
7 0.615 0.328611 0.00374997 0.0111111 0.00500107
7 0.234375 0.368056 0.00374999 0.01 0.00492477
0 0.43 0.27 0.00499999 0.00777777 0.0049057
0 0.885 0.341111 0.0225 0.0233333 0.00468063
0 0.885 0.351111 0.035 0.0294444 0.00446701
7 0.565625 0.317222 0.00375004 0.0122222 0.00443268
0 0.465 0.274444 0.00437501 0.00888889 0.00426483
0 0.470625 0.2675 0.00499999 0.00944443 0.00426483
7 0.928125 0.452222 0.00499999 0.0166667 0.00413513
0 0.345625 0.323611 0.013125 0.0227778 0.00405502
2 0.212344 0.360556 0.00718749 0.0266667 0.00391388
2 0.642344 0.308333 0.0078125 0.0266667 0.00382423
7 0.194688 0.383889 0.00375001 0.0133333 0.00374985
0 0.364375 0.281111 0.00499999 0.0144444 0.00365067
2 0.54625 0.296111 0.00875003 0.0133333 0.00348282
0 0.422188 0.310556 0.009375 0.0161111 0.00348282
3 0.105391 0.39 0.00625 0.0216667 0.00348282
5 0.805 0.305556 0.0325 0.0288889 0.00345612
0 0.39625 0.279722 0.00625 0.00888889 0.00342941
7 0.221875 0.508333 0.0078125 0.0283334 0.00307465
7 0.644375 0.333333 0.00374997 0.0105555 0.00305176
7 0.65375 0.318333 0.00374997 0.0116667 0.00293541
5 0.80375 0.316389 0.06375 0.045 0.00293541
3 0.213125 0.372222 0.00687501 0.0288889 0.00291252
0 0.00411621 0.423889 0.00772461 0.0244445 0.00286674
7 0.205 0.381111 0.00374999 0.0155556 0.00273705
0 0.514688 0.2625 0.00375001 0.00777777 0.00259018
0 0.52375 0.263333 0.00499999 0.01 0.00253105
7 0.6675 0.352778 0.00499999 0.0122222 0.00253105
2 0.0566797 0.428611 0.00773438 0.0227778 0.00247192
0 0.535 0.279444 0.00437498 0.00999999 0.00245285
0 0.70125 0.337222 0.01625 0.03 0.00245285
7 0.614375 0.315278 0.00375004 0.00944443 0.0024147
0 0.52625 0.275 0.00625 0.00944443 0.00237846
7 0.00817383 0.543333 0.00675781 0.0188889 0.00234222
2 0.290625 0.362222 0.00968752 0.0333333 0.00222588
5 0.7975 0.309444 0.04 0.0394444 0.00214958
7 0.275 0.361667 0.00343752 0.0138889 0.00214958
3 0.219375 0.362222 0.00625 0.0177778 0.00214958
3 0.69375 0.446667 0.00750001 0.0722222 0.00201988
0 0.44375 0.272222 0.00625 0.0122222 0.0019722
0 0.70375 0.336111 0.04 0.0311111 0.00194168
7 0.476875 0.648889 0.08125 0.137778 0.0017271
0 0.328125 0.383333 0.0375 0.03 0.00170708
7 0.635625 0.345 0.00499999 0.0133333 0.00168133
0 0.973125 0.336667 0.02625 0.0188889 0.00167465
0 0.411875 0.271111 0.01 0.0122222 0.00167465
0 0.353438 0.312222 0.01375 0.0233333 0.00162888
0 0.8075 0.322222 0.0325 0.0205555 0.0015974
2 0.624375 0.296667 0.00500005 0.015 0.00151253
0 0.465938 0.263889 0.00499999 0.01 0.00150108
7 0.67625 0.315 0.00499999 0.0111111 0.00150108
0 0.738125 0.323333 0.05125 0.0244445 0.00144386
0 0.96625 0.345 0.0199999 0.0222222 0.00143814
0 0.499375 0.0509028 0.0375 0.0551389 0.0014267
0 0.98 0.336111 0.0225 0.0177778 0.00137234
0 0.30125 0.338611 0.016875 0.0205556 0.00135612
0 0.386875 0.324167 0.0125 0.0238889 0.00135612
2 0.21 0.368333 0.011875 0.0222222 0.00130939
0 0.0128516 0.406389 0.0103906 0.0166667 0.00130939
0 0.329063 0.338611 0.0175 0.0233333 0.00126457
3 0.260938 0.351944 0.00562501 0.0177778 0.00126457
0 0.356562 0.280833 0.00687501 0.0177778 0.00123501
7 0.6725 0.468056 0.00750001 0.0305555 0.00122547
0 0.9675 0.337222 0.015 0.0188889 0.00118828
0 0.496875 0.283056 0.01 0.0194444 0.00112057
0 0.81 0.326389 0.0375 0.0305556 0.0011158
7 0.57375 0.318889 0.00562496 0.0133333 0.0011034
0 0.529063 0.269444 0.00687501 0.01 0.00108147
2 0.266719 0.3425 0.00625002 0.0266667 0.00106907
0 0.8225 0.323889 0.035 0.0233333 0.00106525
7 0.575 0.326667 0.00499999 0.0144444 0.00102425
7 0.115625 0.4225 0.003125 0.00944446 0.00102043
2 0.25625 0.352778 0.00625 0.0155556 0.00100422
