0 0.63 0.83 0.125 0.224444 0.958496
0 0.276875 0.946111 0.145625 0.107778 0.943848
5 0.221875 0.387778 0.045625 0.0777778 0.9375
0 0.214063 0.592778 0.08375 0.111111 0.93457
0 0.0866406 0.565 0.0742188 0.115556 0.931152
0 0.555313 0.476111 0.048125 0.0722222 0.928711
0 0.139609 0.483333 0.0689063 0.102222 0.919434
0 0.80375 0.420833 0.04 0.0583333 0.91748
0 0.258125 0.411944 0.038125 0.0427778 0.896973
0 0.452188 0.316667 0.014375 0.0211111 0.878418
0 0.43 0.399444 0.0325 0.0472222 0.876465
0 0.4825 0.396667 0.03125 0.05 0.876465
2 0.86375 0.468333 0.0175 0.0627778 0.869629
0 0.51375 0.332778 0.0225 0.0355555 0.867188
0 0.31875 0.364444 0.02375 0.0344445 0.847168
0 0.0801758 0.432222 0.0377734 0.0333333 0.842773
0 0.7275 0.335 0.0425001 0.0277778 0.827637
7 0.234219 0.503333 0.00718749 0.0222222 0.804199
0 0.0115723 0.625 0.0229883 0.101111 0.804199
0 0.305313 0.358611 0.01875 0.0266667 0.789062
7 0.666875 0.464167 0.00625 0.0227778 0.786621
5 0.385938 0.320833 0.019375 0.03 0.753418
0 0.0118848 0.460278 0.0235742 0.03 0.73584
0 0.356875 0.331667 0.01625 0.0261111 0.725098
0 0.272813 0.377778 0.0271875 0.04 0.725098
2 0.74875 0.397222 0.015 0.0466667 0.72168
0 0.505938 0.303333 0.013125 0.0177778 0.72168
0 0.49125 0.322778 0.015625 0.0233333 0.71875
0 0.33125 0.340833 0.02125 0.0266667 0.70752
0 0.0485547 0.446667 0.0379688 0.0388889 0.697754
7 0.0231055 0.528056 0.00523437 0.0161111 0.697754
2 0.580938 0.314722 0.014375 0.0227778 0.695801
0 0.49125 0.288889 0.01 0.0155556 0.6875
0 0.3725 0.325 0.014375 0.0188889 0.679199
7 0.6775 0.48 0.00749995 0.0255556 0.638672
0 0.503438 0.278333 0.009375 0.0144444 0.624512
7 0.925 0.456667 0.00499999 0.0155555 0.611328
0 0.479063 0.347222 0.02375 0.0366667 0.607422
0 0.405 0.320278 0.014375 0.0211111 0.602051
2 0.75125 0.397778 0.0125 0.05 0.598145
2 0.650625 0.306111 0.00625 0.0194444 0.580566
0 0.00668457 0.402778 0.0132324 0.0233333 0.535156
7 0.72375 0.400278 0.00499999 0.0161111 0.535156
0 0.0118359 0.454722 0.0236719 0.03 0.52832
0 0.00734375 0.448333 0.0146875 0.0244444 0.517578
0 0.46125 0.300833 0.0125 0.0172222 0.509766
5 0.47875 0.301389 0.015 0.0238889 0.507812
0 0.412813 0.308333 0.01125 0.0233333 0.478516
0 0.3925 0.312222 0.01375 0.02 0.472656
7 0.145078 0.416944 0.00421875 0.0122222 0.470703
0 0.459063 0.300833 0.01125 0.0172222 0.46875
0 0.403125 0.297222 0.00874999 0.0155556 0.432129
0 0.355 0.312778 0.01 0.0133333 0.424316
0 0.241563 0.354722 0.0225 0.0205556 0.405518
0 0.37875 0.297222 0.01 0.0155556 0.38501
7 0.92375 0.466667 0.00499999 0.0155556 0.373779
7 0.68375 0.353056 0.00500005 0.0133334 0.368408
0 0.392813 0.310556 0.01125 0.0188889 0.345215
7 0.22125 0.518889 0.00812499 0.0261111 0.327637
0 0.486875 0.283611 0.00750001 0.0161111 0.317383
0 0.46625 0.28 0.00625 0.0133333 0.315674
7 0.634375 0.329444 0.00375004 0.0111111 0.305664
0 0.369688 0.319444 0.0125 0.0177778 0.287842
0 0.36875 0.325278 0.01125 0.0188889 0.258301
0 0.302188 0.355556 0.018125 0.0277778 0.256836
0 0.41125 0.282778 0.00875003 0.0127778 0.23938
0 0.510938 0.271667 0.00562499 0.0116667 0.220703
7 0.125078 0.419444 0.00328124 0.00777777 0.219971
0 0.385 0.318333 0.01625 0.03 0.214722
0 0.37125 0.306667 0.010625 0.0138889 0.211426
0 0.372188 0.315833 0.0125 0.0183333 0.209473
0 0.459375 0.286111 0.01 0.0133333 0.191895
0 0.0102734 0.448056 0.0204297 0.025 0.190674
7 0.725 0.441389 0.00499999 0.0183333 0.187744
0 0.344375 0.325556 0.01375 0.0205556 0.183594
0 0.30375 0.349167 0.0184375 0.0283333 0.183594
0 0.378125 0.289444 0.00874999 0.0133333 0.179565
0 0.0289502 0.444444 0.0201465 0.0266667 0.176147
0 0.469375 0.272222 0.00625 0.0122222 0.166626
0 0.475625 0.276389 0.00749998 0.0111111 0.162354
0 0.344375 0.319444 0.013125 0.0166667 0.161377
7 0.0465625 0.475 0.0040625 0.0144445 0.160278
2 0.653125 0.302222 0.00750001 0.02 0.15979
5 0.479375 0.348056 0.025 0.0388889 0.15918
0 0.485625 0.26 0.00499999 0.00999999 0.152588
5 0.412188 0.305 0.01125 0.0255556 0.148071
0 0.395625 0.297222 0.00874999 0.0122222 0.132568
0 0.4525 0.312778 0.01375 0.0222222 0.128052
7 0.0642969 0.4725 0.00375 0.0105555 0.126831
7 0.73875 0.430556 0.00499999 0.0188889 0.123779
0 0.408125 0.281667 0.00875003 0.0111111 0.11084
0 0.0236133 0.443333 0.0223047 0.0322222 0.11084
0 0.42375 0.275556 0.00875003 0.0144444 0.101562
0 0.475625 0.263889 0.00625 0.0111111 0.100525
7 0.0489063 0.476667 0.0040625 0.0155555 0.0966797
0 0.448438 0.266667 0.00562499 0.0111111 0.0957031
7 0.735 0.431111 0.00499999 0.0183333 0.0943604
7 0.00807617 0.541667 0.00685547 0.02 0.0903931
7 0.636563 0.317222 0.00437501 0.0116667 0.0900879
0 0.486875 0.268889 0.00812499 0.01 0.0897827
7 0.72875 0.438333 0.00499999 0.02 0.0792236
0 0.41875 0.285 0.00812502 0.0122222 0.0739746
0 0.382188 0.295556 0.00874999 0.0116666 0.0668335
2 0.176719 0.368889 0.00562499 0.0177778 0.0607605
0 0.494688 0.259167 0.00562499 0.00888889 0.0507202
7 0.14875 0.414722 0.00375001 0.0138889 0.0507202
0 0.211875 0.39 0.02625 0.0627778 0.0495911
7 0.0544531 0.4725 0.00390625 0.0111111 0.0474243
3 0.0238281 0.467222 0.00492188 0.0316666 0.0428772
0 0.0037915 0.410833 0.00758301 0.0261111 0.0413208
0 0.433125 0.275556 0.00625 0.00888889 0.0406799
5 0.40625 0.263889 0.00562499 0.0122222 0.0323486
0 0.354375 0.309444 0.011875 0.0138889 0.03125
0 0.432813 0.2625 0.00625 0.0105555 0.0287628
0 0.502813 0.260833 0.00750001 0.00944446 0.0284424
0 0.43125 0.2675 0.00625 0.01 0.0284424
0 0.455 0.262222 0.00374997 0.00666668 0.0281067
0 0.46 0.306944 0.0125 0.0188889 0.0254669
0 0.445 0.263889 0.00437501 0.00944443 0.025177
7 0.65375 0.328056 0.00374997 0.0116667 0.0233307
3 0.81 0.300833 0.00749995 0.0216667 0.0233307
0 0.41 0.272222 0.00874999 0.0111111 0.0232391
0 0.469375 0.300556 0.01125 0.02 0.0204163
0 0.239688 0.3575 0.019375 0.0244444 0.0181885
3 0.69375 0.445556 0.01 0.0622223 0.0181274
2 0.583125 0.313333 0.0175 0.0222222 0.0178528
3 0.163594 0.379444 0.00531251 0.0244445 0.0171814
0 0.421875 0.292222 0.01 0.0155555 0.0158997
7 0.220938 0.508056 0.00687501 0.0261111 0.0156708
0 0.5125 0.274444 0.00749998 0.0122222 0.0151901
3 0.70875 0.309444 0.00625 0.0177778 0.0149002
7 0.73625 0.428333 0.00499999 0.0188889 0.0141754
0 0.271563 0.365556 0.02875 0.0305556 0.0134277
0 0.492188 0.301111 0.011875 0.0188889 0.0129242
7 0.666875 0.353611 0.00374997 0.0116667 0.0126266
7 0.615 0.33 0.00374997 0.0111111 0.0125275
0 0.0527734 0.435278 0.0338281 0.0283333 0.012291
3 0.77625 0.351111 0.00750001 0.0294444 0.0122375
2 0.575313 0.312222 0.013125 0.0211111 0.0120544
3 0.695625 0.444722 0.01 0.0672222 0.011734
3 0.68625 0.295556 0.00499999 0.0144444 0.0115509
0 0.491875 0.282222 0.00874999 0.0144444 0.0115051
7 0.139844 0.423333 0.0046875 0.0166667 0.0112457
7 0.566875 0.317778 0.00625 0.0144444 0.0106964
0 0.358125 0.337222 0.01625 0.0277778 0.0104904
0 0.234375 0.357778 0.0275 0.0233333 0.00981903
0 0.245313 0.354444 0.021875 0.0177778 0.00933838
0 0.355625 0.338056 0.01625 0.0244444 0.00905609
0 0.0436719 0.428889 0.0200781 0.0222222 0.00901794
3 0.115859 0.373056 0.005625 0.0172222 0.0086441
0 0.0177734 0.436944 0.0220313 0.0261111 0.00854492
7 0.129219 0.412778 0.003125 0.0133334 0.00818634
5 0.423125 0.266667 0.00874999 0.0155556 0.00815582
2 0.69375 0.334444 0.0125 0.0288889 0.00800323
7 0.165313 0.419722 0.0034375 0.0105556 0.00790405
0 0.336875 0.320556 0.0125 0.0188889 0.00784302
0 0.0653125 0.430278 0.0284375 0.0261111 0.0078125
7 0.67 0.34 0.00250003 0.0127778 0.0078125
0 0.274531 0.359444 0.020625 0.0244445 0.00706482
0 0.269375 0.357778 0.011875 0.0222222 0.00679779
0 0.0107422 0.608889 0.0212109 0.0688889 0.00661469
2 0.0256445 0.401667 0.00746094 0.0194444 0.0064621
3 0.164375 0.374444 0.004375 0.0244444 0.00612259
7 0.776875 0.351667 0.00874996 0.0211111 0.00609589
7 0.695 0.315 0.00374997 0.0111111 0.00582123
0 0.305625 0.339722 0.018125 0.0244444 0.00577545
3 0.189375 0.371667 0.004375 0.0222222 0.00577545
0 0.0418848 0.429167 0.0293555 0.0255556 0.00564194
7 0.124844 0.408611 0.0034375 0.015 0.0055542
0 0.278125 0.356111 0.0178125 0.0244444 0.00526047
0 0.0860938 0.431667 0.0339063 0.03 0.00494385
3 0.249531 0.345278 0.0065625 0.0194444 0.00475693
7 0.145547 0.408056 0.00375001 0.0138889 0.00471878
2 0.580625 0.319444 0.015 0.0255556 0.00455475
0 0.296719 0.346667 0.016875 0.0244444 0.00453949
0 0.533125 0.276944 0.00625003 0.00777777 0.00436401
2 0.811875 0.298889 0.00875003 0.0211111 0.00429916
2 0.181875 0.37 0.0175 0.0211111 0.0042305
3 0.865 0.311111 0.00499999 0.02 0.00416565
0 0.500313 0.283889 0.00750001 0.0133333 0.00415039
0 0.42 0.309444 0.0125 0.0188889 0.0037365
7 0.928125 0.452222 0.00499999 0.0161111 0.00356483
0 0.00584961 0.395833 0.0116992 0.0272222 0.00353813
7 0.670625 0.473333 0.00625 0.0244444 0.00342941
3 0.214844 0.355278 0.004375 0.0188889 0.00337601
5 0.411875 0.264444 0.00874999 0.0144444 0.00302696
2 0.581875 0.308889 0.01125 0.03 0.00296974
7 0.593125 0.315 0.00625 0.0144444 0.0029583
7 0.7175 0.449444 0.00625 0.0222222 0.00282288
2 0.115781 0.381667 0.0046875 0.0177778 0.00277901
0 0.149688 0.459444 0.045625 0.06 0.00275803
0 0.00981934 0.421111 0.0161426 0.0188889 0.00270462
0 0.480938 0.385556 0.028125 0.0416667 0.00255013
0 0.313438 0.339167 0.0125 0.0227778 0.00243378
7 0.716875 0.447222 0.00499999 0.0244444 0.00240517
3 0.77625 0.361667 0.00750001 0.0411111 0.00228691
0 0.98625 0.333333 0.00875003 0.0144444 0.00217438
7 0.196563 0.390833 0.00562501 0.0244444 0.00192642
0 0.224375 0.36 0.029375 0.0244445 0.0018177
3 0.71625 0.298056 0.00499999 0.0161111 0.0018034
3 0.169688 0.374444 0.00531251 0.0188889 0.00167465
7 0.0755859 0.472222 0.00398438 0.0122222 0.00165462
0 0.344375 0.281111 0.00750001 0.0177778 0.00163555
7 0.595625 0.300833 0.00499999 0.0144444 0.00161076
2 0.205313 0.368611 0.009375 0.0283333 0.0015974
0 0.0340625 0.400556 0.0109375 0.0194444 0.0015974
7 0.674375 0.329167 0.00374997 0.0144444 0.00156116
0 0.445625 0.273056 0.00499999 0.0116667 0.00153637
0 0.734375 0.329722 0.0475 0.0261111 0.00153065
2 0.64875 0.302778 0.01 0.0211111 0.00148964
0 0.0111328 0.655556 0.0222656 0.135556 0.0014782
7 0.630313 0.335556 0.00437501 0.0155556 0.0014782
0 0.0797266 0.425 0.0380469 0.0344444 0.00146675
0 0.356875 0.28 0.00625 0.0177778 0.00143814
7 0.723125 0.446944 0.00499999 0.0216667 0.00139427
0 0.465938 0.264167 0.00437501 0.00999999 0.00138283
7 0.685625 0.315556 0.00374997 0.0111111 0.00136662
0 0.235938 0.403333 0.029375 0.0544445 0.00135136
2 0.70625 0.308889 0.00499999 0.015 0.00134563
7 0.695 0.350278 0.00499999 0.0172222 0.00131512
3 0.54875 0.269722 0.00625 0.0161111 0.00130939
2 0.624063 0.296667 0.00562503 0.0177778 0.00128937
3 0.865 0.300556 0.00499999 0.0155555 0.00125504
0 0.966875 0.347222 0.0175 0.0205555 0.00124931
2 0.185625 0.38 0.0096875 0.0261111 0.00124454
0 0.214531 0.402778 0.0309375 0.0466667 0.00124454
0 0.370313 0.330278 0.016875 0.0244445 0.00123024
0 0.30125 0.341111 0.02 0.0261111 0.0012064
0 0.26625 0.400833 0.031875 0.0438889 0.00119209
0 0.00708008 0.607778 0.0141602 0.0666667 0.00117874
3 0.104844 0.387222 0.00593751 0.0188889 0.00115108
3 0.545937 0.276111 0.00437501 0.0111111 0.0011425
2 0.69625 0.440556 0.00999997 0.0666667 0.0011158
0 0.369375 0.301111 0.01125 0.0155555 0.00107765
3 0.265625 0.336667 0.00500002 0.0194444 0.00107288
2 0.6475 0.311667 0.00625 0.015 0.00105667
0 0.363438 0.280556 0.00625 0.0127778 0.00104427
0 0.219063 0.391111 0.04 0.0711111 0.00104046
0 0.124219 0.467222 0.0325 0.0466667 0.00100422
