0 0.13375 0.816667 0.170938 0.332222 0.964844
0 0.688125 0.567778 0.14125 0.264444 0.956543
0 0.49 0.682778 0.125 0.336667 0.956543
0 0.346563 0.563472 0.126875 0.244167 0.95166
0 0.195313 0.449444 0.103125 0.135556 0.94873
0 0.955 0.938333 0.09 0.123333 0.945801
0 0.705 0.287778 0.08375 0.113889 0.939941
0 0.606875 0.293889 0.08625 0.144444 0.939453
0 0.410313 0.318889 0.075 0.131111 0.930664
5 0.51 0.377778 0.078125 0.19 0.924316
0 0.40375 0.1025 0.04875 0.0355556 0.887207
0 0.29 0.185 0.068125 0.0688889 0.884277
0 0.0361133 0.303333 0.0320703 0.0394445 0.870605
1 0.562813 0.0586285 0.1375 0.0755208 0.860352
0 0.12375 0.237778 0.0415625 0.0433333 0.853027
0 0.273125 0.160972 0.05125 0.0405556 0.849121
7 0.245469 0.28 0.00750001 0.0233333 0.84082
0 0.4425 0.0699306 0.03375 0.0327778 0.825684
0 0.223438 0.176389 0.0475 0.0419444 0.825684
7 0.7025 0.198611 0.00749995 0.0244445 0.81543
7 0.744375 0.173611 0.00625 0.0211111 0.810547
0 0.72125 0.0618056 0.0425001 0.0266667 0.791992
2 0.0219336 0.365 0.0170703 0.0433333 0.789062
4 0.77875 0.0494271 0.0675001 0.0528125 0.782715
5 0.835 0.0634722 0.0475 0.0380556 0.779785
0 0.367813 0.074375 0.0175 0.0231944 0.779785
0 0.480625 0.0417882 0.015 0.0189236 0.774414
5 0.426875 0.04625 0.01875 0.0427778 0.764648
5 0.4025 0.0446528 0.01875 0.0373611 0.749023
0 0.495625 0.0640278 0.0325 0.0283333 0.73877
0 0.327188 0.0888194 0.014375 0.0216667 0.729492
0 0.00833008 0.323611 0.0164648 0.0327778 0.728027
0 0.117188 0.224167 0.030625 0.0344444 0.72168
0 0.385625 0.068125 0.01625 0.0220833 0.699219
0 0.9175 0.0893056 0.025 0.0211111 0.689453
0 0.465313 0.0531944 0.02 0.0269444 0.686035
0 0.8775 0.0745833 0.03 0.0213889 0.680664
0 0.945 0.0958333 0.025 0.0208333 0.679199
7 0.691875 0.184167 0.00625 0.0216667 0.665527
0 0.890625 0.0806945 0.03125 0.0261111 0.65332
7 0.77 0.129167 0.00499999 0.0161111 0.65332
7 0.753125 0.163056 0.00625 0.0197222 0.651367
0 0.48875 0.0219097 0.01125 0.015625 0.647949
1 0.349688 0.0659722 0.034375 0.04875 0.642578
7 0.945 0.222639 0.00499999 0.0175 0.625977
0 0.00901367 0.304167 0.0179883 0.035 0.563965
1 0.346875 0.0709722 0.02875 0.0438889 0.554688
0 0.394375 0.0618056 0.01375 0.0213889 0.533203
0 0.50625 0.0240625 0.01125 0.016875 0.525391
1 0.356875 0.0548438 0.02625 0.0394792 0.517578
7 0.164063 0.2025 0.00374999 0.0116667 0.513672
0 0.122109 0.22875 0.0392188 0.0372222 0.507812
0 0.430625 0.0206944 0.01 0.0143056 0.453369
7 0.675 0.0502778 0.00249996 0.0113889 0.435791
7 0.773125 0.145972 0.00499999 0.0180556 0.422607
0 0.375625 0.06625 0.01125 0.0186111 0.386719
0 0.386875 0.0613889 0.0175 0.0213889 0.311523
0 0.3725 0.0595833 0.014375 0.0205556 0.284668
1 0.355625 0.0651389 0.02875 0.05 0.277588
0 0.374375 0.0515278 0.01 0.0140278 0.271973
0 0.377188 0.0665278 0.01875 0.0258333 0.248657
5 0.346875 0.07 0.0275 0.0477778 0.23938
7 0.258438 0.263333 0.0075 0.0233333 0.237915
0 0.386875 0.0525694 0.0125 0.0172222 0.210083
0 0.765 0.0626389 0.0325 0.0238889 0.200562
7 0.0439844 0.359444 0.0053125 0.0166667 0.200562
0 0.430625 0.0294792 0.0125 0.0182639 0.199341
5 0.415625 0.0171181 0.0125 0.0210417 0.197388
0 0.414375 0.0419444 0.00999997 0.0273611 0.186523
0 0.8875 0.0790278 0.0325 0.0208333 0.184814
7 0.0857813 0.282222 0.0040625 0.0122222 0.166626
7 0.748125 0.128611 0.00374997 0.0166667 0.16394
0 0.415625 0.0278472 0.0125 0.0180556 0.163452
0 0.501563 0.0467361 0.024375 0.0227778 0.156128
0 0.4525 0.00909722 0.00750001 0.0102778 0.137939
0 0.438125 0.0151736 0.009375 0.0134028 0.118774
7 0.746875 0.127917 0.00499999 0.0180556 0.115967
7 0.946875 0.214861 0.00499999 0.0188889 0.108582
7 0.0664844 0.297778 0.00421875 0.0122222 0.0966797
7 0.144375 0.208889 0.00375001 0.01 0.0923462
0 0.428438 0.0143403 0.010625 0.01375 0.0903931
0 0.445 0.0117361 0.00874999 0.0145833 0.0903931
3 0.18375 0.165278 0.0046875 0.0205556 0.0847778
0 0.83125 0.0614583 0.04 0.0319444 0.0783691
0 0.459375 0.00427083 0.00625 0.00854167 0.0718384
0 0.87125 0.0772222 0.0325 0.0194444 0.0700684
7 0.294062 0.114722 0.00375001 0.0111111 0.069519
0 0.77625 0.0652778 0.0475 0.0238889 0.059967
7 0.254063 0.135556 0.00406249 0.00944444 0.058136
7 0.0289063 0.365278 0.00945313 0.0416667 0.0568542
0 0.121875 0.221389 0.0365625 0.0338889 0.0548096
7 0.0689844 0.299167 0.00484375 0.0138889 0.0531921
7 0.69375 0.0634722 0.00499999 0.0102778 0.053009
7 0.7625 0.153056 0.00625 0.0194444 0.0520325
0 0.509375 0.0393229 0.02625 0.0213542 0.0512695
0 0.47875 0.0374306 0.01125 0.0201389 0.0505066
7 0.285625 0.118194 0.003125 0.00972223 0.049408
7 0.70625 0.0735417 0.00499999 0.0215278 0.0486755
7 0.0840625 0.29 0.0046875 0.0144444 0.0472412
0 0.488438 0.0177431 0.00874999 0.015625 0.0462036
0 0.345938 0.0744444 0.026875 0.0336111 0.0451965
0 0.49875 0.0719444 0.04 0.0366667 0.0438538
1 0.41625 0.0212847 0.01625 0.0211111 0.0427246
0 0.585 0.0250694 0.02 0.0138889 0.042572
7 0.250156 0.129167 0.00437501 0.0138889 0.0423889
0 0.7625 0.0391667 0.035 0.0330556 0.0422363
0 0.7725 0.0459028 0.055 0.04375 0.0379028
0 0.489688 0.0244444 0.01125 0.0180556 0.035553
0 0.116641 0.231944 0.0289063 0.0405556 0.0311432
0 0.50125 0.0520833 0.029375 0.0315278 0.0310211
0 0.58 0.0263194 0.03875 0.0155556 0.0309143
7 0.695 0.0504167 0.00250003 0.0116667 0.0288696
0 0.76625 0.0436285 0.0425 0.0396875 0.0243378
7 0.0435547 0.357222 0.00507813 0.0172222 0.0225372
7 0.0949219 0.276944 0.00359375 0.0116667 0.0217743
0 0.451875 0.0144444 0.010625 0.0165278 0.021698
7 0.65625 0.0518056 0.00499999 0.0125 0.0212097
7 0.693125 0.0772917 0.00500005 0.0134722 0.0212097
0 0.945 0.0920833 0.025 0.0211111 0.02034
0 0.766875 0.0613889 0.0375 0.0311111 0.0198669
0 0.590313 0.0245139 0.01625 0.0151389 0.0196381
0 0.574375 0.0286111 0.043125 0.0193056 0.0190582
5 0.0168652 0.247222 0.0138867 0.0238889 0.0189056
0 0.439063 0.0417361 0.015625 0.0234722 0.0181274
0 0.584688 0.0242014 0.0625 0.0107639 0.0180969
5 0.0193359 0.24625 0.0171484 0.0230556 0.0179138
7 0.7725 0.141389 0.00499999 0.0188889 0.0174408
0 0.825625 0.070625 0.03875 0.0240278 0.0173798
7 0.0127832 0.376111 0.0078711 0.0216667 0.0171814
7 0.168438 0.19875 0.00374999 0.0116667 0.0154266
0 0.89 0.0852778 0.03375 0.0330556 0.0149536
0 0.55625 0.0279167 0.01625 0.018125 0.0148392
0 0.505625 0.0190972 0.01125 0.0185417 0.0146713
0 0.895 0.0886806 0.035 0.0294444 0.0142822
0 0.0068457 0.288889 0.0134766 0.0294445 0.0141754
0 0.79375 0.0594444 0.04 0.0319444 0.0139008
0 0.82125 0.05875 0.0325 0.0302778 0.0134811
7 0.94125 0.220833 0.00500005 0.0183333 0.0131226
7 0.155781 0.221389 0.00453126 0.0122222 0.0128708
3 0.189063 0.162083 0.00625 0.0213889 0.0127258
7 0.67 0.0522222 0.00250003 0.0116667 0.0125275
0 0.443125 0.0290972 0.00750001 0.0159722 0.0119629
0 0.517188 0.0351389 0.0275 0.0188889 0.0112915
7 0.69 0.0545833 0.00250003 0.0116667 0.0112457
3 0.235313 0.1325 0.00437501 0.0205556 0.0101318
2 0.123125 0.191389 0.00687501 0.0194444 0.00981903
2 0.0116797 0.279444 0.0120703 0.0166667 0.00971222
5 0.00490234 0.253889 0.00958985 0.0238889 0.00945282
0 0.99375 0.131944 0.0124999 0.0355556 0.00919342
0 0.490625 0.0186111 0.01 0.0169444 0.00891876
3 0.00913086 0.268889 0.0101367 0.0188889 0.00891876
3 0.0156641 0.261111 0.00839844 0.0183333 0.00878143
7 0.105 0.275 0.0034375 0.0133333 0.00874329
7 0.65 0.0539583 0.00375004 0.0116667 0.0086441
0 0.995625 0.125556 0.00874996 0.0347222 0.00828552
4 0.79 0.0490278 0.045 0.0468056 0.008255
7 0.0755469 0.241111 0.00492187 0.0166667 0.00769424
0 0.614688 0.0277083 0.015625 0.0169444 0.00717545
0 0.0279102 0.298611 0.0266797 0.0361111 0.00717545
7 0.0323438 0.377778 0.00589844 0.0177778 0.00695801
3 0.603125 0.014375 0.00625 0.0208333 0.0069046
0 0.267031 0.155833 0.03875 0.0322222 0.00653839
0 0.204844 0.151528 0.0128125 0.0252778 0.00621796
2 0.117813 0.198333 0.0109375 0.0227778 0.00598145
0 0.00621582 0.330556 0.0121582 0.0438889 0.00593567
0 0.8825 0.0745833 0.0325 0.0230555 0.00572968
0 0.76625 0.0684722 0.035 0.0323611 0.00557709
2 0.708125 0.0640278 0.02 0.0233333 0.00544739
0 0.7575 0.0382639 0.0275 0.0269444 0.00542831
0 0.8775 0.0818056 0.035 0.02375 0.00534439
0 0.386875 0.0718056 0.0175 0.0238889 0.00526047
0 0.99 0.125 0.0199999 0.0316667 0.00477219
0 0.54875 0.0332639 0.0375 0.0248611 0.00468063
0 0.84375 0.0756944 0.0375 0.0230556 0.00460815
0 0.6125 0.0408333 0.0325 0.03125 0.00455475
0 0.885 0.0877778 0.04 0.0338889 0.00452042
7 0.0532813 0.306944 0.00632813 0.0222222 0.00450516
7 0.665 0.0506944 0.00250003 0.0108333 0.00434875
2 0.70375 0.0261806 0.00499999 0.0136111 0.00426483
2 0.205938 0.146389 0.0121875 0.0255556 0.00426483
3 0.196563 0.157083 0.0075 0.0225 0.00426483
0 0.189531 0.162222 0.0140625 0.025 0.00407028
3 0.71625 0.0695139 0.00750001 0.0293056 0.00400543
7 0.0839844 0.240972 0.00484375 0.015 0.0039444
0 0.433125 0.074375 0.03 0.0320833 0.00391388
0 0.415938 0.064375 0.00812499 0.0140278 0.00387001
7 0.9475 0.225 0.00500005 0.0202778 0.00369263
2 0.745625 0.114201 0.00750001 0.0404861 0.00359344
2 0.7475 0.0497222 0.00750001 0.0222222 0.00358009
7 0.274375 0.117778 0.00406249 0.00888889 0.00337601
0 0.8725 0.0651389 0.0300001 0.0261111 0.00335121
0 0.987813 0.136667 0.024375 0.0305556 0.00331116
2 0.214375 0.140972 0.004375 0.0144444 0.00309944
0 0.5125 0.0364583 0.01625 0.0193056 0.00307465
3 0.153125 0.171667 0.00546875 0.0161111 0.00301552
0 0.786875 0.0451389 0.05 0.0438889 0.00292397
0 0.535625 0.0327083 0.038125 0.0190278 0.00282288
7 0.765625 0.1225 0.00375004 0.0166667 0.00273705
1 0.3525 0.0450694 0.06 0.0901389 0.00271416
0 0.600938 0.0241667 0.0112501 0.0190278 0.00269318
7 0.0892188 0.276111 0.005625 0.0194444 0.00263214
3 0.15125 0.17 0.0065625 0.0238889 0.00253105
2 0.724375 0.0339236 0.00625 0.0152083 0.00235939
0 0.5075 0.0614062 0.03875 0.0480208 0.00225258
7 0.725 0.073125 0.00874996 0.0231944 0.00222588
7 0.164688 0.196389 0.00375001 0.0161111 0.00220871
0 0.218125 0.169306 0.0390625 0.0363889 0.00219917
7 0.115313 0.273889 0.00406249 0.0177778 0.00214958
0 0.388125 0.0761111 0.0175 0.0194444 0.00208282
0 0.94625 0.106181 0.03 0.0318056 0.00208282
0 0.61875 0.0484028 0.035 0.0354167 0.0019722
7 0.41 0.318889 0.074375 0.131111 0.00196457
7 0.2475 0.275833 0.009375 0.0261111 0.00193405
7 0.244688 0.133333 0.00562499 0.0155556 0.00179577
0 0.994375 0.140278 0.01125 0.0419444 0.00179577
2 0.0586719 0.246667 0.0132813 0.0211111 0.00179577
2 0.58625 0.013125 0.00499999 0.00763889 0.00178242
1 0.345625 0.0686111 0.045 0.0536111 0.00176144
0 0.590625 0.0405729 0.07125 0.0355208 0.00174141
0 0.61625 0.0295139 0.02625 0.0140278 0.00167465
0 0.77125 0.0723611 0.0425001 0.03 0.0016489
3 0.23375 0.125 0.0046875 0.02 0.00162315
0 0.499375 0.00470486 0.00625 0.00940972 0.00160408
0 0.276719 0.193333 0.0434375 0.0511111 0.00152493
3 0.274844 0.103681 0.0046875 0.01625 0.00151253
0 0.450625 0.0690278 0.0275 0.0305556 0.00145531
2 0.735 0.0349306 0.00499999 0.0179167 0.00139904
0 0.95125 0.100903 0.03125 0.0204167 0.00139904
7 0.0731641 0.292222 0.0059375 0.0133333 0.00137234
3 0.0851563 0.2275 0.005 0.0188889 0.00131512
0 0.83125 0.0697222 0.0425 0.0322222 0.00129414
7 0.65625 0.0616667 0.00249996 0.00888889 0.00126457
7 0.606875 0.293889 0.08375 0.144444 0.00125504
2 0.168438 0.159722 0.0090625 0.0208333 0.00124454
2 0.655 0.034375 0.00499999 0.0168056 0.00123501
0 0.21 0.156944 0.0125 0.0194444 0.00123501
7 0.414375 0.0836806 0.00875003 0.0120833 0.00119686
2 0.735 0.111944 0.00999997 0.0394445 0.0011692
7 0.935 0.2375 0.00500005 0.0236111 0.00114727
0 0.46375 0.00777778 0.00625 0.01 0.00109863
2 0.64625 0.0338194 0.00749995 0.0148611 0.00108147
0 0.32375 0.0894445 0.02 0.0211111 0.00106049
7 0.261563 0.14 0.01 0.0133333 0.00105667
