0 0.6375 0.795556 0.1275 0.228889 0.95752
0 0.319219 0.831667 0.139063 0.252222 0.95752
0 0.769375 0.774444 0.13875 0.206667 0.955078
0 0.480313 0.88 0.12875 0.24 0.95459
0 0.21125 0.753333 0.125313 0.177778 0.953125
0 0.475625 0.62 0.07375 0.144444 0.942383
0 0.685 0.59 0.08875 0.117778 0.940918
0 0.380625 0.613889 0.076875 0.118889 0.939941
0 0.29125 0.584444 0.085 0.113333 0.936035
0 0.206563 0.61 0.089375 0.106667 0.891602
0 0.530313 0.341111 0.05 0.0311111 0.86084
0 0.59 0.528611 0.07125 0.125 0.847168
0 0.10375 0.762778 0.124688 0.168889 0.836426
0 0.657344 0.331111 0.0428125 0.03 0.834473
0 0.8025 0.359444 0.05375 0.0355556 0.818848
0 0.7075 0.325278 0.04 0.025 0.81543
0 0.395 0.356111 0.0525 0.0355555 0.812988
0 0.354688 0.351667 0.045 0.0355556 0.808105
3 0.116406 0.495 0.0096875 0.0488889 0.778809
2 0.230313 0.495556 0.031875 0.055 0.770508
0 0.890625 0.326667 0.0275 0.02 0.769043
5 0.57875 0.528056 0.09625 0.178333 0.741699
2 0.0285889 0.523611 0.0189941 0.0472222 0.737305
3 0.39875 0.4575 0.02 0.0611111 0.73584
0 0.236406 0.416111 0.05875 0.0555556 0.726562
0 0.307813 0.338611 0.016875 0.0211111 0.715332
0 0.0586719 0.451667 0.0379688 0.0294444 0.715332
0 0.408438 0.32 0.016875 0.0211111 0.700684
0 0.541563 0.326667 0.041875 0.0344445 0.697754
0 0.92875 0.329444 0.02875 0.0233333 0.684082
0 0.835 0.326111 0.0275 0.0238889 0.638672
3 0.434375 0.462222 0.0225 0.0611111 0.637207
7 0.66625 0.465556 0.00499999 0.02 0.635254
3 0.41625 0.473889 0.015 0.0666667 0.633301
7 0.729375 0.439722 0.00625 0.0183333 0.625977
0 0.329688 0.331389 0.02 0.0261111 0.607422
3 0.196563 0.48 0.01 0.0605556 0.602051
2 0.735 0.393889 0.0175 0.0477778 0.594727
0 0.351875 0.326111 0.02125 0.0222222 0.584961
5 0.236563 0.416667 0.058125 0.0555556 0.563965
0 0.78375 0.326111 0.0325 0.0244445 0.535156
7 0.92625 0.455 0.00499999 0.0166667 0.529297
2 0.195 0.378611 0.010625 0.0211111 0.523438
0 0.0183105 0.432222 0.0298242 0.0233333 0.509766
2 0.221406 0.367222 0.01625 0.0233333 0.496094
2 0.0366797 0.475 0.0115625 0.0355555 0.488281
2 0.0640625 0.4675 0.013125 0.0322222 0.480469
0 0.505938 0.261111 0.00812499 0.0111111 0.474609
0 0.373125 0.324444 0.01375 0.0188889 0.462891
7 0.739375 0.431111 0.00499999 0.0211111 0.460938
0 0.80875 0.330556 0.0362501 0.0244444 0.443604
7 0.2225 0.5225 0.00687501 0.0261111 0.430176
5 0.39375 0.295 0.02 0.0322222 0.418701
0 0.421875 0.306389 0.010625 0.0188889 0.411133
0 0.391875 0.315278 0.01375 0.0211111 0.38501
7 0.146172 0.418056 0.00359375 0.0111111 0.379395
2 0.2175 0.368333 0.01125 0.0233333 0.368408
0 0.480625 0.276667 0.009375 0.0133333 0.364746
2 0.0903125 0.508333 0.0134375 0.0522222 0.355713
2 0.75125 0.401111 0.0125 0.0466667 0.341553
0 0.485 0.261111 0.00625 0.0105555 0.329346
0 0.965 0.332778 0.0175 0.0166667 0.327637
2 0.74625 0.400833 0.015 0.0461111 0.320801
7 0.0104663 0.544444 0.00574707 0.02 0.320068
2 0.75375 0.406667 0.00875003 0.0388889 0.313965
2 0.0432715 0.471944 0.0120508 0.0327778 0.312256
3 0.0902344 0.509167 0.0126563 0.0505555 0.312256
0 0.3625 0.315556 0.01125 0.0183333 0.294189
3 0.23 0.343333 0.005 0.0177778 0.293457
0 0.00333984 0.442778 0.00667969 0.02 0.281494
7 0.66625 0.463889 0.00625 0.02 0.275146
2 0.191875 0.377778 0.00875001 0.0244444 0.269043
2 0.470938 0.323333 0.01125 0.0277778 0.258301
7 0.634375 0.330556 0.00375004 0.0188889 0.258301
3 0.414063 0.460833 0.014375 0.0572222 0.23938
3 0.196094 0.498889 0.00999999 0.0688889 0.228149
0 0.96875 0.333611 0.02125 0.0177778 0.226807
0 0.351875 0.319167 0.015 0.0194444 0.21936
2 0.0567969 0.468056 0.0103125 0.0372222 0.217285
0 0.0224951 0.429444 0.0217285 0.0222222 0.212036
0 0.8325 0.33 0.0325 0.0244444 0.203735
0 0.386875 0.321111 0.0125 0.0222222 0.202393
2 0.75125 0.387222 0.00999997 0.0444444 0.189575
0 0.387813 0.326111 0.014375 0.0233333 0.187134
0 0.433125 0.275833 0.00750001 0.0111111 0.180664
2 0.0628906 0.418889 0.00609375 0.0155555 0.179565
3 0.0511719 0.473056 0.00625 0.0294445 0.179565
0 0.41125 0.309167 0.014375 0.0222222 0.178955
2 0.73125 0.393333 0.015 0.0455556 0.178345
0 0.373125 0.318611 0.0125 0.0205556 0.177246
2 0.7475 0.393889 0.015 0.0488889 0.177246
0 0.346875 0.320556 0.01375 0.0188889 0.171021
3 0.0883594 0.500556 0.0078125 0.0466667 0.161377
7 0.678125 0.480278 0.00874996 0.025 0.156616
0 0.369375 0.306111 0.0125 0.0166667 0.152588
0 0.33625 0.318889 0.0125 0.0166667 0.143677
0 0.475625 0.260556 0.00625 0.00888889 0.140381
0 0.495313 0.259167 0.00625 0.01 0.138428
2 0.706875 0.417778 0.02 0.0472222 0.135742
2 0.195938 0.376111 0.00750001 0.0244444 0.123779
0 0.421875 0.298333 0.01 0.02 0.122498
0 0.506875 0.265833 0.009375 0.0116667 0.122131
7 0.126875 0.422222 0.0046875 0.0111111 0.113586
2 0.70875 0.416944 0.0125 0.0438889 0.112427
7 0.92375 0.467778 0.00499999 0.0233334 0.111633
3 0.583125 0.313333 0.00625 0.0255556 0.110474
3 0.674375 0.459444 0.00875003 0.0455556 0.107056
0 0.96125 0.334444 0.0225 0.0177778 0.103394
0 0.305 0.34 0.021875 0.0222222 0.102295
2 0.703125 0.418056 0.01375 0.0477778 0.0994873
1 0.401875 0.290556 0.02 0.0294444 0.0913696
0 0.786875 0.33 0.04125 0.0255556 0.0903931
0 0.00297852 0.453889 0.00595703 0.0338889 0.0897827
0 0.39 0.323333 0.015 0.0222222 0.088501
7 0.128594 0.416944 0.00375001 0.0161111 0.0830078
7 0.73625 0.432222 0.00499999 0.0177778 0.0817871
7 0.9275 0.454167 0.00499999 0.0177778 0.0817871
0 0.405 0.286111 0.011875 0.0222222 0.0812378
2 0.0439941 0.475 0.00873047 0.0355555 0.0772095
2 0.266094 0.35 0.00562501 0.0133333 0.0745239
0 0.425 0.278889 0.00812502 0.0122222 0.0742188
0 0.00276855 0.473611 0.00553711 0.0261111 0.0713501
3 0.194688 0.495278 0.01125 0.0755556 0.069519
0 0.00468262 0.406111 0.00936524 0.0183333 0.0685425
3 0.195 0.474167 0.011875 0.07 0.0670776
0 0.538125 0.331667 0.045 0.0277778 0.0665894
0 0.413125 0.296667 0.01 0.0188889 0.0663452
0 0.77625 0.323056 0.0275 0.0233333 0.0632324
2 0.71375 0.415278 0.02 0.0455555 0.0598755
2 0.219219 0.365 0.01 0.0227778 0.0592041
0 0.0566797 0.422222 0.0190625 0.0172222 0.0585632
0 0.369375 0.323333 0.01625 0.02 0.058136
0 0.805625 0.355 0.045 0.0333333 0.0569763
0 0.348125 0.35 0.03375 0.0322222 0.0531921
3 0.204063 0.355 0.00437501 0.0188889 0.0503235
2 0.721875 0.408333 0.0125 0.0522222 0.0490417
0 0.377188 0.301667 0.01 0.0166667 0.0488586
0 0.445625 0.262222 0.00562503 0.00999999 0.0483093
2 0.0668359 0.463889 0.0207031 0.0333333 0.0481262
2 0.74375 0.402778 0.00750001 0.0466667 0.0479431
0 0.407188 0.351667 0.029375 0.0311111 0.0399475
0 0.8025 0.335278 0.0475 0.0222222 0.0394897
0 0.453125 0.261944 0.00500002 0.00944443 0.0386047
3 0.0355469 0.475833 0.0125 0.0361111 0.0386047
0 0.444375 0.274444 0.00625 0.0111111 0.0358276
2 0.74875 0.388333 0.015 0.0477778 0.0344849
2 0.226875 0.348889 0.00625 0.0177778 0.0330811
3 0.196563 0.356389 0.00562501 0.02 0.0305634
0 0.32875 0.322222 0.0125 0.02 0.0298767
3 0.4 0.438056 0.015 0.0488889 0.029541
0 0.420625 0.289444 0.00750001 0.0144444 0.0290375
3 0.255625 0.329444 0.00437501 0.0188889 0.0285492
0 0.82 0.321111 0.0225 0.02 0.0282135
3 0.70125 0.416944 0.0125 0.0422222 0.0282135
0 0.89125 0.330556 0.0275 0.0211111 0.0280151
2 0.105547 0.39 0.0078125 0.0188889 0.0276947
0 0.975 0.335833 0.0275 0.0194444 0.0265503
0 0.514688 0.264167 0.00562499 0.0116667 0.0255585
7 0.6825 0.481111 0.00499999 0.0255556 0.0254669
0 0.933125 0.343056 0.0275 0.0205555 0.0249939
5 0.3975 0.294444 0.026875 0.0355555 0.0247955
3 0.250313 0.340556 0.004375 0.0222222 0.024704
7 0.148594 0.415556 0.00375001 0.0138889 0.0244293
3 0.105625 0.394722 0.005625 0.02 0.0241394
0 0.9275 0.325 0.02875 0.0255556 0.0232391
0 0.0284961 0.424444 0.0228125 0.0211111 0.02211
7 0.605625 0.295 0.00374997 0.0111111 0.0218658
2 0.695 0.415278 0.02 0.05 0.0216217
3 0.0860156 0.399167 0.00453125 0.0172222 0.0215302
0 0.301094 0.340556 0.01375 0.0205556 0.0204163
0 0.38625 0.354444 0.03875 0.0311111 0.0202942
3 0.0541016 0.474444 0.00664063 0.0388889 0.0199432
0 0.543125 0.316667 0.04 0.0316666 0.0191193
7 0.63625 0.32 0.00499999 0.0166667 0.0179138
2 0.399375 0.445 0.0175 0.06 0.0178528
0 0.35125 0.312778 0.01375 0.0222222 0.0178528
2 0.0229492 0.405 0.00742188 0.0188889 0.0175781
7 0.7425 0.427222 0.00499999 0.0233333 0.0175781
0 0.7925 0.358889 0.0375 0.0322222 0.0173035
3 0.290938 0.341667 0.00499999 0.02 0.0170441
0 0.450625 0.266944 0.00500002 0.00944446 0.016983
0 0.0108789 0.44 0.0217578 0.0222222 0.0164032
0 0.0189844 0.439444 0.0294922 0.0266667 0.0155411
3 0.198594 0.479444 0.0146875 0.0616667 0.0154266
3 0.54875 0.265 0.00625 0.0194444 0.0153046
3 0.118906 0.492222 0.0153125 0.0544444 0.0149536
0 0.471875 0.268611 0.00749998 0.0105555 0.0147324
5 0.568125 0.479444 0.07625 0.0738889 0.0146713
0 0.97 0.341667 0.0225 0.0233333 0.0145569
3 0.585938 0.3025 0.00499999 0.02 0.0141754
0 0.7425 0.333611 0.0475 0.025 0.0139008
3 0.117188 0.502222 0.0096875 0.0633334 0.0138474
0 0.0249658 0.432222 0.0241309 0.0222222 0.0137405
0 0.705625 0.329444 0.04 0.0277778 0.0136337
7 0.603438 0.329167 0.00499999 0.0116667 0.013588
7 0.66875 0.472222 0.00625 0.0266667 0.0135345
7 0.224063 0.532778 0.00687501 0.0311111 0.0128708
2 0.535625 0.272778 0.00750005 0.0144444 0.0126724
0 0.189375 0.378333 0.0175 0.0233333 0.0125275
7 0.245 0.369444 0.003125 0.0116667 0.011734
0 0.783125 0.339722 0.03625 0.0266667 0.0116882
2 0.7375 0.399167 0.00750001 0.0494444 0.0116425
3 0.675 0.448333 0.01125 0.0677778 0.0115051
3 0.589063 0.303333 0.00562496 0.0166667 0.0114212
2 0.188125 0.371944 0.010625 0.0216667 0.0110703
7 0.728125 0.440556 0.00750001 0.0177778 0.0109024
0 0.945 0.336111 0.0325 0.0166667 0.0109024
0 0.96625 0.340833 0.01875 0.0211111 0.0106125
0 0.406875 0.285 0.02 0.0177778 0.0105286
0 0.0421191 0.423889 0.0206055 0.0222222 0.0104904
2 0.69875 0.416944 0.02 0.0488889 0.0104523
0 0.00998047 0.406667 0.0193359 0.0233333 0.0104065
2 0.265 0.336667 0.005 0.0177778 0.0103302
2 0.214531 0.356667 0.00531251 0.0211111 0.0101318
0 0.433125 0.273333 0.00875003 0.0133334 0.0100098
7 0.115234 0.437778 0.0034375 0.00999999 0.00971222
7 0.684375 0.351111 0.00375004 0.0133334 0.00967407
2 0.552813 0.294167 0.015 0.0155555 0.00952148
0 0.531875 0.268333 0.01125 0.0127778 0.00948334
0 0.505 0.243611 0.00625 0.0105555 0.00937653
0 0.424375 0.304444 0.015 0.0222222 0.00930023
2 0.536563 0.265833 0.00625 0.0144444 0.00926971
0 0.365938 0.301944 0.00874999 0.0155555 0.00912476
0 0.825 0.337778 0.0375 0.0255556 0.00878143
2 0.56375 0.325556 0.00875003 0.0233333 0.00874329
3 0.200625 0.477222 0.011875 0.06 0.00871277
3 0.163281 0.369722 0.00531249 0.025 0.00841522
7 0.9225 0.4825 0.00500005 0.0266667 0.008255
3 0.429688 0.476389 0.035 0.0872222 0.00818634
7 0.175313 0.419722 0.00375001 0.0144444 0.00803375
2 0.54875 0.295833 0.01375 0.0161111 0.00784302
7 0.595 0.298889 0.00374997 0.0133333 0.00784302
3 0.164844 0.386111 0.00406251 0.0177778 0.0078125
3 0.6825 0.481389 0.00625 0.0277778 0.00751877
3 0.414063 0.466667 0.02125 0.0744444 0.00731659
2 0.212188 0.368056 0.00687501 0.0233333 0.00717545
7 0.026875 0.495278 0.00695312 0.0183334 0.0069046
0 0.92875 0.341389 0.02875 0.0216667 0.00661469
2 0.505 0.33 0.00625 0.0188889 0.00619125
3 0.452188 0.328333 0.00874999 0.0222222 0.00591278
0 0.32 0.320556 0.014375 0.0211111 0.00588989
0 0.7975 0.322778 0.025 0.0222222 0.00564194
2 0.71375 0.298889 0.00875003 0.0144444 0.00551224
0 0.95875 0.342222 0.0175 0.0211111 0.00548935
3 0.224844 0.468889 0.010625 0.0622222 0.00540543
2 0.0649219 0.406944 0.00484375 0.0177778 0.00521851
3 0.187188 0.451667 0.01125 0.0461111 0.00516129
0 0.0103516 0.410278 0.0157031 0.0205555 0.00516129
3 0.711875 0.424444 0.0112501 0.0577778 0.0050621
0 0.484375 0.244167 0.00749998 0.0113889 0.00503922
7 0.718125 0.451111 0.00749995 0.0216667 0.0049057
0 0.495625 0.245833 0.00625 0.0116667 0.00482941
3 0.86625 0.308333 0.00625 0.0166667 0.00477219
3 0.055 0.401111 0.0065625 0.0211111 0.00471878
0 0.375625 0.259167 0.00874999 0.0133333 0.00468063
3 0.47125 0.326111 0.01125 0.0311111 0.00448608
0 0.74 0.336389 0.05625 0.0261111 0.00448608
3 0.470313 0.316111 0.00812502 0.0288889 0.00443268
7 0.684375 0.359722 0.00375004 0.0166667 0.00432968
3 0.570625 0.275 0.00499999 0.0222222 0.00416565
3 0.0979688 0.497778 0.0103125 0.0494445 0.00416565
0 0.00381348 0.421111 0.00724609 0.02 0.00403976
3 0.0875 0.485 0.008125 0.0333334 0.00400543
7 0.575625 0.316667 0.00374997 0.0144444 0.00397491
0 0.00302734 0.480556 0.00605469 0.0322222 0.00395966
0 0.0116211 0.452222 0.0230078 0.0422222 0.00391388
7 0.265625 0.363333 0.00343752 0.0111111 0.00382423
0 0.71125 0.311111 0.03125 0.0222222 0.0037365
7 0.61375 0.331667 0.00374997 0.0122222 0.00362206
7 0.00299316 0.531667 0.00525391 0.0188889 0.00362206
2 0.233594 0.344167 0.004375 0.0155555 0.00356483
2 0.68875 0.416111 0.015 0.0466667 0.00345612
3 0.67125 0.457222 0.00999997 0.0422222 0.00340271
0 0.52625 0.276667 0.00750001 0.0111111 0.00333786
3 0.595 0.282778 0.00499999 0.0166667 0.00329781
7 0.631875 0.335556 0.00625 0.0166667 0.00329781
7 0.7225 0.45 0.00750001 0.02 0.00327301
3 0.155313 0.371667 0.0046875 0.0222222 0.00324821
7 0.450625 0.331944 0.00500002 0.0205555 0.00317192
0 0.91 0.335 0.03125 0.0177778 0.00317192
0 0.566875 0.476667 0.07 0.0511111 0.00313568
0 0.415 0.479444 0.02 0.05 0.00313568
0 0.7 0.322778 0.0325 0.0233333 0.00312424
3 0.604375 0.285 0.00499999 0.02 0.00300407
0 0.765 0.342778 0.06 0.0277778 0.00286674
2 0.675 0.292778 0.00499999 0.0188889 0.00276756
2 0.526563 0.263056 0.00500002 0.0116667 0.00274658
7 0.0239844 0.473889 0.00492188 0.0233333 0.00273705
7 0.475 0.621111 0.075 0.145556 0.00273705
2 0.112188 0.490556 0.0184375 0.0516667 0.00255013
0 0.46625 0.275556 0.00625 0.0111111 0.00251198
3 0.546875 0.262222 0.00499999 0.0166667 0.00243378
2 0.564375 0.282222 0.00562496 0.0161111 0.00237846
0 0.506875 0.272778 0.00874999 0.0138889 0.00233269
2 0.0860938 0.423889 0.0071875 0.0177778 0.00230598
3 0.108906 0.382778 0.0065625 0.0233333 0.00230598
0 0.32875 0.339167 0.019375 0.0238889 0.00226974
3 0.114922 0.386111 0.005 0.0166667 0.00225258
7 0.595 0.313333 0.00437501 0.0138889 0.00224304
0 0.75125 0.341111 0.04 0.0244444 0.00220871
