0 0.127188 0.558333 0.130313 0.211111 0.960938
0 0.499375 0.871111 0.17125 0.255556 0.958984
0 0.253125 0.341111 0.085 0.114444 0.933594
5 0.543438 0.0773611 0.035625 0.0697222 0.932129
0 0.0433594 0.475 0.0825 0.154444 0.926758
0 0.38875 0.193889 0.048125 0.0722222 0.924316
0 0.0232227 0.915556 0.0460547 0.168889 0.909668
0 0.153594 0.263889 0.048125 0.0677778 0.904785
0 0.358125 0.154722 0.03 0.0494444 0.898438
0 0.288125 0.153889 0.04 0.0666667 0.881836
0 0.481563 0.0913889 0.028125 0.0411111 0.873047
0 0.400625 0.135 0.0275 0.0411111 0.873047
0 0.334375 0.113021 0.025 0.0350694 0.868652
2 0.6825 0.16 0.0325 0.0588889 0.854004
0 0.232188 0.198056 0.035 0.0502778 0.848145
0 0.739375 0.0523611 0.0375 0.0261111 0.841797
0 0.0255664 0.311111 0.0307422 0.035 0.837402
0 0.387812 0.0658333 0.01625 0.0219444 0.834473
0 0.505625 0.0419444 0.014375 0.0193056 0.827637
0 0.243438 0.170278 0.03125 0.0355555 0.822266
7 0.2575 0.262222 0.00687501 0.0211111 0.808105
0 0.366563 0.0727083 0.016875 0.0234722 0.806641
0 0.473125 0.0516667 0.015625 0.0230556 0.79834
0 0.408125 0.0605556 0.01375 0.0227778 0.79834
0 0.58625 0.0302431 0.028125 0.0186806 0.796875
0 0.0538281 0.276667 0.0369531 0.0477778 0.790527
7 0.243906 0.279167 0.0078125 0.0216667 0.790527
0 0.421875 0.0611111 0.01625 0.0206944 0.786621
7 0.7025 0.199167 0.00749995 0.0255556 0.770508
7 0.0285938 0.376667 0.0053125 0.0188889 0.770508
0 0.307813 0.103819 0.02625 0.0409722 0.767578
5 0.83 0.0622917 0.04 0.0356944 0.756348
7 0.74375 0.173333 0.00750001 0.0211111 0.753418
3 0.0354883 0.336944 0.00980469 0.0483333 0.715332
0 0.0678125 0.261111 0.0290625 0.0261111 0.708984
0 0.95375 0.100278 0.0225 0.0202778 0.700684
0 0.72 0.0341667 0.03 0.02125 0.684082
0 0.0719922 0.23625 0.0217969 0.0286111 0.666992
7 0.76875 0.13 0.00375004 0.0161111 0.638672
0 0.431875 0.049375 0.0125 0.0193056 0.631836
0 0.0261328 0.295556 0.0271875 0.0311111 0.613281
7 0.7525 0.163333 0.00500005 0.02 0.586914
0 0.499375 0.0268056 0.01125 0.0175 0.577637
0 0.51625 0.016875 0.01 0.0151389 0.558105
0 0.43125 0.0538889 0.0125 0.0194444 0.546875
0 0.47375 0.059375 0.0175 0.0302778 0.505859
7 0.163438 0.202639 0.004375 0.0127778 0.486328
7 0.944375 0.219306 0.00500005 0.0177778 0.466797
7 0.94625 0.214167 0.00499999 0.0177778 0.430176
0 0.50375 0.00930556 0.00687501 0.0111111 0.428223
0 0.815 0.0625 0.02875 0.0244444 0.424316
7 0.0430469 0.358889 0.0053125 0.0177778 0.424316
0 0.497188 0.0103819 0.00750001 0.0103472 0.414795
0 0.500313 0.0296528 0.01125 0.0179167 0.401611
0 0.0262109 0.289444 0.0289063 0.0311111 0.395996
0 0.7725 0.0547917 0.0325 0.0275 0.37207
7 0.705 0.0781944 0.00499999 0.0120833 0.370117
0 0.48375 0.0136111 0.00750001 0.0109722 0.325928
7 0.74625 0.124722 0.00500005 0.0175 0.320801
7 0.7725 0.147222 0.00499999 0.0172222 0.320801
0 0.433125 0.0274306 0.00875003 0.0131944 0.30249
0 0.425625 0.0446007 0.01 0.0157986 0.30249
0 0.8075 0.0613889 0.035 0.02375 0.30249
0 0.7925 0.0598611 0.03 0.025 0.282959
5 0.7825 0.0569444 0.04625 0.0294444 0.281494
7 0.674375 0.0502778 0.00250003 0.0102778 0.26123
0 0.41625 0.0526389 0.0125 0.0177778 0.250977
0 0.4075 0.0552778 0.0125 0.0205556 0.210083
0 0.4725 0.0634722 0.01625 0.0302778 0.203735
0 0.48375 0.0225694 0.009375 0.0141667 0.202393
7 0.691875 0.183056 0.00750001 0.0227778 0.180054
7 0.70125 0.0775 0.00499999 0.0155556 0.174927
7 0.0752344 0.293333 0.0034375 0.0111111 0.170532
5 0.78625 0.0598611 0.04 0.0277778 0.169922
0 0.81875 0.0655556 0.045 0.0280556 0.161377
7 0.74625 0.128056 0.00500005 0.0183333 0.15918
7 0.145313 0.211944 0.00374999 0.0127778 0.149536
0 0.7775 0.0581944 0.03875 0.0283333 0.14856
5 0.0185522 0.246389 0.0196533 0.0266667 0.144653
0 0.45875 0.00486111 0.00625 0.00972222 0.139893
0 0.785 0.0593056 0.0425001 0.0275 0.13208
0 0.431875 0.0232639 0.00874999 0.0113889 0.12854
7 0.94125 0.219306 0.00500005 0.0169444 0.107788
0 0.4275 0.03375 0.00874999 0.0127778 0.100525
0 0.71875 0.0377431 0.0325 0.0267361 0.0984497
0 0.47625 0.0693056 0.02 0.0286111 0.0881958
0 0.43 0.0559722 0.0125 0.0197222 0.083313
0 0.511875 0.0163194 0.00874999 0.0133333 0.0794678
7 0.145781 0.221667 0.00374999 0.0116667 0.078064
0 0.0655469 0.249306 0.03125 0.0330556 0.0618896
0 0.49875 0.00559028 0.00750001 0.0111806 0.0580139
0 0.77875 0.0623611 0.0475 0.0294444 0.0557251
0 0.490625 0.0198958 0.00500002 0.0127778 0.0541992
7 0.763125 0.152222 0.00499999 0.0183333 0.0483093
7 0.65625 0.0509028 0.00375004 0.0111111 0.0472412
7 0.67125 0.0525 0.00250003 0.0111111 0.0465393
0 0.383125 0.0667361 0.01125 0.0206944 0.0465393
7 0.140313 0.212083 0.00374999 0.0141667 0.0453491
7 0.254375 0.13375 0.00375001 0.00944444 0.0451965
7 0.690625 0.185 0.00750001 0.0294444 0.0432129
7 0.69625 0.0504861 0.00250003 0.0120833 0.0419312
0 0.440313 0.0415278 0.011875 0.0209722 0.0403748
0 0.825 0.0702778 0.035 0.0283333 0.0402527
2 0.191719 0.155556 0.010625 0.0266667 0.0402527
0 0.2825 0.135694 0.02625 0.0313889 0.0384521
0 0.0665234 0.265556 0.0310156 0.0316667 0.0346069
0 0.4575 0.0071875 0.00625 0.00993056 0.0337219
0 0.95375 0.105556 0.025 0.0283333 0.0335999
0 0.799375 0.0571528 0.035 0.0244444 0.0307922
2 0.205625 0.153333 0.00812499 0.0280555 0.0305634
7 0.250156 0.126944 0.003125 0.0122222 0.0293121
7 0.00808594 0.380833 0.00585938 0.0205556 0.0288696
2 0.618125 0.0289583 0.00749995 0.0156944 0.0280151
3 0.183594 0.162917 0.0065625 0.0266667 0.0268555
7 0.245 0.285 0.01 0.0255556 0.0247955
2 0.19625 0.155278 0.01 0.03 0.0241394
0 0.438125 0.0114236 0.00749998 0.00902778 0.0240479
0 0.28875 0.135278 0.03375 0.0366667 0.0232391
0 0.581875 0.0268403 0.03125 0.0179861 0.0222931
0 0.81625 0.0586806 0.035 0.0273611 0.02211
0 0.396875 0.0531944 0.01 0.0186111 0.0214539
0 0.0257617 0.276667 0.0259766 0.03 0.0206909
5 0.0158008 0.252153 0.0240625 0.03125 0.0201721
0 0.189688 0.158611 0.016875 0.0283333 0.0189819
7 0.0282031 0.376111 0.00710938 0.0211111 0.0171051
0 0.290313 0.128889 0.01625 0.0261111 0.0163422
0 0.237813 0.18625 0.035 0.0469445 0.0160217
0 0.474375 0.0293056 0.00874999 0.0111111 0.0157776
3 0.122813 0.19375 0.00671876 0.0225 0.0157166
7 0.135469 0.22375 0.003125 0.0086111 0.0151901
0 0.385 0.0520833 0.01 0.0175 0.0145035
2 0.00963867 0.269444 0.00912109 0.0194444 0.0142822
2 0.603125 0.0413889 0.00750001 0.0209722 0.014061
3 0.208438 0.155 0.00625 0.0261111 0.0135345
0 0.37625 0.04625 0.00875003 0.0116667 0.0133286
0 0.41625 0.0309028 0.00625 0.0104167 0.0132217
0 0.0667578 0.236389 0.0296094 0.0322222 0.0131683
0 0.404375 0.0266667 0.00625 0.00958334 0.0112915
3 0.885 0.0611806 0.00374997 0.0201389 0.0109482
2 0.019707 0.263889 0.0153906 0.02 0.0108185
3 0.89375 0.0668056 0.00499999 0.0186111 0.0102081
3 0.00647949 0.265 0.00613281 0.0177778 0.00985718
3 0.23 0.131806 0.004375 0.0216667 0.00878143
3 0.715 0.138194 0.00875003 0.0708333 0.00857544
0 0.416875 0.063125 0.0175 0.0256944 0.00837708
7 0.74875 0.1275 0.00375004 0.0166667 0.00831604
7 0.0848438 0.280556 0.0034375 0.0111111 0.00821686
3 0.167188 0.160139 0.00625 0.0188889 0.00796509
0 0.5525 0.049375 0.015 0.0201389 0.00793457
3 0.124219 0.2125 0.00437501 0.0244445 0.00760651
3 0.715 0.12875 0.00999997 0.0597222 0.00748825
0 0.36625 0.06 0.015 0.0158333 0.00712204
3 0.038125 0.34 0.0154688 0.05 0.0069313
2 0.00368164 0.275556 0.00696289 0.0188889 0.00661469
0 0.995625 0.131806 0.00874996 0.0322222 0.00656509
0 0.445 0.0130903 0.00625 0.0102778 0.00641251
0 0.96375 0.105486 0.0275 0.0215278 0.00636292
0 0.59 0.0335417 0.031875 0.0193056 0.00629044
0 0.94875 0.1025 0.03 0.0222222 0.0053215
3 0.196563 0.166389 0.00562501 0.0272222 0.0053215
7 0.244219 0.132083 0.00406249 0.0130556 0.00479126
0 0.504375 0.0465278 0.015 0.0231944 0.00469971
2 0.284688 0.104028 0.00437501 0.0155556 0.00468063
0 0.99625 0.122083 0.00749995 0.0280556 0.00443268
0 0.441563 0.0371528 0.01 0.0222222 0.00441742
0 0.975 0.115243 0.01125 0.0189583 0.00439835
7 0.235313 0.136111 0.00375001 0.0166667 0.00416565
7 0.71 0.0515278 0.00750001 0.0183333 0.00416565
0 0.294062 0.135 0.025625 0.0361111 0.00413513
3 0.168281 0.161667 0.00562499 0.0166667 0.00413513
0 0.476875 0.0551389 0.01875 0.0286111 0.00407028
0 0.060625 0.243889 0.0332813 0.0427778 0.00400543
7 0.135156 0.211806 0.0034375 0.0141667 0.00388527
0 0.500625 0.0396007 0.01375 0.0205208 0.00382423
3 0.715625 0.0619444 0.00874996 0.0286111 0.00370789
7 0.675 0.0619444 0.00249996 0.00833333 0.00331116
5 0.021582 0.243889 0.0252734 0.0327778 0.00329781
7 0.65 0.0525 0.00375004 0.0125 0.00301552
2 0.625 0.0302083 0.00375004 0.0125 0.00298119
2 0.585 0.0136111 0.00687497 0.0142361 0.00286674
3 0.214375 0.139722 0.00406251 0.015 0.00284576
0 0.396875 0.0286458 0.00625 0.00854167 0.00279999
3 0.796875 0.0747222 0.01125 0.0290278 0.00271416
3 0.715625 0.155972 0.00750001 0.0752778 0.00245285
0 0.333125 0.103889 0.02625 0.0394444 0.00240517
3 0.316719 0.06625 0.00593751 0.0177778 0.00237846
7 0.766875 0.136806 0.00499999 0.0152778 0.00235939
2 0.326563 0.0705556 0.00812502 0.0155556 0.00234222
0 0.005625 0.416111 0.01125 0.0444444 0.00216484
0 0.8175 0.0704167 0.03 0.0294444 0.00213242
7 0.69 0.178889 0.0125 0.0316667 0.00213242
2 0.73375 0.110417 0.00999997 0.0372222 0.00211525
3 0.715625 0.129028 0.0175 0.0633333 0.00194168
7 0.2525 0.268889 0.013125 0.0344444 0.00192642
3 0.125313 0.215 0.00375 0.0233333 0.00188923
0 0.538125 0.0754167 0.025 0.0680556 0.00188255
3 0.89 0.0629167 0.00499999 0.0244444 0.00171375
0 0.96 0.0997222 0.0300001 0.0247222 0.00170708
2 0.20625 0.143889 0.0115625 0.025 0.00163555
7 0.00703125 0.379167 0.00800781 0.0294445 0.00158501
7 0.690625 0.0543056 0.00375004 0.0122222 0.00154305
0 0.985 0.121667 0.015 0.0225 0.00151253
7 0.256875 0.265556 0.008125 0.0272222 0.00148964
3 0.212656 0.119444 0.00656249 0.0177778 0.00143814
0 0.199063 0.1475 0.013125 0.0288889 0.00139904
5 0.388438 0.0697917 0.0175 0.0276389 0.00137806
3 0.203594 0.161389 0.0121875 0.0394445 0.00133038
7 0.73125 0.119583 0.00750001 0.0369444 0.00133038
7 0.7725 0.143333 0.00499999 0.0177778 0.00132465
0 0.78 0.0695833 0.04 0.0336111 0.00131989
2 0.275625 0.122639 0.00656249 0.0163889 0.00130463
0 0.325547 0.0788889 0.0126562 0.0163889 0.00125504
0 0.4775 0.0139931 0.00625 0.0104861 0.00123024
7 0.665 0.0495833 0.00250003 0.00916667 0.00119686
5 0.0207031 0.235139 0.0216406 0.0291667 0.0011034
0 0.34375 0.0519444 0.01 0.0169444 0.00108624
0 0.36 0.0657639 0.01375 0.0168056 0.00104046
0 0.302813 0.104028 0.031875 0.0419444 0.00101185
7 0.64625 0.0484722 0.00250003 0.00833333 0.00100803
2 0.0433691 0.267778 0.0231055 0.0288889 0.00100803
