0 0.124063 0.826667 0.175313 0.342222 0.963379
0 0.350078 0.551111 0.122344 0.225556 0.960449
0 0.6875 0.662222 0.15 0.327778 0.958008
0 0.9525 0.653889 0.095 0.273333 0.95752
0 0.50625 0.506667 0.10125 0.218889 0.95166
0 0.403125 0.304514 0.0925 0.182083 0.942871
0 0.821875 0.293611 0.06625 0.105556 0.939941
0 0.614063 0.334444 0.084375 0.134444 0.938477
0 0.296563 0.381667 0.099375 0.140556 0.936523
0 0.575938 0.231944 0.059375 0.0922222 0.931152
0 0.268438 0.301944 0.07375 0.115556 0.929199
0 0.261563 0.961667 0.16125 0.0766667 0.924805
0 0.8425 0.141389 0.04 0.0472222 0.919434
0 0.50125 0.325278 0.07 0.12 0.912598
0 0.393125 0.187639 0.0475 0.0680556 0.904785
0 0.36625 0.140556 0.035 0.0394445 0.894043
0 0.340313 0.193333 0.0375 0.0588889 0.894043
0 0.433438 0.0900694 0.040625 0.0343056 0.882324
0 0.526875 0.078125 0.05 0.0329167 0.874023
0 0.8 0.197222 0.04 0.0683333 0.871582
0 0.602188 0.0888889 0.06375 0.0444444 0.865234
0 0.194688 0.242778 0.0675 0.0711111 0.863281
0 0.300938 0.131667 0.039375 0.0344444 0.861328
0 0.229063 0.162778 0.034375 0.0338889 0.855957
0 0.76125 0.0599306 0.03625 0.0256944 0.834473
0 0.516563 0.986667 0.12875 0.0244445 0.829102
2 0.016709 0.364722 0.0147461 0.0438889 0.82666
2 0.67125 0.104861 0.025 0.0361111 0.820801
0 0.0236914 0.297222 0.0283203 0.0322222 0.812988
2 0.88375 0.216528 0.01625 0.0675 0.808105
0 0.106016 0.218194 0.0285938 0.0297222 0.804199
0 0.335313 0.131528 0.03375 0.0366667 0.790527
2 0.72125 0.151111 0.0225 0.0472222 0.785156
0 0.739375 0.0633333 0.0425 0.0255556 0.777344
0 0.355 0.0608333 0.0125 0.0169444 0.773438
0 0.00755371 0.322778 0.0149512 0.0288889 0.773438
7 0.7425 0.173889 0.00625 0.0208333 0.771973
0 0.0667188 0.264444 0.0310938 0.0288889 0.769043
0 0.80625 0.0554167 0.0312501 0.0236111 0.760742
0 0.341875 0.0840972 0.01625 0.0216667 0.756348
0 0.62375 0.0802778 0.045 0.0333333 0.756348
0 0.364688 0.0755556 0.015625 0.0208333 0.753418
0 0.39375 0.0865278 0.025625 0.0280556 0.740234
7 0.0287695 0.378333 0.00476563 0.0183333 0.720215
0 0.0560156 0.283889 0.0326563 0.0311111 0.705566
3 0.690625 0.0809722 0.00750001 0.0338889 0.703125
2 0.393125 0.106806 0.015 0.0319444 0.702637
0 0.323203 0.0816667 0.0148438 0.0194444 0.699219
0 0.501875 0.0119444 0.00875003 0.0118056 0.690918
0 0.282188 0.103472 0.024375 0.0255556 0.689453
0 0.8525 0.076875 0.035 0.0273611 0.684082
2 0.75125 0.105556 0.015 0.0352778 0.684082
2 0.0421777 0.347778 0.0158008 0.0366667 0.675781
7 0.945 0.214167 0.00499999 0.0177778 0.642578
2 0.69125 0.161667 0.03 0.0616667 0.637695
0 0.410938 0.0693056 0.019375 0.0290278 0.633301
7 0.75125 0.160139 0.00499999 0.02 0.620605
0 0.423125 0.0590278 0.01625 0.0205556 0.618652
0 0.95125 0.102361 0.0225 0.0208333 0.594727
2 0.244375 0.140833 0.0075 0.0233333 0.567871
0 0.389375 0.0673611 0.01625 0.0205556 0.550781
0 0.905625 0.0820833 0.02875 0.0208333 0.519531
0 0.83 0.0655556 0.0325 0.0216667 0.511719
0 0.376875 0.0655556 0.01375 0.0183333 0.501953
0 0.210625 0.146944 0.0275 0.0280556 0.501953
2 0.0457129 0.306667 0.0143555 0.0333333 0.474609
0 0.534063 0.0202083 0.0125 0.0156944 0.47168
2 0.068125 0.293611 0.0157031 0.0327778 0.46582
2 0.6925 0.170694 0.03 0.0472222 0.458984
2 0.67 0.0495833 0.0175 0.0252778 0.455078
0 0.8425 0.0663889 0.03 0.0205556 0.453369
0 0.41625 0.0475 0.01125 0.0163889 0.451416
0 0.0291602 0.271389 0.0222266 0.03 0.449463
2 0.274219 0.117812 0.013125 0.0210417 0.44165
2 0.0648438 0.297222 0.0117187 0.0366667 0.428223
2 0.613125 0.0349306 0.00875003 0.0205556 0.422607
2 0.0708594 0.290278 0.0128125 0.0277778 0.413086
6 0.67 0.0487326 0.0175 0.0239236 0.401611
0 0.38875 0.0580556 0.01375 0.02 0.401611
7 0.94375 0.219444 0.00499999 0.0172222 0.397949
0 0.91625 0.08625 0.025 0.0213889 0.390381
0 0.43125 0.0495833 0.01125 0.0173611 0.388672
0 0.909375 0.085 0.03 0.0222222 0.377441
0 0.90375 0.0736111 0.0275 0.0227778 0.375732
2 0.594688 0.0390278 0.00812505 0.0216667 0.366699
7 0.94125 0.216944 0.00500005 0.0183333 0.362061
2 0.593438 0.0367361 0.00999997 0.0208333 0.359375
0 0.404375 0.0288889 0.00750001 0.00944445 0.350342
2 0.0380469 0.322778 0.0120313 0.0322222 0.346924
0 0.388125 0.0431771 0.01 0.0144792 0.343262
0 0.37125 0.0570139 0.01 0.0148611 0.313232
0 0.42125 0.0470139 0.01125 0.0158333 0.305664
0 0.84875 0.0745833 0.035 0.0280556 0.305664
0 0.376875 0.0491667 0.01 0.0119444 0.299072
2 0.695 0.152778 0.02125 0.0522222 0.294189
2 0.639375 0.0461806 0.00874996 0.02125 0.29248
0 0.955 0.102917 0.0225 0.0208333 0.289307
0 0.486875 0.00770833 0.00625 0.00965278 0.276611
2 0.611875 0.0385938 0.00875003 0.0189236 0.273682
7 0.705 0.0793056 0.00249996 0.0123611 0.264404
2 0.58875 0.0393229 0.00875003 0.0210764 0.252441
0 0.41125 0.0227778 0.00875003 0.0102083 0.240723
0 0.92375 0.088125 0.02 0.0186111 0.240112
2 0.501875 0.0457639 0.00999997 0.0225 0.237915
7 0.75375 0.159722 0.00499999 0.0183333 0.237915
2 0.0384766 0.315556 0.0149219 0.04 0.236572
0 0.52625 0.0122917 0.00687501 0.0119444 0.2323
2 0.6775 0.0340972 0.00875003 0.0204167 0.2323
0 0.753125 0.0618056 0.03875 0.0247222 0.229492
2 0.3475 0.117639 0.02625 0.0344444 0.229492
0 0.453438 0.00892361 0.00687497 0.00833333 0.226807
0 0.396875 0.0320139 0.00749998 0.0101389 0.226807
2 0.64125 0.0463889 0.00875003 0.0208333 0.216064
0 0.901875 0.0795833 0.0275 0.0233333 0.213989
0 0.4975 0.00944445 0.00749998 0.0104167 0.206299
5 0.42625 0.0142014 0.010625 0.0150694 0.204956
3 0.168125 0.159722 0.005 0.0205556 0.204346
7 0.7675 0.129722 0.00499999 0.0177778 0.203735
0 0.444375 0.0140278 0.00749998 0.0109028 0.191895
0 0.4125 0.024375 0.00749998 0.0127778 0.180054
0 0.4275 0.0541667 0.01625 0.0197222 0.176636
2 0.605313 0.0401562 0.00812499 0.0213542 0.170532
0 0.34 0.122535 0.04 0.0399306 0.170532
7 0.766875 0.13125 0.00499999 0.0152778 0.169922
0 0.0564453 0.278333 0.0322656 0.0333333 0.162964
7 0.695 0.184722 0.00499999 0.0205556 0.15979
0 0.433125 0.0325694 0.00875003 0.0148611 0.157715
5 0.00697754 0.266389 0.0139551 0.0305556 0.157715
0 0.32125 0.0838889 0.014375 0.0175 0.154053
2 0.7475 0.109028 0.00875003 0.0366667 0.153076
7 0.163594 0.205833 0.00406249 0.0122222 0.152588
2 0.236563 0.141667 0.00687501 0.02 0.147095
2 0.270938 0.118889 0.00750001 0.0194445 0.147095
0 0.00882324 0.271667 0.013877 0.0227778 0.144653
0 0.42625 0.0652778 0.020625 0.0216667 0.141724
0 0.499375 0.00586806 0.00750001 0.0117361 0.139404
7 0.14375 0.212778 0.00406251 0.0155556 0.135742
0 0.365 0.0696528 0.014375 0.0211111 0.124634
7 0.0264844 0.378889 0.0053125 0.0188889 0.124634
7 0.70125 0.19875 0.00750001 0.0252778 0.124207
0 0.460938 0.00461806 0.00562499 0.00923611 0.124207
2 0.223594 0.142778 0.00812499 0.0222222 0.121704
7 0.753125 0.162083 0.00625 0.0202778 0.12085
0 0.43125 0.0186458 0.00749998 0.00965278 0.118408
0 0.214844 0.145278 0.0171875 0.025 0.113159
0 0.427813 0.0321528 0.00874999 0.01375 0.112793
3 0.190781 0.152917 0.0059375 0.0241667 0.104492
3 0.71375 0.172639 0.00750001 0.0544444 0.104126
3 0.22875 0.127222 0.005 0.0219444 0.101929
0 0.111797 0.206806 0.0246875 0.0241667 0.0966797
0 0.33875 0.08125 0.015 0.0227778 0.0960083
2 0.66375 0.035625 0.00499999 0.0181944 0.0907593
2 0.69125 0.0805556 0.00750001 0.0325 0.0894775
3 0.185313 0.151667 0.005 0.0227778 0.0891113
2 0.604688 0.0364583 0.00874996 0.0204167 0.0863037
2 0.0715625 0.223333 0.0101563 0.0222222 0.0856934
5 0.905625 0.0749306 0.03125 0.02625 0.0809326
0 0.436875 0.0146875 0.00750001 0.0127778 0.0797729
0 0.4075 0.0529167 0.01125 0.0184722 0.0789185
2 0.177031 0.156944 0.00625 0.0238889 0.0742188
0 0.0675391 0.273889 0.0261719 0.0311111 0.0736694
0 0.34125 0.09125 0.0175 0.025 0.0734253
2 0.165625 0.16 0.00625 0.02 0.0710449
2 0.133281 0.175278 0.00796875 0.0166667 0.0685425
0 0.9525 0.106667 0.0225 0.0261111 0.0682983
0 0.393125 0.0520833 0.01125 0.0191667 0.0651245
7 0.0360156 0.362222 0.00445313 0.015 0.0648804
3 0.194063 0.1525 0.00625 0.0272222 0.062561
7 0.144219 0.2175 0.00406251 0.0166667 0.0614319
7 0.69125 0.187778 0.00750001 0.0233333 0.0603027
2 0.72625 0.0352778 0.00499999 0.0163889 0.0600891
2 0.0704688 0.226944 0.00851562 0.0194444 0.0587769
2 0.73875 0.107778 0.015 0.0366667 0.0541992
2 0.35 0.115 0.02125 0.0330556 0.0512695
3 0.0516406 0.240278 0.00609375 0.0233333 0.0509033
0 0.373438 0.0739583 0.015 0.0223611 0.0492249
0 0.976875 0.105833 0.015 0.0158333 0.0463867
0 0.329375 0.0740278 0.015 0.0208333 0.0433655
2 0.0432129 0.348611 0.0113867 0.0377778 0.0433655
0 0.543438 0.0102083 0.00625 0.00958333 0.0402527
3 0.166406 0.162778 0.005 0.0194444 0.0386047
0 0.9125 0.0893056 0.03 0.025 0.0367737
0 0.9025 0.0852778 0.0275 0.0216667 0.0359497
5 0.909375 0.0769444 0.03625 0.0347222 0.0346069
0 0.110625 0.214722 0.029375 0.0283333 0.033844
0 0.214063 0.153056 0.015625 0.0283333 0.0309143
0 0.8175 0.0654167 0.045 0.025 0.0307312
7 0.65 0.0540972 0.00499999 0.0134722 0.0306702
0 0.9075 0.0886111 0.0325 0.0277778 0.0303345
2 0.0685938 0.227778 0.01125 0.0183333 0.0301056
0 0.113359 0.195972 0.0195313 0.0227778 0.0299835
0 0.731875 0.0629861 0.03875 0.0251389 0.0297546
0 0.282656 0.110139 0.0196875 0.0263889 0.0297546
0 0.317969 0.103958 0.0134375 0.0229167 0.0285492
3 0.180313 0.154444 0.00625 0.0261111 0.0283813
0 0.76625 0.065 0.04 0.025 0.0259552
0 0.365625 0.0545139 0.00874999 0.0172222 0.0248871
2 0.656875 0.0516667 0.00499999 0.0169444 0.0248871
0 0.0626172 0.286389 0.0220312 0.0394445 0.0247498
0 0.538125 0.00519097 0.00750001 0.0103819 0.0243378
0 0.83 0.0711111 0.0325 0.0269444 0.0241394
0 0.0116211 0.272222 0.0130078 0.0222222 0.0237732
0 0.378438 0.0690972 0.0125 0.0233333 0.0233765
0 0.94 0.0986806 0.0175 0.0172222 0.0231476
7 0.140938 0.2125 0.0046875 0.0155556 0.0231476
2 0.516875 0.0531944 0.01125 0.02 0.0225372
0 0.0214648 0.242222 0.0154688 0.0188889 0.0208893
2 0.7275 0.144306 0.015 0.0425 0.0202484
0 0.97625 0.113333 0.0125 0.0188889 0.0190582
2 0.636875 0.0352083 0.00625 0.0170833 0.0183411
0 0.614375 0.0806945 0.0475 0.0386111 0.0181885
7 0.69 0.0534722 0.00500005 0.0138889 0.0177155
3 0.655625 0.0340278 0.00374997 0.0161111 0.0171051
0 0.0108203 0.2675 0.0110938 0.0216667 0.0171051
7 0.124141 0.220833 0.00359375 0.0205556 0.016983
0 0.0107031 0.335833 0.0163477 0.0327778 0.0166626
5 0.00492188 0.254444 0.00984375 0.0322222 0.0165863
2 0.75125 0.109167 0.00999997 0.0419444 0.0158997
2 0.7125 0.0529167 0.00750001 0.0180556 0.0147858
2 0.499375 0.0482639 0.01125 0.025 0.0141754
2 0.0524219 0.2425 0.00734375 0.0194445 0.0141754
2 0.3925 0.106667 0.019375 0.0355556 0.014061
7 0.74625 0.12059 0.00500005 0.0332639 0.014061
0 0.45 0.0161806 0.00625 0.0118056 0.0138474
3 0.18375 0.160694 0.005 0.0269444 0.0137939
0 0.338125 0.0855556 0.02 0.0197222 0.0130234
2 0.745625 0.106319 0.03125 0.0379167 0.0127716
0 0.9275 0.0880556 0.015 0.0183333 0.0125275
7 0.0950781 0.277778 0.00375 0.0111111 0.0124283
0 0.3875 0.035 0.00874999 0.0133333 0.0123367
2 0.61 0.0299653 0.00750001 0.0222917 0.012146
3 0.735 0.0346528 0.00499999 0.0156944 0.0113297
0 0.7675 0.0602083 0.04 0.0248611 0.0109482
7 0.765 0.148611 0.00500005 0.0161111 0.00997162
0 0.549375 0.0196181 0.00875003 0.0126389 0.00997162
0 0.361563 0.116944 0.02875 0.035 0.00989532
0 0.358125 0.109306 0.021875 0.0297222 0.00985718
3 0.247813 0.134167 0.00687501 0.0227778 0.00941467
7 0.766875 0.125694 0.00499999 0.0191667 0.00891876
0 0.97875 0.114479 0.0175001 0.0182639 0.00888062
2 0.138359 0.170556 0.0160937 0.0188889 0.00881195
2 0.59125 0.0464583 0.01375 0.0263889 0.0086441
2 0.244688 0.128889 0.00593751 0.0255556 0.00847626
2 0.61125 0.0509722 0.01125 0.025 0.00812531
3 0.177813 0.161389 0.00687499 0.0261111 0.00809479
0 0.5325 0.0768056 0.03625 0.0330556 0.00796509
2 0.270469 0.12 0.0125 0.02 0.00757599
0 0.41875 0.0675694 0.015 0.0270833 0.00737381
7 0.0845313 0.281667 0.00328125 0.0138889 0.00731659
3 0.22625 0.125139 0.00562499 0.0211111 0.00674438
3 0.875 0.0536806 0.00499999 0.0184722 0.00671768
3 0.7 0.0776389 0.00750001 0.0233333 0.00671768
2 0.641875 0.0358333 0.00875003 0.0181944 0.00621796
3 0.796875 0.0819444 0.00750001 0.0266667 0.006073
3 0.19625 0.162083 0.00625 0.0325 0.006073
0 0.278438 0.106528 0.02875 0.0258333 0.00600433
0 0.321172 0.102778 0.0114063 0.0216667 0.00598145
0 0.315156 0.0898611 0.0171875 0.0155556 0.00561905
2 0.6775 0.0344444 0.015 0.0190278 0.00518036
7 0.77375 0.147222 0.00499999 0.0155556 0.00475693
7 0.695 0.147778 0.0175 0.0463889 0.00475693
0 0.184063 0.246667 0.04625 0.0516667 0.00468063
3 0.969375 0.1625 0.00500005 0.0277778 0.00468063
0 0.8125 0.0528472 0.0275 0.02375 0.00457382
2 0.67125 0.1 0.0199999 0.0425 0.00457382
7 0.0842969 0.290556 0.00421875 0.0166667 0.00457382
0 0.528125 0.0224653 0.00874999 0.0156944 0.00453949
5 0.0154126 0.248889 0.0169092 0.0216667 0.00436401
2 0.39375 0.112222 0.0175 0.0366667 0.00434875
0 0.188438 0.146389 0.0134375 0.025 0.00432968
0 0.78625 0.0545833 0.02 0.0211111 0.00426483
2 0.0526563 0.302222 0.009375 0.0344444 0.00411606
2 0.73125 0.149722 0.01 0.0472222 0.00400543
7 0.7 0.195833 0.00874996 0.0433333 0.0039444
0 0.47125 0.987778 0.049375 0.0244444 0.00390053
0 0.433438 0.0734722 0.034375 0.0294444 0.00388527
0 0.99625 0.125972 0.00749995 0.0247222 0.00372124
0 0.20375 0.233333 0.0475 0.0538889 0.00365067
0 0.00873535 0.332778 0.0137402 0.045 0.00362206
7 0.23625 0.267778 0.00562501 0.0211111 0.00359344
2 0.69375 0.0490972 0.00499999 0.0129167 0.00351143
3 0.875 0.0638889 0.00499999 0.0166667 0.00346947
2 0.8825 0.0526389 0.00750001 0.0165278 0.00340271
0 0.71375 0.0541667 0.015 0.0194444 0.00337601
2 0.39625 0.105903 0.02375 0.0359722 0.00324821
2 0.719375 0.146389 0.02875 0.055 0.00311089
2 0.573438 0.0262153 0.00625 0.0138194 0.00302696
0 0.885 0.065 0.00500005 0.0169444 0.00294685
2 0.275156 0.125417 0.00906248 0.0261111 0.00287819
0 0.462813 0.00756944 0.00687497 0.00972222 0.00279999
0 0.356562 0.0566667 0.013125 0.0211111 0.0027256
3 0.484063 0.230139 0.015 0.0636111 0.0027256
3 0.234375 0.1225 0.004375 0.0166667 0.00265312
7 0.236094 0.284444 0.00687501 0.0366666 0.00265312
0 0.56125 0.0256944 0.00874996 0.0123611 0.00263214
3 0.69125 0.0861806 0.00875003 0.0418056 0.00257111
0 0.895625 0.0881944 0.03 0.0205556 0.00251198
0 0.348125 0.0665278 0.009375 0.0138889 0.0024929
0 0.995625 0.135 0.00874996 0.0302778 0.00245285
2 0.87375 0.0834722 0.00999997 0.0193056 0.00219154
