0 0.508125 0.898889 0.20375 0.202222 0.961426
0 0.329297 0.607639 0.162656 0.333611 0.958008
0 0.33375 0.311667 0.078125 0.108889 0.956543
0 0.603125 0.297778 0.07625 0.124444 0.941895
0 0.513125 0.339444 0.07375 0.135556 0.939941
0 0.403125 0.334444 0.0775 0.123333 0.938965
0 0.275625 0.195556 0.06 0.0627778 0.895508
1 0.0519922 0.378056 0.103984 0.232222 0.87207
2 0.845 0.169167 0.0225 0.0555556 0.859863
0 0.79 0.0590972 0.035 0.0245833 0.847168
0 0.36625 0.0745833 0.01875 0.0252778 0.841797
2 0.69 0.161111 0.04 0.0555556 0.84082
0 0.524375 0.0115625 0.009375 0.0111806 0.835449
7 0.244375 0.280833 0.008125 0.0244444 0.831055
0 0.327578 0.0881944 0.0160938 0.0216667 0.823242
0 0.74 0.0532639 0.035 0.0241667 0.819824
0 0.385625 0.0684722 0.015 0.0205556 0.801758
0 0.424688 0.0585417 0.016875 0.02125 0.796875
0 0.345938 0.0816667 0.016875 0.0233333 0.790527
0 0.476563 0.0427083 0.01625 0.0223611 0.78125
0 0.7175 0.0569444 0.04 0.0283333 0.771973
7 0.257812 0.2625 0.00718751 0.0233333 0.762207
7 0.74375 0.173889 0.00750001 0.0216667 0.750488
0 0.90625 0.0845833 0.0275 0.0219444 0.743164
7 0.7025 0.200139 0.00749995 0.0241667 0.737305
0 0.289531 0.100972 0.02625 0.0247222 0.723145
7 0.769375 0.13125 0.00374997 0.0166667 0.695801
0 0.0350732 0.300556 0.0322754 0.0322222 0.692871
0 0.410625 0.0590972 0.014375 0.0190278 0.680664
5 0.388125 0.05 0.0125 0.0283333 0.62793
7 0.751875 0.163889 0.00499999 0.02 0.586914
2 0.128281 0.204028 0.0121875 0.0247222 0.570801
0 0.358125 0.0708333 0.01375 0.0208333 0.560059
0 0.375625 0.06375 0.01125 0.0166667 0.542969
7 0.945 0.219444 0.00499999 0.0177778 0.478516
0 0.286875 0.104583 0.028125 0.0255556 0.455078
7 0.94625 0.214722 0.00499999 0.0177778 0.445557
0 0.41125 0.04875 0.01125 0.0177778 0.428223
0 0.396563 0.0580556 0.01375 0.0208333 0.397949
7 0.705 0.0790278 0.00249996 0.0113889 0.395996
7 0.163281 0.202778 0.004375 0.0127778 0.377441
0 0.00780274 0.317222 0.0156055 0.0388889 0.373779
0 0.398125 0.0525694 0.0125 0.0231944 0.352295
0 0.488438 0.00836806 0.00874999 0.0113194 0.345215
2 0.6125 0.035 0.00750001 0.0229167 0.327637
0 0.345 0.0725 0.015 0.0225 0.327637
7 0.7725 0.146667 0.00499999 0.0177778 0.325928
0 0.433438 0.0511111 0.01375 0.0180556 0.307373
0 0.42625 0.0332639 0.01 0.0163889 0.297363
0 0.401875 0.0489583 0.01125 0.0190278 0.294189
7 0.145469 0.211111 0.00375001 0.0116667 0.286133
7 0.675 0.0497917 0.00249996 0.0111111 0.23938
7 0.74625 0.124722 0.00500005 0.0177778 0.220703
0 0.476563 0.0128819 0.010625 0.0122917 0.219971
0 0.5 0.00461806 0.00687501 0.00923611 0.205566
0 0.343125 0.0763889 0.013125 0.0188889 0.203735
5 0.477188 0.0289583 0.01625 0.0301389 0.174438
0 0.38125 0.0688194 0.0125 0.0222222 0.173828
0 0.429375 0.0220833 0.00874999 0.0116667 0.166138
7 0.74625 0.128056 0.00500005 0.0183333 0.144653
0 0.0198633 0.317222 0.0331641 0.0466667 0.143677
0 0.4325 0.0284722 0.00812499 0.0144444 0.141724
7 0.69 0.186944 0.00500005 0.025 0.132568
0 0.45375 0.0066059 0.00625 0.0106771 0.130249
0 0.418125 0.0335417 0.00874999 0.015 0.119995
0 0.374688 0.0590972 0.013125 0.0170833 0.118774
7 0.753125 0.161806 0.00499999 0.0194444 0.111633
7 0.94125 0.219861 0.00500005 0.0177778 0.108215
0 0.90375 0.0816667 0.025 0.0222222 0.107056
2 0.00298096 0.295556 0.00596191 0.0255555 0.104126
2 0.126719 0.198194 0.01125 0.0241667 0.101257
0 0.0313867 0.313889 0.0423047 0.05 0.088501
0 0.0340625 0.295556 0.0359375 0.0411111 0.088501
0 0.423125 0.0527778 0.015 0.0227778 0.0847778
5 0.0198633 0.240833 0.0180469 0.025 0.0800781
0 0.905625 0.0886111 0.02875 0.0269444 0.0761108
7 0.65625 0.0504167 0.00375004 0.0113889 0.0715942
7 0.6925 0.184167 0.00499999 0.0233333 0.0668335
0 0.00912109 0.32 0.0180664 0.0494444 0.0665894
2 0.608125 0.0356944 0.01 0.0229167 0.0603027
0 0.44625 0.00961806 0.00750001 0.00951389 0.0585632
3 0.196563 0.152222 0.00562501 0.0247222 0.055603
7 0.249219 0.128056 0.0034375 0.0122222 0.0552063
0 0.405625 0.0309028 0.00750001 0.00916667 0.0514526
7 0.145859 0.220278 0.00375001 0.0111111 0.0497742
0 0.37625 0.0502778 0.00999997 0.0144444 0.0476074
0 0.0105249 0.311111 0.0168018 0.0388889 0.042572
0 0.438125 0.0136806 0.00749998 0.0111111 0.0420837
2 0.603125 0.040625 0.00750001 0.0213889 0.0399475
7 0.67 0.0517361 0.00250003 0.0115278 0.0352783
0 0.47375 0.020625 0.010625 0.0176389 0.0327148
2 0.277188 0.107986 0.00812499 0.0231944 0.0319824
2 0.205938 0.150556 0.00687501 0.025 0.0302124
7 0.0751563 0.245556 0.00359375 0.0127778 0.029541
3 0.00855591 0.265 0.00788818 0.0194444 0.0274811
3 0.125625 0.212222 0.00625 0.0288889 0.0270691
3 0.00585815 0.261944 0.00601807 0.0172222 0.0233307
7 0.70125 0.0729167 0.00499999 0.0151389 0.0232849
2 0.7325 0.0367014 0.00999997 0.0204861 0.0200958
0 0.493125 0.00805556 0.00499999 0.00930556 0.0200195
7 0.76375 0.151944 0.00499999 0.0183333 0.0191193
0 0.040791 0.304167 0.0382617 0.0472222 0.0171051
3 0.89 0.0641667 0.00625 0.0244444 0.0167847
3 0.234531 0.137639 0.0046875 0.0152778 0.0156021
2 0.89375 0.06875 0.00499999 0.0158333 0.0141144
2 0.611875 0.0320139 0.00687497 0.0261111 0.0133743
0 0.0300977 0.295556 0.0298828 0.0288889 0.0133286
2 0.7275 0.0365278 0.00999997 0.0191667 0.0118713
3 0.230625 0.132361 0.00406249 0.0205556 0.0118713
3 0.885625 0.0619444 0.00375004 0.0191667 0.0115509
0 0.349375 0.0615278 0.0125 0.0188889 0.0113297
2 0.4275 0.0566667 0.0175 0.0202778 0.0104523
7 0.74875 0.128056 0.00375004 0.0169444 0.0103302
0 0.0391016 0.314444 0.045 0.0522222 0.00978088
7 0.140469 0.212917 0.00375001 0.0122222 0.00948334
0 0.459063 0.00421875 0.00687501 0.0084375 0.00941467
0 0.0157813 0.334444 0.0314062 0.0644445 0.00923157
2 0.0137012 0.26 0.00744141 0.0188889 0.00881195
2 0.130313 0.1975 0.0109375 0.0227778 0.00809479
7 0.665 0.0488889 0.00250003 0.00972222 0.00806427
0 0.995313 0.131111 0.00937494 0.0322222 0.00746155
7 0.255 0.134306 0.003125 0.00861111 0.00695801
7 0.0755078 0.260556 0.00390625 0.0116667 0.00671768
0 0.0109082 0.331667 0.0217383 0.0588889 0.00658798
2 0.73375 0.109167 0.00999997 0.0397222 0.00641251
7 0.65 0.0522222 0.00249996 0.0119444 0.00609589
3 0.1675 0.158056 0.00625 0.0177778 0.00600433
0 0.99625 0.125833 0.00749995 0.0305556 0.00577545
1 0.0117773 0.35 0.0234766 0.075 0.0049057
0 0.338125 0.0715972 0.01 0.0179167 0.00477219
7 0.4025 0.335833 0.07625 0.122778 0.0046463
5 0.0203516 0.235278 0.0186328 0.0261111 0.00439835
0 0.385625 0.0713889 0.0175 0.0241667 0.00436401
7 0.0846875 0.245 0.00375001 0.0116667 0.00429916
0 0.00322022 0.283056 0.00643067 0.0205556 0.00426483
0 0.4875 0.0148264 0.00874999 0.0163889 0.00413513
7 0.595625 0.0464583 0.00375004 0.0133333 0.00407028
3 0.0350781 0.262778 0.00585938 0.0211111 0.00376511
0 0.0552344 0.302222 0.0344531 0.0677778 0.00376511
7 0.675 0.0629167 0.00249996 0.00805556 0.00367928
7 0.2525 0.264722 0.0109375 0.0283333 0.00367928
0 0.913125 0.0893056 0.03125 0.0219444 0.00345612
3 0.196563 0.1675 0.005 0.0244444 0.00342941
0 0.42875 0.0141319 0.01 0.0107639 0.00335121
2 0.204219 0.143889 0.0109375 0.0225 0.00335121
1 0.0319727 0.392222 0.0639453 0.245556 0.00327301
0 0.96 0.104583 0.0175001 0.0172222 0.00323486
7 0.169063 0.195278 0.00375001 0.0116667 0.00314713
7 0.875 0.173333 0.00499999 0.0166667 0.0030632
7 0.69 0.176528 0.0125 0.0347222 0.00305176
3 0.207813 0.154444 0.0075 0.0255556 0.00276756
7 0.695625 0.0602083 0.00249996 0.0177778 0.00255013
7 0.244688 0.1325 0.00437501 0.0133333 0.00251198
3 0.182813 0.165 0.00625 0.0238889 0.00251198
5 0.0162305 0.243333 0.0210938 0.0333333 0.00244331
0 0.49375 0.337778 0.11 0.132222 0.00244331
2 0.590625 0.0221528 0.00812499 0.013125 0.00240517
0 0.294375 0.0872222 0.0125 0.0186111 0.00239754
0 0.91125 0.0965278 0.035 0.0238889 0.00236893
7 0.512813 0.339444 0.071875 0.134444 0.00230598
7 0.71125 0.199444 0.00750001 0.0288889 0.00227928
3 0.73125 0.116528 0.00750001 0.0369444 0.00226021
1 0.0158691 0.368889 0.0317383 0.114444 0.00224304
2 0.0554688 0.244722 0.00734375 0.015 0.00218201
0 0.365625 0.048125 0.00749998 0.0120833 0.00214958
5 0.00494873 0.250833 0.00814941 0.0238889 0.00210762
7 0.274375 0.133194 0.00437498 0.0144444 0.00196457
7 0.603125 0.297778 0.07625 0.123333 0.00194168
3 0.190938 0.157222 0.0075 0.0277778 0.00185299
3 0.61125 0.0433333 0.00625 0.0281944 0.00178242
2 0.785625 0.0367361 0.00875003 0.0204167 0.00176144
0 0.99 0.124306 0.0199999 0.0275 0.00174141
0 0.95125 0.103472 0.01875 0.0186111 0.00171375
0 0.92 0.0940278 0.04 0.0266667 0.0016489
7 0.149453 0.197778 0.00499999 0.0152778 0.0016489
0 0.409688 0.0241667 0.013125 0.0183333 0.00163555
2 0.168438 0.158056 0.00625 0.0194444 0.00163555
5 0.045 0.229306 0.0132813 0.0202778 0.00161076
7 0.725 0.0765278 0.00499999 0.0166667 0.00159168
7 0.0650781 0.278333 0.00554688 0.02 0.00156689
7 0.7725 0.142778 0.00499999 0.0183333 0.00151253
7 0.133906 0.219444 0.00500001 0.015 0.00151253
0 0.81 0.0715278 0.045 0.0222222 0.00144958
0 0.441875 0.0472222 0.01 0.0158333 0.00136662
0 0.941875 0.101389 0.0225 0.0191667 0.00135612
2 0.202813 0.159861 0.013125 0.0397222 0.00135136
3 0.705 0.0316667 0.00375004 0.0122222 0.00134563
0 0.395 0.03125 0.00562503 0.00847222 0.00132465
2 0.885 0.0547222 0.00500005 0.0194444 0.00132465
0 0.986875 0.134167 0.02625 0.0322222 0.00131512
2 0.197813 0.144444 0.01 0.0238889 0.0012846
7 0.96375 0.227917 0.00499999 0.0197222 0.0012846
7 0.09375 0.269444 0.00703125 0.0255556 0.0012846
2 0.244063 0.124722 0.00625 0.0177778 0.00127888
7 0.69625 0.0342014 0.00250003 0.014375 0.00126457
7 0.215 0.155 0.00343749 0.0138889 0.0012207
2 0.70375 0.153056 0.0175 0.0511111 0.00115108
7 0.225 0.152361 0.003125 0.00861111 0.00114727
7 0.93375 0.235556 0.00750001 0.025 0.00113392
0 0.69875 0.0544444 0.01 0.0216667 0.00111198
2 0.625 0.0330903 0.00375004 0.0154861 0.00108147
2 0.0372852 0.283333 0.0108984 0.0211111 0.00104809
0 0.0548828 0.312778 0.0692969 0.07 0.00104427
3 0.185625 0.158333 0.008125 0.0286111 0.00102425
