0 0.309688 0.878889 0.139375 0.241111 0.959961
0 0.666875 0.882222 0.155 0.233333 0.959961
0 0.78875 0.81 0.15375 0.235556 0.958008
0 0.117793 0.754444 0.131289 0.177778 0.952637
0 0.28625 0.584445 0.080625 0.126667 0.944824
0 0.678125 0.582778 0.0875 0.126667 0.943359
0 0.375938 0.623889 0.083125 0.128889 0.940918
0 0.581875 0.604445 0.078125 0.115556 0.939453
5 0.48375 0.848889 0.1425 0.302222 0.933594
0 0.4825 0.634444 0.07375 0.128889 0.931152
0 0.239219 0.56125 0.075625 0.0975 0.916504
0 0.5825 0.376111 0.065 0.0433333 0.912598
0 0.4125 0.390278 0.0675 0.0438889 0.896484
0 0.540625 0.297778 0.0225 0.0233333 0.865234
0 0.325 0.332778 0.018125 0.0238889 0.854004
0 0.318125 0.394444 0.06 0.0388889 0.850098
2 0.127109 0.505556 0.024375 0.0561111 0.845703
0 0.665 0.332778 0.05 0.0277778 0.836426
0 0.163906 0.399167 0.034375 0.0294445 0.831055
3 0.38625 0.465 0.0175 0.0622223 0.820801
0 0.366875 0.323611 0.0175 0.0238889 0.81543
0 0.74125 0.334444 0.04375 0.0277778 0.800781
2 0.76375 0.406111 0.01875 0.045 0.789062
0 0.69 0.356944 0.0525 0.0405556 0.78125
2 0.7275 0.404444 0.0125 0.0377778 0.778809
0 0.328672 0.363333 0.0426562 0.0266667 0.777344
0 0.799375 0.332222 0.0362501 0.0233333 0.760742
7 0.666875 0.464722 0.00625 0.0227778 0.757812
0 0.87 0.33 0.0275 0.0211111 0.754883
0 0.403125 0.321667 0.015 0.0211111 0.747559
0 0.853125 0.333333 0.03125 0.0222222 0.747559
2 0.73875 0.395556 0.0175 0.0422222 0.73877
2 0.18375 0.488333 0.025625 0.0527778 0.73877
0 0.0354736 0.463056 0.032959 0.0316666 0.725098
0 0.75625 0.32 0.03125 0.0233333 0.723145
1 0.380625 0.291111 0.01875 0.03 0.694336
0 0.378125 0.350278 0.045 0.0294444 0.692871
0 0.386563 0.323333 0.014375 0.0222222 0.682617
0 0.345625 0.330556 0.0175 0.0266667 0.672363
7 0.925 0.457778 0.00499999 0.0144444 0.665527
0 0.3575 0.316667 0.014375 0.02 0.65332
0 0.369375 0.322222 0.0175 0.0244444 0.629883
2 0.0235547 0.498889 0.00992188 0.0444444 0.615234
7 0.6775 0.479722 0.00749995 0.0238889 0.592773
0 0.411875 0.315 0.01125 0.02 0.59082
0 0.3875 0.319444 0.01375 0.0244444 0.567871
7 0.234531 0.501667 0.00625 0.0205556 0.560059
7 0.634063 0.329167 0.00374997 0.0116667 0.554688
0 0.695 0.310278 0.0325 0.0216667 0.523438
2 0.0295703 0.481944 0.0128125 0.0305555 0.507812
0 0.0290625 0.443889 0.0217969 0.0261111 0.480469
0 0.0329688 0.446111 0.0292188 0.0277778 0.480469
7 0.72875 0.440556 0.00499999 0.0177778 0.480469
0 0.69125 0.313889 0.0325 0.0222222 0.478516
7 0.92375 0.466667 0.00499999 0.0155556 0.457031
7 0.0242969 0.527778 0.00667969 0.0177778 0.42627
0 0.0357812 0.453056 0.0321094 0.0294444 0.419678
0 0.393125 0.299444 0.00874999 0.0133333 0.38501
0 0.391563 0.305556 0.010625 0.0183333 0.349609
0 0.41125 0.311111 0.0125 0.0205555 0.347656
0 0.6675 0.327222 0.055 0.0266667 0.339844
0 0.750625 0.323333 0.04 0.0266667 0.336426
7 0.125938 0.419444 0.00375 0.00888889 0.334473
7 0.220781 0.508611 0.00625 0.0261111 0.320801
7 0.144609 0.416667 0.0028125 0.0127778 0.313965
7 0.735 0.433889 0.00499999 0.0166667 0.287842
2 0.7275 0.400556 0.015 0.0388889 0.27832
2 0.0282813 0.4775 0.0175781 0.0244444 0.27832
0 0.343438 0.321944 0.015 0.0216667 0.264404
0 0.483125 0.262778 0.00625 0.0122222 0.258301
7 0.221875 0.514722 0.0075 0.0238889 0.253906
0 0.369063 0.306667 0.010625 0.0133334 0.248047
0 0.340313 0.321111 0.014375 0.02 0.236572
5 0.447188 0.262222 0.00625 0.0122222 0.212036
0 0.3975 0.315556 0.01 0.02 0.206299
7 0.00845703 0.543889 0.00585938 0.02 0.181885
5 0.494688 0.2625 0.00687501 0.0105555 0.169922
0 0.389063 0.323889 0.016875 0.0222222 0.144653
0 0.403438 0.3 0.00875003 0.0138889 0.141724
2 0.345 0.336667 0.014375 0.0288889 0.130737
0 0.68375 0.322778 0.035 0.0244444 0.114746
7 0.725625 0.442778 0.00374997 0.0177778 0.100891
0 0.43625 0.275556 0.00625 0.00888889 0.093689
0 0.349063 0.327222 0.01625 0.0222222 0.088501
0 0.539375 0.294444 0.02 0.0222222 0.088501
0 0.168711 0.393889 0.0419531 0.0288889 0.0742188
7 0.73875 0.431944 0.00499999 0.0188889 0.0687866
7 0.265313 0.362778 0.003125 0.0111111 0.0670776
0 0.421875 0.277222 0.00812502 0.0111111 0.062561
0 0.415938 0.278889 0.00812499 0.0077778 0.0600891
0 0.333125 0.329722 0.014375 0.0233333 0.0598755
0 0.68375 0.317222 0.0199999 0.0177778 0.0566406
3 0.0227539 0.495 0.00867187 0.0411111 0.0512695
0 0.75875 0.324444 0.0375 0.0244444 0.0507202
7 0.0641406 0.4725 0.004375 0.0133333 0.0484924
0 0.0286133 0.436111 0.0220313 0.0255556 0.0447693
2 0.0155176 0.420556 0.0122461 0.0166667 0.044342
3 0.191719 0.511667 0.008125 0.0477778 0.044342
3 0.18875 0.492778 0.015 0.06 0.0391846
7 0.744375 0.422778 0.00625 0.0155556 0.0359497
0 0.41875 0.283056 0.00687501 0.0138889 0.0331421
2 0.766875 0.4025 0.0175 0.0411111 0.0321045
0 0.413125 0.301667 0.01 0.02 0.03125
7 0.234688 0.368333 0.003125 0.00722221 0.0305634
3 0.193438 0.516111 0.00687499 0.0477778 0.0270691
0 0.4475 0.266111 0.00625 0.00888889 0.0233307
2 0.175938 0.369167 0.004375 0.0166667 0.0232391
7 0.0497656 0.473333 0.005 0.0216667 0.0200958
0 0.85625 0.338333 0.0375 0.025 0.0200195
0 0.36625 0.3 0.00874999 0.0144444 0.0189819
0 0.325938 0.37 0.04375 0.0233333 0.0189056
3 0.163438 0.373333 0.00562499 0.02 0.0176392
7 0.636563 0.316667 0.00437501 0.0105555 0.016922
7 0.205 0.383889 0.003125 0.00888889 0.0157166
0 0.66625 0.338611 0.05375 0.0338889 0.0147858
5 0.695 0.321667 0.0375 0.0266667 0.0145035
7 0.566563 0.317222 0.00500005 0.0122222 0.0139008
3 0.77625 0.352222 0.00750001 0.0266667 0.0130692
2 0.719375 0.403056 0.015 0.035 0.0128708
0 0.7 0.316944 0.035 0.0288889 0.0126724
7 0.12875 0.412778 0.00390625 0.0111111 0.0120544
7 0.595 0.313889 0.00374997 0.0111111 0.0118256
2 0.346875 0.340833 0.019375 0.0283333 0.011734
0 0.0233008 0.441667 0.0272656 0.0255556 0.0115509
0 0.491875 0.266944 0.00499999 0.00888889 0.0108185
2 0.294531 0.338611 0.01125 0.0161111 0.0107346
0 0.37875 0.289444 0.01 0.0155555 0.0105667
0 0.354375 0.312222 0.01375 0.0188889 0.0100098
0 0.0190723 0.425556 0.0214258 0.0222222 0.00981903
0 0.429375 0.271111 0.00499999 0.00777777 0.00955963
3 0.189375 0.372778 0.004375 0.02 0.00933838
7 0.229063 0.371667 0.00375001 0.0111111 0.0086441
7 0.615 0.329722 0.00374997 0.0116667 0.00844574
0 0.47625 0.260556 0.00562499 0.00888889 0.008255
7 0.609375 0.307222 0.00375004 0.0111111 0.00806427
7 0.275625 0.352222 0.00406249 0.0111111 0.00737381
2 0.735625 0.390556 0.025 0.0433333 0.00731659
0 0.755625 0.330833 0.03875 0.025 0.00720596
7 0.265938 0.353333 0.00374999 0.0122222 0.00717545
2 0.184063 0.478889 0.02375 0.0638889 0.0069313
0 0.7025 0.323056 0.035 0.0261111 0.00669098
0 0.8 0.336111 0.03875 0.0288889 0.00621796
0 0.3925 0.28 0.00812499 0.01 0.00598145
0 0.755625 0.314444 0.0300001 0.0227778 0.00559998
2 0.170938 0.378889 0.013125 0.0177778 0.00559998
2 0.0139355 0.407778 0.010293 0.0177778 0.00534439
7 0.260625 0.358889 0.004375 0.0133333 0.00530243
0 0.294844 0.337222 0.0125 0.0155555 0.0051384
3 0.81 0.305 0.00749995 0.02 0.0051384
0 0.325313 0.344167 0.020625 0.0255556 0.00494385
0 0.4125 0.271667 0.00874999 0.0122222 0.00488663
0 0.86375 0.338333 0.035 0.0244444 0.00455475
2 0.29625 0.343333 0.00874999 0.0166667 0.00450516
7 0.220313 0.360556 0.00406251 0.0133333 0.00419998
7 0.225938 0.368889 0.00375001 0.00944446 0.00388527
2 0.0305664 0.421667 0.0119922 0.0133333 0.00382423
0 0.444688 0.273333 0.00499999 0.0111111 0.00379562
7 0.115547 0.4375 0.00421875 0.0116667 0.0037365
2 0.155547 0.374722 0.00734375 0.0227778 0.00367928
7 0.375625 0.624444 0.0825 0.128889 0.00365067
3 0.775625 0.361111 0.00750001 0.0377778 0.00358009
0 0.6825 0.347778 0.03875 0.0266667 0.00355148
0 0.69 0.356389 0.04 0.0338889 0.00344276
2 0.715625 0.397222 0.015 0.0377778 0.00340271
7 0.25375 0.492222 0.00562499 0.0166667 0.00338936
7 0.928125 0.451944 0.00499999 0.0161111 0.00325966
2 0.115234 0.3825 0.005 0.0161111 0.00322342
7 0.5825 0.605556 0.0775 0.117778 0.00316048
0 0.423125 0.313611 0.00750001 0.0127778 0.00311089
0 0.53 0.27 0.00562503 0.00999999 0.00309944
0 0.98625 0.333889 0.00999997 0.0144444 0.00300407
0 0.00592285 0.421389 0.011748 0.0227778 0.00292397
7 0.4825 0.634444 0.07375 0.128889 0.00277901
7 0.7775 0.352778 0.00875003 0.0255556 0.00255013
7 0.723125 0.448056 0.00499999 0.0205556 0.0024147
0 0.464375 0.264444 0.00437501 0.0111111 0.00240517
0 0.743125 0.337778 0.05 0.0294444 0.00232315
2 0.0258203 0.500556 0.0129297 0.05 0.00231361
0 0.0138965 0.441667 0.0268945 0.0288889 0.00230598
0 0.325078 0.36 0.0310937 0.0288889 0.00229645
7 0.670625 0.474444 0.00625 0.0244445 0.00226974
0 0.90625 0.334722 0.01375 0.015 0.00224304
2 0.865625 0.300556 0.00750001 0.0155555 0.00221634
7 0.215469 0.366667 0.00375001 0.0133333 0.00198746
0 0.47 0.268333 0.00499999 0.00888889 0.00198746
7 0.6775 0.582361 0.0862501 0.126389 0.00185299
3 0.25 0.344444 0.00374999 0.0211111 0.00183868
7 0.604375 0.300278 0.00374997 0.0127778 0.00181007
0 0.00464111 0.406111 0.00890137 0.0183333 0.00166798
7 0.605313 0.312222 0.003125 0.00944446 0.0016613
5 0.546875 0.262778 0.00499999 0.0122222 0.00162888
7 0.0553125 0.470278 0.00664063 0.0222222 0.00161076
0 0.127891 0.496111 0.0301562 0.0477778 0.00148964
0 0.185625 0.368333 0.0090625 0.0188889 0.00144386
0 0.455 0.263333 0.00499999 0.00888889 0.00143242
0 0.973125 0.335556 0.0175 0.0166667 0.00141048
0 0.381875 0.36 0.0375 0.0272222 0.00141048
7 0.633438 0.349167 0.00625 0.0166667 0.00140476
0 0.524688 0.262222 0.00437501 0.00999999 0.00139904
7 0.6725 0.466667 0.00750001 0.0277777 0.00138855
0 0.405938 0.276944 0.00562499 0.00777777 0.00137806
2 0.8125 0.300556 0.00874996 0.0188889 0.00136662
2 0.410313 0.322222 0.011875 0.02 0.00136662
2 0.710625 0.396389 0.01125 0.0394445 0.00136185
0 0.405 0.263889 0.00562503 0.0122222 0.00131989
3 0.48875 0.308333 0.00625 0.0244444 0.00129414
0 0.9075 0.335556 0.02125 0.0155556 0.00126934
0 0.69375 0.305556 0.0325 0.0216667 0.00126457
0 0.0378174 0.458889 0.0359277 0.0266667 0.00123501
3 0.995 0.586667 0.00999997 0.08 0.00121593
7 0.285156 0.348611 0.00375001 0.01 0.00118828
3 0.269219 0.342778 0.00562501 0.0166667 0.00118828
3 0.548125 0.268333 0.00625 0.0166667 0.00108147
7 0.164219 0.508333 0.00718749 0.0211111 0.00107288
7 0.7075 0.403611 0.00625 0.0183333 0.00106525
3 0.65625 0.299444 0.00499999 0.0133333 0.00102425
