0 0.167656 0.741111 0.171563 0.333333 0.962891
0 0.687344 0.567917 0.140313 0.264167 0.959961
0 0.941875 0.893889 0.11625 0.212222 0.959961
0 0.0419922 0.853333 0.0836719 0.293333 0.958008
0 0.49 0.683333 0.125 0.337778 0.955566
0 0.346563 0.564444 0.126875 0.245556 0.953613
0 0.805 0.505278 0.1325 0.212778 0.953125
0 0.232344 0.934444 0.194063 0.131111 0.94873
0 0.290625 0.398889 0.1 0.14 0.940918
0 0.705 0.287708 0.0825 0.113472 0.94043
0 0.607188 0.293611 0.085625 0.143333 0.939941
0 0.227031 0.393333 0.0915625 0.116667 0.927734
0 0.410313 0.319444 0.075 0.128889 0.926758
5 0.51 0.375833 0.07875 0.190556 0.924805
0 0.615625 0.0943056 0.06375 0.04 0.897461
0 0.638125 0.0539583 0.04375 0.0268056 0.864258
4 0.167656 0.174444 0.05875 0.0688889 0.859863
0 0.0118848 0.303333 0.0236133 0.0388889 0.848145
0 0.0545703 0.274444 0.0326562 0.0344444 0.84082
0 0.350625 0.107639 0.0475 0.0419444 0.837402
0 0.49625 0.0707639 0.04625 0.0329167 0.824219
7 0.703125 0.198889 0.00625 0.0241667 0.822266
7 0.744375 0.173611 0.00625 0.0211111 0.820801
0 0.0883594 0.23 0.0278125 0.0316667 0.818848
0 0.366875 0.0747222 0.01625 0.0208333 0.811523
7 0.245469 0.28 0.00750001 0.0233333 0.799316
5 0.4275 0.0452778 0.01875 0.0406944 0.788086
0 0.949375 0.0973611 0.0225 0.0209722 0.779785
7 0.0299609 0.376111 0.00578125 0.0211111 0.767578
0 0.76625 0.0655556 0.0425 0.0261111 0.749023
2 0.21 0.263056 0.024375 0.0494444 0.71875
1 0.35625 0.0542361 0.025625 0.0380556 0.705566
7 0.6925 0.184167 0.00499999 0.0211111 0.679199
7 0.945 0.221944 0.00499999 0.0180556 0.663574
7 0.753125 0.163056 0.00625 0.0194444 0.637207
2 0.0357422 0.343333 0.0117969 0.0377778 0.625977
0 0.385313 0.0686111 0.015 0.0205556 0.620605
7 0.77 0.129167 0.00499999 0.0172222 0.609375
7 0.0441406 0.36 0.00484375 0.0166667 0.598145
5 0.409375 0.0563889 0.02 0.0319444 0.588867
5 0.230781 0.156389 0.0534375 0.0483333 0.575684
0 0.325625 0.0879861 0.018125 0.0227778 0.539062
0 0.393125 0.0630556 0.0125 0.0219444 0.535156
1 0.345313 0.0722917 0.0275 0.0420833 0.525391
1 0.4175 0.0211806 0.01875 0.0261111 0.498047
7 0.705625 0.0798611 0.00374997 0.0125 0.496094
0 0.377813 0.0465278 0.010625 0.0144444 0.490234
0 0.7725 0.0548611 0.035 0.0215278 0.476562
7 0.773125 0.145556 0.00499999 0.0183333 0.40918
5 0.32125 0.0772222 0.023125 0.0355556 0.399902
5 0.402188 0.0400694 0.018125 0.0327778 0.381104
3 0.217188 0.279167 0.00999999 0.0577778 0.375732
5 0.40375 0.0437674 0.01875 0.0399653 0.352295
0 0.37125 0.0597222 0.01375 0.0180556 0.303223
7 0.94625 0.214444 0.00499999 0.0183333 0.281494
7 0.675 0.0499306 0.00249996 0.0120833 0.255371
0 0.38625 0.0609722 0.01375 0.0188889 0.254639
5 0.345625 0.0727083 0.0275 0.0409722 0.248047
0 0.378438 0.0665278 0.016875 0.0238889 0.237183
7 0.748125 0.127639 0.00374997 0.0177778 0.228882
7 0.0854688 0.283333 0.00375001 0.0133333 0.216064
0 0.3725 0.0677083 0.015 0.0179167 0.191895
0 0.386875 0.0486111 0.01125 0.0136111 0.191284
5 0.385313 0.0307639 0.011875 0.0216667 0.187744
7 0.0662891 0.296944 0.00453125 0.00888887 0.186523
0 0.432813 0.0233333 0.01125 0.01625 0.166138
0 0.011543 0.296389 0.0228516 0.0294444 0.140381
0 0.0884375 0.224167 0.0279687 0.0277778 0.120422
2 0.0377539 0.344444 0.0160547 0.0377778 0.109314
0 0.459375 0.00574653 0.00625 0.0114931 0.106689
7 0.7525 0.165417 0.00749995 0.0213889 0.0987549
0 0.7775 0.0580556 0.035 0.0261111 0.0950317
7 0.258438 0.263333 0.0078125 0.0222222 0.0907593
1 0.376875 0.0365972 0.025 0.0473611 0.0792236
7 0.7625 0.153056 0.00625 0.0188889 0.078064
0 0.4325 0.0142361 0.009375 0.0131944 0.0685425
0 0.78125 0.0559722 0.03625 0.0261111 0.0682983
0 0.453438 0.00868056 0.00687497 0.00875 0.0637207
0 0.57625 0.0217361 0.0175 0.0126389 0.0621033
7 0.00809082 0.379444 0.00516602 0.0177778 0.0600891
0 0.445938 0.0136111 0.00749998 0.0111111 0.0570679
5 0.0210938 0.245972 0.0201953 0.0236111 0.0564575
7 0.00637695 0.378889 0.00566406 0.02 0.0564575
0 0.76625 0.0559722 0.035 0.0222222 0.0524292
0 0.440313 0.0415972 0.0125 0.0215278 0.0463867
7 0.294375 0.114444 0.00343749 0.0108333 0.0446777
0 0.779375 0.0611111 0.04125 0.0268056 0.0433655
7 0.285781 0.118611 0.003125 0.00888889 0.0411377
0 0.443438 0.0303472 0.00812499 0.0156944 0.0403748
0 0.607813 0.0939583 0.049375 0.0368056 0.0396423
7 0.69375 0.0778472 0.00499999 0.0131944 0.0390625
0 0.3425 0.0745833 0.02 0.0263889 0.0384521
5 0.00504883 0.254444 0.0100586 0.0238889 0.0367737
7 0.254063 0.13875 0.00687501 0.0186111 0.0360718
2 0.0117163 0.2675 0.0116846 0.0188889 0.0358276
7 0.7475 0.125556 0.00499999 0.0194444 0.0352783
7 0.0833594 0.289167 0.00546875 0.0155555 0.0334778
5 0.380625 0.0325694 0.01875 0.0266667 0.0332031
7 0.94125 0.220278 0.00500005 0.0172222 0.0332031
2 0.0151538 0.262778 0.0109424 0.0188889 0.03125
0 0.189375 0.1575 0.045625 0.0422222 0.029541
0 0.208125 0.147639 0.03375 0.0252778 0.029541
2 0.0569531 0.2425 0.00890625 0.0161111 0.029541
0 0.213125 0.148056 0.025 0.0288889 0.028656
5 0.018147 0.247778 0.0167139 0.0233333 0.0280151
7 0.145313 0.223889 0.00374999 0.00944444 0.0275879
0 0.386875 0.0718056 0.01625 0.0233333 0.0268555
7 0.700625 0.0779861 0.00499999 0.0154167 0.0259094
7 0.69625 0.04875 0.00250003 0.0111111 0.0227966
7 0.0690234 0.3 0.00429688 0.0144444 0.0207214
0 0.151953 0.174167 0.0248437 0.0433333 0.0201721
0 0.9475 0.0991667 0.0275 0.0213889 0.0165863
0 0.387188 0.0333333 0.015 0.0308333 0.0152512
2 0.0634375 0.231667 0.008125 0.0205556 0.0149002
7 0.125938 0.220833 0.00375 0.0144444 0.0146713
0 0.197969 0.159444 0.0371875 0.0416667 0.0139008
0 0.463125 0.00861111 0.00625 0.00916667 0.0135345
0 0.189219 0.165833 0.0303125 0.0388889 0.0133286
7 0.6925 0.186667 0.00750001 0.025 0.012825
2 0.655 0.0332292 0.00625 0.015625 0.0123825
0 0.581875 0.0219444 0.02875 0.0140278 0.0119629
0 0.45 0.0166667 0.00874999 0.0136111 0.0116882
3 0.88625 0.0661111 0.00499999 0.0188889 0.0115051
7 0.70375 0.0456944 0.00374997 0.0125 0.0110321
3 0.269531 0.098125 0.0046875 0.0223611 0.0105667
0 0.995 0.125243 0.00999997 0.0328472 0.0102921
2 0.33125 0.0940972 0.01 0.0216667 0.00993347
2 0.648125 0.0322222 0.00999997 0.0133333 0.00963593
0 0.0135156 0.278889 0.0159375 0.0177778 0.0091629
0 0.216406 0.158333 0.0503125 0.0466667 0.00898743
0 0.485 0.009375 0.00437498 0.00888889 0.00888062
2 0.618438 0.0495139 0.00812499 0.0180556 0.00854492
3 0.219219 0.282778 0.015 0.0555556 0.00841522
2 0.626563 0.0336806 0.00562496 0.015 0.00812531
0 0.994688 0.131944 0.0106249 0.0355556 0.00812531
3 0.196406 0.1375 0.00687501 0.0161111 0.00737381
7 0.304375 0.101806 0.0046875 0.0116667 0.00728989
3 0.214688 0.275278 0.015625 0.0472222 0.0068512
5 0.0207227 0.253333 0.0217578 0.0283333 0.00679779
0 0.319922 0.0938889 0.0151563 0.0172222 0.00661469
2 0.123438 0.191944 0.006875 0.0216667 0.00641251
0 0.151641 0.190833 0.0232812 0.0311111 0.00641251
0 0.211563 0.143611 0.028125 0.0211111 0.00626373
2 0.0398633 0.350556 0.0125391 0.0311111 0.00621796
0 0.155313 0.181389 0.0315625 0.0511111 0.00600433
2 0.604063 0.042934 0.00562503 0.0171875 0.00591278
3 0.733125 0.0350347 0.00625 0.018125 0.00559998
0 0.213125 0.142778 0.01 0.0186111 0.0055542
1 0.329375 0.0748611 0.0325 0.04375 0.00534439
7 0.264375 0.133194 0.00374999 0.0116667 0.00527954
7 0.275156 0.120139 0.003125 0.00805556 0.00494385
5 0.79125 0.059375 0.04 0.0272222 0.00468063
0 0.949375 0.105139 0.0225 0.0294445 0.00466537
7 0.2475 0.278889 0.00874999 0.0255555 0.0046463
3 0.217813 0.286389 0.011875 0.065 0.00455475
2 0.71625 0.0704167 0.00999997 0.0277778 0.00453949
2 0.744375 0.114479 0.00999997 0.0421528 0.00450516
3 0.210938 0.271111 0.0225 0.0638889 0.00448608
0 0.990625 0.123611 0.0187499 0.0283333 0.00434875
7 0.0176172 0.327222 0.00835938 0.0155556 0.00432968
2 0.635 0.0354167 0.00625 0.0169444 0.00421524
0 0.9525 0.0998611 0.0275 0.0219444 0.00391388
0 0.0746484 0.233611 0.0149219 0.0266667 0.0037365
0 0.00500855 0.283889 0.00970947 0.0233333 0.00372124
7 0.165781 0.201528 0.00562499 0.0169444 0.00367928
3 0.27375 0.100139 0.00499999 0.0168056 0.00351143
4 0.20875 0.157222 0.100625 0.045 0.00342941
3 0.894375 0.0670139 0.00500005 0.0181944 0.00337601
1 0.380625 0.0280208 0.02375 0.0392361 0.00329781
2 0.0276758 0.247222 0.0197266 0.0216667 0.00328636
7 0.670625 0.0525 0.00499999 0.0141667 0.00322342
2 0.0644531 0.238056 0.00734375 0.0219444 0.00302696
7 0.0329102 0.372222 0.00636719 0.0188889 0.00302696
3 0.73375 0.0429167 0.00500005 0.0190278 0.00300407
0 0.217344 0.151111 0.04 0.0316667 0.00298119
0 0.988125 0.136111 0.02375 0.0311111 0.00294685
5 0.322813 0.0747222 0.029375 0.0416667 0.00283432
3 0.21375 0.115556 0.005 0.0158333 0.00275803
7 0.7775 0.145833 0.00875003 0.0211111 0.00275803
3 0.88875 0.0639583 0.00499999 0.0270833 0.00259018
0 0.7625 0.0572222 0.03875 0.0283333 0.00251198
0 0.188125 0.143889 0.0175 0.025 0.00251198
2 0.715 0.0484722 0.00500005 0.0131944 0.0024929
0 0.975 0.114306 0.015 0.0186111 0.00248146
7 0.0285547 0.376667 0.00757813 0.02 0.00226021
7 0.305 0.114028 0.00375001 0.0122222 0.00221634
0 0.97375 0.105417 0.015 0.0186111 0.00214958
7 0.71 0.0566667 0.00499999 0.0144444 0.00214958
7 0.27 0.125694 0.00499999 0.0119445 0.00211525
2 0.05875 0.2325 0.0109375 0.0222222 0.0020504
7 0.00549316 0.376111 0.00577149 0.025 0.00201988
0 0.99375 0.141111 0.0124999 0.0416667 0.00198746
7 0.145 0.19875 0.0075 0.0236111 0.0019722
0 0.778125 0.0713889 0.04375 0.03 0.00196457
2 0.61625 0.0320139 0.00499999 0.0131944 0.00188923
0 0.475625 0.0126389 0.00500002 0.00902778 0.00182438
7 0.41 0.318889 0.074375 0.13 0.00168705
0 0.226406 0.973889 0.185313 0.0511111 0.00164223
7 0.69 0.0536111 0.00250003 0.0119444 0.00162888
0 0.7475 0.0665278 0.0375 0.0258333 0.00160408
1 0.348125 0.0657639 0.03125 0.0430556 0.00159168
0 0.173281 0.149028 0.0303125 0.0236111 0.00148964
7 0.9475 0.224722 0.00500005 0.0216667 0.00147247
7 0.631563 0.0875 0.033125 0.0263889 0.00144386
7 0.685 0.04625 0.00250003 0.00777778 0.00143242
7 0.725 0.0790972 0.00499999 0.0159722 0.00139427
7 0.135469 0.223611 0.0034375 0.0102778 0.00132465
7 0.244844 0.120833 0.00374999 0.0127778 0.00131512
2 0.20875 0.250278 0.024375 0.0716667 0.00126934
7 0.227188 0.393333 0.089375 0.117778 0.00126934
1 0.35 0.0411806 0.0575 0.0643056 0.0012598
3 0.125 0.212361 0.00437501 0.0230555 0.00123978
7 0.607188 0.293889 0.0831251 0.144444 0.00121593
7 0.095625 0.277222 0.00359375 0.00944443 0.00119209
0 0.5825 0.0253472 0.0325 0.0158333 0.00117874
2 0.70375 0.0285417 0.00499999 0.00958333 0.00114727
7 0.6925 0.1825 0.00625 0.0238889 0.00113773
7 0.76625 0.123056 0.00499999 0.0172222 0.00109482
3 0.224375 0.119444 0.00406249 0.0188889 0.00108147
0 0.905625 0.0924306 0.0175 0.0170833 0.00107288
0 0.181875 0.146667 0.024375 0.0277778 0.00106525
7 0.275313 0.131111 0.00375001 0.0127778 0.00105667
0 0.630625 0.0629167 0.04375 0.0277778 0.00104809
7 0.935 0.236389 0.00625 0.0238889 0.00103188
7 0.675 0.0588889 0.00249996 0.0133333 0.00101185
