0 0.179023 0.825556 0.138828 0.213333 0.959473
0 0.4925 0.840556 0.113125 0.257778 0.951172
0 0.261406 0.949722 0.175313 0.100556 0.948242
0 0.272188 0.624444 0.09375 0.126667 0.939941
0 0.390625 0.566667 0.07625 0.125556 0.931641
0 0.0786719 0.587778 0.074375 0.105556 0.927246
0 0.0317578 0.922222 0.0635156 0.153333 0.927246
0 0.206875 0.613333 0.0925 0.111111 0.917969
0 0.0420703 0.560556 0.0605469 0.0888889 0.90332
0 0.4375 0.398056 0.03125 0.0483333 0.888184
0 0.500313 0.345278 0.021875 0.0322222 0.882324
0 0.158125 0.453333 0.0428125 0.0511111 0.881836
0 0.249688 0.384722 0.028125 0.0338889 0.877441
0 0.466875 0.324444 0.0175 0.0227778 0.875
0 0.44375 0.354444 0.02125 0.0311111 0.869629
5 0.222344 0.416111 0.0346875 0.0566667 0.862305
0 0.309844 0.371944 0.0265625 0.0327778 0.859863
0 0.299063 0.352222 0.0228125 0.0277778 0.855957
0 0.525938 0.305833 0.01375 0.0188889 0.827637
7 0.235469 0.503889 0.00718751 0.0233333 0.82666
5 0.34375 0.329167 0.0225 0.0311111 0.818848
0 0.501875 0.291111 0.01125 0.0155556 0.812988
7 0.222344 0.518056 0.0075 0.0238889 0.805664
0 0.81625 0.331111 0.0375 0.0244444 0.803223
0 0.386875 0.324444 0.0175 0.0216667 0.796875
0 0.88375 0.327778 0.025 0.02 0.767578
0 0.505938 0.32 0.016875 0.0277778 0.762207
0 0.67625 0.311389 0.035 0.0222222 0.747559
0 0.0505371 0.448333 0.032207 0.0277778 0.747559
7 0.666875 0.464444 0.00625 0.0233333 0.746094
0 0.485 0.300556 0.0125 0.0188889 0.729492
0 0.7575 0.333056 0.0425 0.0294444 0.728027
7 0.72375 0.400833 0.00499999 0.0177778 0.726562
0 0.406875 0.321111 0.015 0.0233333 0.723145
1 0.027207 0.528889 0.0543359 0.148889 0.706543
7 0.72875 0.438889 0.00499999 0.0188889 0.705566
0 0.0129395 0.468333 0.0258789 0.0344445 0.690918
0 0.229219 0.379444 0.0240625 0.0266667 0.680664
5 0.0145996 0.442222 0.0280664 0.04 0.644043
7 0.92625 0.457222 0.00499999 0.015 0.644043
7 0.75 0.414444 0.00499999 0.0177778 0.622559
0 0.459375 0.306111 0.0125 0.0188889 0.598145
0 0.0541797 0.435 0.0326562 0.03 0.594727
7 0.6775 0.479722 0.00749995 0.025 0.594727
7 0.145625 0.416944 0.0034375 0.0116666 0.577637
7 0.74 0.426111 0.00500005 0.0222222 0.571777
0 0.370625 0.313611 0.01125 0.0194444 0.569824
0 0.395625 0.316111 0.01125 0.02 0.550781
0 0.411875 0.302778 0.014375 0.0288889 0.548828
0 0.246406 0.354722 0.02375 0.0216667 0.525391
7 0.635 0.328611 0.003125 0.0111111 0.505859
0 0.482188 0.2775 0.00750001 0.0127778 0.5
7 0.92375 0.466667 0.00374997 0.0161111 0.5
0 0.46125 0.309722 0.011875 0.0205555 0.470703
0 0.38125 0.314167 0.01125 0.0194444 0.451416
2 0.66375 0.344167 0.00750001 0.0355556 0.383057
7 0.125938 0.420833 0.00375 0.0111111 0.383057
7 0.74625 0.398889 0.00500005 0.0166667 0.370117
3 0.66375 0.343889 0.00750001 0.035 0.346924
7 0.68375 0.353056 0.00500005 0.0127778 0.317383
7 0.65375 0.327778 0.00374997 0.0133333 0.310791
0 0.0541504 0.4425 0.0329492 0.0294444 0.294922
5 0.411875 0.303889 0.01625 0.0277778 0.259766
0 0.4675 0.293889 0.00999997 0.0177778 0.250977
0 0.0143945 0.437222 0.0261719 0.03 0.240723
2 0.260938 0.35 0.0103125 0.02 0.225464
0 0.46625 0.2775 0.00625 0.0116666 0.216064
0 0.75375 0.330556 0.0375 0.0261111 0.20752
0 0.495313 0.261667 0.00625 0.0111111 0.201782
0 0.229688 0.376389 0.02 0.025 0.184204
0 0.50375 0.313889 0.015 0.0266667 0.182983
0 0.433438 0.275833 0.00687501 0.01 0.153076
0 0.5 0.290278 0.00874999 0.015 0.152588
0 0.379375 0.302222 0.01125 0.0166667 0.138916
0 0.473438 0.277222 0.00687501 0.0116667 0.132568
3 0.665625 0.345 0.01125 0.0344445 0.130737
0 0.484063 0.263889 0.00562499 0.0122222 0.130249
0 0.226563 0.385556 0.0271875 0.0344445 0.128052
0 0.39125 0.306667 0.01125 0.0166667 0.103027
0 0.4275 0.280556 0.00812499 0.0122222 0.0903931
0 0.250938 0.38 0.02625 0.0311111 0.0894775
0 0.258438 0.356944 0.010625 0.0227778 0.0894775
0 0.429375 0.272778 0.00625 0.0105555 0.0891113
7 0.7425 0.4225 0.00625 0.0172222 0.0817871
7 0.7275 0.442778 0.00500005 0.0188889 0.062561
7 0.736875 0.427778 0.00500005 0.02 0.0534058
0 0.421875 0.293611 0.010625 0.0161111 0.0528259
0 0.470625 0.27 0.00625 0.00833333 0.0510864
3 0.661875 0.343889 0.00625 0.0322222 0.0505066
0 0.00511231 0.406111 0.0100488 0.0166667 0.0499573
2 0.260313 0.359444 0.010625 0.0216667 0.0470886
2 0.26625 0.336667 0.00562501 0.0172222 0.0448608
0 0.418125 0.285556 0.00874999 0.0127778 0.0426331
0 0.490625 0.266111 0.00500002 0.0105555 0.0402527
0 0.47625 0.263333 0.00625 0.01 0.0337219
7 0.148594 0.413889 0.00421875 0.0144444 0.032959
0 0.89 0.331944 0.035 0.0216667 0.0267639
0 0.379063 0.290556 0.00687501 0.0133333 0.0247955
0 0.0176855 0.443333 0.0266211 0.0383334 0.0235138
7 0.595 0.313333 0.00374997 0.0122222 0.0227203
5 0.346563 0.325278 0.02375 0.0288889 0.0177155
0 0.0106836 0.405278 0.0124609 0.0161111 0.0166626
7 0.6725 0.465833 0.00625 0.0266667 0.0165253
7 0.73375 0.4325 0.00625 0.0172222 0.0152512
3 0.214688 0.362778 0.00375001 0.0144444 0.0146713
3 0.709375 0.382222 0.00874996 0.0422222 0.014061
0 0.4175 0.306111 0.0175 0.0222222 0.0134811
0 0.0288477 0.482222 0.0526172 0.06 0.0119171
0 0.350625 0.307222 0.01 0.0155555 0.0117798
0 0.394063 0.301111 0.009375 0.0166667 0.0116425
0 0.414688 0.2825 0.01 0.0133333 0.0103683
0 0.55375 0.296111 0.0125 0.0144444 0.00854492
0 0.675 0.307778 0.035 0.0266667 0.00844574
0 0.464375 0.299444 0.014375 0.0211111 0.00831604
7 0.753125 0.415556 0.00499999 0.0155555 0.00828552
7 0.9275 0.453611 0.00499999 0.0172222 0.00775528
3 0.190469 0.375556 0.0046875 0.0244444 0.00748825
2 0.694375 0.332222 0.00999997 0.0311111 0.0068779
0 0.885625 0.337222 0.0325 0.0288889 0.00669098
7 0.146094 0.408889 0.00374999 0.015 0.00661469
7 0.565625 0.318333 0.003125 0.0122222 0.00656509
3 0.21375 0.355278 0.004375 0.0194444 0.00641251
2 0.2225 0.36 0.009375 0.0172222 0.00631332
0 0.502188 0.281111 0.00874999 0.0138889 0.00602722
0 0.237188 0.356667 0.029375 0.0222222 0.00568771
2 0.250781 0.35 0.01625 0.0244444 0.00548935
0 0.88 0.333889 0.03 0.02 0.00544739
0 0.0361279 0.478333 0.0354004 0.0533333 0.00527954
0 0.5025 0.318333 0.018125 0.0322222 0.00518036
0 0.168281 0.366667 0.0315625 0.0255556 0.0049057
0 0.460625 0.288889 0.0125 0.0155556 0.00471878
0 0.373438 0.279444 0.00625 0.0111111 0.00468063
0 0.44875 0.269444 0.00625 0.0105555 0.00468063
7 0.39 0.567222 0.07625 0.125556 0.0046463
0 0.444375 0.273333 0.00500002 0.0111111 0.00438309
0 0.755 0.324167 0.035 0.0233333 0.0042305
2 0.268281 0.336667 0.00718749 0.0177778 0.00403976
7 0.205313 0.386944 0.003125 0.0138889 0.00400543
7 0.575 0.326667 0.00499999 0.0133333 0.00395966
3 0.810625 0.306111 0.00874996 0.02 0.00383949
0 0.0369141 0.42 0.00851563 0.0122222 0.00380898
0 0.3275 0.329722 0.011875 0.0183333 0.00359344
2 0.715 0.384722 0.01625 0.0427778 0.00359344
0 0.364375 0.293333 0.00874999 0.0122222 0.00348282
0 0.181094 0.37 0.021875 0.0222222 0.0030632
7 0.615 0.328889 0.00374997 0.0111111 0.00293541
0 0.0454688 0.457778 0.0238281 0.0411111 0.00279045
7 0.709375 0.399444 0.00625 0.0311111 0.00273705
0 0.217344 0.418889 0.0259375 0.0411111 0.00271416
3 0.65 0.310556 0.00499999 0.0211111 0.00269318
2 0.689375 0.339444 0.01375 0.0311111 0.00258064
2 0.675625 0.304444 0.0275 0.0188889 0.00257111
0 0.495938 0.274444 0.00874999 0.0144444 0.00255013
3 0.71 0.306667 0.00499999 0.0188889 0.00253105
0 0.889375 0.34 0.0375 0.0277778 0.0024929
0 0.455 0.307222 0.015 0.0266667 0.0024929
7 0.128438 0.414722 0.004375 0.015 0.00236893
2 0.275156 0.333889 0.00593748 0.0188889 0.00231361
7 0.115156 0.434444 0.004375 0.0144444 0.00230598
1 0.0276953 0.503889 0.0545313 0.103333 0.00223351
0 0.47375 0.291667 0.00750001 0.0144444 0.00218201
7 0.63625 0.318889 0.00375004 0.0122222 0.00215721
7 0.57375 0.318889 0.00499999 0.0127778 0.00209999
0 0.549375 0.296111 0.0125 0.0138889 0.00202751
0 0.308594 0.358889 0.0209375 0.0288889 0.00199509
0 0.445 0.263056 0.00375001 0.00833333 0.00195694
0 0.45625 0.0222917 0.038125 0.0411111 0.00191879
0 0.0420996 0.469167 0.0243945 0.0483334 0.00186062
7 0.655625 0.318333 0.00374997 0.0133333 0.00179577
7 0.565625 0.327222 0.00375004 0.0116667 0.00173378
0 0.3375 0.331111 0.0175 0.0266667 0.00164223
3 0.99375 0.583889 0.0124999 0.11 0.00162888
7 0.273125 0.625 0.093125 0.126667 0.0015974
0 0.0128906 0.491111 0.025625 0.0655556 0.00157928
1 0.0387305 0.533889 0.0686328 0.144444 0.00157356
3 0.715 0.413889 0.00749995 0.0427778 0.00156689
7 0.194375 0.384444 0.00375001 0.0161111 0.00153637
0 0.503125 0.258889 0.00625 0.00999999 0.00152493
3 0.994375 0.591111 0.01125 0.0822223 0.0014782
0 0.36375 0.2825 0.00750001 0.0144444 0.00146103
7 0.0311719 0.922222 0.0623438 0.153333 0.00142097
3 0.164688 0.3825 0.00375001 0.0211111 0.00141048
2 0.555938 0.282222 0.00812499 0.0144444 0.00138855
0 0.514375 0.260556 0.00437501 0.00666665 0.00126457
7 0.695 0.365 0.00499999 0.0172222 0.00126457
7 0.72375 0.394444 0.00499999 0.0266667 0.00126457
0 0.9025 0.335 0.0325 0.0166667 0.00124931
7 0.0640625 0.469444 0.00570313 0.0166666 0.00120163
0 0.96625 0.335833 0.0125 0.0172222 0.00119686
0 0.22125 0.416111 0.034375 0.05 0.00118828
0 0.405 0.279167 0.00499999 0.00833333 0.00117874
2 0.255 0.334722 0.0075 0.0244444 0.00115108
0 0.693125 0.315556 0.0325 0.0155555 0.0011158
3 0.665 0.349167 0.00500005 0.0366667 0.00106525
0 0.313125 0.317222 0.009375 0.0138889 0.00103664
7 0.673125 0.471111 0.00875003 0.0288889 0.00103188
