0 0.83375 0.875 0.1625 0.247778 0.961914
0 0.648125 0.818889 0.13125 0.24 0.958496
0 0.315625 0.792222 0.12375 0.208889 0.955566
0 0.45875 0.857222 0.1175 0.254444 0.954102
0 0.7075 0.613889 0.11 0.156667 0.946777
0 0.28375 0.602222 0.08875 0.12 0.944824
0 0.200938 0.613333 0.0859375 0.108889 0.942871
0 0.380625 0.582222 0.07625 0.112222 0.935547
0 0.573438 0.566528 0.0725 0.118056 0.931641
0 0.478438 0.625556 0.075625 0.136667 0.928223
0 0.0680078 0.947222 0.135859 0.105555 0.92041
0 0.85375 0.387222 0.0375 0.0433333 0.905762
0 0.469063 0.380833 0.071875 0.0483333 0.881836
0 0.68125 0.368333 0.05625 0.04 0.868164
0 0.41625 0.378333 0.045 0.0388889 0.85791
0 0.0888281 0.407222 0.0307813 0.0233333 0.844727
0 0.240156 0.985556 0.110312 0.0266667 0.842773
0 0.0435547 0.46 0.0374219 0.0355555 0.84082
0 0.336563 0.334722 0.0175 0.0216667 0.838867
1 0.312656 0.318889 0.0359375 0.0511111 0.834473
5 0.3875 0.311667 0.02 0.04 0.832031
0 0.7375 0.336111 0.045 0.0255556 0.830078
2 0.298438 0.346667 0.0121875 0.0211111 0.813965
0 0.366875 0.327222 0.01875 0.0233333 0.811523
3 0.248906 0.473333 0.015 0.06 0.79834
7 0.6775 0.48 0.00749995 0.0238889 0.78418
0 0.79625 0.333889 0.04 0.0255556 0.775879
7 0.66625 0.464444 0.00625 0.0222223 0.757812
2 0.0595703 0.467222 0.0167969 0.0305556 0.750488
0 0.353125 0.323889 0.0125 0.02 0.728027
7 0.234531 0.503056 0.00718749 0.0227778 0.728027
7 0.0230469 0.528333 0.00492188 0.0155555 0.694336
1 0.357813 0.301389 0.023125 0.0338889 0.668945
2 0.211406 0.417222 0.028125 0.0433333 0.657715
0 0.928125 0.333611 0.02375 0.0177778 0.647949
0 0.0125391 0.432222 0.0238281 0.0227778 0.644043
0 0.00683594 0.402778 0.0136328 0.0233333 0.640625
0 0.40625 0.318611 0.01625 0.0222222 0.575684
7 0.92375 0.456389 0.00499999 0.015 0.563965
7 0.745625 0.399722 0.00375004 0.0138889 0.558105
7 0.74875 0.416111 0.00499999 0.0166667 0.511719
0 0.41375 0.292222 0.01 0.0144444 0.498047
0 0.395 0.281667 0.00999997 0.0155555 0.482422
0 0.4025 0.296667 0.011875 0.0155556 0.480469
0 0.371875 0.315556 0.0125 0.0188889 0.460938
0 0.343125 0.316944 0.0125 0.0161111 0.44751
7 0.145156 0.415833 0.00437501 0.0122222 0.445557
0 0.52625 0.280556 0.01 0.0161111 0.437744
7 0.723125 0.401944 0.00499999 0.0183333 0.405518
7 0.126094 0.417222 0.00390625 0.01 0.401611
0 0.374375 0.297222 0.01 0.0122222 0.390381
7 0.923125 0.465833 0.00499999 0.0172222 0.379395
0 0.33875 0.317222 0.00999997 0.0144444 0.364746
2 0.200938 0.365 0.00874999 0.0222222 0.319092
7 0.73875 0.421667 0.00499999 0.02 0.279053
0 0.374688 0.305556 0.0125 0.0205555 0.274414
7 0.745 0.418889 0.00499999 0.0177778 0.271973
7 0.7275 0.439444 0.00500005 0.0188889 0.267334
0 0.426875 0.276111 0.00750001 0.0111111 0.243652
0 0.411875 0.316111 0.0125 0.0188889 0.204956
7 0.73375 0.431111 0.00500005 0.0172222 0.203735
0 0.366563 0.317778 0.014375 0.0177778 0.196777
7 0.63375 0.328889 0.00374997 0.0111111 0.182373
0 0.434375 0.275278 0.00625 0.00888889 0.181885
7 0.72625 0.441389 0.00499999 0.0188889 0.14563
0 0.40375 0.280556 0.00750001 0.01 0.11554
0 0.210938 0.4175 0.03 0.0394445 0.115173
0 0.493438 0.266667 0.00812499 0.01 0.101257
0 0.41125 0.3075 0.01125 0.0166667 0.092041
7 0.73625 0.428056 0.00499999 0.0188889 0.0836182
7 0.219531 0.5075 0.0065625 0.025 0.0709229
0 0.49375 0.262778 0.00625 0.0111111 0.0708008
0 0.9275 0.339722 0.0275 0.0227778 0.0634766
0 0.00985352 0.422778 0.019707 0.0255556 0.0607605
2 0.298594 0.347222 0.00968752 0.0255556 0.0592041
7 0.0525781 0.473056 0.0101563 0.0227778 0.0574951
0 0.41625 0.284167 0.01 0.0144444 0.0554199
7 0.22125 0.517778 0.00812499 0.0238889 0.0507202
0 0.9325 0.336111 0.0275 0.0183333 0.0488586
0 0.413125 0.283889 0.010625 0.0155555 0.0467224
2 0.187188 0.37 0.008125 0.0194444 0.0422363
0 0.015166 0.429722 0.027793 0.0261111 0.0411377
1 0.321563 0.322778 0.019375 0.0405555 0.0399475
7 0.63625 0.316667 0.00437501 0.0122222 0.0391846
0 0.426875 0.273333 0.00750001 0.0111111 0.0375977
7 0.275313 0.351667 0.00375001 0.00999999 0.0367737
7 0.565938 0.316667 0.00375004 0.0111111 0.0360718
7 0.224375 0.364444 0.00375001 0.0122222 0.032959
7 0.165 0.417778 0.00375001 0.0122222 0.032959
0 0.4425 0.264444 0.00625 0.00999999 0.0284424
7 0.653125 0.326667 0.00375004 0.0122222 0.0227203
3 0.18875 0.371944 0.004375 0.0211111 0.0219421
7 0.220625 0.358333 0.00374999 0.0111111 0.0212402
1 0.320313 0.313333 0.020625 0.0422222 0.0201721
0 0.443125 0.272778 0.00750001 0.0122222 0.0197144
0 0.515 0.261111 0.00375001 0.00666665 0.0196381
7 0.265938 0.362778 0.00312502 0.0111111 0.0189056
7 0.128359 0.414444 0.0040625 0.0133333 0.0172424
0 0.475625 0.26 0.00500002 0.00666668 0.0165863
7 0.00827148 0.543333 0.00554688 0.0211111 0.0161591
0 0.485625 0.255833 0.00499999 0.0111111 0.014389
0 0.356563 0.302222 0.025 0.0238889 0.0132217
0 0.465 0.262778 0.00375001 0.00888889 0.0131683
0 0.865 0.300278 0.00750001 0.0127778 0.0128708
2 0.295313 0.346667 0.015 0.0205556 0.0127258
3 0.70875 0.31 0.00500005 0.0177778 0.0109863
0 0.93125 0.341944 0.0325 0.0216667 0.0107803
7 0.265781 0.352222 0.00406249 0.0111111 0.0106506
2 0.186563 0.379444 0.00812499 0.025 0.0103302
3 0.247188 0.4675 0.0153125 0.0627778 0.0102081
7 0.75375 0.415556 0.00499999 0.0166667 0.00847626
0 0.74625 0.330556 0.0425001 0.0255556 0.00844574
3 0.249688 0.336111 0.00375001 0.0211111 0.00828552
0 0.9525 0.336111 0.0125 0.0161111 0.00763702
7 0.595625 0.312222 0.00375004 0.0122222 0.0068512
7 0.65375 0.318333 0.00499999 0.0122222 0.00682449
7 0.235 0.367222 0.0028125 0.00666665 0.00671768
7 0.202188 0.387778 0.00750001 0.0155555 0.00669098
2 0.176719 0.369722 0.005 0.0166667 0.00666809
7 0.148594 0.412222 0.00406249 0.0116667 0.00658798
0 0.137578 0.991667 0.0264062 0.0144444 0.00619125
7 0.7175 0.451111 0.00750001 0.0222222 0.00588989
0 0.535938 0.263333 0.00437501 0.01 0.00540543
7 0.615 0.33 0.00374997 0.0111111 0.00530243
2 0.635625 0.301667 0.00499999 0.0188889 0.00521851
0 0.9425 0.34 0.02875 0.0177778 0.00521851
7 0.169531 0.413333 0.0046875 0.0155555 0.00508118
2 0.409375 0.322222 0.01375 0.0216667 0.00494385
0 0.523125 0.261111 0.00562499 0.00888889 0.00486755
7 0.285313 0.348611 0.00437498 0.0144444 0.00469971
0 0.527188 0.273056 0.00874999 0.0122222 0.00453949
0 0.380625 0.291111 0.00749998 0.015 0.00452042
0 0.0226123 0.425556 0.0329785 0.0244444 0.00432968
0 0.53375 0.276944 0.00500002 0.00999999 0.00426483
7 0.573125 0.318889 0.00562503 0.0133333 0.00416565
0 0.419063 0.310556 0.014375 0.0177778 0.00411606
3 0.488125 0.309167 0.00625 0.0216667 0.00397491
7 0.478438 0.625556 0.075 0.135556 0.00382423
7 0.260625 0.358611 0.005 0.0138889 0.00370789
0 0.90875 0.339444 0.025 0.0155555 0.00366402
7 0.706875 0.404167 0.00499999 0.0138889 0.00359344
3 0.865 0.309167 0.00499999 0.0183333 0.00351143
7 0.245156 0.365556 0.0028125 0.00888887 0.00345612
0 0.131094 0.99 0.0284375 0.0177777 0.00345612
0 0.448125 0.268889 0.00625 0.00888889 0.00332451
3 0.254688 0.328889 0.005 0.0222222 0.00331116
0 0.41 0.271111 0.00749998 0.00999999 0.00324821
7 0.116016 0.405 0.00421875 0.0122222 0.00323486
2 0.0245898 0.404167 0.00808594 0.0166667 0.00314713
0 0.96875 0.348056 0.0175 0.0216667 0.00312424
0 0.97375 0.335278 0.015 0.0155555 0.00304031
7 0.695625 0.358889 0.0125 0.0266667 0.00286674
7 0.665 0.313889 0.00250003 0.0111111 0.00282288
0 0.297031 0.337222 0.00718749 0.0188889 0.00271416
7 0.219063 0.518889 0.00875001 0.0233333 0.00257111
0 0.00632813 0.3975 0.0126563 0.0305556 0.00253105
7 0.595313 0.301111 0.00437501 0.0138889 0.00245285
0 0.00494385 0.453611 0.0098877 0.0383333 0.0024147
7 0.67 0.476111 0.00625 0.025 0.00221634
0 0.9625 0.335 0.01125 0.0161111 0.00219917
7 0.125781 0.408333 0.00375 0.0144444 0.00219154
0 0.685 0.363611 0.04 0.0366667 0.0020504
3 0.548125 0.268333 0.00625 0.0155555 0.0020504
2 0.201719 0.360278 0.0078125 0.0244444 0.00203514
0 0.951875 0.343889 0.02125 0.02 0.00198746
0 0.394375 0.275278 0.01125 0.0166667 0.00195694
0 0.388438 0.283889 0.009375 0.0166667 0.00194931
0 0.354375 0.28 0.00812499 0.01 0.00189686
7 0.284375 0.602222 0.088125 0.12 0.00186729
3 0.163438 0.381389 0.005 0.0211111 0.00181007
2 0.104063 0.388611 0.0071875 0.0161111 0.00175476
2 0.69375 0.334444 0.0125 0.0277778 0.00174809
3 0.245313 0.476944 0.025625 0.0672222 0.00169373
0 0.89875 0.336667 0.0225 0.0166667 0.0016613
0 0.40625 0.262778 0.00500002 0.0116667 0.0016489
2 0.764375 0.320278 0.00750001 0.0205555 0.00161076
0 0.68875 0.341667 0.01375 0.0344444 0.00150681
2 0.7775 0.340833 0.00999997 0.0266667 0.00140476
7 0.723125 0.447778 0.00499999 0.0211111 0.00135612
7 0.380625 0.583472 0.075 0.113056 0.00135612
0 0.464063 0.274167 0.00437498 0.00999999 0.00133038
0 0.9725 0.368333 0.0362501 0.03 0.00129414
0 0.67375 0.365 0.045 0.0377778 0.00129414
7 0.916875 0.469444 0.00499999 0.0166666 0.00126457
3 0.46875 0.305556 0.00625 0.0216667 0.0012598
3 0.164219 0.373889 0.00406249 0.0222222 0.00122547
0 0.0365234 0.388333 0.00976562 0.02 0.00121117
0 0.48375 0.246111 0.00499999 0.00999999 0.0012064
3 0.23875 0.465556 0.010625 0.0477778 0.0011692
0 0.980625 0.336944 0.02125 0.0188889 0.00110722
0 0.9725 0.362778 0.035 0.03 0.00109005
0 0.0508496 0.444722 0.022832 0.0216667 0.00108147
0 0.0774219 0.407778 0.0192187 0.0222222 0.00107288
7 0.675 0.316111 0.00249996 0.0111111 0.00104046
0 0.97375 0.352778 0.03 0.0277778 0.00102425
0 0.7775 0.335 0.0725 0.0266667 0.00100803
5 0.0682031 0.947222 0.135469 0.105555 0.00100803
