0 0.182969 0.715556 0.165313 0.317778 0.960449
0 0.3525 0.543889 0.12125 0.227778 0.958496
0 0.485 0.886667 0.18 0.224444 0.958496
0 0.7425 0.873333 0.1925 0.251111 0.958008
0 0.645625 0.479444 0.115 0.21 0.95752
0 0.494375 0.581111 0.11 0.266667 0.955566
0 0.264375 0.887778 0.18375 0.223333 0.955078
0 0.93375 0.858889 0.1325 0.277778 0.953125
0 0.508125 0.301597 0.06625 0.119028 0.946289
0 0.8125 0.531944 0.15125 0.238333 0.944336
0 0.613125 0.291667 0.075 0.105556 0.941895
0 0.087793 0.681111 0.134414 0.242222 0.937988
0 0.407188 0.321667 0.07875 0.121111 0.932617
0 0.70125 0.279722 0.095 0.128333 0.928711
0 0.295 0.378333 0.101875 0.147778 0.914062
0 0.221563 0.401389 0.095625 0.133889 0.898438
0 0.421875 0.124444 0.06 0.0444444 0.890137
0 0.305625 0.140278 0.051875 0.0388889 0.873047
0 0.650625 0.065 0.0475 0.03 0.833496
0 0.206875 0.198611 0.05125 0.0438889 0.832031
0 0.038418 0.303056 0.0375391 0.04 0.831055
0 0.0998438 0.243611 0.0354688 0.0338889 0.823242
0 0.176563 0.200139 0.0365625 0.0352778 0.822266
7 0.70375 0.2 0.00750001 0.0233333 0.79834
0 0.474688 0.0652778 0.025625 0.0272222 0.790527
0 0.52375 0.0845833 0.05875 0.0388889 0.788086
0 0.745 0.0533333 0.0375 0.0230556 0.78418
0 0.77 0.0611111 0.035 0.025 0.767578
0 0.0110059 0.325556 0.0218555 0.0344445 0.762207
0 0.830625 0.0697917 0.03625 0.0252778 0.747559
7 0.245469 0.283333 0.0078125 0.0266667 0.730957
0 0.43875 0.0845139 0.0375 0.0269444 0.720215
7 0.0447266 0.362222 0.00554688 0.0166667 0.70752
0 0.510313 0.0401215 0.01625 0.0194792 0.704102
7 0.7725 0.147222 0.00499999 0.0172222 0.695801
0 0.0341602 0.287778 0.0305859 0.03 0.692871
7 0.77 0.129444 0.00499999 0.0161111 0.680664
0 0.130391 0.201111 0.0345312 0.0322222 0.679199
7 0.7525 0.164028 0.00500005 0.0197222 0.677246
7 0.74375 0.174722 0.00499999 0.0191667 0.660156
2 0.231563 0.143056 0.010625 0.025 0.658203
0 0.289375 0.103542 0.028125 0.0226389 0.645996
2 0.6075 0.0411111 0.015 0.0202778 0.642578
0 0.0108887 0.95 0.0217773 0.0977778 0.642578
7 0.94625 0.220556 0.00499999 0.0180556 0.638672
0 0.881875 0.0791667 0.02625 0.0222222 0.635254
0 0.395625 0.0638889 0.01375 0.0197222 0.613281
0 0.348125 0.0836806 0.015 0.0197222 0.604004
0 0.81125 0.0597222 0.0325 0.0222222 0.598145
0 0.499375 0.0239583 0.01125 0.0152778 0.594727
7 0.691875 0.185 0.00750001 0.0222222 0.57959
0 0.525625 0.0163542 0.00874999 0.0124306 0.562012
0 0.328047 0.0897222 0.0176563 0.0208333 0.558105
0 0.90375 0.0815278 0.0275 0.0208333 0.556641
0 0.37375 0.0708333 0.015 0.0208333 0.550781
3 0.0310547 0.368889 0.0110547 0.0388889 0.507812
0 0.335 0.0875 0.01625 0.0211111 0.503906
2 0.64375 0.0461111 0.00750001 0.0229167 0.462891
0 0.384375 0.0645833 0.01375 0.0183333 0.457031
0 0.484688 0.0394618 0.014375 0.0194097 0.403564
0 0.416875 0.0489583 0.01125 0.0169444 0.370117
0 0.86875 0.0752083 0.0275 0.0202778 0.368408
0 0.356875 0.0706944 0.01125 0.0175 0.363037
0 0.410313 0.05375 0.011875 0.0188889 0.35498
0 0.4025 0.0584028 0.0125 0.0179167 0.338135
0 0.54625 0.0111458 0.00875003 0.0132639 0.331055
0 0.376563 0.0518056 0.010625 0.0136111 0.320801
3 0.22125 0.146806 0.00499999 0.0258333 0.319092
0 0.8675 0.0720139 0.0225 0.01875 0.305664
7 0.74875 0.129861 0.00499999 0.0175 0.296631
0 0.423438 0.0426563 0.01125 0.0138542 0.295898
0 0.51375 0.0340972 0.0125 0.0184722 0.281494
0 0.805 0.0626389 0.0375 0.0234722 0.275146
0 0.3725 0.0560417 0.013125 0.0165278 0.262939
7 0.0696094 0.3 0.00453125 0.0177778 0.262939
0 0.355938 0.07875 0.01375 0.0191667 0.259766
0 0.88625 0.0811111 0.0275 0.0220833 0.253906
0 0.36375 0.0693056 0.01375 0.0194444 0.213989
0 0.775 0.0551389 0.03 0.0219444 0.20752
0 0.39375 0.0497222 0.01125 0.0163889 0.196777
0 0.405 0.0501389 0.01125 0.0166667 0.195557
7 0.746875 0.129722 0.00499999 0.0166667 0.194336
0 0.435938 0.0880556 0.031875 0.0297222 0.191895
0 0.82375 0.0689583 0.0375 0.0245833 0.188354
0 0.3625 0.0743056 0.015 0.0191667 0.184814
2 0.654375 0.0378472 0.00750001 0.0209722 0.176636
0 0.881875 0.0824306 0.02875 0.0230556 0.152588
0 0.422813 0.0316667 0.010625 0.01375 0.150513
7 0.70625 0.0807639 0.00499999 0.0113889 0.149048
0 0.383438 0.0524306 0.010625 0.015 0.146606
7 0.258125 0.265 0.00718751 0.0233333 0.146606
7 0.675625 0.0486111 0.00374997 0.015 0.146118
7 0.085 0.2925 0.0040625 0.0127778 0.14563
0 0.390938 0.0583333 0.0125 0.0197222 0.140381
0 0.50125 0.00510417 0.00750001 0.0102083 0.137939
2 0.7775 0.0484722 0.015 0.0161111 0.137573
7 0.746875 0.125833 0.00499999 0.0194445 0.136108
7 0.69125 0.1875 0.00499999 0.0266667 0.134766
7 0.946875 0.215278 0.00499999 0.0194444 0.126831
7 0.75375 0.161944 0.00499999 0.02 0.11554
0 0.375625 0.0663194 0.01375 0.0218056 0.108948
2 0.645625 0.0401215 0.01 0.0247569 0.108215
2 0.6525 0.0417361 0.00999997 0.0211111 0.104126
3 0.209219 0.154167 0.0065625 0.0266667 0.10376
0 0.418438 0.0317014 0.00812499 0.0135417 0.103394
2 0.222188 0.148611 0.00687499 0.0272222 0.103394
0 0.11125 0.21625 0.0215625 0.0241667 0.100159
7 0.69375 0.0790278 0.00375004 0.0129167 0.0963745
0 0.330938 0.0901389 0.02125 0.0225 0.0933228
2 0.505938 0.0920833 0.024375 0.0259722 0.0930176
3 0.0646484 0.300556 0.00703125 0.03 0.0930176
0 0.434375 0.0257986 0.009375 0.0157639 0.0927124
7 0.761875 0.154167 0.00749995 0.0188889 0.0907593
7 0.0760938 0.297778 0.00515625 0.015 0.0897827
2 0.123906 0.206389 0.025 0.0283333 0.0817871
7 0.0649219 0.302222 0.00546875 0.0277778 0.0786133
0 0.40375 0.0353472 0.01 0.0145833 0.0769653
7 0.753125 0.165694 0.00625 0.0186111 0.0758667
7 0.0955469 0.279722 0.00421875 0.0122222 0.0753174
7 0.00984375 0.375556 0.00355469 0.0144444 0.0710449
0 0.443125 0.0293403 0.009375 0.0138194 0.0668335
5 0.00425537 0.267708 0.00851074 0.0345833 0.0639648
0 0.431875 0.0213194 0.01 0.0126389 0.0632324
0 0.435 0.0486806 0.01375 0.0170833 0.0628052
2 0.224688 0.143889 0.004375 0.0247222 0.058136
0 0.294531 0.101528 0.0225 0.0219444 0.0562439
0 0.105156 0.22375 0.0275 0.0297222 0.0558167
7 0.7 0.0769444 0.00499999 0.0152778 0.0548096
3 0.196094 0.154583 0.004375 0.0197222 0.0505066
0 0.00461182 0.274167 0.00922363 0.0333333 0.0477905
0 0.34125 0.0793056 0.01125 0.0183333 0.0467224
0 0.498125 0.014375 0.00874999 0.0111111 0.0455322
3 0.206875 0.149306 0.0075 0.0236111 0.0455322
2 0.23125 0.139444 0.0078125 0.0288889 0.0437012
2 0.613125 0.0359722 0.00750001 0.0172222 0.0422363
3 0.169688 0.161944 0.00562499 0.0177778 0.0413208
0 0.904375 0.089375 0.03 0.0266667 0.0405273
2 0.71125 0.0419444 0.015 0.0190278 0.0389099
0 0.415313 0.0568056 0.01375 0.0186111 0.0386047
7 0.68625 0.0822222 0.00499999 0.0119444 0.0370483
3 0.05875 0.297222 0.00710938 0.0277778 0.0367737
0 0.111563 0.220278 0.0171875 0.025 0.0340881
5 0.921875 0.0613889 0.04125 0.0443056 0.0324707
7 0.249844 0.131944 0.003125 0.0161111 0.0322266
0 0.0189844 0.298889 0.0316406 0.0333333 0.0316162
0 0.501875 0.0924306 0.0275 0.0240278 0.0305634
0 0.785 0.05875 0.0375 0.0236111 0.0303345
0 0.5025 0.00934028 0.00750001 0.00979167 0.0301056
7 0.135625 0.241389 0.00374999 0.0116667 0.0299835
7 0.945 0.233333 0.00499999 0.0211111 0.0288696
7 0.955 0.267222 0.00499999 0.02 0.0285492
7 0.709375 0.0864583 0.00375004 0.0138889 0.0280151
7 0.146406 0.221667 0.004375 0.0166667 0.0269623
2 0.403125 0.129306 0.023125 0.0308333 0.0236053
2 0.155 0.175972 0.00578125 0.0183333 0.0235138
2 0.7075 0.0433333 0.00999997 0.0201389 0.0233307
0 0.500625 0.0878472 0.04125 0.0323611 0.0232391
2 0.43375 0.0663889 0.01875 0.0186111 0.0230713
0 0.0325977 0.280833 0.0287109 0.0277778 0.0227966
0 0.0071875 0.295833 0.014375 0.0322222 0.0223694
7 0.254688 0.133056 0.0034375 0.0122222 0.0218658
0 0.51375 0.023125 0.011875 0.0143056 0.0210419
0 0.431875 0.0532639 0.02 0.0222222 0.0204163
0 0.478438 0.0534028 0.025625 0.0230556 0.0199432
2 0.885 0.0676389 0.00999997 0.0193056 0.0199432
3 0.0291211 0.368056 0.0103125 0.0405556 0.0193481
0 0.0182129 0.284444 0.0297461 0.0305556 0.0191193
0 0.47625 0.06125 0.02875 0.0318056 0.0182648
0 0.00818359 0.269444 0.0158594 0.0316666 0.0182648
0 0.79875 0.0720833 0.035 0.0261111 0.0179901
2 0.0139038 0.263333 0.00820801 0.0211111 0.0179901
0 0.901875 0.0733333 0.02375 0.0229167 0.016922
2 0.73375 0.111528 0.00875003 0.0430556 0.0164032
0 0.538125 0.0130556 0.00875003 0.011875 0.0158386
0 0.495938 0.0907639 0.038125 0.0286111 0.0157166
0 0.91125 0.0869445 0.0325 0.0227778 0.0154266
0 0.4325 0.0144097 0.00874999 0.0115972 0.0147858
3 0.164063 0.173611 0.005 0.0147222 0.014389
2 0.711875 0.0358681 0.00999997 0.0178472 0.0140076
3 0.214063 0.142778 0.005 0.0188889 0.0134277
2 0.893125 0.0719444 0.00875003 0.0205556 0.0131683
7 0.9475 0.223889 0.00500005 0.0233333 0.0129242
2 0.136406 0.183889 0.0153125 0.0322222 0.0123367
2 0.206875 0.143611 0.01 0.02 0.012291
0 0.0114648 0.921389 0.0229297 0.157222 0.0119629
2 0.885 0.0559722 0.00749995 0.0216667 0.0115051
0 0.491875 0.0213889 0.00874999 0.0131944 0.0112457
0 0.285625 0.106944 0.016875 0.0252778 0.011116
7 0.263281 0.260278 0.00781248 0.0222222 0.0108185
7 0.245469 0.136667 0.00406249 0.0152778 0.0107803
3 0.888125 0.0616667 0.00749995 0.025 0.0106506
0 0.494688 0.0876389 0.0325 0.0272222 0.0106506
0 0.0111719 0.88 0.0223438 0.235556 0.0105667
0 0.80125 0.0556944 0.0275 0.0211111 0.0104904
7 0.685 0.065 0.00250003 0.0119444 0.0104904
0 0.533437 0.0806944 0.03625 0.0347222 0.0100555
7 0.695625 0.0676389 0.00375004 0.0116667 0.0100098
0 0.0122461 0.314444 0.0243359 0.0277778 0.0100098
3 0.195625 0.176667 0.004375 0.0208333 0.00948334
0 0.910625 0.0936111 0.0375 0.0261111 0.00901794
7 0.125313 0.243333 0.004375 0.0161111 0.00891876
2 0.230156 0.150139 0.0090625 0.0269444 0.00878143
7 0.149219 0.226944 0.004375 0.0183333 0.00857544
2 0.608125 0.0457639 0.01375 0.0229167 0.00841522
0 0.51625 0.0128472 0.00749998 0.0115278 0.00831604
7 0.69 0.0844444 0.00374997 0.0163889 0.00812531
3 0.7325 0.114479 0.00750001 0.0454861 0.00757599
7 0.00292481 0.388333 0.00561523 0.0188889 0.0069313
3 0.733125 0.120556 0.00625 0.0325 0.00674438
0 0.489063 0.0486111 0.020625 0.0229167 0.00666809
2 0.0733203 0.229722 0.0090625 0.0205556 0.0064621
0 0.539062 0.00567708 0.00750001 0.0113542 0.00634003
0 0.52625 0.0236111 0.01 0.0171528 0.00621796
3 0.224063 0.124167 0.005 0.02 0.00605011
0 0.118281 0.205278 0.03375 0.0361111 0.00605011
7 0.705625 0.0706944 0.00374997 0.0161111 0.00575256
0 0.431875 0.0708333 0.0275 0.0252778 0.00557709
0 0.474375 0.00861111 0.00750001 0.0109028 0.0055542
0 0.485938 0.0577083 0.02625 0.0244444 0.00551224
7 0.255313 0.121667 0.003125 0.0111111 0.00551224
0 0.371875 0.0542361 0.0175 0.0188889 0.00547028
7 0.675 0.192778 0.00499999 0.0161111 0.00519943
3 0.0722656 0.233333 0.0100781 0.0233333 0.00516129
7 0.0851563 0.281667 0.0034375 0.0144444 0.0051384
2 0.609375 0.026875 0.00499999 0.019375 0.0050621
5 0.00356934 0.256111 0.00713867 0.0377778 0.00498199
0 0.0402246 0.293333 0.0383008 0.0388889 0.00498199
0 0.476875 0.0802778 0.03125 0.0377778 0.00477219
7 0.104766 0.272222 0.00406249 0.0188889 0.00477219
0 0.74875 0.0655556 0.04375 0.0277778 0.0046463
0 0.52625 0.0552778 0.053125 0.0316667 0.00462723
7 0.7725 0.14 0.00499999 0.015 0.00450516
0 0.971875 0.103819 0.02125 0.0204167 0.00443268
0 0.825 0.0540278 0.02875 0.0216667 0.00436401
0 0.505 0.0597917 0.0275 0.0261111 0.00421524
2 0.146719 0.176667 0.0128125 0.0261111 0.00413513
0 0.7425 0.0575 0.04 0.0272222 0.0041008
3 0.730625 0.0974306 0.00500005 0.0279167 0.00397491
3 0.190625 0.1625 0.0065625 0.0186111 0.0039444
2 0.216875 0.150694 0.00687501 0.0255555 0.00379562
0 0.35 0.0723611 0.015 0.0202778 0.00378036
0 0.290938 0.106528 0.0240625 0.0266667 0.00376511
0 0.400625 0.0366667 0.01375 0.0180556 0.0037365
3 0.180625 0.148889 0.00625 0.0244444 0.00372124
2 0.186563 0.175278 0.00750001 0.0205556 0.00369263
3 0.232813 0.129722 0.00625 0.0272222 0.00356483
7 0.735 0.123889 0.00499999 0.03 0.00356483
0 0.452813 0.0109028 0.009375 0.00986111 0.00345612
2 0.585625 0.0131944 0.00625 0.0136111 0.00340271
0 0.0989063 0.238333 0.034375 0.0327778 0.00337601
0 0.121406 0.2175 0.0128125 0.0255556 0.00335121
7 0.94125 0.218611 0.00500005 0.0183333 0.00327301
2 0.405 0.140278 0.01625 0.0361111 0.00323486
7 0.548438 0.0513889 0.00750001 0.0166667 0.00319672
0 0.155781 0.1875 0.02125 0.0205556 0.00318527
0 0.549375 0.00885417 0.0137499 0.0129167 0.00312424
0 0.446875 0.0120833 0.00874999 0.0119444 0.00304031
7 0.546875 0.0507639 0.00812499 0.0156944 0.00302696
3 0.690625 0.0219097 0.00625 0.0166667 0.00292397
2 0.745 0.113924 0.00875003 0.0465972 0.00287819
5 0.481875 0.0364931 0.01625 0.0199306 0.00283432
0 0.102344 0.220417 0.021875 0.025 0.00279999
0 0.136406 0.199167 0.0415625 0.0338889 0.00274658
7 0.555313 0.046875 0.00562503 0.0145833 0.00273705
0 0.976875 0.111528 0.0175 0.0213889 0.00271416
0 0.459375 0.0705556 0.015 0.0211111 0.00263214
2 0.645 0.0570833 0.03 0.0261111 0.00261116
3 0.202813 0.1725 0.0153125 0.0338889 0.00261116
2 0.70625 0.0338194 0.01 0.0170833 0.00256157
0 0.985 0.114167 0.0125 0.0169445 0.00253105
0 0.469375 0.0182292 0.00874999 0.0125694 0.00253105
3 0.25625 0.267778 0.0140625 0.0438889 0.00248146
3 0.166875 0.161667 0.00625 0.0222222 0.00247192
0 0.410313 0.126944 0.0375 0.0372222 0.00235939
7 0.715625 0.0809722 0.00625 0.015 0.00234222
3 0.270313 0.0977083 0.00687501 0.02375 0.00226974
0 0.978125 0.104167 0.02125 0.0197222 0.00226021
7 0.255313 0.1725 0.005 0.0161111 0.00226021
3 0.0364063 0.246389 0.00660156 0.0177778 0.00223351
7 0.575625 0.0482639 0.00437501 0.0123611 0.00218201
0 0.96375 0.103472 0.01375 0.0183333 0.00218201
5 0.00947266 0.254444 0.0182422 0.0327778 0.00214958
0 0.200938 0.144444 0.015 0.0227778 0.00209045
0 0.441563 0.0426389 0.011875 0.0165278 0.00206757
7 0.696875 0.0511806 0.00499999 0.0151389 0.00191212
2 0.174531 0.171667 0.00687501 0.0172222 0.00191212
0 0.915625 0.0918056 0.03625 0.02 0.00188255
7 0.92625 0.216111 0.00499999 0.0311111 0.00186062
0 0.44875 0.0207986 0.015 0.0198611 0.00186062
0 0.995 0.123333 0.00999997 0.0261111 0.00179577
0 0.301563 0.121944 0.0275 0.015 0.00177479
0 0.43625 0.0745833 0.03 0.0280556 0.00174141
2 0.634375 0.0336111 0.00499999 0.0134722 0.00162315
2 0.0343359 0.265278 0.0142188 0.0188889 0.00161648
7 0.685 0.0486111 0.00250003 0.0116667 0.0015192
3 0.89125 0.0580556 0.0112501 0.0269444 0.00151253
5 0.4475 0.0952778 0.05 0.0388889 0.00150681
7 0.665 0.0506944 0.00500005 0.0158333 0.00150108
7 0.598125 0.0459722 0.00875003 0.0140278 0.00149536
7 0.94875 0.205 0.00499999 0.0211111 0.00147247
