0 0.654375 0.857222 0.1425 0.26 0.945801
0 0.235 0.580556 0.080625 0.0966666 0.937988
0 0.78625 0.530833 0.06 0.0916667 0.932129
0 0.42 0.49 0.05375 0.0788889 0.924805
0 0.494375 0.575694 0.07 0.126389 0.924805
0 0.0714941 0.547778 0.0760742 0.108889 0.92041
0 0.136094 0.461389 0.04625 0.05 0.908203
0 0.82375 0.4025 0.04 0.0494444 0.892578
0 0.179063 0.473889 0.0471875 0.0588889 0.888672
0 0.3725 0.436111 0.04125 0.0561111 0.878906
0 0.480625 0.396389 0.0375 0.0672222 0.876465
0 0.739375 0.327778 0.04 0.0338889 0.863281
0 0.440313 0.381944 0.026875 0.0416667 0.841797
0 0.285313 0.394444 0.030625 0.0422222 0.833496
0 0.0501172 0.443333 0.0321094 0.0344445 0.830078
0 0.384375 0.326667 0.0175 0.0233333 0.827637
7 0.235781 0.504444 0.0075 0.025 0.824219
0 0.44125 0.333611 0.0175 0.0255556 0.81543
0 0.0138965 0.471667 0.0277539 0.0288889 0.81543
0 0.32625 0.358333 0.023125 0.0311111 0.811523
0 0.482813 0.344444 0.021875 0.0311111 0.801758
0 0.535625 0.336667 0.02125 0.0333333 0.79834
0 0.688125 0.313611 0.03375 0.0194444 0.778809
0 0.458125 0.308889 0.01375 0.02 0.766113
0 0.254375 0.395 0.03 0.0394445 0.764648
0 0.47375 0.322222 0.0175 0.0238889 0.756348
0 0.546875 0.318333 0.01625 0.0222222 0.754883
0 0.0100391 0.456389 0.0200781 0.0266667 0.753418
0 0.303125 0.348889 0.02125 0.0266667 0.747559
0 0.72 0.325278 0.0325 0.0261111 0.73584
7 0.0242578 0.531389 0.00546875 0.0183334 0.723145
7 0.75 0.416111 0.00499999 0.0166667 0.716797
0 0.488125 0.312778 0.01375 0.02 0.705566
0 0.502188 0.324444 0.018125 0.0266667 0.697754
0 0.405625 0.32 0.01625 0.0255556 0.690918
0 0.949375 0.333611 0.02375 0.0194444 0.682617
7 0.2225 0.518889 0.0075 0.0244445 0.679199
7 0.72375 0.400556 0.00499999 0.0177778 0.672363
7 0.73 0.438611 0.00625 0.0194444 0.660156
0 0.284844 0.368333 0.0246875 0.0288889 0.651367
0 0.414375 0.313889 0.011875 0.0188889 0.640625
2 0.601875 0.313333 0.0125 0.0222222 0.624512
0 0.392188 0.297778 0.009375 0.0144444 0.59082
0 0.201563 0.366111 0.028125 0.0283333 0.577637
0 0.365625 0.300833 0.011875 0.0127778 0.565918
0 0.458125 0.3 0.0125 0.0155556 0.539062
0 0.497188 0.293333 0.0125 0.0166667 0.535156
7 0.6675 0.463333 0.00625 0.0244445 0.533203
0 0.475313 0.304167 0.01375 0.0211111 0.503906
0 0.69125 0.315556 0.0325 0.0211111 0.501953
0 0.335625 0.323611 0.01625 0.0194444 0.496094
0 0.487813 0.276111 0.00812499 0.0133334 0.492188
0 0.375 0.317778 0.01375 0.0183333 0.46875
0 0.3925 0.303333 0.01 0.0155555 0.457031
7 0.67875 0.480833 0.00750001 0.0255556 0.451416
7 0.73875 0.425833 0.00499999 0.0211111 0.450439
0 0.370625 0.323056 0.015 0.0205555 0.395996
0 0.393125 0.317222 0.01125 0.0194444 0.392334
0 0.514063 0.307222 0.013125 0.0177778 0.381104
7 0.126094 0.419722 0.00375 0.0111111 0.379395
0 0.52125 0.308056 0.015 0.0211111 0.355713
0 0.465625 0.280556 0.00625 0.0111111 0.338135
0 0.470938 0.270556 0.00687501 0.00999999 0.320801
0 0.4875 0.271667 0.00749998 0.0111111 0.318359
0 0.4975 0.286667 0.009375 0.0144444 0.306641
0 0.369375 0.32 0.015 0.0194444 0.303955
0 0.440938 0.337222 0.019375 0.0305556 0.297363
0 0.366875 0.302778 0.011875 0.0155556 0.295898
0 0.405 0.28 0.00750001 0.00888889 0.286133
0 0.51125 0.268889 0.00875003 0.0127778 0.282959
0 0.516875 0.305556 0.01625 0.0177778 0.277588
0 0.504375 0.258611 0.00625 0.00999999 0.255371
0 0.522813 0.292222 0.01375 0.02 0.255371
0 0.3825 0.311111 0.0125 0.0133333 0.255371
3 0.144844 0.394722 0.00609376 0.0255555 0.242188
7 0.68375 0.353611 0.00374997 0.0127778 0.235107
0 0.260313 0.382778 0.025625 0.0333333 0.230957
0 0.464375 0.292778 0.00750001 0.0155555 0.225464
2 0.0629688 0.424444 0.0059375 0.0161111 0.19812
0 0.4725 0.275278 0.00749998 0.0116667 0.194336
7 0.74625 0.401111 0.00500005 0.0177778 0.182373
2 0.145859 0.394167 0.00703125 0.0238889 0.177246
2 0.0371289 0.409444 0.00832031 0.02 0.174927
0 0.485625 0.261667 0.00499999 0.00999999 0.164551
7 0.0105664 0.544583 0.00607422 0.0219444 0.15979
0 0.50625 0.28 0.00625 0.0111111 0.154053
0 0.0485547 0.435556 0.0319531 0.0244444 0.14856
2 0.161094 0.404444 0.00843751 0.0277778 0.146606
0 0.0675 0.526111 0.044375 0.0577778 0.123779
7 0.0497266 0.480556 0.00351563 0.0127778 0.122131
0 0.4225 0.298889 0.00874999 0.0188889 0.116333
3 0.110313 0.454444 0.0075 0.0433333 0.116333
2 0.0172461 0.422778 0.00855469 0.0188889 0.11554
0 0.38375 0.300556 0.00874999 0.0133333 0.111267
7 0.634063 0.33 0.00374997 0.0144444 0.100525
0 0.51125 0.2825 0.00999997 0.0172222 0.0980835
0 0.46 0.287222 0.01 0.0133334 0.0930176
7 0.145156 0.418611 0.00343749 0.0116667 0.0875854
0 0.512813 0.265278 0.00625 0.0127778 0.0856934
7 0.7375 0.427778 0.00625 0.0216667 0.0841675
0 0.4175 0.275 0.00875003 0.0111111 0.0797729
1 0.517813 0.296667 0.018125 0.0255556 0.0769653
7 0.134922 0.418889 0.00359375 0.00999999 0.0739746
0 0.420938 0.309444 0.010625 0.0177778 0.0670776
0 0.42375 0.278889 0.00625 0.00999999 0.0646362
0 0.50125 0.300556 0.015 0.0277778 0.0609741
0 0.503125 0.336667 0.01875 0.0366667 0.0603027
0 0.95 0.338056 0.025 0.0255556 0.0598755
2 0.116094 0.461111 0.013125 0.0433333 0.049408
0 0.47625 0.263333 0.00499999 0.0111111 0.0492249
7 0.0551953 0.473889 0.00523438 0.0144444 0.0488586
7 0.129063 0.417222 0.00375 0.0166667 0.0476074
0 0.52 0.305556 0.021875 0.0255556 0.0441895
0 0.495625 0.280278 0.00750001 0.0116666 0.0430298
0 0.354375 0.316667 0.0125 0.02 0.0428772
0 0.33 0.346667 0.02 0.0238889 0.0413208
2 0.7625 0.311667 0.01 0.02 0.0402527
0 0.52375 0.281111 0.00875003 0.0122222 0.0399475
0 0.44875 0.268333 0.00562503 0.00888889 0.0367737
5 0.405625 0.294722 0.0125 0.0261111 0.0348816
7 0.67 0.346667 0.00250003 0.0177778 0.0335999
0 0.0116113 0.423333 0.0197461 0.02 0.0334778
0 0.374375 0.300556 0.00749998 0.0122222 0.0332031
2 0.0371484 0.411667 0.00703125 0.0216667 0.0321045
0 0.524375 0.323889 0.0175 0.0255556 0.0317383
0 0.725 0.327222 0.0375 0.0283333 0.0311432
7 0.615 0.329444 0.00374997 0.00888889 0.0310211
7 0.655 0.327222 0.00249996 0.0111111 0.0310211
2 0.195625 0.400833 0.01 0.0305556 0.0302124
2 0.765 0.303333 0.00749995 0.0194444 0.0298767
0 0.52 0.32 0.01625 0.0277778 0.0289764
7 0.724375 0.443333 0.00500005 0.0211111 0.0288696
0 0.42 0.286111 0.00687501 0.0111111 0.0276337
7 0.7325 0.433056 0.00499999 0.0194444 0.024704
0 0.531875 0.278889 0.00749998 0.00888887 0.0216217
7 0.0646094 0.475278 0.0034375 0.0133333 0.0207214
7 0.175625 0.401667 0.00375001 0.02 0.0202484
0 0.480625 0.301667 0.0125 0.0177778 0.0197144
0 0.52875 0.270556 0.00625 0.0105556 0.0170441
7 0.229688 0.373889 0.00562501 0.0144444 0.0156708
0 0.54625 0.323889 0.0199999 0.0288889 0.0155411
7 0.7225 0.448889 0.00750001 0.0211111 0.0146179
7 0.65375 0.318889 0.00374997 0.0133333 0.0144501
2 0.0338672 0.408889 0.0110938 0.0211111 0.0141754
7 0.66875 0.471111 0.00499999 0.0255556 0.0138474
0 0.0740625 0.527778 0.0582813 0.0688889 0.0133286
0 0.455938 0.308889 0.014375 0.0233333 0.0133286
2 0.636875 0.321667 0.00500005 0.02 0.0121918
0 0.34 0.318333 0.0125 0.0144444 0.011734
3 0.250938 0.340556 0.00437501 0.02 0.0114212
7 0.225156 0.368889 0.00375001 0.0133333 0.0112915
0 0.306563 0.344444 0.019375 0.0288889 0.0112457
0 0.28625 0.362778 0.024375 0.0305556 0.0111618
7 0.0457031 0.469167 0.009375 0.0294445 0.011116
7 0.70875 0.400833 0.00500005 0.0255556 0.0109482
0 0.340625 0.325556 0.01625 0.0211111 0.0106506
2 0.019082 0.422778 0.00652344 0.0188889 0.0106506
0 0.0307031 0.408333 0.018125 0.0222222 0.0106125
0 0.433438 0.276667 0.00562499 0.00777777 0.0102921
0 0.124063 0.45 0.020625 0.0377778 0.0100555
0 0.0622266 0.533056 0.0567969 0.0705556 0.00989532
3 0.112656 0.463889 0.009375 0.0433333 0.00948334
0 0.985625 0.332222 0.01125 0.0166667 0.00937653
0 0.479375 0.356944 0.02875 0.0355555 0.00919342
3 0.194375 0.523333 0.00843751 0.0488889 0.0088501
0 0.535938 0.32 0.020625 0.0255556 0.00857544
0 0.446563 0.263333 0.00499999 0.00944443 0.00847626
7 0.63125 0.335 0.00375004 0.0127778 0.00837708
7 0.74375 0.422222 0.00499999 0.0172222 0.00831604
0 0.379375 0.288889 0.00625 0.0111111 0.00821686
0 0.329375 0.334444 0.02 0.0211111 0.00815582
3 0.148984 0.407222 0.00531251 0.0255555 0.00812531
0 0.445313 0.274444 0.00437498 0.0105555 0.00800323
0 0.944375 0.341667 0.03375 0.0277778 0.00796509
3 0.107969 0.436389 0.008125 0.0272222 0.00740433
7 0.7525 0.416389 0.00625 0.0172222 0.00731659
0 0.39125 0.322778 0.01125 0.0222222 0.00725937
0 0.494375 0.262778 0.00625 0.00999999 0.00720596
7 0.175469 0.418333 0.004375 0.0144444 0.00714874
0 0.328125 0.355556 0.03125 0.0344444 0.00709534
0 0.0195703 0.422778 0.0128125 0.0222222 0.00653839
0 0.415313 0.303889 0.010625 0.0227778 0.00626373
7 0.645625 0.317222 0.00375004 0.0122222 0.00616837
0 0.95375 0.341667 0.0325 0.0266667 0.00593567
0 0.429375 0.269722 0.00499999 0.00722221 0.00591278
3 0.0231641 0.438333 0.00570313 0.0188889 0.00572968
2 0.109531 0.458889 0.0134375 0.0411111 0.00527954
2 0.69625 0.328611 0.0125 0.0222222 0.00508118
7 0.7775 0.351667 0.00749995 0.0233333 0.00481033
0 0.978125 0.335556 0.01875 0.0166667 0.00471878
0 0.478438 0.450278 0.029375 0.0655555 0.00439835
7 0.0117944 0.541111 0.00703613 0.0155556 0.00432968
0 0.4725 0.329444 0.019375 0.0288889 0.00407028
2 0.0397852 0.409444 0.0137109 0.0188889 0.00402451
0 0.119453 0.447778 0.0170312 0.0388889 0.00391388
2 0.7125 0.386667 0.0125 0.0411111 0.00382423
7 0.0753125 0.472222 0.00359375 0.0105555 0.00378036
7 0.49375 0.575556 0.07 0.125556 0.00376511
7 0.0335938 0.526111 0.0059375 0.02 0.00372124
0 0.299375 0.349444 0.02375 0.0344445 0.00367928
0 0.526563 0.262222 0.00625 0.00888887 0.00362206
7 0.585 0.329167 0.00374997 0.0116667 0.00300407
7 0.65 0.310833 0.00249996 0.0161111 0.00291252
0 0.354375 0.308333 0.01375 0.0166667 0.00275803
0 0.545 0.332222 0.01625 0.0266667 0.0026207
0 0.715625 0.313333 0.03625 0.0233333 0.00261116
7 0.0848438 0.471667 0.0034375 0.0111111 0.00259018
3 0.71875 0.378056 0.02625 0.0577778 0.00257111
2 0.0551563 0.426389 0.013125 0.0188889 0.00256157
0 0.68875 0.320556 0.0325 0.0288889 0.00255013
3 0.162969 0.381667 0.0059375 0.025 0.00255013
0 0.546875 0.313333 0.015 0.0222222 0.00242424
2 0.705 0.345 0.00750001 0.0311111 0.0024147
2 0.158594 0.409167 0.0090625 0.0311111 0.00226021
3 0.81 0.303889 0.00500005 0.0188889 0.00219917
2 0.370625 0.330278 0.01125 0.0238889 0.00196457
0 0.397813 0.282222 0.00812502 0.0111111 0.00195694
2 0.7675 0.307222 0.0125 0.0233333 0.00194931
2 0.583125 0.295 0.00625 0.0155555 0.00192642
7 0.66625 0.361667 0.00374997 0.0133333 0.00189686
0 0.458125 0.281111 0.00875003 0.0133333 0.00186062
7 0.225625 0.539444 0.01625 0.0355556 0.0017271
7 0.235 0.368889 0.0034375 0.0111111 0.00171375
0 0.185938 0.381111 0.014375 0.0244444 0.00171375
0 0.484375 0.389722 0.0275 0.0594445 0.0017004
2 0.601875 0.306389 0.01 0.0238889 0.00166798
2 0.155156 0.393333 0.00687499 0.0244445 0.00162888
3 0.254063 0.348333 0.0046875 0.0155555 0.00162315
0 0.35625 0.324444 0.015 0.0205555 0.00157356
2 0.189688 0.402778 0.020625 0.0344444 0.00150108
0 0.186875 0.398889 0.0171875 0.0344445 0.00141048
7 0.55375 0.340556 0.00625 0.0233333 0.00138855
3 0.655625 0.296111 0.00374997 0.0155555 0.00136662
0 0.465625 0.266111 0.00437498 0.0138889 0.00133514
0 0.99625 0.325 0.00749995 0.0255556 0.00130463
3 0.549375 0.270556 0.00625 0.0211111 0.0012846
0 0.99625 0.316667 0.00749995 0.0255556 0.00127411
7 0.666875 0.354444 0.00499999 0.0155555 0.00115108
2 0.598125 0.304167 0.00875003 0.02 0.00113392
2 0.0454688 0.423889 0.00890625 0.0155555 0.00111198
7 0.69625 0.344167 0.00625 0.0255556 0.00110722
2 0.776875 0.350556 0.00874996 0.03 0.00110722
2 0.714375 0.380556 0.01375 0.0477778 0.00102806
0 0.973125 0.348889 0.01875 0.0261111 0.00100803
