0 0.168281 0.265556 0.069375 0.0744444 0.899902
0 0.349375 0.167778 0.03375 0.0547222 0.875977
0 0.375938 0.136389 0.038125 0.0422222 0.872559
0 0.0798438 0.256667 0.0354687 0.0338889 0.872559
0 0.327188 0.13 0.043125 0.0347222 0.869629
0 0.604688 0.0794444 0.058125 0.0369444 0.868652
0 0.416563 0.0967361 0.03875 0.0309722 0.864258
0 0.349375 0.0794444 0.015625 0.0197222 0.838867
2 0.676875 0.161806 0.0325 0.0558333 0.833496
0 0.0256836 0.308889 0.0323828 0.0388889 0.830078
7 0.244375 0.280833 0.008125 0.0238889 0.817383
7 0.0292969 0.376111 0.00492188 0.0188889 0.799316
0 0.505625 0.00777778 0.00750001 0.0109028 0.782715
0 0.7625 0.0638194 0.03875 0.0272222 0.777344
7 0.257656 0.262778 0.00687501 0.0222222 0.773438
7 0.743125 0.173889 0.00625 0.0211111 0.751953
0 0.419375 0.0677778 0.0225 0.0288889 0.737305
2 0.64375 0.0402604 0.00750001 0.0214236 0.702637
0 0.754375 0.06125 0.03625 0.0255556 0.699219
2 0.278437 0.114028 0.0134375 0.0202778 0.677246
0 0.433125 0.0506944 0.01375 0.0180556 0.665527
0 0.39375 0.0715278 0.01875 0.0283333 0.649414
7 0.769375 0.130833 0.00374997 0.0166667 0.649414
0 0.795 0.0500694 0.03 0.0255556 0.613281
7 0.751875 0.163611 0.00499999 0.0194444 0.609375
3 0.711875 0.184861 0.015 0.0625 0.595703
0 0.386875 0.0576389 0.0125 0.0177778 0.594727
7 0.945 0.22 0.00499999 0.0166667 0.592773
7 0.163438 0.2025 0.00406249 0.0122222 0.563965
2 0.6725 0.0424306 0.00750001 0.0258333 0.539062
0 0.790625 0.0538194 0.03625 0.0240278 0.494141
7 0.0430469 0.359167 0.00546875 0.0183333 0.476562
2 0.61125 0.0395833 0.01 0.0194444 0.455078
0 0.3975 0.0443229 0.010625 0.0166319 0.453369
0 0.0385742 0.281389 0.0366016 0.0444444 0.449463
7 0.704375 0.0780556 0.00374997 0.0119444 0.424316
0 0.430313 0.0536111 0.013125 0.0161111 0.40918
0 0.825 0.0722222 0.035 0.0241667 0.401611
0 0.3875 0.0536111 0.011875 0.0188889 0.370117
0 0.417188 0.0647917 0.020625 0.0259722 0.370117
7 0.70625 0.203056 0.00499999 0.0222222 0.331055
7 0.773125 0.146111 0.00499999 0.0175 0.320801
0 0.0411719 0.288056 0.0344531 0.0388889 0.305664
7 0.94625 0.214444 0.00499999 0.0175 0.294189
0 0.388438 0.0564583 0.013125 0.0198611 0.275879
7 0.145 0.2125 0.004375 0.0127778 0.269043
0 0.411875 0.0508333 0.01 0.0172222 0.259766
2 0.609063 0.0409722 0.014375 0.0223611 0.252441
7 0.695 0.185278 0.00499999 0.0233333 0.248047
0 0.75375 0.0570139 0.0375 0.0241667 0.201782
0 0.407813 0.0459722 0.01 0.0136111 0.19873
7 0.0665625 0.298056 0.00421875 0.0116667 0.188354
2 0.67125 0.0445139 0.00749995 0.0256944 0.171021
7 0.70125 0.0775 0.00499999 0.0161111 0.171021
7 0.74625 0.128333 0.00500005 0.0183333 0.16394
0 0.42 0.0700694 0.02875 0.0315278 0.149048
7 0.74625 0.124722 0.00500005 0.0177778 0.138916
3 0.243125 0.121389 0.00562499 0.0211111 0.128052
7 0.145234 0.219167 0.00406249 0.0133333 0.118774
7 0.0751563 0.293611 0.0034375 0.0116667 0.110474
5 0.0187598 0.244722 0.0188867 0.0266667 0.106689
0 0.424375 0.0529167 0.01375 0.0213889 0.10376
7 0.0844531 0.278333 0.00453125 0.00999999 0.0894775
7 0.94125 0.219722 0.00500005 0.0161111 0.088501
0 0.0254736 0.298056 0.0324902 0.0344444 0.0881958
7 0.655625 0.0473611 0.00374997 0.0125 0.0866089
2 0.609063 0.0371528 0.0125 0.0198611 0.0830078
0 0.400625 0.0661806 0.015 0.0261111 0.0794678
0 0.302813 0.0980556 0.0209375 0.0202778 0.0794678
2 0.6725 0.0309028 0.00999997 0.0129167 0.0705566
7 0.753125 0.161806 0.00499999 0.0194444 0.0685425
0 0.82875 0.0754861 0.04 0.0254167 0.0592041
0 0.404063 0.0308333 0.00874999 0.00986111 0.0572815
2 0.30625 0.0981944 0.013125 0.0188889 0.0566406
2 0.2775 0.110799 0.01375 0.0239583 0.0528259
7 0.690625 0.189167 0.00625 0.0233333 0.0516663
7 0.0441406 0.312778 0.00421875 0.0177778 0.0463867
2 0.245781 0.128333 0.0065625 0.0205556 0.0450134
3 0.00854492 0.266389 0.00705078 0.02 0.042572
3 0.70875 0.185278 0.00999997 0.0583333 0.0414734
7 0.690625 0.0570139 0.00249996 0.0108333 0.0414734
7 0.0281641 0.376667 0.00703125 0.02 0.0402527
7 0.140859 0.214167 0.00406249 0.0127778 0.0362854
0 0.438125 0.0117361 0.00749998 0.00916667 0.0330811
2 0.20625 0.150278 0.00687499 0.0238889 0.0328369
7 0.294375 0.116111 0.00437501 0.0122222 0.0323486
0 0.43 0.056875 0.01375 0.0195833 0.0281067
2 0.65375 0.0354861 0.00625 0.0181944 0.0255585
0 0.414688 0.03 0.00562499 0.00902778 0.0232391
0 0.48375 0.00805556 0.00499999 0.0105556 0.0215302
7 0.0690625 0.298889 0.005 0.0144444 0.0200653
0 0.345313 0.078125 0.01625 0.0193056 0.0200653
2 0.281719 0.107569 0.00968749 0.01875 0.0196381
7 0.74875 0.1275 0.00375004 0.0172222 0.0193787
3 0.00583496 0.264444 0.0062793 0.0177778 0.0182648
3 0.71 0.179722 0.01625 0.065 0.0180511
2 0.73375 0.109861 0.00999997 0.0383333 0.0175171
2 0.61125 0.0481944 0.0125 0.0231944 0.0162201
3 0.196875 0.151667 0.00562501 0.0227778 0.0161591
3 0.885 0.0620139 0.00374997 0.0208333 0.0156708
0 0.470938 0.0199653 0.00562499 0.00868056 0.0153046
7 0.256875 0.265833 0.0075 0.0266667 0.0150146
0 0.960625 0.106458 0.02 0.0176389 0.0147858
0 0.74875 0.05375 0.035 0.0188889 0.0146713
7 0.00707153 0.380833 0.00743897 0.0222222 0.0136337
0 0.594063 0.078125 0.036875 0.0345833 0.0130234
0 0.0288086 0.288056 0.0306641 0.0416667 0.0126266
7 0.24875 0.128333 0.005 0.0158333 0.011116
7 0.235156 0.1375 0.00406251 0.0147222 0.0106125
2 0.735 0.03375 0.00499999 0.0152778 0.0105667
7 0.254688 0.134028 0.003125 0.00916667 0.0100937
7 0.7625 0.152778 0.00499999 0.0183333 0.0100098
3 0.894375 0.0669444 0.00500005 0.0194444 0.00981903
5 0.015459 0.250833 0.0241992 0.03 0.00955963
0 0.459375 0.00430556 0.00500002 0.00861111 0.00948334
7 0.0832813 0.29 0.005 0.0155555 0.00831604
0 0.670625 0.0286458 0.015 0.0114583 0.008255
0 0.398125 0.0359028 0.009375 0.0168056 0.00775528
7 0.124844 0.219861 0.00328125 0.0152778 0.00748825
0 0.440313 0.0435938 0.011875 0.0200347 0.00746155
7 0.66625 0.0490278 0.00499999 0.0152778 0.00723267
2 0.7325 0.1125 0.00750001 0.0380556 0.0069313
0 0.995625 0.131667 0.00874996 0.0327778 0.00614548
0 0.00409668 0.276389 0.00770508 0.0188889 0.00591278
3 0.0140527 0.253333 0.00904297 0.0244444 0.00584412
5 0.0221875 0.242361 0.0192969 0.0252778 0.00510025
0 0.73875 0.0504167 0.035 0.0202778 0.00498199
0 0.35625 0.0672917 0.01125 0.015 0.00498199
7 0.691875 0.1775 0.00750001 0.0266667 0.00475693
0 0.9675 0.106528 0.0225 0.0194444 0.00436401
0 0.606875 0.0770139 0.045 0.0323611 0.00436401
0 0.5 0.00506944 0.00749998 0.0101389 0.00419998
0 0.99625 0.126667 0.00749995 0.0308333 0.00399017
0 0.437188 0.0351389 0.00812499 0.0180556 0.00383949
3 0.7325 0.116806 0.00999997 0.0455556 0.00380898
0 0.443125 0.0129514 0.00625 0.00965278 0.00378036
3 0.230313 0.131667 0.004375 0.0205556 0.00370789
3 0.208125 0.154028 0.00625 0.0261111 0.00370789
0 0.45625 0.00881945 0.00625 0.00902778 0.00356483
7 0.225313 0.152222 0.003125 0.00888889 0.00348282
7 0.9475 0.226111 0.00500005 0.0205556 0.00345612
2 0.673125 0.0256597 0.015 0.0159028 0.00340271
3 0.167344 0.1575 0.00625 0.0183333 0.00337601
3 0.533125 0.0464583 0.00625003 0.0222222 0.00309944
2 0.206875 0.144167 0.011875 0.0238889 0.00293541
7 0.65125 0.0526389 0.00499999 0.0127778 0.00291252
0 0.795 0.0409722 0.03125 0.0288889 0.0028553
0 0.0575391 0.244167 0.0117969 0.0216667 0.00284576
2 0.310313 0.0994444 0.010625 0.0180556 0.00270462
0 0.475938 0.0134028 0.00499999 0.00972222 0.00253105
0 0.42375 0.0306944 0.00750001 0.0122222 0.00240517
7 0.685 0.0468056 0.00250003 0.0108333 0.00237846
7 0.695 0.0493056 0.00250003 0.0105556 0.00237846
6 0.676875 0.0280903 0.0225 0.0152778 0.00221634
7 0.16875 0.198472 0.004375 0.0125 0.00221634
0 0.965 0.111528 0.0275 0.0219444 0.00216484
7 0.7725 0.143056 0.00499999 0.0186111 0.00213242
0 0.442188 0.0336111 0.010625 0.0202778 0.00206757
3 0.889375 0.0627778 0.00499999 0.0247222 0.00203514
3 0.168438 0.159444 0.0059375 0.0166667 0.00198746
0 0.396875 0.0768056 0.0225 0.0330556 0.00190449
0 0.37625 0.0460417 0.00750001 0.0119444 0.00188255
3 0.71375 0.141806 0.0125 0.0805556 0.00188255
7 0.945 0.2325 0.00499999 0.0233333 0.00179577
3 0.705625 0.028125 0.00374997 0.01375 0.00174809
0 0.40875 0.0227778 0.01 0.0140278 0.00169373
0 0.00562012 0.379167 0.00867188 0.0305556 0.00167465
7 0.765625 0.123611 0.00375004 0.0177778 0.0016613
2 0.272813 0.117812 0.00843751 0.0204861 0.0016613
0 0.989375 0.123611 0.01875 0.0255556 0.00160408
0 0.84 0.0784722 0.0375 0.0233333 0.00152493
3 0.0663672 0.277778 0.00507813 0.0211111 0.00152493
2 0.726875 0.0351736 0.00625 0.016875 0.00150108
0 0.0515625 0.286111 0.0204687 0.0266667 0.00143814
0 0.9875 0.135 0.0249999 0.0316667 0.00142097
3 0.69625 0.0316667 0.00374997 0.0138889 0.00139904
2 0.79625 0.0829167 0.00999997 0.03 0.00133038
0 0.385 0.0720833 0.0175 0.0266667 0.00126457
7 0.7675 0.134444 0.00499999 0.0161111 0.00123024
2 0.7125 0.0504167 0.00750001 0.01625 0.00121593
7 0.25125 0.271944 0.01 0.0261111 0.00119686
0 0.00851074 0.297222 0.013252 0.0288889 0.00115108
0 0.047041 0.248333 0.015918 0.0233333 0.00112057
7 0.215156 0.154861 0.0034375 0.0144444 0.00110722
0 0.82375 0.07875 0.0375 0.0319444 0.00109482
0 0.9775 0.115868 0.00750001 0.0171528 0.00109005
2 0.271406 0.11625 0.015 0.0183333 0.00104046
