0 0.515 0.577778 0.11625 0.288889 0.95752
0 0.344297 0.550972 0.126406 0.238056 0.955566
0 0.178789 0.689444 0.160547 0.303333 0.955566
0 0.67375 0.555417 0.1325 0.253611 0.951172
0 0.0508594 0.805556 0.101719 0.281111 0.951172
0 0.6875 0.281389 0.0875 0.113889 0.940918
0 0.851875 0.600139 0.18 0.319722 0.940918
0 0.755 0.934444 0.18 0.131111 0.940918
0 0.514063 0.320278 0.068125 0.117222 0.939453
0 0.600938 0.285625 0.069375 0.0943056 0.9375
0 0.289688 0.395 0.099375 0.143333 0.935059
0 0.40125 0.339722 0.0775 0.122222 0.926758
0 0.232656 0.385833 0.0890625 0.119444 0.913086
0 0.228281 0.974444 0.126875 0.0511111 0.908691
7 0.70375 0.198889 0.00750001 0.0233333 0.839844
7 0.753125 0.165 0.00625 0.0194444 0.836426
0 0.51375 0.987778 0.14 0.0233333 0.820801
2 0.34125 0.2275 0.036875 0.0611111 0.819824
7 0.74375 0.175833 0.00499999 0.0216667 0.813965
7 0.245625 0.281111 0.008125 0.0244444 0.812988
2 0.457813 0.198889 0.03875 0.0538889 0.79834
0 0.0669141 0.263264 0.0341406 0.0423611 0.795898
0 0.346875 0.0840278 0.01625 0.0225 0.782715
0 0.535625 0.023125 0.01625 0.0158333 0.751953
0 0.428125 0.0579167 0.01625 0.0227778 0.715332
2 0.0632813 0.302222 0.0176563 0.0377778 0.682617
0 0.0150586 0.315833 0.0300391 0.0377778 0.672363
2 0.0487109 0.338889 0.0141406 0.0433333 0.672363
0 0.386875 0.0704167 0.01625 0.0219444 0.649414
7 0.7025 0.199167 0.00749995 0.0233333 0.642578
3 0.936875 0.237778 0.00999997 0.0577778 0.635254
0 0.324688 0.0910417 0.01875 0.02375 0.613281
7 0.0301953 0.378889 0.00546875 0.0177778 0.609375
2 0.0828906 0.281944 0.015 0.0322222 0.602051
0 0.0229883 0.295833 0.0328516 0.0338889 0.583008
0 0.36375 0.0738889 0.01625 0.0219444 0.548828
2 0.76125 0.11875 0.01 0.0413889 0.546875
7 0.691875 0.185 0.00625 0.0227778 0.53125
2 0.222344 0.150833 0.01 0.0266667 0.527344
1 0.3525 0.0613889 0.0225 0.0383333 0.521484
0 0.934375 0.0859722 0.025 0.02 0.501953
0 0.375 0.0661111 0.015625 0.0261111 0.492188
0 0.146094 0.191667 0.0325 0.0322222 0.490234
7 0.258125 0.264722 0.0075 0.0216667 0.488281
2 0.77625 0.123889 0.0125 0.0513889 0.474609
5 0.3525 0.0623611 0.0225 0.04 0.44751
2 0.247188 0.123333 0.008125 0.02 0.44165
0 0.416563 0.047066 0.0125 0.0194792 0.418701
7 0.675 0.0504167 0.00375004 0.0152778 0.418701
7 0.74625 0.123611 0.00500005 0.0177778 0.388672
0 0.429688 0.0547222 0.015625 0.0208333 0.38501
0 0.184063 0.162222 0.025 0.0255555 0.383057
3 0.210313 0.155417 0.00562499 0.0280555 0.376709
7 0.761875 0.154167 0.00749995 0.0211111 0.375732
0 0.406875 0.0611806 0.01625 0.02125 0.37207
2 0.759375 0.117743 0.01125 0.0417361 0.370117
7 0.7725 0.147778 0.00625 0.0188889 0.361084
0 0.00708984 0.294167 0.0141016 0.0288889 0.359375
0 0.404375 0.0464063 0.0125 0.0202431 0.331055
7 0.00906738 0.375833 0.00383789 0.0161111 0.329346
0 0.144766 0.19625 0.0360938 0.0405556 0.317383
2 0.2375 0.142639 0.00875001 0.0261111 0.309082
0 0.387812 0.0551389 0.013125 0.0161111 0.305664
0 0.337813 0.0820833 0.015625 0.0216667 0.303955
0 0.37375 0.0629167 0.016875 0.0230556 0.303955
2 0.236094 0.141944 0.00874999 0.0255556 0.30249
0 0.587813 0.0304861 0.0225 0.0169444 0.297363
0 0.388125 0.05125 0.01125 0.0158333 0.289307
2 0.216875 0.153889 0.00625 0.0266667 0.284668
0 0.431875 0.0324306 0.01 0.0163889 0.282959
0 0.936875 0.0908333 0.02625 0.0233333 0.279785
0 0.40625 0.0523611 0.01375 0.0180556 0.259766
7 0.705625 0.0806944 0.00374997 0.0111111 0.256836
3 0.293281 0.111111 0.00562499 0.0227778 0.252441
3 0.9475 0.222361 0.00500005 0.0327778 0.248047
2 0.58375 0.0270139 0.01625 0.0166667 0.240723
0 0.00705078 0.283611 0.0141016 0.0322222 0.196167
0 0.367188 0.0706944 0.011875 0.0225 0.186523
0 0.392813 0.0502083 0.010625 0.0156944 0.176147
0 0.39375 0.0656944 0.015 0.02 0.174438
0 0.427813 0.0509722 0.01375 0.0191667 0.168335
0 0.945 0.0947222 0.0275 0.0219444 0.165649
7 0.69375 0.0776389 0.00375004 0.0138889 0.151489
3 0.946875 0.22375 0.00625 0.0375 0.144653
0 0.425938 0.0317014 0.01 0.0140972 0.141724
5 0.44375 0.0143056 0.01125 0.0165278 0.136108
7 0.690625 0.0861111 0.00375004 0.0131945 0.124634
0 0.342813 0.07875 0.0125 0.0198611 0.115967
3 0.219375 0.1525 0.0075 0.0261111 0.106689
0 0.379375 0.0683333 0.016875 0.0247222 0.102295
0 0.582188 0.0255556 0.01875 0.0175 0.0997925
7 0.0273047 0.381667 0.00539063 0.0172222 0.0974121
0 0.416875 0.0350347 0.01 0.0163194 0.0943604
0 0.00370605 0.268056 0.00736328 0.025 0.0933228
0 0.374688 0.0702778 0.015625 0.0255556 0.092041
0 0.378438 0.0528472 0.013125 0.0156944 0.0866089
0 0.00905273 0.276389 0.0181055 0.0288889 0.0747681
7 0.00324463 0.382778 0.00590332 0.0188889 0.0698242
3 0.92625 0.226389 0.00750001 0.05 0.0663452
7 0.146094 0.220278 0.004375 0.0133333 0.0616455
0 0.940625 0.0916667 0.025 0.02 0.0589905
3 0.9375 0.229722 0.00750001 0.0483333 0.0575867
0 0.0410938 0.269444 0.0207031 0.03 0.0562439
7 0.75375 0.167083 0.00750001 0.0208333 0.0554199
3 0.93875 0.237778 0.015 0.0638889 0.0549927
0 0.176094 0.171111 0.0290625 0.0266667 0.0531921
2 0.0437598 0.27 0.0149805 0.0294444 0.0516663
3 0.294375 0.109688 0.00562499 0.0239583 0.0495911
2 0.0771875 0.279444 0.0196875 0.0322222 0.0467224
3 0.42375 0.188194 0.01375 0.0580555 0.0462036
2 0.0137793 0.2675 0.0102539 0.0222222 0.0458679
2 0.224531 0.143472 0.00562501 0.0211111 0.0445251
2 0.0642188 0.298333 0.025 0.0433333 0.0445251
2 0.0783594 0.268889 0.0157813 0.0322222 0.0428772
2 0.215625 0.148056 0.005 0.0272222 0.0417786
0 0.816875 0.0726389 0.04 0.0244444 0.0410767
0 0.460313 0.00598958 0.00625 0.0119792 0.0395508
7 0.0471094 0.350278 0.0107812 0.0377778 0.0394897
2 0.245 0.129444 0.01 0.0244444 0.0390625
0 0.41375 0.0609722 0.015 0.0198611 0.0384521
7 0.700625 0.0767361 0.00374997 0.0154167 0.037384
3 0.778125 0.126528 0.00874996 0.0427778 0.0362244
3 0.944375 0.235833 0.00625 0.0611111 0.035675
0 0.576563 0.0239931 0.025 0.0172917 0.0335999
7 0.655625 0.0581944 0.00374997 0.0141667 0.032959
7 0.74625 0.127222 0.00500005 0.0222222 0.0328369
2 0.0767188 0.29 0.0171875 0.0316667 0.0321045
0 0.4075 0.0371181 0.01 0.0182639 0.0317383
3 0.604375 0.0413889 0.00562503 0.0213889 0.0290833
0 0.455938 0.00944445 0.00687501 0.00986111 0.0280151
0 0.46625 0.00829861 0.00749998 0.009375 0.0273743
3 0.216875 0.161111 0.00562499 0.0233333 0.0272675
0 0.83375 0.0709722 0.035 0.0240278 0.0267639
3 0.114922 0.210417 0.00484374 0.0197222 0.0252686
2 0.52375 0.0508333 0.00999997 0.0202778 0.0250854
3 0.9275 0.228056 0.00750001 0.0538889 0.024231
0 0.0309961 0.306111 0.0198047 0.0361111 0.0236053
0 0.181875 0.165139 0.028125 0.0302778 0.0234222
2 0.434063 0.19 0.02 0.0538889 0.0232391
7 0.0941406 0.280556 0.0053125 0.0222222 0.0212097
3 0.271094 0.0944444 0.00500002 0.0219444 0.0212097
7 0.65625 0.0525 0.00375004 0.0141667 0.0207214
7 0.165 0.208056 0.00375001 0.0133333 0.0201721
0 0.43125 0.0245833 0.010625 0.0130556 0.0187683
7 0.65125 0.0565278 0.00250003 0.0108333 0.0186462
0 0.928125 0.0872917 0.03 0.0204167 0.0184784
0 0.441563 0.0427951 0.010625 0.0160764 0.0175781
5 0.00328125 0.254722 0.0065625 0.0416667 0.0167847
3 0.935 0.240556 0.0125 0.0688889 0.016098
2 0.0469531 0.329167 0.0103125 0.0405556 0.0157776
2 0.207188 0.157222 0.00874999 0.0255556 0.0155411
2 0.431563 0.190556 0.029375 0.0544444 0.0151901
3 0.88875 0.0635417 0.00499999 0.0245833 0.014389
0 0.80625 0.0692361 0.0325 0.02125 0.0141144
0 0.984375 0.113472 0.01125 0.0166667 0.0134277
3 0.43 0.192639 0.025 0.0491667 0.0130234
0 0.0544531 0.221944 0.0260938 0.0255556 0.012825
7 0.87125 0.267778 0.00499999 0.0183333 0.0125275
0 0.408125 0.0707639 0.016875 0.02625 0.0123367
2 0.596875 0.0325694 0.0175 0.0172222 0.012146
2 0.585625 0.0174306 0.00999997 0.0169444 0.0115967
5 0.3625 0.0555556 0.01125 0.0238889 0.00978088
3 0.230938 0.136944 0.005 0.0266667 0.00963593
7 0.695 0.0702778 0.00250003 0.0169444 0.00948334
0 0.44375 0.0244792 0.00749998 0.0151389 0.00945282
2 0.715 0.0327778 0.00500005 0.0141667 0.00945282
0 0.461875 0.988333 0.04125 0.0233333 0.00905609
2 0.61625 0.0298611 0.00625 0.0131944 0.00871277
0 0.494688 0.0130556 0.00562499 0.00979167 0.008255
0 0.839375 0.0766667 0.04125 0.0261111 0.00821686
0 0.190938 0.164167 0.0128125 0.0244444 0.00775528
3 0.88625 0.0606944 0.00499999 0.0226389 0.00772476
0 0.473438 0.00993056 0.00687501 0.0109722 0.00769424
0 0.535313 0.0192708 0.015 0.0178472 0.00766754
3 0.0362109 0.323889 0.00625 0.0311111 0.00763702
7 0.285625 0.115833 0.00374997 0.0155556 0.00757599
2 0.236875 0.126806 0.009375 0.0238889 0.00754929
7 0.170156 0.197917 0.00531251 0.0183333 0.00703812
7 0.705 0.0684722 0.00375004 0.0191667 0.00624084
0 0.809375 0.0731944 0.0375001 0.0251389 0.00612259
0 0.56375 0.989167 0.03875 0.0216666 0.00598145
0 0.0296875 0.274444 0.0324219 0.0288889 0.00595856
3 0.488125 0.0429167 0.00812502 0.0219444 0.00593567
3 0.124375 0.208333 0.00593751 0.0227778 0.00584412
2 0.205938 0.143889 0.00843751 0.0233333 0.00582123
0 0.0285889 0.270833 0.024541 0.0327778 0.00575256
3 0.894375 0.0679167 0.00500005 0.0202778 0.00553513
0 0.97875 0.112778 0.0125 0.0191667 0.00547028
3 0.273594 0.0938889 0.00500002 0.0211111 0.00524139
0 0.935 0.0807639 0.0199999 0.0206944 0.00519943
3 0.390313 0.190278 0.0225 0.0683333 0.00518036
3 0.70375 0.0481944 0.00499999 0.0191667 0.00511932
0 0.97375 0.105833 0.015 0.0194444 0.0046463
3 0.291563 0.114722 0.00625 0.0277778 0.0046463
0 0.995 0.118333 0.00999997 0.0241667 0.00460815
0 0.49625 0.988333 0.105625 0.0211112 0.00453949
2 0.75375 0.12 0.0125 0.0358333 0.00446701
0 0.965 0.104444 0.00999997 0.0180556 0.00441742
0 0.83875 0.0729167 0.035 0.0241667 0.00439835
7 0.229063 0.151667 0.00562499 0.025 0.00439835
2 0.0837695 0.287778 0.0171484 0.0388889 0.0042305
2 0.5325 0.0432118 0.00874999 0.0230208 0.00419998
0 0.57375 0.0271528 0.02125 0.0154167 0.00415039
7 0.304375 0.113194 0.00437501 0.0152778 0.00413513
0 0.448438 0.0159028 0.01 0.0156944 0.00413513
7 0.74375 0.1775 0.00750001 0.0244445 0.00385475
0 0.96875 0.111667 0.02 0.025 0.00374985
7 0.186563 0.201667 0.00437501 0.0163889 0.00370789
0 0.151875 0.187778 0.030625 0.03 0.00362206
0 0.0594922 0.223056 0.0246094 0.0261111 0.00362206
7 0.73125 0.123056 0.00499999 0.0272222 0.00362206
2 0.0890625 0.285278 0.01625 0.0316667 0.00351143
7 0.275156 0.132917 0.00343752 0.0111111 0.00338936
3 0.0371484 0.248056 0.00726562 0.0183333 0.00338936
0 0.9275 0.0934028 0.035 0.0279167 0.00337601
2 0.809375 0.0595833 0.01 0.0225 0.00332451
0 0.535 0.988333 0.0575 0.0233333 0.00327301
0 0.493438 0.0260417 0.00562499 0.0116667 0.00311089
0 0.18125 0.154722 0.018125 0.0311111 0.0030632
3 0.110625 0.203889 0.0065625 0.0233333 0.00282288
3 0.52875 0.0513889 0.00749998 0.0202778 0.00279999
0 0.0534375 0.227361 0.030625 0.0305556 0.00268364
0 0.490625 0.0206944 0.00625 0.00972222 0.00261116
2 0.5875 0.0373958 0.01875 0.0224306 0.00255013
7 0.189375 0.198056 0.0065625 0.0166667 0.00254059
7 0.576875 0.0418056 0.00499999 0.0158333 0.00253105
0 0.983125 0.106806 0.00999997 0.0194444 0.00253105
7 0.270313 0.124167 0.00500002 0.0144444 0.00253105
3 0.73 0.0906944 0.00375004 0.0272222 0.002388
7 0.685 0.0669444 0.00374997 0.0115278 0.00234222
0 0.540938 0.987778 0.085625 0.0222222 0.00233269
7 0.685 0.045 0.00374997 0.0138889 0.00232315
2 0.200938 0.163333 0.0196875 0.0269444 0.00232315
2 0.0548047 0.299444 0.0342969 0.0522222 0.00227928
0 0.440938 0.0155556 0.013125 0.01625 0.00225258
7 0.73375 0.123889 0.00500005 0.0211111 0.00225258
0 0.195469 0.14625 0.008125 0.0269444 0.00219154
3 0.285313 0.101944 0.00375001 0.015 0.00216484
3 0.305625 0.223333 0.01125 0.065 0.00213242
2 0.579688 0.0193056 0.016875 0.0211111 0.00206757
0 0.0728906 0.249444 0.02625 0.0222222 0.00206757
3 0.186094 0.188889 0.0046875 0.0172222 0.0019722
0 0.54125 0.0157639 0.011875 0.0140278 0.00193405
3 0.223906 0.124583 0.00531251 0.0241667 0.00192642
7 0.675625 0.0808333 0.00499999 0.0134722 0.00186729
3 0.61 0.0232639 0.00499999 0.015 0.00186729
2 0.518125 0.0499826 0.01 0.0247569 0.00184631
2 0.487188 0.0301042 0.00750001 0.0138889 0.00183868
7 0.696875 0.0513194 0.00499999 0.0159722 0.0018177
7 0.175156 0.200556 0.00406249 0.0183333 0.00179577
2 0.0826367 0.293056 0.0128516 0.0488889 0.00179577
0 0.493125 0.988889 0.055 0.0222222 0.00178909
0 0.0444141 0.3 0.0125781 0.0355555 0.00176811
7 0.75375 0.163056 0.00625 0.0222222 0.00175476
7 0.164219 0.221806 0.0046875 0.0147222 0.00174141
3 0.256563 0.267222 0.013125 0.0444444 0.00174141
7 0.252344 0.135556 0.00718751 0.0172222 0.00173378
0 0.8225 0.0631944 0.04625 0.0297222 0.00165462
3 0.93 0.233056 0.01375 0.0622222 0.00162315
3 0.509688 0.053125 0.00562503 0.0220833 0.00161648
0 0.0619141 0.243056 0.0364844 0.0466667 0.00148392
3 0.314688 0.228056 0.0175 0.0633333 0.0014782
7 0.248906 0.272778 0.0075 0.03 0.0014782
3 0.273125 0.0901389 0.00562503 0.0208333 0.00138855
7 0.73625 0.128611 0.00625 0.0238889 0.00138855
0 0.34 0.0732639 0.01625 0.0273611 0.00136662
0 0.9475 0.109479 0.02625 0.0338194 0.00133514
7 0.292813 0.395278 0.091875 0.145 0.00133514
0 0.469375 0.0159028 0.00749998 0.0143056 0.00133038
5 0.0100098 0.253611 0.0194141 0.0372222 0.00131512
2 0.634375 0.0324306 0.00375004 0.0115278 0.00130463
3 0.629375 0.0231597 0.00499999 0.0177778 0.00129414
2 0.590938 0.0387326 0.014375 0.0208681 0.00127411
7 0.225313 0.157778 0.005 0.0294444 0.0012598
3 0.317813 0.230556 0.009375 0.0622222 0.00125504
0 0.545 0.0263542 0.03 0.0178472 0.00124454
0 0.54375 0.0239583 0.03375 0.0218056 0.0012064
5 0.190938 0.15 0.02875 0.0355556 0.00112915
7 0.770625 0.149167 0.00874996 0.0311111 0.0011034
7 0.665625 0.0442361 0.00375004 0.015 0.00108147
