0 0.83625 0.885556 0.17875 0.228889 0.95752
0 0.639063 0.823333 0.128125 0.233333 0.955078
0 0.46875 0.771111 0.099375 0.205556 0.953125
0 0.361563 0.629444 0.09125 0.145556 0.948242
0 0.572813 0.56 0.0706251 0.107778 0.942871
0 0.479063 0.568889 0.069375 0.124444 0.93457
0 0.0511719 0.44 0.0324219 0.03 0.895508
3 0.378125 0.474167 0.02 0.0666667 0.851074
0 0.144844 0.382778 0.0295312 0.0311111 0.845703
5 0.317344 0.313333 0.0215625 0.0322222 0.842773
3 0.33375 0.461389 0.01875 0.0644445 0.835449
0 0.322813 0.334444 0.016875 0.0222222 0.833496
0 0.67875 0.327222 0.0425 0.0277778 0.833496
2 0.61875 0.509444 0.03 0.0944444 0.824219
5 0.385625 0.319167 0.02 0.0344445 0.801758
0 0.3425 0.33 0.0175 0.0244444 0.792969
5 0.36125 0.302778 0.01625 0.0344444 0.789062
0 0.0067334 0.437222 0.0133691 0.02 0.777344
7 0.6775 0.479722 0.00749995 0.0238889 0.775879
2 0.73875 0.390556 0.0175 0.0455556 0.770508
2 0.0315625 0.474444 0.0155469 0.0372222 0.762207
7 0.234531 0.502778 0.00687501 0.0216666 0.756348
7 0.66625 0.465556 0.00499999 0.0205556 0.729492
0 0.357188 0.322778 0.01625 0.0222222 0.702637
4 0.257813 0.392778 0.1475 0.0988889 0.693359
0 0.413438 0.314444 0.01125 0.0177778 0.6875
0 0.299219 0.330556 0.0175 0.0244444 0.602051
7 0.92375 0.456667 0.00499999 0.0155555 0.598145
7 0.022832 0.527778 0.00515625 0.0155555 0.569824
0 0.405625 0.321111 0.013125 0.02 0.563965
0 0.0073584 0.402222 0.014541 0.0255556 0.562012
0 0.34625 0.311944 0.0125 0.02 0.494141
0 0.39625 0.310833 0.0125 0.0216667 0.476562
7 0.125625 0.418333 0.0034375 0.00999999 0.405518
0 0.4125 0.307778 0.01125 0.0155556 0.39502
0 0.3475 0.308889 0.0125 0.0211111 0.362061
0 0.37125 0.316667 0.0125 0.0277778 0.355713
7 0.923125 0.465833 0.00499999 0.0172222 0.32251
0 0.335 0.318611 0.01125 0.015 0.320801
0 0.401875 0.298889 0.00875003 0.015 0.315674
7 0.745 0.423056 0.00499999 0.0172222 0.305664
5 0.207813 0.38 0.048125 0.0677778 0.303955
0 0.374375 0.314167 0.01375 0.0266667 0.27832
7 0.734375 0.432778 0.00625 0.0161111 0.252441
7 0.63375 0.328333 0.00374997 0.0116667 0.250977
0 0.388125 0.296111 0.009375 0.0122222 0.23938
0 0.359375 0.321111 0.015 0.0211111 0.236572
7 0.726875 0.441667 0.00499999 0.0188889 0.210815
0 0.39125 0.304722 0.01125 0.0166667 0.205566
5 0.222188 0.374167 0.075 0.0766667 0.201172
0 0.485313 0.257778 0.00499999 0.00888889 0.199341
7 0.723125 0.401111 0.00499999 0.0188889 0.19873
0 0.4125 0.297222 0.01 0.0155556 0.196167
7 0.221563 0.517778 0.008125 0.0227778 0.193115
7 0.74 0.43 0.00500005 0.0177778 0.189575
7 0.728125 0.438889 0.00499999 0.0188889 0.182983
7 0.145313 0.417222 0.003125 0.0111111 0.181885
0 0.39625 0.3 0.01 0.0155556 0.176147
7 0.683125 0.352778 0.00499999 0.0144444 0.17334
5 0.36125 0.311944 0.0175 0.035 0.15564
7 0.04625 0.474722 0.00359375 0.0161111 0.14563
0 0.404375 0.280556 0.00750001 0.01 0.135742
7 0.0489453 0.477778 0.00421875 0.0127778 0.126343
0 0.245781 0.356111 0.03 0.0422222 0.123352
0 0.436875 0.273889 0.00625 0.0105555 0.122925
4 0.240313 0.384444 0.116875 0.0866667 0.11676
0 0.493125 0.266111 0.00750001 0.01 0.110107
7 0.0632813 0.470556 0.0046875 0.0144444 0.107788
0 0.315625 0.331111 0.018125 0.0266667 0.0966797
5 0.235625 0.370278 0.046875 0.0705556 0.0933228
0 0.375 0.296667 0.00874999 0.0122222 0.0775146
3 0.70875 0.308333 0.00500005 0.0177778 0.0690308
0 0.238594 0.358611 0.043125 0.0466667 0.0651245
3 0.81 0.299444 0.00749995 0.0211111 0.0648804
0 0.418125 0.280556 0.00874999 0.0111111 0.055603
2 0.190313 0.369167 0.008125 0.0344445 0.0538025
0 0.49375 0.263611 0.00625 0.0105556 0.0528259
0 0.312813 0.330833 0.016875 0.0288889 0.0499573
0 0.4175 0.283333 0.00875003 0.0133333 0.037384
7 0.74875 0.412778 0.00375004 0.015 0.0372009
7 0.635313 0.317222 0.00374997 0.0111111 0.035675
0 0.42625 0.278056 0.00750001 0.00999999 0.0347595
0 0.311875 0.361389 0.03375 0.0311111 0.0342407
0 0.430313 0.271389 0.00625 0.00888889 0.0333252
7 0.149375 0.412222 0.00375001 0.0111111 0.0324707
7 0.75375 0.415556 0.00499999 0.0177778 0.0321045
0 0.207813 0.379444 0.051875 0.0666667 0.0316162
0 0.475313 0.260556 0.00499999 0.00666665 0.0301056
0 0.199375 0.378889 0.039375 0.0344445 0.0283356
0 0.194375 0.370556 0.00750001 0.0366667 0.0280151
0 0.301875 0.341667 0.021875 0.0255556 0.0273743
7 0.129219 0.412778 0.0028125 0.0111111 0.0273743
0 0.245313 0.367222 0.03 0.06 0.0271759
7 0.22 0.508889 0.0075 0.0255555 0.0232849
0 0.203125 0.417778 0.059375 0.0477778 0.0227966
0 0.217188 0.3925 0.058125 0.0472222 0.018692
2 0.533125 0.278333 0.00625003 0.00999999 0.016922
7 0.565938 0.316667 0.00375004 0.0116667 0.016098
0 0.319844 0.341389 0.0178125 0.0238889 0.0151291
0 0.00462891 0.415 0.00925781 0.0277778 0.0136337
7 0.0552344 0.474444 0.0040625 0.0111111 0.0127716
0 0.38 0.289444 0.00625 0.0122222 0.012291
0 0.34625 0.301111 0.01125 0.0144444 0.012146
3 0.488125 0.31 0.00562499 0.0205556 0.0106964
0 0.394375 0.28 0.00625 0.00777777 0.0104904
2 0.7075 0.310556 0.00750001 0.0161111 0.0104904
0 0.95375 0.336111 0.0112501 0.0144444 0.0104904
0 0.310625 0.371111 0.041875 0.0511111 0.0104065
3 0.77625 0.3525 0.00750001 0.0283333 0.0103683
4 0.219219 0.389444 0.09 0.0855555 0.0103302
2 0.253125 0.327778 0.008125 0.02 0.0101318
5 0.238125 0.378889 0.084375 0.0877778 0.00971222
0 0.00651367 0.445278 0.0129492 0.0316667 0.00955963
0 0.535625 0.263889 0.00437501 0.0111111 0.00930023
7 0.665625 0.353333 0.00375004 0.0133333 0.00891876
7 0.735 0.426111 0.00499999 0.0227778 0.00888062
7 0.778125 0.351389 0.00625 0.0216667 0.00874329
0 0.465 0.263611 0.00375001 0.00944446 0.00815582
7 0.00886719 0.542778 0.00574219 0.0222222 0.00734711
0 0.299375 0.337778 0.0175 0.0288889 0.00728989
2 0.211875 0.352222 0.00812499 0.0322222 0.00725937
7 0.595313 0.301111 0.00437501 0.0144444 0.00714874
0 0.00671875 0.397778 0.0134375 0.03 0.0069313
0 0.314063 0.325556 0.025625 0.0322222 0.00677109
2 0.18625 0.368333 0.00687501 0.0188889 0.00621796
5 0.227656 0.390556 0.0709375 0.0866667 0.00619125
2 0.177188 0.367222 0.00531251 0.0177778 0.00612259
0 0.515 0.261667 0.00375001 0.00666668 0.00605011
3 0.375 0.468889 0.02375 0.0533333 0.00602722
3 0.258125 0.353889 0.011875 0.0283333 0.00600433
0 0.012832 0.433333 0.0256641 0.0244444 0.00588989
0 0.28625 0.348056 0.01125 0.0194444 0.00561905
3 0.17875 0.360556 0.00687501 0.0188889 0.00538635
0 0.0342578 0.39 0.0179688 0.0233333 0.00526047
0 0.953125 0.339167 0.0175 0.015 0.00521851
2 0.311563 0.374444 0.04125 0.0522222 0.0051384
3 0.264375 0.352778 0.00687499 0.02 0.00510025
7 0.718125 0.450833 0.00749995 0.0222222 0.00500107
0 0.0229492 0.4 0.0130859 0.0233333 0.00486755
7 0.655 0.363889 0.00499999 0.01 0.00471878
0 0.205469 0.391389 0.05875 0.0472222 0.00455475
0 0.33 0.316111 0.0175 0.0366667 0.00453949
7 0.595625 0.310556 0.00375004 0.0138889 0.00436401
2 0.71625 0.39 0.0125 0.0344445 0.00432968
7 0.165313 0.417778 0.003125 0.0122222 0.00426483
0 0.52625 0.275556 0.00499999 0.0111111 0.00413513
7 0.670625 0.475 0.00499999 0.0227778 0.0041008
3 0.695 0.445556 0.00999997 0.0633333 0.00400543
7 0.5725 0.318611 0.00750001 0.0127778 0.00391388
3 0.163438 0.382778 0.005 0.0261111 0.00372124
0 0.41 0.269444 0.00874999 0.0111111 0.00372124
0 0.443125 0.264444 0.00499999 0.00999999 0.00370789
0 0.42125 0.308333 0.01 0.0177778 0.00365067
3 0.105234 0.388889 0.005625 0.02 0.00365067
2 0.71375 0.31 0.00625 0.0155555 0.00340271
0 0.275625 0.363889 0.04 0.0366667 0.00340271
5 0.24125 0.398056 0.105625 0.0838889 0.00340271
7 0.66125 0.357778 0.00499999 0.0155556 0.00325966
0 0.267188 0.374444 0.0728125 0.0588889 0.00314713
0 0.958125 0.343333 0.01625 0.0188889 0.00312424
7 0.135312 0.419444 0.0034375 0.00888889 0.00312424
5 0.546875 0.262222 0.00625 0.0144444 0.003088
3 0.548125 0.268056 0.00625 0.0144444 0.00307465
0 0.96125 0.334444 0.015 0.0144444 0.00300407
0 0.405313 0.262222 0.00500002 0.0111111 0.00292397
0 0.304063 0.355556 0.0325 0.0361111 0.00292397
3 0.69375 0.447222 0.00874996 0.0566667 0.00288963
0 0.00907227 0.423333 0.0180664 0.0266667 0.0028553
0 0.225313 0.384444 0.06625 0.0533333 0.00281143
0 0.969375 0.346944 0.02125 0.0222222 0.00279045
7 0.65375 0.328333 0.00499999 0.0122222 0.00269318
3 0.865 0.308889 0.00499999 0.0188889 0.00265312
0 0.0329102 0.398056 0.0144922 0.0227778 0.0024929
5 0.22 0.389444 0.065 0.0544445 0.0024929
0 0.448438 0.268889 0.00562499 0.00777777 0.00240517
0 0.272656 0.357778 0.0240625 0.03 0.00235939
0 0.44375 0.273333 0.00562499 0.0111111 0.00232315
7 0.00815308 0.541111 0.00677979 0.0188889 0.00227928
0 0.321875 0.338611 0.01875 0.0283333 0.00224304
3 0.685 0.295278 0.00499999 0.0177778 0.00220871
3 0.265938 0.3625 0.008125 0.0283333 0.0020752
0 0.0105493 0.45 0.0176514 0.035 0.00203514
0 0.0297998 0.394167 0.0255566 0.0311111 0.00201988
7 0.219219 0.518889 0.0090625 0.0227778 0.00201988
3 0.58 0.284444 0.00499999 0.0133334 0.00194931
0 0.303438 0.375 0.055 0.0633333 0.00190449
7 0.65375 0.317778 0.00499999 0.0111111 0.00188255
0 0.25 0.336111 0.0125 0.0188889 0.00188255
3 0.161563 0.3725 0.00843751 0.0238889 0.00188255
7 0.615 0.329167 0.00374997 0.0105555 0.00186729
2 0.67625 0.295556 0.00499999 0.0155555 0.00179577
0 0.865 0.3 0.00750001 0.0144444 0.0017004
0 0.469375 0.267778 0.00500002 0.00833333 0.00169373
2 0.554375 0.278889 0.00499999 0.0122222 0.00168705
2 0.72375 0.391944 0.00750001 0.035 0.00162888
0 0.224063 0.394722 0.073125 0.0566667 0.00159168
3 0.590625 0.301111 0.00499999 0.015 0.00159168
0 0.980625 0.336667 0.02 0.0177778 0.00158501
0 0.9675 0.338889 0.015 0.0177778 0.00158501
2 0.37625 0.478611 0.02625 0.0516667 0.00156689
0 0.298281 0.383333 0.0653125 0.0772222 0.0015192
0 0.423125 0.2975 0.009375 0.0166667 0.00145531
7 0.155703 0.4175 0.00390625 0.0116667 0.00144386
0 0.530313 0.269722 0.00500002 0.00888889 0.00143242
4 0.282813 0.387778 0.09875 0.0888889 0.0014267
0 0.18875 0.42 0.029375 0.0444444 0.00137806
0 0.211719 0.408333 0.060625 0.0666667 0.00136662
7 0.7075 0.401667 0.00499999 0.0144444 0.00134563
0 0.975 0.360833 0.0275 0.0261111 0.00130939
7 0.9275 0.451667 0.00499999 0.02 0.00129986
1 0.97375 0.351111 0.0325 0.03 0.00129414
7 0.72375 0.448056 0.00499999 0.0211111 0.00124454
7 0.479063 0.568889 0.069375 0.124444 0.0012207
7 0.916875 0.47 0.00499999 0.0172222 0.0011692
7 0.67625 0.352222 0.00499999 0.0122222 0.00113392
3 0.105625 0.398889 0.0046875 0.03 0.00112915
2 0.584375 0.292778 0.00625 0.0177778 0.0011158
2 0.81125 0.298333 0.00999997 0.0211111 0.00106907
1 0.97375 0.359722 0.035 0.0305556 0.00106049
0 0.90625 0.335556 0.025 0.0155556 0.00104809
0 0.334375 0.300556 0.00749998 0.0127778 0.00102425
0 0.9525 0.336667 0.02125 0.0161111 0.00102043
