0 0.0410156 0.867222 0.0815625 0.265556 0.956055
0 0.302813 0.381944 0.094375 0.130556 0.947754
0 0.509375 0.635417 0.1225 0.326944 0.943848
0 0.6825 0.281736 0.0825 0.10875 0.941895
0 0.623438 0.340556 0.091875 0.147778 0.941895
0 0.406875 0.333611 0.0775 0.126111 0.941406
0 0.250938 0.35 0.0825 0.11 0.935059
0 0.508125 0.312222 0.06875 0.118889 0.929199
0 0.593438 0.0986111 0.063125 0.0413889 0.895508
0 0.62875 0.0601389 0.0475 0.0266667 0.882324
0 0.38 0.136944 0.06 0.0436111 0.881836
0 0.44 0.0798611 0.04625 0.0330556 0.868652
0 0.0270654 0.294444 0.0267285 0.0338889 0.864258
5 0.274375 0.125694 0.040625 0.0475 0.854004
0 0.36625 0.0759722 0.01625 0.0230555 0.851074
0 0.235313 0.15875 0.0425 0.0366667 0.842773
2 0.148438 0.208472 0.0109375 0.0322222 0.837402
2 0.93875 0.181944 0.0125 0.0461111 0.824219
7 0.703125 0.199722 0.00750001 0.025 0.822266
7 0.245938 0.279722 0.0078125 0.0233333 0.820801
2 0.126016 0.308889 0.0201563 0.0516667 0.818848
7 0.030625 0.376667 0.00582031 0.02 0.811523
0 0.349375 0.0802778 0.015 0.0216667 0.791992
7 0.744375 0.174167 0.00625 0.0208333 0.78418
3 0.399688 0.200833 0.01375 0.0633333 0.764648
0 0.38625 0.0698611 0.0175 0.0211111 0.728027
5 0.0187891 0.272847 0.03125 0.0576389 0.72168
0 0.4275 0.0569444 0.01625 0.0213889 0.716797
0 0.0701563 0.281111 0.0339063 0.0394445 0.710449
0 0.33125 0.095 0.020625 0.0258333 0.690918
7 0.6925 0.184583 0.00750001 0.0222222 0.679199
0 0.4075 0.0629167 0.01625 0.0225 0.677246
7 0.0445313 0.359167 0.00546875 0.0172222 0.615234
2 0.67125 0.0402778 0.0112501 0.0215278 0.604004
0 0.376875 0.0652778 0.0125 0.0216667 0.604004
0 0.0721094 0.259167 0.0321875 0.0316666 0.604004
7 0.75375 0.163472 0.00499999 0.0197222 0.600098
0 0.357188 0.0679167 0.015625 0.0202778 0.575684
0 0.394688 0.051875 0.010625 0.0165278 0.53125
7 0.773125 0.146389 0.00499999 0.0177778 0.523438
7 0.945625 0.224167 0.00499999 0.0177778 0.517578
0 0.406563 0.050625 0.01375 0.01875 0.460938
7 0.77125 0.13 0.00500005 0.0161111 0.459961
0 0.39375 0.0609722 0.013125 0.0198611 0.44165
0 0.4175 0.0458333 0.00999997 0.0170833 0.439697
0 0.424063 0.0347222 0.009375 0.0147222 0.383057
7 0.754375 0.162222 0.00499999 0.0197222 0.345215
0 0.434688 0.0488889 0.009375 0.0166667 0.336426
2 0.214063 0.154028 0.009375 0.0280555 0.334473
7 0.165938 0.204444 0.00375001 0.0122222 0.331055
0 0.00558106 0.281667 0.0110645 0.0266667 0.317383
0 0.394375 0.0578472 0.01375 0.0215278 0.293457
7 0.70625 0.0811111 0.00375004 0.0105556 0.262939
0 0.375 0.06 0.01375 0.0188889 0.262939
7 0.74875 0.128056 0.00499999 0.0183333 0.258301
0 0.06875 0.266111 0.0320312 0.0322222 0.209473
0 0.38125 0.0686111 0.015 0.0230556 0.202393
0 0.00624024 0.285556 0.0113281 0.0266667 0.176147
0 0.245 0.139722 0.020625 0.0222222 0.172729
0 0.362813 0.0739583 0.01375 0.02625 0.169922
7 0.7625 0.154028 0.00625 0.0180556 0.16394
2 0.212188 0.154444 0.00874999 0.0261111 0.163452
0 0.230781 0.147222 0.02375 0.0272222 0.143188
2 0.22375 0.144444 0.00875001 0.0233333 0.141235
0 0.38375 0.0518056 0.01 0.015 0.129395
0 0.446563 0.0129861 0.00625 0.0105556 0.12854
7 0.7475 0.127778 0.00499999 0.0188889 0.105591
0 0.446875 0.0747222 0.03125 0.0352778 0.102661
2 0.215313 0.145833 0.00687501 0.0233333 0.0960083
2 0.67 0.0383333 0.01125 0.0209722 0.0953369
0 0.35625 0.0645833 0.01625 0.0233333 0.0946655
5 0.431875 0.0107639 0.01 0.0130556 0.092041
0 0.375625 0.0514583 0.01 0.0125 0.0907593
0 0.501563 0.00427083 0.00687501 0.00854167 0.0900879
0 0.220625 0.149167 0.015 0.0238889 0.0698242
7 0.25875 0.263056 0.00812499 0.0233333 0.0692749
0 0.224688 0.159583 0.023125 0.035 0.0670776
7 0.0949219 0.276667 0.00390625 0.0122222 0.0611877
0 0.269375 0.133056 0.029375 0.0305556 0.0574951
3 0.4025 0.201667 0.01875 0.065 0.0514526
2 0.25625 0.141389 0.005 0.0172222 0.0497742
2 0.654375 0.0347569 0.01125 0.0160417 0.0453491
7 0.0749219 0.289167 0.0145312 0.0344445 0.0396423
7 0.246406 0.2825 0.00999999 0.0288889 0.0393372
5 0.00601563 0.268056 0.0113867 0.04 0.0379028
0 0.574375 0.0202778 0.0125 0.0136111 0.0347595
2 0.716875 0.0703472 0.01125 0.0305556 0.0340881
0 0.249063 0.132083 0.01875 0.0244444 0.0335999
7 0.7525 0.168611 0.00625 0.0216667 0.0299835
0 0.419375 0.0352083 0.01125 0.0154167 0.0297546
3 0.189688 0.164722 0.00531251 0.0227778 0.0297546
0 0.453125 0.00930556 0.00625 0.00881945 0.0264587
7 0.773125 0.135833 0.00499999 0.0161111 0.0253754
2 0.605 0.0436111 0.00437501 0.0168056 0.0241394
0 0.0753906 0.266389 0.0335937 0.0322222 0.0222931
3 0.39875 0.200139 0.02 0.065 0.0217743
0 0.441875 0.041875 0.01 0.0197222 0.0210419
2 0.598438 0.0232639 0.010625 0.0138889 0.0197144
0 0.0729297 0.252222 0.0292969 0.0433333 0.0196381
0 0.34375 0.0786806 0.013125 0.0202778 0.0187988
2 0.670625 0.0452604 0.00874996 0.0239236 0.0175781
3 0.40625 0.204861 0.01375 0.0652778 0.0175781
7 0.9475 0.224444 0.00500005 0.02 0.0158997
3 0.195156 0.157222 0.00531251 0.0222222 0.0156021
0 0.3775 0.127083 0.04875 0.0277778 0.014389
0 0.080625 0.282778 0.0132813 0.0322222 0.014389
0 0.365 0.0520833 0.00749998 0.0138889 0.0134811
0 0.444063 0.0309028 0.00999997 0.0158333 0.012825
7 0.00951172 0.377778 0.00371094 0.0188889 0.0116425
2 0.600313 0.0225694 0.01375 0.015625 0.0115509
0 0.349063 0.0727778 0.013125 0.02 0.0109482
2 0.7325 0.0347222 0.00750001 0.0165278 0.0103302
5 0.00412598 0.255 0.00733399 0.0305556 0.0102463
0 0.485313 0.0105208 0.00437501 0.00784722 0.00978088
7 0.126094 0.222639 0.00390625 0.0144444 0.00971222
2 0.207188 0.155833 0.0175 0.0286111 0.00930023
0 0.0134473 0.293889 0.0142773 0.03 0.00905609
0 0.449375 0.0161458 0.00625 0.0124306 0.00891876
2 0.0839063 0.229583 0.00625 0.0175 0.0085144
7 0.6925 0.0772222 0.00499999 0.0130556 0.00844574
0 0.43 0.0114931 0.01125 0.0140278 0.00809479
0 0.429688 0.0167361 0.00812502 0.0116667 0.00775528
7 0.94 0.215833 0.00374997 0.0161111 0.00757599
0 0.2875 0.104444 0.00968752 0.0152778 0.00717545
7 0.65625 0.0463194 0.00499999 0.01 0.00698471
0 0.9925 0.133611 0.015 0.035 0.00658798
0 0.427188 0.0748611 0.026875 0.0311111 0.00658798
0 0.410625 0.0711111 0.02 0.0263889 0.00638962
2 0.93625 0.181528 0.01625 0.0458333 0.00614548
7 0.248125 0.283333 0.010625 0.0377778 0.00614548
7 0.9425 0.213611 0.00750001 0.0205556 0.00593567
0 0.405625 0.0319444 0.00499999 0.0101389 0.00557709
7 0.7 0.0772222 0.00499999 0.0161111 0.0055542
0 0.80375 0.064375 0.04 0.0293056 0.00548935
0 0.586563 0.0206944 0.018125 0.0129167 0.00536346
0 0.600938 0.0185417 0.016875 0.0176389 0.00526047
7 0.168125 0.201944 0.005 0.0155556 0.0050621
7 0.136094 0.223889 0.00453126 0.0116667 0.00502014
3 0.894375 0.0660417 0.00500005 0.0161111 0.00494385
0 0.995 0.126076 0.00999997 0.0378472 0.00492477
7 0.715 0.0497222 0.00500005 0.0127778 0.00431442
0 0.575313 0.0178472 0.01375 0.0156944 0.00421524
0 0.65 0.0337153 0.015 0.0171528 0.00413513
0 0.445 0.0619444 0.0375 0.0297222 0.00362206
7 0.71 0.0584722 0.00499999 0.0155556 0.00362206
7 0.405938 0.334722 0.07625 0.124444 0.00340271
0 0.004104 0.305 0.00728027 0.0388889 0.00338936
3 0.38875 0.183333 0.01375 0.0561111 0.00327301
7 0.695625 0.0523611 0.00249996 0.0133333 0.00322342
0 0.9875 0.135278 0.0249999 0.0305556 0.00299263
0 0.20625 0.160972 0.01375 0.0305556 0.00293541
7 0.0556641 0.304444 0.00375 0.0233333 0.00292397
7 0.475 0.0267361 0.00500002 0.0101389 0.00276756
2 0.145 0.203472 0.015 0.0333333 0.00276756
0 0.47 0.0215278 0.00625 0.00986111 0.00275803
7 0.0925 0.262222 0.0090625 0.0177778 0.00274658
7 0.69125 0.0568056 0.00250003 0.01125 0.00270462
0 0.99 0.12625 0.0199999 0.0327778 0.00269318
7 0.184844 0.168889 0.00374999 0.0188889 0.00269318
2 0.745625 0.115556 0.00874996 0.0419445 0.00268364
0 0.21125 0.146806 0.019375 0.0263889 0.00260162
0 0.458125 0.00506944 0.00875003 0.0101389 0.00259018
7 0.724375 0.0759028 0.00374997 0.0198611 0.00254059
3 0.88625 0.0652778 0.00499999 0.0170833 0.00251198
2 0.259688 0.126944 0.01375 0.0272222 0.00232315
2 0.600625 0.0178125 0.0125 0.0185417 0.00226021
3 0.7325 0.0405382 0.00499999 0.0194792 0.00218201
1 0.736094 0.712083 0.225313 0.569167 0.00218201
0 0.0529297 0.265556 0.0257031 0.03 0.00215721
0 0.5825 0.0175 0.015 0.0152778 0.00193405
7 0.303438 0.383056 0.09 0.130556 0.00188923
7 0.935 0.2375 0.00625 0.0216667 0.00185299
7 0.0285938 0.377222 0.0075 0.0194444 0.00182438
0 0.19375 0.159167 0.024375 0.0272222 0.00175476
7 0.260625 0.2625 0.009375 0.025 0.0017004
7 0.73125 0.943333 0.00750001 0.0222222 0.00168705
2 0.625625 0.0325694 0.00499999 0.0118056 0.0016613
7 0.0427344 0.309444 0.00671875 0.0244445 0.0016613
0 0.99375 0.141667 0.0124999 0.0372222 0.00150108
5 0.452188 0.0313889 0.016875 0.0258333 0.00148964
0 0.25125 0.129583 0.0334375 0.03 0.00146675
7 0.624375 0.341667 0.09 0.148889 0.00144958
7 0.665 0.0620833 0.00250003 0.0105556 0.00143814
2 0.634375 0.0331597 0.00625 0.0135417 0.00142097
0 0.00332031 0.236667 0.00664063 0.0461111 0.00138855
5 0.45 0.0447396 0.02 0.0263542 0.00136185
0 0.294062 0.106181 0.00874999 0.0181944 0.00135612
7 0.69375 0.0643056 0.00249996 0.00805555 0.00131512
3 0.40625 0.200833 0.02375 0.0661111 0.00129986
7 0.70375 0.0483333 0.00499999 0.0116667 0.00129414
0 0.279688 0.105764 0.013125 0.0173611 0.00128937
7 0.195938 0.16625 0.00437501 0.0208333 0.00127411
7 0.164375 0.220278 0.004375 0.0130556 0.00126457
3 0.259063 0.27 0.011875 0.0477778 0.00126457
0 0.985 0.141528 0.02625 0.0286111 0.00118351
0 0.503125 0.00684028 0.00687501 0.00986111 0.00116539
2 0.132969 0.175556 0.00687501 0.0169444 0.00112915
0 0.435625 0.0377083 0.00874999 0.02125 0.00112438
3 0.709375 0.0252778 0.00625 0.0234722 0.00102425
3 0.224219 0.124722 0.005 0.0211111 0.00101662
2 0.335625 0.103542 0.0125 0.0326389 0.00100803
