0 0.307969 0.837778 0.145938 0.274444 0.962402
0 0.77375 0.791111 0.145 0.215556 0.956543
0 0.61 0.755556 0.12125 0.217778 0.953613
0 0.82375 0.616667 0.0875 0.117778 0.948242
0 0.3875 0.585556 0.07875 0.125556 0.940918
0 0.287969 0.589028 0.0946875 0.150833 0.939941
0 0.67625 0.580556 0.085 0.11 0.937988
1 0.13125 0.793333 0.260938 0.41 0.936035
0 0.479688 0.517222 0.05375 0.0888889 0.93457
0 0.568125 0.528889 0.065 0.101111 0.933594
0 0.200469 0.586667 0.115625 0.157778 0.873047
0 0.34875 0.328333 0.0175 0.0244444 0.819824
0 0.940625 0.358333 0.03125 0.0294445 0.818848
0 0.326953 0.335 0.0173437 0.0211111 0.808105
0 0.206406 0.367222 0.0296875 0.0255556 0.803223
7 0.66625 0.465556 0.00499999 0.0211111 0.79834
2 0.0757422 0.446111 0.0119531 0.0294444 0.785156
0 0.36625 0.324444 0.01625 0.0266667 0.779785
7 0.0234766 0.528333 0.00523437 0.0155555 0.747559
2 0.118125 0.418889 0.0096875 0.0277778 0.743164
7 0.235313 0.505556 0.00687501 0.0211111 0.733887
7 0.925625 0.458889 0.00374997 0.0144444 0.720215
2 0.129609 0.406111 0.00921875 0.0277778 0.685059
0 0.335938 0.331111 0.0125 0.02 0.658203
0 0.40875 0.32 0.015 0.02 0.649414
7 0.749375 0.416944 0.00500005 0.0172222 0.616699
7 0.6775 0.48 0.00749995 0.0244445 0.615234
7 0.72375 0.400833 0.00375004 0.0172222 0.611328
0 0.394375 0.308611 0.01125 0.0155555 0.598145
0 0.411875 0.292778 0.00874999 0.0155555 0.596191
2 0.590625 0.314722 0.010625 0.0177778 0.596191
0 0.48375 0.272778 0.00874999 0.0144444 0.542969
2 0.645625 0.319444 0.00625 0.0222222 0.53125
0 0.40375 0.298056 0.01 0.015 0.511719
0 0.38375 0.313333 0.01125 0.0177778 0.505859
0 0.376875 0.316667 0.015 0.0222222 0.482422
0 0.365625 0.321111 0.014375 0.0266667 0.472656
7 0.73875 0.426111 0.00499999 0.0188889 0.466797
2 0.2625 0.351944 0.008125 0.0205556 0.432129
0 0.340625 0.321667 0.015 0.02 0.428223
0 0.383125 0.298056 0.009375 0.0138889 0.424316
0 0.353438 0.313333 0.011875 0.0155556 0.414795
7 0.92375 0.466389 0.00499999 0.0161111 0.403564
7 0.745625 0.401667 0.00375004 0.015 0.399902
0 0.37375 0.299444 0.009375 0.0116667 0.359375
7 0.0641797 0.472222 0.00421875 0.0133333 0.359375
7 0.68375 0.353056 0.00374997 0.0138889 0.345215
0 0.393125 0.306667 0.009375 0.0144444 0.342529
7 0.0487891 0.477222 0.00421875 0.0133334 0.304932
0 0.373125 0.304444 0.01125 0.0155555 0.27124
3 0.26125 0.352778 0.00562501 0.0222223 0.247314
0 0.127656 0.375556 0.02375 0.0266667 0.242188
7 0.72875 0.438333 0.00499999 0.0188889 0.206299
0 0.393125 0.298333 0.00874999 0.0133334 0.201172
6 0.128594 0.377222 0.0225 0.0277778 0.19812
0 0.353125 0.308889 0.0125 0.0144444 0.180664
7 0.735 0.431111 0.00499999 0.0177778 0.164551
7 0.234375 0.366944 0.00374999 0.00888887 0.162964
0 0.210313 0.362778 0.023125 0.0172222 0.162354
6 0.132656 0.379444 0.0173438 0.0244445 0.158691
3 0.270313 0.348611 0.00500002 0.0216667 0.14856
0 0.486563 0.271667 0.00812502 0.0116667 0.139893
0 0.131875 0.378889 0.019375 0.0255556 0.138916
0 0.409375 0.303333 0.01125 0.0111111 0.137085
0 0.418125 0.284722 0.00750001 0.0133333 0.112
7 0.0466406 0.475556 0.004375 0.0122222 0.110474
7 0.7375 0.427778 0.00499999 0.0188889 0.101929
7 0.145625 0.418333 0.003125 0.0111111 0.101257
2 0.129688 0.384722 0.0109375 0.0177778 0.0984497
0 0.495 0.261389 0.00625 0.00999999 0.092041
2 0.123672 0.412222 0.0109375 0.0255556 0.0844727
7 0.725 0.441111 0.00499999 0.0188889 0.0841675
7 0.00835449 0.543472 0.00586914 0.0219445 0.0726318
7 0.745 0.42 0.00499999 0.0166667 0.0663452
3 0.70875 0.31 0.00500005 0.0188889 0.0562439
7 0.225938 0.5125 0.00625 0.0205556 0.0495911
3 0.113828 0.386944 0.005 0.0188889 0.0492249
0 0.37625 0.322778 0.014375 0.0227778 0.0486755
7 0.67 0.343056 0.00250003 0.0127778 0.0476074
3 0.7075 0.383056 0.00750001 0.0444444 0.0450134
3 0.274063 0.350833 0.00499999 0.0161111 0.0445251
0 0.418125 0.278333 0.00874999 0.00777777 0.041626
7 0.635 0.329444 0.003125 0.00888889 0.0381775
2 0.71125 0.385278 0.015 0.0444444 0.0360718
0 0.365625 0.301111 0.00874999 0.0133334 0.0314941
0 0.125313 0.377778 0.029375 0.03 0.0314941
7 0.65375 0.329444 0.00374997 0.00888889 0.0294189
0 0.445625 0.273889 0.00499999 0.0116667 0.028656
3 0.70875 0.383889 0.0112501 0.0422222 0.0280151
3 0.810625 0.300556 0.00625 0.02 0.0265503
3 0.109922 0.383333 0.00593751 0.0222222 0.02211
2 0.117656 0.414722 0.009375 0.0283333 0.0220337
2 0.6925 0.333889 0.0125 0.0266667 0.0219421
0 0.485 0.262222 0.00687501 0.0122222 0.0215302
3 0.695 0.448889 0.00999997 0.0622222 0.0204163
0 0.380625 0.29 0.00625 0.0122222 0.0191193
0 0.421875 0.278056 0.00812502 0.00944446 0.0189056
7 0.145313 0.405 0.003125 0.0111111 0.018692
7 0.666875 0.353611 0.00374997 0.0116667 0.0175171
0 0.449063 0.268333 0.00437498 0.00777777 0.0164642
7 0.285 0.348333 0.00375001 0.0111111 0.0145569
7 0.149531 0.411111 0.0034375 0.0111111 0.014389
0 0.495 0.273889 0.00625 0.0116667 0.013588
0 0.965 0.347778 0.0175 0.0211111 0.0125732
2 0.68625 0.296111 0.00499999 0.0155555 0.0124817
0 0.9525 0.368889 0.04 0.0288889 0.0123825
7 0.66375 0.312778 0.00374997 0.00888889 0.0123367
2 0.77625 0.3525 0.00750001 0.0294444 0.0119171
0 0.53375 0.277222 0.00500002 0.00888889 0.0104065
2 0.69125 0.341111 0.01125 0.0322222 0.0103302
7 0.685625 0.315 0.00374997 0.0111111 0.01017
3 0.292188 0.34 0.00562499 0.0133334 0.00945282
2 0.260156 0.352222 0.0128125 0.0188889 0.00933838
2 0.69375 0.349444 0.00874996 0.025 0.00930023
3 0.7075 0.387222 0.00499999 0.04 0.00878143
7 0.0638281 0.420833 0.005 0.0127778 0.00854492
7 0.754375 0.416667 0.00499999 0.0166667 0.00812531
2 0.113594 0.418333 0.01125 0.0266667 0.00775528
3 0.213438 0.374722 0.00750001 0.0222222 0.0069046
3 0.250313 0.343889 0.00374999 0.0233333 0.00679779
7 0.7775 0.349444 0.00749995 0.0238889 0.00643921
0 0.475938 0.258889 0.00499999 0.00944446 0.00641251
3 0.262813 0.357222 0.0075 0.0222222 0.00634003
0 0.435625 0.277778 0.00499999 0.00888889 0.00631332
7 0.566875 0.316944 0.00499999 0.0116667 0.00584412
2 0.595313 0.304444 0.00499999 0.0205556 0.00577545
0 0.455938 0.263333 0.00499999 0.01 0.00564194
7 0.230313 0.371111 0.00375001 0.0144444 0.00559998
2 0.7075 0.309167 0.00499999 0.015 0.00551224
3 0.164063 0.381111 0.004375 0.0244444 0.00518036
0 0.405 0.281111 0.00625 0.00999999 0.00439835
3 0.0257617 0.404444 0.005 0.0183333 0.00439835
7 0.928125 0.451944 0.00499999 0.0155556 0.00413513
7 0.575 0.327222 0.00499999 0.0133333 0.00403976
0 0.98625 0.333333 0.00750001 0.0133333 0.00402451
0 0.429375 0.269444 0.00499999 0.00722224 0.00388527
7 0.637188 0.318611 0.00499999 0.0155555 0.00362206
2 0.585625 0.3025 0.00687497 0.02 0.0036068
0 0.96625 0.350278 0.0225 0.0233333 0.00332451
3 0.106719 0.388333 0.00625 0.0211111 0.00332451
7 0.207813 0.378889 0.00875001 0.0177778 0.00327301
0 0.525625 0.275 0.00500002 0.01 0.00317192
0 0.97375 0.336111 0.015 0.0161111 0.00298119
7 0.3875 0.585417 0.0775 0.124722 0.00275803
2 0.69125 0.338889 0.015 0.03 0.00273705
3 0.865 0.3125 0.00499999 0.0194444 0.00261116
0 0.00321045 0.417778 0.0064209 0.0233333 0.00261116
0 0.53 0.27 0.00437501 0.00888889 0.00261116
7 0.615 0.33 0.00374997 0.0111111 0.00250244
7 0.67625 0.314444 0.00250003 0.00999999 0.002388
7 0.155313 0.416667 0.003125 0.0116667 0.00237846
0 0.00397949 0.407222 0.00782227 0.0188889 0.00226021
0 0.469688 0.268889 0.00499999 0.01 0.00226021
0 0.0062207 0.385556 0.0116211 0.0177778 0.00214958
3 0.77625 0.357222 0.00750001 0.0327778 0.00210762
0 0.464688 0.264444 0.00375001 0.00999999 0.00208282
2 0.6475 0.315556 0.00999997 0.0266667 0.00208282
2 0.265625 0.3425 0.0059375 0.0266667 0.00205803
3 0.69625 0.444722 0.00999997 0.0633333 0.00203514
7 0.295625 0.589444 0.080625 0.153333 0.00184631
2 0.94875 0.380556 0.01125 0.0266667 0.00183868
7 0.6725 0.474444 0.00750001 0.0255556 0.00176811
7 0.609375 0.309444 0.00375004 0.0155555 0.0017271
0 0.525625 0.261944 0.00437498 0.00888889 0.0017004
7 0.234375 0.516111 0.0115625 0.0288888 0.00161076
3 0.9675 0.339722 0.00999997 0.0138889 0.0014782
7 0.572813 0.317778 0.00687497 0.0122222 0.00132465
2 0.224688 0.368333 0.005 0.0177778 0.00128937
0 0.965 0.336667 0.00999997 0.0177778 0.0012846
2 0.865625 0.3 0.00625 0.015 0.00122547
3 0.545 0.278333 0.00437501 0.00999999 0.00121593
7 0.916875 0.471667 0.00499999 0.0155556 0.0012064
2 0.6775 0.298889 0.00749995 0.0133333 0.00115108
0 0.199375 0.528333 0.023125 0.0411111 0.00114727
3 0.205 0.523611 0.01375 0.0338889 0.00114727
2 0.0716406 0.445278 0.0171875 0.0294444 0.0011425
2 0.0359766 0.403889 0.00722656 0.0166667 0.00109863
7 0.7175 0.446667 0.00499999 0.0244444 0.00109863
7 0.6725 0.4675 0.00625 0.0283333 0.00109863
7 0.253281 0.492222 0.00625 0.0177778 0.00109482
7 0.675 0.3525 0.00249996 0.0111111 0.00104427
0 0.324063 0.333889 0.019375 0.0194444 0.00101185
