0 0.47 0.811111 0.104375 0.2 0.956055
0 0.640625 0.745 0.1175 0.194444 0.950684
0 0.10127 0.793333 0.116836 0.164444 0.949707
0 0.257969 0.661111 0.107188 0.177778 0.946289
0 0.396563 0.555556 0.065625 0.0988889 0.942871
0 0.212188 0.601111 0.0890625 0.115556 0.901367
0 0.0297266 0.642778 0.0594531 0.12 0.896484
0 0.219219 0.455556 0.0503125 0.0577778 0.892578
0 0.490938 0.462222 0.045 0.0655556 0.888184
5 0.036875 0.413611 0.0335938 0.0527778 0.877441
0 0.4525 0.315556 0.01375 0.02 0.870605
0 0.440625 0.352222 0.020625 0.0311111 0.867188
0 0.43875 0.391111 0.02875 0.0444444 0.863281
0 0.471563 0.330556 0.015625 0.0244444 0.85791
0 0.0449219 0.552222 0.0591406 0.07 0.855957
0 0.525313 0.37 0.025 0.0383333 0.852051
0 0.3825 0.3275 0.01625 0.0216667 0.839844
5 0.275313 0.367222 0.0384375 0.0677778 0.839844
0 0.5975 0.306667 0.02875 0.0233333 0.838867
7 0.235938 0.505 0.0075 0.0255555 0.836426
0 0.0485156 0.451111 0.0326563 0.0333333 0.832031
0 0.870625 0.328889 0.0275 0.0222222 0.820801
7 0.0242383 0.531667 0.00574219 0.02 0.81543
0 0.74875 0.331667 0.0425 0.0322222 0.801758
0 0.501875 0.321667 0.0175 0.0227778 0.799316
7 0.222656 0.519722 0.0075 0.0238889 0.799316
0 0.490625 0.291667 0.01125 0.0155556 0.775879
7 0.6675 0.465278 0.00625 0.0233333 0.766113
0 0.554688 0.304167 0.02 0.0172222 0.766113
7 0.724375 0.400556 0.00374997 0.0177778 0.764648
0 0.0142871 0.460556 0.0285742 0.0355556 0.764648
0 0.349063 0.342778 0.02 0.03 0.756348
0 0.329375 0.340278 0.0175 0.0238889 0.754883
7 0.72875 0.439444 0.00499999 0.0205555 0.750488
5 0.408125 0.306667 0.01875 0.0388889 0.733887
0 0.0602344 0.437222 0.0329688 0.0277778 0.729492
0 0.47625 0.308056 0.0125 0.0183333 0.728027
2 0.0736328 0.461111 0.0160156 0.0311111 0.716797
0 0.1725 0.378611 0.03125 0.0233333 0.710449
0 0.29875 0.336667 0.013125 0.02 0.690918
0 0.3325 0.315 0.01375 0.0222222 0.682617
0 0.5075 0.305 0.01375 0.0211111 0.654785
0 0.37125 0.314444 0.0125 0.0188889 0.637207
7 0.925 0.459167 0.00499999 0.0172222 0.633301
0 0.39375 0.312778 0.011875 0.0205556 0.622559
7 0.75 0.416944 0.00499999 0.0177778 0.605957
0 0.739375 0.317778 0.0375 0.0255555 0.592773
0 0.401875 0.323889 0.01375 0.0222222 0.592773
7 0.746875 0.399167 0.00499999 0.015 0.577637
7 0.0488281 0.48 0.00429688 0.0166667 0.556641
7 0.738125 0.429444 0.00499999 0.0211111 0.556641
0 0.7375 0.325556 0.03875 0.0344445 0.554688
0 0.37875 0.297222 0.01 0.0161111 0.542969
0 0.4625 0.3 0.01 0.0144444 0.533203
0 0.346875 0.311667 0.0125 0.0166667 0.529297
0 0.394063 0.305556 0.0125 0.0177778 0.525391
0 0.346563 0.308333 0.01125 0.0144444 0.491211
7 0.0109082 0.543333 0.00679688 0.0233333 0.485352
0 0.467813 0.278611 0.00812502 0.0127778 0.445557
7 0.634688 0.33 0.003125 0.0122222 0.439697
0 0.4975 0.276667 0.01 0.0133333 0.422607
0 0.39375 0.299167 0.00749998 0.0138889 0.392334
0 0.74 0.328889 0.0475 0.0311111 0.381104
7 0.145625 0.417222 0.0034375 0.0116667 0.379395
7 0.92375 0.466111 0.00499999 0.0166667 0.363037
7 0.65375 0.3275 0.00499999 0.0133334 0.343262
7 0.67875 0.480556 0.00750001 0.0266667 0.336426
0 0.347813 0.329444 0.0175 0.0222222 0.332764
7 0.68375 0.353611 0.00500005 0.0133333 0.313965
7 0.126641 0.420833 0.00421875 0.01 0.294189
0 0.37125 0.310833 0.0125 0.0177778 0.291748
0 0.4825 0.276667 0.00750001 0.00999999 0.291016
0 0.378125 0.288889 0.00749998 0.0122222 0.237915
0 0.38875 0.298889 0.010625 0.0155555 0.2323
0 0.381563 0.312222 0.01375 0.0166667 0.210083
0 0.0601172 0.435556 0.0250781 0.0222222 0.181885
0 0.448125 0.267778 0.00625 0.00999999 0.165039
7 0.205 0.385 0.00374999 0.00999999 0.149048
0 0.47625 0.296667 0.01125 0.0133333 0.146606
0 0.230938 0.62 0.053125 0.1 0.146118
7 0.0536719 0.474444 0.00609375 0.0122222 0.145142
0 0.49875 0.285556 0.00999997 0.0144444 0.140381
0 0.331875 0.318333 0.015 0.0233333 0.125977
7 0.128672 0.415833 0.00359375 0.0138889 0.118408
0 0.0260547 0.616667 0.0521094 0.0755556 0.115173
0 0.422188 0.295 0.00875003 0.0188889 0.106323
0 0.00276611 0.436667 0.00553223 0.0222222 0.10376
0 0.423125 0.276667 0.00625 0.0111111 0.102295
0 0.459688 0.301944 0.011875 0.0188889 0.088501
0 0.46875 0.273889 0.00625 0.0122222 0.078064
0 0.476875 0.281667 0.00750001 0.0122222 0.0745239
7 0.149219 0.413333 0.00374999 0.0133333 0.0646362
0 0.2925 0.336944 0.018125 0.0194444 0.064209
7 0.234219 0.368333 0.0034375 0.00888887 0.0585632
0 0.487813 0.27 0.00687497 0.00944446 0.0534058
0 0.268125 0.351944 0.0225 0.0361111 0.0524292
7 0.0260938 0.537639 0.00945313 0.0336112 0.0462036
7 0.73625 0.431111 0.00499999 0.0211111 0.0450134
0 0.43625 0.276944 0.00499999 0.00777777 0.0433655
0 0.355625 0.282778 0.00749998 0.0166667 0.0374756
7 0.669375 0.343889 0.00374997 0.0155556 0.0367737
0 0.46 0.286667 0.00874999 0.0133333 0.036438
0 0.0601563 0.454167 0.0326563 0.0361111 0.0348816
0 0.484375 0.263056 0.00500002 0.00944446 0.0302124
2 0.86625 0.300556 0.00749995 0.0144444 0.0266571
0 0.398125 0.284444 0.009375 0.0144444 0.024231
0 0.292188 0.340278 0.0125 0.0205555 0.0237732
0 0.356875 0.315556 0.0125 0.0155555 0.0217743
7 0.23 0.372778 0.003125 0.0105555 0.0197144
7 0.155391 0.417222 0.0034375 0.0111111 0.0181274
0 0.175469 0.376667 0.03375 0.0288889 0.0157776
7 0.195938 0.382222 0.00437501 0.0177778 0.0148392
0 0.40125 0.285556 0.00875003 0.0166667 0.0115509
0 0.298438 0.341111 0.014375 0.0266667 0.0106964
7 0.65375 0.320556 0.00374997 0.0155555 0.0103302
0 0.0118164 0.451667 0.0234375 0.035 0.0102921
0 0.420313 0.306111 0.011875 0.0255556 0.0102463
0 0.500625 0.282222 0.010625 0.0177778 0.00945282
0 0.271094 0.358333 0.0284375 0.0311111 0.00908661
7 0.166406 0.419722 0.00406251 0.0116666 0.00847626
7 0.675 0.329722 0.00249996 0.0138889 0.00834656
2 0.410625 0.323333 0.0125 0.0222222 0.00784302
7 0.751875 0.417778 0.00750001 0.0177778 0.00769424
7 0.9275 0.453333 0.00499999 0.0177778 0.00748825
7 0.0474609 0.485 0.00609375 0.0166667 0.00682449
0 0.418125 0.285556 0.00874999 0.0122222 0.00651169
0 0.44625 0.263889 0.00625 0.00944443 0.00626373
0 0.010166 0.62 0.0202148 0.0855556 0.00621796
0 0.443125 0.272778 0.00625 0.0116667 0.00616837
7 0.745 0.421111 0.00499999 0.0166667 0.00609589
7 0.215938 0.384167 0.00374999 0.00944446 0.00595856
2 0.41375 0.333333 0.01125 0.02 0.00588989
0 0.460625 0.31 0.0125 0.0227778 0.005867
0 0.00968262 0.606111 0.0193066 0.0711111 0.00584412
2 0.0275977 0.440833 0.0123438 0.0222222 0.00572968
7 0.224063 0.370556 0.003125 0.0111111 0.00564194
7 0.669375 0.470556 0.00625 0.0266667 0.00559998
3 0.1925 0.373333 0.00625 0.0222222 0.00544739
2 0.10625 0.389444 0.00578125 0.0177778 0.00521851
0 0.533125 0.277222 0.00625003 0.00888889 0.00516129
7 0.0450391 0.472222 0.0129688 0.0233333 0.00516129
7 0.665 0.315 0.00250003 0.0105556 0.0051384
2 0.71125 0.309444 0.01 0.0188889 0.00510025
0 0.733125 0.327222 0.0375 0.03 0.00486755
3 0.579688 0.284444 0.00437501 0.0133334 0.00482941
5 0.0488672 0.418333 0.0423438 0.0466667 0.00475693
7 0.7775 0.351944 0.00999997 0.0255556 0.00429916
7 0.728125 0.442222 0.00750001 0.0222222 0.00416565
0 0.346875 0.303333 0.01125 0.0166667 0.00408554
2 0.695 0.337222 0.00999997 0.03 0.00403976
0 0.0214844 0.424444 0.00757813 0.0177778 0.0039444
0 0.48875 0.2975 0.013125 0.02 0.00378036
7 0.145313 0.408056 0.003125 0.0138889 0.00359344
0 0.45375 0.263056 0.00500002 0.00888889 0.00324821
0 0.44125 0.345 0.020625 0.0311111 0.00318527
0 0.166211 0.381111 0.0238281 0.0211111 0.00284576
2 0.7175 0.312778 0.0175 0.0177778 0.00277901
0 0.495 0.264167 0.00625 0.0105555 0.00270462
0 0.415 0.282222 0.00750001 0.0127778 0.00270462
0 0.0145801 0.625556 0.0291211 0.0911111 0.0026722
7 0.71 0.400556 0.00625 0.0283333 0.00259018
7 0.252656 0.37 0.00999999 0.0244444 0.00248146
3 0.71125 0.381667 0.01 0.0455556 0.002388
0 0.364375 0.257222 0.00499999 0.0111111 0.00235939
7 0.115625 0.406667 0.00328125 0.0155555 0.00228691
7 0.6675 0.458889 0.00750001 0.03 0.00228691
7 0.615 0.329722 0.003125 0.00999999 0.00215721
7 0.57625 0.325556 0.00499999 0.0166667 0.00211525
0 0.476875 0.258889 0.00625 0.0111111 0.00209045
7 0.135469 0.42 0.003125 0.00888889 0.00208282
7 0.63 0.338056 0.00437501 0.0116667 0.00204277
0 0.38125 0.259444 0.009375 0.0111111 0.00196457
0 0.292344 0.3475 0.025625 0.0316667 0.00193405
7 0.66625 0.352222 0.00499999 0.0127778 0.00191879
7 0.675 0.353333 0.00249996 0.0122222 0.00188923
3 0.69 0.341944 0.00749995 0.0266667 0.00188923
0 0.37125 0.322778 0.01375 0.0227778 0.00182438
0 0.529375 0.269444 0.00499999 0.01 0.00181007
7 0.256875 0.37 0.00562499 0.0177778 0.00178242
2 0.715 0.383889 0.015 0.0444444 0.00173378
7 0.685 0.36 0.00499999 0.0166667 0.00171375
0 0.0595313 0.431944 0.0323438 0.0244444 0.00167465
0 0.3775 0.258889 0.0125 0.0138889 0.0016613
7 0.0659766 0.4825 0.00476562 0.0244445 0.0016613
7 0.205 0.372222 0.0034375 0.015 0.00158501
0 0.343438 0.344444 0.0175 0.0322222 0.00157356
0 0.8725 0.337778 0.0325 0.0277778 0.00154877
7 0.913125 0.426667 0.00749995 0.0233333 0.00152493
0 0.74 0.310278 0.0375 0.0327778 0.00146675
2 0.636875 0.320556 0.00500005 0.0166667 0.00144958
7 0.205 0.526667 0.005 0.0177778 0.00144386
7 0.135625 0.405556 0.003125 0.0111111 0.00139904
2 0.765 0.303889 0.00749995 0.0222222 0.00132465
2 0.57375 0.316667 0.009375 0.0138889 0.00126934
7 0.7225 0.449444 0.00750001 0.0222222 0.00122547
0 0.364375 0.295833 0.00750001 0.0122222 0.0012064
7 0.675 0.316389 0.00249996 0.0116666 0.0011692
7 0.22375 0.504444 0.009375 0.0416667 0.00111198
7 0.0355469 0.486667 0.00492188 0.02 0.00109005
2 0.583125 0.281944 0.00625 0.0133333 0.00104809
