0 0.265313 0.802222 0.19 0.395555 0.963379
0 0.943125 0.891667 0.11375 0.216667 0.956543
0 0.188906 0.649028 0.151563 0.266389 0.95166
0 0.376875 0.448333 0.0975 0.161111 0.945801
0 0.635 0.493611 0.1175 0.218333 0.945801
0 0.705 0.298056 0.0975 0.138889 0.942871
0 0.785625 0.950833 0.16125 0.0983333 0.939941
0 0.595313 0.268264 0.06875 0.11125 0.928711
0 0.435625 0.207778 0.04625 0.0738889 0.923828
0 0.5025 0.239444 0.05375 0.103333 0.918945
1 0.82625 0.235278 0.13 0.267222 0.916016
0 0.605 0.131806 0.039375 0.0486111 0.896973
0 0.500625 0.158333 0.03875 0.0588889 0.893066
0 0.55 0.106597 0.03125 0.0429167 0.888672
0 0.272031 0.138889 0.0271875 0.0338889 0.871582
0 0.0111035 0.313333 0.0220508 0.0372222 0.849121
0 0.33375 0.102222 0.0225 0.0336111 0.841797
7 0.245313 0.28 0.0075 0.0222222 0.827637
0 0.354375 0.0754167 0.01625 0.0208333 0.824219
2 0.0539453 0.340556 0.0201562 0.0422222 0.816406
0 0.77875 0.0651389 0.04 0.025 0.810547
7 0.7025 0.198889 0.00749995 0.0255555 0.809082
2 0.335 0.310556 0.03375 0.0911111 0.805664
0 0.375938 0.0784028 0.01875 0.0251389 0.800781
0 0.4075 0.0615278 0.0175 0.0227778 0.795898
0 0.422813 0.0608333 0.01625 0.0225 0.790527
0 0.0511035 0.285556 0.0348242 0.04 0.786621
0 0.393125 0.0620833 0.01375 0.0208333 0.78418
7 0.744375 0.173889 0.00625 0.0211111 0.78418
7 0.0300586 0.376111 0.00554688 0.0194444 0.770508
7 0.6925 0.184028 0.00499999 0.0208333 0.729492
0 0.527188 0.0191667 0.0125 0.0134722 0.715332
0 0.83875 0.0756944 0.03625 0.0265278 0.704102
0 0.0582813 0.266944 0.0398438 0.035 0.67041
7 0.945 0.222361 0.00499999 0.0175 0.654785
2 0.725 0.0947222 0.015 0.0355556 0.629883
0 0.43125 0.0507639 0.013125 0.02 0.616699
2 0.0634375 0.3 0.0134375 0.0361111 0.605957
7 0.164063 0.202778 0.00374999 0.0122222 0.604004
0 0.404375 0.0466667 0.0125 0.0168056 0.581543
0 0.368438 0.065 0.0125 0.0211111 0.581543
2 0.227813 0.146111 0.00718749 0.0238889 0.552734
0 0.38125 0.0623611 0.0125 0.01625 0.498047
0 0.3675 0.0618056 0.01125 0.0186111 0.495117
0 0.393125 0.0590278 0.0125 0.0202778 0.479492
0 0.415 0.0470833 0.011875 0.0177778 0.46875
0 0.3925 0.0492361 0.01125 0.0168056 0.466797
7 0.7525 0.163611 0.00500005 0.0205556 0.464844
2 0.0652734 0.295 0.0169531 0.0388889 0.424316
0 0.334688 0.0888889 0.02 0.0236111 0.386719
0 0.430938 0.05375 0.015 0.0225 0.371094
7 0.675 0.0504167 0.00249996 0.0111111 0.370117
7 0.70625 0.0800694 0.00375004 0.0123611 0.345215
7 0.00821777 0.379722 0.00448242 0.0172222 0.329346
7 0.258438 0.2625 0.0075 0.0233333 0.320801
7 0.0438672 0.361111 0.00460937 0.0166667 0.309082
0 0.33375 0.0972222 0.020625 0.0344444 0.305664
5 0.42375 0.0289583 0.014375 0.0244444 0.270508
7 0.75375 0.161944 0.00625 0.0205556 0.267334
0 0.379063 0.0522917 0.01125 0.0141667 0.262939
0 0.410625 0.0317708 0.01125 0.0164583 0.235107
0 0.383125 0.0509722 0.00874999 0.0144444 0.229492
2 0.0800195 0.271667 0.0121484 0.0311111 0.220703
0 0.378125 0.0759722 0.01625 0.0236111 0.193115
2 0.0814063 0.272222 0.00859375 0.0316666 0.175537
2 0.074375 0.278333 0.0103125 0.0327778 0.167236
0 0.43 0.0462326 0.0125 0.0175347 0.157715
7 0.145156 0.211111 0.003125 0.0113889 0.156616
7 0.946875 0.214722 0.00499999 0.0194444 0.146118
0 0.0676563 0.285 0.0173437 0.04 0.141235
2 0.270938 0.115278 0.01 0.0211111 0.136108
7 0.746875 0.128194 0.00499999 0.0180556 0.126343
2 0.0339258 0.261944 0.00726563 0.0188889 0.122498
7 0.74875 0.12875 0.00499999 0.0163889 0.106689
5 0.0192578 0.243333 0.0173438 0.0255555 0.103027
0 0.41 0.0270139 0.01 0.01625 0.0984497
7 0.746875 0.124722 0.00499999 0.0177778 0.0913696
0 0.435 0.0309722 0.00874999 0.0159722 0.0878906
0 0.36375 0.075 0.01375 0.0208333 0.0866089
0 0.425 0.0236111 0.0125 0.016875 0.085083
0 0.05375 0.342778 0.0196875 0.04 0.083313
5 0.426875 0.0174306 0.01375 0.0190278 0.0820923
0 0.43125 0.0569444 0.011875 0.0194444 0.0800781
0 0.341875 0.0834028 0.011875 0.0183333 0.0794678
2 0.269063 0.120556 0.01125 0.0177778 0.0786133
2 0.7275 0.0970139 0.0175001 0.0365278 0.0747681
0 0.575 0.0208333 0.013125 0.0134722 0.0665894
3 0.18375 0.165139 0.004375 0.0205556 0.0648804
7 0.7525 0.167083 0.00625 0.0213889 0.0616455
0 0.0553906 0.289444 0.0332031 0.0388889 0.0535889
0 0.440625 0.0413889 0.011875 0.0206944 0.0524292
2 0.0734766 0.286667 0.010625 0.0288889 0.0497742
0 0.431875 0.0107639 0.00874999 0.0113889 0.0406799
0 0.8325 0.0763889 0.035 0.0223611 0.0396423
7 0.69625 0.0506944 0.00250003 0.0125 0.0391846
0 0.84375 0.0761111 0.04 0.0233333 0.0382385
0 0.340625 0.0790972 0.0125 0.0190278 0.037384
2 0.236875 0.136111 0.00625 0.0177778 0.0362244
7 0.284219 0.120556 0.00406249 0.0133333 0.0319824
0 0.445 0.0133333 0.00750001 0.0106944 0.0309143
2 0.272031 0.107986 0.0078125 0.0204167 0.0303345
7 0.76375 0.131389 0.00499999 0.0255556 0.0293121
7 0.0839063 0.241111 0.0046875 0.0138889 0.0288696
2 0.7225 0.0922917 0.0175 0.0359722 0.0283356
5 0.00425049 0.253333 0.00845215 0.0244444 0.0265503
2 0.71875 0.0829861 0.01 0.0231944 0.025177
3 0.0098291 0.27 0.00709961 0.0188889 0.024704
7 0.145938 0.22125 0.00375001 0.0108333 0.0236969
7 0.295313 0.113924 0.00375001 0.0138194 0.0236053
2 0.71625 0.0727778 0.00999997 0.0308333 0.0233307
7 0.65625 0.051875 0.00499999 0.0126389 0.0222015
0 0.199063 0.152778 0.024375 0.0266667 0.0218658
7 0.67 0.0526389 0.00250003 0.0111111 0.021698
0 0.194688 0.161944 0.023125 0.0244444 0.0208893
0 0.396875 0.0316667 0.00874999 0.0102778 0.0204163
3 0.88625 0.0647222 0.00499999 0.0188889 0.0201721
7 0.00658203 0.380556 0.00532227 0.0183333 0.0195618
0 0.00427002 0.252222 0.00854004 0.0255556 0.0189056
2 0.0686328 0.300556 0.0169531 0.0355555 0.0186157
2 0.0582422 0.316944 0.014375 0.0216667 0.0181274
2 0.268438 0.107917 0.00875001 0.0202778 0.0173035
7 0.249844 0.129444 0.0046875 0.0158333 0.0151901
3 0.21 0.156944 0.00562499 0.0219444 0.0149536
0 0.584375 0.0207639 0.02875 0.0144444 0.0146179
3 0.0164063 0.255486 0.01 0.0268056 0.0137405
7 0.6925 0.186667 0.00625 0.0247222 0.0133286
7 0.70375 0.0463889 0.00499999 0.0122222 0.012825
0 0.484375 0.00961806 0.00500002 0.00965278 0.012291
3 0.189531 0.159167 0.0078125 0.0222222 0.0118713
0 0.995625 0.124722 0.00874996 0.0344444 0.0113297
7 0.255156 0.133333 0.003125 0.015 0.0109024
7 0.0834375 0.288333 0.00593751 0.0188889 0.0106964
0 0.459375 0.00456597 0.00500002 0.00913194 0.00989532
0 0.35125 0.0709722 0.015 0.0191667 0.00945282
0 0.814375 0.13375 0.04625 0.0647222 0.00901794
7 0.65125 0.0546528 0.00250003 0.00972222 0.00898743
7 0.655625 0.0619444 0.00250003 0.00916667 0.00888062
0 0.540313 0.00548611 0.00625 0.0109722 0.0088501
0 0.99375 0.131667 0.0124999 0.0366667 0.00837708
2 0.653125 0.0344444 0.01 0.0163889 0.00793457
0 0.845625 0.0797222 0.04125 0.0255556 0.00751877
0 0.51375 0.00646701 0.00625 0.0112326 0.00746155
0 0.443125 0.0355208 0.00874999 0.0186806 0.00737381
7 0.140625 0.216944 0.00406251 0.0136111 0.0069313
2 0.195 0.158333 0.011875 0.0222222 0.00669098
0 0.032168 0.267222 0.0168359 0.025 0.00661469
2 0.215313 0.154444 0.00562499 0.0205556 0.00658798
0 0.455 0.00902778 0.00562503 0.00888889 0.00651169
7 0.126172 0.221944 0.00390625 0.0127778 0.00626373
0 0.025542 0.26 0.0190723 0.025 0.00612259
0 0.780625 0.132917 0.03875 0.0541667 0.00577545
7 0.095625 0.276667 0.00390625 0.0122222 0.00559998
7 0.6925 0.0776389 0.00499999 0.0133333 0.0055542
7 0.94125 0.220278 0.00500005 0.0172222 0.0055542
7 0.715 0.0491667 0.00500005 0.0136111 0.00548935
0 0.99 0.123611 0.0199999 0.0294444 0.00521851
2 0.64875 0.0334722 0.01 0.0151389 0.00498199
7 0.165 0.196389 0.00375001 0.0161111 0.00479126
0 0.57625 0.0180556 0.01375 0.0170833 0.00453949
7 0.70125 0.0768056 0.00499999 0.0161111 0.00446701
0 0.0050769 0.283333 0.00769775 0.0233333 0.00443268
2 0.584375 0.0165972 0.015 0.0161806 0.00436401
7 0.695 0.0638889 0.00250003 0.00861111 0.00436401
2 0.72125 0.0786806 0.0125 0.03625 0.00436401
0 0.833125 0.14375 0.0475 0.0711111 0.00436401
3 0.73375 0.0351042 0.00500005 0.0189583 0.00432968
3 0.123281 0.193333 0.00625 0.0208333 0.00431442
3 0.895 0.0684028 0.00499999 0.0165278 0.00421524
2 0.153125 0.171111 0.00531249 0.0166667 0.00419998
7 0.0283203 0.3775 0.00710937 0.0188889 0.0041008
2 0.78625 0.0526389 0.02625 0.02375 0.00407028
2 0.728125 0.100278 0.01125 0.0427778 0.0039444
2 0.84375 0.0495833 0.00750001 0.0172222 0.00365067
7 0.0236133 0.329722 0.00425781 0.0144444 0.00365067
3 0.150937 0.170556 0.005 0.0227778 0.00353813
2 0.604063 0.0414062 0.00562503 0.0174653 0.00345612
3 0.88875 0.06375 0.00499999 0.0245833 0.00345612
2 0.0757813 0.245972 0.0053125 0.0152778 0.00340271
7 0.9475 0.224722 0.00500005 0.0211111 0.00319672
2 0.60375 0.0347569 0.00499999 0.0171528 0.00305176
0 0.81375 0.122361 0.0325 0.0427778 0.00305176
7 0.765 0.15 0.00999997 0.0261111 0.00298119
0 0.987813 0.135556 0.024375 0.0316667 0.00294685
0 0.80625 0.146111 0.0625001 0.0922222 0.00291252
0 0.4175 0.0618056 0.01375 0.0272222 0.00286674
0 0.609688 0.129444 0.02875 0.0463889 0.00286674
0 0.210625 0.148056 0.024375 0.0283333 0.00269318
0 0.0523438 0.250278 0.0164063 0.0216667 0.00269318
5 0.0151465 0.244444 0.0204102 0.0305555 0.00251198
0 0.543125 0.00721354 0.00687497 0.0100174 0.0024929
3 0.733125 0.0415972 0.00499999 0.0206944 0.00247192
0 0.499375 0.00388889 0.00750001 0.00777778 0.00240517
0 0.0291455 0.273889 0.0211621 0.0322222 0.00230598
7 0.69 0.05375 0.00250003 0.0115278 0.00221634
0 0.0138379 0.275556 0.00833984 0.0166667 0.00209999
7 0.24375 0.1375 0.005 0.0133333 0.00206757
7 0.7325 0.117535 0.00750001 0.0227083 0.00200272
0 0.0604297 0.246389 0.0147656 0.0177778 0.00197983
7 0.71 0.0561111 0.00499999 0.0147222 0.00192642
3 0.0432129 0.314444 0.00951172 0.0216667 0.00188255
2 0.74375 0.109028 0.0125 0.0441667 0.00185299
2 0.718125 0.101111 0.00999997 0.0511111 0.00183868
2 0.0325 0.250278 0.0117188 0.0238889 0.00183868
2 0.780625 0.0545833 0.0199999 0.0205556 0.00171375
3 0.269844 0.103611 0.00874999 0.0352778 0.00168705
0 0.993438 0.140278 0.013125 0.0413889 0.00161076
7 0.616875 0.0329861 0.00562503 0.0138889 0.00155449
0 0.82375 0.1375 0.0275 0.0505556 0.00153637
0 0.84125 0.165972 0.0325 0.0525 0.0014782
7 0.61625 0.04625 0.00562503 0.0108333 0.00146675
7 0.325938 0.34 0.011875 0.0355556 0.00143242
7 0.74375 0.176944 0.00750001 0.0255556 0.00141048
2 0.76625 0.131111 0.00999997 0.0355556 0.00136662
5 0.0211768 0.232639 0.0205371 0.0252778 0.00136662
0 0.81875 0.1325 0.035 0.0533333 0.0012846
7 0.168438 0.198889 0.004375 0.0122222 0.00125504
0 0.806875 0.126424 0.0550001 0.0538194 0.00121117
0 0.47625 0.0136458 0.00499999 0.00993056 0.0011692
0 0.834375 0.161806 0.045 0.0502778 0.0011692
0 0.0139844 0.291667 0.0215234 0.0288889 0.00107288
5 0.58375 0.0184722 0.03125 0.0186806 0.00105667
3 0.284688 0.102778 0.00437501 0.0127778 0.00100803
