0 0.46625 0.829444 0.15 0.336667 0.95752
0 0.197227 0.637222 0.0955469 0.11 0.950195
0 0.5825 0.577778 0.0725 0.113333 0.947266
0 0.376875 0.6 0.07375 0.113333 0.939453
0 0.476563 0.558333 0.061875 0.11 0.915527
0 0.107969 0.439444 0.0426563 0.0344444 0.882324
0 0.258906 0.438056 0.0634375 0.0527778 0.877441
0 0.0354688 0.456944 0.0303906 0.0288889 0.868164
0 0.208125 0.413889 0.0490625 0.0344444 0.841797
0 0.414063 0.343889 0.031875 0.0288889 0.839844
0 0.283438 0.382778 0.044375 0.0333333 0.832031
0 0.3475 0.330556 0.016875 0.0233333 0.81543
0 0.324375 0.336111 0.01875 0.0238889 0.813965
0 0.654375 0.338611 0.04625 0.0305556 0.804199
0 0.0776563 0.436667 0.0329687 0.0311111 0.803223
0 0.305313 0.339722 0.0175 0.025 0.792969
2 0.430625 0.366389 0.018125 0.0333333 0.737305
3 0.237656 0.49 0.0134375 0.0622223 0.723145
0 0.287813 0.337778 0.01875 0.0238889 0.72168
2 0.303281 0.391944 0.0171875 0.0366666 0.72168
0 0.375 0.341389 0.0275 0.0261111 0.708984
7 0.222813 0.517778 0.00687501 0.0211111 0.705566
7 0.72875 0.44 0.00499999 0.0188889 0.699219
7 0.6675 0.463889 0.00625 0.0233333 0.695801
7 0.72375 0.401111 0.00499999 0.0177778 0.689453
5 0.4 0.285556 0.015 0.0255556 0.679199
0 0.365 0.326944 0.015 0.0216667 0.675781
0 0.125391 0.396667 0.0317188 0.0244444 0.644043
7 0.925 0.457778 0.00499999 0.0166667 0.635254
0 0.93625 0.329722 0.0225 0.0177778 0.629883
0 0.35625 0.316111 0.01375 0.0188889 0.615234
3 0.00315674 0.513333 0.00628418 0.05 0.588867
0 0.414063 0.311111 0.01375 0.0177778 0.581543
0 0.383438 0.291667 0.01 0.0155556 0.535156
0 0.385938 0.313333 0.01375 0.0183333 0.535156
3 0.0173145 0.502222 0.00705078 0.04 0.501953
7 0.73875 0.428889 0.00499999 0.0211111 0.496094
7 0.746875 0.400833 0.00499999 0.0161111 0.494141
2 0.61625 0.329167 0.00999997 0.0316666 0.492188
0 0.411875 0.295833 0.009375 0.0138889 0.46875
7 0.678125 0.48 0.00750001 0.0255556 0.46875
7 0.0246875 0.530278 0.0065625 0.0194444 0.449463
7 0.75 0.4175 0.00625 0.0183333 0.44458
0 0.36625 0.305 0.01125 0.0144444 0.442627
0 0.396875 0.300556 0.01125 0.0144444 0.44165
0 0.405938 0.299722 0.00874999 0.0144444 0.434082
0 0.317813 0.321667 0.01625 0.0211111 0.405518
0 0.124063 0.393611 0.0257813 0.02 0.388672
0 0.390625 0.307222 0.00874999 0.0155555 0.38501
0 0.344688 0.316944 0.011875 0.0161111 0.379395
0 0.619375 0.311111 0.01875 0.0177778 0.379395
0 0.413125 0.304722 0.01 0.015 0.37207
7 0.92375 0.465556 0.00499999 0.0177778 0.370117
0 0.3375 0.327222 0.0125 0.0194444 0.295898
2 0.65 0.312778 0.01 0.0222222 0.29248
0 0.519688 0.339444 0.0275 0.0322222 0.271973
7 0.14625 0.419167 0.00406249 0.0122222 0.270508
0 0.375625 0.316944 0.013125 0.0188889 0.258301
0 0.365625 0.313889 0.0125 0.0166667 0.255371
0 0.935 0.332778 0.025 0.0183333 0.225464
6 0.520313 0.340278 0.0275 0.0344444 0.191895
0 0.317656 0.328333 0.0153125 0.0233333 0.190674
2 0.52 0.339444 0.0275 0.0311111 0.173828
0 0.3375 0.321667 0.0125 0.0188889 0.169434
0 0.380625 0.289167 0.00625 0.0111111 0.158203
3 0.0241992 0.510556 0.00878906 0.05 0.156128
7 0.7375 0.4275 0.00625 0.0216667 0.155029
0 0.436563 0.274444 0.00749998 0.00944443 0.146118
0 0.373125 0.298611 0.00812499 0.0105555 0.14563
3 0.0238086 0.534722 0.00757813 0.0338889 0.144653
0 0.127422 0.401667 0.0303125 0.0288889 0.139404
7 0.0652344 0.473889 0.0040625 0.0133333 0.137085
0 0.354375 0.310556 0.01375 0.0166667 0.135254
7 0.0106079 0.543889 0.00550293 0.0211112 0.133423
2 0.855 0.31 0.00499999 0.0166667 0.125977
0 0.44875 0.268056 0.00562503 0.00888889 0.108948
2 0.65125 0.316667 0.00999997 0.0222222 0.0939941
2 0.304063 0.385833 0.016875 0.0311111 0.085083
0 0.486563 0.258056 0.00562499 0.00888887 0.0830078
7 0.0498438 0.478889 0.0034375 0.0166667 0.0783691
3 0.0235938 0.5075 0.006875 0.0483333 0.0656128
7 0.205313 0.386111 0.004375 0.0116667 0.062561
0 0.365 0.301667 0.0125 0.0138889 0.0594177
7 0.685625 0.354444 0.00374997 0.0155555 0.0544128
0 0.404688 0.307222 0.010625 0.0155555 0.0539856
3 0.0184766 0.507778 0.00878906 0.05 0.053009
2 0.616563 0.335556 0.00875003 0.0355555 0.0520325
0 0.65875 0.320833 0.0300001 0.0227778 0.0501404
7 0.148906 0.413889 0.0034375 0.0133333 0.0477905
0 0.42375 0.278611 0.00625 0.01 0.0413208
2 0.119219 0.403333 0.0240625 0.03 0.0413208
2 0.0287549 0.447222 0.0182715 0.0244444 0.0411377
7 0.735 0.432222 0.00499999 0.02 0.0375977
0 0.419688 0.310556 0.011875 0.0177778 0.0374756
0 0.421875 0.301111 0.00874999 0.0188889 0.0344849
0 0.183125 0.416944 0.03625 0.0311111 0.032959
0 0.939375 0.332778 0.0275 0.02 0.0319824
7 0.0544922 0.476667 0.00320313 0.0122222 0.028656
7 0.224688 0.37 0.003125 0.0105555 0.0282135
0 0.285781 0.339167 0.02625 0.0233333 0.0275879
2 0.266719 0.348889 0.00562499 0.0155555 0.0268555
0 0.465 0.275278 0.00499999 0.00944446 0.0267639
0 0.431875 0.271111 0.00749998 0.00999999 0.0234222
7 0.72625 0.443889 0.00499999 0.0211111 0.0213623
2 0.65 0.318056 0.01 0.0188889 0.0197144
0 0.615625 0.311111 0.0275 0.0188889 0.0187683
3 0.190313 0.375556 0.005 0.0222222 0.0184021
2 0.2775 0.342222 0.00687501 0.02 0.0179138
0 0.419063 0.286111 0.00687497 0.0133333 0.0171814
0 0.526875 0.278056 0.00625 0.00944446 0.0127716
7 0.74375 0.423611 0.00499999 0.0177778 0.0117798
0 0.475938 0.258889 0.00499999 0.00777777 0.011734
7 0.125625 0.422222 0.00609375 0.0105555 0.0114212
2 0.236875 0.481111 0.019375 0.0666667 0.0110321
0 0.445313 0.273056 0.00562499 0.0116667 0.0104904
0 0.445938 0.263611 0.00500002 0.00888887 0.0100937
2 0.306875 0.39 0.0215625 0.0366667 0.00993347
2 0.0641406 0.432222 0.00671875 0.0266667 0.00967407
3 0.48125 0.648333 0.01625 0.0755555 0.00926971
0 0.187813 0.4125 0.0453125 0.0316666 0.00898743
2 0.269375 0.342778 0.00843752 0.0227778 0.00898743
7 0.57 0.335 0.00374997 0.0144444 0.00834656
7 0.0114746 0.54 0.00789063 0.0177778 0.00821686
7 0.244688 0.366111 0.00281251 0.00722221 0.00796509
3 0.250625 0.338333 0.00375001 0.0211111 0.00763702
7 0.350625 0.373056 0.00499999 0.0161111 0.00734711
7 0.156094 0.416944 0.00437501 0.0133334 0.00723267
0 0.172344 0.417222 0.01125 0.0233333 0.00714874
3 0.304688 0.404444 0.011875 0.0455556 0.00706482
7 0.75125 0.418333 0.00750001 0.0177778 0.006073
3 0.81125 0.302222 0.00499999 0.0188889 0.00588989
0 0.9725 0.335556 0.0199999 0.0155556 0.00584412
0 0.494063 0.263611 0.00625 0.00999999 0.00570679
3 0.163125 0.371667 0.00625 0.0222222 0.00551224
0 0.0297266 0.448333 0.020625 0.0233333 0.00548935
0 0.625625 0.314444 0.025 0.0177778 0.00521851
0 0.374375 0.347222 0.02625 0.0311111 0.00521851
3 0.61375 0.328889 0.00999997 0.0288889 0.0051384
7 0.585625 0.351111 0.00374997 0.0166667 0.00500107
7 0.66875 0.471667 0.00499999 0.0255556 0.00494385
3 0.314375 0.364444 0.00687501 0.0355555 0.00468063
0 0.16875 0.371944 0.02625 0.0222222 0.00455475
0 0.935 0.340833 0.0275 0.0233333 0.00439835
0 0.455 0.263889 0.00499999 0.00888889 0.00362206
2 0.155156 0.381944 0.004375 0.015 0.00355148
2 0.561875 0.295 0.00749995 0.0188889 0.00348282
3 0.235313 0.497222 0.015 0.0677778 0.00348282
3 0.00771973 0.511111 0.0128027 0.0577777 0.00335121
7 0.56625 0.328889 0.00374997 0.0122222 0.00322342
7 0.7225 0.448056 0.00625 0.0222222 0.00321007
7 0.928125 0.453611 0.00499999 0.0183333 0.00317192
0 0.9675 0.333333 0.0125 0.0144444 0.00316048
0 0.391875 0.33 0.01375 0.0211111 0.00305176
0 0.98625 0.335 0.00750001 0.0144444 0.0029583
0 0.00301025 0.416667 0.00602051 0.0227778 0.00293541
3 0.2275 0.4225 0.01 0.0416667 0.00290108
7 0.194531 0.385556 0.003125 0.015 0.00286674
0 0.21 0.416111 0.0378125 0.0355555 0.00276756
2 0.0229102 0.406667 0.00699219 0.0177778 0.00271416
3 0.0252148 0.55125 0.00960938 0.0619445 0.00271416
0 0.469375 0.270278 0.00625 0.01 0.00268364
7 0.165625 0.406389 0.00250001 0.0144444 0.00265312
2 0.0235352 0.426667 0.00695313 0.0222222 0.00259018
0 0.178125 0.371111 0.0240625 0.0233333 0.00254059
0 0.0713672 0.433889 0.0275781 0.0277778 0.00244331
7 0.66625 0.363333 0.00499999 0.0133333 0.00243378
7 0.57375 0.330556 0.00499999 0.0122222 0.0024147
7 0.709375 0.400556 0.00750001 0.03 0.002388
3 0.190625 0.435556 0.0125 0.0433333 0.00234222
3 0.25375 0.331111 0.00625 0.0222222 0.00233269
3 0.254375 0.353333 0.004375 0.0155556 0.00232315
0 0.925 0.336111 0.025 0.0166667 0.00228691
0 0.66375 0.333889 0.05375 0.0277778 0.00226974
7 0.235469 0.3675 0.0028125 0.00666668 0.00225258
0 0.996875 0.328333 0.00624994 0.0277778 0.00224304
7 0.6975 0.350278 0.00999997 0.0244445 0.00215721
7 0.743125 0.427778 0.00625 0.0222222 0.00209999
3 0.163594 0.379444 0.00562499 0.0222222 0.00205803
7 0.93375 0.469444 0.00499999 0.0288889 0.0020504
7 0.0848438 0.472222 0.00421875 0.0155556 0.00199509
2 0.430938 0.383333 0.016875 0.0477778 0.00198746
0 0.489375 0.263333 0.00625 0.0155556 0.00195694
7 0.685 0.313333 0.00499999 0.0122222 0.00194168
0 0.8625 0.310556 0.02 0.0177778 0.00192642
6 0.618125 0.305556 0.01875 0.0227778 0.00190449
0 0.115156 0.421667 0.0240625 0.0122222 0.00188255
0 0.620938 0.311111 0.02875 0.0211111 0.00186729
2 0.17 0.375278 0.008125 0.0194444 0.00186062
3 0.0344531 0.421111 0.00492187 0.0122222 0.0017271
3 0.27625 0.386944 0.030625 0.0338889 0.00171375
7 0.476875 0.556667 0.06125 0.108889 0.00163555
0 0.0386719 0.391389 0.0119531 0.0216667 0.00157928
0 0.86625 0.299444 0.00999997 0.0138889 0.00157356
3 0.260313 0.352778 0.00437501 0.0166667 0.00157356
2 0.250625 0.444167 0.0475 0.0472222 0.00153637
3 0.684375 0.360556 0.00625 0.0322222 0.00146103
0 0.62125 0.331111 0.0125 0.0266667 0.00141048
2 0.155938 0.371667 0.0065625 0.0222222 0.00138855
7 0.573125 0.318333 0.00499999 0.0127778 0.00136662
3 0.549688 0.267222 0.00625 0.0177778 0.00136662
2 0.366875 0.353333 0.0125 0.0333333 0.00134563
3 0.218438 0.423333 0.013125 0.0388889 0.00133514
0 0.415625 0.279167 0.00500002 0.00944443 0.0012846
7 0.845 0.347778 0.00499999 0.00999999 0.00125504
0 0.130313 0.411389 0.0185938 0.0255555 0.00125504
7 0.197539 0.636667 0.0942969 0.108889 0.00124931
7 0.0757031 0.473889 0.00406249 0.0127778 0.00122547
7 0.144375 0.407222 0.00812499 0.0188889 0.00121117
2 0.8125 0.300556 0.00750001 0.0166667 0.00119209
0 0.17875 0.418611 0.0290625 0.0283333 0.00117874
0 0.27875 0.389444 0.035625 0.0355555 0.00116062
2 0.66375 0.299444 0.00499999 0.015 0.00112915
0 0.97125 0.341111 0.02875 0.0322222 0.00112915
3 0.233438 0.489444 0.02125 0.0633334 0.0011158
7 0.0545313 0.486111 0.00414062 0.0155555 0.00110722
3 0.19375 0.448889 0.009375 0.0477778 0.00109863
0 0.435625 0.265278 0.00625 0.0116667 0.00106907
0 0.975 0.35 0.0325 0.0288889 0.00106907
0 0.0352344 0.451389 0.0304688 0.03 0.00103664
7 0.933125 0.455556 0.00499999 0.0177778 0.00103188
