0 0.723594 0.790556 0.172813 0.381111 0.964355
0 0.341172 0.573333 0.133906 0.265556 0.955566
0 0.491875 0.488889 0.09625 0.214444 0.951172
0 0.48 0.94 0.1875 0.12 0.94873
0 0.596875 0.259444 0.07125 0.101111 0.9375
0 0.417188 0.243889 0.055 0.0911111 0.935059
0 0.5 0.212222 0.04625 0.0738889 0.912598
0 0.45 0.140313 0.0375 0.0665972 0.893066
0 0.30625 0.148056 0.03625 0.0452778 0.888672
0 0.555625 0.115 0.03125 0.0480556 0.882324
0 0.508125 0.11809 0.03 0.044375 0.875977
0 0.217188 0.1975 0.039375 0.0522222 0.870605
0 0.0728516 0.2625 0.0344531 0.0377778 0.865234
0 0.285313 0.134167 0.028125 0.0383333 0.851074
0 0.425625 0.0583333 0.01625 0.0213889 0.839844
0 0.353438 0.0845833 0.02 0.0258333 0.835449
7 0.7025 0.198611 0.00625 0.025 0.833496
7 0.245 0.280278 0.0075 0.0233333 0.829102
0 0.37625 0.0761111 0.02 0.0266667 0.820801
0 0.311094 0.101944 0.0203125 0.0247222 0.820801
0 0.406875 0.06 0.0175 0.0247222 0.811523
7 0.74375 0.172778 0.00499999 0.0213889 0.795898
5 0.363125 0.0547396 0.01875 0.0377431 0.792969
2 0.0256055 0.33 0.0163672 0.04 0.788086
1 0.271563 0.112257 0.0559375 0.0699305 0.764648
0 0.779375 0.0638889 0.04375 0.0311111 0.756348
7 0.0299023 0.375833 0.00550781 0.0205556 0.756348
0 0.336875 0.0880556 0.0175 0.0241667 0.746094
2 0.109453 0.250556 0.0114062 0.0338889 0.715332
2 0.145938 0.205694 0.0103125 0.0283333 0.690918
0 0.84125 0.0634722 0.0300001 0.0247222 0.6875
7 0.0437891 0.359444 0.00554688 0.0177778 0.675781
7 0.945 0.220972 0.00499999 0.0172222 0.654785
0 0.516563 0.00818576 0.00874999 0.0125174 0.640625
5 0.40125 0.0353472 0.01625 0.0265278 0.638672
7 0.7525 0.162917 0.00500005 0.0194444 0.637207
7 0.70625 0.0786806 0.00499999 0.0123611 0.586914
0 0.414063 0.0483333 0.011875 0.0183333 0.552734
0 0.394688 0.0588194 0.014375 0.0223611 0.53125
3 0.0607031 0.329444 0.010625 0.045 0.527344
0 0.86125 0.075 0.03 0.0247222 0.519531
0 0.395625 0.0531944 0.01375 0.0188889 0.511719
5 0.429688 0.0126302 0.011875 0.022934 0.498047
7 0.6925 0.184028 0.00625 0.0219444 0.496094
0 0.3825 0.0644445 0.0125 0.0194444 0.488281
7 0.164219 0.202917 0.00375001 0.0122222 0.486328
7 0.773125 0.145694 0.00499999 0.0183333 0.476562
0 0.394375 0.0558333 0.0125 0.0211111 0.475586
2 0.728125 0.107292 0.01125 0.0401389 0.453369
7 0.77 0.131389 0.00374997 0.0177778 0.432129
0 0.362813 0.0704167 0.015625 0.0213889 0.42627
7 0.258281 0.262778 0.0075 0.0233333 0.392334
0 0.433125 0.0272917 0.00750001 0.0152083 0.357666
0 0.382813 0.0485417 0.010625 0.0155556 0.355713
0 0.0711719 0.253889 0.0289063 0.0277778 0.348633
0 0.340625 0.0807639 0.015 0.0230556 0.332764
0 0.36875 0.0738195 0.015 0.0222222 0.332764
7 0.75375 0.161944 0.00499999 0.0194444 0.332764
0 0.378438 0.0516667 0.013125 0.0177778 0.331055
0 0.424063 0.0334028 0.01 0.0186111 0.320801
7 0.675 0.050625 0.00249996 0.01125 0.315674
0 0.407188 0.0536111 0.015 0.0213889 0.228149
0 0.86875 0.0776389 0.04 0.0275 0.228149
7 0.946875 0.214722 0.00499999 0.0177778 0.208862
7 0.746875 0.125 0.00499999 0.0188889 0.20752
0 0.25375 0.125833 0.025625 0.0341667 0.206299
0 0.37625 0.0575694 0.01875 0.0254167 0.191284
0 0.344688 0.0715972 0.013125 0.0190278 0.178345
0 0.249688 0.124167 0.02 0.0272222 0.17334
0 0.416875 0.0311806 0.0125 0.0195833 0.148071
7 0.0658594 0.294444 0.00359375 0.0133333 0.139404
0 0.85625 0.0711111 0.03625 0.0220833 0.133911
7 0.7625 0.153056 0.00499999 0.0183333 0.127686
0 0.3625 0.0629167 0.01625 0.0244444 0.121277
7 0.65625 0.0515278 0.00375004 0.0119444 0.12085
3 0.72875 0.106111 0.00750001 0.0383333 0.12085
0 0.453438 0.00697917 0.00687497 0.0100694 0.119995
2 0.210625 0.152778 0.008125 0.0277778 0.117981
5 0.430313 0.0195833 0.01125 0.0172222 0.104126
0 0.445 0.0134722 0.00874999 0.0126389 0.101257
0 0.78125 0.0570139 0.0425 0.0252778 0.0974121
5 0.0171069 0.243333 0.0186377 0.0227778 0.0957031
7 0.748125 0.127639 0.00499999 0.0188889 0.0927124
0 0.0694141 0.251181 0.0239844 0.0220833 0.0853882
0 0.425 0.043316 0.0125 0.0153125 0.0806274
3 0.183281 0.166806 0.0046875 0.0191667 0.0806274
0 0.84 0.0731944 0.0375 0.0258333 0.0786133
2 0.211094 0.14875 0.00906251 0.0247222 0.064209
2 0.205 0.148472 0.01875 0.0247222 0.0634766
0 0.44125 0.0397222 0.010625 0.0209722 0.0579224
0 0.441875 0.0344097 0.00874999 0.0203472 0.0560303
0 0.433438 0.0516667 0.01375 0.0180556 0.0558167
0 0.7875 0.0550694 0.03 0.0227778 0.0509033
3 0.19 0.162222 0.005 0.0222222 0.0484924
2 0.603125 0.0400694 0.00750001 0.0204167 0.0455322
2 0.209844 0.145278 0.0109375 0.0216667 0.0401001
5 0.0133984 0.249722 0.0211719 0.0294444 0.0360718
2 0.0121094 0.259931 0.0118164 0.0256944 0.0327148
0 0.409375 0.0263542 0.01 0.016875 0.03125
7 0.704375 0.0488889 0.00374997 0.0113889 0.0299835
0 0.310469 0.105 0.0234375 0.0297222 0.0298767
7 0.00834961 0.378889 0.00525391 0.0188889 0.0265503
7 0.594375 0.0444444 0.00437501 0.0127778 0.0259552
0 0.8625 0.07875 0.03375 0.0286111 0.0252686
0 0.261094 0.133611 0.0275 0.0383333 0.025177
0 0.203438 0.148333 0.0225 0.0294444 0.0231476
7 0.94125 0.219722 0.00500005 0.0166667 0.0230255
7 0.65 0.0527778 0.00249996 0.0111111 0.0224609
2 0.585 0.0142361 0.00875003 0.0172222 0.0220337
2 0.603125 0.0366667 0.00687504 0.0198611 0.0206451
0 0.459375 0.00414931 0.00562499 0.00829861 0.0197144
0 0.3575 0.05875 0.019375 0.0254167 0.019455
7 0.695625 0.0516667 0.00249996 0.0127778 0.018692
0 0.328125 0.0922222 0.014375 0.0230556 0.0183411
7 0.0284375 0.3775 0.0071875 0.0194444 0.0179138
7 0.715 0.0494444 0.00500005 0.0123611 0.0178528
0 0.256094 0.134444 0.02875 0.0327778 0.0173035
2 0.71625 0.0695833 0.00999997 0.0338889 0.0171814
7 0.195 0.165833 0.003125 0.0188889 0.0157166
2 0.575625 0.016875 0.01125 0.0168056 0.0151901
0 0.195938 0.156944 0.0275 0.0294444 0.0137939
3 0.146719 0.209722 0.00843751 0.0333333 0.0133286
7 0.0741406 0.292778 0.0046875 0.0133334 0.0132217
2 0.743125 0.112743 0.0125 0.040625 0.0131226
3 0.151172 0.170972 0.00515625 0.0222222 0.0126724
7 0.67125 0.0528472 0.00250003 0.01125 0.012146
7 0.70125 0.0783333 0.00499999 0.0169444 0.0115051
0 0.298281 0.100972 0.018125 0.0375 0.011467
2 0.0536719 0.239028 0.0108594 0.0191667 0.0113754
2 0.5725 0.0203472 0.00999997 0.0138889 0.011116
0 0.263438 0.138333 0.03125 0.0377778 0.0103302
0 0.0154785 0.245556 0.0206055 0.0288889 0.00985718
7 0.095 0.278333 0.003125 0.0111111 0.00971222
0 0.449375 0.0186806 0.010625 0.0152778 0.00933838
3 0.126641 0.220833 0.0046875 0.0191667 0.0091629
3 0.142656 0.203889 0.00843749 0.0283333 0.00912476
2 0.616875 0.0302778 0.00499999 0.0138194 0.00891876
3 0.199219 0.1525 0.0121875 0.0272222 0.00871277
7 0.0840625 0.291111 0.004375 0.0133333 0.00854492
2 0.0473047 0.245278 0.0114844 0.02 0.00818634
0 0.8425 0.0595833 0.0275 0.0286111 0.00751877
0 0.32625 0.0888889 0.010625 0.0213889 0.00701141
3 0.0162695 0.271111 0.00703125 0.0244444 0.00674438
0 0.99625 0.124306 0.00749995 0.0352778 0.00641251
7 0.691875 0.186667 0.00625 0.0244444 0.00619125
0 0.99375 0.131806 0.0124999 0.0361111 0.00598145
2 0.152734 0.174167 0.0059375 0.0163889 0.00598145
7 0.164531 0.196944 0.00406251 0.0172222 0.00584412
2 0.72625 0.0998611 0.00875003 0.0444444 0.00527954
5 0.0163379 0.253403 0.0207227 0.0331944 0.00502014
7 0.9475 0.225 0.00500005 0.0205556 0.00498199
0 0.303125 0.0926389 0.01125 0.0230556 0.00494385
7 0.675 0.0618056 0.00249996 0.00888889 0.00469971
0 0.340625 0.0726389 0.01625 0.0186111 0.00400543
7 0.235 0.14875 0.003125 0.0141667 0.00387001
7 0.0679297 0.293889 0.0100781 0.0266667 0.00370789
2 0.7175 0.0771528 0.00750001 0.0247222 0.00362206
0 0.82625 0.0725 0.0325 0.0252778 0.00359344
3 0.122813 0.193056 0.006875 0.0222222 0.00345612
7 0.247813 0.2775 0.009375 0.0261111 0.00332451
1 0.262188 0.116944 0.044375 0.0427778 0.00324821
7 0.6925 0.0773611 0.00499999 0.0130556 0.00321007
0 0.989375 0.124444 0.02125 0.0316667 0.00317192
0 0.89 0.0877778 0.025 0.0208333 0.00312424
3 0.00661133 0.259444 0.0088086 0.0194444 0.00305176
7 0.0199609 0.357778 0.0053125 0.02 0.00298119
0 0.00325684 0.279444 0.00651367 0.0244444 0.00288963
0 0.291563 0.0930556 0.0225 0.0291667 0.0028553
2 0.0628125 0.23 0.0096875 0.0186111 0.00275803
0 0.987188 0.135 0.025625 0.0322222 0.00265312
2 0.73625 0.115972 0.01 0.0441667 0.00255013
7 0.69375 0.0629167 0.00249996 0.01 0.002388
7 0.69125 0.0541667 0.00250003 0.0108333 0.002388
3 0.89375 0.0675 0.00499999 0.0158333 0.00235939
7 0.615625 0.0448611 0.00499999 0.0122222 0.00222588
7 0.185313 0.187222 0.00375001 0.0116667 0.00215721
2 0.0559375 0.233889 0.0107031 0.0233333 0.00209045
3 0.47 0.0559722 0.00499999 0.0188889 0.0020752
7 0.778125 0.144167 0.00874996 0.0227778 0.0019722
0 0.485 0.00881945 0.00437498 0.00902778 0.00195694
7 0.168438 0.199444 0.00562501 0.0144444 0.00185299
5 0.0333789 0.245139 0.0157422 0.0213889 0.00171375
3 0.7325 0.0352778 0.00750001 0.0205556 0.00156116
0 0.90125 0.0893056 0.025 0.0205556 0.00153637
7 0.71 0.0566667 0.00499999 0.015 0.00151253
2 0.703125 0.0274306 0.00625 0.0134722 0.0014782
0 0.385625 0.0329167 0.00812499 0.0129167 0.00146675
0 0.584375 0.0203472 0.02625 0.0168056 0.00143242
7 0.106328 0.262292 0.00609376 0.0365278 0.0014267
7 0.934375 0.238889 0.00625 0.0261111 0.00141048
7 0.765625 0.12375 0.00375004 0.0177778 0.00139904
0 0.994375 0.140278 0.01125 0.0394444 0.00136662
7 0.65625 0.0606944 0.00249996 0.01 0.00134563
7 0.134844 0.224444 0.00328125 0.0127778 0.00134563
3 0.125781 0.216111 0.005 0.0272222 0.00129414
3 0.0849219 0.225 0.00515625 0.0172222 0.0012846
5 0.371875 0.0351389 0.01125 0.0202778 0.00123501
7 0.635 0.0329514 0.00374997 0.0121528 0.00123501
0 0.0613281 0.260833 0.0339063 0.0305556 0.00119686
2 0.718125 0.0981944 0.00999997 0.0422222 0.00118828
0 0.86625 0.0863889 0.0375 0.0322222 0.00118828
0 0.86125 0.0651389 0.0325 0.0252778 0.0011692
3 0.129219 0.222778 0.00874999 0.0294444 0.00116539
0 0.0714063 0.243194 0.030625 0.0308333 0.00113392
5 0.195938 0.149306 0.036875 0.0336111 0.00112057
7 0.00322754 0.356111 0.00614258 0.025 0.0011034
7 0.6875 0.183889 0.00750001 0.0227778 0.00109005
0 0.995625 0.106667 0.00874996 0.0433333 0.00107288
0 0.0486719 0.256944 0.011875 0.0255556 0.00102425
