0 0.634375 0.788889 0.14125 0.253333 0.958008
0 0.37375 0.638889 0.089375 0.144444 0.943848
0 0.480625 0.582361 0.065 0.115278 0.931641
0 0.225313 0.446667 0.063125 0.0633334 0.918457
1 0.0594531 0.539444 0.118438 0.206667 0.894531
0 0.1375 0.418611 0.0421875 0.0355555 0.876465
0 0.245313 0.393056 0.048125 0.035 0.872559
0 0.0628125 0.438056 0.0329687 0.0288889 0.866211
0 0.4575 0.317222 0.015 0.0211111 0.865234
0 0.475 0.3275 0.0225 0.0272222 0.863281
7 0.676875 0.480833 0.00874996 0.025 0.861328
0 0.404063 0.32 0.015625 0.0222222 0.830078
0 0.413438 0.349444 0.041875 0.0333333 0.82666
0 0.83875 0.327222 0.03375 0.0222222 0.819824
0 0.00489258 0.454722 0.00976563 0.0266667 0.803223
0 0.34125 0.330556 0.0175 0.0233333 0.777344
0 0.328438 0.332778 0.016875 0.0211111 0.774414
0 0.79625 0.328333 0.03375 0.0222222 0.770508
0 0.35625 0.332222 0.01625 0.0194444 0.769043
0 0.721875 0.332222 0.04 0.0255556 0.750488
7 0.234219 0.503611 0.00687501 0.0222222 0.733887
0 0.547813 0.302222 0.0225 0.0177778 0.72168
0 0.38875 0.309167 0.01125 0.0166667 0.716797
3 0.66125 0.451667 0.0125 0.0638889 0.716797
5 0.394688 0.293333 0.0175 0.0322222 0.695801
7 0.74875 0.415833 0.00499999 0.0166667 0.672363
0 0.00682129 0.401667 0.0135449 0.0233333 0.644043
0 0.460625 0.293333 0.01 0.0166667 0.618652
2 0.209531 0.372222 0.00593751 0.0222222 0.587891
0 0.36625 0.301111 0.01125 0.0155555 0.586914
7 0.92375 0.457778 0.00499999 0.0155555 0.586914
0 0.481875 0.305 0.01375 0.0194444 0.562012
0 0.93 0.328889 0.0225 0.0161111 0.558105
0 0.37625 0.318333 0.013125 0.0166667 0.554688
7 0.74625 0.398889 0.00374997 0.0144444 0.554688
2 0.0320703 0.465 0.0114062 0.0238889 0.537109
0 0.333125 0.321667 0.01375 0.0188889 0.529297
0 0.93875 0.334444 0.025 0.0188889 0.458984
0 0.475625 0.28 0.00812502 0.0133333 0.428223
0 0.800625 0.328611 0.0325 0.0255556 0.416748
0 0.73 0.324444 0.03625 0.0211111 0.411133
0 0.381875 0.298333 0.01 0.0155555 0.403564
7 0.72875 0.438889 0.00499999 0.02 0.401611
7 0.723125 0.402222 0.00499999 0.0177778 0.399902
0 0.35875 0.330556 0.01625 0.0205555 0.397949
0 0.94125 0.336667 0.025 0.0166667 0.396973
0 0.480313 0.282778 0.010625 0.0177778 0.381104
7 0.68375 0.353333 0.00374997 0.0127778 0.381104
7 0.923125 0.465556 0.00499999 0.0177778 0.368408
7 0.221094 0.517778 0.00843749 0.0233333 0.355713
0 0.445 0.263056 0.00562499 0.00944446 0.343262
7 0.73875 0.422778 0.00499999 0.02 0.332764
0 0.459375 0.295 0.01125 0.0177778 0.329346
2 0.566875 0.292222 0.00750001 0.0144444 0.312256
0 0.479063 0.291944 0.011875 0.0177778 0.294189
0 0.390938 0.307222 0.013125 0.0177778 0.289307
7 0.63375 0.328611 0.00374997 0.0116667 0.252441
3 0.190156 0.373889 0.00562499 0.0233333 0.233765
0 0.46125 0.29 0.00999997 0.0155555 0.221313
0 0.93375 0.335556 0.02375 0.0166667 0.199341
7 0.736875 0.427778 0.00500005 0.0188889 0.19873
0 0.378438 0.299444 0.009375 0.0144444 0.177856
0 0.468125 0.278333 0.00750001 0.0111111 0.175537
7 0.726875 0.441111 0.00499999 0.0188889 0.160767
0 0.484063 0.262222 0.00562499 0.0111111 0.139893
0 0.469688 0.272222 0.00625 0.01 0.127197
0 0.346875 0.317778 0.01 0.0144444 0.118774
0 0.93875 0.341111 0.0275 0.0211111 0.113159
0 0.40625 0.280833 0.00874999 0.0105555 0.108948
7 0.745 0.419167 0.00499999 0.0172222 0.106689
2 0.59625 0.301389 0.00500005 0.0161111 0.104492
3 0.660625 0.446667 0.00999997 0.0527778 0.102295
0 0.353438 0.317778 0.010625 0.0166667 0.101562
7 0.275469 0.35 0.00374997 0.0111111 0.0881958
0 0.475625 0.261111 0.00500002 0.00944443 0.0830078
0 0.494375 0.261111 0.00625 0.00833333 0.0820923
7 0.73375 0.430833 0.00500005 0.0177778 0.072876
0 0.379688 0.290278 0.00749998 0.0127778 0.0700684
7 0.19375 0.380278 0.005 0.0172222 0.0680542
2 0.185938 0.372222 0.013125 0.0238889 0.0658569
0 0.405625 0.3125 0.015 0.0233333 0.0609741
0 0.51375 0.261389 0.00437501 0.00611112 0.0554199
7 0.666875 0.353056 0.00374997 0.0111111 0.0544128
0 0.366875 0.315833 0.011875 0.0166667 0.0524292
7 0.224063 0.365278 0.004375 0.0105555 0.0522461
7 0.653125 0.327778 0.00375004 0.0122222 0.0516663
2 0.210938 0.371111 0.009375 0.0227778 0.0472412
0 0.371875 0.322778 0.0125 0.0188889 0.0423889
0 0.030625 0.465556 0.0163281 0.0266667 0.0372009
2 0.20875 0.372222 0.00843751 0.0227778 0.0370483
0 0.9275 0.331944 0.0275 0.0166667 0.0367737
2 0.187031 0.378333 0.009375 0.0266667 0.0359497
0 0.53375 0.278056 0.00625 0.00944446 0.0330811
0 0.00479492 0.407778 0.00958984 0.0288889 0.0319824
0 0.4175 0.278333 0.00750001 0.00833333 0.0311432
7 0.63625 0.318056 0.00375004 0.0122222 0.0309143
0 0.411875 0.293889 0.01125 0.0155556 0.0284424
7 0.220313 0.506111 0.0075 0.0288889 0.0235596
0 0.456875 0.313333 0.015 0.0244444 0.0234222
0 0.40625 0.296667 0.00874999 0.0166667 0.0219421
0 0.423125 0.2775 0.00687501 0.00944446 0.0211182
0 0.418125 0.2825 0.00750001 0.0144444 0.0203705
0 0.448438 0.265556 0.00562499 0.0111111 0.018692
3 0.665625 0.453889 0.01375 0.0644444 0.0175171
7 0.565313 0.315 0.00437501 0.00888887 0.0173035
3 0.595625 0.306667 0.00499999 0.0188889 0.0164642
0 0.933125 0.341111 0.02875 0.0222222 0.0158997
7 0.67 0.341111 0.00250003 0.0122222 0.0150146
0 0.40875 0.316667 0.01625 0.0188889 0.0141754
0 0.7225 0.325 0.035 0.0255556 0.0136871
0 0.489375 0.2675 0.00499999 0.00944443 0.0133286
7 0.234688 0.368056 0.0028125 0.00777777 0.0130234
0 0.403125 0.330556 0.0175 0.0238889 0.0128708
0 0.4075 0.339444 0.025625 0.0277778 0.0123367
0 0.0411719 0.468889 0.0214844 0.0277778 0.0117798
2 0.709375 0.309444 0.01 0.0211111 0.0110703
0 0.355938 0.281111 0.00562503 0.0133333 0.00971222
7 0.220625 0.359722 0.00374999 0.0133333 0.00967407
0 0.00460449 0.461667 0.00920899 0.0366667 0.0091629
0 0.00628906 0.396111 0.0125781 0.0277778 0.00901794
0 0.536563 0.264167 0.00499999 0.0111111 0.00894928
3 0.696875 0.442222 0.01 0.0577778 0.00841522
3 0.579375 0.285278 0.00499999 0.0133333 0.008255
3 0.290781 0.339444 0.0046875 0.0144444 0.0078125
7 0.670625 0.472778 0.00625 0.0311111 0.0078125
0 0.52625 0.275278 0.00625 0.00999999 0.00746155
7 0.285 0.347222 0.00375001 0.0116667 0.00725937
7 0.265313 0.350556 0.00406251 0.0122222 0.00703812
0 0.0626563 0.460556 0.0285937 0.0433333 0.00653839
0 0.8 0.337778 0.0375001 0.0261111 0.00544739
0 0.505 0.257778 0.00374997 0.00777777 0.00536346
7 0.653125 0.318333 0.00499999 0.0116667 0.0051384
0 0.744375 0.326111 0.04375 0.0233333 0.00511932
2 0.163125 0.38 0.00593751 0.0238889 0.0050621
2 0.584063 0.293889 0.00562503 0.0155556 0.00482941
3 0.25 0.341111 0.004375 0.0222222 0.00473785
0 0.524688 0.261667 0.00375001 0.00833333 0.00455475
0 0.430625 0.268889 0.00499999 0.00833333 0.00453949
7 0.57375 0.318889 0.00499999 0.0133333 0.00436401
2 0.709375 0.316944 0.0125 0.0183333 0.00436401
2 0.211875 0.373611 0.01 0.0261111 0.00432968
2 0.591875 0.301111 0.00687497 0.0166667 0.00399017
0 0.96875 0.349444 0.0275 0.0233333 0.00378036
3 0.154531 0.369722 0.00484374 0.0155555 0.00376511
0 0.344063 0.283056 0.00750001 0.0177778 0.0037365
7 0.219375 0.518889 0.009375 0.0227778 0.0037365
0 0.356875 0.293611 0.00750001 0.0111111 0.00369263
2 0.18 0.368889 0.0125 0.0188889 0.00340271
2 0.564375 0.285556 0.00687504 0.0177778 0.00337601
0 0.96 0.334444 0.015 0.0144444 0.00324821
0 0.434375 0.263333 0.00500002 0.0105555 0.00322342
0 0.0185352 0.490556 0.0333594 0.0472222 0.00314713
3 0.269531 0.340556 0.00437498 0.0138889 0.00314713
3 0.024375 0.405 0.006875 0.0177778 0.00307465
0 0.90875 0.338889 0.02 0.0144444 0.00284576
0 0.406563 0.2625 0.00562503 0.0111111 0.00275803
3 0.548125 0.27 0.00687497 0.0166667 0.00274658
0 0.0250781 0.476667 0.0298438 0.0466667 0.00273705
7 0.134063 0.386667 0.004375 0.0122222 0.00264168
0 0.0334766 0.48 0.0196875 0.0522222 0.00263214
0 0.529375 0.269722 0.00625 0.00999999 0.00263214
0 0.80375 0.3375 0.0225 0.0261111 0.00248146
3 0.865 0.310556 0.00499999 0.0177778 0.00239754
0 0.510625 0.266389 0.00499999 0.0111111 0.00232315
3 0.545625 0.276667 0.00375004 0.0122222 0.00214958
0 0.975625 0.361111 0.02625 0.025 0.00205803
0 0.980625 0.336667 0.02 0.0177778 0.0020504
2 0.115469 0.383889 0.0046875 0.0166667 0.00200272
0 0.422813 0.296944 0.009375 0.0144444 0.00191212
0 0.4225 0.310278 0.009375 0.0166667 0.00191212
2 0.695 0.332222 0.00999997 0.0244444 0.00191212
0 0.968125 0.338889 0.01625 0.0166667 0.00189686
0 0.350313 0.309444 0.015 0.02 0.00188923
0 0.905 0.336667 0.015 0.0161111 0.00184631
1 0.031543 0.541667 0.0630859 0.204444 0.00183868
3 0.77625 0.348056 0.00750001 0.0277778 0.00182438
0 0.455 0.262222 0.00374997 0.00722221 0.00181007
7 0.7175 0.449167 0.00750001 0.0227778 0.0018034
0 0.0070166 0.5075 0.0139355 0.0466667 0.00178242
0 0.465938 0.263611 0.00437501 0.00999999 0.00177479
3 0.260469 0.354167 0.00531249 0.0166667 0.00176811
7 0.75375 0.415556 0.00499999 0.0177778 0.00167465
3 0.655 0.296667 0.00499999 0.0172222 0.0016613
2 0.864375 0.3 0.00750001 0.0144444 0.00162315
2 0.71625 0.386111 0.0125 0.0344444 0.00159168
7 0.00392578 0.498056 0.00769531 0.0266667 0.00158501
0 0.933125 0.346944 0.0325 0.0288889 0.00158501
7 0.615313 0.329444 0.003125 0.0105555 0.00157356
2 0.182656 0.356111 0.00750001 0.0188889 0.00154305
5 0.546875 0.262778 0.00625 0.0144444 0.00144958
7 0.234063 0.353333 0.00406249 0.0133333 0.00144386
3 0.813125 0.302778 0.00875003 0.0211111 0.00143242
7 0.645 0.318333 0.00250003 0.0122222 0.00143242
0 0.0163867 0.460833 0.0310547 0.0316667 0.00142097
1 0.97375 0.352778 0.03 0.0277778 0.00138283
0 0.435625 0.276111 0.00562499 0.00888887 0.00133514
7 0.675 0.315556 0.00249996 0.0111111 0.00130939
0 0.00547852 0.375 0.010957 0.0277778 0.00126457
0 0.0208984 0.469722 0.0295313 0.0327778 0.00126457
7 0.375938 0.638889 0.083125 0.144444 0.0012598
0 0.4725 0.308889 0.02625 0.0311111 0.0012598
2 0.190313 0.372778 0.010625 0.0222222 0.00122547
0 0.00647461 0.47 0.0115039 0.04 0.0012207
2 0.0615625 0.428889 0.0210938 0.02 0.00117874
0 0.97625 0.335556 0.025 0.0166667 0.00116539
2 0.765 0.320556 0.00625 0.0188889 0.00116062
7 0.661875 0.461944 0.00999997 0.065 0.00115108
2 0.71625 0.3 0.00499999 0.0155556 0.0011425
0 0.7975 0.324444 0.0325 0.0227778 0.0011425
0 0.0781641 0.452222 0.0325781 0.0355555 0.0011158
2 0.22375 0.355556 0.005 0.0155556 0.00106907
5 0.0879688 0.506111 0.061875 0.138889 0.00105286
0 0.75875 0.325556 0.01875 0.0211111 0.00104046
