0 0.333672 0.312222 0.0776562 0.11 0.956543
0 0.516875 0.581111 0.1125 0.268889 0.955078
0 0.240273 0.926944 0.210703 0.146111 0.948242
0 0.382813 0.405833 0.09375 0.152222 0.942383
0 0.603125 0.297778 0.07625 0.124444 0.941895
5 0.350703 0.0971528 0.0873438 0.08375 0.924805
1 0.49375 0.0731944 0.1425 0.0863889 0.904297
0 0.212188 0.181528 0.046875 0.0419444 0.875
0 0.186563 0.281181 0.0690625 0.0843055 0.868652
0 0.79 0.0592361 0.035 0.0251389 0.817383
2 0.0356641 0.348889 0.0169531 0.04 0.811523
2 0.69 0.160833 0.04 0.0572222 0.808105
0 0.748125 0.0631944 0.03625 0.0255556 0.805664
0 0.035332 0.304444 0.0362109 0.0388889 0.805664
7 0.244375 0.281111 0.0078125 0.0244444 0.800781
2 0.117422 0.245556 0.0167188 0.0372222 0.782715
7 0.7025 0.2 0.00749995 0.0244445 0.779785
7 0.74375 0.173611 0.00750001 0.0211111 0.777344
0 0.423438 0.0606944 0.015 0.0227778 0.759277
0 0.573125 0.02875 0.02375 0.0179167 0.744629
7 0.257812 0.262778 0.00687499 0.0227778 0.737305
0 0.00790039 0.318333 0.0156445 0.0366667 0.712402
7 0.76875 0.131111 0.00375004 0.0166667 0.662109
0 0.71375 0.0551389 0.035 0.0272222 0.644043
0 0.735625 0.0544444 0.03625 0.0252778 0.57373
5 0.3875 0.0496528 0.013125 0.0291667 0.556641
7 0.945 0.219722 0.00499999 0.0166667 0.541016
7 0.0280078 0.375 0.00554688 0.0222222 0.492188
0 0.412188 0.0439062 0.010625 0.0157986 0.464844
7 0.7525 0.163611 0.00500005 0.0194444 0.461914
0 0.386875 0.066875 0.01375 0.02125 0.449463
7 0.163438 0.203333 0.00406249 0.0119444 0.435791
0 0.4875 0.0136111 0.00874999 0.0125 0.420654
7 0.0664062 0.296667 0.00421875 0.0133333 0.420654
0 0.39875 0.0519444 0.0125 0.0218056 0.381104
2 0.285625 0.0976389 0.010625 0.0191667 0.373779
7 0.94625 0.214722 0.00499999 0.0177778 0.37207
7 0.705 0.0788194 0.00375004 0.0120833 0.370117
2 0.00489502 0.370556 0.00979004 0.0488889 0.370117
2 0.6125 0.0352778 0.00687504 0.0230556 0.345215
0 0.403438 0.0504861 0.0125 0.0186111 0.324219
7 0.0426953 0.362778 0.005625 0.0177778 0.324219
0 0.425625 0.0336111 0.00874999 0.0144444 0.295898
7 0.674375 0.0495833 0.00250003 0.0105556 0.279785
0 0.492188 0.0340972 0.011875 0.0136111 0.259766
0 0.488125 0.0171528 0.01 0.0102083 0.252441
7 0.7725 0.146667 0.00499999 0.0166667 0.24939
0 0.425 0.0575 0.0175 0.0233333 0.248047
0 0.396875 0.0570139 0.01375 0.0206944 0.242188
0 0.43125 0.0466667 0.01125 0.0195833 0.237915
0 0.00307617 0.296389 0.00615234 0.0277778 0.237915
7 0.084375 0.281389 0.00437501 0.0116667 0.2323
7 0.145703 0.212222 0.00374999 0.0130556 0.222656
0 0.405 0.0300694 0.00875003 0.00986111 0.199951
0 0.4325 0.0296181 0.00812499 0.01125 0.193726
0 0.376875 0.0611806 0.01625 0.0247222 0.191895
0 0.399375 0.0563889 0.01375 0.0191667 0.191895
0 0.386563 0.0522396 0.014375 0.0324653 0.185303
0 0.428125 0.0578472 0.02125 0.0255556 0.178955
0 0.4525 0.00899306 0.00750001 0.00944445 0.171631
0 0.43125 0.0218056 0.00749998 0.0102083 0.167236
7 0.74625 0.128333 0.00500005 0.0177778 0.16394
0 0.415313 0.0309722 0.009375 0.0123611 0.151489
0 0.38625 0.0751389 0.01625 0.0216667 0.147095
7 0.69375 0.183889 0.00499999 0.0233333 0.140869
7 0.753125 0.161806 0.00499999 0.0191667 0.124634
0 0.445625 0.0126389 0.00750001 0.0109722 0.115967
0 0.424375 0.0543056 0.015 0.0216667 0.106689
5 0.0192603 0.241667 0.0194873 0.0244445 0.10376
7 0.69 0.188056 0.00500005 0.0238889 0.101929
7 0.65625 0.0504167 0.00375004 0.0111111 0.0984497
7 0.74625 0.125 0.00500005 0.0183333 0.0910645
0 0.4375 0.0133333 0.00749998 0.0101389 0.0872803
0 0.00933105 0.312778 0.0185449 0.0405555 0.0769653
0 0.376875 0.0546528 0.010625 0.0215278 0.0747681
7 0.0280859 0.3775 0.0071875 0.0216667 0.0656128
2 0.89125 0.06625 0.00999997 0.0208333 0.0603027
2 0.607188 0.0362153 0.00875003 0.0225694 0.058136
0 0.00416504 0.376111 0.00833008 0.0627778 0.0579224
0 0.289219 0.0955556 0.01875 0.0238889 0.0574951
3 0.420313 0.0630556 0.00874999 0.0273611 0.0558167
7 0.94125 0.219722 0.00500005 0.0161111 0.0555115
0 0.408125 0.0488889 0.01125 0.0188889 0.0534058
0 0.287188 0.0979861 0.013125 0.0204167 0.0503235
2 0.603125 0.0405556 0.00625 0.0206944 0.0465393
0 0.282031 0.100694 0.01875 0.0186111 0.0406799
7 0.286094 0.116944 0.00406249 0.00888889 0.0393372
0 0.44625 0.0427778 0.01375 0.0166667 0.0379028
2 0.7325 0.0365625 0.00999997 0.0185417 0.0370483
0 0.377188 0.0693056 0.023125 0.0269444 0.0367737
0 0.41125 0.0231944 0.00687497 0.0106944 0.0273743
2 0.196563 0.154167 0.0059375 0.02 0.0261536
3 0.889375 0.0639583 0.00750001 0.0240278 0.0257568
3 0.00849121 0.263889 0.00836914 0.0211111 0.0253754
3 0.88625 0.0634722 0.00499999 0.0211111 0.0244293
0 0.199063 0.183056 0.020625 0.0372222 0.0244293
0 0.459375 0.00522569 0.00625 0.0104514 0.0223694
7 0.0685156 0.299444 0.0053125 0.0144444 0.0219421
7 0.76375 0.151944 0.00499999 0.0172222 0.0211182
7 0.0281055 0.373333 0.00707031 0.0211111 0.0195618
0 0.45 0.0455556 0.02 0.0202778 0.0188293
7 0.294688 0.115972 0.00375001 0.00888889 0.0185394
2 0.20375 0.1525 0.009375 0.0233333 0.0179901
7 0.67 0.0517361 0.00250003 0.0119444 0.0177155
0 0.346875 0.0629167 0.0125 0.0205556 0.0173798
7 0.665 0.0495139 0.00250003 0.0104167 0.016983
7 0.146406 0.218889 0.00421875 0.015 0.0152512
0 0.44125 0.0590278 0.03 0.0319444 0.0148392
7 0.249844 0.125694 0.0034375 0.0113889 0.0145035
0 0.450625 0.0152083 0.00687501 0.0136111 0.0141754
0 0.367813 0.0693056 0.020625 0.0319444 0.013588
2 0.726875 0.0372569 0.00874996 0.020625 0.0134811
7 0.257031 0.266111 0.0075 0.0266667 0.0127716
0 0.397188 0.0314583 0.00750001 0.00986111 0.0120087
5 0.0143848 0.251944 0.0220117 0.0277778 0.0115051
0 0.4275 0.0119444 0.00750001 0.00958333 0.0114212
0 0.36 0.0669444 0.0225 0.0283333 0.0106125
0 0.490625 0.0142361 0.01 0.0118056 0.0103302
0 0.00318359 0.281667 0.00636719 0.0222222 0.0100937
0 0.290938 0.0908333 0.02 0.0230556 0.00937653
3 0.230625 0.13 0.00406249 0.02 0.00919342
0 0.317344 0.0804167 0.0196875 0.0208333 0.0091629
0 0.70375 0.0566667 0.0175 0.0233333 0.00905609
7 0.0749219 0.245139 0.00406249 0.0141667 0.00878143
2 0.309687 0.0888889 0.00562499 0.0283333 0.0086441
0 0.380938 0.0784028 0.024375 0.0404167 0.00837708
7 0.7025 0.0759722 0.00749995 0.0168056 0.00834656
0 0.81375 0.0717361 0.045 0.0215278 0.00834656
0 0.464375 0.0438194 0.0125 0.0211111 0.00787354
7 0.274375 0.118333 0.00437498 0.00944445 0.0078125
0 0.320625 0.07875 0.018125 0.0236111 0.00766754
2 0.115234 0.247361 0.0226563 0.0352778 0.00751877
0 0.995313 0.133056 0.00937494 0.0327778 0.00746155
0 0.38375 0.0961111 0.02125 0.0366667 0.00714874
7 0.74875 0.128889 0.00249996 0.0183333 0.00714874
0 0.030918 0.298056 0.0294922 0.0322222 0.00641251
3 0.00723511 0.263611 0.00724854 0.0177778 0.00638962
7 0.169375 0.197222 0.00375001 0.0113889 0.00634003
2 0.611875 0.0319792 0.00749995 0.0260417 0.00629044
7 0.214375 0.139722 0.00374999 0.0138889 0.00595856
0 0.336563 0.0645833 0.00874999 0.0163889 0.00561905
7 0.65 0.0525 0.00249996 0.0113889 0.00557709
7 0.254844 0.134306 0.003125 0.00888889 0.0055542
2 0.0132007 0.256111 0.011333 0.0233333 0.00551224
2 0.73375 0.108333 0.00999997 0.0408333 0.00530243
7 0.68875 0.173889 0.0125 0.0388889 0.00527954
0 0.99625 0.126667 0.00749995 0.0322222 0.00518036
0 0.489375 0.0411806 0.015 0.0213889 0.00511932
0 0.445625 0.0776389 0.0425 0.0436111 0.0049057
0 0.488125 0.0326389 0.00874999 0.0159722 0.00471878
0 0.366875 0.0459722 0.00875003 0.0125 0.00471878
7 0.139688 0.211944 0.00437501 0.0155555 0.00468063
2 0.788125 0.0368403 0.01375 0.0207639 0.00453949
4 0.0177539 0.253333 0.0228125 0.0294444 0.00439835
0 0.49875 0.00397569 0.00750001 0.00795139 0.00439835
0 0.38125 0.0929167 0.025 0.0538889 0.00436401
2 0.1675 0.158889 0.00625 0.0166667 0.00426483
7 0.0749219 0.292222 0.00406249 0.0133333 0.00424957
0 0.825625 0.0745833 0.02875 0.0247222 0.00391388
0 0.960625 0.105417 0.01875 0.0175 0.00388527
5 0.0458984 0.226944 0.0171875 0.0222222 0.00379562
0 0.475313 0.0422396 0.013125 0.0235764 0.0037365
0 0.301875 0.0990278 0.0125 0.0194444 0.00356483
0 0.58 0.0320139 0.035 0.0201389 0.00348282
0 0.785 0.0645833 0.045 0.0261111 0.00346947
0 0.00461182 0.412222 0.00922363 0.0655555 0.00342941
5 0.0165234 0.244722 0.0214063 0.0322222 0.00335121
0 0.316563 0.0951389 0.018125 0.0238889 0.00322342
2 0.16875 0.158611 0.00687499 0.0177778 0.00311089
0 0.544688 0.0481944 0.035625 0.0375 0.00309944
2 0.7325 0.113021 0.00750001 0.0345139 0.00309944
7 0.270313 0.123889 0.00406249 0.0130556 0.00307465
3 0.0345703 0.260625 0.00628907 0.0198611 0.00293541
5 0.0199609 0.235 0.0204297 0.0266667 0.00284576
2 0.584375 0.0122222 0.00499999 0.0130556 0.00275803
7 0.0841406 0.2425 0.004375 0.0122222 0.00247192
3 0.89375 0.0798611 0.00625 0.0175 0.00237846
7 0.24375 0.133194 0.00531249 0.0125 0.00235939
0 0.201719 0.175556 0.0253125 0.0316667 0.00230598
2 0.3275 0.0693056 0.01 0.0138889 0.00229645
7 0.275 0.131111 0.00375001 0.0133333 0.00226974
0 0.4925 0.0392882 0.014375 0.0219792 0.00214958
2 0.203906 0.142778 0.0103125 0.0227778 0.00209999
0 0.444375 0.0335417 0.01 0.0234722 0.00204277
7 0.71125 0.196389 0.00750001 0.0283333 0.00203514
0 0.210313 0.168889 0.0484375 0.035 0.00182438
7 0.250625 0.272778 0.010625 0.0261111 0.0018177
7 0.0544531 0.308889 0.00359375 0.0166667 0.00178242
0 0.755 0.0623611 0.0575 0.0266667 0.00172043
7 0.197188 0.226389 0.0075 0.0194444 0.0017004
2 0.123594 0.238056 0.00625 0.0327778 0.00168705
2 0.705 0.0314236 0.00499999 0.0117361 0.00167465
0 0.74625 0.0679167 0.04 0.0330556 0.0016613
0 0.9875 0.135556 0.0249999 0.0311111 0.00165462
0 0.426875 0.0744444 0.0175 0.0327778 0.00161076
3 0.235 0.135 0.00375001 0.0172222 0.00159168
5 0.450625 0.0344444 0.018125 0.0275 0.00158501
7 0.595625 0.0461806 0.00499999 0.0136111 0.00157356
0 0.0223633 0.240833 0.0198047 0.0266667 0.00157356
7 0.115313 0.253403 0.0142187 0.0365278 0.00157356
0 0.99 0.123611 0.0199999 0.0263889 0.00155449
2 0.79375 0.0359722 0.0175 0.0197222 0.00153637
7 0.7675 0.135556 0.00499999 0.015 0.00151253
0 0.00412109 0.421667 0.00824219 0.0672222 0.00149536
3 0.7325 0.116944 0.00750001 0.04 0.00147247
0 0.535625 0.0641493 0.0575 0.0630903 0.00144958
3 0.611563 0.0437326 0.00687497 0.0292014 0.00142097
5 0.0527734 0.223611 0.0191406 0.0255555 0.00138855
3 0.0147168 0.273611 0.00568359 0.0155556 0.00135612
7 0.218594 0.141111 0.00687501 0.0177778 0.00135612
7 0.0835938 0.289444 0.005625 0.0161111 0.00134087
7 0.0755078 0.263333 0.00406249 0.0177778 0.00129414
7 0.93375 0.237222 0.00625 0.0269444 0.00126934
0 0.9775 0.115278 0.00999997 0.0180555 0.0012064
7 0.0596875 0.292222 0.0059375 0.0227778 0.00119209
7 0.69625 0.0339583 0.00250003 0.0141667 0.00116062
7 0.725 0.0768056 0.00499999 0.0175 0.00112915
0 0.452188 0.0711111 0.053125 0.0452778 0.00110722
7 0.675 0.0613889 0.00249996 0.00888889 0.00108624
0 0.538438 0.0538194 0.0475 0.0481944 0.00108147
0 0.3725 0.0801389 0.03375 0.0505556 0.00107288
0 0.825625 0.0718056 0.0225 0.0216667 0.00101662
