0 0.93375 0.779444 0.1175 0.207778 0.95166
0 0.0503516 0.616667 0.100703 0.156667 0.946777
0 0.881875 0.548333 0.08375 0.156667 0.939941
0 0.726875 0.372778 0.1275 0.0911111 0.939941
0 0.0479688 0.343889 0.0642188 0.0755556 0.936523
0 0.891875 0.512778 0.17 0.134444 0.933105
0 0.79125 0.298611 0.0725 0.0616667 0.931152
0 0.973125 0.316944 0.05375 0.0716667 0.925781
0 0.349688 0.2975 0.053125 0.065 0.921875
0 0.964375 0.927778 0.07125 0.142222 0.921387
0 0.0924219 0.537639 0.0840625 0.144722 0.919434
0 0.918125 0.644444 0.13125 0.148889 0.91748
0 0.0407031 0.497778 0.0814063 0.111111 0.906738
3 0.170625 0.547639 0.02 0.131389 0.906738
0 0.516875 0.250833 0.03625 0.0583333 0.905273
0 0.930625 0.475 0.13875 0.11 0.905273
0 0.723125 0.280833 0.0425 0.0577778 0.899902
0 0.69375 0.2175 0.03 0.05 0.870605
0 0.42625 0.229861 0.03125 0.0463889 0.859863
0 0.41125 0.248472 0.0325 0.0463889 0.852051
0 0.956563 0.428333 0.086875 0.0966667 0.84375
0 0.395938 0.264444 0.03625 0.0505556 0.841797
0 0.371563 0.282222 0.035 0.0566667 0.831055
6 0.152031 0.372222 0.0390625 0.0977778 0.822266
0 0.71125 0.267153 0.035 0.05125 0.743164
0 0.529375 0.145694 0.015 0.0194444 0.741699
0 0.44375 0.205556 0.024375 0.0422222 0.720215
0 0.485625 0.169028 0.018125 0.0286111 0.700684
0 0.703125 0.239444 0.035 0.0544444 0.695801
0 0.47 0.180972 0.01875 0.0341667 0.6875
0 0.53875 0.131667 0.01125 0.0213889 0.46875
0 0.0169238 0.716667 0.0337305 0.208889 0.359375
0 0.46 0.192639 0.01875 0.0316667 0.270508
0 0.67625 0.192083 0.025 0.0408333 0.105957
0 0.495625 0.159861 0.01375 0.0233333 0.0783691
0 0.695 0.224722 0.0275 0.0513889 0.0755615
0 0.706875 0.247083 0.03875 0.0513889 0.0448608
0 0.463438 0.188472 0.0175 0.0297222 0.0391846
0 0.54 0.128889 0.01375 0.0244444 0.0282135
0 0.97875 0.429444 0.0425 0.0955556 0.0173035
0 0.9825 0.420833 0.035 0.085 0.0142822
0 0.50375 0.151944 0.01375 0.0238889 0.0135345
0 0.99 0.411111 0.0199999 0.0744444 0.0105286
0 0.472188 0.1775 0.01875 0.0327778 0.0091629
0 0.66 0.163056 0.02 0.0258333 0.00894928
0 0.66125 0.16875 0.0225 0.0327778 0.00790405
0 0.478125 0.177222 0.0175 0.0283333 0.00598145
0 0.53625 0.135833 0.01125 0.0222222 0.00479126
0 0.90375 0.496667 0.17625 0.121111 0.00471878
0 0.9875 0.419444 0.0249999 0.0866667 0.00453949
0 0.533438 0.134861 0.0125 0.0219444 0.00379562
0 0.6625 0.164722 0.0175 0.0305556 0.00379562
0 0.565 0.0951389 0.00749995 0.0143056 0.00374985
0 0.98375 0.409444 0.0325 0.0722222 0.00359344
0 0.994375 0.301111 0.01125 0.0611111 0.00348282
3 0.9725 0.286667 0.0112501 0.0455556 0.00307465
0 0.985 0.309444 0.03 0.0666667 0.00302696
0 0.644844 0.145417 0.0178125 0.0211111 0.00293541
0 0.969375 0.411389 0.06125 0.0672222 0.00236893
0 0.452188 0.20125 0.0225 0.0402778 0.00214005
3 0.171563 0.268611 0.00875001 0.0494444 0.00201988
3 0.3775 0.256736 0.01625 0.0431944 0.00188255
0 0.65625 0.160139 0.02 0.0272222 0.00166798
0 0.99625 0.194722 0.00749995 0.085 0.00163555
0 0.505625 0.154167 0.014375 0.025 0.00159168
0 0.642656 0.142778 0.0146875 0.0230556 0.00138855
0 0.545625 0.124028 0.011875 0.02 0.00134087
0 0.555313 0.10375 0.00812499 0.0138889 0.00123501
0 0.00533203 0.450833 0.0106641 0.0938889 0.00121593
7 0.965 0.927778 0.07 0.14 0.00118351
0 0.985625 0.433889 0.02875 0.0961111 0.0011425
7 0.29875 0.212639 0.00874999 0.0302778 0.00107288
0 0.551875 0.115694 0.01 0.0136111 0.00104809
7 0.69 0.176111 0.00749995 0.0413889 0.00101185
