0 0.0441016 0.338056 0.0641406 0.0772222 0.95166
0 0.0475 0.610972 0.095 0.160278 0.946289
0 0.93 0.774444 0.11875 0.208889 0.944824
0 0.876875 0.543472 0.0825 0.155278 0.939941
0 0.8875 0.506944 0.17 0.132778 0.931152
0 0.97125 0.312222 0.0575 0.0722222 0.928223
0 0.345625 0.292222 0.05625 0.0644445 0.925781
0 0.91375 0.638333 0.13125 0.144444 0.925293
0 0.96375 0.926667 0.0725 0.144444 0.917969
0 0.0880469 0.530556 0.0829688 0.143333 0.911621
0 0.71875 0.275 0.045 0.0566666 0.907227
0 0.93 0.470556 0.14 0.109444 0.903809
0 0.0395898 0.490833 0.0791797 0.111667 0.892578
0 0.391875 0.257708 0.03625 0.0523611 0.887207
0 0.69 0.211806 0.0300001 0.0497222 0.875
0 0.422813 0.224167 0.030625 0.0472222 0.863281
0 0.366875 0.275556 0.035 0.0566667 0.858887
6 0.578125 0.182083 0.031875 0.0391667 0.856934
0 0.954688 0.426111 0.0906249 0.103333 0.839844
0 0.4075 0.243056 0.0325 0.0444444 0.835449
3 0.528438 0.294167 0.016875 0.0627778 0.827637
0 0.524688 0.141111 0.014375 0.0183333 0.804199
0 0.70875 0.259722 0.035 0.0566667 0.803223
0 0.7 0.233333 0.035 0.0516667 0.78418
0 0.47125 0.17375 0.02 0.0291667 0.700684
0 0.440625 0.201111 0.02625 0.0427778 0.644043
0 0.605313 0.1125 0.01125 0.0169444 0.537109
0 0.481875 0.160972 0.0175 0.0280555 0.525391
0 0.532813 0.127361 0.01125 0.0197222 0.359375
0 0.0155371 0.707778 0.0310352 0.202222 0.286133
0 0.67125 0.184722 0.025 0.0416667 0.128906
0 0.704375 0.238333 0.03375 0.0488889 0.122498
0 0.4375 0.205833 0.025 0.0436111 0.119995
0 0.599375 0.107569 0.0112501 0.0170833 0.0903931
0 0.599375 0.110868 0.0112501 0.0171528 0.0713501
0 0.695 0.228333 0.0275 0.0505556 0.0662231
0 0.604375 0.108542 0.01125 0.0181944 0.0632324
0 0.455625 0.18625 0.02125 0.0330556 0.0490417
0 0.70875 0.267778 0.03125 0.0466667 0.023468
0 0.46125 0.180278 0.014375 0.0283333 0.021286
0 0.611875 0.115833 0.009375 0.015 0.0167236
0 0.424688 0.217222 0.034375 0.0488889 0.0148392
2 0.6175 0.128611 0.00625 0.0216667 0.0145569
0 0.52 0.134722 0.01125 0.0191667 0.0128708
0 0.669375 0.180417 0.0225 0.04 0.0117798
0 0.99125 0.418889 0.0175 0.0855555 0.0112
0 0.660625 0.174583 0.02 0.0316667 0.0106125
0 0.993125 0.413056 0.0137499 0.0738889 0.0100098
0 0.6575 0.176667 0.0125 0.0294444 0.00978088
0 0.490625 0.153056 0.014375 0.0266667 0.00809479
0 0.63375 0.13 0.0137499 0.0227778 0.00679779
0 0.9875 0.430556 0.0249999 0.0988889 0.00661469
5 0.604063 0.078125 0.00500005 0.0118056 0.00540543
0 0.45375 0.191111 0.025625 0.0375 0.00494385
0 0.6225 0.115972 0.00999997 0.0169444 0.00479126
2 0.62625 0.129722 0.00812499 0.02 0.00457382
0 0.66 0.165417 0.02 0.0308333 0.00453949
0 0.635 0.136528 0.01125 0.0205556 0.00419998
0 0.98375 0.419722 0.0325 0.0844445 0.00387001
0 0.65625 0.161389 0.01875 0.0255556 0.00327301
0 0.615938 0.0979861 0.00750001 0.015 0.00314713
0 0.539688 0.127083 0.013125 0.0188889 0.00299263
0 0.994375 0.3025 0.01125 0.0677778 0.00296974
5 0.573125 0.0758333 0.00687497 0.0161111 0.00265312
3 0.74 0.205694 0.00999997 0.0375 0.00236893
5 0.62125 0.105556 0.009375 0.0194444 0.00226974
0 0.634375 0.126111 0.01375 0.0211111 0.00226021
0 0.65375 0.160278 0.015 0.0238889 0.00218201
0 0.393438 0.239028 0.03875 0.0391667 0.00212479
0 0.99625 0.287222 0.00749995 0.0711111 0.00130463
0 0.642656 0.13875 0.0146875 0.0244444 0.00118828
7 0.96375 0.927222 0.07125 0.143333 0.00117874
0 0.6475 0.156944 0.0125 0.0238889 0.00110722
0 0.53875 0.120799 0.01375 0.0239583 0.00109863
3 0.996875 0.685556 0.00624994 0.0844445 0.00101185
