0 0.044375 0.338056 0.0645313 0.0772222 0.949219
0 0.0477344 0.61125 0.0954688 0.159722 0.945801
0 0.93 0.774444 0.11875 0.208889 0.944824
0 0.876875 0.543333 0.0825 0.157778 0.938965
0 0.8875 0.5075 0.17 0.132778 0.931641
0 0.97125 0.312778 0.0575 0.0722222 0.928223
0 0.914375 0.638889 0.13125 0.145556 0.925781
0 0.345 0.292778 0.055 0.0644444 0.918457
0 0.96375 0.926667 0.0725 0.145556 0.915527
0 0.0878906 0.530278 0.0845313 0.141667 0.912598
0 0.551563 0.171389 0.023125 0.0366667 0.906738
0 0.71875 0.275556 0.04375 0.0561111 0.903809
0 0.93 0.471111 0.14 0.11 0.901855
0 0.0394141 0.491111 0.0788281 0.111111 0.893066
0 0.391875 0.257708 0.03625 0.05125 0.879883
0 0.69 0.211806 0.0300001 0.0497222 0.870605
0 0.367188 0.276111 0.035625 0.0566667 0.864258
0 0.407813 0.243333 0.031875 0.0455556 0.855957
0 0.423125 0.224167 0.03125 0.0461111 0.849121
0 0.709375 0.260278 0.0375 0.0561111 0.836426
0 0.954688 0.426111 0.0906249 0.103333 0.835449
0 0.525625 0.141111 0.015 0.0197222 0.813965
0 0.605625 0.115799 0.0112501 0.0150695 0.808105
0 0.7 0.233333 0.0325 0.0522222 0.788086
0 0.440313 0.201528 0.02625 0.0425 0.658203
2 0.48125 0.198056 0.01 0.0344445 0.642578
0 0.47125 0.177778 0.02125 0.0355556 0.567871
0 0.481563 0.159444 0.0175 0.03 0.453369
0 0.535 0.127639 0.01125 0.0194444 0.428223
0 0.67125 0.184722 0.0237501 0.0411111 0.196167
0 0.5325 0.127361 0.010625 0.0175 0.105957
0 0.437188 0.205556 0.024375 0.0427778 0.0758667
0 0.0155371 0.708333 0.0309961 0.208889 0.0678101
0 0.456563 0.186389 0.02125 0.0327778 0.0467224
0 0.99375 0.413611 0.0124999 0.075 0.0201721
0 0.490625 0.151667 0.015 0.0283333 0.0187683
0 0.99125 0.418333 0.0175 0.0844445 0.0182648
0 0.460625 0.183611 0.020625 0.0338889 0.0177155
0 0.708125 0.266944 0.03125 0.0483333 0.016922
0 0.540625 0.128056 0.01125 0.0177778 0.0164642
0 0.988125 0.428889 0.02375 0.0988889 0.0143356
0 0.52 0.137222 0.0125 0.0205556 0.0115051
0 0.66125 0.173889 0.02 0.0322222 0.0109482
0 0.6125 0.116111 0.00750001 0.0152778 0.0107346
0 0.658125 0.176389 0.0125 0.0305556 0.0085144
0 0.98375 0.419444 0.0325 0.0844444 0.00561905
0 0.65375 0.157778 0.0175 0.0261111 0.00432968
0 0.635625 0.139583 0.00999997 0.0172222 0.00403976
0 0.54 0.120833 0.0112501 0.0202778 0.00338936
0 0.659375 0.166806 0.02 0.0336111 0.00329781
3 0.74 0.205833 0.00749995 0.0361111 0.00325966
2 0.48375 0.197222 0.0175 0.0372222 0.00317192
0 0.995 0.299444 0.00999997 0.07 0.00269318
0 0.455625 0.1925 0.0225 0.0372222 0.00254059
0 0.426875 0.219167 0.0425 0.0536111 0.0024929
0 0.965 0.408889 0.06875 0.0755556 0.0019722
0 0.4725 0.168889 0.01875 0.0338889 0.00191212
0 0.622188 0.116944 0.009375 0.0138889 0.0016613
0 0.9725 0.397778 0.04 0.0522222 0.00159168
0 0.45125 0.187222 0.02 0.0383333 0.00151253
0 0.99625 0.286944 0.00749995 0.0694444 0.00142097
0 0.648125 0.15625 0.01375 0.0236111 0.00139904
5 0.5125 0.0847222 0.1175 0.119444 0.00131512
0 0.00626465 0.464167 0.0124902 0.0733333 0.00129986
3 0.82875 0.271042 0.0137499 0.102361 0.00128937
0 0.606563 0.120278 0.01 0.0175 0.00127411
0 0.501875 0.138889 0.0125 0.0227778 0.00126457
0 0.490938 0.142778 0.0125 0.025 0.00124454
7 0.96375 0.926667 0.07125 0.144444 0.00123024
0 0.633438 0.126944 0.011875 0.0177778 0.0011425
0 0.6425 0.141111 0.015 0.0227778 0.0011158
0 0.635313 0.126111 0.011875 0.0205556 0.00104046
0 0.616563 0.105417 0.00749995 0.0180556 0.00103188
0 0.551875 0.102778 0.00874996 0.0127778 0.00102806
