0 0.55625 0.431111 0.115 0.106111 0.95166
0 0.93375 0.78 0.11625 0.208889 0.95166
0 0.05 0.616667 0.1 0.157778 0.946777
0 0.881875 0.547639 0.08375 0.155833 0.94043
0 0.048125 0.343333 0.0646875 0.0766667 0.937988
0 0.207031 0.460278 0.135625 0.127222 0.937988
0 0.79125 0.298889 0.0725 0.0622222 0.933594
0 0.8925 0.512222 0.17 0.134444 0.930176
0 0.97375 0.316944 0.0525 0.0722222 0.927246
0 0.965 0.928889 0.07 0.14 0.920898
0 0.0927344 0.536806 0.0835938 0.144167 0.919434
0 0.9175 0.643889 0.1325 0.147778 0.918457
0 0.349375 0.297778 0.054375 0.0644445 0.917969
6 0.349297 0.515278 0.122656 0.138333 0.909668
0 0.930625 0.475 0.13875 0.11 0.904785
0 0.0410938 0.497778 0.0821875 0.108889 0.90332
0 0.723125 0.280278 0.0425 0.0577778 0.901855
0 0.503125 0.259375 0.04375 0.0790278 0.881836
0 0.69375 0.217639 0.03 0.0502778 0.870605
0 0.426875 0.229722 0.03125 0.0466667 0.862305
0 0.41125 0.248333 0.03125 0.0461111 0.85791
0 0.395625 0.263889 0.035 0.0511111 0.837402
0 0.956875 0.429167 0.08625 0.0994444 0.831055
0 0.37125 0.282222 0.035 0.0572222 0.82666
0 0.71125 0.2675 0.035 0.0505556 0.757812
0 0.70375 0.239167 0.035 0.0538889 0.71875
0 0.444063 0.205833 0.02375 0.0427778 0.715332
0 0.470313 0.181528 0.02 0.0338889 0.680664
0 0.53 0.145833 0.015 0.0194444 0.675781
0 0.48625 0.169167 0.01875 0.0275 0.654785
0 0.53875 0.1325 0.01125 0.0205556 0.458984
0 0.017041 0.719444 0.0339648 0.211111 0.432129
0 0.67625 0.191111 0.02375 0.04 0.147583
0 0.605625 0.0966667 0.00749995 0.0116667 0.126831
0 0.526875 0.144167 0.015 0.0211111 0.112427
0 0.695 0.225278 0.0275 0.05 0.0946655
0 0.505 0.151528 0.013125 0.0225 0.0518494
0 0.564375 0.0959722 0.00750001 0.0136111 0.0254669
0 0.460938 0.190139 0.015 0.0366667 0.0249939
0 0.538438 0.126667 0.00999997 0.0205556 0.0205688
0 0.706875 0.246667 0.04 0.0522222 0.019165
0 0.4775 0.177778 0.0175 0.0288889 0.0155411
0 0.98875 0.411111 0.0225 0.0733333 0.0139542
0 0.540625 0.127083 0.013125 0.0216667 0.0123825
7 0.298281 0.214306 0.00718749 0.0238889 0.0118713
0 0.535625 0.136389 0.01125 0.0216667 0.0118256
0 0.9825 0.420556 0.035 0.0855555 0.0100937
3 0.74 0.204722 0.00625 0.0338889 0.00955963
3 0.375938 0.256736 0.01375 0.0420833 0.00831604
0 0.554688 0.104931 0.00812499 0.0140278 0.00658798
0 0.324375 0.492222 0.069375 0.09 0.0064621
0 0.53375 0.134167 0.011875 0.02 0.00598145
0 0.552188 0.114028 0.00875003 0.0141667 0.00591278
0 0.66375 0.171944 0.02 0.0322222 0.00566483
0 0.545 0.126806 0.01125 0.0183333 0.00477219
0 0.98375 0.408611 0.0325 0.0694444 0.00460815
0 0.65875 0.163472 0.02125 0.0297222 0.00391388
0 0.970625 0.43 0.05875 0.0977778 0.00332451
0 0.66375 0.166111 0.0175 0.0288889 0.00329781
3 0.680625 0.211667 0.0137499 0.0416667 0.00322342
0 0.644375 0.146111 0.01375 0.02 0.00302696
2 0.99625 0.18625 0.00749995 0.0744444 0.00302696
0 0.97125 0.410278 0.0575 0.0666667 0.00291252
3 0.171563 0.265556 0.008125 0.0494444 0.00242424
0 0.65625 0.161667 0.01875 0.0272222 0.00235939
3 0.69625 0.159861 0.00500005 0.0255556 0.0019722
3 0.66 0.178056 0.0125 0.0316667 0.00178242
3 0.6725 0.159444 0.00750001 0.0205556 0.00173378
3 0.332188 0.497222 0.025625 0.0644445 0.00168705
3 0.695 0.166667 0.00499999 0.0211111 0.00163555
0 0.70125 0.226111 0.03375 0.045 0.00161648
7 0.690625 0.169306 0.00625 0.0272222 0.0015974
0 0.00602539 0.451667 0.0120508 0.0927778 0.00158501
3 0.175 0.266389 0.0115625 0.0544444 0.00155449
0 0.6425 0.143333 0.0125 0.0216667 0.00145531
3 0.625938 0.131944 0.00500005 0.015 0.00141048
0 0.010459 0.466667 0.0208789 0.0755556 0.00136662
0 0.480625 0.1625 0.01375 0.0255555 0.00135612
3 0.70375 0.166806 0.00499999 0.0336111 0.00130939
7 0.965 0.928333 0.07 0.138889 0.00116062
0 0.98125 0.3125 0.0374999 0.0711111 0.00115108
0 0.399688 0.251667 0.041875 0.0566667 0.00115108
0 0.00420898 0.443333 0.00841797 0.105556 0.00107288
0 0.505625 0.154722 0.015 0.0255556 0.00105667
