0 0.9325 0.777778 0.11875 0.208889 0.950195
0 0.0462109 0.340556 0.0641406 0.0788889 0.946289
0 0.0488281 0.614444 0.0976563 0.157778 0.943848
0 0.56875 0.293889 0.058125 0.0777778 0.938477
0 0.88 0.547222 0.0825 0.158889 0.9375
0 0.789375 0.296667 0.07375 0.0622222 0.933594
0 0.9725 0.315556 0.055 0.07 0.932129
0 0.89 0.510556 0.17 0.134444 0.931152
0 0.72125 0.278056 0.0425001 0.0572222 0.922363
5 0.555625 0.646111 0.15375 0.316667 0.922363
0 0.0906055 0.534444 0.0850391 0.143333 0.920898
0 0.91625 0.641667 0.1325 0.146667 0.918457
0 0.347188 0.295556 0.054375 0.0644444 0.917969
0 0.96375 0.927778 0.07125 0.142222 0.909668
0 0.93 0.473611 0.14 0.111667 0.901367
0 0.039668 0.495556 0.079336 0.111111 0.899902
3 0.170586 0.499167 0.0244531 0.122778 0.898926
0 0.69125 0.213889 0.03 0.0486111 0.896973
0 0.47875 0.222083 0.03125 0.0422222 0.885742
0 0.410313 0.246111 0.031875 0.045 0.875
0 0.424688 0.227083 0.031875 0.0480556 0.864258
0 0.394375 0.261944 0.03625 0.0511111 0.863281
0 0.37 0.279722 0.035 0.0583333 0.85791
6 0.624375 0.223889 0.0237501 0.05 0.833496
0 0.955625 0.427222 0.08875 0.0988889 0.822266
0 0.7 0.235139 0.0325 0.0502778 0.794434
0 0.71 0.264375 0.035 0.0545833 0.786621
0 0.485 0.165556 0.01875 0.0283333 0.756348
0 0.443125 0.203472 0.02375 0.0408333 0.692871
0 0.5275 0.144444 0.015 0.02 0.680664
0 0.538125 0.129861 0.011875 0.0197222 0.645996
0 0.477188 0.174722 0.01625 0.0272222 0.42627
0 0.495625 0.155278 0.015 0.0244445 0.224731
0 0.475 0.176944 0.02 0.0305556 0.216064
0 0.0160352 0.721111 0.0319922 0.222222 0.182983
0 0.673125 0.186667 0.02375 0.04 0.105225
0 0.695 0.232917 0.0275 0.0508333 0.102661
0 0.45875 0.190833 0.01875 0.0327778 0.0510864
0 0.540625 0.123889 0.0125 0.0233333 0.0423889
3 0.168438 0.266667 0.00625 0.0461111 0.0352783
0 0.46625 0.18625 0.015625 0.0336111 0.0274811
3 0.9325 0.293056 0.00750001 0.0561111 0.0184326
0 0.561875 0.103194 0.00749995 0.0125 0.0125732
0 0.623125 0.219722 0.023125 0.0477778 0.0103302
0 0.4975 0.152361 0.0175 0.0225 0.00985718
0 0.9825 0.408333 0.035 0.0705555 0.00912476
0 0.99125 0.410556 0.0175 0.0716667 0.00751877
0 0.96875 0.409444 0.0624999 0.0744444 0.00740433
0 0.53375 0.133472 0.0125 0.0197222 0.00725937
0 0.68125 0.202083 0.02 0.0363889 0.0064888
0 0.00493164 0.456667 0.00986328 0.0922222 0.00588989
0 0.00925781 0.467222 0.0184961 0.0822222 0.00553513
0 0.98625 0.427778 0.0275 0.0966667 0.00460815
0 0.00333496 0.454444 0.00666992 0.0816667 0.00429916
0 0.65875 0.177917 0.0112501 0.0322222 0.00382423
0 0.65875 0.167778 0.0175001 0.03 0.00341606
3 0.97 0.401389 0.03 0.055 0.00329781
3 0.175156 0.259375 0.00843751 0.06125 0.00282288
0 0.6525 0.159722 0.015 0.0261111 0.00235939
7 0.505625 0.905556 0.00625 0.0166667 0.00231361
0 0.625938 0.115 0.00687497 0.0111111 0.00226974
0 0.497813 0.150972 0.010625 0.0211111 0.00220871
1 0.58125 0.0833333 0.01 0.00888889 0.00219154
0 0.65875 0.163056 0.0199999 0.0291667 0.00216484
0 0.0115039 0.479444 0.0228516 0.0788889 0.00193405
0 0.71 0.245278 0.035 0.0494444 0.00191212
0 0.66625 0.176111 0.02 0.0377778 0.00161076
3 0.174375 0.252778 0.01125 0.0738889 0.00146675
7 0.690625 0.163333 0.00625 0.0216667 0.00130463
0 0.3975 0.251944 0.0425 0.0527778 0.0012846
3 0.355 0.243889 0.00874999 0.0422222 0.00127411
0 0.518125 0.139722 0.01 0.0177778 0.00126457
0 0.545 0.122778 0.014375 0.0222222 0.00121117
0 0.64 0.142083 0.0137499 0.0216667 0.00118828
0 0.460625 0.184722 0.02 0.0333333 0.00112438
0 0.632188 0.123333 0.00875003 0.0163889 0.0011158
3 0.9325 0.2725 0.0275 0.116111 0.00109863
0 0.646875 0.149583 0.0125 0.0219444 0.00105667
0 0.995625 0.191111 0.00874996 0.0788889 0.00100803
