0 0.9325 0.778333 0.1175 0.207778 0.950195
0 0.0464063 0.341111 0.0635938 0.0772222 0.945312
0 0.0494531 0.614444 0.0989063 0.157778 0.943359
0 0.88 0.547222 0.08375 0.157778 0.942871
0 0.789375 0.296944 0.07375 0.0627778 0.936523
0 0.89 0.510556 0.17 0.133333 0.931641
0 0.9725 0.315556 0.055 0.0711111 0.927246
0 0.3475 0.295556 0.05375 0.0644444 0.924316
0 0.96375 0.927778 0.0725 0.142222 0.923828
0 0.91625 0.642222 0.1325 0.146667 0.92041
0 0.72125 0.277847 0.0425001 0.0576389 0.918457
0 0.0911133 0.535 0.0840234 0.144444 0.918457
0 0.93 0.473333 0.14 0.111111 0.899902
0 0.0396289 0.496111 0.0792578 0.112222 0.891113
6 0.51125 0.313333 0.0575 0.0833333 0.888672
0 0.691875 0.214167 0.03 0.0483333 0.884277
3 0.146953 0.378056 0.0151563 0.0838889 0.876465
0 0.394063 0.261667 0.035625 0.0516667 0.863281
0 0.590625 0.136111 0.015 0.0194444 0.862305
0 0.410313 0.245833 0.03125 0.0444444 0.862305
0 0.425 0.227778 0.03125 0.0472222 0.861328
0 0.370313 0.279167 0.035 0.0572222 0.852051
0 0.955938 0.4275 0.088125 0.0983334 0.82666
0 0.700625 0.234722 0.0325 0.0494445 0.808105
0 0.484688 0.166111 0.01875 0.0263889 0.775879
0 0.71 0.263889 0.035 0.0544445 0.775879
0 0.5375 0.130556 0.0125 0.0211111 0.728027
0 0.528125 0.144722 0.015 0.0194444 0.728027
0 0.443125 0.203611 0.025 0.0413889 0.713867
0 0.47625 0.175556 0.016875 0.0272222 0.605957
0 0.458125 0.189722 0.0175 0.0316667 0.221313
0 0.0160547 0.718889 0.0320313 0.211111 0.189575
0 0.495938 0.155556 0.01375 0.0244445 0.149048
0 0.67375 0.186944 0.0225 0.0405556 0.11438
0 0.47125 0.179167 0.0175 0.0291667 0.11084
0 0.695 0.232222 0.0275 0.0477778 0.108948
3 0.169063 0.265833 0.00687501 0.0461111 0.0333252
0 0.540625 0.124583 0.0125 0.0197222 0.0241394
0 0.535 0.133333 0.015 0.0205556 0.02211
0 0.463125 0.186667 0.0175 0.0305556 0.0174408
0 0.98375 0.418611 0.0325 0.0816666 0.0107803
0 0.678125 0.196389 0.02125 0.0358333 0.00919342
0 0.498125 0.152222 0.016875 0.0241667 0.00912476
3 0.74 0.202639 0.00749995 0.0388889 0.00857544
0 0.4825 0.163333 0.0175 0.0227778 0.00748825
0 0.9625 0.456944 0.0749999 0.0811111 0.00677109
0 0.98625 0.428611 0.0275 0.0966667 0.00634003
0 0.66 0.165556 0.01875 0.0283333 0.00577545
0 0.99125 0.41 0.0175 0.07 0.00521851
0 0.966875 0.410556 0.06625 0.07 0.00471878
0 0.00463379 0.46 0.00926758 0.0855555 0.00403976
0 0.00952149 0.4675 0.0189844 0.0777778 0.00307465
0 0.561875 0.0984722 0.00812505 0.0119444 0.00298119
0 0.46 0.185278 0.0175 0.0330556 0.0029583
0 0.7075 0.253264 0.04 0.0545833 0.00286674
3 0.636563 0.140139 0.00812499 0.02 0.00261116
3 0.714375 0.183333 0.00750001 0.0222222 0.00257111
0 0.986875 0.406667 0.02625 0.0655555 0.00218201
0 0.983125 0.461111 0.03375 0.0822222 0.0020504
0 0.66 0.177778 0.0125 0.0316667 0.0019722
3 0.628438 0.126667 0.00687504 0.0183333 0.00184631
3 0.175313 0.263611 0.008125 0.0466667 0.00181007
0 0.397188 0.252778 0.041875 0.0511111 0.0017004
0 0.0126172 0.478889 0.0250781 0.0777778 0.0015974
3 0.145625 0.367778 0.015 0.0638889 0.00157928
3 0.35375 0.240278 0.00874999 0.0438889 0.00148964
0 0.665625 0.174444 0.0175 0.0372222 0.0014782
0 0.536875 0.136389 0.0125 0.0211111 0.0014267
0 0.516563 0.139306 0.01 0.0177778 0.00137234
2 0.626875 0.121111 0.00625 0.015 0.00136185
3 0.6275 0.130833 0.00687497 0.02 0.00133038
0 0.545 0.12125 0.014375 0.0202778 0.00131989
7 0.96375 0.927778 0.07 0.14 0.00130939
3 0.00317871 0.438611 0.00635742 0.0877778 0.00126457
0 0.656875 0.160972 0.01875 0.0269444 0.00124931
0 0.97875 0.31 0.0425 0.0622222 0.00116062
0 0.499375 0.149722 0.01 0.0211111 0.00112438
7 0.53125 0.838889 0.00562499 0.0166667 0.00102425
