0 0.0523828 0.621111 0.104297 0.156667 0.946777
0 0.93625 0.783333 0.11875 0.208889 0.946777
0 0.0517578 0.345833 0.0649219 0.0777778 0.934082
0 0.975 0.32 0.0499999 0.0733333 0.930176
0 0.0957813 0.54 0.084375 0.143333 0.929199
0 0.894375 0.515833 0.17 0.131667 0.928711
0 0.795 0.300833 0.075 0.0616667 0.927734
0 0.88375 0.552222 0.08375 0.156667 0.923828
0 0.920625 0.646111 0.13125 0.146667 0.922852
0 0.9675 0.931111 0.065 0.137778 0.922852
0 0.9325 0.480833 0.135 0.116111 0.903809
0 0.4 0.267222 0.035625 0.0516667 0.90332
0 0.373125 0.286389 0.0425 0.0594445 0.899902
0 0.72625 0.283889 0.0425 0.0577778 0.896484
0 0.555 0.18125 0.0225 0.0313889 0.884766
0 0.626875 0.166111 0.0175 0.0261111 0.876465
0 0.430625 0.233056 0.03 0.0461111 0.863281
0 0.6975 0.218889 0.03 0.0477778 0.862305
0 0.415 0.251389 0.0325 0.0472222 0.854004
0 0.9575 0.430833 0.08375 0.0972222 0.825684
5 0.560625 0.116667 0.0125 0.0222222 0.803223
0 0.70625 0.241944 0.035 0.0527778 0.773438
0 0.5325 0.150833 0.015625 0.0194444 0.769043
0 0.715 0.267778 0.0375 0.0566667 0.740234
0 0.448438 0.208889 0.026875 0.0427778 0.695801
0 0.474375 0.184167 0.02125 0.0361111 0.662109
0 0.48875 0.17125 0.018125 0.0308333 0.607422
5 0.878125 0.3875 0.155 0.163333 0.57959
6 0.515938 0.187222 0.01375 0.0308333 0.550781
0 0.542813 0.135833 0.0125 0.0188889 0.470703
0 0.0193066 0.713889 0.0386133 0.191111 0.457031
0 0.5875 0.0985417 0.00625 0.0120833 0.390381
4 0.87625 0.390556 0.15875 0.167778 0.286133
0 0.538125 0.14 0.01125 0.0172222 0.129883
6 0.86125 0.425 0.13 0.0811111 0.0755615
0 0.505938 0.153889 0.014375 0.0222222 0.0750122
0 0.46375 0.193333 0.01875 0.0361111 0.0705566
0 0.471875 0.187639 0.020625 0.0352778 0.0698242
6 0.534688 0.170278 0.01 0.02 0.0692749
0 0.673125 0.189583 0.02 0.0322222 0.0505066
6 0.875 0.429444 0.1575 0.0972222 0.0495911
0 0.535313 0.143056 0.0125 0.0202778 0.0440063
0 0.441875 0.216667 0.02375 0.0394444 0.0411377
0 0.526563 0.141667 0.01 0.0177778 0.0253754
3 0.109219 0.339444 0.00875 0.035 0.0207214
0 0.67625 0.196389 0.02 0.0355555 0.0184021
0 0.586875 0.0968056 0.00749995 0.0145833 0.0183716
0 0.71875 0.272708 0.035 0.0545833 0.0172424
0 0.508125 0.156667 0.01375 0.0227778 0.0167847
5 0.560625 0.112639 0.01375 0.0286111 0.0163422
0 0.65625 0.164722 0.01625 0.0230555 0.0153656
6 0.87625 0.378611 0.07 0.0527778 0.0132751
0 0.635625 0.131944 0.00750001 0.0161111 0.01297
0 0.71 0.268333 0.02625 0.0472222 0.0128708
3 0.93125 0.260625 0.01 0.0620833 0.011467
0 0.544063 0.126806 0.011875 0.0219444 0.0108566
0 0.875 0.378611 0.0675 0.0622222 0.0102081
0 0.63 0.126111 0.00874996 0.0147222 0.0100937
0 0.96125 0.417778 0.0775 0.0755556 0.00989532
5 0.561875 0.110243 0.0112501 0.0234028 0.00959778
2 0.8675 0.378333 0.05 0.0477778 0.00959778
0 0.95875 0.450556 0.0825 0.0783333 0.00901794
3 0.6525 0.162222 0.00999997 0.0233333 0.00894928
0 0.66375 0.168333 0.0175 0.0272222 0.00888062
0 0.50875 0.151667 0.01625 0.0227778 0.00757599
0 0.664375 0.175833 0.01875 0.0269444 0.00751877
5 0.87375 0.447222 0.1525 0.137778 0.00717545
0 0.92375 0.326667 0.06 0.0477778 0.00609589
0 0.68 0.203333 0.015 0.0322222 0.00559998
0 0.9175 0.341667 0.0725 0.0722222 0.00540543
2 0.85375 0.379444 0.025 0.0455556 0.00524139
0 0.716875 0.253889 0.0375 0.0566667 0.00508118
0 0.628125 0.135278 0.010625 0.0147222 0.00413513
3 0.645 0.154444 0.00625 0.02 0.00405502
0 0.545625 0.128611 0.01375 0.0194444 0.00367928
3 0.92875 0.258056 0.00999997 0.0611111 0.00355148
0 0.44125 0.212639 0.035 0.0530556 0.00340271
0 0.63375 0.122222 0.00749995 0.0138889 0.00322342
0 0.498125 0.163611 0.015 0.0255555 0.00314713
0 0.88875 0.380556 0.095 0.06 0.00300407
0 0.654375 0.161111 0.01375 0.0277778 0.00298119
3 0.9375 0.3075 0.0225 0.0516667 0.00273705
0 0.623125 0.113889 0.00625 0.0127778 0.0026722
0 0.595313 0.0801389 0.00375004 0.00916666 0.00255013
0 0.991875 0.415556 0.01625 0.0755555 0.00244331
0 0.0157129 0.603333 0.0313867 0.118889 0.00235939
6 0.88625 0.368889 0.09 0.0677778 0.00203514
0 0.6625 0.163611 0.02 0.0294444 0.00200272
0 0.9225 0.355278 0.07 0.0977778 0.00199509
7 0.365625 0.778333 0.00500002 0.0144444 0.00175476
0 0.584375 0.0827778 0.00499999 0.0130556 0.0017271
0 0.475 0.178056 0.02 0.0361111 0.0017271
0 0.0342773 0.589444 0.0685547 0.112222 0.0016613
5 0.6225 0.106528 0.00812499 0.0166667 0.00162315
5 0.8825 0.448056 0.165 0.243889 0.00160408
0 0.57625 0.0993056 0.00625 0.0119444 0.00152493
0 0.0238672 0.607778 0.0477344 0.133333 0.00152493
0 0.00303223 0.414444 0.00606445 0.0627778 0.0014782
3 0.695625 0.164722 0.00499999 0.0261111 0.00142097
0 0.60375 0.141667 0.00750001 0.0163889 0.00139427
3 0.975 0.333333 0.0325 0.0477778 0.00135136
3 0.926875 0.249722 0.00999997 0.0544444 0.00117874
0 0.90125 0.337778 0.035 0.0555556 0.00109863
0 0.24625 0.851111 0.09125 0.16 0.00104809
