0 0.0523438 0.621111 0.104375 0.157778 0.947754
0 0.93625 0.783333 0.1175 0.208889 0.946289
0 0.0517188 0.345833 0.065 0.0777778 0.935059
0 0.974375 0.32 0.05125 0.0711111 0.932617
0 0.775 0.358333 0.1225 0.0811111 0.932129
0 0.895 0.515 0.17 0.133333 0.931641
0 0.0957031 0.54 0.0845313 0.143333 0.930664
0 0.92125 0.645556 0.1325 0.146667 0.926758
0 0.88375 0.552222 0.085 0.156667 0.922363
0 0.968125 0.931111 0.06375 0.136667 0.917969
0 0.4 0.267292 0.03625 0.0520833 0.907227
0 0.933125 0.480556 0.13375 0.115556 0.903809
0 0.538438 0.215833 0.03 0.0422222 0.902832
0 0.373125 0.286389 0.0425 0.0588889 0.898926
0 0.72625 0.283889 0.0425 0.0572222 0.889648
0 0.795 0.299444 0.07375 0.0588889 0.889648
0 0.6975 0.219722 0.03 0.0488889 0.876465
0 0.430313 0.233333 0.03125 0.0472222 0.866211
0 0.414375 0.251111 0.031875 0.0461111 0.861328
0 0.5325 0.149444 0.015625 0.02 0.839844
0 0.9575 0.429167 0.0825 0.0961111 0.833496
0 0.70625 0.241111 0.035 0.0533333 0.751953
0 0.715 0.268333 0.0375 0.0572222 0.723145
0 0.448125 0.209444 0.0275 0.0436111 0.679199
0 0.474063 0.184444 0.021875 0.0361111 0.662109
0 0.489375 0.170278 0.0175 0.0305556 0.607422
0 0.542813 0.135833 0.011875 0.0183333 0.59082
0 0.582813 0.11691 0.010625 0.0161806 0.583008
0 0.0191895 0.714444 0.0383789 0.197778 0.569824
5 0.56 0.117812 0.0125 0.0199305 0.494141
0 0.559688 0.117361 0.011875 0.0194444 0.214722
0 0.95875 0.446667 0.08125 0.0788889 0.140869
0 0.464375 0.192778 0.01875 0.0366667 0.120422
0 0.4425 0.214444 0.02625 0.0427778 0.0648804
0 0.674375 0.19 0.0199999 0.0333333 0.0437012
0 0.501875 0.1575 0.0125 0.0233333 0.0354004
0 0.67625 0.193611 0.02125 0.0366667 0.0322266
0 0.533125 0.145833 0.015625 0.0244445 0.0305634
0 0.528438 0.144444 0.01125 0.0227778 0.0297546
0 0.4525 0.206944 0.0275 0.0425 0.0237732
0 0.535 0.140278 0.01375 0.0216667 0.0199127
0 0.49875 0.162778 0.015 0.0244444 0.0118713
0 0.71 0.268333 0.025 0.0477778 0.0114212
3 0.109688 0.338889 0.01 0.0355555 0.0110321
0 0.65625 0.164028 0.015 0.0244444 0.0102463
0 0.564688 0.105556 0.00625 0.0161111 0.0100555
0 0.669375 0.184722 0.02 0.0294444 0.00746155
0 0.664375 0.168889 0.0175 0.0288889 0.00723267
0 0.968125 0.416389 0.06375 0.0727778 0.00666809
0 0.47125 0.188056 0.02 0.0405556 0.005867
0 0.6725 0.186667 0.02 0.0355555 0.00547028
3 0.636875 0.150139 0.00625 0.0202778 0.00538635
0 0.665 0.176944 0.01875 0.0266667 0.0051384
0 0.68 0.1975 0.02 0.0338889 0.00479126
3 0.695625 0.166667 0.00499999 0.0244445 0.00457382
0 0.50625 0.156111 0.01375 0.0222222 0.00415039
3 0.6525 0.165 0.00999997 0.0227778 0.00405502
0 0.623438 0.113924 0.00625 0.0138194 0.00351143
0 0.7175 0.254444 0.0375 0.0561111 0.00349617
0 0.441563 0.213056 0.034375 0.0533334 0.00332451
0 0.475 0.179167 0.02 0.0372222 0.00321007
3 0.64625 0.1525 0.00749995 0.0216667 0.00317192
0 0.658125 0.162222 0.02 0.0266667 0.00314713
0 0.5475 0.129167 0.00750001 0.0144444 0.00309944
5 0.56 0.112222 0.01375 0.0277778 0.00283432
3 0.636563 0.131944 0.00687497 0.0163889 0.00282288
0 0.635 0.121528 0.00750001 0.0136111 0.00259018
0 0.99375 0.410556 0.0124999 0.0677778 0.00255013
3 0.376875 0.251389 0.01 0.0333333 0.0024147
0 0.510625 0.1525 0.01375 0.0205556 0.00219917
0 0.6625 0.164167 0.02 0.03 0.00209999
0 0.543125 0.125278 0.00999997 0.0183333 0.0018177
0 0.59375 0.0868056 0.00499999 0.0118056 0.00178242
0 0.630625 0.128333 0.00875003 0.0152778 0.00168705
3 0.705 0.17375 0.00499999 0.0261111 0.00158501
0 0.99125 0.416111 0.0175 0.0738889 0.00136662
5 0.623125 0.105278 0.00750001 0.0144444 0.0012846
7 0.18 0.275 0.0075 0.0355555 0.00114727
