0 0.0437598 0.338333 0.0637305 0.0777778 0.94873
0 0.93 0.775 0.1175 0.207778 0.946777
0 0.0473438 0.611667 0.0946875 0.157778 0.946289
0 0.87625 0.543472 0.0825 0.1575 0.938477
0 0.788125 0.294444 0.0737501 0.0622222 0.934082
0 0.97125 0.313056 0.0575 0.0722222 0.931641
0 0.888125 0.507778 0.17125 0.133333 0.929199
0 0.345938 0.292222 0.055 0.0655555 0.925293
0 0.914375 0.639444 0.13125 0.146667 0.924316
0 0.96375 0.926667 0.0725 0.144444 0.919434
0 0.0875781 0.530556 0.0848438 0.143333 0.918457
0 0.93 0.470556 0.14 0.11 0.905273
0 0.71875 0.275069 0.0425 0.0565278 0.90332
0 0.0392773 0.491111 0.0785547 0.111111 0.897461
0 0.69 0.212639 0.0300001 0.0491667 0.884766
0 0.392188 0.258056 0.035625 0.0511111 0.882324
0 0.423125 0.224444 0.03125 0.0472222 0.871582
0 0.367188 0.274375 0.035 0.0534722 0.859863
0 0.4075 0.243056 0.0325 0.0444444 0.858887
3 0.1925 0.377778 0.016875 0.0855555 0.837402
0 0.954688 0.426111 0.0906249 0.102778 0.834473
0 0.69875 0.234444 0.0325 0.0505555 0.796875
0 0.4725 0.173611 0.01875 0.0288889 0.775879
0 0.7075 0.260833 0.035 0.0555556 0.770508
0 0.4825 0.161111 0.0175 0.0277778 0.729492
0 0.44 0.200972 0.0275 0.0425 0.725098
0 0.525313 0.140139 0.014375 0.0208333 0.723145
6 0.1825 0.358889 0.04375 0.0805556 0.710449
0 0.181875 0.340556 0.044375 0.0533333 0.686035
5 0.5575 0.118611 0.10875 0.0580556 0.387695
2 0.623125 0.140694 0.00687497 0.0175 0.284668
0 0.0154199 0.711111 0.0307227 0.206667 0.253906
0 0.182188 0.353889 0.045 0.0766667 0.213379
0 0.457813 0.184306 0.018125 0.0308333 0.176147
5 0.588125 0.117257 0.04625 0.0521528 0.167236
0 0.67125 0.184583 0.0237501 0.0419444 0.137573
3 0.62125 0.141389 0.00562503 0.0213889 0.11676
0 0.695 0.23 0.0275 0.0488889 0.108582
0 0.5275 0.136389 0.0175 0.0222222 0.104858
5 0.573125 0.116111 0.0775 0.0544444 0.0803833
0 0.616875 0.100417 0.00875003 0.0133333 0.0648804
0 0.7075 0.267708 0.03 0.0456944 0.0367737
5 0.59875 0.119444 0.02375 0.0469444 0.0352783
3 0.189688 0.362222 0.026875 0.0711111 0.0273743
0 0.490625 0.150556 0.01375 0.025 0.026062
0 0.993125 0.411667 0.0137499 0.0711111 0.0181274
5 0.605 0.0756944 0.00625 0.0161111 0.0179901
4 0.550625 0.115833 0.09375 0.0533333 0.0172424
3 0.62375 0.143889 0.00625 0.0213889 0.0165253
0 0.624375 0.118611 0.00562503 0.015 0.0147858
0 0.990625 0.418611 0.0187499 0.0816666 0.0137939
0 0.5325 0.138889 0.01875 0.0177778 0.0133743
0 0.575 0.0844444 0.00437501 0.00944444 0.0130234
0 0.587188 0.1125 0.011875 0.0458333 0.0124817
6 0.635313 0.137917 0.009375 0.0227778 0.0122375
0 0.58625 0.132361 0.011875 0.0219444 0.0120087
0 0.988125 0.428333 0.02375 0.0966667 0.0111618
0 0.565938 0.0866667 0.00750001 0.0122222 0.0109024
5 0.60375 0.0720833 0.00625 0.0191667 0.00787354
0 0.561875 0.103333 0.0175001 0.0308333 0.00631332
0 0.42625 0.219444 0.04 0.0527778 0.00626373
3 0.74 0.205 0.00749995 0.0344445 0.00605011
5 0.603125 0.111806 0.014375 0.0386111 0.005867
4 0.5275 0.119028 0.0475 0.0475 0.00561905
5 0.545313 0.113333 0.13625 0.0663889 0.00561905
3 0.6325 0.13125 0.01125 0.0222222 0.00429916
3 0.6575 0.178056 0.00999997 0.03 0.00426483
0 0.659375 0.175833 0.01625 0.0322222 0.00388527
0 0.490625 0.143889 0.0125 0.0233333 0.00359344
0 0.620625 0.104653 0.01 0.0145833 0.00340271
0 0.65375 0.160278 0.0175 0.0261111 0.00340271
0 0.62 0.112361 0.013125 0.0202778 0.00332451
0 0.98375 0.417222 0.0325 0.0811111 0.00331116
0 0.995 0.3 0.00999997 0.0622222 0.00309944
0 0.980625 0.406667 0.03875 0.07 0.00298119
0 0.659375 0.165833 0.01875 0.0333333 0.00275803
0 0.9675 0.407778 0.065 0.0722222 0.00270462
0 0.635625 0.125556 0.01125 0.0216667 0.00254059
4 0.518438 0.11809 0.039375 0.0427083 0.00226974
0 0.464063 0.185278 0.01875 0.035 0.00211525
0 0.50375 0.138472 0.01 0.0186111 0.00208282
3 0.63625 0.144722 0.00750001 0.0227778 0.00199509
0 0.500313 0.147222 0.009375 0.0194444 0.00192642
0 0.58125 0.140972 0.02875 0.0213889 0.00192642
0 0.97375 0.396667 0.0375 0.0505556 0.0018177
0 0.641094 0.138611 0.0178125 0.0272222 0.00171375
0 0.495313 0.124444 0.00625 0.0166667 0.0014782
0 0.64625 0.150833 0.0112501 0.0244444 0.00143814
0 0.499688 0.146389 0.015625 0.0211111 0.00134563
0 0.520625 0.139306 0.01375 0.0191667 0.00132465
0 0.5675 0.128889 0.00874996 0.0255556 0.00124454
0 0.0122559 0.595 0.0244727 0.116667 0.00120163
0 0.471875 0.168194 0.0175 0.0316667 0.00117874
7 0.96375 0.927778 0.07 0.142222 0.00117397
0 0.00598633 0.463056 0.0119336 0.0716667 0.00109005
