0 0.320703 0.67 0.122344 0.22 0.955078
0 0.935 0.782222 0.1175 0.208889 0.948242
0 0.0515625 0.618889 0.103125 0.155556 0.947266
0 0.89375 0.514444 0.17 0.134444 0.934082
0 0.0508594 0.345 0.0642188 0.0777778 0.933594
0 0.3525 0.3 0.055 0.0644445 0.930176
0 0.88375 0.551111 0.085 0.156667 0.929199
0 0.96625 0.930556 0.0675 0.136667 0.928711
5 0.8875 0.298264 0.22375 0.195694 0.925293
0 0.0949219 0.540556 0.0839063 0.143333 0.921875
0 0.92 0.645556 0.1325 0.146667 0.918457
0 0.931875 0.478889 0.13625 0.113333 0.901367
0 0.725 0.282778 0.04375 0.0577778 0.897461
0 0.399375 0.265833 0.035 0.0516667 0.894043
0 0.0414844 0.501111 0.0829688 0.111111 0.888672
0 0.69625 0.218889 0.0300001 0.0488889 0.882324
0 0.42875 0.232222 0.03125 0.0472222 0.878418
0 0.9575 0.43 0.08375 0.102222 0.856934
0 0.374375 0.283889 0.03625 0.0572222 0.85498
0 0.41375 0.251597 0.033125 0.0468055 0.845703
0 0.53125 0.148333 0.01625 0.0205556 0.824219
0 0.78375 0.296389 0.0550001 0.0561111 0.759277
0 0.71375 0.267778 0.035 0.055 0.733887
0 0.705 0.241667 0.035 0.0505556 0.72168
0 0.488125 0.169722 0.018125 0.0311111 0.695801
0 0.4475 0.208611 0.02875 0.0444444 0.6875
0 0.473125 0.183611 0.02125 0.0372222 0.656738
0 0.541875 0.133333 0.0125 0.0211111 0.569824
5 0.5675 0.102917 0.00874996 0.0169444 0.474609
0 0.0184277 0.723333 0.0367773 0.206667 0.42627
0 0.53 0.145556 0.01625 0.0233333 0.143677
0 0.67875 0.194722 0.0225 0.0383333 0.10376
0 0.0134082 0.473611 0.0267773 0.0772222 0.0739746
0 0.50375 0.151944 0.01375 0.0233333 0.0663452
0 0.5425 0.127778 0.0125 0.0233333 0.0274811
0 0.804375 0.238611 0.04125 0.05 0.0269623
0 0.71 0.268819 0.0275 0.0468055 0.0267639
0 0.441563 0.214722 0.0275 0.0438889 0.0222931
0 0.79125 0.295 0.0625 0.0633333 0.0216217
0 0.551875 0.1175 0.00750001 0.015 0.0188293
0 0.535625 0.139444 0.0125 0.0216667 0.0147324
0 0.464375 0.191111 0.015 0.0372222 0.01297
0 0.544375 0.126944 0.0125 0.0194444 0.0125275
0 0.66875 0.183056 0.02 0.0288889 0.0112915
0 0.0133105 0.588889 0.0265039 0.142222 0.00997162
0 0.81 0.241389 0.0550001 0.0588889 0.0085144
0 0.796875 0.287778 0.03875 0.0555556 0.00790405
0 0.0198242 0.602361 0.0396484 0.135278 0.00605011
0 0.8075 0.277778 0.05875 0.0855556 0.00572968
0 0.0691406 0.861667 0.0432812 0.0522222 0.00568771
0 0.795625 0.304722 0.0425 0.0638889 0.00530243
0 0.665625 0.178333 0.02 0.03 0.00446701
0 0.71625 0.251111 0.04 0.055 0.00419998
5 0.586875 0.0847222 0.00625 0.0125 0.00400543
2 0.63625 0.133056 0.00687504 0.0172222 0.00370789
5 0.559063 0.103889 0.00999997 0.0172222 0.00365067
0 0.00938965 0.466944 0.0187012 0.085 0.00324821
5 0.566875 0.0993056 0.01125 0.0211111 0.00270462
0 0.504375 0.14625 0.01125 0.0244445 0.0026722
3 0.3675 0.224722 0.00750001 0.0486111 0.00254059
0 0.010625 0.539028 0.0211719 0.0908333 0.0024929
0 0.011709 0.498889 0.0232227 0.0788889 0.00230598
0 0.509375 0.148611 0.015 0.0222222 0.00226974
0 0.66 0.166389 0.01625 0.0288889 0.00216484
0 0.803125 0.258611 0.04625 0.0788889 0.00211525
3 0.37875 0.257778 0.01875 0.0455556 0.00194931
0 0.011875 0.56 0.02375 0.146667 0.00191879
0 0.99625 0.192778 0.00749995 0.0522222 0.00183868
0 0.665625 0.172639 0.01875 0.0325 0.0017271
0 0.64875 0.150278 0.01375 0.0222222 0.0017004
0 0.65375 0.158333 0.0125 0.0266667 0.00157928
0 0.660625 0.163889 0.02 0.03 0.00151253
0 0.9675 0.407222 0.065 0.0772222 0.00148392
5 0.595 0.0861111 0.00625 0.0122222 0.00139904
7 0.96625 0.93 0.0675 0.136667 0.00135612
3 0.69 0.170972 0.00749995 0.0286111 0.00127411
0 0.82875 0.272292 0.1075 0.132083 0.00123501
3 0.3675 0.219306 0.00625 0.0391667 0.00121117
6 0.7975 0.341667 0.045 0.0822222 0.00119686
4 0.839375 0.293819 0.12625 0.18125 0.0011158
0 0.625 0.114306 0.00625 0.0133333 0.00108624
3 0.63125 0.128889 0.00625 0.015 0.00108624
0 0.51125 0.144722 0.013125 0.0238889 0.00100803
