0 0.93625 0.784444 0.1175 0.213333 0.949219
0 0.0517969 0.62 0.103281 0.157778 0.948242
0 0.0512402 0.346111 0.0642383 0.0777778 0.935059
0 0.89375 0.515 0.17 0.134444 0.93457
0 0.97375 0.32 0.0525 0.0711111 0.932129
0 0.88375 0.552083 0.08375 0.158056 0.932129
0 0.0953906 0.539861 0.0846875 0.1425 0.928711
0 0.794375 0.301111 0.0737501 0.0622222 0.928223
0 0.9675 0.931111 0.065 0.137778 0.92627
0 0.92 0.645 0.13 0.145556 0.919434
0 0.9325 0.481111 0.135 0.117778 0.905762
0 0.399688 0.267222 0.035 0.0516667 0.905273
0 0.725 0.282778 0.0425 0.0566666 0.898926
0 0.522188 0.236667 0.0325 0.0455556 0.897461
0 0.3725 0.286111 0.0425 0.0588889 0.896973
0 0.593125 0.173889 0.02125 0.03 0.893066
0 0.696875 0.220139 0.02875 0.05 0.875
0 0.429375 0.233056 0.03125 0.0466667 0.873047
0 0.414063 0.251042 0.031875 0.0456944 0.864258
0 0.5325 0.148611 0.015625 0.0216667 0.84082
0 0.9575 0.430556 0.085 0.0977778 0.84082
0 0.488125 0.171111 0.01875 0.0305556 0.756348
0 0.705 0.240278 0.03375 0.0527778 0.73877
0 0.448125 0.209167 0.0275 0.0433333 0.700684
0 0.714375 0.267778 0.03625 0.055 0.689453
0 0.47375 0.184306 0.02125 0.0358333 0.679199
0 0.542188 0.13625 0.011875 0.0191667 0.600098
5 0.585 0.106806 0.00999997 0.0186111 0.422607
0 0.0189453 0.715556 0.0378516 0.2 0.399902
5 0.568438 0.104375 0.00875003 0.0173611 0.313965
0 0.551563 0.129444 0.00874996 0.0188889 0.124634
0 0.504063 0.154167 0.01375 0.0261111 0.102295
0 0.5525 0.121111 0.00875003 0.0133333 0.0772095
0 0.53625 0.140278 0.0125 0.0216667 0.0701904
0 0.6725 0.1875 0.02125 0.0322222 0.0531921
0 0.535938 0.143472 0.01 0.02 0.0394897
0 0.44125 0.214861 0.02375 0.0436111 0.0393372
0 0.6125 0.0880556 0.00750001 0.0115278 0.032959
3 0.36875 0.225694 0.00749998 0.0455556 0.0309143
5 0.580313 0.104444 0.015 0.0188889 0.0287628
3 0.375313 0.248056 0.01125 0.0394445 0.0285492
5 0.5825 0.0813889 0.00875003 0.0161111 0.0275879
0 0.527188 0.143611 0.01 0.0222222 0.0259552
0 0.67625 0.1925 0.0225 0.035 0.0258636
0 0.465 0.190972 0.01625 0.0377778 0.0254669
0 0.550938 0.125556 0.00875003 0.0175 0.0218658
3 0.108906 0.338611 0.01 0.0372222 0.0179138
0 0.70875 0.268611 0.025 0.0466667 0.0154266
0 0.70875 0.244167 0.0425001 0.0566667 0.0144501
0 0.383438 0.276667 0.04125 0.0533333 0.0130234
0 0.51 0.150278 0.01625 0.0227778 0.0113754
0 0.49875 0.160139 0.015 0.0275 0.00967407
0 0.68 0.19625 0.0175 0.0313889 0.00937653
0 0.470625 0.187639 0.01875 0.0402778 0.00898743
0 0.66125 0.165972 0.01875 0.0288889 0.00894928
0 0.665625 0.170833 0.01875 0.0283333 0.0088501
0 0.54375 0.128333 0.01125 0.0238889 0.00720596
2 0.635625 0.132361 0.00750001 0.0172222 0.00677109
0 0.9825 0.42 0.035 0.0805556 0.006073
7 0.179844 0.276111 0.0065625 0.0311111 0.00572968
0 0.665625 0.176111 0.01875 0.0277778 0.0055542
0 0.443125 0.213472 0.033125 0.0511111 0.0049057
0 0.630625 0.129167 0.00875003 0.0161111 0.00469971
0 0.9925 0.412222 0.015 0.0727778 0.00436401
3 0.374375 0.230417 0.011875 0.0558333 0.00376511
0 0.0133984 0.603333 0.0267969 0.115556 0.00337601
0 0.585 0.108889 0.00999997 0.0183333 0.00309944
0 0.00915527 0.606667 0.0183105 0.112222 0.00293541
0 0.97375 0.411389 0.05 0.0661111 0.00286674
5 0.568438 0.100486 0.011875 0.0245833 0.00242424
0 0.984375 0.409444 0.0312499 0.0644445 0.00234222
0 0.272031 0.757778 0.0128125 0.02 0.00197983
5 0.55875 0.104097 0.0106249 0.0215278 0.00192642
3 0.355625 0.229722 0.01 0.0966667 0.00150681
0 0.00311035 0.411111 0.0062207 0.0722222 0.00131512
0 0.501875 0.151667 0.01125 0.0238889 0.00130939
0 0.645625 0.149028 0.01125 0.0222222 0.00126457
0 0.61375 0.0868056 0.00750001 0.0122222 0.00119686
3 0.683125 0.155833 0.00625 0.015 0.00116062
0 0.595 0.0800694 0.00374997 0.0102778 0.00112057
0 0.98625 0.427222 0.0275 0.0922222 0.00112057
0 0.474375 0.178056 0.020625 0.0366667 0.00106907
3 0.368125 0.22 0.00749998 0.04 0.00101185
