0 0.0426563 0.334167 0.0642188 0.0766667 0.944824
0 0.0467188 0.606667 0.0932813 0.157778 0.944824
0 0.928125 0.772222 0.1175 0.208889 0.943848
0 0.773125 0.2925 0.06625 0.0627778 0.938477
0 0.87625 0.540556 0.0825 0.154444 0.9375
0 0.88625 0.505278 0.17 0.133889 0.931641
0 0.344063 0.288889 0.054375 0.0633333 0.92627
0 0.9125 0.635556 0.13125 0.143333 0.922363
0 0.0895313 0.526111 0.0782812 0.141111 0.918945
0 0.970625 0.311111 0.05875 0.0711111 0.918457
0 0.929375 0.468889 0.14125 0.11 0.913086
0 0.9625 0.926667 0.0725 0.144444 0.908691
0 0.7175 0.272847 0.0425 0.0565278 0.906738
0 0.0378516 0.486389 0.0757031 0.106111 0.866211
2 0.66625 0.273403 0.015 0.05875 0.856934
0 0.389688 0.255278 0.036875 0.0511111 0.850098
0 0.36625 0.273056 0.03375 0.0572222 0.849121
0 0.68875 0.209444 0.02875 0.0494444 0.833496
0 0.954375 0.424444 0.09125 0.104444 0.819824
0 0.523438 0.138333 0.015625 0.0205556 0.816406
0 0.420625 0.222222 0.03125 0.0444444 0.810547
0 0.706875 0.257778 0.03625 0.0555556 0.805664
0 0.401563 0.240694 0.03 0.0480556 0.794434
0 0.43875 0.197917 0.0275 0.0430556 0.730957
0 0.611562 0.115972 0.01125 0.0152778 0.715332
0 0.470313 0.171389 0.01875 0.0288889 0.67041
0 0.479063 0.160556 0.0175 0.0277778 0.588867
6 0.99 0.33 0.0199999 0.0677778 0.588867
0 0.701875 0.234444 0.035 0.05 0.503906
5 0.593125 0.101528 0.0125 0.0208333 0.403564
0 0.5325 0.124583 0.01125 0.02 0.381104
2 0.80875 0.266667 0.0225 0.0716667 0.312256
0 0.99 0.327778 0.0199999 0.0733333 0.273682
0 0.0144727 0.566667 0.0289453 0.0966666 0.230957
0 0.012002 0.577222 0.0240039 0.12 0.208862
0 0.5275 0.126944 0.01 0.0172222 0.193115
0 0.0108496 0.56 0.0215039 0.0933333 0.190063
0 0.5925 0.0981944 0.0125 0.0204167 0.15918
3 0.81 0.265833 0.0225 0.0694444 0.158203
0 0.670625 0.183333 0.0225 0.0394444 0.138916
0 0.693125 0.223889 0.02875 0.05 0.0869141
0 0.459688 0.180278 0.02 0.0311111 0.0812378
0 0.583125 0.0783333 0.00750001 0.0127778 0.072876
0 0.0152246 0.692222 0.0304102 0.171111 0.0545959
0 0.455625 0.181944 0.019375 0.0333333 0.0522461
2 0.804375 0.268403 0.03125 0.0720833 0.0453491
0 0.69625 0.229444 0.03375 0.0494444 0.0343628
0 0.99 0.428333 0.0199999 0.0988889 0.0330811
0 0.99 0.299722 0.0199999 0.0561111 0.0313721
0 0.590625 0.100972 0.0125 0.0188889 0.03125
0 0.98625 0.302222 0.0275 0.0566666 0.0307922
3 0.93 0.299167 0.00999997 0.0472222 0.0302124
0 0.489063 0.150833 0.01625 0.0294444 0.026062
0 0.99125 0.41 0.0175 0.0833333 0.026062
0 0.613438 0.098125 0.00812505 0.0151389 0.0224609
0 0.668125 0.180139 0.02125 0.0391667 0.0216217
0 0.659375 0.174444 0.02 0.03 0.0189819
0 0.60625 0.0779167 0.00625 0.0122222 0.0155411
0 0.0207617 0.570972 0.0413672 0.0869445 0.0155411
3 0.665 0.273611 0.015 0.0505556 0.0150757
0 0.65625 0.176111 0.0125 0.0288889 0.0147858
0 0.655 0.160556 0.01875 0.025 0.0104065
0 0.985625 0.418333 0.02875 0.0844445 0.0103302
0 0.983125 0.428333 0.03375 0.101111 0.00985718
0 0.0106445 0.515556 0.0211328 0.0888889 0.0088501
0 0.7075 0.269167 0.03125 0.0488889 0.00844574
0 0.6725 0.189444 0.02 0.0394445 0.00740433
0 0.0113574 0.545556 0.0227148 0.137778 0.00679779
0 0.634375 0.132222 0.015 0.0236111 0.00591278
0 0.66 0.165 0.02 0.0311111 0.00559998
0 0.636563 0.136389 0.013125 0.0216667 0.00494385
0 0.641875 0.139722 0.01375 0.025 0.00445175
0 0.45875 0.17375 0.025 0.0363889 0.00436401
0 0.481563 0.15875 0.018125 0.0269444 0.00436401
0 0.435313 0.206944 0.025 0.0405556 0.00413513
5 0.60375 0.0708333 0.00625 0.0191667 0.00407028
2 0.597188 0.137222 0.00625 0.02 0.00407028
0 0.64625 0.149861 0.01625 0.0266667 0.00351143
5 0.59625 0.0646528 0.00500005 0.0129167 0.00301552
3 0.73875 0.204444 0.00750001 0.0361111 0.0027256
0 0.5425 0.105208 0.00874996 0.0170833 0.00252151
0 0.4875 0.147222 0.01375 0.0272222 0.00243378
0 0.61125 0.119167 0.01125 0.0188889 0.00219917
0 0.49875 0.145833 0.015 0.0241667 0.00214005
0 0.53125 0.126667 0.010625 0.0216667 0.00201035
0 0.611875 0.0952778 0.00999997 0.0175 0.0019722
0 0.0052832 0.455556 0.0105664 0.0733333 0.00191879
0 0.446875 0.19 0.02375 0.0422222 0.00182438
0 0.99 0.395278 0.0199999 0.0805556 0.00160408
3 0.167969 0.268889 0.00625 0.0333333 0.00160408
0 0.00783203 0.459167 0.0156641 0.0794445 0.00158501
2 0.795625 0.280556 0.03 0.06 0.00150108
3 0.695625 0.174167 0.00625 0.0272222 0.00143242
0 0.384375 0.250833 0.04625 0.0594444 0.00141048
3 0.73625 0.200972 0.00750001 0.0327778 0.00135612
0 0.496875 0.14125 0.018125 0.025 0.00131512
0 0.516563 0.1225 0.010625 0.0183333 0.00126457
0 0.621875 0.117778 0.01125 0.015 0.00126457
0 0.538438 0.119583 0.014375 0.0216667 0.00119686
0 0.633125 0.126111 0.01375 0.0211111 0.00109863
3 0.725625 0.195 0.00499999 0.0325 0.00106525
7 0.0466406 0.607222 0.0923438 0.156667 0.00100803
