0 0.935625 0.782222 0.1175 0.206667 0.949707
0 0.0516016 0.62 0.103203 0.157778 0.948242
0 0.0509375 0.345833 0.064375 0.0783333 0.935547
0 0.88375 0.551111 0.08375 0.156667 0.934082
0 0.89375 0.515 0.17 0.133333 0.934082
0 0.974375 0.319444 0.05125 0.0711111 0.932617
0 0.3525 0.300278 0.055 0.0644445 0.928711
0 0.92 0.645556 0.13125 0.146667 0.923828
0 0.966875 0.93 0.06625 0.137778 0.923828
0 0.79375 0.300833 0.07375 0.0622222 0.919434
0 0.0949219 0.54 0.08375 0.143333 0.919434
0 0.512812 0.284167 0.043125 0.0605555 0.913574
0 0.399375 0.266736 0.035 0.0509722 0.908203
0 0.9325 0.479444 0.135 0.114444 0.904785
0 0.725625 0.283611 0.0425 0.0572222 0.894043
0 0.0420313 0.501667 0.0840625 0.112222 0.893066
0 0.696875 0.218611 0.02875 0.0494445 0.881836
0 0.429063 0.2325 0.03125 0.0472222 0.861328
0 0.41375 0.251667 0.0325 0.0472222 0.856934
6 0.85 0.361667 0.0425 0.0933333 0.853516
0 0.374375 0.284444 0.03625 0.0566667 0.849121
0 0.9575 0.430556 0.08375 0.0983333 0.84375
0 0.53125 0.149167 0.01625 0.0205556 0.827637
3 0.201875 0.320556 0.0125 0.07 0.803223
0 0.705 0.241667 0.035 0.0505556 0.737305
0 0.71375 0.267708 0.0375 0.0556944 0.73584
0 0.48875 0.170694 0.01875 0.0302778 0.720215
0 0.541563 0.135 0.011875 0.0191667 0.672363
0 0.473438 0.183889 0.02125 0.0361111 0.660156
0 0.4475 0.20875 0.02875 0.0444444 0.654785
5 0.5675 0.103611 0.00874996 0.0172222 0.631836
0 0.0186426 0.724444 0.0372461 0.208889 0.327637
0 0.58625 0.10125 0.00687504 0.0116667 0.300781
0 0.67875 0.195556 0.0225 0.0366667 0.133911
0 0.504375 0.153333 0.01375 0.0244444 0.117554
0 0.538438 0.136944 0.010625 0.0194444 0.0970459
0 0.529063 0.145833 0.014375 0.0238889 0.0680542
0 0.44125 0.214167 0.0275 0.0444444 0.0289764
0 0.6775 0.190278 0.025 0.0305556 0.0212097
0 0.71 0.268958 0.0275 0.0476389 0.0200958
0 0.0037207 0.435556 0.00744141 0.101111 0.0166626
2 0.63625 0.131389 0.00687504 0.0161111 0.0145035
0 0.67125 0.184306 0.0199999 0.0302778 0.0138474
0 0.464375 0.191111 0.015625 0.0372222 0.0136337
0 0.551563 0.118056 0.00812499 0.0127778 0.0131226
0 0.543125 0.127222 0.0125 0.0227778 0.0130692
0 0.537188 0.138333 0.00999997 0.02 0.0113754
0 0.00884766 0.457222 0.0176758 0.0933333 0.0110703
0 0.8525 0.331667 0.0425 0.0366666 0.0107803
0 0.0126367 0.474444 0.0251953 0.0777778 0.0102081
0 0.54625 0.123889 0.0106249 0.0177778 0.00579834
3 0.6575 0.167222 0.0125 0.03 0.00575256
0 0.6675 0.178056 0.02 0.0294444 0.00566483
3 0.65 0.165556 0.00499999 0.0238889 0.00566483
0 0.47125 0.187222 0.02 0.0411111 0.00436401
0 0.0108984 0.606667 0.0217969 0.122222 0.00432968
0 0.70875 0.244444 0.04375 0.0588889 0.00416565
0 0.98375 0.42 0.0325 0.0811111 0.00408554
3 0.970625 0.265486 0.00750001 0.0356944 0.00352478
3 0.204063 0.32 0.014375 0.0755556 0.00340271
5 0.566875 0.100278 0.00999997 0.0213889 0.00335121
0 0.71625 0.251667 0.04 0.0555556 0.00335121
0 0.9925 0.411944 0.015 0.0733333 0.00312424
5 0.586875 0.0863194 0.00749995 0.0141667 0.00281143
0 0.509375 0.149722 0.01375 0.0222222 0.00274658
0 0.623125 0.114167 0.00625 0.0141667 0.00225258
3 0.108281 0.336667 0.0145312 0.0511111 0.00202751
0 0.99 0.420278 0.0199999 0.0877778 0.00189686
0 0.629688 0.128333 0.00750001 0.0155555 0.00181007
0 0.0138086 0.493056 0.0275 0.085 0.00176811
0 0.499375 0.16 0.015 0.0266667 0.0015974
5 0.55875 0.103611 0.00999997 0.0163889 0.00148964
3 0.656875 0.180417 0.00499999 0.0238889 0.00145531
0 0.0196094 0.478611 0.0392188 0.0783333 0.00144386
6 0.85375 0.330556 0.0449999 0.0394445 0.00130463
0 0.989375 0.580139 0.02125 0.0908334 0.00113392
0 0.685625 0.210556 0.02375 0.04 0.00112057
0 0.66125 0.164306 0.02 0.0316667 0.00106907
5 0.6225 0.107361 0.00875003 0.0230556 0.00103188
