0 0.0516406 0.62 0.103281 0.157778 0.948242
0 0.935625 0.783333 0.1175 0.211111 0.948242
0 0.89375 0.515 0.17 0.134444 0.934082
0 0.0512598 0.345833 0.064668 0.0777778 0.933105
0 0.88375 0.552361 0.08375 0.1575 0.932129
0 0.97375 0.32 0.0525 0.0711111 0.929199
0 0.0954688 0.54 0.084375 0.142222 0.929199
0 0.9675 0.931111 0.065 0.137778 0.927734
0 0.794375 0.301111 0.0737501 0.0633334 0.924316
0 0.920625 0.645556 0.13125 0.146667 0.92041
0 0.9325 0.481111 0.135 0.117778 0.908203
0 0.399688 0.266944 0.035 0.0516667 0.906738
0 0.700625 0.308889 0.09125 0.0655555 0.904785
0 0.373125 0.285556 0.0425 0.0583333 0.896484
0 0.550938 0.177083 0.02125 0.0308333 0.891602
0 0.69625 0.22 0.0300001 0.0505556 0.874023
0 0.429688 0.233333 0.03125 0.0466667 0.871582
0 0.414375 0.251111 0.0325 0.0461111 0.864258
0 0.9575 0.430556 0.085 0.0966667 0.838867
0 0.72375 0.284444 0.0475 0.0611111 0.830078
0 0.5325 0.149167 0.015625 0.0216667 0.816406
0 0.447813 0.209444 0.028125 0.0438889 0.775879
0 0.48875 0.170694 0.01875 0.0302778 0.759277
0 0.47375 0.184722 0.02125 0.0366667 0.702637
0 0.705 0.240833 0.0325 0.0533334 0.65332
0 0.715 0.260833 0.0375 0.0472222 0.523438
0 0.542188 0.135833 0.011875 0.0194444 0.496094
0 0.0189258 0.714444 0.0378516 0.197778 0.420654
5 0.568125 0.103403 0.00875003 0.0173611 0.370117
0 0.505 0.153333 0.01375 0.0255556 0.276611
0 0.550938 0.130278 0.009375 0.0172222 0.11554
0 0.536875 0.140278 0.009375 0.0172222 0.105225
0 0.5875 0.0963889 0.00625 0.0130556 0.0605164
0 0.6725 0.188056 0.0225 0.0327778 0.0570679
0 0.441563 0.215 0.025 0.0433333 0.0558167
0 0.535625 0.140278 0.0125 0.0227778 0.0557251
0 0.5525 0.118889 0.00749995 0.0116667 0.0455322
3 0.375625 0.249028 0.01 0.0380555 0.0292053
0 0.52625 0.141944 0.01125 0.02 0.0285492
0 0.51 0.149722 0.014375 0.0216667 0.0227203
5 0.58375 0.081875 0.00999997 0.0195833 0.0225372
0 0.67625 0.193611 0.02375 0.0347222 0.0209656
0 0.466875 0.191389 0.015 0.0366667 0.0188293
0 0.49875 0.159722 0.015 0.0283333 0.0133743
0 0.665625 0.17 0.01875 0.03 0.0102463
0 0.5425 0.127083 0.010625 0.0213889 0.00997162
3 0.36875 0.228472 0.00874999 0.0469444 0.00952148
0 0.983125 0.420556 0.03375 0.0811111 0.00926971
2 0.63625 0.132917 0.00625 0.0172222 0.00901794
0 0.68 0.19875 0.0175 0.0316667 0.00723267
3 0.10875 0.339167 0.00875 0.0383334 0.0069313
0 0.443438 0.213611 0.033125 0.0511111 0.00605011
0 0.71375 0.285556 0.045 0.0544445 0.00598145
0 0.9925 0.412778 0.015 0.0733333 0.00570679
0 0.66125 0.165833 0.0175 0.03 0.00510025
0 0.0123828 0.603333 0.0246875 0.115556 0.00496292
0 0.5025 0.1525 0.01125 0.0238889 0.00471878
5 0.5675 0.100417 0.009375 0.0222222 0.00385475
0 0.9775 0.41 0.04 0.0644444 0.00382423
3 0.375 0.232222 0.01125 0.0555556 0.00348282
0 0.630313 0.129444 0.00812499 0.015 0.00332451
3 0.650625 0.165 0.00625 0.0261111 0.00288963
0 0.512813 0.146111 0.011875 0.0247222 0.00286674
0 0.00879395 0.603333 0.0175293 0.11 0.00253105
0 0.714375 0.250278 0.04125 0.055 0.00239754
3 0.368125 0.220833 0.00749998 0.0397222 0.00209999
0 0.990625 0.418889 0.0187499 0.0855555 0.00153637
0 0.50625 0.14875 0.01375 0.0288889 0.00144958
0 0.995 0.500556 0.00999997 0.125556 0.00136662
0 0.00312256 0.412778 0.00624512 0.07 0.00132465
0 0.0207031 0.610556 0.0414063 0.135556 0.00126934
3 0.3675 0.243889 0.01125 0.0672222 0.0011158
7 0.376875 0.756667 0.00499999 0.0122222 0.00107288
3 0.355 0.233611 0.009375 0.0888889 0.00104046
3 0.645 0.150833 0.00750001 0.0230555 0.00102425
