0 0.0426172 0.334722 0.064375 0.0772222 0.944824
0 0.928125 0.772222 0.1175 0.208889 0.944824
0 0.0469922 0.606667 0.0933594 0.157778 0.944336
0 0.773125 0.2925 0.06625 0.0627778 0.938477
0 0.87625 0.541111 0.0825 0.154444 0.936035
0 0.619375 0.353889 0.1175 0.09 0.933105
0 0.886875 0.505 0.17125 0.133333 0.931152
0 0.97 0.310833 0.06 0.0716667 0.92627
0 0.344063 0.289722 0.054375 0.0638889 0.924805
0 0.0894531 0.527778 0.0782813 0.142222 0.917969
0 0.9125 0.635556 0.13 0.142222 0.91748
0 0.963125 0.926667 0.0725 0.144444 0.914062
0 0.929375 0.468611 0.14125 0.110556 0.912598
0 0.716875 0.272778 0.0425 0.0561111 0.90918
6 0.554063 0.281597 0.064375 0.0690278 0.894043
0 0.0380469 0.488889 0.0760938 0.107778 0.868652
0 0.551875 0.151111 0.01875 0.0261111 0.858887
0 0.365625 0.273056 0.03375 0.0566666 0.858887
0 0.39 0.255556 0.03625 0.0505556 0.853027
0 0.52375 0.138056 0.01625 0.0211111 0.845703
0 0.954375 0.424167 0.09125 0.103889 0.827637
0 0.420625 0.222222 0.03125 0.0441667 0.822266
0 0.68875 0.210139 0.03 0.0508333 0.820801
0 0.70625 0.257292 0.03625 0.0554167 0.786621
0 0.401875 0.240556 0.03 0.0483333 0.779785
0 0.439375 0.197361 0.0275 0.0425 0.70752
0 0.470313 0.171944 0.019375 0.0294444 0.6875
0 0.479063 0.160139 0.0175 0.0286111 0.622559
0 0.70125 0.234861 0.035 0.0486111 0.480469
0 0.555938 0.118611 0.0125 0.0188889 0.434082
0 0.5325 0.123472 0.01125 0.0205556 0.235107
3 0.69875 0.179722 0.01 0.0405556 0.228149
0 0.589375 0.0954861 0.00625 0.0126389 0.213379
3 0.70125 0.177778 0.00999997 0.0355556 0.182373
0 0.669375 0.183194 0.02125 0.0383333 0.150513
0 0.5525 0.132222 0.0137499 0.015 0.125977
3 0.7 0.182083 0.01 0.0369444 0.113159
0 0.6925 0.223056 0.0275 0.0472222 0.0869141
2 0.567188 0.126111 0.00687504 0.0183333 0.0866089
3 0.93125 0.298889 0.01 0.0477778 0.0755615
0 0.4575 0.183056 0.0175 0.0316667 0.0713501
0 0.596875 0.0776389 0.00687504 0.0125 0.0648804
2 0.572813 0.105694 0.00562503 0.0144444 0.0637207
0 0.561563 0.124722 0.00999997 0.0177778 0.0568542
0 0.0114746 0.59 0.0229492 0.124444 0.0453491
0 0.525 0.13 0.01375 0.0177778 0.0438538
0 0.0100562 0.576667 0.0199658 0.108889 0.0387573
0 0.46125 0.178194 0.0175 0.0291667 0.0384521
0 0.554063 0.129444 0.011875 0.0172222 0.0372009
0 0.015 0.692222 0.0299609 0.166667 0.033844
0 0.58875 0.0963889 0.00812499 0.0125 0.0335999
0 0.00655762 0.570556 0.0130957 0.0933333 0.0330811
0 0.489375 0.150556 0.015625 0.0288889 0.0322266
2 0.93125 0.298333 0.01125 0.0488889 0.0244293
0 0.00669922 0.555 0.0133203 0.0888889 0.0170441
0 0.99 0.430556 0.0199999 0.103333 0.016922
0 0.660625 0.172778 0.02 0.0311111 0.0164642
0 0.0210547 0.578889 0.0421094 0.105556 0.0144501
0 0.659375 0.176111 0.01625 0.0294444 0.0134811
0 0.6725 0.188194 0.0225 0.0413889 0.0133743
0 0.9925 0.413889 0.015 0.0794445 0.0133743
3 0.72625 0.19625 0.00499999 0.0286111 0.0130692
0 0.655 0.160417 0.02 0.0241667 0.00933838
3 0.73625 0.199444 0.00750001 0.0344445 0.00871277
0 0.014668 0.577778 0.0293359 0.102222 0.00796509
0 0.590625 0.0961806 0.009375 0.0119444 0.00793457
0 0.524063 0.125 0.009375 0.0188889 0.00760651
0 0.544375 0.148056 0.02 0.0316667 0.00731659
3 0.698125 0.169167 0.00750001 0.0366667 0.00677109
3 0.73875 0.2025 0.00750001 0.0355555 0.00664139
0 0.541875 0.12125 0.00875003 0.0163889 0.00658798
0 0.490625 0.144444 0.01375 0.0261111 0.00566483
0 0.65875 0.165 0.0199999 0.0316667 0.00413513
3 0.685 0.153194 0.00374997 0.0152778 0.00413513
0 0.981875 0.428333 0.03625 0.102222 0.00403976
3 0.71375 0.175833 0.00499999 0.0255556 0.00370789
3 0.72875 0.199167 0.00875003 0.0441667 0.00351143
0 0.36375 0.28 0.02625 0.0544445 0.00348282
3 0.71625 0.184167 0.00625 0.0327778 0.00309944
0 0.61375 0.0986111 0.00750001 0.0125 0.00298119
0 0.647656 0.149722 0.0171875 0.0255555 0.00291252
0 0.576563 0.0801389 0.00687504 0.00944444 0.00271416
3 0.165313 0.263056 0.00687499 0.0394445 0.00260162
0 0.605 0.0804167 0.00625 0.00916667 0.00232315
0 0.680625 0.210972 0.02875 0.0552778 0.00211525
3 0.168125 0.267847 0.00687501 0.0376389 0.00194931
0 0.985 0.417778 0.03 0.0866667 0.00194168
3 0.735 0.1975 0.00875003 0.0394445 0.00181007
0 0.5325 0.128056 0.00812502 0.0208333 0.00173378
0 0.498125 0.141528 0.01625 0.0241667 0.0017004
0 0.641875 0.14 0.015 0.0252778 0.00167465
0 0.435 0.2075 0.02375 0.0397222 0.00154877
0 0.555 0.107222 0.00874996 0.0188889 0.00141048
0 0.63875 0.138611 0.0125 0.0211111 0.00127411
0 0.444375 0.190556 0.02375 0.0433333 0.00126457
0 0.545625 0.142917 0.01875 0.0266667 0.00112915
0 0.6325 0.1325 0.013125 0.0233333 0.00109863
7 0.96375 0.927778 0.07125 0.144444 0.00109005
0 0.471875 0.168194 0.019375 0.0327778 0.00106525
5 0.53375 0.11309 0.01125 0.0288195 0.00104046
