0 0.0429688 0.334444 0.0639063 0.0766667 0.946777
0 0.92875 0.773333 0.1175 0.206667 0.944824
0 0.0473438 0.607222 0.0940625 0.157778 0.943848
0 0.773125 0.292778 0.06625 0.0633334 0.941895
0 0.87625 0.540556 0.0825 0.154444 0.937988
0 0.886875 0.505556 0.17125 0.133333 0.930664
0 0.485 0.316667 0.0525 0.0772222 0.926758
0 0.970625 0.311111 0.05875 0.0711111 0.924316
0 0.9125 0.636667 0.13 0.144444 0.917969
0 0.0903906 0.528056 0.078125 0.142778 0.916504
0 0.929375 0.468611 0.14125 0.11 0.912598
0 0.96375 0.926667 0.0725 0.144444 0.911133
0 0.7175 0.273403 0.0425 0.0565278 0.898926
0 0.039043 0.488333 0.0780859 0.107778 0.868652
0 0.390625 0.255 0.035 0.0522222 0.868164
0 0.365625 0.273958 0.035 0.0576389 0.84082
0 0.421563 0.221944 0.03125 0.045 0.839844
0 0.525 0.138611 0.015 0.0205556 0.833496
0 0.954375 0.424444 0.09125 0.104444 0.829102
0 0.545 0.127361 0.0125 0.0227778 0.818848
0 0.68875 0.210556 0.03 0.0505556 0.800781
0 0.402188 0.24 0.03 0.0483333 0.791992
0 0.706875 0.258819 0.03625 0.0556944 0.782715
2 0.56375 0.138611 0.00687497 0.0211111 0.70752
0 0.470313 0.171389 0.019375 0.03 0.692871
0 0.439375 0.198333 0.02625 0.0411111 0.684082
0 0.48 0.160278 0.018125 0.0288889 0.600098
6 0.331563 0.300556 0.069375 0.0733333 0.600098
0 0.701875 0.234722 0.03375 0.0494445 0.592773
2 0.594063 0.122778 0.00812499 0.02 0.563965
3 0.69 0.173333 0.00749995 0.0291667 0.397949
2 0.5725 0.123889 0.00625 0.0177778 0.358398
3 0.698125 0.176389 0.00875003 0.0361111 0.334473
0 0.533438 0.121111 0.010625 0.0194444 0.312256
0 0.524375 0.135417 0.015 0.0247222 0.200562
0 0.588125 0.0886111 0.00499999 0.0102778 0.122925
3 0.688125 0.174444 0.00999997 0.0341667 0.10968
0 0.491563 0.147639 0.016875 0.0286111 0.107056
0 0.0130469 0.588889 0.0260938 0.122222 0.0838623
0 0.67 0.183611 0.02125 0.0377778 0.0812378
0 0.35125 0.291111 0.04 0.0566666 0.0736694
0 0.69375 0.229167 0.0275 0.0472222 0.0713501
0 0.0101563 0.573889 0.0201563 0.104444 0.0510864
0 0.351875 0.283056 0.05 0.0533333 0.0483093
0 0.45625 0.182778 0.02 0.0322222 0.0432129
3 0.685 0.168472 0.00499999 0.0352778 0.0413208
0 0.705 0.248611 0.035 0.0538889 0.0402527
0 0.459375 0.180972 0.02 0.0316667 0.0360718
0 0.329688 0.287778 0.065625 0.05 0.035675
0 0.0194336 0.579444 0.0388672 0.105556 0.0299835
3 0.6975 0.169861 0.00750001 0.0383333 0.0296478
0 0.00774902 0.556528 0.0154395 0.0913889 0.0252686
2 0.601563 0.121389 0.00750001 0.02 0.0250854
0 0.0150977 0.690556 0.0301563 0.165556 0.021286
0 0.3325 0.299444 0.068125 0.0733333 0.0188293
0 0.36 0.278611 0.035 0.0566666 0.0180969
0 0.99 0.427778 0.0199999 0.1 0.0168457
0 0.344688 0.285556 0.0475 0.05 0.0156708
5 0.573125 0.0767361 0.00499999 0.0148611 0.0148392
0 0.526875 0.137083 0.01625 0.0211111 0.0143356
0 0.435 0.207222 0.023125 0.0388889 0.014061
3 0.96375 0.277222 0.00750001 0.0366667 0.0123825
0 0.52125 0.136111 0.01375 0.0211111 0.0121918
0 0.323672 0.293889 0.0601563 0.0588889 0.0110703
0 0.9925 0.412222 0.015 0.0733333 0.0100937
5 0.555 0.08 0.00750001 0.0154167 0.00894928
0 0.48875 0.146389 0.01375 0.0266667 0.00743103
0 0.66 0.173611 0.0175 0.0311111 0.00677109
0 0.5425 0.105556 0.009375 0.0158333 0.00664139
0 0.6725 0.188611 0.0225 0.0405556 0.0053215
0 0.499375 0.146111 0.01375 0.0236111 0.00450516
0 0.45875 0.173611 0.025 0.0361111 0.00436401
0 0.49875 0.146944 0.00999997 0.0208333 0.00407028
0 0.985 0.416944 0.03 0.0838889 0.00382423
3 0.700625 0.174722 0.00999997 0.0327778 0.00374985
3 0.74 0.203611 0.00625 0.0338889 0.00356483
0 0.65375 0.157778 0.0175 0.0277778 0.00355148
0 0.522188 0.125556 0.011875 0.0194444 0.00348282
3 0.6975 0.189167 0.01625 0.0366667 0.00341606
3 0.725625 0.195972 0.00499999 0.0311111 0.00338936
0 0.588125 0.0851389 0.00750001 0.0102778 0.00332451
0 0.6575 0.176944 0.00999997 0.0288889 0.00324821
0 0.9825 0.427778 0.035 0.102222 0.00313568
3 0.314375 0.302222 0.033125 0.0688889 0.00291252
0 0.314375 0.287778 0.049375 0.0455556 0.00271416
0 0.615 0.102708 0.00749995 0.0156944 0.00251198
3 0.167813 0.265833 0.00750001 0.0411111 0.00246239
3 0.73625 0.201389 0.00625 0.0305556 0.00243378
0 0.659375 0.165 0.02 0.0322222 0.00237846
3 0.715 0.182639 0.00500005 0.0272222 0.00224304
0 0.641094 0.139167 0.0153125 0.0238889 0.00213242
5 0.596875 0.0658333 0.00499999 0.0108333 0.00208282
0 0.636875 0.135556 0.0125 0.0227778 0.00189686
3 0.71375 0.175417 0.00499999 0.0238889 0.00188255
6 0.317813 0.301667 0.039375 0.07 0.00186729
0 0.4425 0.191111 0.025 0.0441667 0.00183868
0 0.6475 0.15 0.01625 0.0261111 0.00151253
2 0.594063 0.126389 0.00750001 0.0211111 0.00143242
0 0.990625 0.304444 0.0187499 0.0622222 0.00132465
0 0.5375 0.107014 0.01 0.0176389 0.00131512
0 0.9625 0.407222 0.0675 0.0733333 0.00129414
0 0.0133398 0.544444 0.0265234 0.113333 0.0011692
2 0.564375 0.141667 0.00750001 0.0252778 0.00116539
2 0.5675 0.126389 0.00874996 0.0216667 0.0011425
3 0.165313 0.262222 0.0075 0.04 0.00106525
