0 0.934375 0.779444 0.1175 0.207778 0.949219
0 0.0503906 0.616667 0.100781 0.157778 0.947754
0 0.8825 0.548889 0.085 0.156667 0.939941
0 0.0486035 0.343889 0.064668 0.0766667 0.935547
0 0.791875 0.299444 0.07375 0.0622222 0.933105
0 0.8925 0.512778 0.17 0.134444 0.931152
0 0.0933008 0.537222 0.0837109 0.142222 0.928223
0 0.97375 0.316667 0.0525 0.0727778 0.92627
0 0.586875 0.299444 0.0475 0.0677778 0.920898
0 0.35 0.298333 0.0525 0.0655555 0.918457
0 0.96375 0.928333 0.0725 0.141111 0.917969
0 0.91875 0.644444 0.1325 0.146667 0.916016
0 0.93125 0.475833 0.1375 0.110556 0.906738
0 0.0410938 0.497222 0.0821875 0.11 0.905762
0 0.72375 0.280833 0.0425 0.0572222 0.900391
0 0.695 0.217639 0.02875 0.0497222 0.863281
3 0.6725 0.290556 0.00999997 0.0688889 0.862305
0 0.39625 0.265 0.03625 0.0522222 0.851074
0 0.956875 0.428333 0.08625 0.0972222 0.844727
0 0.371875 0.282222 0.035 0.0572222 0.839844
0 0.426875 0.228056 0.03 0.0427778 0.803223
6 0.43125 0.273333 0.0375 0.0666667 0.775391
0 0.530625 0.148194 0.015 0.0188889 0.773438
0 0.7125 0.2675 0.035 0.0522222 0.747559
0 0.445 0.206389 0.025 0.0405555 0.73584
0 0.41125 0.2475 0.03125 0.0444445 0.716797
0 0.485938 0.169722 0.01875 0.0305556 0.697754
0 0.70375 0.238611 0.035 0.0516667 0.694336
0 0.47125 0.181944 0.01875 0.0338889 0.635254
0 0.0172461 0.713333 0.0343359 0.2 0.312256
0 0.54 0.131667 0.0125 0.0225 0.248047
0 0.6775 0.192778 0.0225 0.0405556 0.106323
0 0.49 0.165972 0.01625 0.0302778 0.0332031
0 0.504375 0.15125 0.01125 0.0202778 0.0302124
0 0.46 0.190278 0.0175 0.0366667 0.029541
0 0.430625 0.237639 0.035 0.0630556 0.0290833
0 0.525 0.142639 0.0125 0.0202778 0.0280151
5 0.540313 0.129444 0.013125 0.0255556 0.0253754
0 0.7075 0.269444 0.03 0.0461111 0.0227966
2 0.99625 0.190278 0.00749995 0.0730556 0.0210419
0 0.475 0.179444 0.0225 0.0294444 0.0199432
0 0.403125 0.266389 0.040625 0.0555556 0.0196381
0 0.65875 0.162361 0.0199999 0.0266667 0.0139008
0 0.975 0.430556 0.0499999 0.0988889 0.0106506
0 0.66125 0.165833 0.0225 0.0311111 0.00905609
0 0.645 0.145278 0.015 0.0197222 0.00790405
0 0.67375 0.1875 0.0225 0.0366667 0.00784302
0 0.99125 0.411111 0.0175 0.0744444 0.00775528
0 0.983125 0.420833 0.03375 0.0861111 0.00591278
0 0.497188 0.161944 0.0175 0.0261111 0.00382423
0 0.98375 0.310556 0.0325 0.0688889 0.00314713
0 0.65625 0.160278 0.01875 0.0277778 0.00288963
3 0.740625 0.21 0.00750001 0.0322222 0.00284576
0 0.6425 0.142778 0.0125 0.0216667 0.00283432
0 0.536875 0.136389 0.01125 0.0211111 0.00279045
0 0.99375 0.301667 0.0124999 0.0611111 0.00275803
0 0.54375 0.129722 0.01375 0.0222222 0.00226974
0 0.011123 0.466667 0.022207 0.0788889 0.00179577
0 0.50875 0.149306 0.015 0.0197222 0.00174809
3 0.933125 0.305556 0.00750001 0.0777778 0.0017004
0 0.00738281 0.454444 0.014707 0.0922222 0.00156689
0 0.63375 0.124028 0.00875003 0.0188889 0.00145531
0 0.42125 0.258889 0.025 0.0477778 0.00145531
0 0.984375 0.408889 0.0312499 0.0711111 0.00136185
0 0.012832 0.476389 0.0255469 0.0777778 0.0012064
0 0.635313 0.1325 0.009375 0.0183333 0.0011692
7 0.965 0.927778 0.07 0.14 0.00115108
0 0.48 0.164583 0.0125 0.0272222 0.0011425
3 0.355 0.25 0.00750001 0.0383333 0.00107288
0 0.705 0.251597 0.04 0.0479167 0.00105667
4 0.0679297 0.892778 0.0657031 0.0666667 0.00102806
