0 0.0464063 0.606528 0.0928125 0.158056 0.945801
0 0.9275 0.772222 0.1175 0.208889 0.945801
0 0.0422266 0.333333 0.0639844 0.0777778 0.941895
0 0.875 0.54 0.08375 0.154444 0.937988
0 0.7725 0.291944 0.0675001 0.0638889 0.937012
0 0.88625 0.504444 0.17 0.133333 0.931641
0 0.343047 0.288889 0.0539063 0.0633333 0.928711
0 0.97 0.310278 0.06 0.0705556 0.925781
0 0.9125 0.634444 0.13 0.142222 0.921875
0 0.0886719 0.526667 0.0795313 0.141111 0.921387
0 0.929375 0.468333 0.14125 0.11 0.916016
0 0.9625 0.926667 0.0725 0.144444 0.912598
0 0.7175 0.272778 0.0425 0.0566667 0.904785
0 0.54375 0.167639 0.0225 0.03 0.888184
0 0.0377344 0.4875 0.0754688 0.107222 0.864258
0 0.365625 0.272778 0.03375 0.0572222 0.858887
0 0.39 0.255 0.03625 0.0511111 0.855957
0 0.6875 0.207222 0.03 0.0466667 0.854004
2 0.129219 0.353056 0.053125 0.0722222 0.850098
0 0.523125 0.138333 0.01625 0.0211111 0.836426
0 0.420313 0.221389 0.031875 0.0458333 0.835449
0 0.95375 0.424722 0.0925 0.105 0.820801
0 0.40125 0.240139 0.02875 0.0480556 0.801758
0 0.705625 0.258333 0.0362501 0.0572222 0.792969
2 0.632188 0.182639 0.00875003 0.0338889 0.743164
0 0.4375 0.197639 0.025 0.0419444 0.713867
0 0.479063 0.159722 0.016875 0.0294444 0.660156
0 0.47 0.171667 0.0175 0.0283333 0.645996
0 0.585938 0.106875 0.010625 0.0154167 0.474609
0 0.701875 0.234444 0.0325 0.0477778 0.470703
0 0.532813 0.124028 0.0125 0.0213889 0.418701
3 0.67625 0.244722 0.00875003 0.0533333 0.294189
0 0.699375 0.22875 0.02875 0.0452778 0.262939
0 0.66875 0.182222 0.02125 0.0388889 0.230957
3 0.93 0.296667 0.00999997 0.0488889 0.13208
0 0.528438 0.124722 0.01 0.0172222 0.103394
0 0.6925 0.229583 0.025 0.0463889 0.0888062
0 0.0204102 0.574583 0.0408203 0.0997222 0.0509033
0 0.0100562 0.568333 0.0199658 0.101111 0.0455322
0 0.0131055 0.574583 0.0260547 0.106389 0.0435181
3 0.675 0.246944 0.0125 0.0511111 0.0354004
0 0.454375 0.181389 0.01875 0.0322222 0.033844
0 0.00754883 0.553889 0.0150586 0.09 0.0314941
0 0.0149121 0.696667 0.0298242 0.178889 0.0267639
0 0.489063 0.149722 0.015 0.0266667 0.0266571
0 0.529688 0.125 0.01125 0.02 0.025177
0 0.655 0.164444 0.02 0.03 0.0190125
0 0.99 0.429167 0.0199999 0.101111 0.0178528
0 0.5775 0.0817361 0.00625 0.00986111 0.0171814
0 0.460938 0.175278 0.016875 0.0319444 0.0157776
0 0.457813 0.180278 0.0175 0.03 0.0157166
0 0.6725 0.1875 0.0225 0.0422222 0.0136871
0 0.65875 0.171389 0.0175001 0.0327778 0.0131226
3 0.92875 0.287778 0.00999997 0.0572222 0.0127716
2 0.683125 0.242222 0.02 0.0588889 0.0119629
0 0.5875 0.0823611 0.00625 0.00972222 0.0113754
0 0.490625 0.144306 0.013125 0.0252778 0.0112915
0 0.9925 0.413333 0.015 0.0755556 0.0110321
0 0.544063 0.104861 0.00812499 0.0158333 0.00803375
0 0.612813 0.100556 0.00750001 0.0134722 0.00701141
2 0.63375 0.179444 0.011875 0.0394445 0.0068512
2 0.93125 0.295 0.0125 0.0511111 0.0064888
0 0.500625 0.145 0.0125 0.0233333 0.00561905
0 0.65375 0.160556 0.02 0.0288889 0.00534439
0 0.00466553 0.455833 0.00930176 0.0716667 0.00534439
0 0.64625 0.149722 0.01875 0.025 0.00503922
7 0.86 0.210139 0.00625 0.0244444 0.00473785
0 0.00678223 0.457222 0.0135645 0.0788889 0.00434875
3 0.164531 0.259167 0.0075 0.0438889 0.00426483
0 0.48625 0.146389 0.0125 0.025 0.00403976
0 0.435 0.205556 0.02375 0.0419444 0.00374985
0 0.98125 0.427222 0.0374999 0.101111 0.00337601
0 0.502188 0.143472 0.01 0.0208333 0.00332451
3 0.735625 0.200556 0.00750001 0.0327778 0.00305176
5 0.6025 0.0705556 0.00687497 0.0172222 0.00296974
3 0.96875 0.293056 0.015 0.05 0.0029583
0 0.541563 0.116806 0.00812505 0.0169444 0.00293541
3 0.1675 0.264444 0.0075 0.0344445 0.00282288
2 0.630938 0.182222 0.013125 0.0338889 0.00245285
0 0.611875 0.0930556 0.00749995 0.0138889 0.00242424
0 0.606875 0.0994444 0.00625 0.00944445 0.00228691
0 0.49875 0.141389 0.015 0.0230556 0.00217438
0 0.517813 0.125 0.011875 0.0211111 0.00213242
0 0.640625 0.138056 0.015 0.0238889 0.00206757
5 0.603125 0.0759722 0.00750001 0.0155556 0.00191212
0 0.635 0.136111 0.01375 0.0205556 0.00182438
0 0.659375 0.165556 0.0225 0.0333333 0.0017271
0 0.65875 0.176944 0.0125 0.0305556 0.0016489
3 0.738125 0.205556 0.01125 0.0394444 0.0016489
2 0.67625 0.231389 0.02 0.0755556 0.00156116
0 0.446563 0.189306 0.018125 0.0405556 0.00147247
0 0.989375 0.305 0.02125 0.0622222 0.00141048
0 0.633438 0.124861 0.01125 0.0188889 0.00140476
0 0.0105078 0.471667 0.0210156 0.0855556 0.00139904
0 0.553125 0.095625 0.00625 0.0125 0.00136662
0 0.62375 0.118333 0.00874996 0.0122222 0.00129414
3 0.67875 0.251111 0.01375 0.0672222 0.0012064
0 0.617813 0.114757 0.00750001 0.0127083 0.00116062
3 0.695 0.175833 0.00750001 0.0322222 0.00115585
0 0.38 0.250556 0.05 0.0616667 0.0011425
0 0.641875 0.148194 0.01625 0.0241667 0.00109005
0 0.633438 0.131944 0.0125 0.0222222 0.00109005
7 0.0464844 0.606806 0.091875 0.1575 0.00106525
