0 0.93375 0.779444 0.1175 0.207778 0.952148
0 0.0500781 0.617222 0.100156 0.156667 0.947266
0 0.88125 0.548333 0.0825 0.156667 0.940918
0 0.0483594 0.343333 0.0640625 0.0766667 0.936523
0 0.8925 0.512222 0.17 0.135556 0.932129
0 0.791875 0.298889 0.0725 0.0616667 0.930664
0 0.97375 0.317222 0.0525 0.0722222 0.922852
0 0.964375 0.928333 0.07125 0.141111 0.921875
0 0.91875 0.643889 0.13 0.147778 0.916504
0 0.0925195 0.537222 0.0840234 0.141111 0.916016
0 0.35 0.297778 0.05375 0.0661111 0.913574
0 0.930625 0.476111 0.13875 0.112222 0.90332
0 0.0409375 0.498333 0.081875 0.11 0.901367
0 0.7225 0.280556 0.0425 0.0577778 0.899902
3 0.152031 0.488056 0.0228125 0.125 0.891113
0 0.694375 0.217778 0.02875 0.0497222 0.878418
0 0.426875 0.230139 0.03125 0.0475 0.85791
6 0.500938 0.29 0.0275 0.07 0.856445
0 0.371875 0.2825 0.035 0.0572222 0.848145
0 0.411875 0.24875 0.03125 0.0469444 0.844727
0 0.395938 0.263819 0.03625 0.05125 0.835449
0 0.956563 0.428333 0.086875 0.0972222 0.834473
0 0.71125 0.2675 0.035 0.0505556 0.749023
0 0.53 0.147083 0.015 0.0197222 0.747559
0 0.70375 0.239167 0.035 0.0538889 0.715332
0 0.44375 0.206111 0.025 0.0422222 0.700684
0 0.485938 0.169167 0.019375 0.03 0.694336
0 0.470625 0.181944 0.02 0.0344444 0.675781
0 0.53875 0.132639 0.01125 0.0219444 0.470703
0 0.0168359 0.72 0.0335547 0.216667 0.309082
0 0.46875 0.185417 0.01875 0.0330556 0.108215
0 0.50375 0.150278 0.0125 0.0211111 0.0927124
0 0.67625 0.191944 0.0225 0.0394445 0.076416
0 0.460313 0.190833 0.016875 0.0361111 0.0703125
0 0.52625 0.144167 0.0125 0.0213889 0.053009
0 0.53875 0.127361 0.00999997 0.0222222 0.0317383
0 0.475 0.179583 0.0225 0.0294444 0.0211182
0 0.706875 0.246389 0.04 0.0533334 0.0165863
0 0.9825 0.421111 0.035 0.0855556 0.0133743
0 0.542188 0.126528 0.011875 0.0211111 0.0125275
0 0.619375 0.119722 0.00999997 0.0138889 0.0116882
0 0.565 0.0968056 0.00749995 0.0125 0.0110321
0 0.68 0.194722 0.02125 0.0369445 0.0109863
0 0.6725 0.184583 0.0225 0.0352778 0.01017
0 0.545625 0.127778 0.010625 0.0188889 0.00978088
0 0.661875 0.17 0.02125 0.0327778 0.00923157
0 0.53625 0.136528 0.01125 0.0216667 0.00874329
0 0.598125 0.0976389 0.00750001 0.0105555 0.008255
0 0.990625 0.412222 0.0187499 0.0766667 0.00720596
0 0.624375 0.119722 0.009375 0.015 0.00643921
0 0.97375 0.430556 0.0525 0.0977778 0.00588989
0 0.66 0.166389 0.02 0.0288889 0.00575256
0 0.379375 0.2575 0.02 0.0422222 0.0050621
0 0.645 0.145833 0.015 0.0205556 0.00415039
0 0.70125 0.22625 0.03375 0.045 0.00391388
0 0.53375 0.135278 0.0125 0.0227778 0.00391388
3 0.66 0.177778 0.0125 0.0327778 0.00378036
0 0.9875 0.421111 0.0249999 0.0888889 0.00362206
0 0.9675 0.410833 0.0625 0.0672222 0.00356483
0 0.555 0.104861 0.00874996 0.0152778 0.00340271
0 0.98375 0.409722 0.0325 0.0722222 0.00309944
0 0.6425 0.143194 0.0125 0.0213889 0.00302696
0 0.602813 0.0965972 0.00687497 0.0108333 0.00255013
0 0.5525 0.115278 0.00875003 0.0138889 0.00255013
0 0.981875 0.310556 0.03625 0.0666667 0.00243378
3 0.68125 0.211528 0.015 0.0413889 0.00230598
3 0.695 0.166389 0.00499999 0.0219444 0.00226974
3 0.69625 0.16 0.00500005 0.0261111 0.00217438
0 0.635313 0.131528 0.00875003 0.0169444 0.00193405
0 0.00415772 0.44 0.00831543 0.111111 0.00183868
0 0.63375 0.125 0.00875003 0.0180555 0.00168705
0 0.995 0.300556 0.00999997 0.06 0.00163555
3 0.70375 0.163611 0.00499999 0.0338889 0.00155449
0 0.65625 0.16 0.01875 0.0261111 0.00153637
7 0.965 0.927778 0.07 0.14 0.00151253
7 0.690625 0.170694 0.00625 0.0297222 0.00148964
7 0.70875 0.905 0.00999997 0.0266667 0.00146675
0 0.985 0.434444 0.03 0.0977778 0.00144958
0 0.715 0.271667 0.0375 0.0522222 0.0011034
0 0.0101465 0.466111 0.0202539 0.0811111 0.00107288
3 0.631875 0.129444 0.00875003 0.0155556 0.00105667
3 0.62625 0.131667 0.00625 0.0130555 0.00104046
