0 0.328125 0.672222 0.125625 0.195556 0.95459
0 0.935 0.782222 0.1175 0.208889 0.949707
0 0.0516016 0.62 0.103203 0.156667 0.947754
0 0.89375 0.514444 0.17 0.134444 0.93457
0 0.97375 0.319167 0.0525 0.0722222 0.934082
0 0.3525 0.300278 0.055 0.065 0.932129
0 0.0508203 0.345 0.0636719 0.0783333 0.932129
0 0.88375 0.551667 0.08375 0.156667 0.931152
0 0.96625 0.93 0.0675 0.137778 0.928223
0 0.794375 0.300556 0.0737501 0.0611111 0.926758
0 0.92 0.645556 0.1325 0.146667 0.923828
0 0.0951563 0.539861 0.083125 0.1425 0.919434
0 0.9325 0.478889 0.135 0.114444 0.904785
0 0.399375 0.266389 0.035 0.0505555 0.902832
0 0.725 0.282778 0.04375 0.0577778 0.893066
0 0.0423047 0.500833 0.0846094 0.110556 0.890137
0 0.696875 0.218889 0.02875 0.0494444 0.88623
0 0.429063 0.232222 0.031875 0.0472222 0.884766
0 0.41375 0.251667 0.0325 0.0472222 0.85791
0 0.9575 0.431111 0.085 0.0988889 0.855957
0 0.374688 0.284167 0.035625 0.0566666 0.848145
6 0.541875 0.178194 0.02125 0.0361111 0.844727
0 0.564063 0.135278 0.013125 0.0169444 0.796875
0 0.531875 0.149028 0.01625 0.0197222 0.769043
0 0.705 0.241806 0.035 0.0508333 0.747559
0 0.48875 0.170278 0.018125 0.0308333 0.746094
0 0.71375 0.268333 0.0375 0.0555556 0.73877
0 0.447813 0.20875 0.02875 0.0452778 0.673828
0 0.47375 0.183611 0.02125 0.0361111 0.656738
0 0.54125 0.1325 0.011875 0.0211111 0.418701
0 0.0186719 0.72 0.0373047 0.211111 0.418701
2 0.61 0.124444 0.00499999 0.0152778 0.383057
5 0.5675 0.10375 0.00874996 0.0177778 0.338135
0 0.505625 0.152778 0.01375 0.025 0.192505
0 0.67875 0.195556 0.0225 0.0372222 0.0747681
0 0.0112305 0.473333 0.0224219 0.0744444 0.0675659
0 0.53 0.145278 0.015 0.0233333 0.0594177
3 0.375 0.252153 0.01125 0.0434722 0.0507202
0 0.44125 0.215417 0.02625 0.0425 0.0330811
0 0.535625 0.140833 0.01125 0.0183333 0.0290833
0 0.541875 0.1275 0.0125 0.0227778 0.0227966
0 0.46375 0.190278 0.0175 0.0388889 0.0222931
0 0.71 0.268889 0.03 0.0477778 0.0165863
0 0.669375 0.1825 0.02 0.0316667 0.0126266
0 0.0156836 0.475556 0.0313672 0.0733333 0.0109024
3 0.36875 0.229722 0.00874999 0.0522222 0.0106964
3 0.630625 0.127778 0.00625 0.0172222 0.0100098
0 0.665625 0.175833 0.02 0.0311111 0.00772476
0 0.545 0.129444 0.0125 0.0225 0.00746155
0 0.50875 0.15 0.015 0.0238889 0.00669098
0 0.00358398 0.439167 0.00716797 0.1 0.00656509
2 0.611875 0.123056 0.00749995 0.0172222 0.00643921
0 0.0116602 0.487222 0.0232031 0.0738889 0.00631332
0 0.648125 0.148611 0.01375 0.0227778 0.00591278
0 0.660625 0.168472 0.0175 0.0302778 0.00582123
0 0.636875 0.131667 0.00875003 0.0161111 0.00453949
0 0.99125 0.573472 0.0175 0.0863889 0.00436401
0 0.0101563 0.602222 0.0203125 0.122222 0.00411606
0 0.505938 0.148333 0.011875 0.0277778 0.00407028
0 0.9925 0.412778 0.015 0.0744445 0.00370789
5 0.58625 0.0858333 0.00687504 0.0138889 0.00362206
0 0.49875 0.16 0.015 0.0277778 0.00345612
0 0.4425 0.213472 0.034375 0.0525 0.00327301
0 0.65375 0.159444 0.015 0.0266667 0.00305176
0 0.61375 0.105347 0.00625 0.0176389 0.00299263
0 0.9825 0.420833 0.035 0.0827778 0.00293541
5 0.559375 0.105208 0.010625 0.0195833 0.0028553
0 0.66125 0.164722 0.02 0.0311111 0.00266266
3 0.367813 0.220972 0.00625 0.0419444 0.00224304
0 0.511875 0.145556 0.01375 0.025 0.00219154
3 0.375313 0.233333 0.010625 0.0566667 0.00218201
0 0.97125 0.411111 0.055 0.0633333 0.00203514
0 0.6425 0.140556 0.01625 0.0222222 0.00188255
3 0.625313 0.131944 0.003125 0.0119445 0.00183105
3 0.368438 0.215556 0.00687497 0.0394444 0.00183105
2 0.62375 0.116944 0.00499999 0.0122222 0.00178242
0 0.7175 0.251667 0.045 0.0611111 0.00176811
0 0.5525 0.116944 0.00749995 0.0133333 0.00175476
0 0.989375 0.42 0.02125 0.0877778 0.00156116
0 0.98375 0.409444 0.0325 0.0644445 0.00138283
0 0.0114844 0.584444 0.0229688 0.144444 0.00137806
3 0.107578 0.338889 0.0120312 0.0477778 0.00131989
0 0.502188 0.152083 0.01125 0.0241667 0.00131512
0 0.65625 0.161528 0.015 0.025 0.00130463
0 0.985 0.575417 0.03 0.0936111 0.00129414
6 0.53375 0.156944 0.01625 0.0233333 0.00127888
0 0.995938 0.536806 0.00812499 0.146389 0.0012064
0 0.0147656 0.570556 0.0295313 0.21 0.00115108
7 0.96625 0.93 0.0675 0.137778 0.00112915
0 0.295781 0.890556 0.0821875 0.0644444 0.0011158
0 0.0714453 0.868889 0.0619531 0.06 0.0011034
0 0.0216602 0.609444 0.0433203 0.141111 0.00106525
0 0.0104199 0.533333 0.0208008 0.0822222 0.00104809
0 0.45625 0.18125 0.01625 0.0341667 0.00102425
3 0.6575 0.178889 0.00499999 0.0255556 0.00101662
