0 0.0441406 0.338333 0.06375 0.0783333 0.948242
0 0.0475781 0.611111 0.0951563 0.158889 0.947754
0 0.93 0.775 0.1175 0.207778 0.945801
0 0.876875 0.542778 0.0825 0.155556 0.939453
0 0.788125 0.294444 0.0737501 0.0611111 0.93457
0 0.97125 0.313056 0.0575 0.0716667 0.931152
0 0.88875 0.507778 0.17 0.133333 0.931152
0 0.91375 0.639444 0.1325 0.145556 0.924316
0 0.345078 0.292222 0.0548437 0.0644445 0.922363
0 0.96375 0.926667 0.0725 0.144444 0.918945
0 0.0878906 0.531111 0.0842188 0.144444 0.912598
0 0.71875 0.275 0.0425 0.0566666 0.90332
0 0.93 0.471111 0.14 0.11 0.90332
0 0.039043 0.490556 0.0780859 0.11 0.899902
0 0.69 0.212222 0.0300001 0.0491667 0.892578
0 0.392188 0.258333 0.03625 0.0516667 0.877441
0 0.423125 0.224167 0.031875 0.0466667 0.870605
0 0.366875 0.274444 0.035 0.0538889 0.859863
0 0.408125 0.243194 0.03125 0.0436111 0.856934
3 0.456875 0.296667 0.01625 0.0644445 0.844727
0 0.70875 0.260556 0.0375 0.0561111 0.832031
0 0.954688 0.426111 0.0906249 0.103333 0.827637
0 0.525625 0.141111 0.01375 0.0188889 0.809082
0 0.699375 0.233889 0.03375 0.05 0.764648
0 0.471563 0.173611 0.020625 0.03 0.70752
0 0.44 0.201667 0.02875 0.0444444 0.702637
0 0.4825 0.161944 0.0175 0.0266667 0.583008
0 0.534063 0.128056 0.01125 0.0194444 0.424316
0 0.436875 0.205833 0.024375 0.0433333 0.236572
5 0.590625 0.106528 0.01 0.0158333 0.147583
0 0.67125 0.184722 0.0237501 0.0422222 0.120422
0 0.53125 0.128333 0.01125 0.0175 0.104126
0 0.695625 0.230833 0.0275 0.0483333 0.104126
0 0.0153516 0.71 0.0306641 0.2 0.0930176
0 0.4575 0.185556 0.01875 0.0333333 0.0528259
0 0.49 0.155972 0.015 0.0272222 0.0501404
0 0.589375 0.105694 0.01 0.0163889 0.0346069
0 0.4675 0.176111 0.0225 0.0327778 0.0297546
0 0.519375 0.139444 0.01125 0.0177778 0.0207214
0 0.708125 0.267222 0.03 0.0472222 0.0198669
0 0.561875 0.0965278 0.00749995 0.0122222 0.0184021
0 0.99375 0.411667 0.0124999 0.0722222 0.0156708
0 0.460625 0.182778 0.01875 0.0330556 0.0147324
0 0.9925 0.418611 0.015 0.0822222 0.0130234
0 0.540313 0.127917 0.011875 0.0175 0.0109024
0 0.989375 0.427778 0.02125 0.0944444 0.00993347
0 0.54125 0.117083 0.00999997 0.0175 0.0086441
0 0.427188 0.218889 0.041875 0.0533333 0.00536346
3 0.74 0.205 0.00875003 0.0366667 0.00431442
0 0.659375 0.174444 0.0175 0.0322222 0.00426483
0 0.98375 0.418889 0.0325 0.0822222 0.0039444
0 0.62375 0.118889 0.00874996 0.015 0.00353813
0 0.6575 0.178194 0.00999997 0.03 0.00319672
5 0.561563 0.0884722 0.00875003 0.0158333 0.00298119
0 0.659375 0.166111 0.01875 0.0338889 0.00286674
0 0.655 0.160694 0.0175 0.0252778 0.00277901
5 0.604063 0.07625 0.00562503 0.0148611 0.00275803
0 0.553125 0.10125 0.00750001 0.0108333 0.00240517
0 0.523438 0.125972 0.009375 0.0205556 0.00213242
0 0.635625 0.138889 0.00999997 0.0188889 0.00213242
0 0.6525 0.16 0.015 0.0233333 0.00212479
0 0.4875 0.160556 0.01875 0.0261111 0.00209045
0 0.550625 0.111701 0.00999997 0.0160417 0.00194168
0 0.61625 0.0979167 0.00687497 0.0113889 0.0017271
0 0.00591797 0.463333 0.0117969 0.0727778 0.0015974
0 0.59125 0.110868 0.00999997 0.0171528 0.0015192
0 0.99375 0.303056 0.0124999 0.0611111 0.00142097
0 0.6425 0.139444 0.015 0.0238889 0.00134563
3 0.996875 0.686667 0.00624994 0.0788889 0.00133514
0 0.575 0.0818056 0.00499999 0.00972222 0.00130463
0 0.970625 0.399722 0.04375 0.0577778 0.00129986
7 0.96375 0.927222 0.07 0.143333 0.00126457
0 0.47125 0.168333 0.0175 0.0316667 0.00122547
7 0.529375 0.838889 0.00499999 0.02 0.00117397
0 0.499688 0.148056 0.015 0.02 0.0011425
0 0.454063 0.191667 0.02625 0.0394444 0.0011158
0 0.0100098 0.595556 0.0199805 0.113333 0.00107765
0 0.466875 0.184722 0.02 0.0366667 0.00107288
3 0.99625 0.735556 0.00749995 0.1 0.00104427
0 0.618438 0.113889 0.009375 0.0138889 0.00100803
0 0.00766602 0.570139 0.0153125 0.0863889 0.00100803
