0 0.0425 0.335278 0.0639844 0.0761111 0.944824
0 0.0467969 0.607222 0.0934375 0.157778 0.944824
0 0.928125 0.772222 0.1175 0.208889 0.944824
0 0.77375 0.292222 0.0675 0.0633333 0.94043
0 0.87625 0.54125 0.0825 0.155278 0.936035
0 0.399375 0.316389 0.1075 0.0977778 0.935547
0 0.886875 0.504722 0.17125 0.133889 0.930664
6 0.195938 0.528889 0.064375 0.158889 0.929199
0 0.970625 0.310556 0.05875 0.0711111 0.924316
0 0.0890625 0.528056 0.079375 0.143889 0.922852
0 0.9125 0.635 0.13 0.141111 0.919434
0 0.92875 0.468333 0.1425 0.11 0.913574
0 0.963125 0.926667 0.0725 0.144444 0.913086
0 0.716875 0.272778 0.0425 0.0561111 0.906738
0 0.342813 0.289722 0.0525 0.0644445 0.885742
0 0.037832 0.488056 0.0756641 0.107222 0.866211
3 0.725 0.482222 0.0275 0.135556 0.865234
0 0.420938 0.222222 0.03125 0.0455556 0.848145
0 0.68875 0.21 0.03 0.0522222 0.844727
0 0.390625 0.253264 0.035625 0.0468056 0.838867
0 0.523125 0.13875 0.01625 0.0211111 0.834473
0 0.954375 0.424444 0.09125 0.104444 0.818848
0 0.401875 0.239167 0.03 0.0466667 0.792969
0 0.366875 0.269722 0.0375 0.05 0.746094
0 0.70625 0.259167 0.03625 0.0566667 0.744629
0 0.479375 0.160139 0.0175 0.0302778 0.725098
0 0.47 0.171389 0.020625 0.0305556 0.692871
0 0.543125 0.128333 0.0137499 0.0233333 0.665527
0 0.43875 0.197778 0.02625 0.0411111 0.665527
5 0.581875 0.25 0.02875 0.0561111 0.625977
5 0.48875 0.278889 0.046875 0.0605556 0.519531
6 0.581875 0.248611 0.03 0.0561111 0.513672
0 0.70375 0.2375 0.0325 0.0461111 0.470703
0 0.69875 0.234167 0.03375 0.0527778 0.443604
6 0.51125 0.174722 0.00999997 0.0338889 0.418701
3 0.69 0.1625 0.00500005 0.035 0.383057
3 0.685 0.16 0.00750001 0.0322222 0.336426
6 0.488438 0.280069 0.04625 0.0609722 0.300781
0 0.458125 0.181389 0.02 0.0305556 0.2323
0 0.531875 0.119722 0.01 0.0172222 0.206909
0 0.67 0.184028 0.0225 0.0402778 0.194336
2 0.480625 0.206389 0.01 0.0338889 0.176147
0 0.693125 0.225278 0.02625 0.045 0.100159
0 0.524063 0.1325 0.014375 0.0211111 0.0827026
0 0.010957 0.573333 0.0217578 0.101111 0.0766602
0 0.0118066 0.588889 0.0236133 0.121111 0.0761108
0 0.489063 0.15 0.016875 0.0305556 0.0618896
0 0.00701172 0.570972 0.0139844 0.0891667 0.0562439
0 0.0196191 0.576528 0.0392383 0.100278 0.0420837
0 0.525 0.124722 0.01 0.0180556 0.0309143
6 0.512188 0.170278 0.0125 0.0411111 0.0247955
0 0.0071875 0.555694 0.0142969 0.0863889 0.0241394
0 0.36875 0.28 0.043125 0.0522222 0.0240479
0 0.99125 0.418889 0.0175 0.0877778 0.0218658
0 0.0151758 0.694444 0.0302344 0.173333 0.0209656
0 0.536875 0.128889 0.01125 0.0233333 0.0189819
0 0.993125 0.413333 0.0137499 0.0766667 0.018692
0 0.490625 0.146806 0.015625 0.0288889 0.0139008
5 0.595938 0.0676389 0.00687497 0.0133333 0.0125275
3 0.73875 0.202222 0.00750001 0.0363889 0.0118713
0 0.459063 0.173611 0.02375 0.0344444 0.0114212
0 0.7075 0.267222 0.03375 0.0488889 0.00923157
0 0.65875 0.171944 0.01625 0.0308333 0.0088501
0 0.6725 0.187778 0.0225 0.0416667 0.00793457
3 0.69375 0.168611 0.00499999 0.0288889 0.00769424
0 0.655 0.163333 0.0175 0.025 0.00720596
3 0.73625 0.200278 0.00750001 0.0338889 0.00602722
3 0.596875 0.131111 0.00499999 0.0172222 0.00595856
0 0.983125 0.426944 0.03375 0.100556 0.00570679
0 0.435 0.206111 0.02375 0.0402778 0.00502014
0 0.48625 0.147222 0.015 0.0272222 0.00475693
0 0.498125 0.14375 0.01125 0.0211111 0.00471878
0 0.99375 0.301111 0.0124999 0.0616666 0.00391388
3 0.72375 0.195 0.00625 0.0233333 0.00382423
3 0.68125 0.164167 0.015 0.0366667 0.00332451
0 0.67875 0.210417 0.025 0.0541667 0.0029583
0 0.614688 0.101667 0.00625 0.0138889 0.00288963
1 0.12875 0.256944 0.227813 0.506667 0.00284576
0 0.4525 0.189028 0.025 0.0402778 0.00269318
3 0.72625 0.195556 0.00499999 0.0322222 0.00264168
0 0.3575 0.293611 0.075625 0.07 0.00237846
0 0.65875 0.176944 0.0125 0.0291667 0.00234985
0 0.645625 0.1475 0.015 0.0244444 0.00234222
0 0.641875 0.14 0.01375 0.025 0.00221634
3 0.167656 0.261389 0.00718751 0.0494444 0.00213242
3 0.165625 0.267222 0.00562501 0.03 0.00209999
3 0.93125 0.3 0.01 0.0422222 0.0020752
0 0.500625 0.145417 0.0125 0.0263889 0.00204277
0 0.395625 0.242222 0.03875 0.0422222 0.00201988
0 0.6375 0.136667 0.0125 0.0216667 0.00198746
3 0.71375 0.175 0.00499999 0.0205556 0.00163555
3 0.674375 0.143333 0.00500005 0.0216667 0.00150108
3 0.69375 0.163056 0.00499999 0.0316667 0.00147247
3 0.73 0.198889 0.01 0.06 0.00136662
0 0.961875 0.407778 0.0725 0.0744444 0.00123978
0 0.516875 0.12125 0.01125 0.0175 0.00118828
0 0.5 0.139861 0.01375 0.0236111 0.00113773
0 0.551875 0.135417 0.00874996 0.0147222 0.0011158
0 0.988125 0.302222 0.02375 0.0588889 0.00111198
0 0.0360938 0.575556 0.0721875 0.0944444 0.00110722
3 0.59625 0.12375 0.00500005 0.0191667 0.00104809
0 0.99 0.437222 0.0199999 0.103333 0.00104809
0 0.634063 0.133611 0.014375 0.0244444 0.00104046
5 0.53375 0.108542 0.01 0.0206944 0.00103664
0 0.551875 0.0976389 0.00874996 0.0113889 0.00103188
