0 0.0460938 0.606111 0.0921875 0.16 0.950684
0 0.92625 0.771667 0.1175 0.207778 0.945801
0 0.0417578 0.333889 0.0638281 0.0755556 0.942383
0 0.7725 0.290833 0.0675001 0.0633333 0.94043
0 0.874375 0.539444 0.08375 0.155556 0.934082
0 0.342813 0.288333 0.055 0.0633333 0.930664
0 0.885625 0.503611 0.17125 0.133889 0.927734
0 0.0875 0.525833 0.0801563 0.139444 0.92627
0 0.91125 0.633333 0.13 0.142222 0.92627
0 0.97 0.309444 0.06 0.0722222 0.923828
0 0.92875 0.467778 0.1425 0.111111 0.915039
0 0.9625 0.926667 0.0725 0.145556 0.906738
0 0.71625 0.271944 0.04125 0.055 0.898438
6 0.633125 0.241806 0.02375 0.0569445 0.878418
0 0.0367188 0.485556 0.0734375 0.105556 0.872559
0 0.419063 0.221528 0.03125 0.0433333 0.856934
0 0.389375 0.253889 0.035 0.0511111 0.854004
0 0.365 0.272292 0.035 0.0565278 0.853027
0 0.6875 0.207639 0.0275 0.0488889 0.837402
0 0.5225 0.135972 0.015 0.0211111 0.813965
0 0.953438 0.423611 0.093125 0.106111 0.809082
5 0.605 0.115313 0.03 0.0538194 0.805664
0 0.705 0.257222 0.03625 0.0555556 0.803223
0 0.610313 0.139028 0.015625 0.0213889 0.796875
0 0.400313 0.24 0.03 0.0477778 0.790527
0 0.467813 0.170417 0.01875 0.0291667 0.665527
0 0.437813 0.194861 0.025625 0.0408333 0.633301
2 0.628125 0.189444 0.00874996 0.0344445 0.62793
0 0.478125 0.159444 0.01875 0.0291667 0.556641
0 0.53125 0.122778 0.01125 0.0205556 0.460938
0 0.700625 0.233889 0.0325 0.0494445 0.437744
3 0.929375 0.297222 0.00874996 0.0466667 0.33374
0 0.694375 0.223611 0.025 0.0433333 0.113586
0 0.525313 0.129444 0.011875 0.0177778 0.102661
0 0.696875 0.227778 0.0325 0.0472222 0.0734253
3 0.163398 0.258611 0.00757812 0.0461111 0.0685425
0 0.53 0.124444 0.0125 0.02 0.0621033
0 0.00953125 0.562778 0.0188867 0.0944444 0.0549927
0 0.66875 0.181111 0.0225 0.0372222 0.0423889
0 0.455313 0.181389 0.01875 0.03 0.0381775
0 0.0143262 0.695556 0.0286133 0.18 0.0351562
0 0.48875 0.150278 0.015625 0.0261111 0.0318604
0 0.99 0.417222 0.0199999 0.0833333 0.0288696
0 0.633438 0.131944 0.010625 0.0172222 0.0193481
0 0.496563 0.143333 0.013125 0.0233333 0.0165253
0 0.675625 0.18875 0.0175 0.0341667 0.0155411
0 0.0106836 0.589444 0.0213672 0.133333 0.0153046
0 0.632188 0.135417 0.0106249 0.0194444 0.012825
0 0.655 0.163611 0.02 0.0266667 0.0109482
0 0.61625 0.135833 0.0125 0.0252778 0.00989532
0 0.441875 0.19375 0.0275 0.0375 0.00963593
0 0.658125 0.169167 0.01625 0.0305556 0.0088501
0 0.6725 0.19 0.0175 0.0380556 0.00874329
0 0.968125 0.456111 0.06375 0.0855556 0.00760651
3 0.735 0.198194 0.00750001 0.0347222 0.00731659
0 0.0141797 0.570556 0.0283594 0.0966667 0.00709534
3 0.725 0.195 0.00499999 0.0227778 0.00638962
0 0.624375 0.120694 0.00999997 0.0194444 0.00575256
3 0.8025 0.240417 0.00750001 0.0391667 0.00498199
0 0.98125 0.427222 0.0374999 0.101111 0.00498199
0 0.5 0.143889 0.00874999 0.02 0.00486755
3 0.725625 0.195556 0.00499999 0.0294444 0.00450516
5 0.6025 0.0696528 0.00749995 0.0183333 0.0042305
2 0.158516 0.253056 0.0142187 0.0477778 0.00388527
0 0.99125 0.460556 0.0175 0.0877778 0.00380898
0 0.434375 0.205972 0.02375 0.0408333 0.00376511
3 0.84625 0.270556 0.0125 0.0716667 0.00363541
0 0.64375 0.149306 0.015 0.0233333 0.00353813
0 0.461875 0.175694 0.01625 0.0313889 0.00349617
2 0.157578 0.257778 0.0114062 0.0444445 0.00313568
0 0.9875 0.451944 0.0249999 0.0805556 0.00312424
0 0.0213281 0.577778 0.0426563 0.105556 0.00290108
0 0.60375 0.0771528 0.00750001 0.0141667 0.00286674
3 0.80125 0.243194 0.01 0.0452778 0.00279999
0 0.984375 0.415556 0.0312499 0.0833333 0.00277901
0 0.63375 0.123333 0.00999997 0.0183333 0.00276756
0 0.541875 0.10375 0.00875003 0.0161111 0.00269318
0 0.705625 0.266944 0.0325 0.0527778 0.00263214
0 0.9575 0.407778 0.085 0.0766667 0.0024929
0 0.482188 0.156667 0.018125 0.0266667 0.00220871
5 0.59625 0.0670833 0.00625 0.0168056 0.00219917
0 0.62 0.136667 0.011875 0.0172222 0.00218201
0 0.640625 0.141944 0.01375 0.0227778 0.0019722
0 0.98125 0.461389 0.0374999 0.0966667 0.00189686
3 0.72875 0.196528 0.00999997 0.0616667 0.00178909
0 0.421875 0.205694 0.03125 0.0380556 0.00169373
7 0.525938 0.831667 0.00499999 0.0177778 0.0016613
0 0.656875 0.177222 0.00875003 0.0311111 0.00161076
0 0.514063 0.131667 0.013125 0.0261111 0.0015974
0 0.500938 0.144167 0.01125 0.0241667 0.00157928
0 0.534375 0.11 0.01125 0.0227778 0.00153637
0 0.483438 0.148333 0.015 0.0288889 0.00148964
0 0.3825 0.251667 0.045 0.0594445 0.00147247
0 0.64 0.146111 0.0125 0.0216667 0.00133514
3 0.71625 0.185833 0.00499999 0.0233333 0.0012846
0 0.00546387 0.452778 0.0109277 0.0688889 0.00124454
0 0.499063 0.141944 0.015 0.0233333 0.00110722
0 0.458125 0.172222 0.0275 0.0375 0.00101185
