0 0.046875 0.606667 0.09375 0.158889 0.946777
0 0.0422266 0.335 0.0644531 0.0761111 0.944824
0 0.928125 0.772778 0.1175 0.207778 0.944824
0 0.875625 0.541111 0.08375 0.155556 0.938477
0 0.773125 0.292222 0.06625 0.0633333 0.9375
6 0.195938 0.529167 0.06375 0.159444 0.933105
0 0.886875 0.505556 0.17125 0.134444 0.931152
0 0.970625 0.311111 0.05875 0.0716667 0.927734
0 0.343672 0.289722 0.0539063 0.0633333 0.924805
0 0.0895313 0.528611 0.07875 0.143889 0.924805
0 0.9125 0.635 0.13125 0.141111 0.923828
0 0.963125 0.926667 0.0725 0.144444 0.916504
0 0.929375 0.468333 0.14125 0.11 0.913574
0 0.7175 0.273056 0.0425 0.0561111 0.908203
0 0.038418 0.488333 0.0768359 0.106667 0.868164
0 0.365938 0.273958 0.035 0.0576389 0.86084
0 0.39 0.254722 0.03625 0.0522222 0.855957
0 0.523125 0.138889 0.01625 0.0211111 0.849121
3 0.137109 0.481944 0.0248438 0.125 0.833496
0 0.68875 0.209444 0.03 0.0519444 0.827637
0 0.954375 0.423889 0.09125 0.104444 0.823242
0 0.420625 0.221806 0.03125 0.0441667 0.820801
0 0.401875 0.240278 0.03 0.0477778 0.791992
0 0.698125 0.231806 0.03375 0.0530555 0.774414
0 0.7075 0.259167 0.0375 0.0566667 0.753418
0 0.542813 0.129583 0.013125 0.0247222 0.720215
0 0.439063 0.196806 0.026875 0.0413889 0.644043
0 0.470625 0.171667 0.01875 0.0283333 0.584961
0 0.47875 0.160972 0.018125 0.0288889 0.537109
3 0.70125 0.185556 0.00750001 0.0322222 0.363037
0 0.45875 0.181111 0.02125 0.0327778 0.236572
0 0.5325 0.119583 0.01125 0.0180556 0.2323
0 0.600938 0.0994444 0.00875003 0.0127778 0.201782
3 0.701875 0.179444 0.00874996 0.0311111 0.171021
0 0.670625 0.18375 0.0225 0.0388889 0.121277
0 0.69375 0.224722 0.0275 0.0472222 0.0960083
0 0.489375 0.151389 0.01625 0.0294444 0.0769653
0 0.52375 0.134444 0.015 0.0227778 0.062561
3 0.69875 0.180417 0.01 0.0355555 0.0448608
0 0.535 0.129167 0.01125 0.025 0.0406799
0 0.990625 0.43 0.0187499 0.102222 0.0335999
0 0.991875 0.418333 0.01625 0.0877778 0.0317383
0 0.00882813 0.571111 0.0175586 0.0966666 0.0305634
0 0.7 0.2475 0.035 0.0566667 0.0278015
0 0.99375 0.412222 0.0124999 0.0755556 0.0263519
0 0.46875 0.174306 0.01875 0.0319445 0.0237732
0 0.0114551 0.589861 0.0229102 0.1225 0.0206909
0 0.435 0.208472 0.0225 0.0380556 0.016098
0 0.00751465 0.553889 0.0149316 0.0855556 0.0151901
0 0.45875 0.175833 0.0225 0.035 0.014389
0 0.0149316 0.697778 0.0297852 0.18 0.0129242
0 0.66 0.173472 0.02 0.0305556 0.0106506
0 0.525625 0.125694 0.00874999 0.0197222 0.0100098
0 0.673125 0.189028 0.0225 0.04 0.00985718
0 0.7075 0.2675 0.0325 0.05 0.00955963
0 0.658125 0.175556 0.015 0.0294444 0.00948334
0 0.984375 0.428333 0.0312499 0.102222 0.00803375
0 0.655 0.163056 0.01875 0.025 0.0064888
0 0.0147559 0.576667 0.0295117 0.0977778 0.00579834
3 0.73875 0.203333 0.00750001 0.0355555 0.00557709
3 0.167969 0.265556 0.00687499 0.04 0.00486755
0 0.599375 0.0999306 0.009375 0.0123611 0.00475693
3 0.7025 0.169167 0.00999997 0.0438889 0.00413513
0 0.65375 0.158889 0.0175 0.0272222 0.00402451
0 0.0220117 0.58 0.0440234 0.104444 0.00359344
0 0.49875 0.145278 0.015 0.0258333 0.00304031
0 0.481875 0.157778 0.01875 0.0261111 0.00291252
0 0.681875 0.211111 0.02875 0.0522222 0.00279999
3 0.72625 0.195694 0.00499999 0.0322222 0.00251198
3 0.73625 0.198333 0.00750001 0.0377778 0.00242424
0 0.660625 0.165833 0.02 0.0322222 0.00234222
0 0.488125 0.146944 0.01375 0.0272222 0.00213242
0 0.5 0.140972 0.01375 0.0227778 0.00203514
0 0.641406 0.139583 0.0146875 0.0247222 0.00188255
0 0.541875 0.106389 0.00999997 0.0191667 0.00186062
3 0.7125 0.177778 0.00750001 0.0255555 0.0018034
0 0.646406 0.149722 0.0171875 0.0255555 0.00179577
3 0.715 0.185556 0.00500005 0.0297222 0.00174141
0 0.615625 0.103472 0.00625 0.0144444 0.00173378
0 0.5 0.1475 0.01 0.0211111 0.00162315
3 0.725 0.195556 0.00499999 0.0272222 0.00158501
0 0.6375 0.137917 0.0125 0.0208333 0.00157928
0 0.4725 0.167917 0.01875 0.0313889 0.00156689
3 0.6975 0.163056 0.00750001 0.0361111 0.00147247
0 0.976875 0.449722 0.04625 0.085 0.00139904
0 0.518438 0.123611 0.0125 0.02 0.00130463
0 0.551875 0.0963889 0.00874996 0.0130556 0.00119686
3 0.165313 0.262222 0.00687499 0.0383334 0.00119686
0 0.00925781 0.464444 0.0185156 0.0761111 0.00115108
0 0.99125 0.462778 0.0175 0.0877778 0.00115108
0 0.9625 0.406667 0.0725 0.0727778 0.00106049
0 0.63375 0.1325 0.0137499 0.0227778 0.00103188
