0 0.0441309 0.337778 0.0642383 0.0772222 0.946777
0 0.93 0.773333 0.1175 0.208889 0.945801
0 0.0478125 0.61 0.095 0.158889 0.944824
0 0.87625 0.542222 0.0825 0.155556 0.939941
0 0.8875 0.506667 0.17 0.133333 0.930176
0 0.97125 0.312222 0.0575 0.0722222 0.928223
0 0.345 0.291667 0.055625 0.0644445 0.92627
0 0.91375 0.637778 0.13125 0.144444 0.924805
0 0.96375 0.926667 0.0725 0.144444 0.917969
0 0.0879883 0.53 0.0833984 0.142222 0.911621
0 0.71875 0.274514 0.045 0.0565278 0.906738
0 0.93 0.47 0.14 0.11 0.905762
0 0.0397852 0.491111 0.0795703 0.112222 0.896973
0 0.391563 0.2575 0.036875 0.0522222 0.88623
0 0.69 0.211944 0.0300001 0.05 0.869629
0 0.608125 0.128889 0.013125 0.0180556 0.868164
3 0.69375 0.751111 0.035 0.206667 0.868164
0 0.36625 0.275 0.035 0.0555556 0.861328
0 0.4075 0.2425 0.03125 0.045 0.854004
0 0.4225 0.223194 0.030625 0.0461111 0.845703
6 0.599688 0.222778 0.021875 0.0516667 0.841797
0 0.524688 0.140278 0.015625 0.0194444 0.838867
0 0.955 0.425 0.09 0.103333 0.822266
0 0.708125 0.259722 0.035 0.0561111 0.796875
0 0.7 0.234444 0.03375 0.05 0.773438
0 0.439375 0.200694 0.025 0.0419444 0.70752
0 0.47125 0.173611 0.02 0.0291667 0.697754
0 0.480938 0.160694 0.0175 0.0280556 0.609375
0 0.535313 0.127222 0.010625 0.02 0.294189
0 0.534063 0.124722 0.011875 0.0213889 0.223999
0 0.0154785 0.71 0.0308008 0.208889 0.136108
0 0.6725 0.184861 0.025 0.0408333 0.132568
0 0.456875 0.186111 0.019375 0.0311111 0.12085
0 0.695 0.228611 0.0275 0.0494444 0.0863037
2 0.550625 0.14 0.00875003 0.0211111 0.0766602
0 0.623125 0.11625 0.01125 0.0169445 0.0310211
0 0.99125 0.416667 0.0175 0.0844444 0.0280151
0 0.459375 0.183611 0.019375 0.0338889 0.0278015
0 0.708125 0.2675 0.03125 0.0477778 0.0183411
0 0.988125 0.429167 0.02375 0.0994444 0.016922
0 0.6575 0.176806 0.0125 0.0283333 0.0154266
0 0.540625 0.11441 0.01 0.0178472 0.0151291
0 0.680625 0.202917 0.0175001 0.0402778 0.0147324
0 0.61625 0.0976389 0.00750001 0.0127778 0.0123367
0 0.490938 0.15 0.01375 0.0266667 0.011467
0 0.65875 0.177222 0.0175001 0.0286111 0.00963593
0 0.985 0.418056 0.03 0.0838889 0.00740433
0 0.635 0.129306 0.01375 0.0211111 0.00725937
0 0.58375 0.08 0.00625 0.0102778 0.00723267
0 0.541875 0.107639 0.00999997 0.0183333 0.0064621
0 0.65375 0.156944 0.0175 0.0263889 0.0064621
5 0.603438 0.0756944 0.00562496 0.0145833 0.00595856
0 0.520625 0.134167 0.0125 0.0188889 0.00595856
0 0.495625 0.141111 0.01125 0.0205556 0.00575256
0 0.426563 0.218056 0.04 0.0516667 0.00498199
0 0.9825 0.429444 0.035 0.1 0.0049057
0 0.635625 0.133611 0.01125 0.0211111 0.00453949
0 0.659375 0.163889 0.01875 0.03 0.00411606
0 0.65125 0.1575 0.015 0.0222222 0.00359344
3 0.739375 0.205556 0.00874996 0.0361111 0.00351143
0 0.52125 0.123472 0.01 0.0180556 0.00349617
0 0.635313 0.125556 0.011875 0.0194444 0.00318527
0 0.5525 0.101875 0.00749995 0.01125 0.003088
2 0.548125 0.134306 0.00875003 0.0186111 0.00277901
0 0.58125 0.0755556 0.00625 0.0136111 0.00269318
3 0.69625 0.174444 0.00749995 0.0255556 0.00265312
0 0.965 0.408333 0.07 0.075 0.00264168
2 0.549063 0.150278 0.00687497 0.0313889 0.00263214
5 0.621875 0.103194 0.01 0.0155556 0.00252151
0 0.645625 0.157361 0.0125 0.0219444 0.00230598
5 0.5725 0.0778472 0.00750001 0.0147222 0.00198746
0 0.970625 0.398333 0.05 0.0555556 0.0019722
0 0.46 0.462778 0.01125 0.0166667 0.00188255
0 0.643125 0.138889 0.0137499 0.0238889 0.00185299
0 0.9925 0.305 0.015 0.0655556 0.0017271
0 0.45375 0.188889 0.0275 0.0411111 0.00161076
0 0.381875 0.231389 0.02125 0.0322222 0.00156116
0 0.499688 0.132917 0.013125 0.0202778 0.00146675
0 0.518125 0.124028 0.01125 0.0186111 0.00134087
0 0.536875 0.136111 0.0125 0.0230556 0.00126934
7 0.964375 0.927778 0.07 0.144444 0.00124454
0 0.0128027 0.597778 0.0256055 0.122222 0.00123501
2 0.55125 0.143333 0.00999997 0.0238889 0.00112438
0 0.464375 0.185278 0.02 0.0361111 0.0011158
0 0.5625 0.0855556 0.00750001 0.0108333 0.00106525
