0 0.0463672 0.606111 0.0927344 0.16 0.947266
0 0.9275 0.772222 0.1175 0.206667 0.945801
0 0.0421875 0.333889 0.0635938 0.0766667 0.941895
0 0.875 0.539444 0.0825 0.154444 0.937988
0 0.7725 0.291389 0.06625 0.0638889 0.9375
0 0.88625 0.504167 0.17125 0.133889 0.931641
0 0.34375 0.288611 0.055 0.0627778 0.928711
0 0.97 0.310278 0.06 0.0716667 0.924316
0 0.91125 0.635 0.13 0.144444 0.922363
0 0.0889063 0.526389 0.0792188 0.140556 0.921387
0 0.92875 0.468056 0.1425 0.110556 0.916016
0 0.71625 0.272222 0.0425 0.0555556 0.911621
0 0.9625 0.926667 0.0725 0.144444 0.906738
0 0.6875 0.208333 0.03 0.05 0.878906
5 0.604375 0.116354 0.03 0.055625 0.874023
2 0.7325 0.411111 0.0225 0.0988889 0.871094
0 0.0380273 0.486111 0.0760547 0.106667 0.867188
0 0.39 0.254722 0.035 0.0511111 0.861328
0 0.420313 0.220556 0.03125 0.0447222 0.855957
0 0.365625 0.272222 0.035 0.0555556 0.84375
0 0.523125 0.137222 0.015 0.0216667 0.838867
0 0.954063 0.424444 0.091875 0.104444 0.825684
0 0.400625 0.239722 0.03 0.0477778 0.804199
6 0.620625 0.176944 0.026875 0.0361111 0.800781
0 0.705625 0.257222 0.0362501 0.055 0.796875
3 0.93 0.296667 0.00875003 0.0522222 0.745605
0 0.611875 0.138056 0.0137499 0.0205556 0.740234
0 0.469063 0.169861 0.019375 0.0294444 0.729492
0 0.479375 0.159722 0.0175 0.0288889 0.583008
0 0.439375 0.195972 0.025 0.0425 0.57959
0 0.70125 0.234167 0.0325 0.0488889 0.533203
0 0.5325 0.123333 0.0125 0.0213889 0.496094
0 0.66875 0.182361 0.0225 0.0394445 0.270508
0 0.0148535 0.700556 0.0296289 0.185556 0.150513
0 0.489375 0.151389 0.01625 0.0266667 0.108948
0 0.528125 0.125833 0.01 0.0183333 0.105957
0 0.69375 0.226667 0.025 0.0444445 0.0878906
3 0.92875 0.295556 0.00999997 0.0583333 0.0789185
0 0.634375 0.132361 0.0125 0.0233333 0.0731812
2 0.9575 0.286111 0.0125 0.0444444 0.049408
0 0.0101367 0.561667 0.0201172 0.0955556 0.0492249
2 0.960625 0.290556 0.0375 0.0422222 0.0441895
2 0.9625 0.283889 0.02 0.0455556 0.0405273
0 0.654375 0.156389 0.0175 0.0225 0.03125
0 0.0119141 0.586111 0.0238281 0.131111 0.0298767
0 0.530938 0.124722 0.013125 0.0205556 0.0240479
0 0.989375 0.430556 0.02125 0.102222 0.0238647
0 0.99125 0.422222 0.0175 0.0888889 0.0229797
0 0.660625 0.172917 0.01875 0.0333333 0.0204926
0 0.452813 0.183611 0.01625 0.03 0.016922
0 0.67375 0.188056 0.0225 0.0416667 0.0133286
0 0.616563 0.136667 0.011875 0.025 0.0127258
0 0.6525 0.154444 0.0199999 0.0294444 0.0126266
0 0.69625 0.229167 0.0375 0.0483333 0.0109024
0 0.5025 0.144861 0.01125 0.0225 0.0108566
0 0.983125 0.427778 0.03375 0.1 0.00997162
3 0.739375 0.203056 0.00625 0.0355556 0.00981903
0 0.0141797 0.568889 0.0283594 0.1 0.00926971
0 0.492813 0.145556 0.014375 0.0255555 0.00787354
0 0.541875 0.105972 0.00875003 0.0172222 0.00757599
0 0.646406 0.149722 0.0196875 0.0261111 0.00723267
3 0.8025 0.241528 0.00999997 0.0386111 0.00609589
0 0.481875 0.157361 0.01875 0.0269444 0.00600433
0 0.63375 0.125 0.0112501 0.0222222 0.00553513
0 0.0235938 0.574306 0.0471875 0.1025 0.00498199
0 0.460625 0.177083 0.0175 0.0269444 0.00471878
0 0.640625 0.138056 0.015 0.0244444 0.00413513
2 0.965 0.286389 0.0325 0.0483333 0.00388527
0 0.4675 0.173333 0.019375 0.0344444 0.0037365
0 0.626875 0.120972 0.00750001 0.0172222 0.00327301
0 0.3825 0.250694 0.04 0.0586111 0.00312424
2 0.965 0.29 0.04 0.0622222 0.00291252
0 0.531875 0.126528 0.01 0.0233333 0.00273705
0 0.64125 0.148472 0.015 0.0236111 0.00245285
0 0.66 0.175972 0.0125 0.0316667 0.00223351
0 0.435625 0.205417 0.02375 0.0413889 0.00192642
0 0.658125 0.164167 0.02125 0.0311111 0.00185299
2 0.965 0.278056 0.0275 0.0577778 0.00154877
0 0.95625 0.407222 0.08375 0.0722222 0.00152493
0 0.68 0.209444 0.0275 0.0555556 0.00148392
0 0.99 0.303611 0.0199999 0.0627778 0.00143242
3 0.92625 0.279444 0.01 0.0744444 0.00139427
3 0.82875 0.203333 0.00749995 0.0355555 0.00121593
0 0.97625 0.447778 0.0475 0.09 0.00107288
6 0.620938 0.154167 0.015 0.0216667 0.00106525
0 0.013291 0.532222 0.0264648 0.107778 0.00103188
