0 0.935625 0.782222 0.1175 0.206667 0.950195
0 0.0516406 0.62 0.103281 0.157778 0.947754
0 0.0505566 0.345556 0.0641992 0.0783333 0.935059
0 0.89375 0.515 0.17 0.133333 0.93457
0 0.88375 0.55125 0.08375 0.1575 0.933594
0 0.974375 0.319444 0.05125 0.0716667 0.931641
0 0.9675 0.93 0.065 0.137778 0.928711
0 0.0946875 0.54 0.085 0.142222 0.928223
0 0.79375 0.301111 0.07375 0.0622222 0.921875
0 0.92 0.645 0.1325 0.145556 0.919434
0 0.399375 0.266667 0.035 0.0505556 0.911133
0 0.9325 0.478611 0.135 0.112778 0.903809
0 0.3725 0.285556 0.0425 0.0588889 0.897461
0 0.725625 0.283889 0.0425 0.0572222 0.892578
6 0.91125 0.367222 0.085 0.106667 0.876953
0 0.69625 0.219722 0.0300001 0.05 0.875977
0 0.428438 0.232639 0.0325 0.0463889 0.867188
0 0.414063 0.251667 0.033125 0.0472222 0.863281
0 0.9575 0.431111 0.08375 0.0988889 0.844727
0 0.531875 0.148333 0.015625 0.0211111 0.836426
3 0.515 0.320278 0.01375 0.0716667 0.825684
3 0.83 0.349444 0.0125 0.0811111 0.792969
0 0.705625 0.242222 0.035 0.0511111 0.751953
0 0.71375 0.268333 0.0375 0.0561111 0.750488
0 0.488438 0.170278 0.01875 0.0311111 0.716797
0 0.447813 0.208889 0.028125 0.0433333 0.684082
0 0.47375 0.183333 0.02125 0.0361111 0.668945
5 0.5675 0.105139 0.01 0.0191667 0.588867
0 0.54125 0.135278 0.01125 0.0194444 0.517578
0 0.0187207 0.718889 0.0374024 0.206667 0.334473
0 0.550625 0.12875 0.00999997 0.02 0.26123
3 0.375 0.244722 0.01 0.0405556 0.122131
0 0.537188 0.139167 0.009375 0.0186111 0.117554
2 0.935 0.364167 0.0375 0.0561111 0.0820923
0 0.504063 0.153056 0.013125 0.025 0.0548096
0 0.67875 0.195556 0.0225 0.0369445 0.0534058
3 0.36875 0.228056 0.00749998 0.0511111 0.0534058
0 0.52625 0.142778 0.0125 0.0216667 0.0512695
0 0.55125 0.122778 0.00875003 0.0169444 0.0463867
0 0.465 0.190694 0.01625 0.0380556 0.0287628
0 0.440625 0.216111 0.025 0.0405555 0.0268555
0 0.54375 0.127778 0.01125 0.0233333 0.0233307
0 0.67625 0.190278 0.025 0.0322222 0.0182648
3 0.828125 0.338889 0.01375 0.0666667 0.0121002
0 0.71 0.269167 0.0275 0.0466667 0.011734
5 0.566875 0.100625 0.00999997 0.0220833 0.0102463
3 0.374688 0.230417 0.01125 0.0558333 0.00948334
0 0.71875 0.273889 0.03375 0.0544444 0.0091629
7 0.179688 0.276111 0.00625 0.0311111 0.00847626
0 0.665 0.170278 0.0199999 0.0330556 0.00812531
5 0.425938 0.462778 0.03625 0.0627778 0.00714874
0 0.0127734 0.602778 0.0255078 0.116667 0.00616837
0 0.66875 0.178611 0.0225 0.0305556 0.00566483
2 0.637188 0.132778 0.00687497 0.0172222 0.00540543
0 0.983125 0.42 0.03375 0.0811111 0.00526047
3 0.65875 0.167917 0.0125 0.0291667 0.00496292
3 0.368125 0.221389 0.00687501 0.0427778 0.00492477
3 0.172344 0.268264 0.00687499 0.04125 0.00466537
0 0.443438 0.213333 0.0325 0.0511111 0.00457382
5 0.559375 0.103889 0.01 0.0177778 0.00407028
0 0.470625 0.186944 0.019375 0.0422222 0.00390053
0 0.6725 0.189722 0.0225 0.0372222 0.00385475
0 0.67 0.192917 0.0175 0.0338889 0.00382423
0 0.90875 0.326667 0.0275 0.0411111 0.00369263
0 0.913125 0.339167 0.03875 0.0644445 0.00362206
3 0.65125 0.167222 0.00499999 0.0255556 0.00355148
3 0.366875 0.232778 0.00812499 0.0622222 0.00351143
0 0.0237109 0.608333 0.0474219 0.132222 0.00337601
0 0.71625 0.252222 0.04 0.0566667 0.00332451
3 0.740625 0.204583 0.00874996 0.0380556 0.00325966
3 0.5175 0.321667 0.0175 0.0722222 0.00318527
0 0.49875 0.160556 0.015 0.0266667 0.00317192
3 0.93375 0.284722 0.0125 0.0805556 0.00307465
3 0.172344 0.261667 0.00718751 0.0388889 0.0027256
3 0.93 0.273403 0.00999997 0.0665278 0.00271416
0 0.66125 0.164306 0.02 0.0322222 0.00243378
3 0.74875 0.197639 0.00750001 0.0477778 0.00217438
0 0.913125 0.330556 0.02875 0.0488889 0.00198746
0 0.51125 0.148611 0.015 0.0225 0.0019722
0 0.655625 0.163333 0.0125 0.0302778 0.00188255
5 0.566875 0.110035 0.00875003 0.0171528 0.00184631
0 0.9225 0.341944 0.05625 0.0661111 0.00174141
0 0.9925 0.411389 0.015 0.0711111 0.00161648
0 0.990625 0.574444 0.0187499 0.0866666 0.00156116
3 0.97 0.263056 0.00750001 0.0311111 0.00153637
2 0.64625 0.170694 0.00500005 0.0177778 0.00147247
3 0.511875 0.32 0.01875 0.0711111 0.00146103
0 0.64875 0.149167 0.0125 0.0244444 0.00141048
0 0.9675 0.411389 0.0625 0.0666667 0.00141048
3 0.177188 0.273889 0.009375 0.04 0.00138283
0 0.99 0.419444 0.0199999 0.0855555 0.00134087
0 0.505313 0.146944 0.01 0.0266667 0.00132465
0 0.525 0.484444 0.02125 0.025 0.00126457
3 0.656875 0.181667 0.00499999 0.0238889 0.00117874
0 0.6425 0.14 0.015 0.0216667 0.00105286
0 0.90375 0.33 0.0475 0.0422222 0.00104046
0 0.9125 0.501667 0.1625 0.127778 0.00102043
