0 0.0522656 0.620556 0.104219 0.156667 0.947754
0 0.93625 0.783333 0.11875 0.208889 0.944824
0 0.0515527 0.345556 0.0645508 0.0783333 0.935547
0 0.975 0.319444 0.0499999 0.0722222 0.932617
0 0.895 0.514722 0.17 0.133889 0.931152
0 0.88375 0.552222 0.085 0.157778 0.928223
0 0.0958594 0.54 0.08375 0.143333 0.926758
0 0.920625 0.645556 0.13125 0.146667 0.924805
0 0.795 0.301111 0.075 0.0611111 0.924316
0 0.968125 0.931111 0.06375 0.135556 0.924316
0 0.933125 0.480278 0.13375 0.117222 0.903809
0 0.399375 0.267222 0.03625 0.0516667 0.901855
0 0.373125 0.286111 0.041875 0.0594444 0.895508
0 0.72625 0.283611 0.0425 0.0577778 0.892578
0 0.43 0.233056 0.030625 0.0472222 0.870605
0 0.6975 0.219167 0.03 0.0483333 0.867188
0 0.414375 0.250833 0.0325 0.0461111 0.86084
0 0.531875 0.149722 0.015 0.0197222 0.845703
0 0.9575 0.429444 0.08375 0.0955556 0.830078
5 0.56 0.116667 0.0125 0.0225 0.818848
0 0.715 0.2675 0.0375 0.055 0.751953
0 0.70625 0.241111 0.035 0.0511111 0.750488
0 0.448125 0.209167 0.0275 0.0433333 0.702637
0 0.48875 0.170694 0.018125 0.0308333 0.690918
0 0.474375 0.183889 0.02125 0.0361111 0.677246
0 0.542813 0.135833 0.0125 0.0183333 0.633301
2 0.637188 0.223056 0.013125 0.0433333 0.600098
2 0.6575 0.209722 0.00999997 0.0372222 0.533203
0 0.0193555 0.713333 0.0387109 0.188889 0.437744
0 0.958125 0.445833 0.0825 0.0833333 0.287842
0 0.463125 0.193333 0.01875 0.0372222 0.093689
0 0.502188 0.154722 0.01375 0.0244444 0.0499573
0 0.441563 0.214722 0.025 0.0433333 0.0469055
0 0.537813 0.139722 0.00937503 0.0172222 0.0450134
2 0.655625 0.209028 0.0137499 0.0316667 0.0438538
0 0.4725 0.188056 0.02 0.035 0.0394897
0 0.527188 0.143333 0.010625 0.02 0.0379028
0 0.6725 0.190278 0.02 0.0327778 0.032959
7 0.356563 0.772778 0.00499999 0.0155556 0.0236053
0 0.67625 0.194028 0.02 0.0358333 0.0147324
3 0.109219 0.340278 0.008125 0.0333334 0.0137405
0 0.70875 0.269722 0.0237501 0.045 0.0126266
0 0.53625 0.140417 0.01125 0.0197222 0.0117798
0 0.658125 0.165 0.01875 0.0244445 0.008255
0 0.97 0.416667 0.06 0.0722222 0.00818634
0 0.66625 0.185278 0.02 0.0308333 0.00766754
0 0.674375 0.199722 0.015 0.0327778 0.00703812
0 0.0386133 0.579444 0.0772266 0.0944444 0.0069313
0 0.49875 0.161528 0.015 0.0258333 0.0064888
0 0.66375 0.167639 0.0175 0.0288889 0.00634003
0 0.66375 0.173056 0.02 0.0294444 0.00557709
0 0.54625 0.128611 0.0106249 0.0166667 0.00557709
5 0.56 0.112778 0.01375 0.0283333 0.00443268
0 0.442188 0.213056 0.034375 0.0527778 0.00418091
0 0.66125 0.162778 0.0225 0.0283333 0.00413513
0 0.671875 0.184444 0.02 0.0327778 0.00399017
0 0.505313 0.154444 0.014375 0.0227778 0.00390053
7 0.364688 0.778333 0.00562499 0.0144444 0.00355148
0 0.54375 0.1275 0.0125 0.0233333 0.00327301
3 0.63625 0.134167 0.00625 0.0169444 0.00322342
3 0.65375 0.166667 0.00999997 0.0238889 0.00322342
0 0.716875 0.252778 0.0375 0.0588889 0.00282288
7 0.313125 0.762222 0.00750001 0.0155555 0.00257111
5 0.623125 0.105417 0.00750001 0.0175 0.00245285
0 0.56375 0.108333 0.00750001 0.0205556 0.00221634
0 0.72 0.274722 0.0325 0.0544444 0.00218201
0 0.99375 0.411111 0.0124999 0.0688889 0.00217438
0 0.0116797 0.604445 0.0233594 0.117778 0.00208282
2 0.66875 0.195972 0.015 0.0316667 0.00192642
3 0.705 0.172778 0.00499999 0.0244444 0.00189686
0 0.510625 0.150278 0.01375 0.0222222 0.00183868
0 0.96125 0.410278 0.0725 0.0622222 0.0015974
2 0.624375 0.114861 0.00500005 0.0133333 0.00151253
0 0.02375 0.599444 0.0475 0.117778 0.00146675
0 0.99125 0.416667 0.0175 0.075 0.00139904
7 0.535625 0.434167 0.00625 0.015 0.00137234
3 0.63625 0.15125 0.00499999 0.0205556 0.00130463
0 0.633125 0.121389 0.00812499 0.0133333 0.0012846
3 0.63 0.125 0.00625 0.0138889 0.00125504
7 0.9675 0.931111 0.065 0.136667 0.00105667
