0 0.73625 0.681667 0.11625 0.198889 0.949707
0 0.0515625 0.619444 0.102969 0.156667 0.947754
0 0.935625 0.782222 0.1175 0.208889 0.946777
0 0.974375 0.319167 0.05125 0.0722222 0.93457
0 0.0508984 0.345 0.0641406 0.0777778 0.93457
0 0.883125 0.551111 0.08375 0.156667 0.934082
0 0.89375 0.514444 0.17 0.134444 0.933594
0 0.3525 0.3 0.055 0.0644445 0.931641
0 0.79375 0.300556 0.0725 0.0622222 0.927246
0 0.96625 0.93 0.0675 0.137778 0.923828
0 0.0950781 0.540556 0.0834375 0.142222 0.921387
0 0.92 0.645 0.1325 0.145556 0.919434
0 0.9325 0.478889 0.135 0.114444 0.90332
0 0.725 0.282778 0.0425 0.0577778 0.902832
0 0.399375 0.266042 0.035 0.05125 0.896973
0 0.0417188 0.501667 0.0834375 0.111111 0.888672
0 0.69625 0.218611 0.0300001 0.0488889 0.887207
0 0.429063 0.231944 0.031875 0.0472222 0.873047
0 0.41375 0.251597 0.033125 0.0468055 0.858887
0 0.9575 0.430556 0.08375 0.0988889 0.85791
0 0.375 0.283889 0.0375 0.0566667 0.847168
0 0.531875 0.148611 0.01625 0.02 0.836426
0 0.705 0.241389 0.035 0.0505555 0.741699
0 0.488125 0.169722 0.01875 0.0311111 0.732422
0 0.71375 0.267778 0.0375 0.0555556 0.730957
6 0.65375 0.202361 0.015 0.0411111 0.722656
0 0.473125 0.183472 0.02125 0.0363889 0.658203
0 0.4475 0.208333 0.02875 0.0444444 0.651367
5 0.587188 0.0881944 0.00812499 0.0216667 0.59082
0 0.541563 0.133333 0.0125 0.0211111 0.548828
5 0.567813 0.103194 0.00875003 0.0175 0.537109
0 0.0185352 0.722778 0.0369922 0.21 0.357666
5 0.586875 0.0923611 0.00749995 0.0170833 0.356689
0 0.50375 0.1525 0.015 0.025 0.144165
0 0.679375 0.195694 0.02125 0.0386111 0.11554
0 0.0129688 0.473333 0.0258594 0.0777778 0.0685425
0 0.528125 0.144306 0.01375 0.0225 0.0539856
0 0.542188 0.128056 0.013125 0.0238889 0.0323486
0 0.440313 0.217222 0.025625 0.0397222 0.0207977
0 0.70875 0.269722 0.02625 0.0461111 0.0201416
0 0.678125 0.19 0.02125 0.0316667 0.018158
0 0.53375 0.141944 0.01375 0.0194444 0.0180511
0 0.535313 0.140417 0.013125 0.0216667 0.0175171
0 0.551563 0.116667 0.00812499 0.0144444 0.0157776
0 0.464063 0.191111 0.014375 0.0372222 0.012291
0 0.544375 0.127222 0.0125 0.02 0.0107346
0 0.245625 0.857778 0.125625 0.186667 0.00974274
2 0.636563 0.134167 0.00687497 0.0177778 0.00717545
0 0.66625 0.177083 0.02125 0.0294444 0.0069313
0 0.0106152 0.601111 0.0212305 0.122222 0.0064888
0 0.442813 0.213333 0.0325 0.0511111 0.00600433
5 0.567188 0.0998611 0.01 0.0211111 0.0050621
0 0.65625 0.203472 0.0125 0.0408333 0.00488663
3 0.376875 0.254167 0.01375 0.0411111 0.00479126
0 0.00994141 0.460833 0.0198242 0.0922222 0.0045929
0 0.509688 0.14875 0.01375 0.0222222 0.00438309
0 0.504375 0.147222 0.0125 0.0261111 0.00426483
0 0.012666 0.489167 0.0251758 0.0816667 0.00342941
0 0.669375 0.186944 0.02125 0.0305556 0.00337601
0 0.020332 0.605556 0.0406641 0.137778 0.00319672
0 0.98375 0.417778 0.0325 0.0777778 0.00309944
0 0.9925 0.410556 0.015 0.07 0.00304031
0 0.66625 0.171667 0.02 0.0330556 0.00298119
0 0.01375 0.575 0.0275 0.198889 0.00294685
0 0.66875 0.180833 0.02 0.0305556 0.00265312
2 0.0048584 0.441667 0.0097168 0.106667 0.00255013
3 0.630938 0.129306 0.00625 0.0152778 0.00246239
0 0.71625 0.250694 0.04 0.0563889 0.00246239
0 0.658125 0.176806 0.01375 0.0336111 0.00244331
5 0.55875 0.104306 0.009375 0.0175 0.00239754
0 0.648125 0.15 0.0125 0.0211111 0.002388
0 0.0672656 0.863333 0.0470313 0.0533333 0.00218201
0 0.99125 0.575 0.0175 0.0866667 0.00193405
0 0.511563 0.144861 0.0125 0.0236111 0.00185299
0 0.651875 0.156667 0.0125 0.0266667 0.00183105
0 0.012207 0.586667 0.0244141 0.134444 0.0016489
0 0.6525 0.158333 0.00999997 0.0227778 0.00161648
3 0.93 0.274167 0.00999997 0.065 0.00161076
0 0.97125 0.41 0.055 0.0616666 0.00137234
0 0.99 0.418611 0.0199999 0.0861111 0.00135612
0 0.71875 0.260278 0.0425 0.0477778 0.00127888
7 0.96625 0.93 0.0675 0.137778 0.0012064
0 0.499063 0.159722 0.015625 0.0277778 0.00117874
0 0.66125 0.162917 0.02 0.0291667 0.00116062
3 0.62625 0.134861 0.00499999 0.0133333 0.00111198
0 0.70875 0.245278 0.0449999 0.0611111 0.00109863
0 0.624375 0.114479 0.00687497 0.0138194 0.00107288
0 0.0135254 0.532778 0.0270117 0.0855556 0.00104809
