0 0.93375 0.779444 0.1175 0.207778 0.95166
0 0.0499609 0.616667 0.0999219 0.157778 0.946777
0 0.0480078 0.343889 0.0641406 0.0755556 0.939941
0 0.88125 0.548333 0.0825 0.155556 0.9375
0 0.79125 0.299167 0.0725 0.0622222 0.933105
0 0.8925 0.5125 0.17 0.135 0.932129
0 0.97375 0.317222 0.0525 0.0711111 0.92627
0 0.0927344 0.536667 0.0839063 0.144444 0.920898
0 0.964375 0.928889 0.07 0.14 0.92041
6 0.39375 0.479722 0.0575 0.147222 0.917969
0 0.349375 0.297778 0.05375 0.0638889 0.91748
0 0.918125 0.644444 0.13125 0.148889 0.916504
0 0.723125 0.280556 0.0425 0.0577778 0.902832
0 0.930625 0.475556 0.13875 0.11 0.902832
0 0.0410938 0.498333 0.0821875 0.11 0.900391
0 0.69375 0.217222 0.03 0.05 0.862305
0 0.426875 0.229861 0.03125 0.0463889 0.86084
0 0.411875 0.248056 0.03125 0.0455556 0.856934
0 0.395938 0.264167 0.035625 0.0505556 0.847168
3 0.213125 0.336667 0.019375 0.05 0.847168
0 0.37125 0.281944 0.034375 0.0572222 0.834473
0 0.956563 0.428333 0.086875 0.0983333 0.831055
0 0.71125 0.267778 0.035 0.0511111 0.754883
0 0.529375 0.145833 0.015 0.02 0.730957
0 0.44375 0.206111 0.024375 0.0416667 0.71875
0 0.70375 0.239444 0.035 0.0533334 0.712402
0 0.485625 0.168333 0.019375 0.0305556 0.692871
0 0.470625 0.180972 0.02 0.0330556 0.615234
0 0.0169336 0.717778 0.0337891 0.204444 0.498047
0 0.53875 0.132778 0.01125 0.0211111 0.486328
0 0.469375 0.185 0.02 0.0327778 0.176636
0 0.67625 0.191111 0.02375 0.0405556 0.153076
0 0.505 0.151111 0.01375 0.0227778 0.088501
0 0.695 0.224722 0.0275 0.0502778 0.076416
0 0.564375 0.0955556 0.00750001 0.0141667 0.0391846
0 0.460938 0.19 0.015625 0.0366667 0.0362244
0 0.53875 0.127083 0.00999997 0.0216667 0.0250854
0 0.7075 0.246667 0.04 0.0522222 0.0248871
0 0.475625 0.178333 0.02125 0.0288889 0.0224609
0 0.9875 0.410556 0.0249999 0.0722222 0.0186157
0 0.540625 0.1275 0.013125 0.0227778 0.0164642
0 0.555 0.103472 0.00812499 0.0130556 0.0146713
0 0.983125 0.42 0.03375 0.0838889 0.0136871
0 0.975625 0.429444 0.04875 0.0966667 0.0131683
0 0.53625 0.135833 0.01125 0.0225 0.008255
0 0.663125 0.170556 0.02 0.0327778 0.00714874
0 0.5525 0.114757 0.00875003 0.014375 0.00712204
0 0.545313 0.126667 0.01125 0.0188889 0.0051384
0 0.663125 0.165278 0.0175 0.0294444 0.00446701
0 0.484063 0.164444 0.02 0.0283333 0.00418091
0 0.66 0.164028 0.02 0.0305556 0.00358009
0 0.4725 0.177361 0.02 0.0336111 0.00329781
0 0.70125 0.226667 0.03375 0.0461111 0.00318527
0 0.971875 0.410556 0.0562499 0.0666667 0.00284576
0 0.645 0.145833 0.015 0.0211111 0.00251198
0 0.533125 0.133889 0.01375 0.0227778 0.00188255
0 0.6575 0.162222 0.02 0.0288889 0.00185299
0 0.980625 0.311111 0.03875 0.065 0.00183105
3 0.378125 0.258264 0.01625 0.0434722 0.00178242
2 0.99625 0.183333 0.00749995 0.0644444 0.0017271
3 0.66 0.176944 0.0125 0.0325 0.00154877
0 0.642344 0.142778 0.0128126 0.0222222 0.00148392
0 0.463125 0.184861 0.02 0.0336111 0.00146103
7 0.965 0.928889 0.07 0.14 0.00126457
0 0.00507813 0.447778 0.0101563 0.0972222 0.00123024
0 0.985625 0.433889 0.02875 0.0977778 0.00109482
0 0.00385254 0.439444 0.00770508 0.11 0.00108147
0 0.68375 0.2125 0.0199999 0.0427778 0.00106907
