0 0.7125 0.615556 0.1075 0.162222 0.94873
0 0.0466406 0.606111 0.0932813 0.157778 0.945312
0 0.928125 0.772222 0.1175 0.206667 0.944824
0 0.773125 0.2925 0.06625 0.0627778 0.9375
0 0.87625 0.539861 0.0825 0.153611 0.936523
0 0.88625 0.504444 0.1725 0.134444 0.930664
0 0.970625 0.310556 0.05875 0.0722222 0.927246
0 0.34375 0.289167 0.054375 0.0627778 0.924805
0 0.9125 0.634444 0.13 0.142222 0.922363
0 0.0892969 0.527222 0.0785938 0.141111 0.920898
0 0.963125 0.926667 0.0725 0.144444 0.913086
0 0.929375 0.468333 0.14125 0.111111 0.912598
0 0.716875 0.2725 0.0425 0.0566667 0.90332
0 0.0425391 0.335 0.0642969 0.08 0.901855
0 0.0378906 0.487778 0.0757813 0.107778 0.864258
0 0.68875 0.209444 0.03 0.0505556 0.859863
0 0.389688 0.254167 0.035625 0.0522222 0.854004
0 0.365625 0.273333 0.03375 0.0577778 0.852051
0 0.523125 0.138333 0.015625 0.0205556 0.838867
0 0.954063 0.424167 0.091875 0.104444 0.829102
0 0.420625 0.221667 0.0325 0.045 0.827637
0 0.401875 0.240556 0.03 0.0488889 0.773438
2 0.0322266 0.353056 0.04 0.0672222 0.767578
0 0.70625 0.257708 0.0375 0.0568055 0.757812
0 0.439063 0.1975 0.0275 0.0433333 0.70752
0 0.469375 0.171389 0.01875 0.0288889 0.679199
0 0.47875 0.161111 0.0175 0.0294444 0.616699
0 0.70125 0.234167 0.03375 0.0494444 0.503906
0 0.5325 0.123333 0.01125 0.02 0.258301
0 0.669375 0.182778 0.0225 0.0388889 0.119629
0 0.555625 0.0981944 0.00875003 0.0147222 0.118408
0 0.48875 0.151111 0.016875 0.0288889 0.081543
0 0.69375 0.226111 0.025 0.0472222 0.0731812
0 0.52625 0.126667 0.010625 0.0155556 0.0600891
0 0.456875 0.182222 0.01875 0.0322222 0.0528259
0 0.704375 0.248472 0.03375 0.0519445 0.0463867
0 0.0200977 0.577639 0.0401953 0.100278 0.0387573
0 0.0149414 0.694444 0.0298438 0.171111 0.029541
0 0.696875 0.229444 0.0375 0.0488889 0.0282135
0 0.0116016 0.579028 0.0230859 0.106389 0.0276947
0 0.99 0.432222 0.0199999 0.106667 0.0270691
0 0.00914062 0.570139 0.0182422 0.0930556 0.0270691
3 0.93 0.3 0.00875003 0.0466667 0.0214539
3 0.165 0.265 0.00687501 0.0333333 0.0207977
0 0.00905273 0.550556 0.0180273 0.108889 0.0177155
0 0.660625 0.172778 0.01875 0.0316667 0.0101318
0 0.991875 0.413611 0.01625 0.0788889 0.0100555
3 0.715 0.1825 0.00500005 0.0222222 0.00800323
0 0.673125 0.188611 0.0225 0.0413889 0.00775528
0 0.491875 0.145833 0.015625 0.0272222 0.00769424
0 0.48125 0.158611 0.01875 0.0283333 0.00679779
0 0.633438 0.132917 0.014375 0.0227778 0.00548935
0 0.654375 0.161111 0.01875 0.025 0.0049057
0 0.6525 0.158889 0.0175001 0.0266667 0.00416565
3 0.725 0.192917 0.00499999 0.0241667 0.00413513
3 0.685625 0.155 0.00374997 0.0188889 0.0037365
0 0.98375 0.426667 0.0325 0.1 0.00363541
0 0.52375 0.125278 0.00875003 0.0194444 0.00335121
0 0.613125 0.0979167 0.00750001 0.0136111 0.00329781
0 0.646406 0.14875 0.0171875 0.0252778 0.00322342
0 0.45875 0.171944 0.025 0.0372222 0.00294685
3 0.71375 0.175 0.00499999 0.0238889 0.00271416
0 0.435 0.206389 0.02375 0.0405555 0.00265312
0 0.54 0.117361 0.0112501 0.0183333 0.00235939
0 0.9925 0.303333 0.015 0.065 0.00232315
3 0.72625 0.195278 0.00499999 0.0333333 0.00227928
0 0.485 0.148194 0.015 0.0288889 0.00220871
3 0.69 0.161389 0.00500005 0.0230555 0.00213242
0 0.9925 0.465556 0.015 0.0922222 0.00211525
3 0.1675 0.266389 0.0075 0.0366666 0.00204277
0 0.658125 0.164722 0.0225 0.0322222 0.00198746
0 0.516563 0.121944 0.01125 0.0177778 0.00194168
0 0.64125 0.139306 0.015 0.0258333 0.00194168
0 0.0120801 0.536667 0.0239648 0.123333 0.00191212
0 0.545625 0.103542 0.00750001 0.01375 0.00188255
0 0.6825 0.21 0.035 0.0566667 0.00186729
0 0.0119629 0.509444 0.0238086 0.0866666 0.00168705
0 0.498125 0.144861 0.015 0.0238889 0.00166798
0 0.501563 0.143611 0.01 0.0211111 0.00154877
0 0.98625 0.304722 0.0275 0.0627778 0.00145531
0 0.580938 0.074375 0.00687497 0.0134722 0.00138855
0 0.4975 0.140833 0.016875 0.0233333 0.00126457
0 0.62375 0.118472 0.010625 0.015 0.00122547
2 0.5975 0.103056 0.00625 0.0116667 0.0011425
0 0.00549805 0.455556 0.0109961 0.0733333 0.00107288
2 0.0395898 0.345 0.0489453 0.0655556 0.00102425
