0 0.93375 0.779444 0.1175 0.207778 0.94873
0 0.0500781 0.617222 0.100156 0.157778 0.947266
0 0.881875 0.548333 0.08375 0.156667 0.938965
0 0.0486719 0.342778 0.0646875 0.0777778 0.935059
0 0.8925 0.5125 0.17 0.135 0.931641
0 0.791875 0.299167 0.0725 0.0616667 0.928711
0 0.349688 0.298333 0.054375 0.0644444 0.924805
0 0.973125 0.317222 0.05375 0.0716667 0.923828
0 0.965 0.927778 0.07 0.142222 0.922852
0 0.4775 0.247917 0.035 0.0497222 0.91748
0 0.0926563 0.537222 0.0840625 0.143333 0.916504
0 0.918125 0.644444 0.13125 0.146667 0.916016
0 0.723125 0.280556 0.0425 0.0577778 0.90332
0 0.93125 0.476111 0.1375 0.112222 0.90332
0 0.0410938 0.498889 0.0821875 0.11 0.897461
0 0.551875 0.168333 0.023125 0.0311111 0.878906
0 0.426563 0.23 0.03125 0.0472222 0.876465
0 0.694375 0.217778 0.02875 0.05 0.866211
3 0.147734 0.564444 0.0301562 0.0555556 0.866211
0 0.41125 0.248333 0.03125 0.0466667 0.858887
0 0.39625 0.264167 0.035625 0.0505556 0.848145
0 0.371875 0.282222 0.035 0.0577778 0.842773
0 0.956563 0.428333 0.086875 0.0977778 0.832031
0 0.7125 0.267778 0.035 0.0505555 0.743164
0 0.53 0.146389 0.015625 0.0188889 0.73584
0 0.47125 0.182222 0.02 0.0344444 0.72168
0 0.486563 0.16875 0.019375 0.03 0.70752
0 0.70375 0.239167 0.035 0.0533333 0.699219
0 0.443438 0.206806 0.025 0.0408333 0.686035
0 0.538125 0.135139 0.01125 0.0216667 0.432129
0 0.0170801 0.716667 0.034043 0.208889 0.332764
0 0.54 0.131111 0.0125 0.0194444 0.178955
0 0.6775 0.191944 0.0225 0.0405556 0.131592
0 0.525625 0.143056 0.01125 0.0202778 0.0690308
0 0.538125 0.124444 0.009375 0.0177778 0.0526123
0 0.5475 0.125 0.00875003 0.0188889 0.0481262
0 0.460313 0.190556 0.01625 0.0366667 0.0448608
0 0.504375 0.150417 0.0125 0.0230556 0.0317383
0 0.680625 0.194722 0.02125 0.0377778 0.0236053
0 0.545625 0.125833 0.010625 0.0188889 0.0227966
3 0.106016 0.335 0.0110938 0.04 0.0218658
0 0.475625 0.179306 0.02125 0.0291667 0.0215302
0 0.706875 0.246806 0.04 0.0525 0.0167847
0 0.98 0.42 0.04 0.0844444 0.0157166
0 0.97125 0.43 0.0575 0.0977778 0.011467
3 0.74 0.204722 0.00500005 0.0327778 0.00978088
0 0.99 0.411389 0.0199999 0.0727778 0.00959778
0 0.673125 0.184306 0.02125 0.0347222 0.00923157
0 0.555938 0.103611 0.00750001 0.0138889 0.00881195
0 0.536563 0.1375 0.01125 0.0222222 0.00775528
0 0.6625 0.170417 0.02 0.0308333 0.00728989
0 0.6575 0.163611 0.0175 0.0238889 0.00703812
0 0.9675 0.411111 0.065 0.0655556 0.00566483
0 0.645625 0.146111 0.015 0.02 0.00536346
0 0.984375 0.430556 0.0312499 0.0977778 0.00516129
0 0.655 0.160833 0.0175 0.0266667 0.00479126
7 0.73 0.204444 0.00499999 0.02 0.00475693
0 0.986875 0.419444 0.02625 0.0877778 0.00407028
0 0.70125 0.225278 0.0325 0.0438889 0.00385475
0 0.68125 0.211111 0.015 0.0411111 0.00385475
0 0.9825 0.310833 0.035 0.065 0.00382423
0 0.565625 0.0970833 0.00625 0.0119444 0.00376511
3 0.70375 0.166806 0.00499999 0.0327778 0.0037365
2 0.99625 0.187778 0.00749995 0.0783333 0.00309944
0 0.551875 0.115243 0.00874996 0.0134028 0.00251198
3 0.695 0.167917 0.00499999 0.0208333 0.00250244
0 0.532813 0.133889 0.011875 0.0216667 0.00245285
0 0.6425 0.143194 0.0125 0.0216667 0.00219917
0 0.0120801 0.474444 0.024043 0.0744445 0.00189686
0 0.63375 0.124167 0.00749995 0.0172222 0.00183105
0 0.00618652 0.456667 0.0123535 0.0855555 0.00181007
0 0.481875 0.1625 0.01625 0.0255555 0.00175476
3 0.625625 0.133056 0.00499999 0.0169444 0.00162315
7 0.965 0.928333 0.06875 0.14 0.00118828
0 0.99375 0.301667 0.0124999 0.0594445 0.00112915
5 0.569688 0.0943056 0.00812505 0.0158333 0.00112438
3 0.69625 0.160556 0.00500005 0.0266667 0.00105667
3 0.63625 0.134167 0.00750001 0.0172222 0.00103188
