0 0.9325 0.777778 0.1175 0.206667 0.950195
0 0.0462891 0.340833 0.0639844 0.0777778 0.946777
0 0.049375 0.615 0.09875 0.158889 0.944824
0 0.88 0.547222 0.08375 0.156667 0.941895
0 0.890625 0.510556 0.17125 0.133333 0.931641
0 0.9725 0.315 0.055 0.0711111 0.927734
0 0.96375 0.928333 0.0725 0.141111 0.92627
0 0.348125 0.296111 0.05375 0.0644445 0.923828
0 0.79 0.296667 0.075 0.0611111 0.922363
0 0.91625 0.642222 0.13125 0.146667 0.921875
0 0.0908594 0.534167 0.085 0.143889 0.921387
0 0.930625 0.473333 0.13875 0.110556 0.901855
0 0.0398438 0.496389 0.0796875 0.111667 0.899902
0 0.72125 0.278056 0.0425001 0.0577778 0.898438
0 0.691875 0.214167 0.03 0.0483333 0.892578
0 0.425 0.2275 0.03125 0.0472222 0.871582
0 0.41 0.246111 0.03125 0.045 0.868164
0 0.394063 0.261944 0.03625 0.0511111 0.861328
0 0.370625 0.279444 0.035 0.0577778 0.848145
6 0.74875 0.348333 0.045 0.0888889 0.84375
0 0.955938 0.426944 0.088125 0.0983333 0.823242
0 0.70125 0.235 0.03375 0.05 0.812988
0 0.71 0.263889 0.035 0.0544445 0.778809
0 0.595 0.114028 0.00999997 0.0136111 0.775879
0 0.484375 0.166111 0.01875 0.0266667 0.767578
0 0.528125 0.144444 0.015 0.02 0.744629
0 0.4425 0.203611 0.025 0.0405555 0.71875
0 0.5375 0.130833 0.0125 0.0216667 0.716797
0 0.47625 0.175278 0.01625 0.0269444 0.651367
2 0.619063 0.173056 0.009375 0.0308333 0.276611
0 0.49625 0.155 0.015 0.0244444 0.235107
0 0.0160352 0.72 0.0319531 0.211111 0.215332
0 0.695625 0.232917 0.02625 0.0480555 0.113953
0 0.472188 0.1775 0.01875 0.0283333 0.104126
0 0.67375 0.186806 0.0225 0.0408333 0.100159
0 0.459375 0.188611 0.015 0.03 0.0970459
0 0.534688 0.134167 0.014375 0.0211111 0.0438538
3 0.74 0.202083 0.00625 0.0363889 0.0391846
0 0.540313 0.125556 0.0125 0.0205556 0.0298767
0 0.4575 0.191389 0.019375 0.0355556 0.0257568
3 0.169531 0.266111 0.00718751 0.0461111 0.0165253
0 0.464375 0.185556 0.01625 0.0305556 0.012146
0 0.67875 0.1975 0.02 0.035 0.0102081
0 0.6175 0.101597 0.00687504 0.0141667 0.00933838
0 0.48125 0.160833 0.01625 0.0211111 0.00743103
0 0.98375 0.419444 0.0325 0.0833333 0.00674438
3 0.63 0.127917 0.00625 0.02 0.00619125
0 0.56375 0.0984028 0.00812499 0.0109722 0.00609589
0 0.00476807 0.458056 0.00953613 0.0877778 0.00469971
0 0.659375 0.164722 0.01875 0.0277778 0.00441742
0 0.991875 0.41 0.01625 0.07 0.00431442
0 0.7075 0.254167 0.04 0.0538889 0.00376511
0 0.0100098 0.466667 0.0199805 0.0788889 0.00370789
2 0.63625 0.138611 0.01125 0.0213889 0.00365067
0 0.96625 0.411667 0.0675 0.0722222 0.00365067
0 0.498438 0.150694 0.010625 0.0219444 0.00290108
0 0.96375 0.458889 0.07 0.0844444 0.00279999
0 0.55625 0.103056 0.00750001 0.0122222 0.00240517
3 0.714375 0.183611 0.00625 0.0222222 0.00214958
0 0.536563 0.134722 0.011875 0.0238889 0.00210762
0 0.985 0.4075 0.03 0.0683334 0.00209999
0 0.98625 0.460833 0.0275 0.0827778 0.00194931
7 0.531875 0.841111 0.00499999 0.0144444 0.00171375
0 0.012832 0.478056 0.0255078 0.0766667 0.00156689
0 0.498125 0.147917 0.0175 0.0297222 0.00150108
0 0.643125 0.146389 0.0137499 0.0211111 0.00142097
0 0.639375 0.141667 0.01375 0.0216667 0.00135136
3 0.00335205 0.439167 0.0067041 0.0883333 0.00132465
0 0.748125 0.321667 0.04 0.0388889 0.00130939
7 0.96375 0.928333 0.07 0.14 0.00130463
3 0.00338867 0.453333 0.00675781 0.0772222 0.0012846
0 0.3975 0.252847 0.0425 0.0520833 0.0012846
0 0.71 0.246667 0.035 0.0527778 0.00118828
0 0.66875 0.1775 0.02 0.0405556 0.00118828
0 0.51625 0.140833 0.00874999 0.0194444 0.00115108
0 0.62625 0.12 0.00750001 0.0155556 0.00110722
0 0.56625 0.0909722 0.00999997 0.0138889 0.00107288
0 0.65875 0.177778 0.00999997 0.0316667 0.00102425
