0 0.935625 0.782222 0.1175 0.208889 0.950684
0 0.0516797 0.62 0.103203 0.157778 0.947266
0 0.894375 0.514444 0.17 0.134444 0.934082
0 0.97375 0.319444 0.0525 0.0722222 0.932129
0 0.0508496 0.345556 0.0642383 0.0777778 0.931152
0 0.88375 0.55125 0.08375 0.1575 0.931152
0 0.9675 0.93 0.065 0.137778 0.930664
0 0.094707 0.54 0.084961 0.142222 0.927246
0 0.79375 0.301111 0.0725 0.0622222 0.925781
0 0.92 0.645 0.1325 0.145556 0.919434
0 0.6275 0.273056 0.0425001 0.0661111 0.911133
0 0.399375 0.266667 0.035 0.0511111 0.905762
0 0.725 0.282222 0.04375 0.0566667 0.904785
0 0.9325 0.478333 0.135 0.113333 0.904785
0 0.3725 0.285556 0.04375 0.06 0.896484
0 0.696875 0.218611 0.02875 0.0488889 0.875977
0 0.429375 0.232639 0.03125 0.0463889 0.871582
0 0.41375 0.251667 0.03375 0.0477778 0.871582
0 0.9575 0.43 0.085 0.0988889 0.86084
3 0.215313 0.367778 0.01375 0.0844445 0.830078
0 0.53125 0.148889 0.01625 0.0205556 0.811523
2 0.65 0.231111 0.015 0.0444444 0.799316
0 0.71375 0.267222 0.0375 0.0555556 0.746094
0 0.705 0.241667 0.035 0.0511111 0.733887
0 0.488125 0.170556 0.01875 0.0308333 0.695801
0 0.473438 0.183889 0.02125 0.0361111 0.692871
0 0.4475 0.209028 0.02875 0.0441667 0.640625
0 0.54125 0.134861 0.0125 0.0202778 0.560059
5 0.5675 0.103889 0.00874996 0.0163889 0.476562
0 0.0186328 0.721667 0.0372266 0.208889 0.443604
3 0.407188 0.214722 0.010625 0.0372222 0.359375
3 0.00661133 0.831111 0.0132227 0.146667 0.309814
5 0.58375 0.107569 0.00812505 0.0170833 0.213989
0 0.67875 0.194722 0.0225 0.0369445 0.119995
0 0.505625 0.153333 0.015 0.0238889 0.0800781
0 0.550625 0.12875 0.00999997 0.0202778 0.0742188
0 0.55125 0.120278 0.00875003 0.0144444 0.0541992
0 0.52625 0.143333 0.0125 0.0211111 0.0352783
3 0.407813 0.215556 0.018125 0.0408333 0.0297546
0 0.441875 0.215 0.028125 0.0427778 0.0254669
2 0.40875 0.220278 0.015 0.0422222 0.0248871
0 0.46625 0.190278 0.01625 0.0377778 0.0193481
0 0.536875 0.137222 0.01 0.0211111 0.0180511
2 0.00635742 0.844445 0.0126563 0.122222 0.0175781
2 0.636563 0.131111 0.00687497 0.0161111 0.0156708
3 0.375313 0.247778 0.01 0.0361111 0.0154877
0 0.70875 0.269167 0.025 0.0455556 0.0136337
0 0.67 0.183333 0.01875 0.0294444 0.00867462
5 0.566875 0.0971528 0.00812499 0.0170833 0.00818634
0 0.58375 0.109444 0.00749995 0.0172222 0.00754929
0 0.543125 0.129722 0.0125 0.0266667 0.00751877
5 0.575625 0.0963889 0.00687497 0.0180556 0.00674438
3 0.65125 0.165139 0.00625 0.0238889 0.00609589
3 0.0116016 0.782222 0.0232031 0.246667 0.00591278
2 0.63 0.129167 0.00750001 0.0158333 0.00577545
0 0.665 0.174444 0.0199999 0.0316667 0.00452042
5 0.575625 0.09 0.00750001 0.0184722 0.00443268
0 0.583125 0.0826389 0.00625 0.0113889 0.00353813
0 0.0139844 0.602778 0.0279688 0.118889 0.00335121
0 0.665625 0.169722 0.02 0.0297222 0.00332451
0 0.00872559 0.606111 0.0174512 0.114444 0.00309944
0 0.509375 0.151111 0.01375 0.0227778 0.0029583
0 0.98375 0.419444 0.0325 0.0811111 0.00282288
0 0.623125 0.114132 0.00687497 0.0139583 0.00281143
0 0.71625 0.252222 0.04 0.0555556 0.00274658
0 0.9925 0.411111 0.015 0.07 0.0026722
5 0.55875 0.104167 0.00999997 0.0161111 0.00259018
3 0.368125 0.223472 0.00749998 0.0438889 0.00247192
3 0.0112207 0.822222 0.0224414 0.164444 0.00224304
0 0.158984 0.741111 0.0695312 0.0688889 0.00203514
0 0.66125 0.16375 0.02 0.0311111 0.00178242
0 0.498125 0.161667 0.01625 0.0255556 0.0017271
0 0.140156 0.767778 0.028125 0.0288889 0.00154305
0 0.65375 0.161389 0.00999997 0.0283333 0.0015192
0 0.65875 0.165556 0.0137499 0.0294444 0.00151253
0 0.505625 0.1475 0.0125 0.0272222 0.00143814
6 0.633438 0.358889 0.075625 0.0766667 0.00143814
0 0.09875 0.832222 0.0315625 0.0488889 0.00143242
7 0.645 0.251389 0.00999997 0.045 0.00142097
0 0.0267969 0.608889 0.0535938 0.135556 0.00141048
0 0.6475 0.147778 0.0125 0.0227778 0.00134563
0 0.511875 0.144861 0.0125 0.0233333 0.00126457
3 0.367813 0.218056 0.00625 0.0352778 0.00125504
0 0.97 0.411111 0.0575 0.0655556 0.00114727
0 0.6425 0.141944 0.015 0.0222222 0.0011158
3 0.00895508 0.84 0.017832 0.131111 0.00105667
3 0.370313 0.234167 0.01625 0.0683333 0.00105667
0 0.990625 0.418889 0.0187499 0.0855555 0.00103188
7 0.966875 0.93 0.06625 0.137778 0.00102425
