0 0.935625 0.782222 0.1175 0.208889 0.950195
0 0.0515625 0.62 0.102969 0.157778 0.947754
0 0.3525 0.3 0.055 0.065 0.934082
0 0.89375 0.514722 0.17 0.133889 0.934082
0 0.0506641 0.345 0.0636719 0.0777778 0.933594
0 0.88375 0.551667 0.085 0.156667 0.931152
0 0.966875 0.93 0.06625 0.137778 0.929199
0 0.79375 0.300556 0.0725 0.0616667 0.92627
0 0.92 0.645556 0.13125 0.146667 0.921875
0 0.509063 0.286389 0.043125 0.07 0.920898
0 0.0950781 0.539861 0.0835938 0.1425 0.919434
0 0.9325 0.478889 0.135 0.114444 0.905273
0 0.399375 0.266181 0.035 0.0509722 0.896973
0 0.725 0.282778 0.04375 0.0577778 0.894043
0 0.0426953 0.501389 0.0853906 0.111667 0.892578
0 0.696875 0.218889 0.02875 0.0494444 0.887207
0 0.42875 0.232083 0.03125 0.0475 0.872559
0 0.975 0.318611 0.0499999 0.0705556 0.868164
0 0.41375 0.251667 0.0325 0.0472222 0.856934
0 0.374375 0.284444 0.03625 0.0572222 0.850098
0 0.9575 0.430278 0.085 0.0961111 0.838867
0 0.960625 0.357778 0.07875 0.06 0.834473
0 0.53125 0.149444 0.015 0.02 0.818848
0 0.96125 0.371667 0.0775 0.0855555 0.762207
0 0.705 0.241667 0.035 0.0505556 0.746094
0 0.71375 0.268264 0.0375 0.0556944 0.737305
0 0.488125 0.17 0.01875 0.0305556 0.723145
2 0.506875 0.193611 0.01125 0.0333333 0.694336
0 0.447813 0.208056 0.028125 0.0433333 0.686035
0 0.473125 0.183194 0.02125 0.035 0.658203
0 0.54125 0.134583 0.0125 0.0208333 0.513672
0 0.01875 0.724444 0.0374609 0.216667 0.5
5 0.5675 0.103472 0.00874996 0.0169444 0.289307
0 0.538125 0.137361 0.01 0.0191667 0.119995
0 0.505313 0.15125 0.01375 0.0233333 0.0974121
0 0.67875 0.195556 0.0225 0.0366667 0.0658569
0 0.52875 0.145556 0.0125 0.0238889 0.0560303
0 0.0121875 0.473611 0.0242969 0.0761111 0.0422363
0 0.536875 0.138889 0.01125 0.0205556 0.0268555
0 0.71 0.268819 0.0275 0.0468055 0.0229797
0 0.628438 0.128194 0.011875 0.0163889 0.0210419
0 0.44125 0.216389 0.0275 0.0411111 0.0193024
0 0.551875 0.116389 0.00812499 0.0133333 0.0188293
0 0.542188 0.127222 0.0125 0.0222222 0.0181274
0 0.6775 0.190417 0.025 0.0313889 0.0160217
0 0.463125 0.192222 0.015 0.0361111 0.0150146
2 0.6375 0.132361 0.00750001 0.0172222 0.0141144
0 0.669375 0.183472 0.02 0.0308333 0.0138474
3 0.38375 0.236944 0.00812502 0.0444445 0.00874329
0 0.0166113 0.477222 0.0332227 0.0744445 0.00677109
0 0.665625 0.177917 0.02 0.0297222 0.00656509
0 0.00391113 0.441667 0.00782227 0.101111 0.00536346
0 0.628125 0.124167 0.010625 0.0188889 0.00494385
0 0.659375 0.165833 0.0175 0.0277778 0.00486755
0 0.545 0.125556 0.011875 0.0175 0.00486755
0 0.71625 0.251944 0.0375 0.0527778 0.00486755
0 0.508125 0.149444 0.01625 0.0238889 0.00482941
0 0.505313 0.146944 0.0125 0.0258333 0.00453949
0 0.00897461 0.604445 0.0179492 0.117778 0.00436401
2 0.500625 0.179444 0.01375 0.0461111 0.00432968
0 0.4425 0.213056 0.0325 0.0516667 0.00380898
3 0.368125 0.213889 0.00687501 0.0361111 0.00379562
0 0.655625 0.162222 0.01625 0.0277778 0.00335121
0 0.64875 0.149167 0.015 0.0227778 0.00329781
3 0.367813 0.226111 0.00750001 0.0522222 0.00286674
5 0.55875 0.104167 0.009375 0.0166667 0.00276756
0 0.665625 0.172917 0.01875 0.0325 0.00276756
0 0.470625 0.1875 0.01875 0.0411111 0.00257111
5 0.566563 0.0995833 0.0112501 0.0211111 0.00229645
3 0.369375 0.232222 0.01375 0.0583333 0.00223351
0 0.99125 0.575 0.0175 0.0866667 0.00222588
3 0.6575 0.179722 0.00499999 0.025 0.0019722
0 0.9575 0.432222 0.085 0.152222 0.00194168
0 0.51 0.145 0.015 0.0244444 0.00190449
0 0.0171094 0.524444 0.0342188 0.09 0.00161076
0 0.97625 0.345556 0.0475 0.0644445 0.00153637
0 0.0136621 0.502222 0.027207 0.0811111 0.0015192
0 0.249844 0.845556 0.119688 0.164444 0.00138283
7 0.966875 0.93 0.06625 0.137778 0.00125504
3 0.3675 0.220139 0.00625 0.0408333 0.00124454
3 0.375 0.230694 0.01125 0.0547222 0.00121593
0 0.995625 0.302222 0.00874996 0.06 0.00115108
0 0.335625 0.485278 0.01875 0.0205556 0.00112438
0 0.5025 0.150972 0.01125 0.0236111 0.00109863
0 0.0149316 0.551111 0.0298633 0.174444 0.00103664
