0 0.200664 0.852778 0.194297 0.294444 0.963867
0 0.0498828 0.616667 0.0997656 0.157778 0.946777
0 0.93375 0.777222 0.1175 0.203333 0.945801
0 0.881875 0.549444 0.08375 0.157778 0.941406
0 0.79125 0.298889 0.0725 0.0627778 0.935547
0 0.0480469 0.343056 0.065 0.0766667 0.935059
0 0.093125 0.536528 0.08375 0.1425 0.932129
0 0.8925 0.511944 0.17 0.133889 0.929199
0 0.97375 0.316667 0.0525 0.0722222 0.928711
0 0.4575 0.347778 0.0625 0.118889 0.925781
0 0.349375 0.297778 0.05375 0.0633333 0.921875
0 0.91875 0.643333 0.13 0.146667 0.918457
0 0.96625 0.929444 0.0675 0.138889 0.917969
5 0.7325 0.757222 0.255 0.485555 0.91748
0 0.930625 0.475 0.13875 0.110556 0.905273
0 0.723125 0.280833 0.0425 0.0583333 0.897461
0 0.0408984 0.498333 0.0817969 0.108889 0.896973
0 0.69375 0.217361 0.03 0.0497222 0.875
0 0.426875 0.229583 0.03125 0.0463889 0.863281
0 0.411563 0.248333 0.031875 0.0466667 0.85498
0 0.395625 0.264167 0.03625 0.0505556 0.834473
0 0.956875 0.429444 0.08625 0.1 0.833496
0 0.37125 0.282222 0.034375 0.0566667 0.825684
6 0.0705859 0.44 0.0547656 0.0933333 0.810547
0 0.529375 0.145972 0.015 0.0197222 0.773438
0 0.71125 0.2675 0.035 0.0505556 0.753418
0 0.44375 0.206389 0.02375 0.0422222 0.730957
0 0.70375 0.239444 0.035 0.0533334 0.708984
0 0.470625 0.181111 0.02 0.0338889 0.686035
0 0.485313 0.168333 0.01875 0.0288889 0.682617
0 0.538125 0.132778 0.01125 0.0216667 0.556641
0 0.017168 0.718889 0.0342188 0.216667 0.208862
0 0.695 0.224444 0.0275 0.05 0.0917358
0 0.67625 0.192639 0.025 0.0402778 0.0903931
0 0.527188 0.144306 0.014375 0.0208333 0.0838623
0 0.505 0.151389 0.01375 0.0225 0.0560303
0 0.53875 0.128056 0.010625 0.0230555 0.041626
0 0.56375 0.0976389 0.00750001 0.0122222 0.0280151
7 0.299063 0.215833 0.00687501 0.0236111 0.0273285
0 0.460313 0.190139 0.015 0.0375 0.0265503
0 0.474375 0.179306 0.02375 0.0297222 0.0254669
0 0.54375 0.125833 0.01 0.0202778 0.0216217
1 0.26 0.675556 0.4625 0.647778 0.0193787
0 0.67375 0.186944 0.0225 0.0377778 0.0156708
0 0.53625 0.135972 0.01125 0.0225 0.0139542
0 0.7075 0.246389 0.04 0.0538889 0.0134277
0 0.983125 0.421389 0.03375 0.0872222 0.0117798
0 0.98875 0.411667 0.0225 0.0755556 0.0115051
0 0.534375 0.134722 0.01375 0.0216667 0.00923157
0 0.4175 0.504722 0.0275 0.0333333 0.00881195
0 0.555 0.104722 0.00874996 0.0138889 0.00725937
3 0.74 0.203611 0.00749995 0.0377778 0.00624084
0 0.98375 0.408611 0.0325 0.07 0.0053215
0 0.545 0.127222 0.01125 0.0194445 0.0053215
0 0.66375 0.171667 0.02 0.0333333 0.00526047
0 0.97375 0.430556 0.0525 0.0988889 0.00488663
3 0.6575 0.178611 0.00750001 0.0283333 0.00445175
0 0.552188 0.113889 0.00875003 0.0138889 0.00413513
5 0.395 0.465556 0.02875 0.0533333 0.00403976
0 0.66 0.162917 0.02 0.0288889 0.00319672
0 0.60625 0.0938889 0.00499999 0.0133333 0.00312424
0 0.482188 0.162917 0.01625 0.0269444 0.00307465
0 0.97 0.410556 0.0575 0.0677778 0.00277901
0 0.66375 0.165556 0.0175 0.0286111 0.00247192
0 0.660625 0.168194 0.0175 0.0294444 0.00206757
3 0.70375 0.165833 0.00499999 0.0338889 0.00203514
0 0.646094 0.146389 0.0153125 0.0205556 0.00201035
0 0.9825 0.310556 0.035 0.0666667 0.00183868
0 0.00385986 0.439444 0.00771973 0.113333 0.00181007
0 0.00579102 0.446111 0.011582 0.1 0.0016489
0 0.655625 0.16 0.0175001 0.0272222 0.00164223
0 0.70125 0.2275 0.035 0.0472222 0.00152493
3 0.69625 0.159861 0.00500005 0.025 0.0014782
3 0.695 0.1675 0.00499999 0.02 0.00141048
0 0.985 0.434444 0.03 0.0983334 0.00134563
0 0.6425 0.141389 0.0125 0.0216667 0.00132465
0 0.378125 0.495556 0.0125 0.0222222 0.00128937
3 0.6725 0.158889 0.00750001 0.0194444 0.00122547
0 0.331875 0.476111 0.01625 0.0194444 0.0012207
0 0.0111621 0.464722 0.0222852 0.0794445 0.00121593
0 0.399688 0.251181 0.0425 0.0576389 0.00116062
0 0.68375 0.213611 0.0199999 0.0427778 0.00110722
0 0.62625 0.341667 0.0125 0.0466667 0.0011034
7 0.690625 0.170556 0.00625 0.0311111 0.00106907
