0 0.935625 0.782222 0.1175 0.208889 0.950195
0 0.0516406 0.62 0.103281 0.157778 0.94873
0 0.0509375 0.345556 0.064375 0.0783333 0.934082
0 0.89375 0.515 0.17 0.134444 0.934082
0 0.97375 0.319444 0.0525 0.0722222 0.932129
0 0.88375 0.551111 0.08375 0.156667 0.931641
0 0.3525 0.300556 0.055 0.0644445 0.930176
0 0.96625 0.930556 0.0675 0.136667 0.927246
0 0.79375 0.300556 0.0725 0.0611111 0.926758
0 0.0951563 0.539861 0.0834375 0.1425 0.921875
0 0.92 0.645 0.1325 0.145556 0.92041
0 0.399063 0.266389 0.035625 0.0516667 0.908203
0 0.9325 0.478889 0.135 0.114444 0.905273
0 0.725625 0.283611 0.0425 0.0572222 0.897461
0 0.0428125 0.500556 0.085625 0.11 0.896484
0 0.696875 0.218889 0.02875 0.0488889 0.888672
0 0.429063 0.232778 0.031875 0.0466667 0.878906
2 0.428125 0.344167 0.04875 0.0738889 0.865234
0 0.41375 0.251389 0.0325 0.0472222 0.856934
0 0.374688 0.284444 0.035625 0.0566667 0.854004
0 0.9575 0.430556 0.085 0.1 0.853027
3 0.307188 0.306389 0.0146875 0.0688889 0.84082
3 0.268594 0.316944 0.0146875 0.04 0.836426
0 0.531563 0.149028 0.015625 0.0205556 0.811523
0 0.48875 0.169444 0.018125 0.0311111 0.746094
0 0.71375 0.268611 0.0375 0.0555556 0.732422
0 0.705625 0.241944 0.035 0.0505555 0.728027
0 0.473125 0.183611 0.02125 0.0363889 0.705566
0 0.446875 0.209167 0.028125 0.0444444 0.662109
0 0.54125 0.134583 0.011875 0.0205556 0.525391
0 0.01875 0.716667 0.0374219 0.204444 0.373779
0 0.539375 0.135833 0.0125 0.0205556 0.252441
5 0.567813 0.104792 0.009375 0.0154167 0.173828
0 0.504063 0.152778 0.014375 0.0244445 0.0827026
0 0.67875 0.195694 0.0225 0.0361111 0.0766602
5 0.575625 0.100417 0.00687497 0.0144444 0.072876
0 0.440625 0.215278 0.02625 0.0422222 0.0427246
0 0.010022 0.475556 0.0199951 0.0777778 0.0359497
0 0.526875 0.144861 0.0125 0.0230556 0.0343628
3 0.375 0.253333 0.01125 0.0422222 0.0292053
0 0.71875 0.273958 0.035 0.0554167 0.0230713
0 0.00790527 0.463889 0.015791 0.09 0.0220337
0 0.71 0.268958 0.02875 0.0476389 0.0196381
3 0.683125 0.156389 0.00625 0.0177778 0.0183411
0 0.551875 0.117639 0.00750001 0.0122222 0.0156021
0 0.536875 0.138333 0.010625 0.0205556 0.0155411
0 0.46625 0.190278 0.01625 0.0377778 0.0151901
0 0.00343994 0.438333 0.00687988 0.1 0.0140076
0 0.542188 0.128611 0.0125 0.025 0.0132217
2 0.636875 0.131389 0.00749995 0.0161111 0.0130692
0 0.0125488 0.487778 0.0249805 0.08 0.0116882
0 0.67 0.183333 0.0175 0.0311111 0.00769424
0 0.443125 0.213333 0.0325 0.0505556 0.0069313
3 0.93 0.271389 0.00999997 0.0577778 0.00634003
0 0.0150488 0.478333 0.0300977 0.0755556 0.00551224
3 0.659375 0.166389 0.015 0.03 0.00486755
3 0.650625 0.164722 0.00625 0.0261111 0.00484848
3 0.369375 0.23375 0.01125 0.0591667 0.00439835
0 0.665 0.175 0.0199999 0.0305556 0.00421524
0 0.54625 0.124583 0.00999997 0.0169445 0.0037365
3 0.97 0.264167 0.00750001 0.0311111 0.00344276
0 0.498125 0.161389 0.01625 0.0255556 0.00298119
3 0.107813 0.339444 0.009375 0.0366667 0.00284576
0 0.50625 0.147778 0.011875 0.0275 0.00253105
5 0.595625 0.0816667 0.00499999 0.00972222 0.00239754
0 0.50875 0.148889 0.015 0.0227778 0.00235939
0 0.991875 0.574444 0.01625 0.0855556 0.00234222
0 0.624375 0.114306 0.00749995 0.0136111 0.00226974
0 0.0111328 0.462222 0.0221484 0.0816667 0.00226974
3 0.304844 0.299444 0.014375 0.0533333 0.00225258
0 0.9925 0.411111 0.015 0.0716667 0.00223351
0 0.71625 0.252708 0.04125 0.0579167 0.00212479
0 0.9675 0.409722 0.06 0.0622222 0.00203514
0 0.983125 0.418889 0.03375 0.0788889 0.00201988
0 0.63 0.128611 0.00750001 0.0166667 0.00194931
3 0.368125 0.226944 0.00749998 0.0527778 0.00186729
0 0.70875 0.244306 0.0449999 0.0602778 0.00174809
0 0.675625 0.193611 0.0225 0.0344445 0.0017004
0 0.66125 0.163889 0.02 0.0311111 0.00167465
0 0.00907227 0.607222 0.0181445 0.118889 0.00161648
0 0.0125391 0.518889 0.025 0.0777778 0.00158501
0 0.6575 0.163333 0.01625 0.03 0.00154877
2 0.00337158 0.432222 0.00674316 0.0855555 0.00154877
3 0.6575 0.180694 0.00499999 0.0236111 0.00151253
7 0.69 0.171389 0.00749995 0.0294444 0.00143814
7 0.96625 0.93 0.0675 0.135556 0.00136662
3 0.368125 0.221111 0.00625 0.0422222 0.00109005
0 0.510625 0.145556 0.014375 0.0255555 0.00106525
5 0.57625 0.0898611 0.00875003 0.0269444 0.00104809
0 0.99 0.419444 0.0199999 0.0866667 0.00100422
