0 0.935625 0.782222 0.1175 0.208889 0.950195
0 0.0516016 0.618889 0.103047 0.157778 0.946777
0 0.89375 0.514444 0.17 0.134444 0.934082
0 0.0508594 0.345 0.0639063 0.0777778 0.933105
0 0.3525 0.3 0.055 0.0644445 0.931641
0 0.79375 0.300556 0.0725 0.0622222 0.930664
0 0.96625 0.93 0.0675 0.137778 0.928223
0 0.88375 0.55125 0.08375 0.1575 0.927246
0 0.92 0.645 0.1325 0.145556 0.924316
0 0.0950781 0.540556 0.0835938 0.143333 0.921875
0 0.974375 0.315556 0.05125 0.0644445 0.906738
0 0.9325 0.478889 0.135 0.113333 0.904785
0 0.399375 0.266111 0.035 0.0505556 0.900391
0 0.725 0.282778 0.0425 0.0577778 0.898438
0 0.69625 0.218889 0.0300001 0.0488889 0.88623
0 0.0417969 0.501944 0.0835938 0.111667 0.883301
0 0.429375 0.232222 0.03125 0.0472222 0.877441
0 0.41375 0.251389 0.033125 0.0472222 0.861328
0 0.374375 0.284444 0.03625 0.0572222 0.852051
0 0.9575 0.430833 0.085 0.0966667 0.841797
0 0.531875 0.148611 0.01625 0.02 0.833496
3 0.91875 0.316944 0.01625 0.0733333 0.81543
0 0.96875 0.381111 0.0624999 0.0822222 0.767578
0 0.705 0.241528 0.035 0.0508333 0.743164
0 0.71375 0.268403 0.0375 0.0554167 0.740234
0 0.488125 0.170833 0.01875 0.0311111 0.725098
0 0.447813 0.207917 0.028125 0.0436111 0.680664
0 0.473125 0.183472 0.02125 0.0363889 0.673828
0 0.541563 0.133333 0.0125 0.0211111 0.556641
0 0.0186426 0.718889 0.0372461 0.204444 0.422607
5 0.5675 0.10375 0.00874996 0.0163889 0.352295
5 0.58625 0.0873611 0.00874996 0.0186111 0.20813
5 0.587188 0.095 0.00687497 0.0127778 0.166626
0 0.504688 0.151944 0.014375 0.0244444 0.139893
6 0.643125 0.181111 0.0112501 0.0377778 0.135742
0 0.67875 0.195139 0.0225 0.0383333 0.0910645
0 0.529375 0.145278 0.01375 0.0236111 0.0736694
0 0.0172559 0.586667 0.0344336 0.14 0.0668335
0 0.0131055 0.473333 0.0261719 0.0755555 0.0614319
3 0.93125 0.302778 0.015 0.0666667 0.058136
0 0.5375 0.138056 0.00937497 0.0172222 0.0566406
0 0.5425 0.127639 0.0125 0.0233333 0.0406799
3 0.930625 0.290556 0.01125 0.0744444 0.0354004
0 0.535 0.140417 0.013125 0.0222222 0.0335388
3 0.375313 0.2525 0.011875 0.04 0.0211182
2 0.635313 0.131111 0.00687497 0.0166667 0.0198669
0 0.012334 0.595417 0.0246289 0.126944 0.0186157
0 0.46625 0.190694 0.015 0.0377778 0.0165863
0 0.44 0.218056 0.0275 0.0388889 0.0157166
0 0.245938 0.853333 0.120625 0.175556 0.0154877
0 0.71 0.268264 0.03 0.0479167 0.0146179
3 0.92875 0.298333 0.0125 0.0644444 0.0109482
0 0.6675 0.181944 0.02 0.0294444 0.0101318
0 0.551563 0.116389 0.00812499 0.0133333 0.00952148
0 0.544688 0.125833 0.0125 0.0183333 0.008255
0 0.59625 0.0802778 0.00500005 0.01125 0.00815582
0 0.66625 0.176389 0.02 0.0305556 0.0078125
3 0.630625 0.129444 0.00749995 0.0161111 0.00772476
0 0.0127148 0.568889 0.0253906 0.143333 0.00679779
0 0.0100195 0.545 0.0199023 0.0933333 0.00658798
0 0.505 0.1475 0.0125 0.0266667 0.00609589
0 0.00809082 0.458889 0.0161035 0.0944445 0.0045929
0 0.4425 0.212917 0.0325 0.0519444 0.00446701
0 0.498125 0.160694 0.01625 0.0269444 0.00418091
3 0.91875 0.306389 0.015 0.0616667 0.00338936
5 0.558438 0.104583 0.00875003 0.0172222 0.00333786
0 0.50875 0.148611 0.015 0.0227778 0.00321007
3 0.6475 0.174444 0.00999997 0.0330556 0.00314713
0 0.51 0.145278 0.01375 0.0244444 0.00300407
0 0.0130176 0.501667 0.0258398 0.0788889 0.00273705
0 0.716875 0.251389 0.04125 0.0572222 0.00269318
0 0.64625 0.153611 0.00999997 0.0227778 0.00268364
5 0.566875 0.0993056 0.01125 0.0216667 0.00253105
0 0.501875 0.151944 0.01125 0.0238889 0.00231361
0 0.00444824 0.442222 0.00889648 0.106667 0.00228691
2 0.6275 0.133194 0.00625 0.0141667 0.00216484
0 0.6575 0.169861 0.015 0.0305556 0.00202751
0 0.951875 0.445 0.09625 0.135 0.00178909
0 0.6525 0.158611 0.00999997 0.0238889 0.0016613
0 0.62625 0.115278 0.00750001 0.0136111 0.0014782
7 0.96625 0.93 0.0675 0.137778 0.00124931
3 0.6575 0.184722 0.00750001 0.0272222 0.00123501
0 0.6625 0.165 0.0175 0.0311111 0.00110722
0 0.971875 0.37 0.0562499 0.0788889 0.00107288
