0 0.933125 0.777778 0.1175 0.208889 0.947266
0 0.0492969 0.614444 0.0985938 0.158889 0.943359
0 0.0474219 0.341667 0.0640625 0.0766667 0.936523
0 0.880625 0.547917 0.08375 0.1575 0.936035
0 0.79 0.298333 0.075 0.0627778 0.935547
0 0.9725 0.315556 0.055 0.0722222 0.929199
0 0.89125 0.511111 0.17125 0.134444 0.929199
0 0.34875 0.296111 0.05375 0.0655555 0.924316
0 0.0915625 0.534444 0.0846875 0.142222 0.922852
0 0.96375 0.928889 0.0725 0.14 0.922363
0 0.72125 0.278819 0.0425001 0.0568056 0.921875
0 0.916875 0.642222 0.1325 0.146667 0.915527
0 0.0402734 0.496111 0.0805469 0.111111 0.908691
0 0.930625 0.473333 0.13875 0.11 0.90332
0 0.425 0.228333 0.031875 0.0472222 0.867188
0 0.41 0.247083 0.031875 0.0463889 0.858887
0 0.69375 0.215833 0.03 0.0488889 0.848145
0 0.370938 0.279444 0.034375 0.0555556 0.847168
0 0.394375 0.262222 0.03625 0.0522222 0.842773
0 0.95625 0.4275 0.0874999 0.0994444 0.832031
3 0.655 0.303889 0.02 0.0733333 0.827637
0 0.475625 0.178472 0.02 0.0291667 0.792969
0 0.7025 0.236667 0.035 0.0533334 0.747559
0 0.52875 0.145139 0.015 0.0208333 0.746094
0 0.71125 0.265625 0.035 0.0531944 0.732422
0 0.485 0.166944 0.01875 0.0283333 0.729492
0 0.443125 0.204861 0.024375 0.0408333 0.694336
0 0.538125 0.130556 0.01125 0.0194444 0.602051
0 0.0158789 0.717222 0.0316406 0.203333 0.310791
0 0.495938 0.154722 0.015 0.0263889 0.208862
0 0.675 0.190556 0.025 0.0388889 0.170532
0 0.46 0.19 0.016875 0.0316667 0.149048
0 0.695 0.229444 0.0275 0.0494444 0.0685425
2 0.655 0.304444 0.0225 0.0744444 0.0600891
0 0.565 0.0985417 0.00687497 0.0106944 0.0351562
0 0.53375 0.133333 0.0125 0.0188889 0.0281067
0 0.463438 0.186111 0.0175 0.0311111 0.0273743
0 0.54 0.127222 0.0125 0.0205556 0.0245209
0 0.9825 0.42 0.035 0.0844444 0.0125732
0 0.554375 0.114757 0.00875003 0.0138194 0.0115509
0 0.6775 0.194306 0.0199999 0.0369444 0.00971222
0 0.6725 0.185556 0.0225 0.0361111 0.00828552
0 0.990625 0.410278 0.0187499 0.0716667 0.00766754
0 0.98625 0.43 0.0275 0.0977778 0.00582123
0 0.4825 0.162222 0.016875 0.0227778 0.0051384
3 0.512188 0.0165278 0.00750001 0.0219444 0.00502014
3 0.1075 0.336111 0.0179688 0.0416667 0.00494385
7 0.73 0.204167 0.00499999 0.0205556 0.00426483
0 0.399063 0.251944 0.041875 0.0527778 0.00385475
0 0.497813 0.151111 0.01125 0.0233333 0.00382423
0 0.9875 0.417222 0.0249999 0.0883333 0.00372124
7 0.97625 0.592778 0.00625 0.0233333 0.00366402
0 0.655 0.165556 0.0125 0.0233333 0.00327301
0 0.00519043 0.456111 0.0103613 0.0888889 0.00319672
3 0.65375 0.327222 0.0225 0.116111 0.00312424
0 0.985 0.408889 0.03 0.07 0.00300407
0 0.0101367 0.468889 0.0202344 0.0788889 0.00259018
0 0.58 0.0776389 0.00499999 0.015 0.00228691
0 0.97625 0.43 0.0475 0.0977778 0.00225258
0 0.9825 0.308333 0.035 0.0611111 0.00219154
0 0.535938 0.135139 0.0125 0.0233333 0.00199509
3 0.631875 0.128889 0.00750001 0.0188889 0.00195694
2 0.64375 0.146528 0.01125 0.0197222 0.00192642
2 0.634375 0.133889 0.00750001 0.0183333 0.00181007
0 0.68625 0.2125 0.025 0.0444444 0.00179577
0 0.0122949 0.476389 0.0244727 0.0766667 0.00175476
0 0.65875 0.164306 0.01875 0.0311111 0.00158501
3 0.66 0.179583 0.0125 0.0308333 0.00158501
0 0.495625 0.149306 0.01375 0.0308333 0.00157356
3 0.73875 0.206389 0.00999997 0.04 0.00143814
0 0.706875 0.246944 0.04 0.0566667 0.0014267
0 0.966875 0.412222 0.06625 0.0744444 0.00135612
0 0.99375 0.301111 0.0124999 0.0577778 0.00132465
2 0.00331543 0.433611 0.00663086 0.0888889 0.00130463
0 0.65375 0.161806 0.015 0.0261111 0.00126934
0 0.96125 0.456944 0.0775 0.0827778 0.00123501
0 0.980625 0.457222 0.03875 0.0822222 0.00113392
2 0.648125 0.1625 0.00999997 0.0238889 0.00109863
7 0.965 0.928333 0.07 0.138889 0.00109005
