0 0.93375 0.778889 0.1175 0.206667 0.951172
0 0.0496094 0.615556 0.0992188 0.16 0.945312
0 0.88125 0.547778 0.0825 0.156667 0.944336
0 0.0478906 0.341111 0.065 0.0766667 0.941895
0 0.79125 0.297778 0.075 0.0622222 0.936035
0 0.89125 0.510833 0.17 0.133889 0.932129
0 0.9725 0.316111 0.055 0.0722222 0.929199
0 0.349375 0.296111 0.05375 0.0661111 0.927246
0 0.0922656 0.534722 0.0832812 0.143889 0.921387
0 0.7225 0.278333 0.0425 0.0577778 0.92041
0 0.9175 0.642222 0.13125 0.146667 0.918457
0 0.96375 0.928333 0.0725 0.141111 0.91748
0 0.0403906 0.496111 0.0807813 0.111111 0.908691
0 0.93125 0.473333 0.1375 0.11 0.902832
0 0.425625 0.228056 0.03125 0.0466667 0.881836
0 0.69375 0.215417 0.03 0.0486111 0.875
0 0.395 0.262153 0.03625 0.0523611 0.850098
0 0.410625 0.247222 0.0325 0.0466667 0.844727
0 0.95625 0.427222 0.0874999 0.0988889 0.842773
0 0.37125 0.279444 0.035 0.0561111 0.832031
0 0.7025 0.236944 0.03375 0.0527778 0.766113
0 0.44375 0.204028 0.024375 0.0402778 0.750488
0 0.71125 0.264444 0.03625 0.0527778 0.747559
0 0.47 0.179444 0.02 0.0338889 0.729492
0 0.484063 0.167778 0.01875 0.0294444 0.686035
0 0.529375 0.145556 0.014375 0.0194444 0.684082
2 0.449375 0.269444 0.01625 0.0561111 0.604004
0 0.53875 0.130694 0.0125 0.0191667 0.556641
6 0.449375 0.269444 0.0175 0.0561111 0.309814
0 0.555938 0.118611 0.00999997 0.0161111 0.269043
0 0.0160449 0.713333 0.0320117 0.2 0.265869
0 0.495625 0.156667 0.01625 0.0258333 0.160278
0 0.459375 0.190139 0.01875 0.0377778 0.0881958
0 0.69625 0.23 0.0275 0.05 0.0803833
0 0.67625 0.192222 0.025 0.0405556 0.0745239
5 0.588438 0.0807639 0.00812505 0.0154167 0.0301056
0 0.48125 0.165 0.015625 0.0266667 0.0264587
0 0.534375 0.133889 0.01375 0.02 0.02034
2 0.99625 0.188889 0.00749995 0.0911111 0.0174408
0 0.497813 0.15625 0.016875 0.0230556 0.0147858
0 0.983125 0.420556 0.03375 0.0861111 0.0131226
0 0.99125 0.411389 0.0175 0.0727778 0.00878143
0 0.54875 0.122083 0.009375 0.0166667 0.00878143
0 0.475938 0.177639 0.02 0.0291667 0.00874329
0 0.98625 0.429444 0.0275 0.0988889 0.00787354
0 0.56375 0.105556 0.00875003 0.0161111 0.00579834
0 0.988125 0.418889 0.02375 0.0888889 0.00510025
3 0.170781 0.267847 0.008125 0.0509722 0.00492477
0 0.6625 0.170694 0.02 0.0347222 0.00460815
7 0.69 0.162917 0.00500005 0.0180556 0.00445175
3 0.739375 0.205694 0.00750001 0.0355555 0.00429916
0 0.49625 0.160556 0.019375 0.025 0.00413513
7 0.729375 0.206528 0.00499999 0.0252778 0.00273705
0 0.985 0.409444 0.03 0.0711111 0.00263214
0 0.399375 0.256042 0.033125 0.0534722 0.00245285
0 0.96625 0.412222 0.0675 0.0727778 0.00228691
3 0.634375 0.135139 0.00625 0.0191667 0.00223351
0 0.00504883 0.450833 0.0100977 0.0972222 0.00217438
0 0.976875 0.457778 0.04625 0.0788889 0.00214005
0 0.66 0.164444 0.02 0.0316667 0.00213242
1 0.0716797 0.187778 0.0675781 0.123333 0.0018034
0 0.0116406 0.468333 0.0232813 0.0788889 0.00179577
0 0.498125 0.151528 0.01125 0.0225 0.00159168
0 0.663125 0.165 0.0175 0.0294444 0.00154877
0 0.709375 0.244861 0.03625 0.0491667 0.00144386
0 0.9625 0.456944 0.0749999 0.0827778 0.00144386
0 0.0135449 0.477222 0.0269727 0.0777778 0.00134087
3 0.63125 0.125833 0.00625 0.0188889 0.00127411
0 0.66 0.177778 0.0125 0.0305556 0.0012598
0 0.68625 0.212778 0.025 0.0438889 0.00118351
0 0.511875 0.143056 0.0125 0.0216667 0.0011692
3 0.935 0.293333 0.00749995 0.0544444 0.0011692
0 0.536875 0.135556 0.01125 0.0227778 0.00115585
0 0.983125 0.31 0.03375 0.0633333 0.0011425
0 0.5625 0.113646 0.00874996 0.0154861 0.00111198
7 0.569375 0.801111 0.00999997 0.0211111 0.00106525
7 0.964375 0.927778 0.07125 0.14 0.00103188
