0 0.935625 0.782222 0.1175 0.206667 0.950195
0 0.0516406 0.62 0.103125 0.157778 0.948242
0 0.0508203 0.345556 0.0647656 0.0788889 0.933594
0 0.89375 0.514444 0.17 0.134444 0.933594
0 0.97375 0.319167 0.0525 0.0716667 0.932129
0 0.3525 0.300556 0.055 0.0644445 0.930664
0 0.9675 0.930556 0.065 0.136667 0.930176
0 0.883125 0.55125 0.08375 0.1575 0.927734
0 0.92 0.645556 0.13125 0.146667 0.921875
0 0.095 0.54 0.083125 0.143333 0.920898
0 0.79375 0.301667 0.0725 0.0633333 0.919434
0 0.9325 0.478333 0.135 0.112222 0.902832
0 0.399063 0.266111 0.035625 0.0511111 0.900391
0 0.0424219 0.501389 0.0848438 0.110556 0.891602
0 0.696875 0.219028 0.02875 0.0488889 0.883301
0 0.42875 0.2325 0.031875 0.0472222 0.874023
0 0.41375 0.251667 0.0325 0.0472222 0.863281
0 0.374375 0.283889 0.03625 0.0566667 0.858887
0 0.9575 0.43 0.08375 0.0988889 0.858887
3 0.673125 0.302778 0.015 0.0644445 0.847168
5 0.576563 0.113472 0.01625 0.0372222 0.820801
0 0.53125 0.149028 0.01625 0.0205556 0.820801
6 0.730625 0.302778 0.0525 0.0677778 0.771973
0 0.705 0.240694 0.03375 0.0525 0.762207
0 0.48875 0.17 0.01875 0.0308333 0.732422
0 0.71375 0.266944 0.035 0.0533333 0.694336
0 0.446875 0.208611 0.02875 0.0444444 0.67041
0 0.541875 0.135 0.011875 0.02 0.660156
0 0.473438 0.183611 0.02125 0.0361111 0.651367
0 0.0187012 0.72 0.0374023 0.207778 0.480469
0 0.7225 0.278333 0.04 0.0488889 0.474609
0 0.502188 0.153194 0.014375 0.0252778 0.0628052
0 0.526563 0.142778 0.011875 0.0208333 0.0535889
0 0.53875 0.136389 0.01125 0.0205556 0.0524292
0 0.7175 0.275 0.0375 0.0455555 0.0518494
0 0.67875 0.196667 0.0225 0.0344445 0.0469055
0 0.551563 0.118889 0.00874996 0.0144444 0.0423889
0 0.543125 0.126389 0.0112501 0.0205556 0.0288696
0 0.44 0.216111 0.02625 0.0413889 0.0266571
0 0.67 0.183333 0.0225 0.0316667 0.0238647
0 0.0121973 0.477778 0.0242773 0.0788889 0.0236969
0 0.7075 0.271667 0.0275 0.0461111 0.0202484
0 0.676875 0.189583 0.025 0.03 0.0167847
0 0.464375 0.19125 0.01625 0.0369445 0.0149536
5 0.558438 0.105278 0.009375 0.0222222 0.0135345
0 0.44375 0.213056 0.03125 0.0505556 0.012825
3 0.67375 0.311667 0.0125 0.0844445 0.011734
3 0.72125 0.297778 0.035 0.0633333 0.0107346
0 0.595 0.0822917 0.00499999 0.00972222 0.00815582
2 0.63625 0.1325 0.00750001 0.0183333 0.00757599
2 0.723125 0.299444 0.0375 0.0638889 0.00698471
0 0.544688 0.1275 0.0125 0.0177778 0.00695801
0 0.735625 0.292222 0.0425 0.0488889 0.00593567
0 0.00871582 0.605556 0.0174316 0.115556 0.00436401
3 0.40625 0.216111 0.00749998 0.0322222 0.00432968
0 0.71875 0.260625 0.04 0.0431944 0.0041008
0 0.47125 0.187083 0.02 0.0416667 0.00407028
5 0.569375 0.1075 0.01375 0.0258333 0.00366402
0 0.584375 0.0827083 0.00499999 0.0123611 0.00353813
0 0.00469238 0.451667 0.00938477 0.0955556 0.00340271
0 0.98375 0.418333 0.0325 0.0777778 0.00313568
0 0.9925 0.410833 0.015 0.07 0.00302696
0 0.66875 0.176111 0.02 0.035 0.0029583
3 0.65125 0.161389 0.00499999 0.025 0.00288963
0 0.73125 0.300556 0.0525 0.0666667 0.00286674
0 0.51 0.148889 0.01375 0.0225 0.00222588
0 0.0119238 0.521111 0.0237695 0.0755556 0.00211525
0 0.71375 0.255278 0.04 0.0561111 0.00206757
0 0.504375 0.147361 0.011875 0.0269444 0.00204277
0 0.60875 0.0897222 0.00687497 0.0116667 0.00204277
5 0.635625 0.658889 0.37125 0.651111 0.00194931
0 0.498438 0.160833 0.015625 0.0266667 0.00177479
0 0.98875 0.574306 0.0225 0.0847222 0.00167465
0 0.66 0.165556 0.015 0.03 0.00153065
0 0.56625 0.112917 0.00750001 0.0241667 0.00152493
0 0.66125 0.164444 0.02125 0.0311111 0.00146103
0 0.99 0.419444 0.0199999 0.0855555 0.00142097
0 0.969375 0.410556 0.05875 0.0622222 0.00137234
0 0.70125 0.223333 0.0325 0.0416667 0.00134563
0 0.624688 0.11441 0.00625 0.0128472 0.00119209
0 0.733125 0.284444 0.04375 0.0566667 0.0011158
0 0.705625 0.248333 0.03875 0.0522222 0.00110722
0 0.630625 0.129444 0.00749995 0.0155556 0.00103664
