0 0.93375 0.778889 0.1175 0.206667 0.953125
0 0.0497266 0.615556 0.0994531 0.158889 0.945312
0 0.88125 0.547222 0.0825 0.156667 0.941895
0 0.0475781 0.341667 0.064375 0.0772222 0.940918
0 0.79125 0.2975 0.0725 0.0616667 0.933594
0 0.89125 0.510833 0.17 0.132778 0.930664
0 0.349375 0.296667 0.05375 0.0655556 0.926758
0 0.9725 0.315 0.055 0.0711111 0.92627
0 0.092832 0.535278 0.0833984 0.143889 0.921875
0 0.7225 0.278403 0.0425 0.0576389 0.917969
0 0.9175 0.642222 0.13125 0.146667 0.91748
0 0.96375 0.927778 0.07125 0.142222 0.915039
0 0.0403906 0.496111 0.0807813 0.112222 0.906738
2 0.597188 0.538333 0.036875 0.132222 0.901367
0 0.93125 0.473333 0.1375 0.11 0.898926
0 0.69375 0.215 0.03 0.0483333 0.872559
0 0.425625 0.22875 0.03125 0.0469445 0.869629
0 0.410938 0.247083 0.0325 0.0458333 0.865234
0 0.395 0.262222 0.03625 0.0527778 0.853027
0 0.370313 0.280556 0.035625 0.0566666 0.841797
0 0.95625 0.427222 0.0874999 0.0977778 0.827637
0 0.7025 0.235556 0.03375 0.0522222 0.790527
0 0.71125 0.263611 0.03625 0.0538889 0.756348
0 0.444063 0.204306 0.024375 0.0411111 0.741699
0 0.470313 0.179722 0.02 0.0344445 0.732422
0 0.48375 0.1675 0.01875 0.0286111 0.71875
0 0.529375 0.146111 0.01375 0.0197222 0.704102
2 0.556563 0.142083 0.00687504 0.0197222 0.517578
0 0.538438 0.130833 0.010625 0.0194444 0.464844
0 0.459063 0.191944 0.01875 0.0319444 0.230957
0 0.0163184 0.715556 0.0325195 0.201111 0.228149
0 0.675 0.190556 0.025 0.04 0.129395
0 0.495 0.156111 0.014375 0.0241667 0.106689
0 0.69625 0.231111 0.0275 0.0488889 0.0897827
0 0.463125 0.1875 0.018125 0.0322222 0.032959
0 0.97 0.456389 0.06 0.0794445 0.0175781
5 0.594688 0.0822222 0.00749995 0.0127778 0.0157166
5 0.588125 0.0802778 0.00750001 0.0155556 0.0127716
0 0.475313 0.177639 0.020625 0.0291667 0.0111618
0 0.678125 0.194722 0.02125 0.0361111 0.0110321
0 0.53375 0.134167 0.0125 0.0208333 0.0104904
0 0.54875 0.125833 0.01125 0.0172222 0.0102463
0 0.9825 0.418889 0.035 0.0833333 0.00878143
0 0.561875 0.10375 0.009375 0.0130556 0.00857544
0 0.541563 0.125556 0.0106249 0.0188889 0.00790405
0 0.991875 0.410556 0.01625 0.0711111 0.00754929
0 0.986875 0.429444 0.02625 0.0977778 0.00751877
0 0.500625 0.151111 0.01375 0.0205556 0.00712204
0 0.0822656 0.887778 0.0964063 0.111111 0.00703812
2 0.99625 0.190278 0.00749995 0.0744445 0.00475693
0 0.965 0.412778 0.07 0.0722222 0.00475693
0 0.66375 0.171667 0.0175 0.0336111 0.00391388
3 0.729375 0.206667 0.00499999 0.0244444 0.00365067
0 0.552188 0.118056 0.009375 0.0141667 0.0036068
3 0.6575 0.17875 0.00750001 0.0294444 0.00359344
0 0.66125 0.169028 0.0175 0.0308333 0.00327301
7 0.69 0.165417 0.00500005 0.0191667 0.00319672
3 0.739375 0.205694 0.00750001 0.0355555 0.00317192
0 0.0714453 0.885556 0.0791406 0.0977778 0.00291252
3 0.170313 0.260833 0.0075 0.0655556 0.00286674
0 0.451875 0.200417 0.025 0.0419444 0.00271416
3 0.715625 0.184028 0.00625 0.0230556 0.00233269
0 0.68375 0.213056 0.0199999 0.0433333 0.00231361
0 0.66 0.163889 0.02 0.0305556 0.00226974
0 0.00510254 0.451111 0.0102051 0.0977778 0.00213242
0 0.51125 0.149444 0.01125 0.0186111 0.00203514
0 0.53625 0.137222 0.0125 0.0216667 0.00200272
0 0.98375 0.307778 0.0325 0.06 0.00176811
0 0.66375 0.163056 0.0175 0.0275 0.00168705
0 0.71 0.244722 0.035 0.0494444 0.00161076
0 0.99375 0.301667 0.0124999 0.0577778 0.00157356
0 0.399063 0.257153 0.034375 0.0556945 0.00123501
0 0.0106934 0.467778 0.0213477 0.08 0.00123024
0 0.9775 0.429722 0.0449999 0.0983333 0.00122547
7 0.965 0.927778 0.07 0.14 0.00112438
