0 0.93375 0.78 0.1175 0.208889 0.949707
0 0.0501563 0.616667 0.100313 0.157778 0.947266
0 0.881875 0.547639 0.08375 0.155833 0.94043
0 0.0480371 0.343889 0.0642383 0.0755556 0.937988
0 0.791875 0.299167 0.07125 0.0633333 0.937012
0 0.8925 0.512778 0.17 0.134444 0.931641
0 0.0923438 0.536528 0.0834375 0.1425 0.921875
0 0.96375 0.928889 0.0725 0.14 0.918945
0 0.349375 0.297778 0.0525 0.0644445 0.917969
0 0.918125 0.644444 0.13125 0.148889 0.91748
0 0.9425 0.353889 0.115 0.0822222 0.90918
0 0.93125 0.476111 0.1375 0.111111 0.907227
0 0.599375 0.204583 0.02875 0.0402778 0.900391
0 0.0417578 0.497222 0.0835156 0.11 0.898926
0 0.723125 0.280556 0.0425 0.0566666 0.898438
3 0.642344 0.288889 0.0178125 0.0688889 0.879883
0 0.69375 0.217083 0.03 0.05 0.868652
0 0.42625 0.229722 0.03125 0.0466667 0.847168
0 0.95625 0.427778 0.0874999 0.0988889 0.823242
0 0.370625 0.280556 0.035 0.0555556 0.762207
6 0.404375 0.287778 0.04 0.0666667 0.76123
0 0.394375 0.261597 0.03125 0.0456944 0.743164
0 0.9725 0.318889 0.055 0.0733333 0.740234
0 0.71125 0.267847 0.035 0.0520833 0.73877
0 0.485625 0.169444 0.01875 0.0305556 0.723145
0 0.70375 0.239444 0.035 0.055 0.723145
0 0.529375 0.146111 0.015625 0.02 0.72168
0 0.44375 0.205833 0.02375 0.0422222 0.716797
0 0.411875 0.247639 0.03125 0.0463889 0.712402
0 0.47125 0.181111 0.02 0.0338889 0.690918
0 0.539375 0.132083 0.0125 0.0222222 0.373779
0 0.0170996 0.713333 0.034043 0.201111 0.331055
0 0.67625 0.192222 0.0225 0.04 0.139893
0 0.463125 0.189167 0.01625 0.0288889 0.117188
0 0.695 0.224861 0.0275 0.0513889 0.0786133
0 0.474375 0.18 0.02375 0.0288889 0.0742188
3 0.965 0.269722 0.00999997 0.0516667 0.0570679
0 0.46 0.191667 0.018125 0.0344444 0.049408
0 0.46625 0.18625 0.01625 0.0305556 0.0483093
0 0.706875 0.24625 0.04 0.0508333 0.0394897
0 0.503125 0.152639 0.01375 0.0244444 0.033844
0 0.940625 0.378333 0.11875 0.134444 0.0324707
0 0.403438 0.286667 0.039375 0.0666667 0.0305634
3 0.97 0.277847 0.015 0.0698611 0.0220337
3 0.9675 0.271042 0.00999997 0.0534722 0.0173035
0 0.99 0.306111 0.0199999 0.0644445 0.016983
0 0.67375 0.186667 0.02125 0.0377778 0.0133743
0 0.66 0.164167 0.02 0.0288889 0.0122375
0 0.404375 0.271181 0.04125 0.04875 0.0100555
0 0.985 0.415556 0.03 0.0933333 0.008255
0 0.9775 0.428611 0.0449999 0.102778 0.00796509
0 0.41 0.272847 0.03 0.0576389 0.00734711
0 0.9875 0.426389 0.0249999 0.108889 0.00725937
0 0.9925 0.4075 0.015 0.0883333 0.00538635
3 0.354375 0.249028 0.00750001 0.0369445 0.00469971
0 0.645625 0.146389 0.0175 0.0211111 0.00443268
0 0.536875 0.136111 0.010625 0.0216667 0.00421524
0 0.970625 0.336944 0.05875 0.0655556 0.00399017
0 0.99 0.411111 0.0199999 0.103333 0.00392914
0 0.385313 0.262292 0.0275 0.0498611 0.00391388
3 0.96875 0.302292 0.0475 0.106528 0.00362206
2 0.99625 0.192639 0.00749995 0.0708333 0.00342941
0 0.505 0.155 0.01375 0.0216667 0.00331116
3 0.934375 0.299444 0.00874996 0.0677778 0.00324821
0 0.88875 0.132639 0.03 0.0411111 0.00286674
6 0.409063 0.273333 0.03375 0.0638889 0.00279045
3 0.97375 0.276667 0.00999997 0.0461111 0.00277901
0 0.700625 0.2275 0.035 0.0477778 0.00255013
0 0.6575 0.161111 0.02 0.0288889 0.0024147
0 0.499063 0.16 0.015 0.0272222 0.00219154
0 0.00545898 0.4475 0.010918 0.0966667 0.00213242
3 0.935 0.314444 0.00999997 0.0688889 0.00197983
0 0.6425 0.143611 0.01375 0.0225 0.00189686
0 0.945 0.421667 0.11 0.17 0.0018177
0 0.633125 0.123889 0.00874996 0.0172222 0.00174141
0 0.00393066 0.440556 0.00786133 0.108889 0.00171375
0 0.544688 0.128611 0.0125 0.02 0.00165462
3 0.74 0.208472 0.0125 0.0469445 0.00142097
0 0.010293 0.467222 0.0205469 0.0777778 0.00139904
0 0.96625 0.348056 0.065 0.0744444 0.00132465
0 0.98125 0.303889 0.035 0.0483333 0.00123024
0 0.53375 0.135833 0.01375 0.0247222 0.00119209
3 0.171563 0.267778 0.008125 0.0488889 0.00119209
0 0.968125 0.4075 0.06375 0.0722222 0.00102425
