0 0.93375 0.78 0.1175 0.206667 0.950195
0 0.0502344 0.616667 0.100469 0.157778 0.946289
0 0.881875 0.548889 0.08375 0.157778 0.940918
0 0.0484375 0.343611 0.0651563 0.0766667 0.9375
0 0.7925 0.298889 0.0725 0.0622222 0.931152
0 0.8925 0.512778 0.17 0.134444 0.931152
0 0.97375 0.3175 0.0525 0.0738889 0.922363
0 0.0925781 0.536528 0.0840625 0.1425 0.919434
0 0.91875 0.644444 0.1325 0.146667 0.917969
0 0.96375 0.927778 0.0725 0.142222 0.915039
0 0.349375 0.298333 0.055 0.065 0.90918
0 0.0417188 0.4975 0.0834375 0.110556 0.906738
0 0.93125 0.475278 0.1375 0.109444 0.905762
0 0.72375 0.280556 0.0425 0.0566666 0.903809
0 0.69625 0.218333 0.0275 0.0494444 0.868164
0 0.411875 0.249444 0.0325 0.0477778 0.863281
0 0.425938 0.230417 0.03125 0.0463889 0.856934
0 0.395938 0.264722 0.03625 0.0511111 0.850098
0 0.371563 0.282222 0.035625 0.0577778 0.84082
3 0.86125 0.34 0.015 0.0811111 0.836426
0 0.956563 0.428611 0.086875 0.0972222 0.835449
2 0.315313 0.331111 0.04375 0.0705556 0.790527
6 0.62625 0.20625 0.01875 0.0441667 0.782715
0 0.7125 0.2675 0.035 0.0522222 0.746094
0 0.70375 0.239583 0.035 0.0547222 0.725098
0 0.444063 0.207778 0.025625 0.0427778 0.704102
0 0.486563 0.169444 0.019375 0.0316667 0.695801
0 0.53 0.145972 0.015 0.0197222 0.65332
0 0.471875 0.181111 0.02 0.0333333 0.651367
0 0.541875 0.131389 0.0125 0.0205556 0.494141
0 0.0170898 0.720556 0.0341016 0.207778 0.470703
0 0.538125 0.135 0.01 0.0205556 0.195557
0 0.6775 0.193056 0.0225 0.04 0.147583
0 0.505938 0.151944 0.013125 0.0227778 0.092041
0 0.5275 0.144167 0.015625 0.0222222 0.0863037
0 0.460625 0.190556 0.0175 0.0366667 0.0299835
0 0.7075 0.246111 0.04 0.0516667 0.0298767
0 0.540625 0.126389 0.0125 0.0216667 0.0280151
2 0.625938 0.204722 0.018125 0.0444444 0.0158997
0 0.6575 0.162778 0.0175 0.0261111 0.0150757
0 0.975 0.430556 0.0499999 0.0983333 0.0112457
0 0.545313 0.130278 0.010625 0.0188889 0.0112
3 0.375625 0.255833 0.0125 0.0405556 0.0110321
0 0.981875 0.42 0.03625 0.0844444 0.00997162
3 0.35375 0.247639 0.00750001 0.0425 0.00993347
0 0.509688 0.149444 0.013125 0.0205556 0.00974274
0 0.67125 0.183889 0.0225 0.0333333 0.00815582
3 0.70375 0.169167 0.00499999 0.0305556 0.00772476
3 0.86125 0.343056 0.01375 0.0611111 0.00763702
0 0.645 0.145833 0.015 0.0194444 0.00757599
0 0.990625 0.410833 0.0187499 0.0738889 0.00740433
0 0.98625 0.3075 0.0275 0.0583333 0.00658798
0 0.985 0.430556 0.03 0.0988889 0.00494385
0 0.66375 0.172361 0.02 0.0316667 0.00484848
0 0.53625 0.137222 0.010625 0.0202778 0.00397491
0 0.9875 0.419167 0.0249999 0.0888889 0.0036068
0 0.969375 0.41 0.06 0.0655555 0.00319672
3 0.740625 0.208333 0.00750001 0.0333333 0.00291252
0 0.49875 0.16 0.015 0.0272222 0.00286674
0 0.6425 0.143611 0.0125 0.0211111 0.00279045
0 0.00489258 0.445 0.00978516 0.105556 0.00270462
0 0.482813 0.165278 0.018125 0.0288889 0.00201035
0 0.00959473 0.464722 0.0191113 0.0794445 0.00183868
0 0.55125 0.116944 0.00999997 0.0138889 0.00176811
3 0.68125 0.212222 0.015 0.0433333 0.00176144
0 0.99375 0.301389 0.0124999 0.0561111 0.00157356
0 0.98375 0.408889 0.0325 0.07 0.00154877
0 0.533125 0.135 0.0125 0.0238889 0.00133514
0 0.0120898 0.475278 0.0240625 0.0761111 0.00132465
0 0.564688 0.0973611 0.00562503 0.0111111 0.00129414
7 0.70875 0.904444 0.00999997 0.0244445 0.00116062
3 0.695 0.170833 0.00499999 0.0208333 0.00112057
0 0.70125 0.226944 0.035 0.0477778 0.00109863
0 0.635313 0.132222 0.00875003 0.0166667 0.00109005
0 0.71875 0.265 0.04 0.0533333 0.00109005
0 0.359375 0.483056 0.0375 0.0616666 0.00101662
