0 0.935625 0.782222 0.1175 0.208889 0.949707
0 0.0516016 0.618889 0.103047 0.156667 0.947266
0 0.79125 0.433889 0.0975 0.116667 0.9375
0 0.89375 0.515 0.17 0.133333 0.934082
0 0.0509375 0.345278 0.064375 0.0777778 0.933105
0 0.3525 0.3 0.055 0.0644445 0.931152
0 0.966875 0.930556 0.06625 0.136667 0.928223
0 0.79375 0.300556 0.0725 0.0622222 0.926758
0 0.88375 0.551111 0.08375 0.156667 0.926758
0 0.92 0.645 0.1325 0.145556 0.923828
0 0.0952344 0.539861 0.0835938 0.1425 0.921875
0 0.9325 0.478333 0.135 0.114444 0.903809
0 0.725 0.282778 0.04375 0.0577778 0.901855
0 0.399375 0.266181 0.035 0.0509722 0.899902
0 0.69625 0.219583 0.02875 0.05 0.885742
0 0.97375 0.319167 0.0525 0.0733333 0.884766
0 0.041875 0.501944 0.08375 0.111667 0.884766
0 0.42875 0.232222 0.03125 0.0472222 0.878418
0 0.9575 0.430278 0.085 0.0983334 0.866211
0 0.41375 0.251597 0.033125 0.0468055 0.864258
0 0.374375 0.284444 0.03625 0.0577778 0.852051
0 0.531875 0.148611 0.015625 0.02 0.835449
0 0.71375 0.268056 0.03625 0.0544445 0.746094
6 0.6475 0.189722 0.015 0.035 0.740723
0 0.705 0.241667 0.035 0.0511111 0.740234
0 0.488125 0.171111 0.01875 0.0311111 0.725098
0 0.447813 0.208056 0.028125 0.0438889 0.690918
0 0.473438 0.183611 0.021875 0.0361111 0.686035
0 0.541875 0.134444 0.0125 0.02 0.560059
3 0.9575 0.326389 0.0175 0.0644445 0.492188
0 0.0185156 0.722222 0.0369922 0.206667 0.42627
5 0.5675 0.103333 0.00874996 0.0169444 0.336426
3 0.965 0.327778 0.0325 0.0577778 0.27124
0 0.505 0.152083 0.01375 0.0244445 0.138428
0 0.67875 0.195278 0.0225 0.0383333 0.0685425
0 0.0132031 0.473333 0.0263281 0.0761112 0.0611877
0 0.528125 0.144722 0.0125 0.0227778 0.0455322
0 0.0166699 0.587639 0.0332617 0.1425 0.0411377
0 0.542813 0.126944 0.0125 0.0225 0.0346069
0 0.535625 0.139722 0.0125 0.0211111 0.0303345
0 0.71 0.268819 0.02875 0.0468055 0.0268555
0 0.440625 0.216806 0.025 0.0405556 0.0208893
0 0.551563 0.1175 0.00812499 0.0138889 0.0179901
0 0.0121191 0.595556 0.0242383 0.126667 0.0151901
0 0.465625 0.190833 0.015 0.0375 0.0143356
2 0.636563 0.131944 0.00687497 0.0172222 0.0122375
0 0.545 0.125 0.01125 0.0177778 0.0110703
3 0.96 0.316667 0.0199999 0.0644445 0.00952148
0 0.665 0.172639 0.0199999 0.0338889 0.00666809
5 0.58625 0.0847222 0.00625 0.0133333 0.00626373
0 0.587188 0.095625 0.00625 0.01125 0.00536346
0 0.442813 0.213056 0.033125 0.0516667 0.00536346
0 0.509063 0.149028 0.015 0.0225 0.00526047
2 0.96 0.323333 0.025 0.0694444 0.00510025
0 0.66875 0.181111 0.02 0.0316667 0.0049057
0 0.0108203 0.540556 0.0214844 0.0922223 0.00471878
0 0.505625 0.147639 0.0125 0.0269444 0.00439835
0 0.67 0.186806 0.0225 0.0327778 0.00413513
5 0.566875 0.0994444 0.00999997 0.0205556 0.00405502
3 0.95875 0.356667 0.015 0.114444 0.00403976
3 0.630625 0.13 0.00625 0.015 0.00391388
0 0.00816406 0.461111 0.0162695 0.09 0.00388527
0 0.0128418 0.563889 0.0256445 0.152222 0.00372124
0 0.665 0.168611 0.0175001 0.0288889 0.00340271
0 0.9925 0.411389 0.015 0.0727778 0.00304031
0 0.98375 0.419444 0.0325 0.08 0.0029583
0 0.65875 0.16625 0.015 0.0258333 0.00282288
0 0.510625 0.145556 0.01375 0.0244445 0.00256157
0 0.5875 0.0936111 0.00874996 0.0127778 0.00250244
0 0.648125 0.150417 0.0125 0.0222222 0.00245285
0 0.0132617 0.501667 0.0263281 0.0822222 0.002388
0 0.0233203 0.563194 0.0466406 0.160278 0.00234222
0 0.7175 0.251111 0.0425 0.0588889 0.00230598
0 0.00474609 0.443333 0.00949219 0.106667 0.00220871
0 0.498125 0.160278 0.01625 0.0272222 0.00218201
0 0.6525 0.155278 0.0125 0.0244445 0.00211525
0 0.501875 0.152083 0.011875 0.0238889 0.00199509
0 0.65125 0.161389 0.00999997 0.0219444 0.00187492
0 0.6625 0.163056 0.0175 0.0286111 0.0017004
5 0.55875 0.104444 0.00875003 0.0175 0.0016489
0 0.59625 0.0802778 0.00500005 0.0105556 0.00162315
0 0.99 0.420556 0.0199999 0.0872222 0.00162315
3 0.626875 0.133889 0.00562496 0.0133333 0.00134563
7 0.96625 0.93 0.0675 0.137778 0.0012846
5 0.630938 0.663333 0.374375 0.671111 0.00119686
3 0.3775 0.255486 0.01625 0.04125 0.00109005
0 0.98375 0.407778 0.03 0.0622222 0.00105667
