0 0.0439941 0.337222 0.064043 0.0777778 0.947754
0 0.0478125 0.610139 0.095 0.159722 0.944824
0 0.93 0.774444 0.1175 0.208889 0.944824
0 0.87625 0.542778 0.0825 0.155556 0.937988
0 0.97125 0.3125 0.0575 0.0716667 0.931641
0 0.8875 0.507222 0.17 0.133333 0.930664
0 0.91375 0.638889 0.1325 0.145556 0.927246
0 0.344688 0.291667 0.05625 0.0644445 0.925293
0 0.963125 0.926667 0.0725 0.145556 0.913086
0 0.0876563 0.529722 0.0842188 0.141667 0.911133
0 0.71875 0.274722 0.04375 0.0572222 0.907227
0 0.93 0.470278 0.14 0.109444 0.905273
0 0.0395898 0.490556 0.0791797 0.111111 0.891113
0 0.39125 0.2575 0.0375 0.0516667 0.884277
0 0.69 0.211528 0.0300001 0.05 0.878418
0 0.36625 0.275556 0.03625 0.0572222 0.865234
0 0.4225 0.223056 0.03125 0.0455556 0.848145
0 0.407188 0.243056 0.033125 0.0444444 0.845703
0 0.954688 0.425833 0.0906249 0.102778 0.842773
0 0.524688 0.140833 0.015 0.0183333 0.803223
0 0.70875 0.26 0.035 0.0566667 0.79834
0 0.699375 0.232778 0.0325 0.0522222 0.78418
2 0.504375 0.20125 0.01 0.0411111 0.702637
0 0.471563 0.173889 0.020625 0.0288889 0.699219
0 0.440625 0.201111 0.0275 0.0427778 0.638672
0 0.482188 0.161389 0.018125 0.0288889 0.560059
0 0.605313 0.116701 0.0125 0.0160417 0.462891
0 0.534375 0.127083 0.011875 0.0197222 0.366699
0 0.0155176 0.707778 0.0309961 0.206667 0.1427
0 0.455625 0.186944 0.02 0.0333333 0.140381
0 0.67125 0.185833 0.025 0.0416667 0.106689
0 0.695625 0.229028 0.02875 0.0502778 0.078064
0 0.4375 0.205278 0.02625 0.0427778 0.0758667
2 0.612188 0.114861 0.00812499 0.0163889 0.0340881
5 0.614375 0.102639 0.00874996 0.0188889 0.0269623
0 0.70875 0.267847 0.0300001 0.0476389 0.0250854
0 0.4925 0.15 0.016875 0.0266667 0.0207214
0 0.99125 0.418333 0.0175 0.0822222 0.0150757
0 0.519688 0.134167 0.011875 0.0194444 0.0120544
0 0.988125 0.431111 0.02375 0.0977778 0.0111618
0 0.578125 0.0946528 0.00750001 0.0126389 0.00854492
0 0.66875 0.179583 0.0225 0.0394445 0.00664139
0 0.634375 0.130556 0.01375 0.0222222 0.00591278
0 0.66 0.174722 0.0175 0.0311111 0.00577545
0 0.426875 0.218333 0.04 0.0511111 0.00526047
0 0.656875 0.176944 0.01125 0.0288889 0.0046463
3 0.739375 0.205 0.00874996 0.0380556 0.00434875
5 0.5725 0.0763194 0.00750001 0.0165278 0.00415039
0 0.98375 0.419167 0.0325 0.0827778 0.00407028
0 0.66 0.164722 0.02 0.0311111 0.00376511
5 0.607813 0.108194 0.01 0.0225 0.00365067
0 0.654375 0.159444 0.0175 0.0255555 0.00321007
3 0.73625 0.204306 0.00750001 0.0266667 0.00314713
0 0.635313 0.134444 0.011875 0.0233333 0.00302696
0 0.539688 0.116667 0.011875 0.0197222 0.00223351
0 0.5425 0.107778 0.009375 0.0186111 0.00219917
0 0.995 0.300556 0.00999997 0.0666667 0.00216484
0 0.5 0.146111 0.01125 0.0244444 0.00206757
0 0.500625 0.139306 0.0125 0.0202778 0.00202751
0 0.6075 0.119444 0.01125 0.0177778 0.00192642
0 0.65125 0.158889 0.0125 0.0233333 0.0018177
0 0.453438 0.189306 0.026875 0.0411111 0.00176144
0 0.64625 0.156944 0.0125 0.0227778 0.00174141
0 0.521875 0.124444 0.00874999 0.0183333 0.00152493
0 0.495625 0.142778 0.011875 0.0233333 0.00144386
0 0.538125 0.126944 0.015 0.0194444 0.00138855
5 0.621563 0.106111 0.00875003 0.0205556 0.00130463
3 0.83 0.264167 0.0225 0.177778 0.00127411
0 0.625 0.116389 0.00437501 0.0144444 0.00124931
0 0.99625 0.287222 0.00749995 0.0688889 0.00116062
7 0.96375 0.926667 0.0725 0.144444 0.0011425
0 0.499063 0.146667 0.016875 0.0236111 0.00112057
0 0.518125 0.125 0.01 0.0194444 0.0011158
0 0.00567871 0.463889 0.0113574 0.0722222 0.00109005
0 0.399375 0.253611 0.0475 0.0522222 0.00109005
0 0.634375 0.126389 0.01375 0.0208333 0.00104427
0 0.96625 0.407778 0.065 0.0733333 0.00100803
