0 0.7225 0.64 0.11375 0.188889 0.949707
0 0.935625 0.780556 0.1175 0.205556 0.94873
0 0.0517578 0.62 0.103359 0.157778 0.947754
0 0.89375 0.514444 0.17 0.134444 0.934082
0 0.97375 0.319444 0.0525 0.0716667 0.932617
0 0.050625 0.345556 0.0640625 0.0777778 0.932617
0 0.88375 0.551667 0.08375 0.157778 0.931152
0 0.094668 0.54 0.0847266 0.142222 0.925781
0 0.9675 0.93 0.065 0.137778 0.925781
0 0.79375 0.300833 0.07375 0.0616667 0.922852
0 0.92 0.643889 0.1325 0.143333 0.916504
0 0.9325 0.478889 0.135 0.114444 0.903809
0 0.399375 0.266944 0.035 0.0505556 0.899902
0 0.371875 0.285556 0.0425 0.0588889 0.895508
0 0.725 0.282778 0.0425 0.0577778 0.894043
0 0.696875 0.218611 0.02875 0.0488889 0.879883
3 0.3075 0.631111 0.034375 0.148889 0.875
0 0.41375 0.251667 0.033125 0.0472222 0.869629
0 0.428438 0.2325 0.0325 0.0472222 0.867188
0 0.9575 0.43 0.085 0.0988889 0.85791
0 0.53125 0.14875 0.015625 0.0202778 0.806641
3 0.280781 0.330556 0.0109375 0.075 0.771973
0 0.705625 0.241389 0.035 0.0511111 0.747559
0 0.71375 0.268403 0.0375 0.0554167 0.743164
0 0.48875 0.170139 0.01875 0.0308333 0.70752
0 0.447813 0.208472 0.028125 0.0441667 0.672363
0 0.47375 0.183472 0.02125 0.0361111 0.665527
0 0.54125 0.135278 0.011875 0.0194444 0.492188
5 0.567813 0.104167 0.00875003 0.0166667 0.44165
0 0.0187891 0.718889 0.0375391 0.202222 0.377441
0 0.586875 0.0960417 0.00625 0.0108333 0.364746
3 0.376875 0.241667 0.014375 0.0438889 0.334473
0 0.53875 0.137361 0.01125 0.0188889 0.233765
0 0.550313 0.128611 0.010625 0.02 0.124207
0 0.67875 0.195278 0.0225 0.0372222 0.108948
0 0.526875 0.142778 0.01125 0.0202778 0.0558167
0 0.551563 0.120278 0.00874996 0.0138889 0.0456848
3 0.375 0.233611 0.015 0.0488889 0.0440063
0 0.504688 0.152778 0.013125 0.025 0.0402527
2 0.637188 0.131667 0.00687497 0.0166667 0.0335999
3 0.367813 0.224722 0.00687501 0.0472222 0.0309143
0 0.440625 0.216528 0.025 0.0397222 0.0275879
0 0.465625 0.190694 0.016875 0.0377778 0.026062
3 0.378438 0.237361 0.01625 0.0480556 0.0227966
0 0.71 0.268889 0.0275 0.0466667 0.0145035
0 0.544063 0.128056 0.011875 0.0241667 0.0120087
3 0.366875 0.237639 0.00875003 0.0508333 0.00796509
2 0.63 0.129444 0.00750001 0.0161111 0.00787354
3 0.37875 0.228194 0.00750001 0.0344445 0.00746155
0 0.670625 0.182778 0.01875 0.0316667 0.00701141
0 0.443438 0.213194 0.0325 0.0505556 0.00664139
0 0.72125 0.277292 0.0362501 0.0565278 0.00614548
0 0.664375 0.170556 0.02125 0.0344444 0.00568771
5 0.5675 0.0998611 0.00874996 0.0205556 0.00559998
0 0.470625 0.186944 0.02 0.0416667 0.00450516
0 0.715625 0.251944 0.03625 0.0522222 0.00419998
3 0.65125 0.165278 0.00499999 0.0252778 0.00416565
0 0.154844 0.742778 0.0678125 0.0722222 0.0041008
0 0.0087793 0.606111 0.0175586 0.114444 0.00397491
3 0.368125 0.214861 0.00625 0.0380555 0.00353813
0 0.012168 0.602222 0.0243359 0.117778 0.00317192
7 0.179219 0.277222 0.0059375 0.0294445 0.0030632
0 0.98375 0.419444 0.0325 0.0811111 0.00294685
5 0.55875 0.104097 0.009375 0.0165278 0.00291252
0 0.623125 0.113056 0.00625 0.0147222 0.00264168
0 0.66125 0.163333 0.02 0.0313889 0.00229645
0 0.9925 0.411111 0.015 0.0705555 0.00222588
3 0.659375 0.165556 0.01375 0.03 0.00214958
3 0.405 0.217222 0.00875003 0.0338889 0.0020504
5 0.623125 0.106458 0.00875003 0.0218056 0.00181007
0 0.509375 0.150139 0.014375 0.0233333 0.00167465
0 0.4975 0.161944 0.01625 0.0255556 0.00158501
3 0.1725 0.260556 0.00687501 0.0366667 0.00143242
3 0.6575 0.181389 0.00499999 0.0227778 0.00142097
2 0.627188 0.132778 0.00625 0.0133333 0.00139904
0 0.97125 0.411111 0.055 0.065 0.00132465
7 0.966875 0.93 0.06625 0.137778 0.00132465
0 0.65375 0.161389 0.00999997 0.0288889 0.00129414
0 0.70875 0.244861 0.0449999 0.0613889 0.00127411
3 0.74 0.205278 0.0125 0.0433333 0.00122547
0 0.99125 0.419722 0.0175 0.0861111 0.00117874
0 0.6475 0.147222 0.0125 0.0222222 0.00113392
3 0.172188 0.266944 0.00687501 0.0411111 0.00113392
0 0.0250195 0.608889 0.0500391 0.134444 0.00108147
0 0.504375 0.147222 0.01125 0.0275 0.00107288
