0 0.93375 0.779444 0.1175 0.207778 0.95166
0 0.0500391 0.616667 0.100078 0.157778 0.946777
0 0.881875 0.549028 0.08375 0.1575 0.939453
0 0.0485938 0.343333 0.0640625 0.0766667 0.936035
0 0.79125 0.299444 0.0725 0.0622222 0.932617
0 0.8925 0.512222 0.17 0.134444 0.932617
6 0.81375 0.918889 0.1275 0.162222 0.929688
0 0.965625 0.928889 0.0687499 0.14 0.92627
0 0.973125 0.317222 0.05375 0.0722222 0.925293
0 0.092793 0.537222 0.0837891 0.143333 0.922363
0 0.349688 0.298333 0.054375 0.0655555 0.920898
6 0.75125 0.494722 0.05 0.119444 0.91748
0 0.91875 0.643333 0.1325 0.146667 0.91748
0 0.72375 0.280556 0.0425 0.0577778 0.905762
0 0.93125 0.476389 0.1375 0.113333 0.903809
0 0.0407813 0.498611 0.0815625 0.109444 0.90332
3 0.144844 0.56125 0.026875 0.0641667 0.883301
0 0.426875 0.23 0.03125 0.0472222 0.875
0 0.694375 0.217778 0.02875 0.05 0.866211
0 0.411875 0.248333 0.031875 0.0466667 0.856934
0 0.395938 0.263333 0.035625 0.0522222 0.854004
0 0.371875 0.2825 0.035 0.0572222 0.84082
0 0.956875 0.429167 0.08625 0.0988889 0.84082
0 0.53 0.146389 0.01625 0.0194444 0.763672
0 0.7125 0.267153 0.035 0.05125 0.751953
0 0.70375 0.239167 0.035 0.0538889 0.725098
0 0.470625 0.183056 0.02125 0.0355556 0.723145
0 0.485938 0.169167 0.019375 0.0305556 0.716797
0 0.442813 0.207778 0.025 0.0422222 0.705566
0 0.539375 0.132778 0.01125 0.0216667 0.414795
0 0.0172266 0.716667 0.034375 0.206667 0.30249
0 0.67625 0.190556 0.0225 0.04 0.187134
0 0.460625 0.192917 0.02 0.0313889 0.139404
3 0.636563 0.146667 0.00625 0.0227778 0.126343
0 0.52625 0.144167 0.0125 0.0216667 0.0977173
0 0.695 0.224722 0.02625 0.0494445 0.093689
0 0.464688 0.188333 0.018125 0.0327778 0.0745239
3 0.635938 0.141944 0.00687504 0.0238889 0.0538025
5 0.571563 0.0936806 0.00875003 0.01625 0.0490417
0 0.539375 0.126944 0.01125 0.0222222 0.0359497
0 0.7075 0.246944 0.04 0.0511111 0.029541
0 0.68 0.193333 0.02125 0.0377778 0.0266571
0 0.501563 0.152361 0.011875 0.0233333 0.0209656
0 0.475625 0.179722 0.021875 0.0294444 0.0141144
3 0.679375 0.211111 0.01125 0.0411111 0.0138474
0 0.660625 0.164444 0.02 0.03 0.0130692
0 0.981875 0.42 0.03625 0.0833333 0.0106964
0 0.6625 0.169722 0.0225 0.0327778 0.0105286
0 0.53625 0.13625 0.01125 0.0222222 0.0100555
0 0.545 0.129167 0.01125 0.0194444 0.00919342
0 0.6625 0.167222 0.0175 0.0311111 0.00854492
0 0.990625 0.410556 0.0187499 0.0733333 0.00677109
3 0.740625 0.205278 0.00625 0.0338889 0.00634003
5 0.571875 0.0897222 0.00874996 0.0194444 0.00566483
0 0.97375 0.43 0.0525 0.0972222 0.00534439
7 0.73 0.203889 0.00499999 0.0194444 0.00469971
0 0.555625 0.102847 0.00749995 0.0129167 0.00419998
0 0.984375 0.430556 0.0312499 0.0972222 0.00419998
0 0.533438 0.134722 0.013125 0.0225 0.00344276
0 0.00597656 0.453056 0.0119531 0.095 0.00322342
3 0.70375 0.1675 0.00499999 0.0311111 0.00319672
0 0.472813 0.177222 0.02 0.0338889 0.00318527
0 0.611875 0.0905556 0.00562503 0.0118056 0.00304031
0 0.98375 0.31 0.0325 0.0633333 0.00298119
0 0.70125 0.225556 0.03375 0.0438889 0.0028553
0 0.65625 0.160417 0.0175 0.0286111 0.00270462
3 0.695 0.170556 0.00499999 0.0177778 0.00239754
0 0.6425 0.1475 0.0125 0.0233333 0.00230598
0 0.96625 0.411111 0.06625 0.0655556 0.00201035
0 0.0108301 0.4675 0.0216211 0.0783333 0.00200272
0 0.563125 0.0972222 0.00625 0.0125 0.00188255
0 0.00385742 0.44 0.00771484 0.111667 0.00188255
0 0.640156 0.143889 0.0146875 0.0247222 0.00183868
0 0.983125 0.408056 0.03375 0.0688889 0.00168705
0 0.633125 0.12375 0.00750001 0.0172222 0.00157356
0 0.48125 0.1625 0.015 0.0255555 0.00142097
0 0.455 0.201667 0.019375 0.0405556 0.00134563
0 0.4475 0.406667 0.02875 0.06 0.00131512
3 0.660625 0.176667 0.01375 0.0327778 0.00130463
7 0.965625 0.928889 0.0687499 0.14 0.00127411
0 0.99375 0.300833 0.0124999 0.0572222 0.0012064
0 0.192188 0.762222 0.02125 0.0233333 0.00113392
3 0.6975 0.159167 0.00499999 0.0288889 0.00109863
0 0.626875 0.114722 0.00687504 0.0116667 0.00103188
