0 0.935625 0.784444 0.1175 0.211111 0.94873
0 0.0517578 0.620556 0.103203 0.158889 0.948242
0 0.88375 0.551111 0.085 0.156667 0.93457
0 0.89375 0.515 0.17 0.134444 0.933594
0 0.0511328 0.346111 0.0642969 0.0777778 0.931641
0 0.97375 0.319444 0.0525 0.0711111 0.931152
0 0.79375 0.301389 0.07375 0.0616667 0.929199
0 0.0952344 0.54 0.0846875 0.142222 0.928223
0 0.9675 0.930556 0.065 0.136667 0.923828
0 0.920625 0.645556 0.13125 0.145556 0.92041
0 0.399063 0.266944 0.035 0.0516667 0.908691
0 0.9325 0.480556 0.135 0.116667 0.905273
0 0.72625 0.283333 0.0425 0.0566666 0.895508
0 0.3725 0.285833 0.0425 0.0588889 0.894043
4 0.549062 0.388611 0.233125 0.248333 0.885254
0 0.69625 0.219722 0.0300001 0.0494444 0.875
0 0.428125 0.2325 0.0325 0.0466667 0.872559
0 0.414063 0.251667 0.033125 0.0472222 0.85791
0 0.9575 0.430556 0.085 0.0977778 0.832031
0 0.531875 0.149167 0.015625 0.0211111 0.819824
0 0.488125 0.170833 0.01875 0.0305556 0.766113
0 0.714375 0.2675 0.0375 0.0566666 0.754883
0 0.705625 0.242639 0.035 0.0508333 0.737305
0 0.447813 0.208889 0.028125 0.0433333 0.73584
0 0.473125 0.184583 0.02125 0.0363889 0.677246
5 0.568125 0.103403 0.00875003 0.01875 0.596191
0 0.54125 0.135833 0.011875 0.02 0.57959
0 0.0188574 0.717778 0.0376758 0.206667 0.375732
0 0.539375 0.136667 0.0125 0.0216667 0.291016
0 0.550625 0.129167 0.00999997 0.0194444 0.119629
2 0.6175 0.265 0.04 0.0383334 0.115967
0 0.6725 0.18875 0.0225 0.0311111 0.0703125
0 0.55 0.125972 0.01 0.0177778 0.0687866
0 0.55125 0.12 0.00875003 0.0133333 0.0484924
0 0.499375 0.156944 0.01375 0.0261111 0.0484924
3 0.375625 0.248333 0.01 0.0361111 0.0427246
0 0.440938 0.215833 0.02375 0.0419444 0.0414734
6 0.6175 0.264514 0.04 0.0398611 0.0406799
0 0.526875 0.142778 0.01125 0.0213889 0.0372009
0 0.67 0.185694 0.02125 0.0305556 0.0318604
0 0.512813 0.148472 0.014375 0.0211111 0.0292053
0 0.4675 0.190972 0.01625 0.0369445 0.0235138
2 0.616875 0.260625 0.03375 0.0431944 0.0191193
0 0.0138574 0.603333 0.0276758 0.115556 0.0159607
0 0.00976074 0.603889 0.0195215 0.112222 0.0157166
0 0.67875 0.196944 0.0175 0.0316667 0.0153046
7 0.179531 0.277222 0.00750001 0.0305556 0.0141754
5 0.567188 0.100833 0.01 0.0222222 0.0129242
0 0.498125 0.161389 0.015625 0.0261111 0.0107346
0 0.597188 0.09625 0.00562496 0.0111111 0.0102463
0 0.0210156 0.608333 0.0420313 0.131111 0.0101318
0 0.66625 0.173333 0.01875 0.0311111 0.00898743
0 0.66125 0.16625 0.02 0.0311111 0.0069046
0 0.66625 0.178056 0.02 0.0291667 0.00629044
0 0.44375 0.213056 0.03375 0.0513889 0.00595856
0 0.9925 0.411667 0.015 0.0705555 0.0049057
0 0.674375 0.192083 0.02125 0.0338889 0.00452042
0 0.542813 0.13 0.0125 0.0266667 0.00419998
0 0.98375 0.418056 0.0325 0.0766667 0.00388527
2 0.636563 0.131389 0.00687497 0.0161111 0.00349617
0 0.100156 0.842222 0.0340625 0.0444444 0.00302696
0 0.482188 0.823333 0.0675 0.0888889 0.00284576
3 0.63 0.128889 0.00750001 0.0155556 0.00282288
3 0.17875 0.275556 0.01 0.04 0.0024929
3 0.108438 0.338889 0.01 0.0416667 0.00219917
0 0.97625 0.411111 0.045 0.0633333 0.00216484
6 0.60375 0.275556 0.0675 0.0555556 0.00214958
0 0.66125 0.179861 0.0125 0.0280556 0.00171375
0 0.99 0.417222 0.0199999 0.0822222 0.00171375
0 0.58875 0.0920139 0.00687497 0.0106944 0.00161648
0 0.995 0.496667 0.00999997 0.123333 0.00148392
0 0.47375 0.178333 0.020625 0.0366667 0.00135612
3 0.375625 0.235139 0.01 0.0491667 0.00129414
0 0.50125 0.151806 0.01 0.0230556 0.00118351
0 0.503438 0.145 0.009375 0.0233333 0.00117874
5 0.56 0.104583 0.0125 0.0191667 0.00116062
0 0.608125 0.278611 0.065 0.0605555 0.00112057
3 0.370938 0.234444 0.015625 0.0616667 0.00109005
0 0.50625 0.155 0.015 0.0244444 0.00108624
