0 0.93625 0.782778 0.1175 0.207778 0.948242
0 0.0516797 0.62 0.103047 0.157778 0.947754
0 0.88375 0.551667 0.08375 0.156667 0.936523
0 0.0509473 0.345833 0.0641992 0.0777778 0.935547
0 0.89375 0.515 0.17 0.134444 0.934082
0 0.97375 0.319444 0.0525 0.0711111 0.929199
0 0.794375 0.301111 0.0737501 0.0622222 0.927734
0 0.0956445 0.54 0.0840234 0.142222 0.927734
0 0.9675 0.930556 0.065 0.136667 0.926758
0 0.920625 0.645556 0.13125 0.146667 0.921875
0 0.399375 0.266944 0.035 0.0516667 0.906738
0 0.9325 0.480278 0.135 0.116111 0.905273
0 0.725625 0.283333 0.0425 0.0566666 0.899902
0 0.3725 0.285556 0.0425 0.0588889 0.895508
0 0.696875 0.219722 0.02875 0.05 0.871582
0 0.42875 0.233333 0.0325 0.0466667 0.868652
0 0.414063 0.251597 0.033125 0.0468055 0.855957
0 0.9575 0.430556 0.085 0.0977778 0.851074
0 0.531875 0.148889 0.015 0.0211111 0.806641
0 0.488438 0.171111 0.01875 0.0305556 0.747559
0 0.448125 0.208889 0.02875 0.0433333 0.716797
0 0.71375 0.267778 0.0375 0.0566667 0.702637
0 0.705625 0.242222 0.035 0.0516667 0.699219
0 0.47375 0.184167 0.02125 0.0366667 0.6875
2 0.470625 0.242361 0.00999997 0.0441667 0.618652
0 0.540625 0.136389 0.0125 0.0194444 0.535156
5 0.568125 0.103611 0.00875003 0.0191667 0.482422
0 0.0188086 0.72 0.0375781 0.213333 0.480469
0 0.539062 0.137778 0.01125 0.0194444 0.354004
3 0.375 0.245833 0.01125 0.0383333 0.192505
0 0.50125 0.155139 0.01375 0.0266667 0.093689
0 0.550625 0.12875 0.010625 0.0208333 0.0859985
0 0.525625 0.140833 0.0125 0.0188889 0.0665894
0 0.536875 0.138333 0.01125 0.0211111 0.0501404
3 0.370938 0.230139 0.009375 0.0508333 0.0465393
0 0.673125 0.188611 0.02125 0.0322222 0.0328369
0 0.55125 0.121389 0.00875003 0.0155556 0.0309143
2 0.46875 0.235972 0.01125 0.0558333 0.0299835
0 0.55 0.125417 0.01 0.0188889 0.0276947
0 0.6775 0.196111 0.0225 0.0333333 0.0241394
3 0.374375 0.233889 0.0125 0.0544444 0.0232391
0 0.44125 0.216944 0.025 0.04 0.0205994
0 0.464688 0.190833 0.0175 0.0372222 0.0197906
0 0.71 0.269167 0.0275 0.0472222 0.0179901
0 0.0087207 0.605 0.0174414 0.111111 0.0119171
0 0.0121484 0.603333 0.0242578 0.115556 0.0109024
0 0.6175 0.342222 0.03625 0.0433333 0.0108566
5 0.567188 0.100833 0.01 0.0233333 0.0104904
0 0.49875 0.160278 0.015 0.0272222 0.00963593
3 0.637188 0.133889 0.00687497 0.0188889 0.00926971
0 0.51125 0.148889 0.01375 0.0216667 0.00861359
0 0.664375 0.169167 0.02 0.0322222 0.00595856
0 0.505 0.154028 0.014375 0.0236111 0.00577545
0 0.44375 0.213056 0.0325 0.0511111 0.00568771
0 0.542813 0.13 0.013125 0.0272222 0.00521851
0 0.670625 0.183889 0.02125 0.0325 0.00518036
0 0.983125 0.42 0.03375 0.0811111 0.00518036
0 0.66125 0.166944 0.0175 0.0305556 0.00510025
0 0.0207422 0.609444 0.0414844 0.134444 0.00482941
3 0.368438 0.226111 0.00812499 0.05 0.00416565
0 0.9925 0.411944 0.015 0.0711111 0.00382423
0 0.974375 0.411389 0.0475 0.0661111 0.00370789
3 0.371875 0.229861 0.0125 0.0563889 0.00213242
0 0.513125 0.145833 0.0125 0.0244445 0.00199509
0 0.50125 0.151667 0.010625 0.0227778 0.00198746
0 0.98375 0.408333 0.03125 0.0633333 0.00191212
5 0.559688 0.105139 0.011875 0.0191667 0.00173378
0 0.648125 0.149444 0.0125 0.0238889 0.00143242
0 0.99 0.418889 0.0199999 0.0855555 0.00135612
3 0.371875 0.239444 0.0175 0.0677778 0.00130463
0 0.98625 0.428333 0.0275 0.0933333 0.00127411
3 0.635625 0.151667 0.00437501 0.0194444 0.00121593
0 0.994375 0.498056 0.01125 0.126111 0.00119686
3 0.63 0.128333 0.00750001 0.0161111 0.0011692
3 0.65125 0.164722 0.00750001 0.0255556 0.00112438
0 0.503125 0.148611 0.01125 0.0288889 0.00105667
3 0.705625 0.176806 0.00625 0.0263889 0.00103664
