0 0.935 0.782222 0.1175 0.207778 0.950195
0 0.0514453 0.62 0.102891 0.157778 0.948242
0 0.559688 0.441111 0.071875 0.108889 0.947754
0 0.0507813 0.345 0.06375 0.0766667 0.93457
0 0.97375 0.318889 0.0525 0.0722222 0.933594
0 0.89375 0.514444 0.17 0.134444 0.932617
0 0.883125 0.550556 0.08375 0.154444 0.931152
0 0.3525 0.300556 0.055 0.0644445 0.930176
0 0.96625 0.93 0.0675 0.137778 0.930176
0 0.79375 0.300556 0.07375 0.0622222 0.924805
0 0.92 0.645556 0.13125 0.146667 0.922852
0 0.0950781 0.540556 0.0832812 0.142222 0.921387
6 0.72 0.515833 0.06 0.143889 0.91748
0 0.9325 0.479167 0.135 0.113889 0.904785
0 0.399375 0.266181 0.035 0.0509722 0.903809
0 0.725 0.282778 0.04375 0.0577778 0.896484
0 0.696875 0.219306 0.02875 0.0497222 0.883301
0 0.42875 0.2325 0.03125 0.0466667 0.875977
0 0.0423438 0.500556 0.0846875 0.112222 0.875977
0 0.41375 0.251389 0.033125 0.0472222 0.856934
0 0.9575 0.43 0.085 0.0988889 0.855957
0 0.374375 0.284444 0.03625 0.0572222 0.842773
0 0.53125 0.14875 0.01625 0.0208333 0.79834
3 0.179531 0.333889 0.0140625 0.07 0.78418
3 0.278125 0.294444 0.01375 0.0622222 0.754883
0 0.71375 0.268333 0.0375 0.0555556 0.746094
0 0.705625 0.241667 0.035 0.0505556 0.732422
0 0.488438 0.169861 0.01875 0.0308333 0.723145
3 0.267813 0.316944 0.0128125 0.0422222 0.692871
0 0.473125 0.18375 0.02125 0.0358333 0.666992
0 0.448125 0.208333 0.028125 0.0438889 0.665527
0 0.0192285 0.445 0.0381836 0.0711111 0.609375
0 0.541875 0.133611 0.0125 0.0216667 0.527344
0 0.0186621 0.717778 0.0373242 0.206667 0.397949
5 0.567813 0.103333 0.00875003 0.0166667 0.386719
0 0.00620117 0.428333 0.0122852 0.0755556 0.37207
0 0.0113574 0.431667 0.0227148 0.0755556 0.312256
0 0.529375 0.145833 0.015625 0.0238889 0.141235
0 0.501563 0.153889 0.014375 0.0261111 0.0994873
0 0.67875 0.195139 0.0225 0.0375 0.0847778
0 0.0189258 0.431389 0.0376563 0.0683333 0.0841675
0 0.0167383 0.457778 0.0334375 0.0905556 0.0411377
3 0.180313 0.338889 0.01 0.0494444 0.0303802
0 0.5425 0.127917 0.0125 0.0236111 0.0272675
0 0.44125 0.215972 0.02625 0.0413889 0.0262604
0 0.465 0.191111 0.01625 0.0372222 0.0252686
0 0.71 0.268333 0.03 0.0472222 0.0198364
0 0.544375 0.128889 0.0125 0.0211111 0.0180511
0 0.551875 0.116667 0.00750001 0.0138889 0.013588
0 0.536563 0.138889 0.010625 0.0205556 0.0116882
0 0.67 0.184167 0.01875 0.03 0.00967407
3 0.171875 0.26 0.00625 0.0338889 0.00905609
5 0.5675 0.0991667 0.01 0.0205556 0.00898743
2 0.635625 0.132083 0.00750001 0.0172222 0.00760651
3 0.107656 0.34 0.009375 0.0372222 0.00547028
0 0.443125 0.213056 0.0325 0.0516667 0.00542831
3 0.3775 0.255556 0.01625 0.0433333 0.00453949
0 0.665625 0.178194 0.02 0.0288889 0.00408554
3 0.259063 0.313889 0.015625 0.0466667 0.00337601
0 0.991875 0.411389 0.01625 0.0722222 0.00305176
0 0.98375 0.419167 0.0325 0.08 0.0028553
3 0.177031 0.331667 0.016875 0.0722222 0.00275803
0 0.65875 0.165 0.01625 0.025 0.00263214
0 0.71625 0.251042 0.04 0.0579167 0.00260162
0 0.499063 0.159444 0.015 0.0283333 0.00254059
0 0.660625 0.163611 0.02 0.0294444 0.00246239
0 0.648125 0.149722 0.0125 0.0216667 0.00244331
0 0.00917481 0.415 0.0183106 0.0766667 0.00234222
0 0.505 0.148056 0.011875 0.0277778 0.00229645
3 0.256719 0.303889 0.0115625 0.0655555 0.00229645
5 0.558125 0.104514 0.00874996 0.0168056 0.00224304
0 0.665 0.171389 0.0175001 0.0305556 0.00223351
0 0.70875 0.244167 0.04375 0.0611111 0.00214958
0 0.624375 0.113889 0.00749995 0.0136111 0.00213242
3 0.1825 0.279722 0.01125 0.0488889 0.00205803
0 0.6525 0.1575 0.0125 0.0255556 0.0020504
3 0.277813 0.309167 0.019375 0.0933333 0.00200272
2 0.626563 0.134167 0.00562496 0.0144444 0.00158501
7 0.96625 0.93 0.0675 0.137778 0.00153637
0 0.989375 0.42 0.02125 0.0866667 0.00146675
0 0.008125 0.606667 0.01625 0.118889 0.00141048
3 0.178281 0.277153 0.01 0.0545833 0.00137234
0 0.0341797 0.460833 0.0682031 0.0772222 0.00131512
0 0.0259766 0.456389 0.0513281 0.07 0.00131512
3 0.367813 0.226667 0.00750001 0.0511111 0.0012846
0 0.50125 0.152222 0.01125 0.0238889 0.00126934
3 0.254063 0.315 0.00593751 0.0422222 0.00123978
0 0.0150586 0.495556 0.0299609 0.0844445 0.00121117
0 0.97 0.410278 0.0575 0.0622222 0.00113773
3 0.629688 0.128889 0.00750001 0.0166667 0.00106049
0 0.9925 0.577222 0.015 0.0911111 0.00101662
0 0.011543 0.604445 0.0230859 0.122222 0.00100803
