0 0.9325 0.777778 0.1175 0.208889 0.950195
0 0.0461621 0.340556 0.064082 0.0777778 0.946289
0 0.0489844 0.614444 0.0979688 0.158889 0.944824
0 0.88 0.547639 0.08375 0.158056 0.94043
6 0.437188 0.447778 0.051875 0.136667 0.938477
0 0.0907813 0.534167 0.085 0.141667 0.9375
0 0.143281 0.456111 0.118438 0.104444 0.933105
0 0.9725 0.315556 0.055 0.07 0.932617
0 0.89 0.51 0.17 0.134444 0.932617
0 0.91625 0.641111 0.13125 0.146667 0.922363
0 0.96375 0.927778 0.0725 0.142222 0.922363
0 0.720625 0.278056 0.04375 0.0583333 0.921387
0 0.3475 0.295556 0.05375 0.0644444 0.92041
0 0.93 0.473056 0.14 0.110556 0.902832
0 0.0389648 0.496667 0.0779297 0.112222 0.894043
0 0.691875 0.214167 0.03 0.0483333 0.891113
3 0.695625 0.507222 0.03375 0.134444 0.889648
0 0.479375 0.222083 0.03125 0.0427778 0.88623
0 0.79 0.295556 0.075 0.06 0.880859
0 0.424375 0.227222 0.03125 0.0472222 0.870605
0 0.41 0.245972 0.031875 0.0447222 0.869629
0 0.39375 0.261597 0.0375 0.0523611 0.862305
0 0.37 0.279375 0.035 0.0579167 0.858887
5 0.590938 0.136944 0.02 0.0333333 0.855957
0 0.955625 0.426944 0.08875 0.0983333 0.827637
0 0.7 0.234722 0.0325 0.05 0.799316
0 0.485 0.165833 0.018125 0.0283333 0.788086
0 0.71 0.263958 0.035 0.0543056 0.773438
0 0.5375 0.129722 0.0125 0.0211111 0.704102
0 0.528125 0.144167 0.015 0.0202778 0.695801
2 0.8125 0.313889 0.0325 0.0638889 0.686035
0 0.444375 0.204444 0.025 0.0425 0.663574
0 0.475313 0.175833 0.019375 0.0283333 0.338135
0 0.495625 0.155278 0.015 0.025 0.284668
0 0.473125 0.179583 0.02125 0.0330556 0.171631
0 0.0159668 0.716111 0.0318164 0.21 0.132568
0 0.695 0.231944 0.02625 0.0472222 0.113953
0 0.673125 0.186806 0.02375 0.0408333 0.102661
0 0.44125 0.207361 0.02625 0.0444444 0.100525
0 0.540625 0.122639 0.0125 0.0222222 0.100159
0 0.469375 0.182222 0.024375 0.0344444 0.0544128
0 0.4725 0.185 0.0225 0.0366667 0.0507202
0 0.8075 0.302222 0.04 0.05 0.0488586
0 0.4575 0.194722 0.019375 0.0383333 0.0445251
3 0.739375 0.203333 0.00625 0.0361111 0.044342
0 0.534375 0.133611 0.01375 0.0194444 0.0393372
2 0.80875 0.307778 0.035 0.0522222 0.0236053
3 0.169063 0.264722 0.008125 0.0488889 0.00806427
0 0.981875 0.416667 0.03625 0.0788889 0.00787354
0 0.96625 0.410556 0.0675 0.0733333 0.00720596
0 0.99125 0.41 0.0175 0.0705556 0.0068512
0 0.68 0.2 0.02 0.0344444 0.00679779
0 0.0096875 0.469444 0.0193164 0.0866667 0.00666809
0 0.00510742 0.46 0.0102148 0.0933333 0.00593567
0 0.589063 0.136111 0.023125 0.0280556 0.00564194
3 0.931875 0.295 0.00749995 0.0488889 0.00559998
0 0.888125 0.543472 0.12125 0.168611 0.00511932
0 0.659375 0.165278 0.01875 0.0294444 0.00482941
0 0.725 0.274375 0.035 0.0501389 0.00453949
0 0.55625 0.102153 0.00750001 0.0118056 0.00436401
0 0.98625 0.426389 0.0275 0.0933333 0.00327301
0 0.0111133 0.48 0.0221094 0.0811111 0.00321007
2 0.637813 0.140833 0.010625 0.0216667 0.00288963
0 0.00348633 0.456667 0.00697266 0.0805556 0.00273705
0 0.535625 0.136111 0.01375 0.0216667 0.0026207
0 0.519375 0.139167 0.0125 0.0194444 0.00251198
0 0.98125 0.458333 0.0374999 0.08 0.0024929
0 0.97125 0.456944 0.0575 0.0816667 0.00221634
0 0.65875 0.178333 0.00999997 0.0322222 0.00206757
0 0.461875 0.184167 0.02125 0.0333333 0.00195694
0 0.498125 0.150833 0.01125 0.0216667 0.00189686
0 0.625625 0.119722 0.00687497 0.0138889 0.00187492
0 0.455625 0.205278 0.02375 0.0419444 0.00187492
0 0.560938 0.0983333 0.009375 0.0115278 0.00163555
3 0.63 0.125694 0.00687504 0.0194444 0.00161648
3 0.638125 0.144444 0.00875003 0.0216667 0.00151253
0 0.544375 0.122361 0.015 0.0225 0.00151253
0 0.0107813 0.601667 0.0214844 0.122222 0.00139904
0 0.67 0.179167 0.0225 0.0427778 0.00138283
7 0.96375 0.928333 0.07 0.14 0.00128937
0 0.7075 0.256042 0.04 0.0568056 0.00124454
0 0.396875 0.252708 0.0425 0.0523611 0.0011425
0 0.655 0.159722 0.0175 0.0272222 0.00109863
0 0.639375 0.141667 0.01375 0.0225 0.00109005
0 0.64625 0.149444 0.0125 0.0222222 0.00109005
0 0.995 0.1925 0.00999997 0.0811111 0.00105667
0 0.974375 0.427222 0.05125 0.0944444 0.00101662
0 0.480313 0.206667 0.03125 0.0322222 0.00101185
