0 0.935 0.782222 0.1175 0.207778 0.951172
0 0.0516406 0.62 0.103125 0.157778 0.948242
0 0.88375 0.550972 0.08375 0.158056 0.93457
0 0.89375 0.514722 0.17 0.133889 0.93457
0 0.0506641 0.346111 0.0641406 0.0777778 0.933105
0 0.97375 0.319444 0.0525 0.0711111 0.931641
0 0.0948438 0.54 0.0846875 0.142222 0.928711
0 0.9675 0.930556 0.065 0.136667 0.927734
0 0.79375 0.300833 0.0725 0.0627778 0.922852
0 0.92 0.645556 0.1325 0.146667 0.921387
0 0.399063 0.266667 0.035 0.0516667 0.908691
0 0.9325 0.478889 0.135 0.114444 0.90332
0 0.3725 0.286111 0.0425 0.0588889 0.897461
0 0.69625 0.22 0.02875 0.05 0.876465
0 0.42875 0.232778 0.0325 0.0466667 0.868652
0 0.725625 0.284167 0.04375 0.0588889 0.864258
0 0.6075 0.158472 0.01875 0.0297222 0.86084
0 0.41375 0.251667 0.0325 0.0472222 0.855957
0 0.9575 0.430833 0.085 0.0988889 0.853027
3 0.735625 0.318889 0.01875 0.0733333 0.835449
0 0.532188 0.148611 0.015 0.0213889 0.819824
3 0.213438 0.341111 0.020625 0.0722222 0.817383
0 0.71375 0.267847 0.0375 0.0554167 0.741699
0 0.488125 0.170278 0.01875 0.0311111 0.730957
0 0.705625 0.2425 0.035 0.0505556 0.729492
0 0.448125 0.20875 0.0275 0.0425 0.702637
0 0.47375 0.183889 0.02125 0.0366667 0.675781
5 0.567813 0.107361 0.00875003 0.0205556 0.503906
0 0.540938 0.135556 0.011875 0.0194444 0.496094
0 0.0187988 0.719444 0.0375586 0.206667 0.229492
0 0.53875 0.137917 0.01125 0.0191667 0.218628
0 0.550625 0.128889 0.00999997 0.0197222 0.212036
0 0.551563 0.121111 0.00874996 0.0144444 0.0718384
0 0.525625 0.14 0.01125 0.0188889 0.0648804
0 0.504375 0.153333 0.0125 0.0244444 0.0484924
3 0.375 0.246667 0.009375 0.0361111 0.0465393
0 0.536875 0.138889 0.01125 0.0213889 0.0402527
0 0.609375 0.0886111 0.00750001 0.0111111 0.0389099
0 0.676875 0.195 0.0225 0.0322222 0.0298767
0 0.629688 0.127778 0.00812499 0.0166667 0.0270691
3 0.734375 0.310278 0.02375 0.0894445 0.0247955
0 0.466875 0.190833 0.016875 0.0372222 0.0232391
0 0.675 0.189167 0.0225 0.0288889 0.0218658
0 0.44125 0.217639 0.0225 0.0386111 0.0209656
0 0.6375 0.133056 0.00750001 0.0180556 0.0154877
0 0.0136523 0.602778 0.0272656 0.116667 0.0144501
0 0.542813 0.129167 0.011875 0.0255556 0.0110321
0 0.70875 0.268611 0.0275 0.0472222 0.0108185
0 0.58625 0.0831944 0.00625 0.0105556 0.0102463
0 0.624375 0.114167 0.00749995 0.0141667 0.00837708
5 0.623125 0.105417 0.00750001 0.0175 0.00815582
0 0.022168 0.607778 0.0443359 0.131111 0.00787354
0 0.671875 0.186528 0.02 0.0305556 0.00740433
0 0.47125 0.187222 0.020625 0.0413889 0.00682449
0 0.511875 0.148889 0.015 0.0222222 0.00677109
0 0.6475 0.1475 0.01375 0.0216667 0.00572968
3 0.214688 0.346667 0.01625 0.0544445 0.00526047
3 0.369375 0.231111 0.01 0.0488889 0.00503922
3 0.65125 0.160556 0.00750001 0.0258333 0.00486755
0 0.443438 0.213333 0.033125 0.0516667 0.00407028
0 0.6425 0.141528 0.015 0.0216667 0.00391388
0 0.98375 0.42 0.0325 0.0811111 0.00345612
5 0.559063 0.105694 0.00999997 0.02 0.00344276
0 0.49875 0.160833 0.015 0.0266667 0.00317192
0 0.665 0.1675 0.01875 0.0277778 0.00305176
0 0.99 0.572083 0.0199999 0.0825 0.0028553
3 0.375625 0.235833 0.009375 0.0488889 0.00255013
3 0.108359 0.341111 0.00828126 0.035 0.00243378
0 0.9925 0.412222 0.015 0.0733333 0.00225258
0 0.669375 0.181944 0.02 0.0327778 0.00209999
0 0.6525 0.16 0.00999997 0.0291667 0.00178909
3 0.368125 0.223611 0.00749998 0.0438889 0.00178909
0 0.6625 0.163611 0.02 0.0311111 0.00161648
0 0.66 0.164861 0.015 0.0302778 0.00155449
3 0.179844 0.276111 0.0078125 0.0322222 0.00135612
0 0.635938 0.125 0.00812499 0.0177778 0.00115108
0 0.98375 0.408333 0.03 0.0633333 0.00108147
0 0.513125 0.145694 0.01375 0.0247222 0.00102043
0 0.995313 0.534167 0.00937494 0.141667 0.00100803
