0 0.935625 0.781667 0.1175 0.206667 0.950684
0 0.0515625 0.62 0.103125 0.156667 0.947754
0 0.294375 0.369444 0.12625 0.0816666 0.944824
0 0.88375 0.551111 0.0825 0.156667 0.93457
0 0.050791 0.345278 0.0637305 0.0777778 0.934082
0 0.89375 0.514722 0.17 0.133889 0.934082
0 0.97375 0.319444 0.0525 0.0722222 0.931641
0 0.966875 0.93 0.06625 0.137778 0.928711
0 0.79375 0.300833 0.07375 0.0616667 0.927734
0 0.3525 0.300278 0.055 0.0644445 0.926758
0 0.92 0.645556 0.1325 0.146667 0.923828
0 0.0950781 0.540556 0.08375 0.141111 0.92041
0 0.9325 0.479444 0.135 0.115556 0.905762
0 0.399375 0.266389 0.035 0.0511111 0.905273
0 0.725 0.282778 0.04375 0.0577778 0.897461
0 0.0427344 0.501111 0.0854688 0.111111 0.890137
0 0.696875 0.219444 0.02875 0.0505556 0.884277
0 0.429063 0.232222 0.031875 0.0477778 0.877441
6 0.476875 0.2275 0.0225 0.0516667 0.868652
0 0.374688 0.284167 0.035625 0.0561111 0.853027
0 0.9575 0.431111 0.085 0.0988889 0.852051
0 0.41375 0.251667 0.0325 0.0472222 0.849121
0 0.531875 0.148333 0.01625 0.0211111 0.836426
0 0.705625 0.241944 0.035 0.0511111 0.749023
0 0.714375 0.268333 0.0375 0.0561111 0.746094
0 0.488438 0.170278 0.018125 0.03 0.740234
0 0.474063 0.182778 0.023125 0.0355555 0.697754
0 0.447813 0.208333 0.028125 0.0433333 0.697754
0 0.61625 0.139722 0.02125 0.0188889 0.622559
0 0.6075 0.140556 0.01875 0.0183333 0.565918
0 0.54125 0.134167 0.0125 0.0208333 0.558105
0 0.0188574 0.72 0.0376367 0.211111 0.413086
0 0.538125 0.137083 0.01 0.0186111 0.199341
0 0.615313 0.137222 0.018125 0.0225 0.184814
0 0.505625 0.152222 0.0125 0.0238889 0.108582
0 0.584375 0.103819 0.00812499 0.0143056 0.0917358
0 0.67875 0.195278 0.0225 0.0372222 0.0869141
0 0.53 0.145694 0.015 0.0236111 0.0800781
0 0.0122949 0.473056 0.0245508 0.0744445 0.0539856
0 0.535625 0.140278 0.0125 0.02 0.0423889
5 0.563125 0.105 0.00999997 0.0152778 0.0325928
0 0.542188 0.127222 0.013125 0.0222222 0.0222931
0 0.614375 0.0959722 0.00625 0.0133333 0.0167847
0 0.440313 0.217083 0.02375 0.0394445 0.0157166
0 0.71 0.268611 0.02875 0.0483333 0.0146179
0 0.636875 0.132222 0.00875003 0.0166667 0.0113297
0 0.67 0.183194 0.02 0.0302778 0.00955963
0 0.625313 0.113611 0.00750001 0.0152778 0.00948334
0 0.64875 0.150556 0.015 0.0216667 0.00844574
0 0.664375 0.174028 0.02125 0.0322222 0.00803375
3 0.660625 0.171111 0.01625 0.0305556 0.00666809
5 0.55875 0.102778 0.00875003 0.0155556 0.00593567
0 0.98125 0.418889 0.0374999 0.0788889 0.00591278
0 0.544688 0.126944 0.0125 0.0177778 0.00588989
0 0.973125 0.410833 0.05125 0.0627778 0.00534439
5 0.57375 0.10375 0.00625 0.0141667 0.00503922
0 0.99125 0.411944 0.0175 0.0711111 0.00445175
0 0.4425 0.213056 0.0325 0.0533334 0.00429916
0 0.0128125 0.486389 0.0254688 0.0733333 0.00419998
5 0.623125 0.104306 0.00875003 0.0155556 0.00408554
0 0.55125 0.1175 0.00875003 0.0122222 0.00382423
0 0.0040332 0.443333 0.00806641 0.0933333 0.00376511
3 0.629688 0.129167 0.00625 0.0147222 0.00356483
0 0.65125 0.155556 0.0125 0.025 0.00302696
0 0.505625 0.147222 0.01125 0.0261111 0.00288963
3 0.6575 0.177222 0.00625 0.0283333 0.00282288
0 0.498125 0.161806 0.01625 0.0258333 0.00273705
0 0.89125 0.154722 0.0475 0.0772222 0.00271416
3 0.376875 0.255486 0.01625 0.0423611 0.00255013
0 0.66125 0.164444 0.02 0.0313889 0.00230598
0 0.509375 0.148889 0.014375 0.0222222 0.00221634
0 0.716875 0.251389 0.04375 0.0611111 0.00221634
2 0.00408691 0.438889 0.00817383 0.0988889 0.00214005
0 0.00876465 0.604445 0.0175293 0.12 0.00206757
0 0.460625 0.20125 0.015 0.0330556 0.00205803
0 0.608125 0.144444 0.018125 0.0211111 0.00155449
3 0.108594 0.341111 0.01 0.0411111 0.00155449
0 0.989375 0.419444 0.02125 0.0855555 0.0015192
0 0.512188 0.144444 0.013125 0.0233333 0.00148964
0 0.0128613 0.600556 0.0257227 0.123333 0.00143242
3 0.368125 0.225833 0.00749998 0.0494444 0.00140476
7 0.96625 0.93 0.0675 0.135556 0.00140476
3 0.6525 0.160972 0.00999997 0.0227778 0.0011692
0 0.641875 0.140556 0.01625 0.0227778 0.00115585
0 0.985 0.428889 0.03 0.0944444 0.00111198
0 0.253438 0.845 0.11625 0.156667 0.00108147
0 0.616875 0.354722 0.035 0.07 0.00105667
0 0.993125 0.577778 0.0137499 0.0933333 0.00101662
