0 0.0516406 0.62 0.102969 0.157778 0.94873
0 0.935625 0.783333 0.1175 0.21 0.946777
0 0.89375 0.515 0.17 0.134444 0.93457
0 0.515313 0.274722 0.0425 0.07 0.934082
0 0.0508984 0.345556 0.0639844 0.0777778 0.933594
0 0.88375 0.552222 0.0825 0.157778 0.933105
0 0.97375 0.32 0.0525 0.0711111 0.931152
0 0.0954688 0.54 0.0840625 0.142222 0.927734
0 0.9675 0.931111 0.065 0.135556 0.926758
0 0.794375 0.301111 0.0737501 0.0611111 0.925781
0 0.92125 0.645556 0.1325 0.146667 0.923828
0 0.725625 0.283333 0.0425 0.0577778 0.906738
0 0.399375 0.266944 0.035 0.0516667 0.905273
0 0.9325 0.480556 0.135 0.115556 0.90332
0 0.3725 0.286111 0.0425 0.0588889 0.900391
0 0.696875 0.22 0.02875 0.05 0.875977
0 0.428125 0.232778 0.033125 0.0466667 0.851074
0 0.9575 0.430556 0.085 0.0977778 0.848145
0 0.413125 0.251111 0.03125 0.0455556 0.831055
0 0.531875 0.149028 0.015 0.0208333 0.811523
2 0.4325 0.280556 0.01375 0.0533333 0.788086
0 0.48875 0.171111 0.018125 0.0294444 0.759277
0 0.714375 0.267778 0.0375 0.0566667 0.71875
0 0.705625 0.241806 0.035 0.0513889 0.715332
3 0.910625 0.323333 0.0125 0.0744445 0.712402
0 0.448125 0.208611 0.0275 0.0430556 0.702637
0 0.47375 0.184722 0.02 0.0363889 0.686035
0 0.54125 0.135833 0.01125 0.0188889 0.490234
0 0.0188574 0.717222 0.0376758 0.205556 0.44165
5 0.568125 0.104028 0.00875003 0.0169444 0.373779
2 0.619063 0.162083 0.009375 0.025 0.370117
0 0.538125 0.1375 0.01 0.0183333 0.315674
3 0.63625 0.161389 0.00625 0.0261111 0.23938
2 0.63625 0.160556 0.00687504 0.0272222 0.236572
0 0.550625 0.129167 0.00999997 0.0194444 0.185913
0 0.5825 0.106042 0.01125 0.0151389 0.109314
0 0.504375 0.154583 0.0125 0.0252778 0.100159
2 0.43375 0.267778 0.015 0.0683333 0.0907593
2 0.42375 0.273056 0.030625 0.0616667 0.0614319
0 0.536875 0.138889 0.01125 0.0211111 0.0432129
3 0.375313 0.247222 0.010625 0.0388889 0.0411377
0 0.6725 0.188194 0.0225 0.0319445 0.0366211
0 0.44 0.218194 0.025 0.0388889 0.036499
0 0.525938 0.141389 0.01125 0.0191667 0.0319824
0 0.551875 0.119306 0.00874996 0.0130556 0.0302124
0 0.467813 0.190972 0.016875 0.0369445 0.0238647
0 0.511875 0.149167 0.01375 0.0213889 0.0186157
0 0.678125 0.196389 0.02125 0.0322222 0.0184021
3 0.369375 0.2275 0.00750001 0.0466667 0.0183411
0 0.50625 0.153611 0.0125 0.0238889 0.0149002
5 0.580313 0.105069 0.015625 0.0165278 0.0138474
5 0.5675 0.100972 0.00874996 0.0219444 0.0133286
0 0.71 0.268333 0.0275 0.0483333 0.0118713
0 0.68125 0.200556 0.02 0.0322222 0.00985718
3 0.63625 0.133194 0.00750001 0.0183333 0.00941467
0 0.499375 0.160833 0.01375 0.0266667 0.00901794
3 0.935 0.275833 0.00999997 0.0744444 0.00891876
0 0.00904297 0.605 0.0180859 0.111111 0.00790405
0 0.541875 0.129306 0.0125 0.0258333 0.00703812
0 0.67 0.183611 0.0225 0.0333333 0.00695801
0 0.9825 0.419444 0.035 0.08 0.0069313
0 0.0128516 0.603333 0.0256641 0.115556 0.00666809
0 0.645156 0.149722 0.0121875 0.0275 0.00636292
5 0.627187 0.113646 0.00812499 0.0149306 0.00598145
3 0.374375 0.230833 0.0125 0.0555556 0.00564194
3 0.629375 0.126944 0.00750001 0.0194444 0.00538635
3 0.65125 0.163333 0.00750001 0.0255556 0.00482941
3 0.93125 0.27 0.0125 0.0605555 0.00482941
0 0.642344 0.147083 0.0153125 0.0280555 0.00477219
0 0.665 0.17125 0.0199999 0.0325 0.00471878
0 0.9925 0.412222 0.015 0.0722222 0.00460815
0 0.4425 0.213611 0.0325 0.0511111 0.00419998
0 0.66 0.165556 0.015 0.0286111 0.00342941
0 0.0215234 0.608889 0.0430469 0.133333 0.00329781
5 0.62375 0.106806 0.00750001 0.0197222 0.00317192
0 0.99 0.418611 0.0199999 0.085 0.00265312
0 0.6625 0.163889 0.02 0.0305556 0.00263214
0 0.97375 0.411667 0.05125 0.0655556 0.00259018
0 0.65875 0.163056 0.01875 0.0288889 0.00244331
2 0.63375 0.161389 0.0112501 0.0272222 0.0024147
5 0.55875 0.103333 0.00999997 0.0166667 0.00225258
0 0.985625 0.427778 0.02875 0.0927778 0.00205803
3 0.36875 0.215833 0.00687501 0.04 0.00196457
0 0.674375 0.192083 0.0225 0.0352778 0.00183868
0 0.618125 0.3475 0.0362501 0.0544444 0.00168705
0 0.68125 0.210556 0.0175 0.0372222 0.00162315
3 0.108594 0.343333 0.0101563 0.0477778 0.00157928
0 0.501875 0.151389 0.00999997 0.0227778 0.00157356
0 0.513125 0.146389 0.01375 0.025 0.00148964
3 0.9325 0.274931 0.0125 0.0756944 0.00137806
0 0.5075 0.148611 0.011875 0.0288889 0.00130463
0 0.995 0.503056 0.00999997 0.132778 0.0012846
3 0.91625 0.315556 0.0199999 0.0655555 0.00123501
3 0.282188 0.269444 0.011875 0.0694444 0.00122547
3 0.93375 0.289167 0.01125 0.0638889 0.00115108
3 0.618438 0.154722 0.00750001 0.0277778 0.00106907
3 0.171875 0.268889 0.009375 0.0527778 0.00102806
0 0.00558594 0.594444 0.0111719 0.104444 0.00100422
