0 0.0439063 0.337778 0.0644531 0.0777778 0.94873
0 0.0476953 0.611111 0.0949219 0.16 0.946289
0 0.93 0.774444 0.1175 0.208889 0.945312
0 0.876875 0.542083 0.0825 0.155833 0.939941
0 0.8875 0.506944 0.17 0.132778 0.930176
0 0.97125 0.312778 0.0575 0.0722222 0.927734
0 0.088125 0.530556 0.0839063 0.142222 0.927734
0 0.91375 0.638889 0.1325 0.145556 0.924805
0 0.96375 0.926667 0.0725 0.144444 0.919434
0 0.345547 0.291667 0.0526562 0.0633333 0.918457
0 0.71875 0.274375 0.045 0.0568055 0.907227
0 0.93 0.470556 0.14 0.11 0.90332
0 0.391875 0.257708 0.03625 0.0523611 0.892578
0 0.0399609 0.491389 0.0799219 0.111667 0.891602
0 0.69 0.211806 0.0300001 0.0497222 0.881836
3 0.296719 0.320833 0.01875 0.0694444 0.85791
0 0.367188 0.275069 0.034375 0.0554166 0.856934
0 0.4225 0.223889 0.03125 0.0472222 0.854004
0 0.407813 0.242778 0.030625 0.0444444 0.836426
0 0.954688 0.425833 0.0906249 0.103889 0.82666
0 0.525 0.140556 0.015 0.0177778 0.808105
0 0.70875 0.259931 0.035 0.0556945 0.801758
0 0.7 0.233333 0.03375 0.0511111 0.78418
0 0.439688 0.201111 0.026875 0.0425 0.651367
2 0.551875 0.184722 0.01 0.0355556 0.611328
0 0.470313 0.173194 0.02 0.0302778 0.592773
6 0.490625 0.179583 0.01625 0.0355556 0.59082
5 0.579375 0.0835417 0.00999997 0.0227778 0.563965
0 0.48 0.156944 0.01625 0.0244445 0.455078
0 0.535 0.127639 0.01 0.0194444 0.418701
0 0.0153223 0.708889 0.0305664 0.204444 0.240723
0 0.436875 0.206111 0.02625 0.0433333 0.222046
0 0.533437 0.125556 0.01125 0.02 0.15918
0 0.67125 0.185278 0.025 0.0416667 0.143188
0 0.695 0.228333 0.02875 0.0494445 0.0913696
0 0.456875 0.185139 0.01875 0.0336111 0.0456848
0 0.460313 0.181389 0.0175 0.0319444 0.0350037
0 0.70875 0.2675 0.0300001 0.0477778 0.0207672
0 0.52 0.132778 0.01125 0.0183333 0.0205688
0 0.990625 0.417222 0.0187499 0.08 0.0200195
0 0.57875 0.0802778 0.00750001 0.0183333 0.0186157
3 0.73875 0.203611 0.00750001 0.0352778 0.0149002
0 0.493438 0.153333 0.013125 0.0238889 0.0147858
0 0.988125 0.429722 0.02375 0.0972222 0.0143356
0 0.9925 0.412222 0.015 0.07 0.0142288
0 0.540313 0.11375 0.01125 0.0166667 0.00930023
0 0.42625 0.218333 0.04 0.0516667 0.00831604
3 0.736875 0.203611 0.00625 0.0280555 0.00706482
0 0.985 0.418333 0.03 0.08 0.00510025
0 0.65625 0.176944 0.01 0.0291667 0.00385475
0 0.624375 0.115278 0.00999997 0.015 0.00337601
0 0.496875 0.139583 0.01125 0.0186111 0.00324821
0 0.9825 0.429167 0.035 0.0988889 0.00322342
0 0.659375 0.175833 0.01625 0.0311111 0.00318527
0 0.65875 0.165 0.0199999 0.0322222 0.00309944
0 0.65375 0.158056 0.0175 0.0266667 0.00260162
0 0.539375 0.127778 0.01375 0.0177778 0.00242424
0 0.55375 0.103264 0.00687497 0.0129167 0.0024147
0 0.5 0.149306 0.015 0.0255555 0.00200272
0 0.525625 0.124444 0.00625 0.0183333 0.00198746
0 0.499375 0.141111 0.01375 0.0222222 0.00194168
0 0.615938 0.0993056 0.00625 0.0116667 0.00188255
0 0.515313 0.124167 0.009375 0.0183333 0.00186729
0 0.541875 0.108333 0.00999997 0.0197222 0.0016489
0 0.5 0.143889 0.01125 0.0227778 0.00164223
0 0.9625 0.408333 0.0749999 0.0744444 0.00163555
0 0.0101367 0.595417 0.0202734 0.120278 0.00137806
0 0.512813 0.1275 0.00999997 0.0166667 0.00135612
0 0.96875 0.399722 0.05375 0.0572222 0.00135136
0 0.635 0.131667 0.01375 0.0216667 0.00135136
0 0.995 0.302778 0.00999997 0.065 0.00133514
0 0.635 0.136667 0.00999997 0.0211111 0.00124931
6 0.494375 0.174722 0.0225 0.0361111 0.0012207
0 0.451875 0.189167 0.025 0.0422222 0.00120163
7 0.96375 0.927222 0.07125 0.143333 0.00118828
0 0.963125 0.455 0.0725 0.085 0.00104046
6 0.550625 0.184444 0.0125 0.0361111 0.00102425
3 0.72625 0.197083 0.00499999 0.0305556 0.00102425
