0 0.0460938 0.605556 0.0921875 0.158889 0.950195
0 0.926875 0.771667 0.1175 0.207778 0.944824
0 0.771875 0.290556 0.0675 0.0633333 0.940918
0 0.0416016 0.333333 0.0639844 0.0766667 0.936035
0 0.87375 0.539444 0.0825 0.154444 0.935059
0 0.342813 0.288333 0.055 0.0638889 0.928711
0 0.885 0.503889 0.17 0.133333 0.928223
0 0.91125 0.633333 0.13 0.142222 0.927246
0 0.97 0.309444 0.06 0.0711111 0.92627
0 0.0877344 0.525556 0.0790625 0.138889 0.925293
0 0.92875 0.467778 0.1425 0.11 0.915527
0 0.9625 0.926667 0.0725 0.145556 0.906738
0 0.71625 0.272292 0.0425 0.0554166 0.893066
2 0.210469 0.496111 0.0253125 0.121111 0.873535
3 0.890625 0.354722 0.0175 0.0905556 0.870605
0 0.6875 0.208333 0.02875 0.05 0.861328
0 0.0374414 0.485278 0.0748828 0.106111 0.861328
0 0.389063 0.253403 0.035 0.0509722 0.856934
0 0.365 0.271944 0.03375 0.0561111 0.84375
0 0.419375 0.221389 0.03125 0.0436111 0.841797
0 0.953438 0.424167 0.093125 0.106111 0.817383
0 0.5225 0.136111 0.015625 0.0213889 0.810547
0 0.4 0.239444 0.03 0.0477778 0.806641
0 0.705 0.2575 0.0375 0.0566667 0.770508
0 0.611875 0.124583 0.0137499 0.0177778 0.649414
0 0.468125 0.170972 0.01875 0.0286111 0.637207
0 0.437813 0.195833 0.024375 0.0411111 0.602051
0 0.477813 0.159444 0.018125 0.0305556 0.550781
0 0.700625 0.23375 0.03375 0.0491667 0.428223
0 0.53125 0.122222 0.0125 0.0208333 0.413086
0 0.59125 0.0954861 0.00750001 0.0125 0.345215
3 0.92875 0.296111 0.00875003 0.0477778 0.231567
0 0.00864746 0.559028 0.0171582 0.0863889 0.0838623
0 0.525625 0.127778 0.01125 0.0172222 0.081543
0 0.695 0.22375 0.025 0.0441667 0.0806274
0 0.489375 0.150417 0.015625 0.0263889 0.0692749
0 0.014375 0.697778 0.0286719 0.182222 0.0531921
0 0.458125 0.181528 0.02 0.0294444 0.0486755
0 0.66875 0.181389 0.0225 0.0366667 0.0423889
0 0.009375 0.586111 0.01875 0.125556 0.0406799
0 0.98875 0.428333 0.0225 0.0988889 0.0347595
0 0.495 0.143889 0.015 0.025 0.0281067
0 0.613438 0.0999306 0.00687497 0.0131944 0.0258636
0 0.69625 0.227778 0.0325 0.0466667 0.0162201
3 0.9275 0.295 0.00750001 0.0566667 0.0126724
0 0.6075 0.103472 0.00750001 0.0125 0.0116425
0 0.62375 0.119028 0.01125 0.0172222 0.0106125
0 0.675 0.189722 0.015 0.0327778 0.0105286
0 0.990625 0.412778 0.0187499 0.0744445 0.0102081
0 0.542813 0.103889 0.00812499 0.0155556 0.00955963
0 0.655 0.164583 0.01875 0.0319445 0.00926971
3 0.8025 0.241528 0.00999997 0.0413889 0.00891876
0 0.98125 0.426944 0.0374999 0.100556 0.00874329
0 0.6325 0.131944 0.01375 0.0216667 0.00857544
0 0.6575 0.17 0.0175 0.0338889 0.008255
3 0.800625 0.2425 0.0125 0.0433333 0.00731659
0 0.0146484 0.568889 0.0292969 0.0933334 0.00679779
3 0.725 0.195833 0.00499999 0.0272222 0.00671768
3 0.164063 0.258264 0.0065625 0.0423611 0.00671768
0 0.53875 0.115833 0.01375 0.0216667 0.0064888
0 0.6325 0.136111 0.0125 0.02 0.0064888
3 0.162969 0.255833 0.00718751 0.0444445 0.00510025
3 0.72375 0.195556 0.00625 0.0225 0.00413513
0 0.6725 0.19 0.02 0.0386111 0.00402451
3 0.9325 0.289444 0.0225 0.0688889 0.00344276
0 0.5 0.142917 0.01 0.0213889 0.00314713
0 0.95625 0.407222 0.0874999 0.0738889 0.00313568
0 0.442813 0.194167 0.025625 0.0377778 0.00302696
0 0.384063 0.250833 0.04125 0.0577778 0.0029583
0 0.705625 0.266944 0.03375 0.0533333 0.00293541
0 0.6475 0.152361 0.01625 0.0266667 0.00265312
0 0.640156 0.140139 0.0146875 0.0236111 0.00263214
0 0.588438 0.0969444 0.009375 0.0119444 0.00261116
0 0.98875 0.446111 0.0225 0.0855555 0.00261116
0 0.514063 0.133056 0.011875 0.0211111 0.00260162
0 0.9925 0.459167 0.015 0.0805556 0.00247192
3 0.84625 0.273611 0.0125 0.07 0.00221634
0 0.534375 0.109861 0.01125 0.0219444 0.00213242
0 0.0221094 0.576806 0.0442188 0.106389 0.00194931
3 0.655625 0.176667 0.00749995 0.03 0.00194168
0 0.99125 0.479167 0.0175 0.110556 0.00192642
0 0.482188 0.156528 0.018125 0.0263889 0.00187492
3 0.715625 0.185278 0.00499999 0.0227778 0.00178242
0 0.96625 0.453889 0.0675 0.0844445 0.00174809
0 0.633438 0.125556 0.0125 0.0211111 0.00163555
0 0.486563 0.14625 0.0125 0.0252778 0.00162315
7 0.550313 0.838889 0.00437501 0.0177778 0.00158501
5 0.604375 0.0779861 0.00750001 0.0127778 0.00152493
7 0.525625 0.831667 0.00500002 0.02 0.00146675
0 0.6825 0.210833 0.0325 0.0522222 0.00146103
0 0.606875 0.336944 0.03625 0.0533333 0.00143814
0 0.00505859 0.453611 0.0101172 0.0638889 0.00141048
1 0.125781 0.200972 0.225313 0.399722 0.00133038
0 0.979375 0.458889 0.04125 0.0911111 0.00128937
0 0.7 0.245694 0.0325 0.0575 0.0012846
0 0.4975 0.140556 0.01625 0.0238889 0.0011692
3 0.168594 0.260556 0.00625 0.035 0.00113773
0 0.00788574 0.459444 0.0157715 0.0722222 0.00105667
7 0.415313 0.4175 0.00625 0.0138889 0.00102043
