0 0.0441406 0.338333 0.0641406 0.0777778 0.946777
0 0.0477344 0.611667 0.0953125 0.158889 0.946777
0 0.93 0.775556 0.1175 0.207778 0.946289
0 0.87625 0.543333 0.0825 0.156667 0.938965
0 0.888125 0.507778 0.17125 0.133333 0.930176
0 0.914375 0.638889 0.13125 0.145556 0.923828
0 0.345625 0.292222 0.054375 0.0655555 0.922852
0 0.791875 0.294444 0.0825 0.0622222 0.921387
0 0.96375 0.926667 0.0725 0.144444 0.918457
0 0.0879492 0.530556 0.0850391 0.143333 0.91748
0 0.71875 0.274931 0.0425 0.0568056 0.908203
0 0.93 0.471111 0.14 0.108889 0.907227
0 0.0395313 0.491111 0.0790625 0.111111 0.900391
0 0.69 0.212639 0.0300001 0.0491667 0.892578
0 0.392188 0.258333 0.03625 0.0516667 0.879883
0 0.422813 0.224167 0.03125 0.0461111 0.878906
0 0.970625 0.312222 0.0575 0.0677778 0.870605
0 0.4075 0.243333 0.0325 0.0455556 0.856934
0 0.3675 0.274444 0.035 0.0533333 0.85498
0 0.70875 0.260625 0.0375 0.0565278 0.837402
0 0.525313 0.141111 0.014375 0.0188889 0.824219
0 0.954688 0.426667 0.0906249 0.103333 0.816406
0 0.567188 0.118056 0.011875 0.0144444 0.803223
0 0.7 0.234444 0.0325 0.0494445 0.757812
6 0.98375 0.340278 0.0325 0.0783333 0.73877
0 0.439375 0.20125 0.0275 0.0433333 0.715332
0 0.472188 0.173333 0.019375 0.0294444 0.692871
3 0.82875 0.311111 0.0112501 0.0722222 0.655762
0 0.481875 0.160833 0.0175 0.0280556 0.616699
0 0.534375 0.128333 0.01125 0.0194444 0.317383
0 0.9825 0.396667 0.035 0.08 0.294189
0 0.0155176 0.708333 0.030918 0.198889 0.200562
5 0.59125 0.0832639 0.00750001 0.0134722 0.145142
0 0.69625 0.231389 0.02875 0.0477778 0.112427
0 0.533125 0.125278 0.01125 0.02 0.0903931
0 0.99 0.301667 0.0199999 0.0544444 0.0853882
0 0.53125 0.128194 0.01125 0.0169444 0.085083
0 0.984375 0.339722 0.0312499 0.075 0.0838623
0 0.45875 0.183056 0.01625 0.0288889 0.0792236
0 0.670625 0.181389 0.0225 0.0355555 0.0402527
0 0.52 0.136944 0.01125 0.02 0.0279083
0 0.70875 0.267153 0.0300001 0.0468056 0.0246124
0 0.995 0.296111 0.00999997 0.0511111 0.0208893
0 0.673125 0.185278 0.02375 0.0383333 0.0195312
0 0.490625 0.153333 0.015 0.0294444 0.0165253
3 0.74 0.20375 0.00749995 0.0347222 0.0160217
0 0.97625 0.403889 0.0475 0.0783333 0.0139008
0 0.542188 0.113299 0.00874996 0.015625 0.0136337
6 0.98125 0.363333 0.0374999 0.106667 0.0115509
0 0.540625 0.128333 0.01125 0.0175 0.0104065
3 0.98 0.331111 0.03 0.0661111 0.00818634
0 0.9875 0.422222 0.0249999 0.105556 0.00818634
3 0.6575 0.178056 0.00999997 0.03 0.00803375
0 0.98125 0.42 0.0374999 0.0922222 0.00682449
0 0.56625 0.119722 0.01125 0.0155556 0.00510025
0 0.42625 0.219167 0.04125 0.0527778 0.00496292
0 0.551875 0.103472 0.00874996 0.0138889 0.00413513
3 0.829375 0.307778 0.015 0.0711111 0.00413513
0 0.979375 0.389722 0.04125 0.0455556 0.00362206
0 0.65875 0.176389 0.0175001 0.0322222 0.00340271
0 0.65375 0.159861 0.01625 0.025 0.00322342
0 0.465 0.184444 0.01875 0.035 0.00282288
0 0.65875 0.165833 0.0175001 0.0322222 0.0026722
0 0.95 0.437778 0.0999999 0.148889 0.00246239
0 0.99625 0.283889 0.00749995 0.06 0.00244331
3 0.81125 0.296667 0.04 0.06 0.00236893
0 0.635625 0.136806 0.00999997 0.0208333 0.00191212
0 0.499375 0.148333 0.015625 0.0216667 0.00188255
7 0.96375 0.927778 0.07 0.142222 0.00143242
0 0.012627 0.593333 0.0252539 0.117778 0.00131512
0 0.55125 0.112188 0.00999997 0.015625 0.00126457
0 0.634375 0.132083 0.01375 0.0233333 0.00118828
0 0.98375 0.456667 0.0325 0.0822222 0.00113392
0 0.521875 0.126111 0.01 0.0205556 0.00106907
7 0.53 0.838889 0.00562503 0.02 0.00103188
0 0.499375 0.140556 0.014375 0.0227778 0.00102806
0 0.6475 0.155417 0.01125 0.0233333 0.00101662
0 0.491875 0.144444 0.01125 0.0244445 0.00100422
