0 0.92875 0.772222 0.1175 0.208889 0.945801
0 0.0469141 0.607222 0.0938281 0.16 0.944824
0 0.0423047 0.334444 0.0644531 0.0777778 0.943359
0 0.773125 0.292778 0.06625 0.0633334 0.938965
0 0.875625 0.540556 0.08375 0.154444 0.938477
6 0.194219 0.527778 0.06125 0.157778 0.937012
0 0.886875 0.505278 0.17125 0.133889 0.930664
0 0.97 0.311111 0.06 0.0711111 0.928711
0 0.343438 0.289444 0.054375 0.0633333 0.925781
0 0.0889844 0.527778 0.079375 0.143333 0.924316
0 0.911875 0.636111 0.13125 0.144444 0.918457
0 0.963125 0.926667 0.0725 0.144444 0.913574
0 0.92875 0.468889 0.1425 0.111111 0.911133
0 0.71625 0.272778 0.0425 0.055 0.90918
2 0.72125 0.361111 0.0575 0.0883333 0.893066
0 0.365625 0.273611 0.035 0.0572222 0.862305
0 0.0381641 0.488056 0.0763281 0.106111 0.858887
0 0.39 0.254514 0.035625 0.0520833 0.85791
0 0.523125 0.138472 0.01625 0.0205556 0.833496
0 0.688125 0.209444 0.03 0.0522222 0.832031
0 0.954063 0.424444 0.091875 0.103889 0.831055
0 0.420938 0.222222 0.030625 0.0438889 0.785156
0 0.400938 0.240278 0.03 0.0477778 0.78125
0 0.698125 0.23125 0.03375 0.0525 0.762207
0 0.70625 0.258958 0.0375 0.0565278 0.753418
0 0.47 0.171389 0.018125 0.0288889 0.651367
0 0.47875 0.160833 0.018125 0.0294444 0.647949
0 0.43875 0.196944 0.02625 0.0427778 0.645996
0 0.542188 0.128889 0.014375 0.0261111 0.556641
3 0.2325 0.536111 0.0146875 0.0622222 0.517578
0 0.45625 0.182222 0.0225 0.0333333 0.186523
3 0.230313 0.536806 0.020625 0.0663889 0.163452
3 0.68875 0.172361 0.00499999 0.0294444 0.119995
0 0.67 0.184444 0.0225 0.0377778 0.10376
0 0.69375 0.225556 0.0275 0.0461111 0.101929
3 0.231719 0.529444 0.0171875 0.0833333 0.0980835
0 0.5325 0.119861 0.010625 0.0186111 0.0881958
0 0.398125 0.246389 0.02625 0.0444444 0.0836182
5 0.595 0.07875 0.00625 0.0113889 0.0446777
0 0.990625 0.430833 0.0187499 0.102778 0.0394897
0 0.701875 0.246111 0.03375 0.0533333 0.0256653
0 0.993125 0.413333 0.0137499 0.0766667 0.0249939
0 0.6725 0.187083 0.02125 0.0361111 0.02211
0 0.489063 0.150833 0.01625 0.03 0.0217743
0 0.45875 0.175972 0.0225 0.0338889 0.0198364
0 0.659375 0.173333 0.02 0.0313889 0.0177765
0 0.0109766 0.571667 0.0217969 0.0977778 0.0147324
0 0.52375 0.124306 0.00999997 0.0186111 0.0139008
3 0.725 0.195417 0.00499999 0.0247222 0.0126724
3 0.72625 0.196806 0.00499999 0.03 0.0125732
0 0.4925 0.146389 0.015 0.0294444 0.0103683
0 0.00756348 0.567778 0.015127 0.0822222 0.00874329
0 0.65125 0.156111 0.02 0.0283333 0.00857544
0 0.666875 0.179444 0.01875 0.0394445 0.00831604
0 0.467813 0.173611 0.01875 0.0322222 0.00806427
3 0.73875 0.203333 0.00750001 0.0361111 0.00790405
0 0.453125 0.187778 0.024375 0.0383333 0.00748825
0 0.500625 0.145833 0.0125 0.0266667 0.00720596
3 0.71625 0.185139 0.00625 0.0225 0.00634003
0 0.98375 0.428889 0.0325 0.102222 0.00629044
0 0.6475 0.151944 0.0175 0.0261111 0.00591278
3 0.164844 0.263333 0.00687499 0.0377778 0.00570679
3 0.168281 0.268056 0.00625 0.0366667 0.00534439
0 0.014873 0.697222 0.0296289 0.182222 0.00468063
0 0.655 0.160833 0.0175 0.0241667 0.00448608
3 0.6925 0.175556 0.00874996 0.0352778 0.00403976
2 0.719375 0.354444 0.04125 0.0766667 0.00388527
0 0.499063 0.143472 0.015 0.025 0.00387001
3 0.72875 0.199444 0.00750001 0.0372222 0.00365067
0 0.659375 0.165833 0.02125 0.0322222 0.00356483
3 0.6875 0.18 0.01 0.0366667 0.00349617
3 0.229688 0.548889 0.018125 0.0877778 0.00348282
0 0.541563 0.107917 0.011875 0.0205556 0.00324821
0 0.551875 0.0963889 0.00874996 0.0125 0.00322342
0 0.98625 0.418333 0.0275 0.0855556 0.00314713
0 0.6825 0.21125 0.0325 0.0519444 0.00293541
0 0.641406 0.139444 0.0146875 0.0255556 0.00286674
0 0.55125 0.135556 0.00999997 0.015 0.00275803
0 0.485313 0.146667 0.01375 0.0266667 0.00265312
0 0.63875 0.138056 0.01375 0.0216667 0.00257111
0 0.991875 0.303611 0.01625 0.0622222 0.00257111
0 0.96 0.406667 0.075 0.0716667 0.00244331
0 0.0190527 0.575556 0.0381055 0.0933333 0.00236893
3 0.73625 0.2 0.00750001 0.0361111 0.00228691
0 0.7075 0.2675 0.0375 0.0533333 0.00219917
0 0.00793945 0.547778 0.0158398 0.0822222 0.00194931
0 0.435 0.206667 0.0225 0.0394445 0.00190449
0 0.63375 0.133611 0.0137499 0.0238889 0.00168705
0 0.976875 0.448056 0.04625 0.0844444 0.0016489
0 0.515 0.121667 0.01 0.0183333 0.0015974
3 0.71375 0.175556 0.00499999 0.0227778 0.00157356
0 0.613125 0.0984722 0.00750001 0.0138889 0.00145531
0 0.0130859 0.592222 0.0261719 0.128889 0.00132465
0 0.99125 0.458889 0.0175 0.0855556 0.00130463
0 0.459688 0.184722 0.025 0.0388889 0.00123501
0 0.9875 0.304444 0.0249999 0.0588889 0.00117397
3 0.93125 0.298889 0.01 0.0411111 0.00107765
0 0.4725 0.168611 0.01875 0.0322222 0.00102425
