0 0.0425391 0.335 0.0642969 0.0766667 0.945312
0 0.928125 0.772222 0.1175 0.208889 0.944824
0 0.0467188 0.607222 0.0934375 0.158889 0.943848
0 0.77375 0.292778 0.065 0.0633334 0.937988
0 0.87625 0.54125 0.0825 0.155278 0.937012
0 0.886875 0.505556 0.17125 0.133333 0.930664
0 0.344063 0.29 0.054375 0.0633334 0.92627
0 0.970625 0.311667 0.05875 0.0711111 0.92627
0 0.0894531 0.5275 0.0785938 0.142778 0.924316
0 0.9125 0.636111 0.13 0.145556 0.918457
6 0.189688 0.501667 0.05875 0.152222 0.916992
0 0.963125 0.926667 0.0725 0.144444 0.916504
0 0.92875 0.468889 0.1425 0.11 0.911621
0 0.716875 0.272778 0.0425 0.0561111 0.908691
0 0.037793 0.488333 0.0755859 0.106667 0.868652
0 0.36625 0.273889 0.035 0.0566667 0.862305
0 0.68875 0.208611 0.03 0.0494445 0.859863
0 0.39 0.255833 0.03625 0.0511111 0.854004
0 0.42125 0.222917 0.03125 0.0441667 0.833496
0 0.954063 0.423889 0.091875 0.104444 0.831055
0 0.524375 0.138333 0.01625 0.0211111 0.825684
2 0.88125 0.317222 0.03625 0.0566667 0.791992
0 0.401875 0.240278 0.03 0.0483333 0.788086
0 0.70625 0.257708 0.035 0.0556945 0.778809
0 0.543125 0.130694 0.0137499 0.0233333 0.771973
0 0.470625 0.171111 0.01875 0.0286111 0.708984
0 0.43875 0.197639 0.02625 0.0408333 0.70752
2 0.85 0.336944 0.05125 0.0772222 0.695801
0 0.479375 0.160833 0.0175 0.0294444 0.694336
2 0.607188 0.144722 0.009375 0.025 0.509766
0 0.7025 0.236389 0.035 0.0494444 0.439697
2 0.610625 0.1675 0.00750001 0.0322222 0.408203
0 0.5325 0.121111 0.010625 0.0172222 0.317383
0 0.67 0.183333 0.0225 0.0405556 0.282959
0 0.6975 0.23 0.03 0.0511111 0.265137
0 0.459375 0.180278 0.020625 0.0316667 0.181274
0 0.542188 0.128056 0.011875 0.0227778 0.110107
0 0.6925 0.223056 0.02625 0.0455556 0.105957
0 0.0126367 0.588889 0.0252734 0.12 0.104126
0 0.594375 0.0790278 0.00499999 0.00944445 0.093689
2 0.8875 0.314167 0.02 0.0544444 0.0812378
0 0.0102148 0.573333 0.0202734 0.0977778 0.0789185
0 0.395 0.249028 0.028125 0.0475 0.0758667
0 0.490625 0.148889 0.01625 0.0277778 0.0592041
0 0.0186523 0.578333 0.0373047 0.102222 0.0337219
0 0.655 0.163889 0.02 0.0294444 0.0228882
0 0.990625 0.429444 0.0187499 0.1 0.0222015
3 0.637813 0.169028 0.00687504 0.0319444 0.0218658
0 0.6725 0.187222 0.02375 0.0422222 0.0181274
0 0.00862305 0.553333 0.0171289 0.0933333 0.0174408
0 0.66 0.17125 0.02 0.0336111 0.0164032
0 0.015293 0.697778 0.0305078 0.18 0.0149536
3 0.855 0.306111 0.01375 0.0633333 0.0146713
0 0.99375 0.412778 0.0124999 0.0755555 0.0137939
3 0.73875 0.202222 0.00750001 0.0352778 0.0123367
0 0.468438 0.173611 0.018125 0.0322222 0.00978088
3 0.725625 0.194722 0.00499999 0.0322222 0.00831604
0 0.531875 0.131667 0.00875003 0.0238889 0.00809479
3 0.853125 0.298889 0.01 0.0622222 0.00803375
0 0.36625 0.279444 0.029375 0.0555556 0.00760651
0 0.646875 0.149861 0.01875 0.03 0.00706482
0 0.459063 0.174167 0.02375 0.035 0.00653839
3 0.644375 0.16875 0.00750001 0.0302778 0.00636292
0 0.651875 0.159167 0.02125 0.0313889 0.00629044
0 0.6375 0.137222 0.0125 0.0222222 0.00536346
0 0.435 0.206806 0.02375 0.0397222 0.00494385
0 0.521875 0.137083 0.015 0.0202778 0.00468063
0 0.641406 0.139583 0.0171875 0.0261111 0.00466537
0 0.5 0.145278 0.0125 0.0233333 0.00460815
0 0.49875 0.147361 0.00999997 0.0197222 0.00455475
3 0.73625 0.197778 0.00750001 0.0388889 0.00370789
0 0.9825 0.429167 0.035 0.102222 0.00366402
3 0.72375 0.195 0.00625 0.0261111 0.00351143
0 0.7075 0.266389 0.0375 0.0533333 0.00345612
0 0.525625 0.125833 0.00874999 0.02 0.00300407
0 0.487188 0.147222 0.01375 0.0277778 0.00277901
0 0.98625 0.4175 0.0275 0.0838889 0.00269318
0 0.665 0.177222 0.0225 0.0333333 0.00261116
0 0.500313 0.141389 0.0125 0.0227778 0.00201035
3 0.165313 0.263403 0.0075 0.03875 0.00198746
2 0.608125 0.166667 0.00874996 0.0355556 0.00189686
0 0.0131055 0.539444 0.0260547 0.108889 0.0018177
3 0.167656 0.268056 0.00718751 0.0377778 0.00181007
3 0.663125 0.138056 0.00625 0.0183333 0.00178242
0 0.9925 0.303333 0.015 0.0611111 0.00178242
2 0.86875 0.323056 0.02 0.055 0.00178242
3 0.729375 0.196389 0.00875003 0.0527778 0.00175476
7 0.41625 0.417222 0.00500002 0.0122222 0.00141048
2 0.86375 0.318611 0.0475 0.0561111 0.00136662
0 0.00859863 0.463333 0.0171973 0.075 0.00130939
0 0.0121973 0.511389 0.0243164 0.0805556 0.00117874
0 0.587188 0.0817361 0.00625 0.00736111 0.00115585
0 0.99125 0.460278 0.0175 0.085 0.00113392
0 0.960625 0.407778 0.0725 0.0744444 0.00109005
3 0.644375 0.175833 0.00750001 0.0338889 0.00107288
2 0.864375 0.343889 0.0225 0.0622222 0.00101662
0 0.63375 0.133472 0.0137499 0.0247222 0.00101185
