0 0.0460156 0.606111 0.0920313 0.158889 0.94873
0 0.926875 0.771111 0.1175 0.206667 0.944824
0 0.0413281 0.333889 0.0641406 0.0755556 0.941895
0 0.771875 0.291111 0.06625 0.0633333 0.939453
0 0.87375 0.538333 0.0825 0.151111 0.933594
5 0.600625 0.143056 0.029375 0.0577778 0.931152
0 0.97 0.310556 0.06 0.07 0.928223
0 0.085625 0.526667 0.083125 0.141111 0.928223
0 0.885 0.503333 0.17 0.133333 0.927246
0 0.91125 0.634444 0.13 0.142222 0.927246
0 0.342813 0.288333 0.055 0.0627778 0.926758
6 0.28125 0.551667 0.075625 0.157778 0.92627
0 0.92875 0.468333 0.1425 0.11 0.918457
0 0.9625 0.926667 0.0725 0.144444 0.905762
0 0.71625 0.272292 0.04125 0.0554166 0.90332
0 0.0386914 0.487222 0.0773828 0.107778 0.864258
0 0.389063 0.254167 0.035625 0.0511111 0.85498
0 0.419063 0.221389 0.031875 0.0444444 0.844727
0 0.6875 0.208056 0.02875 0.0488889 0.841797
0 0.95375 0.423889 0.0925 0.105556 0.82666
0 0.364063 0.272153 0.035 0.0556944 0.825684
0 0.521875 0.136806 0.01625 0.0219444 0.813965
0 0.705 0.257778 0.03625 0.0561111 0.811523
0 0.400625 0.240556 0.03 0.0483333 0.808105
0 0.468125 0.17 0.02125 0.03 0.774414
0 0.4375 0.196111 0.025625 0.0416667 0.663574
0 0.478125 0.159444 0.01875 0.0302778 0.660156
0 0.53125 0.123472 0.013125 0.0219444 0.550781
0 0.700625 0.233889 0.0325 0.0488889 0.476562
0 0.281094 0.551111 0.0759375 0.155556 0.279785
0 0.695 0.232083 0.0325 0.0469444 0.181274
0 0.668125 0.181111 0.02125 0.0383333 0.154541
0 0.3975 0.247361 0.03125 0.0486111 0.150513
0 0.0146094 0.698889 0.0291016 0.18 0.100525
0 0.693125 0.225972 0.025 0.0436111 0.0836182
0 0.70375 0.246806 0.0325 0.0497222 0.0745239
3 0.8275 0.275 0.00875003 0.0655556 0.0574951
0 0.48875 0.149444 0.016875 0.0255556 0.0441895
0 0.655 0.164028 0.02 0.03 0.0372009
0 0.671875 0.183889 0.02125 0.0383333 0.0337219
0 0.99 0.42 0.0199999 0.0833333 0.0214539
0 0.6575 0.168333 0.01875 0.0311111 0.0186157
3 0.801875 0.239861 0.00875003 0.0425 0.0179138
0 0.457813 0.1825 0.02125 0.0311111 0.0171051
0 0.625 0.121944 0.00874996 0.0161111 0.00974274
3 0.826875 0.264444 0.00875003 0.0872222 0.00898743
0 0.49375 0.143056 0.015 0.0244445 0.00793457
0 0.674375 0.188889 0.0225 0.0383333 0.00763702
0 0.46125 0.181111 0.015 0.0255556 0.00751877
3 0.168906 0.259167 0.00687501 0.0444445 0.0064888
0 0.98 0.425 0.04 0.0955555 0.00572968
0 0.359375 0.277222 0.0375 0.0511111 0.00557709
0 0.616875 0.121111 0.00625 0.0188889 0.00534439
0 0.645625 0.148611 0.0175 0.0244445 0.00486755
0 0.615 0.103611 0.00875003 0.0177778 0.00443268
0 0.542188 0.104167 0.00874996 0.0161111 0.00415039
0 0.46125 0.1775 0.01875 0.0277778 0.0039444
0 0.633125 0.137778 0.01 0.0188889 0.00324821
0 0.630625 0.129167 0.00999997 0.0177778 0.00307465
3 0.164688 0.256944 0.00687501 0.0483333 0.00300407
3 0.695 0.171806 0.00499999 0.0244445 0.00298119
0 0.3825 0.250556 0.0425 0.0583333 0.00275803
3 0.92875 0.289722 0.00999997 0.0516667 0.00270462
0 0.00797852 0.57 0.015918 0.1 0.00257111
0 0.68125 0.21 0.03 0.0544444 0.00243378
3 0.735 0.199167 0.00625 0.0366667 0.00239754
3 0.176406 0.257222 0.0109375 0.0494444 0.00230598
3 0.164844 0.255 0.009375 0.0538889 0.00219917
0 0.641406 0.146528 0.0146875 0.0236111 0.00217438
0 0.64125 0.141667 0.015 0.0238889 0.00214958
0 0.66125 0.176944 0.015 0.0319444 0.0020752
2 0.5875 0.140556 0.00562496 0.0388889 0.00188255
0 0.0109961 0.577222 0.021875 0.116667 0.00185299
3 0.675625 0.141667 0.00499999 0.0194444 0.00176144
3 0.83625 0.261944 0.00750001 0.0977778 0.0015974
3 0.7225 0.194722 0.00750001 0.0255555 0.00155449
0 0.515625 0.133056 0.01375 0.0244445 0.00141621
0 0.533125 0.111111 0.0125 0.0244445 0.00132465
0 0.443438 0.194444 0.025625 0.0388889 0.00125504
0 0.98875 0.436667 0.0225 0.0944445 0.00107288
3 0.73875 0.206111 0.0125 0.0394445 0.00104046
