0 0.0461719 0.606667 0.0923438 0.16 0.950195
0 0.926875 0.771667 0.1175 0.207778 0.945312
0 0.0419922 0.333333 0.0639844 0.0755556 0.943848
0 0.874375 0.539444 0.0825 0.154444 0.935547
0 0.343125 0.288889 0.055 0.0633333 0.930664
0 0.97 0.309722 0.06 0.0711111 0.927734
0 0.885625 0.503611 0.17125 0.133889 0.927246
0 0.91125 0.633889 0.13 0.144444 0.924316
0 0.0878125 0.526111 0.0795313 0.141111 0.922852
0 0.92875 0.468056 0.1425 0.111667 0.914062
5 0.604688 0.124688 0.0325 0.0650694 0.905273
0 0.9625 0.926667 0.0725 0.144444 0.905273
0 0.7725 0.289444 0.0675001 0.0633333 0.901855
0 0.71625 0.272292 0.0425 0.0554166 0.895508
0 0.606875 0.154167 0.0175 0.0255555 0.873047
2 0.76875 0.302778 0.03 0.0644445 0.867188
0 0.0375195 0.485278 0.0750391 0.106111 0.863281
0 0.419375 0.221944 0.03125 0.0433333 0.85791
0 0.6875 0.2075 0.0275 0.0483333 0.848145
0 0.389375 0.254167 0.035 0.0511111 0.848145
0 0.365 0.272222 0.035 0.0555556 0.84082
0 0.5225 0.136667 0.015 0.02 0.825684
0 0.953438 0.423889 0.093125 0.106667 0.808105
0 0.4 0.240278 0.03 0.0483333 0.790527
0 0.705625 0.2575 0.0362501 0.0566667 0.777344
0 0.4375 0.195833 0.025625 0.0422222 0.677246
3 0.929375 0.296667 0.00874996 0.0477778 0.666504
0 0.468438 0.170833 0.01875 0.0294444 0.663574
0 0.478125 0.159722 0.018125 0.0305556 0.645996
0 0.531563 0.122778 0.011875 0.02 0.482422
0 0.70125 0.234028 0.0325 0.0491667 0.399902
0 0.5275 0.125556 0.010625 0.0169444 0.206299
3 0.8025 0.240278 0.00999997 0.04 0.15979
0 0.39625 0.2475 0.03125 0.0477778 0.128906
0 0.69375 0.223333 0.025 0.0438889 0.100891
0 0.695 0.229028 0.0325 0.0480556 0.100159
0 0.66875 0.181667 0.0225 0.0372222 0.0618896
0 0.00962891 0.559861 0.019082 0.0913888 0.0609741
0 0.0146289 0.696667 0.0292188 0.182222 0.0422363
0 0.99 0.425556 0.0199999 0.0955555 0.0367737
0 0.455625 0.182222 0.02 0.03 0.0333252
3 0.725625 0.196111 0.00499999 0.0272222 0.0317383
0 0.0112207 0.585556 0.0224414 0.13 0.0281067
0 0.596875 0.145833 0.00874996 0.0227778 0.0267639
0 0.633125 0.131111 0.01125 0.0172222 0.0259552
0 0.765 0.297778 0.0449999 0.0655555 0.0200195
0 0.99125 0.412222 0.0175 0.0744444 0.016922
0 0.675 0.18625 0.0175 0.0363889 0.0167847
3 0.72375 0.196111 0.00499999 0.0233333 0.0163422
0 0.654375 0.162222 0.01875 0.0272222 0.0126266
0 0.48875 0.15 0.015625 0.0261111 0.0100937
0 0.0140137 0.567778 0.0280273 0.0955556 0.0100555
0 0.495625 0.143333 0.0125 0.0227778 0.00989532
0 0.9825 0.425556 0.035 0.1 0.00837708
0 0.633125 0.135556 0.01 0.0205556 0.00800323
0 0.671875 0.189167 0.01875 0.0394445 0.00790405
0 0.604063 0.0790278 0.00625 0.0144444 0.00757599
0 0.65875 0.170833 0.0175001 0.0338889 0.00661469
0 0.645 0.149444 0.0175 0.0244444 0.00542831
0 0.96875 0.458056 0.0624999 0.0888889 0.00526047
0 0.706875 0.268056 0.0325 0.0483333 0.00524139
3 0.73875 0.20375 0.00750001 0.035 0.00503922
0 0.465313 0.174444 0.016875 0.0327778 0.00502014
3 0.72875 0.196667 0.00750001 0.0402778 0.00482941
3 0.735 0.196667 0.00750001 0.0388889 0.00457382
0 0.44375 0.194583 0.024375 0.0383333 0.00453949
0 0.99125 0.461944 0.0175 0.0888889 0.00436401
2 0.76625 0.2975 0.03875 0.0633333 0.00429916
0 0.623125 0.147222 0.00750001 0.0177778 0.00349617
3 0.96625 0.289444 0.0125 0.0511111 0.00328636
0 0.0211328 0.575556 0.0422656 0.103333 0.00319672
3 0.93 0.297222 0.0125 0.0516667 0.00300407
0 0.9575 0.407222 0.085 0.0755555 0.00257111
0 0.381875 0.251111 0.04125 0.0583333 0.00255013
0 0.541875 0.104653 0.009375 0.0173611 0.00251198
0 0.61875 0.143889 0.00874996 0.0227778 0.00242424
2 0.8 0.241111 0.015 0.0422222 0.002388
0 0.98375 0.461944 0.0325 0.0983333 0.00230598
0 0.6575 0.164444 0.02 0.03 0.00228691
0 0.6225 0.139167 0.00875003 0.0191667 0.00200272
0 0.991875 0.3025 0.01625 0.0661111 0.0019722
0 0.642656 0.147083 0.0171875 0.0230555 0.00191212
0 0.0130859 0.529444 0.0261719 0.114444 0.00188923
0 0.48125 0.158056 0.01875 0.0286111 0.00177479
0 0.6575 0.176944 0.00999997 0.0311111 0.00175476
3 0.966875 0.278333 0.00750001 0.0444444 0.00174141
0 0.64125 0.143056 0.015 0.0222222 0.0017271
0 0.9825 0.305556 0.035 0.0644445 0.0016613
0 0.63375 0.124444 0.0106249 0.0205556 0.00164223
0 0.539688 0.116944 0.011875 0.0202778 0.00162888
3 0.93125 0.290556 0.02 0.0633333 0.00141048
5 0.6025 0.0696528 0.00749995 0.0179167 0.0012064
0 0.0122266 0.510556 0.0243359 0.0788889 0.00116062
0 0.7 0.246806 0.0325 0.0569445 0.00109863
0 0.359063 0.831111 0.04625 0.0844444 0.00109482
3 0.965625 0.296111 0.03875 0.0755556 0.00108147
0 0.624375 0.123889 0.0106249 0.0277778 0.00102425
