0 0.93625 0.784445 0.11875 0.208889 0.949219
0 0.0521094 0.620556 0.103906 0.157778 0.946777
0 0.545313 0.304444 0.06 0.0777778 0.936035
0 0.0514844 0.346667 0.0648438 0.0777778 0.936035
0 0.894375 0.515556 0.16875 0.134444 0.932617
0 0.975 0.320833 0.0499999 0.0705555 0.931641
0 0.795 0.301944 0.07375 0.0627778 0.929199
0 0.0957813 0.54 0.0840625 0.14 0.927734
0 0.88375 0.552778 0.0825 0.156667 0.927246
0 0.920625 0.645556 0.13125 0.146667 0.923828
0 0.9675 0.93 0.065 0.137778 0.922363
0 0.4 0.2675 0.035625 0.0516667 0.908691
0 0.93375 0.481389 0.1325 0.117222 0.908203
0 0.72625 0.284444 0.0425 0.0566667 0.902832
0 0.373125 0.286111 0.043125 0.0588889 0.893066
0 0.414375 0.251597 0.031875 0.0456945 0.867188
0 0.43 0.233056 0.031875 0.0466667 0.866211
0 0.6975 0.219444 0.03 0.0488889 0.865234
0 0.9575 0.431667 0.08375 0.0988889 0.837402
0 0.532813 0.15 0.015 0.0197222 0.803223
6 0.632813 0.184306 0.016875 0.0366667 0.773926
0 0.70625 0.241944 0.035 0.0522222 0.762207
0 0.448125 0.209444 0.0275 0.0433333 0.760742
0 0.474375 0.183889 0.021875 0.0366667 0.702637
0 0.715 0.267222 0.0375 0.055 0.686035
0 0.48875 0.171111 0.018125 0.0305556 0.662109
0 0.54125 0.137361 0.0125 0.0169444 0.507812
0 0.0188965 0.716111 0.037793 0.204444 0.464844
0 0.538125 0.139444 0.01125 0.0172222 0.262939
5 0.568125 0.102639 0.00875003 0.02 0.229492
0 0.506875 0.153611 0.01375 0.0244444 0.140869
0 0.550938 0.131667 0.00999997 0.0177778 0.131226
6 0.63375 0.174861 0.0175001 0.0313889 0.112427
0 0.51 0.151667 0.015 0.0233333 0.0984497
0 0.53625 0.141528 0.0125 0.0202778 0.0789185
0 0.966875 0.412222 0.065 0.065 0.0656128
0 0.44375 0.213333 0.0275 0.045 0.0560303
0 0.67125 0.188472 0.0225 0.0316667 0.0524292
3 0.65125 0.164722 0.00750001 0.0266667 0.0387573
0 0.553125 0.12125 0.00812499 0.0155556 0.0285492
0 0.46625 0.191944 0.01625 0.0377778 0.026062
2 0.565 0.127222 0.00500005 0.0180556 0.0250854
0 0.549375 0.130278 0.0112501 0.0177778 0.0248871
2 0.56375 0.124861 0.00499999 0.0177778 0.0176392
0 0.6775 0.194444 0.0225 0.0316667 0.0142822
0 0.71 0.267847 0.0275 0.0476389 0.0116425
0 0.9875 0.410556 0.0249999 0.0655555 0.00905609
0 0.49875 0.161667 0.015 0.0255556 0.00712204
0 0.96625 0.425278 0.0675 0.0872222 0.00674438
2 0.635938 0.132222 0.00562496 0.015 0.00534439
0 0.525313 0.1425 0.01125 0.0197222 0.00498199
3 0.376875 0.250139 0.010625 0.0341667 0.00482941
0 0.545 0.126389 0.00999997 0.0211111 0.00481033
0 0.71625 0.254722 0.0375 0.055 0.00481033
3 0.656875 0.166944 0.01125 0.0266667 0.00439835
3 0.108984 0.34 0.01 0.0383334 0.00376511
0 0.72125 0.275833 0.035 0.0522222 0.00353813
0 0.665 0.1775 0.0175001 0.0266667 0.00345612
7 0.18 0.274722 0.00687501 0.0316667 0.00337601
0 0.0138477 0.604445 0.0276953 0.124444 0.00319672
0 0.67875 0.198611 0.015 0.0333333 0.00305176
0 0.00953125 0.607778 0.0190625 0.12 0.00286674
6 0.63625 0.159722 0.00874996 0.0205556 0.00251198
0 0.66625 0.1675 0.0175 0.0311111 0.00231361
0 0.97875 0.562222 0.0425 0.111111 0.00223351
0 0.985 0.425278 0.03 0.0872222 0.00218201
0 0.895625 0.145 0.04375 0.0616667 0.00186729
7 0.277188 0.735556 0.00750001 0.0166667 0.00168705
0 0.661875 0.164167 0.0199999 0.0311111 0.00168133
0 0.9825 0.576667 0.035 0.0922223 0.00161076
3 0.645625 0.150417 0.01 0.0252778 0.00141621
2 0.545625 0.911111 0.009375 0.0222222 0.00141048
3 0.630625 0.128333 0.00875003 0.0155555 0.00135136
0 0.70125 0.224444 0.035 0.0461111 0.00119209
0 0.0223438 0.613333 0.0446875 0.144444 0.00118351
0 0.655 0.163333 0.0125 0.03 0.00109482
