0 0.0516797 0.62 0.103203 0.157778 0.947266
0 0.935625 0.784444 0.1175 0.211111 0.946777
0 0.89375 0.515 0.17 0.134444 0.935059
0 0.0513965 0.346111 0.0650195 0.0777778 0.933594
0 0.974375 0.32 0.05125 0.0711111 0.932129
0 0.88375 0.552222 0.085 0.157778 0.928711
0 0.0953906 0.54 0.0846875 0.142222 0.928223
0 0.79375 0.301111 0.0750001 0.0611111 0.925781
0 0.920625 0.645556 0.13125 0.144444 0.922363
0 0.9675 0.931111 0.065 0.137778 0.922363
0 0.399688 0.267222 0.035 0.0516667 0.908203
0 0.9325 0.480556 0.135 0.117778 0.908203
0 0.373125 0.286111 0.0425 0.0588889 0.895508
0 0.725 0.2825 0.0425 0.0566667 0.885742
0 0.696875 0.22 0.03 0.0505556 0.879883
0 0.429375 0.232917 0.03125 0.0475 0.872559
0 0.414375 0.251389 0.0325 0.0466667 0.85498
0 0.9575 0.43 0.085 0.0966667 0.845703
2 0.71125 0.349444 0.02125 0.0766667 0.837402
0 0.531875 0.149722 0.015 0.0205556 0.824219
6 0.62375 0.161389 0.01375 0.0327778 0.756348
0 0.448125 0.209028 0.02875 0.0433333 0.737305
0 0.714375 0.267778 0.0375 0.0572222 0.737305
0 0.488125 0.17125 0.01875 0.0305556 0.732422
0 0.705 0.240278 0.03375 0.0527778 0.710449
0 0.473438 0.184444 0.02125 0.0361111 0.673828
0 0.541563 0.135833 0.011875 0.0188889 0.535156
0 0.018877 0.713889 0.0377149 0.198889 0.5
5 0.568125 0.104375 0.00875003 0.0170833 0.310791
0 0.53875 0.138472 0.010625 0.0180556 0.205566
0 0.550938 0.129722 0.00999997 0.0188889 0.0927124
0 0.501875 0.154861 0.01375 0.0266667 0.0673218
0 0.536875 0.139167 0.01125 0.0219444 0.0631104
0 0.465625 0.191111 0.0175 0.0377778 0.0438538
0 0.44125 0.216111 0.02375 0.0416667 0.0430298
0 0.551875 0.120556 0.00874996 0.0127778 0.0397949
0 0.673125 0.1875 0.0225 0.0341667 0.0391846
0 0.55 0.127222 0.009375 0.0175 0.0317383
0 0.67625 0.191389 0.025 0.0358333 0.0252686
0 0.63 0.129444 0.00874996 0.015 0.0222015
2 0.71125 0.326111 0.0175 0.0655555 0.0193481
0 0.583125 0.0809028 0.00874996 0.0120833 0.0188293
0 0.633125 0.130278 0.01125 0.0155556 0.0187683
0 0.70875 0.244722 0.0425001 0.055 0.016922
0 0.49875 0.161111 0.015 0.0261111 0.0157776
0 0.71 0.268611 0.0275 0.0483333 0.0137939
3 0.375313 0.249444 0.01 0.0355555 0.0133286
0 0.661875 0.166667 0.01875 0.0288889 0.0121002
0 0.665 0.168611 0.0199999 0.0280556 0.0088501
0 0.5275 0.145417 0.010625 0.0236111 0.00867462
0 0.012793 0.602778 0.0255469 0.113333 0.00784302
0 0.509063 0.150694 0.015 0.0225 0.00658798
0 0.103281 0.968889 0.206563 0.0622222 0.00653839
0 0.975 0.420556 0.0499999 0.08 0.00619125
0 0.96875 0.411667 0.06 0.0644445 0.00605011
0 0.47125 0.187778 0.02 0.0405556 0.00602722
0 0.44375 0.212778 0.03375 0.0527778 0.00534439
0 0.5425 0.129722 0.0125 0.0261111 0.00524139
3 0.108906 0.341111 0.0078125 0.0322222 0.00492477
0 0.505 0.154167 0.015 0.0238889 0.00471878
0 0.62875 0.135 0.01125 0.0183333 0.00390053
0 0.68 0.198333 0.02 0.0305556 0.00383949
0 0.594063 0.0820833 0.00437501 0.00888889 0.00336266
0 0.993125 0.412222 0.0137499 0.0705556 0.00324821
0 0.00702637 0.601667 0.0139746 0.103333 0.00322342
3 0.651875 0.164722 0.01 0.0280556 0.00314713
5 0.0628516 0.968889 0.124922 0.06 0.0029583
0 0.00307373 0.408333 0.00614746 0.0777778 0.00274658
5 0.091875 0.965556 0.18375 0.0677778 0.00245285
0 0.00400391 0.429722 0.00800781 0.0861111 0.00225258
0 0.00324219 0.395278 0.00648438 0.0727778 0.00211525
0 0.0208203 0.607778 0.0416406 0.132222 0.00183105
3 0.375625 0.234444 0.01125 0.0527778 0.00178909
5 0.57 0.102361 0.01125 0.0169444 0.00155449
0 0.00333496 0.422222 0.00666992 0.0777778 0.00152493
0 0.981875 0.409444 0.035 0.0622222 0.00148964
0 0.644844 0.150556 0.0103125 0.0238889 0.00136662
0 0.624063 0.114444 0.00625 0.0138889 0.00123501
0 0.991875 0.420278 0.01625 0.0855555 0.00109482
0 0.71875 0.251111 0.05 0.0694444 0.00104046
