0 0.93375 0.781111 0.1175 0.208889 0.950684
0 0.0501953 0.616667 0.100391 0.157778 0.945312
0 0.881875 0.548333 0.08375 0.156667 0.941895
0 0.0481152 0.344444 0.064082 0.0755556 0.937988
0 0.791875 0.298889 0.0725 0.0633333 0.936523
0 0.8925 0.512778 0.17 0.134444 0.932129
0 0.0926563 0.536667 0.08375 0.143333 0.920898
0 0.96375 0.927778 0.0725 0.142222 0.919434
0 0.91875 0.643889 0.13 0.147778 0.91748
0 0.349375 0.298333 0.05375 0.0644444 0.916016
0 0.0407031 0.497222 0.0814063 0.111111 0.908691
0 0.93125 0.476111 0.1375 0.112222 0.905273
0 0.723125 0.281111 0.0425 0.0566667 0.900391
0 0.426563 0.23 0.031875 0.0477778 0.869629
0 0.695 0.218056 0.02875 0.0505556 0.85791
0 0.41125 0.249444 0.0325 0.0477778 0.856934
0 0.395625 0.265 0.03625 0.0505555 0.856934
0 0.956563 0.428889 0.086875 0.0977778 0.842773
0 0.97375 0.317778 0.0525 0.0733333 0.842773
0 0.370938 0.282222 0.035625 0.0577778 0.838867
3 0.9025 0.367778 0.015 0.09 0.837402
6 0.625 0.213611 0.02 0.0444444 0.78418
0 0.444063 0.206111 0.025 0.0433333 0.749023
0 0.7125 0.267708 0.035 0.05125 0.747559
0 0.48625 0.169167 0.02 0.0316667 0.715332
0 0.70375 0.239722 0.035 0.0533333 0.694336
0 0.470625 0.182083 0.02125 0.035 0.675781
0 0.529375 0.145278 0.015 0.02 0.651367
2 0.943125 0.325278 0.03125 0.065 0.523438
0 0.0171973 0.715556 0.0342773 0.2 0.430176
0 0.53875 0.131111 0.0125 0.0222222 0.40918
2 0.94 0.323333 0.0425 0.0644444 0.269043
2 0.94875 0.325 0.02125 0.0655556 0.181274
0 0.6775 0.192639 0.0237501 0.04 0.132935
0 0.539688 0.128333 0.0125 0.025 0.088501
2 0.94125 0.32 0.025 0.0644445 0.0549927
0 0.50125 0.154167 0.01375 0.0244445 0.042572
2 0.623438 0.210556 0.020625 0.0455556 0.0305023
0 0.460625 0.190833 0.01625 0.0361111 0.0298767
0 0.9875 0.309444 0.0249999 0.0588889 0.0276947
0 0.7075 0.246667 0.04 0.0516667 0.0245209
0 0.614688 0.342778 0.035625 0.0522222 0.0230713
0 0.551875 0.11559 0.009375 0.0138194 0.0224609
0 0.976875 0.430278 0.04625 0.0972222 0.0150146
0 0.563438 0.0984722 0.00625 0.0108333 0.0136871
0 0.360625 0.478333 0.03625 0.06 0.00955963
0 0.6725 0.184583 0.02 0.0338889 0.00874329
0 0.65875 0.164306 0.01875 0.0261111 0.00796509
0 0.9825 0.420556 0.035 0.0855555 0.00793457
7 0.295625 0.975 0.00562499 0.0177778 0.00784302
0 0.53625 0.135972 0.01125 0.0219445 0.00769424
3 0.35375 0.248056 0.00812499 0.0394445 0.0068779
0 0.53375 0.134722 0.0125 0.0216667 0.00626373
0 0.6625 0.170833 0.02125 0.0322222 0.00557709
0 0.497813 0.161111 0.01625 0.0266667 0.00530243
0 0.6625 0.167222 0.0175 0.0305556 0.00510025
3 0.74 0.205278 0.00749995 0.0361111 0.00486755
7 0.73 0.205278 0.00375004 0.0222222 0.00482941
0 0.985 0.431111 0.03 0.0983333 0.00468063
0 0.99 0.410556 0.0199999 0.0766667 0.00436401
0 0.65625 0.161389 0.0175 0.0255556 0.0042305
0 0.644844 0.145556 0.0153125 0.0202778 0.00382423
0 0.544688 0.125556 0.0125 0.0194444 0.00342941
3 0.92875 0.319444 0.0175001 0.0616667 0.00318527
3 0.68125 0.211111 0.015 0.0427778 0.00312424
0 0.94375 0.321667 0.0325 0.0644445 0.00275803
0 0.9875 0.420556 0.0249999 0.0894445 0.00275803
3 0.974375 0.286667 0.00875003 0.0411111 0.00271416
0 0.00447022 0.44 0.00894043 0.108333 0.00253105
0 0.40125 0.257778 0.0325 0.0511111 0.00213242
0 0.36125 0.469444 0.03625 0.0433333 0.00177479
0 0.995 0.301667 0.00999997 0.0588889 0.00168705
0 0.505 0.155 0.015 0.0233333 0.0015974
3 0.695 0.168889 0.00499999 0.0188889 0.00156116
0 0.641875 0.143611 0.0125 0.0211111 0.00152493
3 0.00311523 0.423333 0.00623047 0.0822222 0.00148392
0 0.98125 0.3175 0.0374999 0.0683334 0.00145531
0 0.635 0.130556 0.00875003 0.0166667 0.00141048
0 0.98375 0.408056 0.0325 0.0716667 0.00137806
0 0.633125 0.124722 0.00874996 0.0183333 0.00137234
3 0.93375 0.290556 0.00750001 0.0566667 0.00135136
3 0.70375 0.170139 0.00499999 0.0255555 0.00132465
2 0.99625 0.185833 0.00749995 0.0727778 0.0012846
0 0.9675 0.410833 0.0625 0.0688889 0.00113392
0 0.00997559 0.466111 0.0199121 0.0783333 0.0011034
0 0.4 0.251736 0.04125 0.0576389 0.00109005
3 0.380625 0.259167 0.018125 0.0433333 0.00108147
0 0.500625 0.151111 0.010625 0.0222222 0.00107765
3 0.96875 0.2825 0.01875 0.0588889 0.00103664
0 0.4525 0.203056 0.025 0.0422222 0.00101185
