0 0.93375 0.778889 0.1175 0.208889 0.948242
0 0.54375 0.855556 0.15 0.267778 0.947266
0 0.0495313 0.615556 0.0990625 0.16 0.944336
0 0.0478125 0.341667 0.0645313 0.0766667 0.941406
0 0.88125 0.548333 0.08375 0.156667 0.939941
0 0.79 0.297778 0.0725 0.0622222 0.937988
0 0.9725 0.316667 0.055 0.0711111 0.930176
0 0.89125 0.511111 0.17 0.134444 0.930176
0 0.093418 0.535 0.0809766 0.143333 0.92041
0 0.349375 0.296667 0.05375 0.065 0.918945
0 0.7225 0.278889 0.0425 0.0577778 0.916504
0 0.9175 0.642778 0.13125 0.146667 0.912598
0 0.96375 0.928889 0.0725 0.14 0.908203
0 0.040625 0.496111 0.08125 0.11 0.90332
0 0.930625 0.473889 0.13875 0.108889 0.901855
0 0.425625 0.228889 0.03125 0.0472222 0.869629
0 0.693125 0.216111 0.0300001 0.0494444 0.85498
0 0.410313 0.247778 0.0325 0.0466667 0.85498
0 0.394688 0.262222 0.036875 0.0522222 0.853027
0 0.95625 0.427778 0.0874999 0.0988889 0.841797
0 0.370313 0.28 0.035 0.0555556 0.837402
0 0.528437 0.146111 0.015 0.02 0.763672
0 0.7025 0.236528 0.0325 0.0508333 0.746094
0 0.71125 0.265486 0.03625 0.0523611 0.737305
0 0.444063 0.205 0.024375 0.0405555 0.720215
0 0.475313 0.178889 0.019375 0.0294444 0.715332
0 0.485313 0.169028 0.018125 0.0277778 0.682617
0 0.538438 0.130833 0.01125 0.0194444 0.600098
0 0.45875 0.193194 0.02 0.0325 0.525391
0 0.69875 0.222639 0.0325 0.0525 0.375732
0 0.0160547 0.727222 0.0320313 0.227778 0.334473
0 0.675625 0.191389 0.025 0.0416667 0.276611
0 0.495313 0.1575 0.014375 0.025 0.184204
0 0.46125 0.19125 0.02 0.0336111 0.0736694
0 0.45625 0.198889 0.0225 0.0372222 0.0705566
0 0.695 0.229722 0.02625 0.0494445 0.0632324
3 0.172813 0.266944 0.013125 0.0577778 0.0455322
0 0.47125 0.183472 0.016875 0.0325 0.0451965
0 0.534375 0.133056 0.0125 0.0188889 0.0293121
0 0.540625 0.12625 0.0125 0.0197222 0.016922
0 0.451875 0.200278 0.024375 0.04 0.0138474
0 0.99 0.411667 0.0199999 0.0755556 0.0112915
0 0.983125 0.420556 0.03375 0.0866667 0.0110321
0 0.66 0.165 0.02 0.0255555 0.00664139
0 0.706875 0.249583 0.04 0.0536111 0.00614548
0 0.49875 0.152778 0.015 0.0227778 0.00609589
0 0.66375 0.173056 0.02 0.0338889 0.00591278
3 0.252188 0.282222 0.010625 0.0972222 0.00453949
0 0.643594 0.145972 0.0153125 0.0202778 0.00416565
0 0.00486816 0.454444 0.00973633 0.0933333 0.00407028
0 0.399375 0.251042 0.04125 0.0534722 0.00353813
7 0.69 0.166667 0.00500005 0.0205556 0.00324821
0 0.6625 0.1775 0.0175 0.0316667 0.00322342
0 0.68625 0.212083 0.025 0.0438889 0.0030632
0 0.97125 0.430278 0.0575 0.0988889 0.00242424
0 0.0105664 0.469167 0.0210938 0.0838889 0.00242424
0 0.66375 0.166389 0.0175 0.0294444 0.00214958
0 0.64125 0.144167 0.01375 0.0216667 0.00211525
0 0.0133105 0.477778 0.0264648 0.08 0.00208282
0 0.544375 0.12375 0.014375 0.0197222 0.00208282
0 0.6575 0.162639 0.0175 0.0277778 0.00201988
0 0.477188 0.159722 0.009375 0.0205556 0.00178909
1 0.59875 0.653889 0.4575 0.676667 0.00155449
0 0.00346924 0.44 0.00693848 0.0988889 0.00153065
0 0.980625 0.311111 0.03875 0.0633333 0.00151253
3 0.738125 0.20625 0.0125 0.0452778 0.0014267
0 0.536875 0.135278 0.010625 0.0225 0.00139427
3 0.695 0.171111 0.00499999 0.02 0.00135612
0 0.70125 0.228611 0.035 0.0505556 0.00131989
0 0.96 0.457222 0.08 0.0822222 0.00131989
0 0.435625 0.207222 0.02625 0.0427778 0.00129986
5 0.585313 0.0855556 0.00625 0.0127778 0.00129414
2 0.00341064 0.434444 0.00682129 0.0933333 0.00124931
0 0.399688 0.256944 0.035 0.0533333 0.00121593
7 0.96375 0.928333 0.07 0.138889 0.0011158
0 0.655 0.159722 0.0175 0.0258333 0.00108147
1 0.476563 0.123924 0.02375 0.0965972 0.00107288
0 0.56125 0.102083 0.01 0.0131944 0.00103664
