0 0.935625 0.783333 0.1175 0.208889 0.950195
0 0.0515625 0.620556 0.103125 0.157778 0.948242
0 0.89375 0.515 0.16875 0.133333 0.93457
0 0.0510938 0.345556 0.064375 0.0777778 0.933594
0 0.883125 0.55125 0.08375 0.1575 0.933105
0 0.97375 0.319444 0.0525 0.0716667 0.931641
0 0.3525 0.300556 0.055 0.065 0.929199
0 0.794375 0.301111 0.0737501 0.0611111 0.926758
0 0.92 0.645556 0.1325 0.146667 0.924316
0 0.96625 0.93 0.0675 0.137778 0.921875
0 0.0951563 0.539861 0.08375 0.1425 0.918945
0 0.9325 0.48 0.135 0.115556 0.907227
0 0.399375 0.266389 0.035 0.0516667 0.898438
0 0.725625 0.283611 0.04375 0.0572222 0.896484
0 0.0428906 0.501111 0.0857813 0.112222 0.89502
0 0.696875 0.22 0.02875 0.0505556 0.881836
0 0.429375 0.2325 0.03125 0.0466667 0.867188
0 0.414063 0.251667 0.033125 0.0477778 0.858887
3 0.182188 0.335 0.013125 0.0722222 0.847168
0 0.9575 0.431111 0.085 0.0977778 0.84375
0 0.374375 0.284444 0.03625 0.0566667 0.837402
6 0.525625 0.201944 0.01875 0.0416667 0.808105
0 0.48875 0.170833 0.01875 0.0305556 0.775879
0 0.531875 0.148333 0.01625 0.0216667 0.760742
0 0.71375 0.268333 0.0375 0.0555556 0.746094
0 0.705 0.242361 0.035 0.0502778 0.73877
3 0.267656 0.318056 0.0121875 0.0383333 0.728027
3 0.28125 0.292222 0.0109375 0.0633333 0.697754
0 0.448438 0.208889 0.02875 0.0436111 0.695801
0 0.47375 0.184167 0.02125 0.0369444 0.662109
0 0.54125 0.135 0.01125 0.0202778 0.583008
0 0.0185938 0.721667 0.0371484 0.214444 0.329346
5 0.5675 0.104097 0.00874996 0.0168056 0.230957
0 0.52875 0.145 0.015 0.0244444 0.124634
0 0.505 0.153333 0.0125 0.025 0.124634
0 0.584063 0.105 0.00687497 0.0136111 0.118408
0 0.67875 0.195278 0.0225 0.0361111 0.076416
0 0.440625 0.215833 0.025 0.0422222 0.0287628
0 0.46625 0.191389 0.015 0.0366667 0.0196381
0 0.0037207 0.435556 0.00744141 0.105556 0.018692
0 0.67625 0.191667 0.02375 0.0344444 0.0168457
0 0.0111426 0.473056 0.022168 0.0794445 0.0162201
0 0.71 0.268958 0.02875 0.0476389 0.0157776
0 0.669375 0.183056 0.02 0.03 0.0152512
0 0.53625 0.139306 0.01125 0.0205556 0.0151901
0 0.595625 0.0984722 0.00499999 0.01 0.0139542
3 0.182656 0.339444 0.01 0.0511111 0.0134277
0 0.00876953 0.457778 0.0175195 0.1 0.0109482
0 0.541875 0.127361 0.011875 0.0222222 0.0088501
0 0.66625 0.1775 0.02 0.0288889 0.00658798
0 0.98375 0.419722 0.0325 0.0805556 0.00408554
0 0.66625 0.172778 0.01875 0.0305556 0.00365067
0 0.510625 0.149167 0.01375 0.0225 0.00353813
0 0.66 0.166806 0.0175 0.0286111 0.00344276
0 0.634063 0.130417 0.00875003 0.0158333 0.00337601
0 0.545313 0.125 0.01125 0.0161111 0.00331116
0 0.9925 0.412778 0.015 0.0738889 0.00309944
0 0.4425 0.213611 0.035 0.0522222 0.00298119
0 0.551875 0.116111 0.00812499 0.0116667 0.00286674
0 0.49875 0.16 0.015 0.0283333 0.0026207
0 0.64875 0.149167 0.0125 0.0227778 0.00255013
0 0.63 0.128333 0.00750001 0.0166667 0.00253105
0 0.505 0.146528 0.00999997 0.0252778 0.00226974
0 0.6525 0.157778 0.0125 0.0261111 0.00203514
2 0.00338135 0.423056 0.0067627 0.0888889 0.00195694
0 0.97 0.429167 0.06 0.0955556 0.00185299
0 0.0149609 0.495278 0.0297656 0.0883334 0.00185299
3 0.273438 0.275069 0.030625 0.10875 0.00179577
0 0.96875 0.410556 0.05875 0.0622222 0.00178909
3 0.280938 0.299444 0.014375 0.0838889 0.00171375
0 0.00831543 0.606667 0.0166309 0.117778 0.00165462
2 0.6275 0.132778 0.00687497 0.0125 0.0016489
0 0.464375 0.473889 0.02125 0.02 0.0015974
0 0.98875 0.419444 0.0225 0.0866667 0.00152493
3 0.258125 0.313333 0.01375 0.0472222 0.00145531
7 0.50375 0.44 0.00749998 0.0166667 0.00143242
3 0.37875 0.258056 0.018125 0.0461111 0.0014267
0 0.0162598 0.477778 0.0325195 0.0788889 0.00142097
0 0.514688 0.144444 0.01125 0.0227778 0.00137806
5 0.55875 0.103819 0.00875003 0.01625 0.00130463
0 0.00343262 0.402222 0.00686524 0.0822222 0.00130463
0 0.53125 0.135972 0.01375 0.0230555 0.00121117
7 0.96625 0.93 0.0675 0.137778 0.0012064
0 0.99 0.581667 0.0199999 0.104444 0.0011425
