0 0.421563 0.572222 0.1275 0.16 0.953125
0 0.935625 0.782222 0.1175 0.206667 0.950195
0 0.0515625 0.62 0.103125 0.157778 0.948242
0 0.0510156 0.345556 0.064375 0.0777778 0.935059
0 0.89375 0.515556 0.17 0.133333 0.935059
0 0.97375 0.319444 0.0525 0.0722222 0.932129
0 0.966875 0.93 0.06625 0.137778 0.927734
0 0.88375 0.551111 0.08375 0.156667 0.927246
0 0.79375 0.301111 0.0725 0.0622222 0.925293
0 0.92 0.645556 0.1325 0.146667 0.922363
0 0.0953125 0.539444 0.0829688 0.143333 0.919434
0 0.931875 0.479444 0.13625 0.114444 0.901367
0 0.725 0.282222 0.04375 0.0577778 0.896484
0 0.0427344 0.500833 0.0854688 0.110556 0.892578
0 0.51 0.196667 0.025625 0.0366667 0.890137
0 0.352188 0.300556 0.054375 0.0644445 0.888672
0 0.696875 0.218889 0.02875 0.0494444 0.879883
0 0.625 0.163056 0.02 0.0255556 0.875
0 0.42875 0.2325 0.0325 0.0466667 0.873047
6 0.86875 0.424444 0.075 0.107778 0.865234
0 0.39875 0.266042 0.035 0.05125 0.859863
0 0.9575 0.430833 0.08375 0.0983333 0.851074
0 0.374375 0.283333 0.035 0.0577778 0.829102
0 0.53125 0.149167 0.015 0.02 0.818848
0 0.412813 0.251389 0.0325 0.0461111 0.794434
0 0.488438 0.170278 0.018125 0.03 0.744629
0 0.705625 0.241944 0.035 0.0505555 0.741699
0 0.71375 0.268056 0.03625 0.0561111 0.740234
5 0.58625 0.118611 0.015 0.0288889 0.673828
0 0.447813 0.208333 0.02875 0.045 0.663574
0 0.47375 0.182778 0.02 0.035 0.633301
5 0.567813 0.10375 0.009375 0.0186111 0.57373
2 0.352188 0.314167 0.019375 0.0605555 0.466797
3 0.421875 0.258611 0.0125 0.0605555 0.366699
0 0.0187695 0.718889 0.0375391 0.206667 0.361084
0 0.541563 0.135 0.0112501 0.0205556 0.29248
3 0.351563 0.314444 0.019375 0.0605555 0.252441
0 0.63 0.128611 0.00812499 0.0161111 0.216064
0 0.5975 0.103819 0.00750001 0.0156944 0.212036
5 0.559375 0.130833 0.01 0.025 0.130737
0 0.501563 0.153611 0.01375 0.0244444 0.121704
0 0.428438 0.22875 0.0275 0.0383333 0.0984497
0 0.67875 0.195556 0.0225 0.0361111 0.0687866
0 0.525938 0.143056 0.011875 0.0205556 0.0401001
0 0.510625 0.149583 0.01375 0.0216667 0.0350037
0 0.0113281 0.477222 0.0225 0.0822222 0.0321045
0 0.634375 0.129722 0.01 0.0161111 0.0319824
3 0.420625 0.269444 0.00875003 0.0427778 0.0316772
0 0.624063 0.113576 0.009375 0.0139583 0.0243378
0 0.67 0.184444 0.02125 0.0305556 0.0233307
0 0.440938 0.215833 0.0275 0.0416667 0.0231476
6 0.56 0.131667 0.00999997 0.0244445 0.0228882
0 0.6775 0.189444 0.025 0.0305556 0.0223694
0 0.535625 0.141667 0.00999997 0.0188889 0.0217743
2 0.358125 0.308889 0.030625 0.0655555 0.0205688
0 0.595 0.11125 0.009375 0.0222222 0.0191193
0 0.5425 0.127222 0.0125 0.0227778 0.0184784
3 0.4225 0.262778 0.00749998 0.0716667 0.0140076
0 0.567188 0.113472 0.00750001 0.0136111 0.0139008
0 0.463438 0.19125 0.015625 0.0377778 0.0133286
0 0.53625 0.138611 0.01125 0.0211111 0.0133286
5 0.62375 0.105833 0.01 0.0186111 0.0131226
0 0.71 0.268403 0.03 0.04875 0.0123825
0 0.0156445 0.479444 0.0312891 0.0811111 0.0115967
0 0.505313 0.154722 0.016875 0.0233333 0.00997162
0 0.35875 0.298889 0.04125 0.0511111 0.00952148
0 0.505938 0.200278 0.02375 0.0388889 0.00926971
5 0.566875 0.099375 0.00999997 0.0206944 0.0091629
3 0.454375 0.174167 0.00812499 0.0266667 0.00912476
0 0.72 0.276181 0.0375 0.0565278 0.00888062
0 0.0037207 0.44 0.00744141 0.105556 0.008255
0 0.55875 0.125972 0.00999997 0.0211111 0.00803375
0 0.00899902 0.605556 0.017998 0.115556 0.00790405
0 0.49875 0.161389 0.01625 0.0261111 0.00743103
3 0.93625 0.296111 0.00750001 0.0544444 0.0069313
0 0.443125 0.213472 0.0325 0.0508333 0.00482941
3 0.651875 0.1625 0.00874996 0.0266667 0.00468063
6 0.875625 0.416667 0.0612501 0.0911111 0.00383949
5 0.5875 0.115417 0.015 0.0333333 0.00355148
3 0.406563 0.215278 0.00750001 0.0305556 0.00353813
0 0.635 0.124444 0.00999997 0.0177778 0.00351143
0 0.98375 0.419444 0.0325 0.08 0.00345612
3 0.405625 0.269167 0.02 0.0561111 0.00317192
0 0.5125 0.145417 0.0125 0.0236111 0.0030632
0 0.470938 0.187778 0.018125 0.0405556 0.00298119
0 0.65875 0.166111 0.0125 0.0288889 0.0028553
0 0.993125 0.411667 0.0137499 0.0733333 0.00276756
3 0.67375 0.156667 0.00499999 0.0202778 0.00269318
0 0.6475 0.1525 0.00999997 0.0272222 0.00256157
0 0.66125 0.163889 0.02 0.0305556 0.00251198
6 0.344375 0.305556 0.03625 0.0588889 0.00243378
3 0.3775 0.256042 0.01625 0.0401389 0.0024147
0 0.675 0.193056 0.0225 0.035 0.00239754
0 0.99125 0.574583 0.0175 0.0908334 0.00203514
0 0.505313 0.146944 0.010625 0.0255555 0.00195694
3 0.41125 0.269514 0.01625 0.0620833 0.00184631
0 0.629375 0.131944 0.010625 0.0161111 0.00181007
0 0.548125 0.129583 0.00750001 0.0222222 0.00174809
0 0.99 0.419444 0.0199999 0.0877778 0.00168133
0 0.653125 0.161389 0.01 0.0272222 0.00161076
0 0.666875 0.169722 0.02 0.0322222 0.00160408
5 0.559375 0.104792 0.01125 0.0198611 0.00146675
0 0.708125 0.244583 0.04375 0.0608333 0.00142097
0 0.642656 0.141667 0.0146875 0.0222222 0.00136662
3 0.6575 0.181111 0.00625 0.0244444 0.00118828
7 0.96625 0.93 0.0675 0.137778 0.00117397
0 0.0116699 0.516667 0.0233008 0.08 0.00103188
