0 0.0461719 0.606111 0.0923438 0.16 0.949219
0 0.926875 0.772222 0.1175 0.206667 0.946289
0 0.0418359 0.333889 0.0642188 0.0766667 0.941895
0 0.7725 0.290833 0.0675001 0.0638889 0.941406
0 0.875 0.54 0.0825 0.154444 0.936523
0 0.0881445 0.526111 0.0790234 0.14 0.933105
0 0.343438 0.288611 0.055625 0.0633334 0.930664
0 0.88625 0.503889 0.17 0.133333 0.927734
0 0.91125 0.633333 0.13 0.142222 0.925293
0 0.929375 0.468056 0.14125 0.109444 0.915527
0 0.9625 0.926667 0.0725 0.144444 0.911133
0 0.97 0.310278 0.06 0.0705556 0.905273
0 0.71625 0.271944 0.0425 0.0555556 0.902832
3 0.81875 0.777778 0.04 0.215556 0.881836
0 0.0368164 0.485833 0.0736328 0.106111 0.869629
0 0.419688 0.221389 0.03125 0.0436111 0.867188
0 0.6875 0.207222 0.0275 0.0477778 0.864258
0 0.389375 0.253889 0.035 0.0516667 0.85791
0 0.365625 0.271667 0.03375 0.0555556 0.847168
0 0.5225 0.136944 0.015 0.0205556 0.812988
0 0.953438 0.424444 0.093125 0.104444 0.810547
0 0.705625 0.257292 0.0362501 0.0565278 0.809082
6 0.88875 0.328056 0.0725 0.0811111 0.807617
0 0.4 0.24 0.03125 0.0483333 0.786621
0 0.468438 0.170556 0.01875 0.0294444 0.743164
0 0.6125 0.125417 0.01375 0.0161111 0.715332
0 0.478125 0.159722 0.01875 0.0294444 0.662109
0 0.438125 0.196111 0.025 0.0411111 0.618652
6 0.92875 0.351389 0.05 0.0638889 0.568848
0 0.70125 0.233889 0.0325 0.05 0.523438
0 0.53125 0.122778 0.01125 0.0188889 0.458984
2 0.92875 0.353611 0.0449999 0.0655556 0.458984
0 0.611563 0.123056 0.0125 0.0194445 0.424316
0 0.528125 0.123889 0.01 0.0161111 0.240112
0 0.61 0.121389 0.01125 0.0188889 0.15979
0 0.39375 0.249167 0.031875 0.0488889 0.155029
2 0.9375 0.334444 0.04 0.0511111 0.145142
0 0.695625 0.231528 0.0325 0.0486111 0.143677
2 0.931875 0.345 0.04625 0.0633333 0.137939
0 0.66875 0.182361 0.0225 0.0388889 0.133911
0 0.613125 0.0998611 0.00750001 0.01375 0.0809326
0 0.69375 0.224722 0.025 0.0436111 0.0806274
0 0.00939453 0.562222 0.0186523 0.0922222 0.0668335
0 0.0145898 0.697222 0.0291016 0.181111 0.064209
2 0.93125 0.328889 0.0475 0.0677778 0.0552063
0 0.98875 0.427778 0.0225 0.0955556 0.0467224
0 0.0110547 0.585556 0.0221094 0.126667 0.0446777
0 0.6125 0.127222 0.01125 0.0177778 0.0383301
0 0.6325 0.130278 0.0125 0.0188889 0.0368958
0 0.458125 0.181667 0.02 0.0305556 0.033844
3 0.72375 0.194167 0.00625 0.025 0.0222931
3 0.92625 0.308611 0.0125 0.0705556 0.0219421
0 0.98125 0.425556 0.0374999 0.0955555 0.0216217
2 0.9425 0.333611 0.03 0.0466667 0.0212097
3 0.926875 0.293889 0.01125 0.0522222 0.0206451
0 0.655 0.164722 0.02 0.0288889 0.0183411
0 0.0135938 0.568889 0.0271875 0.0944444 0.0146713
0 0.460313 0.178889 0.01625 0.0266667 0.014389
0 0.991875 0.415278 0.01625 0.08 0.0136871
3 0.725625 0.195556 0.00499999 0.0294444 0.0135345
0 0.658125 0.170556 0.0175 0.0322222 0.0108185
0 0.6325 0.134167 0.0125 0.02 0.0104065
0 0.488125 0.15 0.01625 0.0266667 0.00871277
3 0.735 0.197361 0.00750001 0.0358333 0.0085144
0 0.673125 0.188333 0.0225 0.0411111 0.00841522
0 0.495 0.1425 0.01125 0.0233333 0.00725937
0 0.623125 0.119167 0.00875003 0.015 0.00626373
0 0.5425 0.104306 0.00874996 0.0161111 0.00624084
0 0.53875 0.115556 0.01375 0.0194444 0.00544739
0 0.0217383 0.575 0.0434766 0.102222 0.00534439
0 0.443438 0.193889 0.025 0.0372222 0.00510025
0 0.608125 0.103889 0.00874996 0.0136111 0.00443268
0 0.6325 0.124444 0.01125 0.0188889 0.00385475
2 0.926875 0.362778 0.04 0.0516667 0.0037365
1 0.125391 0.223056 0.227969 0.441667 0.00359344
0 0.929375 0.346111 0.04875 0.0611111 0.00348282
0 0.88875 0.31 0.0625 0.0483333 0.00309944
0 0.646094 0.149167 0.0178125 0.0255556 0.00304031
0 0.38125 0.250278 0.04125 0.0588889 0.00302696
0 0.640156 0.139444 0.0146875 0.0238889 0.00293541
3 0.164688 0.264722 0.00687501 0.0333333 0.00290108
0 0.7 0.243333 0.0325 0.0538889 0.00279045
0 0.70625 0.266944 0.03375 0.0522222 0.00261116
0 0.435 0.205833 0.0225 0.0411111 0.00259018
3 0.84625 0.271944 0.01375 0.0672222 0.00239754
2 0.94 0.313056 0.0375 0.0705556 0.00230598
0 0.48125 0.158333 0.019375 0.0286111 0.00223351
0 0.9675 0.446667 0.065 0.0833333 0.00218201
3 0.800625 0.242222 0.0125 0.0455556 0.00216484
3 0.9175 0.314722 0.055 0.0761111 0.00209999
3 0.966875 0.293889 0.0175 0.0555556 0.00202751
0 0.9925 0.459444 0.015 0.0833333 0.0019722
0 0.459688 0.171389 0.02625 0.035 0.00189686
3 0.167813 0.263958 0.00687501 0.0343055 0.00181007
3 0.8025 0.241111 0.00999997 0.0422222 0.0015974
0 0.989375 0.304722 0.02125 0.065 0.00158501
0 0.65875 0.165556 0.0199999 0.0313889 0.00157928
0 0.480625 0.149722 0.01625 0.0305556 0.00151253
3 0.72875 0.19 0.0125 0.0966667 0.00146675
3 0.73875 0.203333 0.00999997 0.0386111 0.00140476
2 0.92875 0.299722 0.0175001 0.0566667 0.00130463
0 0.98375 0.306111 0.0325 0.0644445 0.0012598
0 0.68125 0.211389 0.03 0.0516667 0.00117874
3 0.716875 0.1875 0.00625 0.0222222 0.0011425
0 0.65875 0.176944 0.00999997 0.0308333 0.0011034
7 0.04625 0.606667 0.0915625 0.158889 0.00106525
3 0.395625 0.2 0.00874999 0.0322222 0.00102425
