0 0.0459375 0.606111 0.091875 0.158889 0.94873
0 0.926875 0.772222 0.1175 0.207778 0.946289
0 0.0414453 0.333333 0.0639844 0.0755556 0.940918
0 0.87375 0.540139 0.0825 0.155278 0.938965
0 0.342813 0.288611 0.055 0.0638889 0.928223
0 0.885625 0.503333 0.17125 0.134444 0.928223
0 0.97 0.31 0.06 0.0711111 0.927246
0 0.0878906 0.526111 0.0789063 0.141111 0.92627
0 0.7725 0.291667 0.065 0.0622222 0.924316
0 0.91125 0.634444 0.13 0.144444 0.923828
0 0.92875 0.467778 0.1425 0.11 0.916504
0 0.9625 0.926667 0.0725 0.144444 0.908691
0 0.71625 0.271944 0.0425 0.0561111 0.879883
0 0.6875 0.208333 0.02875 0.05 0.870605
0 0.0375586 0.486111 0.0751172 0.106667 0.870605
0 0.419063 0.221111 0.031875 0.0444445 0.852051
0 0.389375 0.254722 0.035 0.0511111 0.847168
0 0.365 0.272222 0.035 0.0561111 0.84082
0 0.5225 0.136528 0.015625 0.0213889 0.836426
0 0.704375 0.257222 0.035 0.055 0.818848
0 0.95375 0.425 0.0925 0.106667 0.817383
2 0.54 0.157639 0.015 0.0294444 0.782715
0 0.400625 0.239722 0.03 0.0477778 0.774414
2 0.735 0.302778 0.03 0.0588889 0.725098
0 0.608438 0.114306 0.013125 0.0163889 0.713867
0 0.437188 0.196667 0.02625 0.0427778 0.713867
0 0.468438 0.170694 0.019375 0.0291667 0.708984
3 0.733125 0.237917 0.01 0.0519444 0.684082
0 0.478125 0.160833 0.01875 0.0288889 0.668945
0 0.531875 0.123056 0.013125 0.0208333 0.505859
0 0.7 0.234167 0.0325 0.0488889 0.407227
3 0.725 0.19625 0.00625 0.0225 0.242188
3 0.72625 0.19625 0.00499999 0.0275 0.122131
0 0.5275 0.125 0.01 0.0177778 0.11676
5 0.588125 0.0806945 0.00750001 0.0116667 0.106323
3 0.734375 0.216806 0.00874996 0.0463889 0.0917358
0 0.011377 0.565417 0.0227148 0.0913888 0.0917358
0 0.66875 0.181944 0.0225 0.0386111 0.0747681
0 0.693125 0.226389 0.025 0.0455556 0.0684204
0 0.4575 0.181389 0.02125 0.0327778 0.0651245
0 0.0122949 0.587917 0.0245898 0.1175 0.0623169
3 0.71625 0.184861 0.00499999 0.0219445 0.0598755
0 0.014082 0.697778 0.0280859 0.184444 0.0501404
0 0.0187109 0.572778 0.0374219 0.0933333 0.0463867
0 0.00854492 0.555 0.0170313 0.0911111 0.0313721
3 0.72875 0.204167 0.00499999 0.0402778 0.03125
3 0.738125 0.217083 0.00750001 0.0488889 0.0241852
3 0.73625 0.2 0.00750001 0.0433333 0.0235138
0 0.655 0.165 0.02 0.03 0.0188293
2 0.736875 0.297778 0.025 0.0511111 0.0172424
3 0.714375 0.176389 0.00499999 0.0236111 0.0167236
0 0.539062 0.156111 0.014375 0.0305556 0.0166626
0 0.99 0.419444 0.0199999 0.0883333 0.0150146
0 0.6575 0.170556 0.0175 0.0327778 0.0138474
3 0.93 0.295556 0.00999997 0.0433333 0.0133286
0 0.488125 0.149722 0.016875 0.0261111 0.0126266
3 0.163906 0.264167 0.00750001 0.0338889 0.0120544
3 0.74125 0.2525 0.00999997 0.0461111 0.00812531
0 0.38375 0.250833 0.04 0.0566667 0.00641251
0 0.494063 0.143611 0.013125 0.0238889 0.00591278
0 0.613125 0.102569 0.00750001 0.0148611 0.00538635
0 0.645 0.148611 0.015 0.0244445 0.0051384
5 0.60375 0.0790278 0.00750001 0.0122222 0.00508118
0 0.62375 0.117361 0.01125 0.0155556 0.0049057
0 0.67375 0.189167 0.0225 0.0405556 0.00462723
0 0.97875 0.426667 0.0425 0.102222 0.00395966
0 0.65875 0.17625 0.0125 0.0311111 0.0037365
0 0.605625 0.107222 0.00875003 0.0191667 0.00337601
0 0.733125 0.300556 0.02875 0.0644445 0.00316048
0 0.00476807 0.453333 0.00949707 0.0705555 0.0029583
0 0.63375 0.133056 0.0125 0.0233333 0.00275803
0 0.541563 0.104167 0.009375 0.0163889 0.00271416
2 0.73125 0.2375 0.01375 0.0505556 0.00245285
0 0.4825 0.147778 0.015 0.0277778 0.00237846
0 0.0122656 0.542361 0.0242578 0.119722 0.00232315
2 0.72 0.253333 0.035 0.0566667 0.00221634
0 0.658125 0.165 0.02 0.0319444 0.00219154
0 0.459375 0.172222 0.0275 0.0369445 0.00206757
0 0.00727051 0.458611 0.014541 0.0761111 0.00195694
0 0.571875 0.0799306 0.00750001 0.0115278 0.00175476
3 0.8 0.241944 0.0125001 0.0483333 0.00174141
3 0.72625 0.183333 0.00750001 0.0433333 0.00171375
0 0.99125 0.303056 0.0175 0.0661111 0.00165462
0 0.641875 0.142222 0.01375 0.0247222 0.00162315
0 0.956875 0.408333 0.085 0.0766667 0.00151253
0 0.48125 0.159028 0.01875 0.0288889 0.00146103
0 0.69625 0.229028 0.0375 0.0497222 0.00145531
3 0.8025 0.240833 0.00999997 0.045 0.00139904
0 0.44375 0.194306 0.024375 0.0383333 0.00135136
0 0.9825 0.305278 0.035 0.0638889 0.00131512
0 0.63375 0.12625 0.0125 0.0216667 0.00123501
0 0.71 0.269514 0.04 0.0509722 0.00123501
0 0.42125 0.20625 0.031875 0.0388889 0.00122547
0 0.465625 0.168611 0.02375 0.0338889 0.00119209
0 0.532813 0.110868 0.011875 0.024375 0.00117874
0 0.54 0.117917 0.0112501 0.0183333 0.00112438
0 0.0109375 0.506667 0.0217578 0.0811111 0.00106049
7 0.0461719 0.606667 0.0910938 0.157778 0.00105667
3 0.73125 0.174028 0.01 0.0736111 0.00104046
0 0.64125 0.146667 0.01375 0.0238889 0.00102806
0 0.514375 0.132639 0.0125 0.0244445 0.00101662
