0 0.0437598 0.337778 0.0643555 0.0777778 0.947754
0 0.0478125 0.610556 0.095 0.158889 0.946777
0 0.93 0.773889 0.1175 0.208889 0.945801
0 0.87625 0.542222 0.0825 0.155556 0.941406
0 0.8875 0.506667 0.17 0.133333 0.930664
0 0.345547 0.291667 0.0539063 0.0644445 0.927246
0 0.97125 0.312778 0.0575 0.0722222 0.926758
0 0.91375 0.638889 0.1325 0.146667 0.923828
0 0.96375 0.926667 0.0725 0.144444 0.919434
0 0.0875781 0.529444 0.084375 0.142222 0.908203
0 0.93 0.470278 0.14 0.11 0.905273
0 0.71875 0.274167 0.04375 0.0566667 0.903809
0 0.0396484 0.490833 0.0792969 0.110556 0.895508
0 0.391563 0.257778 0.036875 0.0527778 0.888184
0 0.69 0.211667 0.0300001 0.05 0.880859
0 0.366875 0.275278 0.034375 0.0555556 0.855957
0 0.422188 0.223056 0.030625 0.0463889 0.851074
0 0.407188 0.242778 0.031875 0.0444444 0.834473
0 0.954688 0.425556 0.0906249 0.103333 0.823242
3 0.209375 0.340556 0.0140625 0.0788889 0.813965
0 0.524688 0.140694 0.015625 0.0183333 0.806641
0 0.708125 0.260069 0.035 0.0565278 0.804199
6 0.48625 0.204861 0.02 0.0458333 0.799316
2 0.580313 0.291111 0.028125 0.0655556 0.782227
0 0.7 0.233333 0.03375 0.0516667 0.777344
0 0.440625 0.200278 0.02625 0.0413889 0.700684
5 0.576875 0.0897222 0.01125 0.0269444 0.684082
0 0.470625 0.174722 0.020625 0.0316667 0.677246
0 0.480938 0.159028 0.016875 0.0269444 0.656738
0 0.534375 0.126944 0.01125 0.0205556 0.361084
0 0.0153125 0.711111 0.0305078 0.208889 0.294189
0 0.532813 0.124722 0.011875 0.0213889 0.204346
0 0.43625 0.206389 0.02375 0.0422222 0.171631
0 0.67125 0.185556 0.025 0.0422222 0.0997925
0 0.695 0.22875 0.02875 0.0491667 0.0977173
0 0.456875 0.185833 0.02 0.0338889 0.0453491
0 0.7075 0.2675 0.03 0.0472222 0.0253754
0 0.52 0.132917 0.01125 0.0177778 0.0238647
0 0.990625 0.417222 0.0187499 0.0822222 0.0231476
0 0.988125 0.429444 0.02375 0.0977778 0.0185394
0 0.9925 0.411944 0.015 0.0705556 0.0165863
0 0.567188 0.0882639 0.00750001 0.0166667 0.0158386
0 0.490625 0.148056 0.01375 0.0241667 0.0113754
3 0.2125 0.324722 0.0125 0.065 0.0113754
0 0.496563 0.140972 0.01125 0.0205556 0.00952148
3 0.73875 0.204167 0.00750001 0.035 0.00790405
0 0.425938 0.21875 0.03875 0.0511111 0.0069046
0 0.656875 0.177083 0.01125 0.0283333 0.00616837
0 0.985 0.418333 0.03 0.0816667 0.00553513
0 0.615625 0.0993056 0.00687504 0.0130556 0.00498199
3 0.73625 0.204028 0.00750001 0.0275 0.00443268
0 0.9825 0.429444 0.035 0.0988889 0.00443268
0 0.65875 0.177222 0.0175001 0.0294444 0.00353813
0 0.653125 0.158056 0.01625 0.0258333 0.00352478
0 0.540313 0.115694 0.01125 0.0186111 0.00329781
0 0.66 0.164444 0.02 0.0305556 0.00286674
0 0.96125 0.408333 0.0775 0.0744444 0.00279999
0 0.54375 0.107361 0.00874996 0.0186111 0.00245285
3 0.69625 0.175 0.00749995 0.03 0.0024147
0 0.634375 0.129583 0.015 0.0247222 0.00235939
0 0.624375 0.115313 0.00999997 0.0154861 0.00230598
0 0.649375 0.157222 0.0137499 0.0233333 0.00198746
0 0.51625 0.123472 0.01 0.0177778 0.00194168
3 0.72625 0.198611 0.00499999 0.0255555 0.00191212
0 0.5525 0.101458 0.00812505 0.0119444 0.00175476
0 0.455 0.1925 0.02375 0.04 0.0017004
0 0.524688 0.125 0.00750001 0.0188889 0.00169373
0 0.645625 0.156389 0.0125 0.0233333 0.00167465
0 0.5 0.135278 0.0125 0.0205556 0.0016489
0 0.96875 0.398333 0.055 0.055 0.00148964
0 0.538438 0.126944 0.015 0.0194444 0.00144386
0 0.99375 0.304444 0.0124999 0.0633333 0.00132465
0 0.4675 0.183611 0.02125 0.0369445 0.00129986
5 0.574375 0.0911806 0.011875 0.0245833 0.00123978
3 0.715 0.183333 0.00500005 0.0244445 0.00121593
5 0.60375 0.0758333 0.00625 0.0155556 0.0011158
7 0.96375 0.926667 0.07125 0.144444 0.00109863
0 0.5 0.143194 0.01 0.0219444 0.00108624
0 0.0109766 0.596667 0.0219531 0.12 0.00103188
