0 0.0523828 0.621111 0.104297 0.155556 0.948242
0 0.93625 0.783333 0.1175 0.208889 0.947754
0 0.975 0.320556 0.0499999 0.0711111 0.934082
0 0.10873 0.377778 0.117539 0.0755556 0.932617
0 0.895 0.515 0.17 0.133333 0.931641
0 0.9675 0.931111 0.065 0.135556 0.926758
0 0.795 0.301111 0.07375 0.0605556 0.925293
0 0.095625 0.540139 0.084375 0.144167 0.925293
0 0.88375 0.552778 0.08375 0.156667 0.924316
0 0.0519531 0.345833 0.0657813 0.0783333 0.922363
0 0.920625 0.645556 0.13125 0.146667 0.921875
0 0.4 0.267222 0.035 0.0522222 0.90332
0 0.933125 0.480556 0.13375 0.115556 0.90332
0 0.373125 0.286667 0.0425 0.06 0.900391
0 0.72625 0.283889 0.0425 0.0577778 0.896484
0 0.430313 0.232778 0.030625 0.0466667 0.871582
0 0.6975 0.219306 0.03 0.0486111 0.866211
0 0.414375 0.251111 0.031875 0.0461111 0.863281
0 0.532188 0.149444 0.015625 0.02 0.847168
0 0.9575 0.43 0.08375 0.0977778 0.837402
5 0.56 0.116528 0.0125 0.0225 0.825684
0 0.4475 0.209167 0.02625 0.0433333 0.730957
0 0.70625 0.240556 0.035 0.0533333 0.730957
0 0.715 0.267778 0.0375 0.0566667 0.729492
0 0.474063 0.184444 0.021875 0.0366667 0.710449
0 0.488125 0.170556 0.01875 0.0311111 0.65332
0 0.5425 0.136111 0.0125 0.0191667 0.600098
0 0.019209 0.714444 0.038418 0.195556 0.5
0 0.53875 0.139167 0.01125 0.0183333 0.0682983
0 0.420625 0.246111 0.025 0.0483333 0.0646362
0 0.67375 0.189444 0.02 0.0316667 0.0637207
0 0.501875 0.154583 0.01375 0.025 0.0560303
0 0.465625 0.191806 0.0175 0.0375 0.0534058
0 0.4425 0.214444 0.025 0.0430556 0.0460205
0 0.53625 0.140417 0.0125 0.0208333 0.0372009
0 0.5275 0.144444 0.01125 0.0216667 0.0306702
0 0.67625 0.195 0.02 0.0344445 0.0290833
0 0.71 0.268958 0.02625 0.0465278 0.0216217
7 0.35625 0.771111 0.00500002 0.0155555 0.0182648
0 0.545313 0.124583 0.011875 0.0194444 0.016983
0 0.9725 0.416944 0.055 0.0733333 0.0161591
0 0.49875 0.161111 0.015625 0.0266667 0.0104904
0 0.575625 0.100556 0.00499999 0.0111111 0.01017
0 0.0154883 0.602778 0.0309375 0.118889 0.00926971
0 0.65625 0.165278 0.015 0.0236111 0.00728989
0 0.664375 0.174722 0.01875 0.0277778 0.00701141
0 0.545625 0.126944 0.01375 0.02 0.0069313
0 0.66375 0.169722 0.0175 0.0288889 0.00669098
0 0.0225391 0.608333 0.0450781 0.132222 0.00559998
0 0.505 0.154167 0.015 0.0236111 0.0049057
0 0.68 0.203889 0.015 0.0316667 0.00358009
0 0.0330859 0.592222 0.0661719 0.108889 0.00345612
0 0.0109668 0.603333 0.0218945 0.115556 0.00332451
3 0.63625 0.133333 0.00625 0.0155556 0.00312424
0 0.71625 0.253611 0.04 0.0583333 0.0029583
5 0.561562 0.109722 0.01125 0.0222222 0.00279045
0 0.44125 0.212778 0.035 0.0533333 0.00260162
0 0.51 0.150278 0.013125 0.0225 0.00259018
5 0.56 0.112639 0.01375 0.0283333 0.00252151
0 0.99375 0.411111 0.0124999 0.0688889 0.002388
0 0.663125 0.18 0.0175 0.0283333 0.00214958
3 0.6525 0.165 0.00999997 0.0216667 0.00205803
3 0.630625 0.125694 0.00625 0.0133333 0.00185299
0 0.00296631 0.416111 0.00593262 0.0622222 0.00157356
3 0.636875 0.150694 0.00625 0.0180556 0.00152493
0 0.580625 0.101458 0.00999997 0.00958334 0.00145531
0 0.96625 0.410556 0.065 0.0633333 0.00144958
0 0.65375 0.160556 0.0125 0.0261111 0.00142097
0 0.6625 0.164167 0.02 0.0302778 0.00138855
0 0.70125 0.222778 0.035 0.0427778 0.00135612
0 0.244063 0.858889 0.094375 0.167778 0.00132465
7 0.315625 0.76 0.00562499 0.0144444 0.00124454
3 0.695625 0.167778 0.00499999 0.025 0.00123501
3 0.70375 0.174444 0.00625 0.0277778 0.00105667
0 0.0031665 0.427778 0.00633301 0.0655556 0.00104809
0 0.4625 0.474444 0.02875 0.0261111 0.00104046
2 0.624063 0.113611 0.00562503 0.0133333 0.00101662
