0 0.935625 0.782222 0.1175 0.206667 0.950684
0 0.0515625 0.62 0.103125 0.156667 0.947754
0 0.89375 0.515278 0.16875 0.132778 0.935059
0 0.974375 0.319167 0.05125 0.0716667 0.932617
0 0.44 0.343333 0.12125 0.0866667 0.930664
0 0.966875 0.93 0.06625 0.137778 0.930664
0 0.88375 0.551111 0.08375 0.156667 0.928223
0 0.79375 0.300556 0.07375 0.0611111 0.924805
0 0.0516016 0.345556 0.0627344 0.0772222 0.922363
0 0.92 0.645556 0.1325 0.146667 0.921875
0 0.0953906 0.54 0.0832812 0.142222 0.920898
0 0.93125 0.479722 0.1375 0.115 0.90332
0 0.0427344 0.499444 0.0854688 0.113333 0.898438
0 0.352813 0.301944 0.055625 0.0672222 0.897461
0 0.725625 0.283611 0.0425 0.0572222 0.895508
0 0.399375 0.265625 0.035 0.0509722 0.88623
0 0.696875 0.219167 0.02875 0.0497222 0.880859
5 0.0116406 0.331667 0.0228516 0.197778 0.880859
0 0.633438 0.192639 0.023125 0.0333333 0.872559
0 0.42875 0.232778 0.03125 0.0472222 0.856934
6 0.865625 0.425833 0.07625 0.107778 0.841797
0 0.9575 0.431111 0.08375 0.0988889 0.841797
0 0.374688 0.283889 0.036875 0.0566667 0.833496
0 0.531875 0.148611 0.01625 0.0205556 0.811523
0 0.41375 0.251111 0.0325 0.0461111 0.806641
0 0.520625 0.177222 0.03 0.0311111 0.773438
0 0.705625 0.241944 0.035 0.0505555 0.73877
3 0.427813 0.261389 0.00812499 0.06 0.73584
0 0.71375 0.268264 0.0375 0.0556944 0.733887
0 0.48875 0.17 0.0175 0.0305556 0.708984
0 0.448125 0.208889 0.0275 0.0433333 0.697754
0 0.47375 0.183472 0.02125 0.0355555 0.658203
0 0.541563 0.135139 0.0112501 0.0197222 0.609375
3 0.358438 0.308889 0.01625 0.06 0.554688
0 0.0186719 0.721111 0.0373047 0.211111 0.464844
0 0.59625 0.113611 0.00875003 0.0163889 0.246582
0 0.562813 0.1275 0.00750001 0.0188889 0.245117
3 0.41875 0.259444 0.02625 0.0633333 0.230225
5 0.568125 0.10375 0.00875003 0.0163889 0.206299
5 0.618125 0.113854 0.031875 0.0328472 0.173828
0 0.562188 0.125139 0.00687497 0.0194445 0.0878906
0 0.67875 0.196111 0.0225 0.0366667 0.0520325
0 0.67 0.183889 0.02 0.0297222 0.037323
0 0.535 0.140694 0.01375 0.0211111 0.0361633
0 0.50625 0.151389 0.0125 0.0222222 0.0358276
0 0.440625 0.216806 0.02625 0.0408333 0.0337219
0 0.526875 0.1425 0.0125 0.0208333 0.0309143
0 0.71875 0.274167 0.035 0.055 0.0258636
0 0.67625 0.189444 0.025 0.0311111 0.0241394
0 0.55375 0.119722 0.00750001 0.0141667 0.0224609
5 0.0119141 0.381667 0.0238281 0.316667 0.0212097
5 0.010752 0.356667 0.0213867 0.142222 0.0174408
0 0.465 0.191528 0.01375 0.0366667 0.0164642
0 0.71 0.268611 0.02875 0.0477778 0.0161591
0 0.5425 0.127222 0.01125 0.0216667 0.0152512
0 0.607188 0.116389 0.00749995 0.0205556 0.0137405
0 0.510938 0.15 0.01375 0.0233333 0.0108566
0 0.430625 0.22625 0.03 0.0430556 0.0069313
0 0.6575 0.164167 0.015 0.0261111 0.00582123
0 0.00343018 0.413889 0.00686035 0.105556 0.00538635
0 0.00944336 0.605556 0.0188867 0.117778 0.00494385
0 0.63 0.124167 0.009375 0.0211111 0.00471878
3 0.42125 0.266944 0.01625 0.05 0.00471878
0 0.0116113 0.480278 0.0231055 0.0777778 0.00469971
0 0.544688 0.129722 0.011875 0.0183333 0.00446701
0 0.00420898 0.39 0.00841797 0.0922222 0.00419998
0 0.00510742 0.458889 0.0102148 0.0833334 0.00407028
0 0.4425 0.213472 0.0325 0.0513889 0.00400543
0 0.00426758 0.431389 0.00853516 0.116111 0.00387001
0 0.47125 0.187222 0.01875 0.0413889 0.00353813
0 0.9925 0.411667 0.015 0.0711111 0.00349617
0 0.646094 0.150139 0.0128125 0.0230555 0.00332451
0 0.7175 0.252292 0.0425 0.05875 0.00240517
0 0.505 0.144444 0.00875003 0.0216667 0.00234985
0 0.98375 0.420556 0.0325 0.0822222 0.00228691
0 0.522188 0.165833 0.030625 0.0255556 0.00228691
0 0.633125 0.130556 0.01 0.0177778 0.00211525
0 0.70875 0.244167 0.0449999 0.0605556 0.00211525
0 0.499375 0.172222 0.015 0.0333333 0.00192642
0 0.628125 0.132639 0.00750001 0.0127778 0.00185299
3 0.377188 0.256042 0.01625 0.0423611 0.00182438
0 0.65125 0.1575 0.0125 0.0272222 0.00178242
3 0.349063 0.303333 0.040625 0.0677778 0.00173378
0 0.66 0.163889 0.02 0.0311111 0.00171375
3 0.93625 0.280069 0.00750001 0.0809722 0.00162888
0 0.0140039 0.493889 0.0278906 0.09 0.00162888
3 0.35625 0.314444 0.024375 0.0627778 0.00162315
3 0.358125 0.324444 0.0175 0.0766667 0.00150681
3 0.40625 0.21875 0.00749998 0.0347222 0.0014782
0 0.9725 0.410556 0.0525 0.0627778 0.00146103
5 0.559063 0.103194 0.010625 0.0180556 0.00144386
0 0.0121094 0.519444 0.0241406 0.0766667 0.0014267
0 0.99 0.42 0.0199999 0.0877778 0.00137234
0 0.595313 0.110139 0.01 0.0233333 0.00125504
0 0.5675 0.0995139 0.01 0.0215278 0.00124454
7 0.96625 0.93 0.0675 0.137778 0.00123024
3 0.6525 0.161389 0.00999997 0.0238889 0.00123024
0 0.63375 0.124444 0.00875003 0.0194445 0.00121593
3 0.365 0.295 0.03 0.0544444 0.00121117
0 0.51375 0.14375 0.0125 0.0219444 0.00119686
3 0.43 0.260556 0.011875 0.065 0.00119209
3 0.93125 0.275 0.0125 0.0788889 0.00118828
0 0.66375 0.182222 0.02 0.0266667 0.00117874
3 0.67375 0.156806 0.00625 0.0180556 0.0011158
0 0.5325 0.135417 0.0125 0.0230556 0.00104809
