0 0.935625 0.782222 0.1175 0.206667 0.949707
0 0.0516016 0.62 0.103203 0.157778 0.94873
0 0.89375 0.515 0.17 0.133333 0.93457
0 0.97375 0.318889 0.0525 0.0722222 0.933594
0 0.0509375 0.345833 0.064375 0.0783333 0.933594
0 0.88375 0.550556 0.085 0.156667 0.932617
0 0.3525 0.300278 0.055 0.0644445 0.926758
0 0.92 0.645556 0.1325 0.146667 0.926758
0 0.966875 0.93 0.06625 0.137778 0.926758
0 0.79375 0.300556 0.0725 0.0611111 0.922852
0 0.0950781 0.54 0.0835938 0.143333 0.920898
0 0.9325 0.48 0.135 0.114444 0.906738
6 0.2175 0.357222 0.0428125 0.0933333 0.900391
0 0.725625 0.283889 0.0425 0.0577778 0.896973
0 0.39875 0.266389 0.03625 0.0516667 0.894043
0 0.0425 0.501111 0.085 0.111111 0.893066
0 0.696875 0.218889 0.02875 0.0488889 0.879883
0 0.428438 0.232639 0.0325 0.0469444 0.866211
3 0.67375 0.296111 0.015 0.0722222 0.858887
0 0.414063 0.251667 0.033125 0.0472222 0.853027
0 0.9575 0.430556 0.085 0.0988889 0.852051
0 0.374375 0.283889 0.03625 0.0566667 0.849121
0 0.53125 0.149444 0.015 0.02 0.818848
0 0.489063 0.17 0.018125 0.0311111 0.744629
0 0.71375 0.268264 0.0375 0.0556944 0.737305
0 0.705 0.241111 0.035 0.0516667 0.733887
0 0.448125 0.208611 0.02875 0.0438889 0.679199
0 0.473125 0.183889 0.021875 0.0366667 0.62793
0 0.54125 0.135417 0.0125 0.0197222 0.498047
0 0.0186914 0.72 0.0373438 0.208889 0.44165
5 0.5675 0.104444 0.00874996 0.0166667 0.416748
0 0.585 0.104931 0.00750001 0.0120833 0.250977
0 0.505 0.153889 0.01375 0.0244445 0.103394
0 0.67875 0.196111 0.0225 0.0355556 0.0651245
3 0.375625 0.250972 0.01 0.0402778 0.0630493
0 0.440313 0.216667 0.02625 0.0411111 0.0298767
0 0.527188 0.145 0.011875 0.0227778 0.0262604
0 0.00357666 0.435 0.00715332 0.1 0.0232391
0 0.669375 0.183472 0.02 0.0291667 0.0223694
0 0.466875 0.19125 0.01625 0.0369445 0.0200958
0 0.676875 0.190833 0.02375 0.0305556 0.0181885
0 0.00757813 0.458889 0.0151172 0.0933333 0.0158386
0 0.0106641 0.475556 0.0212109 0.0766667 0.0157166
0 0.00873047 0.606111 0.0174609 0.116667 0.00952148
0 0.72 0.275833 0.035 0.0555556 0.00912476
0 0.509688 0.150694 0.01375 0.0225 0.00714874
0 0.5425 0.128889 0.0125 0.0255556 0.00609589
0 0.53875 0.137778 0.00875003 0.0194444 0.00572968
0 0.705 0.268958 0.0225 0.0476389 0.0055542
0 0.443438 0.213611 0.0325 0.0511111 0.00542831
0 0.470625 0.187222 0.02 0.0416667 0.00540543
0 0.545625 0.126389 0.011875 0.0172222 0.00429916
0 0.98375 0.419167 0.0325 0.0794444 0.00365067
0 0.9925 0.412222 0.015 0.0722222 0.00345612
0 0.0181738 0.48 0.0363477 0.0811111 0.00322342
0 0.55125 0.117222 0.00875003 0.0122222 0.00294685
0 0.635 0.130556 0.00750001 0.0155556 0.00287819
0 0.0126855 0.492778 0.0252539 0.0844445 0.00273705
5 0.567188 0.100278 0.01 0.0213889 0.00264168
0 0.0116016 0.458056 0.0231641 0.0905556 0.00227928
0 0.499375 0.160139 0.014375 0.0266667 0.00211525
3 0.65 0.165278 0.00499999 0.0241667 0.00211525
7 0.180313 0.275556 0.00625 0.03 0.00211525
3 0.65875 0.1675 0.0125 0.0305556 0.00201035
3 0.375938 0.24 0.009375 0.045 0.00178909
3 0.675 0.318889 0.0125 0.0866667 0.00174141
0 0.99 0.418889 0.0199999 0.0861111 0.00168705
0 0.62375 0.11375 0.00750001 0.0141667 0.00157356
3 0.63 0.129028 0.00750001 0.0158333 0.00153637
0 0.97625 0.41 0.0425 0.0611111 0.00150108
3 0.970625 0.265 0.00875003 0.0333333 0.00141048
0 0.99 0.577222 0.0199999 0.0911111 0.00139904
7 0.96625 0.93 0.0675 0.137778 0.00137806
6 0.624375 0.356111 0.02125 0.0711111 0.00134563
2 0.00314697 0.425278 0.00629395 0.0838889 0.00128937
7 0.55 0.978889 0.00499999 0.0155556 0.00126457
0 0.66875 0.175417 0.02 0.0355556 0.00121593
0 0.505625 0.146667 0.01 0.0258333 0.00119686
0 0.51375 0.145 0.01125 0.0227778 0.00119209
0 0.593125 0.0816667 0.00500005 0.0113889 0.00117874
0 0.9125 0.502778 0.1625 0.13 0.00109005
3 0.6725 0.155556 0.00750001 0.0188889 0.00105667
0 0.00375732 0.588889 0.00748535 0.0755556 0.00103188
0 0.608125 0.362222 0.0575 0.0833333 0.00101662
