0 0.9325 0.778333 0.1175 0.207778 0.95166
0 0.049375 0.614444 0.09875 0.158889 0.944824
0 0.0472559 0.341667 0.064082 0.0766667 0.940918
0 0.88 0.547778 0.085 0.157778 0.936523
0 0.89125 0.511111 0.17 0.134444 0.928223
0 0.9725 0.315 0.055 0.0722222 0.92627
0 0.77375 0.354444 0.1175 0.0822222 0.923828
0 0.348125 0.296111 0.05375 0.0655555 0.922852
0 0.96375 0.927778 0.0725 0.142222 0.922363
0 0.0909375 0.535 0.0851563 0.144444 0.921387
0 0.916875 0.641667 0.1325 0.146667 0.918457
0 0.72125 0.278333 0.0425001 0.0566667 0.913574
0 0.790625 0.296667 0.0725 0.0611111 0.90332
0 0.930625 0.473333 0.13875 0.11 0.901367
0 0.0404688 0.496111 0.0809375 0.11 0.900391
0 0.425 0.227778 0.031875 0.0472222 0.870605
0 0.410625 0.246528 0.0325 0.0452778 0.867188
0 0.394375 0.2625 0.03625 0.0505556 0.859863
0 0.693125 0.215139 0.02875 0.0491667 0.854004
0 0.370625 0.279444 0.035 0.0566667 0.849121
0 0.955938 0.4275 0.088125 0.0994444 0.830078
0 0.47625 0.177222 0.01875 0.0294444 0.790527
0 0.485 0.167222 0.01875 0.0272222 0.767578
0 0.7025 0.23625 0.035 0.0536111 0.753418
0 0.443125 0.20375 0.024375 0.0408333 0.740234
0 0.710625 0.266042 0.03625 0.0523611 0.73877
0 0.528125 0.144722 0.01625 0.0205556 0.729492
0 0.5375 0.130556 0.01125 0.0191667 0.649414
0 0.0162891 0.717778 0.0325 0.2 0.405518
0 0.495625 0.154722 0.015 0.0263889 0.325928
0 0.675625 0.190417 0.025 0.0397222 0.212769
0 0.459375 0.190694 0.01875 0.0330556 0.144653
0 0.60125 0.10125 0.00875003 0.0111111 0.101562
0 0.695 0.230556 0.025 0.0494445 0.093689
0 0.0612891 0.911111 0.0442969 0.0466666 0.0772095
0 0.69875 0.225278 0.03 0.0433333 0.0479431
0 0.453125 0.198611 0.0225 0.0380555 0.0462036
0 0.538438 0.127778 0.01125 0.0219444 0.0458679
0 0.4625 0.186667 0.018125 0.0316667 0.033844
0 0.54125 0.125833 0.01125 0.0194445 0.0285492
3 0.6575 0.17875 0.00750001 0.0302778 0.0159607
0 0.983125 0.420278 0.03375 0.0838889 0.0159607
0 0.68375 0.212778 0.0199999 0.045 0.0158386
0 0.465 0.184167 0.015 0.0327778 0.0157776
0 0.98625 0.429722 0.0275 0.0966667 0.0120544
0 0.53375 0.133472 0.01375 0.0194444 0.0107803
0 0.68 0.200556 0.01875 0.0363889 0.0102921
3 0.169688 0.269514 0.0075 0.0498611 0.00985718
0 0.066875 0.926667 0.038125 0.04 0.00709534
0 0.99125 0.411111 0.0175 0.0711111 0.00682449
0 0.496875 0.150833 0.01125 0.0216667 0.00679779
0 0.0116211 0.465833 0.0232422 0.0761111 0.00653839
0 0.98875 0.419444 0.0225 0.0866667 0.00626373
0 0.66 0.168333 0.0175 0.0316667 0.00566483
0 0.98375 0.307778 0.0325 0.0627778 0.0050621
0 0.563125 0.0988889 0.00750001 0.00916667 0.00488663
7 0.73 0.204167 0.00499999 0.0211111 0.00481033
0 0.0065918 0.459444 0.0131445 0.0822222 0.0046463
0 0.6625 0.171667 0.0175 0.0355555 0.00443268
0 0.38375 0.258333 0.0225 0.0461111 0.00413513
0 0.725 0.273611 0.035 0.0505556 0.00408554
0 0.96625 0.411944 0.0675 0.0711111 0.00383949
7 0.69 0.16125 0.00500005 0.0177778 0.00351143
3 0.739375 0.202778 0.00750001 0.0366667 0.00336266
0 0.985 0.409167 0.03 0.0694444 0.00329781
0 0.993125 0.301389 0.0137499 0.0577778 0.00318527
0 0.96125 0.4575 0.0775 0.0816666 0.00311089
0 0.0114453 0.604445 0.0228516 0.137778 0.00301552
0 0.014375 0.476111 0.0285938 0.0744444 0.0026722
0 0.658125 0.163472 0.0175 0.0291667 0.00257111
3 0.933125 0.296667 0.00999997 0.0455555 0.00257111
0 0.7075 0.248056 0.04 0.0544444 0.0024929
5 0.606875 0.0819444 0.00625 0.0127778 0.00208282
0 0.398125 0.251111 0.04375 0.0538889 0.0020752
0 0.48125 0.162222 0.015625 0.0219444 0.00205803
0 0.644375 0.146389 0.01375 0.02 0.00196457
0 0.66375 0.165556 0.0175 0.0277778 0.00195694
2 0.625625 0.130556 0.00625 0.02 0.0018177
2 0.99625 0.192222 0.00749995 0.0883333 0.0016613
3 0.63 0.124861 0.00562496 0.0175 0.00154305
2 0.635625 0.1375 0.00625 0.0177778 0.00153637
0 0.535625 0.135833 0.0125 0.0222222 0.00153637
2 0.00345215 0.452222 0.00686524 0.0811111 0.0014782
0 0.98 0.461111 0.04 0.0838889 0.00136662
1 0.162656 0.966667 0.325313 0.0666666 0.00134087
0 0.641406 0.142917 0.0121875 0.0208333 0.0012846
0 0.494375 0.149444 0.013125 0.0305556 0.0012598
0 0.555625 0.103472 0.00625 0.0116667 0.0012064
0 0.655 0.16 0.015 0.0266667 0.00117397
1 0.170625 0.940556 0.34125 0.118889 0.0011692
7 0.964375 0.928333 0.07125 0.14 0.00114727
5 0.61625 0.100556 0.00499999 0.0127778 0.0011034
0 0.599375 0.101667 0.00875003 0.0116667 0.00103188
