0 0.532188 0.593333 0.105625 0.174444 0.950195
0 0.0462891 0.605694 0.0925781 0.159722 0.948242
0 0.9275 0.772222 0.1175 0.206667 0.944824
0 0.0422656 0.333611 0.06375 0.0761111 0.941406
0 0.875 0.539028 0.0825 0.153056 0.937988
0 0.7725 0.291111 0.0675001 0.0638889 0.936035
0 0.97 0.310556 0.06 0.0711111 0.931641
0 0.88625 0.504167 0.17125 0.133889 0.931152
0 0.343438 0.288889 0.054375 0.0633333 0.926758
0 0.91125 0.635 0.13 0.144444 0.922363
0 0.089082 0.526111 0.0790234 0.14 0.92041
0 0.929375 0.467778 0.14125 0.110556 0.91748
0 0.9625 0.926667 0.0725 0.144444 0.913086
0 0.71625 0.272222 0.0425 0.055 0.902832
0 0.6875 0.208472 0.03 0.0502778 0.873047
0 0.0379883 0.485556 0.0759766 0.106667 0.866211
0 0.611875 0.138611 0.0143751 0.02 0.863281
0 0.42 0.220556 0.03125 0.045 0.858887
0 0.389688 0.254444 0.035 0.0505555 0.85498
6 0.500938 0.269444 0.02875 0.0716667 0.84375
0 0.522813 0.1375 0.015 0.0211111 0.835449
0 0.365 0.272222 0.035 0.0566666 0.834473
0 0.954063 0.423889 0.091875 0.104444 0.824219
0 0.705625 0.257847 0.0375 0.0565278 0.809082
0 0.400625 0.239861 0.030625 0.0486111 0.803223
5 0.605 0.113333 0.026875 0.0505556 0.796875
0 0.469375 0.17 0.01875 0.0288889 0.700684
2 0.634375 0.188333 0.00874996 0.0355555 0.647949
3 0.93 0.296667 0.00875003 0.0488889 0.634277
0 0.479063 0.160556 0.0175 0.0294444 0.592773
0 0.70125 0.234444 0.0325 0.0483333 0.583008
0 0.439063 0.196111 0.025 0.0416667 0.575684
0 0.532188 0.123889 0.0125 0.0211111 0.533203
3 0.584375 0.128333 0.00499999 0.0216667 0.407227
0 0.66875 0.181944 0.0225 0.0394444 0.255371
0 0.528125 0.125556 0.01125 0.0180556 0.180664
0 0.57625 0.0945833 0.00750001 0.0127778 0.107788
0 0.695625 0.228611 0.02625 0.0444445 0.0866089
0 0.395 0.249167 0.0325 0.0483333 0.0853882
0 0.0100781 0.563333 0.02 0.1 0.0747681
3 0.92875 0.294444 0.00875003 0.0577778 0.0623169
0 0.0120313 0.583889 0.0240625 0.13 0.0623169
0 0.48875 0.150556 0.01625 0.0266667 0.0545959
0 0.0148047 0.697778 0.0295313 0.182222 0.0479431
0 0.600625 0.128056 0.01375 0.0311111 0.0389099
0 0.655 0.162917 0.02 0.0277778 0.0299835
0 0.989375 0.429444 0.02125 0.101111 0.0298767
0 0.45625 0.183194 0.0175 0.0294444 0.0287628
0 0.0145508 0.567639 0.0291016 0.1025 0.0282135
0 0.583438 0.0797222 0.00437501 0.00944445 0.0280151
0 0.602188 0.0763889 0.00750001 0.0144444 0.0265503
0 0.65875 0.171667 0.0175001 0.0316667 0.0204163
0 0.420313 0.439167 0.024375 0.035 0.0202179
3 0.590938 0.121528 0.00437501 0.0325 0.0179901
0 0.496875 0.143056 0.013125 0.0236111 0.0173798
0 0.0219531 0.573333 0.0439063 0.104444 0.0141144
0 0.991875 0.413333 0.01625 0.0755556 0.0135345
0 0.613125 0.135278 0.0175 0.0255556 0.0113297
5 0.601875 0.0715278 0.00750001 0.0184722 0.0105286
3 0.801875 0.242222 0.01 0.0444444 0.00971222
0 0.69625 0.229167 0.0375 0.0483333 0.00894928
0 0.673125 0.188056 0.02125 0.0416667 0.00867462
0 0.634063 0.132222 0.011875 0.0194444 0.0086441
0 0.460938 0.179444 0.01875 0.0283333 0.00815582
0 0.500625 0.1425 0.00874999 0.0205556 0.00809479
0 0.98125 0.427778 0.0374999 0.102222 0.00793457
0 0.653125 0.159583 0.02 0.0275 0.00674438
0 0.0141211 0.531111 0.0282422 0.121111 0.00629044
0 0.64625 0.15 0.0199999 0.0252778 0.00547028
0 0.38625 0.440556 0.02625 0.0355556 0.00496292
0 0.500625 0.144167 0.0125 0.0238889 0.00494385
0 0.62625 0.120417 0.00750001 0.0175 0.00486755
0 0.6325 0.133889 0.010625 0.0205556 0.00482941
3 0.695 0.172639 0.00625 0.025 0.00453949
0 0.543125 0.105 0.00749995 0.0152778 0.00446701
0 0.48125 0.158611 0.01875 0.0286111 0.00446701
0 0.435 0.206667 0.02375 0.0402778 0.00370789
0 0.4675 0.173333 0.01875 0.0333333 0.00353813
0 0.6625 0.176528 0.0175 0.0316667 0.00341606
0 0.380625 0.250278 0.04 0.0583333 0.00340271
0 0.53125 0.126389 0.010625 0.0227778 0.00332451
7 0.52625 0.833333 0.00499999 0.0177778 0.00329781
0 0.499375 0.141667 0.01375 0.0233333 0.00305176
0 0.484063 0.148889 0.015 0.03 0.00294685
0 0.634375 0.125139 0.01125 0.0202778 0.00234222
0 0.64125 0.146944 0.01375 0.0219444 0.00218201
0 0.0130762 0.510556 0.0260352 0.0811111 0.00217438
0 0.136406 0.746667 0.0465625 0.0777778 0.00216484
0 0.65875 0.165556 0.0199999 0.0311111 0.0020504
0 0.641094 0.139167 0.0153125 0.0244444 0.00168705
0 0.95875 0.406389 0.08 0.0727778 0.00167465
0 0.511875 0.130833 0.01 0.0238889 0.00146675
5 0.597188 0.065625 0.00625 0.0158333 0.00141048
3 0.695 0.159444 0.00499999 0.0311111 0.00131512
3 0.92625 0.280278 0.01 0.075 0.00126457
3 0.673125 0.140278 0.00625 0.0194444 0.0011425
