0 0.0471875 0.607778 0.09375 0.157778 0.946289
0 0.92875 0.772222 0.1175 0.206667 0.944824
0 0.0427734 0.334444 0.0642969 0.0777778 0.944336
0 0.87625 0.541111 0.0825 0.155556 0.936035
0 0.77375 0.292778 0.065 0.0633334 0.932617
0 0.886875 0.505278 0.17125 0.133889 0.932129
0 0.84125 0.358056 0.13 0.0883334 0.930176
0 0.344063 0.289444 0.054375 0.0633333 0.926758
0 0.970625 0.311111 0.05875 0.0711111 0.924805
0 0.9125 0.635556 0.13 0.144444 0.923828
0 0.0890625 0.527222 0.079375 0.142222 0.918945
0 0.929375 0.468889 0.14125 0.11 0.911621
0 0.963125 0.926667 0.0725 0.145556 0.905762
0 0.7175 0.273056 0.04 0.0555556 0.903809
6 0.673125 0.311667 0.07375 0.0788889 0.899414
0 0.0378125 0.487778 0.075625 0.106667 0.865234
0 0.36625 0.273611 0.035 0.0561111 0.855957
0 0.390313 0.256042 0.03625 0.0501389 0.848145
0 0.68875 0.207778 0.03 0.0466667 0.836426
0 0.52375 0.138056 0.015625 0.0211111 0.823242
0 0.42125 0.222778 0.03125 0.0455556 0.816406
0 0.954375 0.424444 0.09125 0.104444 0.81543
0 0.401563 0.240417 0.029375 0.0480555 0.785156
0 0.47 0.172083 0.02 0.0294444 0.733887
0 0.705625 0.255833 0.035 0.0527778 0.725098
0 0.43875 0.198333 0.026875 0.0422222 0.715332
0 0.479375 0.160972 0.01875 0.0297222 0.692871
2 0.540625 0.153194 0.0125 0.0277778 0.602051
0 0.7025 0.235139 0.0325 0.0513889 0.519531
0 0.58875 0.0910417 0.00750001 0.0126389 0.460938
0 0.5325 0.124583 0.0125 0.0213889 0.430176
0 0.69875 0.229444 0.0325 0.0483333 0.339844
6 0.540938 0.152778 0.013125 0.0272222 0.284668
3 0.676875 0.249583 0.00874996 0.0558333 0.201172
0 0.67 0.183333 0.02375 0.0411111 0.187744
0 0.693125 0.224861 0.02625 0.0491667 0.103027
0 0.0111523 0.566528 0.0223047 0.1025 0.0997925
0 0.012207 0.586111 0.0244141 0.13 0.0980835
0 0.0195117 0.575 0.0390234 0.101111 0.078064
0 0.539375 0.151944 0.0125 0.0261111 0.071228
0 0.524375 0.132778 0.01375 0.0213889 0.0703125
0 0.00894531 0.556667 0.0177734 0.0955556 0.0692749
5 0.573125 0.0854861 0.00625 0.00944444 0.0653687
0 0.0150586 0.695 0.0300391 0.17 0.0458679
0 0.69125 0.219583 0.025 0.0455556 0.0304413
3 0.68375 0.261667 0.0275 0.0694444 0.029541
5 0.588125 0.0865278 0.00750001 0.0134722 0.0272675
0 0.49125 0.149028 0.01625 0.0275 0.0256653
0 0.497813 0.144722 0.01375 0.0255556 0.0239563
0 0.53125 0.129444 0.01125 0.0238889 0.0236969
0 0.455 0.183611 0.01875 0.0305556 0.0230713
6 0.69 0.245833 0.0325 0.0644445 0.0230713
0 0.46375 0.175278 0.016875 0.0316667 0.02034
0 0.5 0.145556 0.0125 0.0230556 0.0195618
0 0.434688 0.208056 0.025 0.0394445 0.0141754
0 0.66 0.172222 0.0175 0.0316667 0.0135345
0 0.46125 0.179306 0.019375 0.0297222 0.0125732
3 0.73875 0.201528 0.00750001 0.0366667 0.0123825
0 0.0116699 0.544583 0.0232227 0.119722 0.0106125
0 0.6725 0.188056 0.0225 0.0411111 0.0103683
6 0.695625 0.260833 0.04375 0.0705556 0.0100555
0 0.65625 0.163611 0.02 0.0261111 0.00955963
0 0.501875 0.146389 0.01125 0.0211111 0.00952148
0 0.991875 0.418333 0.01625 0.0855556 0.00901794
5 0.605 0.07625 0.00625 0.015 0.00857544
6 0.539375 0.149444 0.015 0.0327778 0.00790405
0 0.99375 0.413333 0.0124999 0.0755556 0.00717545
0 0.36625 0.279722 0.0275 0.055 0.00658798
3 0.725 0.194167 0.00499999 0.0316667 0.00564194
3 0.72375 0.193472 0.00499999 0.025 0.00557709
0 0.00737305 0.458333 0.0147461 0.0755556 0.00553513
0 0.543125 0.105069 0.00812505 0.01625 0.00479126
0 0.538125 0.119861 0.015 0.0222222 0.00460815
0 0.65875 0.17625 0.0137499 0.0302778 0.0045929
0 0.00523926 0.458611 0.0104395 0.0661111 0.00438309
0 0.52625 0.126528 0.01 0.0208333 0.00426483
3 0.736875 0.196667 0.00749995 0.0411111 0.00341606
0 0.615 0.101806 0.00687497 0.0144444 0.00324821
0 0.985 0.418611 0.03 0.0861111 0.00312424
0 0.573125 0.0872222 0.00750001 0.0116667 0.00300407
0 0.660625 0.166667 0.02 0.0338889 0.00275803
0 0.646875 0.148611 0.01625 0.0252778 0.00229645
0 0.641406 0.138889 0.0146875 0.0255555 0.00226974
0 0.696875 0.28 0.035 0.0727778 0.00219154
0 0.98125 0.427778 0.0374999 0.101111 0.00211525
3 0.165625 0.264444 0.00687499 0.035 0.00208282
0 0.5925 0.0852778 0.00625 0.00972222 0.00201988
0 0.587813 0.0949306 0.00750001 0.0115278 0.00199509
0 0.99 0.304444 0.0199999 0.0633333 0.0019722
0 0.0114844 0.512778 0.0228516 0.0811111 0.00183105
0 0.0118945 0.471111 0.0237891 0.0788889 0.00182438
0 0.48125 0.150278 0.01875 0.0322222 0.00176811
0 0.6375 0.137361 0.0125 0.0211111 0.00173378
3 0.167656 0.266736 0.00718751 0.0365278 0.00156116
0 0.552188 0.0961111 0.00812499 0.0125 0.00144386
0 0.444375 0.189444 0.02375 0.0416667 0.0014267
3 0.71375 0.174583 0.00499999 0.0227778 0.00141048
3 0.850625 0.285556 0.0125 0.0455555 0.00105286
