0 0.04625 0.606111 0.0925 0.16 0.948242
0 0.926875 0.772222 0.1175 0.207778 0.944824
0 0.7725 0.291111 0.0675001 0.0633333 0.939453
0 0.875 0.538889 0.0825 0.153333 0.936523
0 0.88625 0.503889 0.17 0.134444 0.929199
0 0.97 0.31 0.06 0.0711111 0.92627
0 0.343203 0.288333 0.0548437 0.0622222 0.925781
0 0.91125 0.633889 0.13 0.143333 0.925781
0 0.0885938 0.526111 0.0796875 0.14 0.923828
0 0.929375 0.467778 0.14125 0.11 0.917969
0 0.9625 0.926667 0.0725 0.144444 0.910645
0 0.716875 0.271944 0.0425 0.0555556 0.902832
0 0.0415234 0.333889 0.0627344 0.0755556 0.878906
0 0.6875 0.207778 0.02875 0.0494444 0.871582
6 0.0697266 0.365833 0.0741406 0.0844445 0.871094
0 0.611875 0.138333 0.015 0.02 0.868652
0 0.42 0.220833 0.03125 0.0444444 0.865234
0 0.389375 0.254722 0.035 0.0511111 0.862305
0 0.0367773 0.486111 0.0735547 0.106667 0.86084
5 0.604688 0.114583 0.028125 0.0541667 0.85791
0 0.365313 0.271944 0.034375 0.0561111 0.837402
0 0.95375 0.424167 0.0925 0.106111 0.812988
0 0.400625 0.239722 0.03 0.0477778 0.808105
0 0.705625 0.257153 0.0375 0.0568056 0.805664
0 0.5225 0.137639 0.015 0.0211111 0.79834
0 0.704375 0.233611 0.0375 0.0511111 0.704102
0 0.469375 0.170278 0.0175 0.0283333 0.672363
0 0.437813 0.196111 0.02625 0.0416667 0.613281
3 0.93 0.297222 0.00999997 0.0483333 0.601074
0 0.47875 0.159722 0.0175 0.0305556 0.600098
0 0.531875 0.125278 0.011875 0.0211111 0.324219
3 0.54125 0.136389 0.00499999 0.0227778 0.267334
0 0.698125 0.231528 0.03125 0.0508333 0.180664
0 0.67 0.182639 0.0225 0.0402778 0.173828
0 0.63375 0.132222 0.0125 0.0208333 0.108215
0 0.535625 0.130139 0.011875 0.0263889 0.0974121
0 0.0104297 0.563889 0.0207031 0.101111 0.0863037
0 0.0146191 0.697778 0.0291602 0.182222 0.0859985
0 0.459375 0.179306 0.020625 0.0302778 0.0844727
3 0.586875 0.128333 0.00625 0.0222222 0.0838623
0 0.0128223 0.583889 0.0256445 0.13 0.0745239
3 0.735 0.198472 0.00750001 0.0347222 0.069519
2 0.54125 0.136944 0.00750001 0.0236111 0.0545959
3 0.8025 0.240556 0.00875003 0.0416667 0.0460205
3 0.58875 0.125972 0.00562503 0.0269444 0.0448608
0 0.48875 0.149167 0.01625 0.0266667 0.0437012
3 0.92875 0.297222 0.00999997 0.055 0.0422363
0 0.990625 0.420556 0.0187499 0.0855555 0.0393372
0 0.7025 0.242778 0.0325 0.0455556 0.037323
0 0.53 0.124444 0.0125 0.0205556 0.0358276
2 0.5875 0.127639 0.00625 0.0230556 0.032959
0 0.0220703 0.573333 0.0441406 0.106667 0.0204163
0 0.441875 0.194167 0.028125 0.0383333 0.0197906
0 0.614375 0.135278 0.01625 0.0255556 0.0189362
0 0.654375 0.161667 0.02 0.0261111 0.0157776
0 0.65875 0.171111 0.0175001 0.0327778 0.0147324
3 0.73875 0.201389 0.00750001 0.0355556 0.0138474
0 0.6325 0.134167 0.01125 0.0227778 0.01297
0 0.673125 0.187639 0.0225 0.0425 0.0116425
0 0.981875 0.426667 0.03625 0.1 0.0116425
0 0.0148242 0.520278 0.0296094 0.111667 0.0108566
3 0.725 0.194167 0.00499999 0.0261111 0.0102081
0 0.581875 0.0755556 0.00750001 0.0173611 0.00772476
5 0.602188 0.0701389 0.00750001 0.0172222 0.00766754
0 0.541563 0.121944 0.00812505 0.02 0.00664139
0 0.65125 0.156806 0.0225 0.03 0.00651169
0 0.574063 0.0784722 0.00625 0.0122222 0.0064621
0 0.4725 0.167083 0.01875 0.0311111 0.00636292
0 0.49125 0.145556 0.015 0.0258333 0.00621796
0 0.623125 0.118611 0.00999997 0.015 0.00538635
0 0.485 0.1475 0.015 0.0272222 0.0051384
0 0.646875 0.149583 0.02 0.0258333 0.00477219
0 0.48125 0.156944 0.01875 0.0266667 0.00468063
3 0.73 0.198611 0.01 0.0538889 0.00441742
3 0.93 0.291111 0.015 0.06 0.00419998
0 0.435 0.205556 0.02375 0.0416667 0.00400543
0 0.54375 0.104028 0.00750001 0.0144444 0.00385475
3 0.725625 0.200139 0.00499999 0.0333333 0.00367928
5 0.596875 0.0651389 0.00625 0.0144444 0.00329781
0 0.64125 0.145417 0.01375 0.0230555 0.00307465
0 0.63375 0.124861 0.0125 0.02 0.00284576
0 0.458125 0.173194 0.025 0.0369445 0.0024929
0 0.0158398 0.503056 0.0316797 0.0916667 0.00247192
0 0.954375 0.407778 0.08625 0.0766667 0.00236893
3 0.71625 0.187778 0.00499999 0.0213889 0.00218201
0 0.658125 0.176944 0.01 0.0308333 0.00214005
6 0.0587891 0.366111 0.0530469 0.0822222 0.00198746
3 0.164063 0.263958 0.00687499 0.0320834 0.00181007
0 0.38 0.250972 0.045 0.0591667 0.00176811
6 0.0512109 0.366667 0.0369531 0.0811111 0.00175476
0 0.658125 0.165833 0.0225 0.0333333 0.00174141
0 0.64 0.138611 0.01625 0.0272222 0.00168705
0 0.500938 0.144861 0.009375 0.0194444 0.0016613
0 0.98125 0.306389 0.0374999 0.065 0.00161076
3 0.8475 0.276181 0.01625 0.0909722 0.0015974
3 0.71375 0.174444 0.00499999 0.0238889 0.00146675
0 0.99125 0.442778 0.0175 0.0944444 0.00138855
0 0.654375 0.168611 0.02125 0.0319444 0.00137806
0 0.699375 0.240417 0.0325 0.0547222 0.00135612
0 0.466875 0.173611 0.01875 0.0327778 0.00132465
0 0.603125 0.0804861 0.00750001 0.0104167 0.00123978
0 0.0051709 0.452778 0.0103418 0.0711111 0.00119686
3 0.7075 0.236667 0.03625 0.055 0.00116062
0 0.99 0.304722 0.0199999 0.0655555 0.00115108
0 0.0525391 0.36 0.0450781 0.0688889 0.00108624
0 0.00967285 0.46 0.0193457 0.0777778 0.00105667
0 0.5125 0.133056 0.01 0.0227778 0.00104046
5 0.599688 0.117222 0.036875 0.0466667 0.00101662
