0 0.0517188 0.621111 0.103125 0.157778 0.94873
0 0.93625 0.785556 0.1175 0.213333 0.946777
0 0.426875 0.341667 0.12125 0.0744444 0.9375
0 0.0510547 0.345833 0.0642969 0.0783333 0.934082
0 0.88375 0.552222 0.0825 0.157778 0.934082
0 0.894375 0.515 0.17 0.134444 0.934082
0 0.97375 0.319444 0.0525 0.0711111 0.930176
0 0.0953125 0.54 0.0840625 0.142222 0.927734
0 0.9675 0.931111 0.065 0.137778 0.927734
0 0.794375 0.300556 0.0737501 0.0622222 0.927246
0 0.92 0.645556 0.1325 0.146667 0.924316
0 0.513125 0.280556 0.0425 0.0627778 0.918457
0 0.399375 0.266944 0.035 0.0511111 0.907227
0 0.9325 0.478889 0.135 0.114444 0.905762
0 0.725625 0.283333 0.0425 0.0566666 0.898438
0 0.372813 0.286111 0.0425 0.0588889 0.894043
0 0.69625 0.22 0.0300001 0.0505556 0.880859
0 0.414375 0.251389 0.0325 0.0472222 0.872559
0 0.429375 0.233056 0.031875 0.0466667 0.861328
0 0.9575 0.430278 0.085 0.0977778 0.851074
0 0.532188 0.149028 0.015625 0.0216667 0.823242
0 0.487813 0.171111 0.019375 0.0305556 0.766113
0 0.447813 0.208889 0.028125 0.0436111 0.743164
0 0.714375 0.2675 0.0375 0.0561111 0.732422
0 0.70625 0.240694 0.0325 0.0525 0.71875
0 0.47375 0.184306 0.020625 0.0358333 0.704102
0 0.543125 0.141111 0.013125 0.02 0.672363
0 0.0188477 0.714444 0.0376563 0.197778 0.466797
5 0.568125 0.103819 0.00875003 0.0173611 0.364746
0 0.55125 0.128056 0.009375 0.0180556 0.236572
0 0.500938 0.155556 0.01375 0.0266667 0.166626
0 0.537813 0.1425 0.013125 0.0216667 0.141724
0 0.5375 0.141111 0.01 0.02 0.12854
0 0.55125 0.123056 0.00999997 0.0166667 0.0758667
0 0.441563 0.215278 0.024375 0.0433333 0.0562439
0 0.6725 0.186667 0.0225 0.0338889 0.0520325
0 0.52625 0.140278 0.01125 0.0194444 0.0455322
0 0.466563 0.190833 0.01625 0.0372222 0.0305634
0 0.380313 0.278611 0.05 0.0561111 0.0293121
0 0.49875 0.159861 0.015 0.0280556 0.0175171
0 0.709375 0.268403 0.02625 0.0476389 0.0139008
0 0.66125 0.165833 0.02 0.0316667 0.0123367
3 0.375625 0.249444 0.01 0.0355555 0.00952148
0 0.54625 0.125833 0.00875003 0.0194445 0.0086441
0 0.44375 0.213056 0.0325 0.0505556 0.00746155
0 0.664375 0.168472 0.01875 0.0313889 0.00723267
0 0.591875 0.0845139 0.00625 0.0119444 0.00582123
5 0.567188 0.100278 0.010625 0.0222222 0.00457382
0 0.676875 0.194722 0.02375 0.035 0.00453949
0 0.510313 0.148611 0.01375 0.0216667 0.00434875
0 0.0129199 0.603333 0.0258008 0.114444 0.00432968
0 0.50375 0.154167 0.015 0.0238889 0.00429916
0 0.98375 0.420556 0.0325 0.0822222 0.00419998
0 0.635625 0.131528 0.00750001 0.0169444 0.00403976
0 0.995 0.501111 0.00999997 0.133333 0.00400543
0 0.68125 0.198056 0.0175 0.0313889 0.00397491
0 0.630625 0.128611 0.00875003 0.0155556 0.00356483
0 0.64875 0.149722 0.015 0.0238889 0.00348282
0 0.501875 0.1525 0.01125 0.0233333 0.00345612
0 0.00936035 0.605556 0.0187207 0.111111 0.00335121
0 0.70875 0.244583 0.0425001 0.0580555 0.00335121
0 0.59125 0.0863889 0.00499999 0.0125 0.00314713
5 0.584063 0.0829167 0.009375 0.0158333 0.00305176
0 0.9925 0.4125 0.015 0.0738889 0.00282288
0 0.995625 0.525 0.00874996 0.134444 0.00269318
0 0.7175 0.251667 0.0425 0.0622222 0.00219154
0 0.455 0.474444 0.03 0.0288889 0.00209999
0 0.633125 0.122778 0.00874996 0.015 0.00175476
0 0.975 0.410833 0.0425 0.065 0.00171375
5 0.558125 0.103333 0.00874996 0.0169444 0.0015192
0 0.474375 0.177778 0.02 0.0358333 0.00150681
0 0.511563 0.146111 0.013125 0.0255556 0.00132465
0 0.623438 0.114861 0.00687504 0.0141667 0.00129986
0 0.286563 0.0345486 0.059375 0.0690972 0.00124454
3 0.375625 0.232778 0.01 0.0527778 0.0011425
0 0.0227344 0.609444 0.0454688 0.132222 0.00111198
3 0.109063 0.345 0.010625 0.0511111 0.00110722
0 0.655 0.164583 0.015 0.0302778 0.00107288
