0 0.0471875 0.606667 0.0939063 0.157778 0.944824
0 0.0423535 0.335 0.064043 0.0755556 0.942383
0 0.928125 0.772222 0.1175 0.208889 0.942383
0 0.875625 0.540139 0.0825 0.155278 0.938965
0 0.77375 0.292222 0.0675 0.0633333 0.936035
0 0.88625 0.504444 0.17125 0.134444 0.931641
0 0.34375 0.289167 0.054375 0.0633333 0.926758
0 0.97 0.310556 0.06 0.0711111 0.925781
0 0.9125 0.634444 0.13125 0.142222 0.922363
0 0.0892969 0.5275 0.07875 0.142778 0.920898
0 0.929375 0.468056 0.14125 0.11 0.915039
0 0.9625 0.926667 0.0725 0.145556 0.911133
0 0.716875 0.272778 0.0425 0.0561111 0.904785
0 0.0375977 0.488611 0.0751953 0.107222 0.866211
0 0.523125 0.138056 0.01625 0.0216667 0.86084
0 0.68875 0.209722 0.03 0.05 0.85791
0 0.389688 0.255278 0.036875 0.0511111 0.853027
0 0.365625 0.272778 0.03375 0.0577778 0.853027
0 0.420313 0.222361 0.031875 0.0441667 0.829102
0 0.954063 0.423889 0.091875 0.104444 0.824219
0 0.401875 0.240139 0.03 0.0475 0.788086
0 0.70625 0.258056 0.0375 0.0572222 0.766113
0 0.43875 0.1975 0.026875 0.0422222 0.70752
0 0.469375 0.172083 0.0175 0.0288889 0.675781
0 0.70125 0.234722 0.0325 0.0483333 0.53125
0 0.47875 0.161667 0.0175 0.0277778 0.529297
0 0.533125 0.122778 0.011875 0.0205556 0.439697
2 0.522188 0.186667 0.00687497 0.0394445 0.357666
2 0.5325 0.185139 0.00625 0.04 0.310791
0 0.603438 0.104028 0.009375 0.0122222 0.204346
0 0.0150586 0.696667 0.0301172 0.175556 0.112427
0 0.67 0.183611 0.0225 0.0383333 0.0991211
0 0.69375 0.2275 0.025 0.0461111 0.0878906
0 0.5275 0.127083 0.01 0.0161111 0.0726318
0 0.70375 0.241944 0.0325 0.0494444 0.0572815
0 0.489375 0.153611 0.015625 0.0280556 0.0499573
0 0.0115039 0.578333 0.0228516 0.112222 0.0446777
0 0.456875 0.182778 0.018125 0.0311111 0.042572
3 0.93 0.300556 0.00875003 0.0455556 0.0420837
0 0.0210156 0.578333 0.0420313 0.105556 0.0406799
0 0.00776367 0.568889 0.0154883 0.0977778 0.028656
3 0.522188 0.186667 0.00750001 0.0416667 0.0240479
0 0.990625 0.428889 0.0187499 0.101667 0.021698
0 0.5825 0.0775 0.00562503 0.0119444 0.0208893
0 0.993125 0.413889 0.0137499 0.0777778 0.0196381
0 0.46125 0.177222 0.01625 0.0288889 0.0161591
0 0.459375 0.180833 0.0175 0.0294444 0.0139542
0 0.58125 0.07625 0.00562496 0.0133333 0.00967407
0 0.66 0.173611 0.02 0.0308333 0.00945282
0 0.9925 0.301111 0.015 0.0622222 0.00937653
0 0.673125 0.188611 0.0225 0.0405556 0.00857544
3 0.5325 0.186667 0.00750005 0.0411111 0.00828552
0 0.500625 0.145556 0.0125 0.0227778 0.00631332
0 0.611875 0.101944 0.00875003 0.0144444 0.00626373
0 0.6525 0.155833 0.01875 0.0283333 0.00575256
0 0.983125 0.426389 0.03375 0.100556 0.00548935
0 0.5025 0.145278 0.01 0.0208333 0.00547028
0 0.65375 0.159167 0.0175 0.0238889 0.00471878
0 0.52625 0.125 0.00750001 0.0194444 0.00466537
0 0.545 0.102986 0.00750001 0.01375 0.00455475
0 0.9875 0.303056 0.0249999 0.0605555 0.00391388
0 0.646406 0.150278 0.0171875 0.0255556 0.00385475
3 0.715 0.183056 0.00500005 0.0252778 0.00355148
0 0.633125 0.131389 0.01375 0.0227778 0.00309944
0 0.4825 0.159306 0.0175 0.0269444 0.00282288
0 0.64125 0.138472 0.015 0.0258333 0.00266266
0 0.00547852 0.456389 0.010957 0.0677778 0.00263214
3 0.72375 0.192917 0.00499999 0.0263889 0.00260162
3 0.725625 0.192778 0.00499999 0.0338889 0.00246239
0 0.489375 0.143889 0.01375 0.025 0.00244331
0 0.638125 0.137778 0.015 0.0211111 0.00209999
0 0.995625 0.283333 0.00874996 0.0566666 0.00203514
3 0.72875 0.196111 0.00625 0.0369445 0.00201035
0 0.435 0.208472 0.025 0.04 0.00195694
3 0.71375 0.175278 0.00499999 0.0244445 0.00185299
0 0.00825195 0.459167 0.0165039 0.0766667 0.00148964
3 0.6175 0.116389 0.00687504 0.0133333 0.00141048
0 0.66125 0.165556 0.01875 0.0319444 0.00134563
6 0.52125 0.182778 0.015625 0.0472222 0.00134563
0 0.609375 0.0944444 0.00750001 0.0158333 0.00124931
0 0.448125 0.19 0.02125 0.0422222 0.00122547
0 0.62375 0.118056 0.00874996 0.0138889 0.0011692
0 0.45625 0.171944 0.028125 0.0408333 0.00112438
2 0.93 0.299167 0.0125 0.0477778 0.00108624
0 0.486563 0.146528 0.01375 0.0263889 0.00104809
7 0.96375 0.926667 0.07 0.144444 0.00100803
