0 0.0522656 0.621111 0.104219 0.155556 0.947266
0 0.93625 0.783333 0.11875 0.208889 0.946777
0 0.975 0.320556 0.0499999 0.0722222 0.933594
0 0.895 0.514722 0.17 0.133889 0.932129
0 0.795 0.301111 0.075 0.0611111 0.926758
0 0.0958008 0.54 0.084336 0.143333 0.926758
0 0.920625 0.645556 0.13125 0.146667 0.924805
0 0.88375 0.552222 0.085 0.157778 0.924316
0 0.51375 0.273889 0.0425 0.0616667 0.921387
0 0.968125 0.931111 0.06375 0.135556 0.917969
0 0.0373828 0.383889 0.0747656 0.0733333 0.913574
0 0.4 0.2675 0.035625 0.0516667 0.908203
0 0.93375 0.480556 0.1325 0.116667 0.905273
0 0.72625 0.283889 0.0425 0.0572222 0.898926
0 0.373125 0.286389 0.0425 0.0594445 0.895508
0 0.55375 0.18 0.0225 0.0344445 0.888672
0 0.6975 0.219306 0.02875 0.0483333 0.877441
0 0.430625 0.233472 0.03 0.0469444 0.867188
0 0.0542969 0.344444 0.0595313 0.0755556 0.867188
0 0.415 0.251389 0.033125 0.0472222 0.852051
0 0.5325 0.149583 0.015625 0.0197222 0.850098
0 0.9575 0.429167 0.085 0.0961111 0.836426
5 0.560313 0.115833 0.0125 0.0241667 0.774414
0 0.706875 0.241667 0.035 0.0516667 0.766113
0 0.715 0.2675 0.0375 0.0555556 0.749023
0 0.449688 0.208611 0.028125 0.0422222 0.690918
0 0.48875 0.171111 0.01875 0.0311111 0.666992
0 0.474375 0.183889 0.0225 0.0361111 0.640625
0 0.5425 0.135833 0.01125 0.0188889 0.533203
0 0.0193164 0.713333 0.0385938 0.195556 0.521484
0 0.446875 0.214167 0.02875 0.0455556 0.245117
0 0.464375 0.194444 0.019375 0.035 0.167236
0 0.958125 0.448611 0.0825 0.0772222 0.0863037
0 0.536875 0.140833 0.01 0.0166667 0.0592041
0 0.535313 0.143611 0.0125 0.0216667 0.0535889
0 0.503125 0.155139 0.01375 0.0241667 0.0522461
0 0.467813 0.191389 0.0175 0.0322222 0.0516663
0 0.67375 0.189444 0.02 0.0322222 0.0495911
0 0.67625 0.195278 0.02 0.035 0.0453491
0 0.441563 0.218333 0.02375 0.0355556 0.0422363
0 0.527188 0.142222 0.01 0.0186111 0.0351562
0 0.71 0.268264 0.0275 0.0468055 0.016922
0 0.584375 0.0841667 0.00499999 0.01 0.0162201
5 0.560625 0.112222 0.01375 0.0275 0.0144501
0 0.6575 0.16375 0.0175 0.025 0.014389
0 0.67 0.185556 0.02 0.03 0.0104065
0 0.50625 0.154722 0.013125 0.0222222 0.00963593
0 0.66375 0.168472 0.0175 0.0286111 0.00930023
0 0.499375 0.161667 0.015 0.0255556 0.00905609
3 0.109063 0.338889 0.0096875 0.0377778 0.00769424
0 0.544375 0.127361 0.01125 0.0225 0.00746155
0 0.545625 0.131389 0.0125 0.0194444 0.00643921
0 0.510313 0.150833 0.013125 0.0219444 0.00629044
0 0.665 0.175972 0.01875 0.0269444 0.00577545
0 0.623438 0.11441 0.00625 0.0150695 0.00559998
0 0.680625 0.200556 0.0175001 0.0322222 0.00559998
7 0.356875 0.771667 0.00625 0.0155555 0.00462723
0 0.97375 0.413889 0.0525 0.0677778 0.00460815
0 0.7175 0.253889 0.0375 0.0583333 0.00416565
0 0.0162695 0.602222 0.0325 0.12 0.00379562
2 0.65375 0.164722 0.00999997 0.0227778 0.00362206
3 0.635938 0.130833 0.00625 0.015 0.00359344
0 0.475938 0.178333 0.021875 0.0361111 0.00345612
0 0.63375 0.121111 0.00749995 0.0127778 0.00329781
0 0.661875 0.163611 0.02125 0.03 0.00329781
0 0.99375 0.410278 0.0124999 0.0661111 0.00309944
0 0.72 0.275278 0.03375 0.0544444 0.00288963
0 0.0243164 0.607778 0.0486328 0.133333 0.00286674
0 0.44125 0.213056 0.03625 0.0533334 0.00277901
0 0.0358398 0.592778 0.0716797 0.115556 0.00265312
3 0.695625 0.163333 0.00499999 0.0277778 0.00245285
0 0.501563 0.151111 0.010625 0.0222222 0.00208282
7 0.73 0.206389 0.00499999 0.0266667 0.00198746
3 0.630313 0.127222 0.00750001 0.0141667 0.00189686
3 0.705 0.172778 0.00499999 0.0233333 0.00181007
0 0.595 0.0827778 0.00374997 0.00791667 0.00157356
7 0.98875 0.41 0.0175 0.0811111 0.00153065
0 0.66375 0.179722 0.0175 0.0288889 0.00136662
3 0.636875 0.152222 0.00625 0.0177778 0.00125504
0 0.0114551 0.603333 0.0228711 0.117778 0.00123501
7 0.365 0.776111 0.00500002 0.0144445 0.00123501
3 0.64625 0.151111 0.00875003 0.0233333 0.00109863
5 0.52125 0.124722 0.01 0.0238889 0.00104046
