0 0.935625 0.782222 0.1175 0.206667 0.950684
0 0.0514844 0.62 0.102969 0.155556 0.947754
0 0.6975 0.336667 0.11 0.0777778 0.942383
0 0.0506641 0.345556 0.0639844 0.0777778 0.935547
0 0.97375 0.319167 0.0525 0.0711111 0.935059
0 0.89375 0.514722 0.17 0.133889 0.935059
0 0.3525 0.300556 0.055 0.0644445 0.928223
0 0.9675 0.93 0.065 0.137778 0.928223
0 0.79375 0.300556 0.0725 0.0622222 0.925781
0 0.88375 0.551667 0.0825 0.156667 0.922363
0 0.92 0.645556 0.13125 0.146667 0.921387
0 0.0948438 0.54 0.08375 0.143333 0.92041
6 0.180977 0.393889 0.0505469 0.105 0.916504
0 0.9325 0.478333 0.135 0.112222 0.903809
0 0.399063 0.266736 0.035625 0.0509722 0.902832
0 0.725 0.281111 0.045 0.0555556 0.898438
0 0.0419141 0.501667 0.0838281 0.112222 0.890137
0 0.69625 0.218333 0.0300001 0.0486111 0.883301
0 0.42875 0.232222 0.031875 0.0466667 0.875977
0 0.41375 0.251667 0.03375 0.0466667 0.86084
0 0.9575 0.429722 0.085 0.0983333 0.856934
0 0.374375 0.284444 0.03625 0.0566667 0.849121
0 0.53125 0.149167 0.015 0.0194444 0.817383
3 0.83625 0.444444 0.0175 0.1 0.791992
0 0.488125 0.169722 0.01875 0.0311111 0.737305
0 0.705 0.24 0.035 0.0516667 0.737305
0 0.47375 0.183333 0.02125 0.0361111 0.686035
0 0.447188 0.208472 0.028125 0.0441667 0.684082
0 0.71375 0.265625 0.035 0.0543055 0.675781
0 0.540938 0.135278 0.011875 0.0197222 0.519531
5 0.5675 0.104028 0.00874996 0.0161111 0.345215
0 0.0184277 0.725 0.0367773 0.21 0.331055
0 0.539375 0.136389 0.0125 0.0205556 0.273682
0 0.679375 0.195139 0.02375 0.0375 0.0841675
0 0.503125 0.152778 0.015 0.025 0.0520325
0 0.525625 0.142361 0.011875 0.02 0.0463867
2 0.63625 0.133611 0.00625 0.0177778 0.0399475
0 0.441875 0.215278 0.02625 0.0422222 0.0283356
0 0.5375 0.137222 0.01 0.0211111 0.0185089
0 0.4625 0.190833 0.0175 0.0377778 0.0177155
3 0.65125 0.165694 0.00499999 0.0258333 0.0153656
0 0.543125 0.125833 0.0112501 0.0202778 0.0153046
3 0.375938 0.251597 0.0125 0.0401389 0.0150146
3 0.65375 0.165972 0.00750001 0.0286111 0.0146179
0 0.443438 0.212778 0.031875 0.0505555 0.0088501
0 0.0130859 0.474722 0.0260938 0.0766667 0.0086441
0 0.00959473 0.606667 0.0191895 0.116667 0.00796509
0 0.67 0.1825 0.0175 0.0333333 0.00701141
0 0.010166 0.463889 0.020293 0.0911111 0.0068512
3 0.834375 0.445278 0.035 0.103889 0.00624084
0 0.984375 0.418611 0.0312499 0.0777778 0.00538635
3 0.17125 0.260625 0.0075 0.0365278 0.00502014
2 0.62625 0.133472 0.00499999 0.0138889 0.00443268
0 0.54625 0.123472 0.00999997 0.0169444 0.00436401
0 0.55125 0.118611 0.00875003 0.0127778 0.00407028
0 0.665 0.1725 0.0199999 0.0341667 0.00387001
3 0.63 0.130139 0.00750001 0.0158333 0.0037365
0 0.47125 0.186806 0.02 0.0419444 0.00369263
0 0.9925 0.410556 0.015 0.07 0.00351143
0 0.00396484 0.442222 0.00792969 0.101111 0.00351143
0 0.715625 0.251667 0.03625 0.0516667 0.00332451
0 0.107656 0.902222 0.090625 0.0911111 0.00307465
0 0.504063 0.147778 0.0125 0.0275 0.00302696
0 0.509375 0.149167 0.015 0.0227778 0.00298119
0 0.59 0.0879167 0.00500005 0.01 0.00261116
7 0.64625 0.168333 0.00374997 0.0172222 0.00258064
0 0.99125 0.419722 0.0175 0.0844445 0.00240517
0 0.581875 0.0825 0.00750001 0.0116667 0.00239754
0 0.595625 0.0817361 0.00437501 0.00916667 0.00221634
3 0.835 0.453333 0.0225 0.112778 0.00219154
0 0.66125 0.162778 0.02 0.03 0.00218201
0 0.0189844 0.48 0.0379688 0.0788889 0.0020752
0 0.97625 0.429722 0.0475 0.0972222 0.00206757
0 0.709375 0.261389 0.045 0.0772222 0.00201988
0 0.9875 0.428333 0.0249999 0.0938889 0.00188255
3 0.405625 0.216111 0.00874999 0.0316667 0.00162315
5 0.63125 0.668889 0.4 0.658889 0.0014782
0 0.98625 0.573333 0.0275 0.0811111 0.00146675
0 0.67625 0.193056 0.02375 0.0372222 0.00137806
0 0.0245117 0.610556 0.0490234 0.135556 0.00135136
3 0.656875 0.179861 0.00499999 0.025 0.00133038
7 0.966875 0.93 0.06625 0.137778 0.00124931
5 0.625 0.113576 0.00625 0.0145139 0.00117874
0 0.0141309 0.495 0.0281445 0.0933333 0.00112438
0 0.975 0.41 0.0475 0.0611111 0.00109005
0 0.66625 0.166389 0.02 0.0316667 0.00105286
3 0.635625 0.148333 0.00374997 0.0230556 0.00104809
