0 0.0478516 0.61125 0.0957031 0.159722 0.946777
0 0.93 0.776111 0.1175 0.21 0.946777
0 0.0444922 0.338333 0.0646094 0.0788889 0.944824
0 0.876875 0.543889 0.0825 0.156667 0.941406
0 0.88875 0.508056 0.17 0.132778 0.931641
0 0.788125 0.295 0.0737501 0.0622222 0.929199
0 0.97125 0.313333 0.0575 0.0716667 0.929199
0 0.915 0.64 0.1325 0.146667 0.92627
0 0.0879492 0.53 0.0847266 0.142222 0.925293
0 0.963125 0.927222 0.0725 0.144444 0.916504
0 0.346328 0.292778 0.0560938 0.0644444 0.910645
0 0.0392773 0.491111 0.0785547 0.111111 0.905273
0 0.71875 0.275625 0.0425 0.0565278 0.898926
0 0.93 0.471667 0.14 0.111111 0.898926
0 0.391875 0.258611 0.03625 0.0516667 0.885742
0 0.69 0.212778 0.0300001 0.0488889 0.884766
0 0.367813 0.275556 0.034375 0.0544444 0.851074
0 0.407813 0.244722 0.0325 0.0461111 0.849121
0 0.954688 0.427222 0.0906249 0.103333 0.836426
0 0.423438 0.224722 0.03125 0.0477778 0.820801
0 0.525625 0.141944 0.015 0.0194444 0.804199
0 0.699375 0.234028 0.035 0.0530556 0.795898
0 0.708125 0.262153 0.0375 0.0534722 0.792969
6 0.4475 0.261111 0.02625 0.0627778 0.790527
0 0.47125 0.175833 0.02 0.03 0.771973
0 0.440625 0.201111 0.0275 0.0416667 0.705566
0 0.4825 0.161944 0.0175 0.0272222 0.598145
0 0.535 0.128333 0.01125 0.0194444 0.375732
0 0.69125 0.22 0.03 0.05 0.20752
0 0.0154492 0.709445 0.0307813 0.206667 0.153076
0 0.67125 0.185556 0.0237501 0.04 0.117188
0 0.43625 0.208056 0.02125 0.0383333 0.115173
0 0.695625 0.23 0.02875 0.05 0.111267
0 0.533125 0.129722 0.0125 0.0161111 0.0596619
0 0.708125 0.2675 0.03 0.0461111 0.0507202
0 0.458438 0.186667 0.020625 0.0327778 0.035675
3 0.74 0.202639 0.00625 0.0375 0.0346985
0 0.520313 0.137222 0.011875 0.0205556 0.029541
0 0.539688 0.127778 0.0125 0.0183333 0.0181885
0 0.540938 0.119167 0.01 0.0166667 0.0130692
0 0.9925 0.411389 0.015 0.0711111 0.0122375
0 0.6675 0.180278 0.0225 0.0344444 0.0108185
0 0.46375 0.180278 0.02 0.0322222 0.00828552
0 0.98375 0.418056 0.0325 0.0816666 0.00803375
0 0.988125 0.427778 0.02375 0.0966667 0.00666809
0 0.39625 0.254444 0.04 0.0505555 0.00656509
0 0.455625 0.189444 0.0225 0.0405556 0.00619125
0 0.49 0.157083 0.015 0.0280556 0.00595856
0 0.426563 0.22 0.04125 0.0544444 0.00572968
0 0.66 0.173889 0.02 0.0338889 0.00538635
0 0.65875 0.16625 0.0199999 0.0330556 0.00429916
0 0.6575 0.177222 0.00999997 0.0311111 0.00395966
7 0.52875 0.84 0.00500002 0.0177778 0.00340271
3 0.736875 0.193889 0.00625 0.0475 0.00300407
0 0.65625 0.161389 0.02 0.0258333 0.00265312
0 0.96375 0.409444 0.0725 0.0744444 0.00223351
3 0.729375 0.203056 0.00499999 0.0269444 0.00188255
0 0.468125 0.183056 0.02 0.0363889 0.0018177
0 0.50125 0.151667 0.011875 0.0183333 0.00168705
0 0.97 0.398333 0.045 0.0544444 0.0016613
0 0.551875 0.101181 0.00874996 0.0116667 0.00153637
0 0.635625 0.14 0.00875003 0.0169444 0.00152493
0 0.96875 0.455556 0.0624999 0.0833333 0.00138855
0 0.485938 0.161111 0.020625 0.0258333 0.00134563
0 0.363125 0.282778 0.03375 0.0555556 0.00127411
7 0.96375 0.927778 0.0725 0.142222 0.00116062
