0 0.9325 0.777778 0.1175 0.207778 0.950195
0 0.0464453 0.340556 0.0638281 0.0777778 0.946289
0 0.0490234 0.614306 0.0980469 0.158056 0.945312
0 0.88 0.547639 0.0825 0.158056 0.937988
0 0.89 0.510556 0.17 0.134444 0.931641
0 0.9725 0.315556 0.055 0.07 0.931152
0 0.78875 0.296667 0.0725 0.0611111 0.930176
0 0.96375 0.927778 0.0725 0.142222 0.924316
0 0.91625 0.641667 0.1325 0.146667 0.921875
0 0.348125 0.295556 0.05375 0.0644444 0.921387
0 0.72125 0.278056 0.0425001 0.0577778 0.920898
0 0.0909375 0.534722 0.0839063 0.145 0.92041
0 0.93 0.473333 0.14 0.111111 0.900391
0 0.0394922 0.496111 0.0789844 0.112222 0.894043
0 0.69125 0.214167 0.03 0.0483333 0.887207
0 0.424688 0.227778 0.03125 0.0477778 0.872559
0 0.41 0.246111 0.03125 0.0438889 0.868164
0 0.394375 0.261597 0.03625 0.05125 0.866211
0 0.37 0.279722 0.035 0.0577778 0.863281
6 0.59375 0.2 0.03875 0.0438889 0.84082
0 0.955625 0.427222 0.08875 0.0988889 0.82666
3 0.85625 0.316389 0.0125 0.0683333 0.813965
0 0.7 0.234722 0.0325 0.0505556 0.791992
3 0.678125 0.306667 0.015 0.04 0.791992
0 0.71 0.263889 0.035 0.055 0.78418
0 0.484375 0.165278 0.01875 0.0283333 0.756348
0 0.528125 0.144444 0.015 0.02 0.712402
0 0.537813 0.130417 0.011875 0.0211111 0.70752
0 0.443125 0.203889 0.025 0.0413889 0.690918
0 0.475625 0.175139 0.0175 0.0269444 0.666992
0 0.45875 0.189722 0.02 0.0333333 0.5
0 0.543125 0.12 0.0106249 0.0216667 0.212769
0 0.495313 0.155556 0.014375 0.025 0.203735
0 0.0158984 0.715556 0.0316797 0.204444 0.166626
0 0.695 0.231389 0.0275 0.0472222 0.107788
0 0.673125 0.186806 0.02375 0.0408333 0.104126
0 0.5875 0.199444 0.0275 0.0394445 0.0745239
0 0.46125 0.187222 0.02 0.0311111 0.0708008
0 0.582188 0.095 0.00625 0.0116667 0.0325928
3 0.9325 0.298333 0.00750001 0.0438889 0.0158997
0 0.535 0.133889 0.01375 0.0205556 0.0148392
3 0.74 0.204444 0.00749995 0.0355556 0.0137405
0 0.983125 0.418333 0.03375 0.0822222 0.01297
3 0.168281 0.266181 0.00625 0.0465278 0.00933838
0 0.98625 0.426944 0.0275 0.0938889 0.00894928
0 0.99125 0.410556 0.0175 0.0711111 0.00891876
2 0.5775 0.203056 0.00625 0.0355556 0.00588989
0 0.97125 0.41 0.0575 0.0722222 0.00588989
0 0.988125 0.415833 0.02375 0.0827778 0.00582123
0 0.68125 0.201944 0.02 0.0361111 0.00572968
2 0.63875 0.141528 0.01125 0.0208333 0.00494385
3 0.175 0.260625 0.00875001 0.0554167 0.0046463
0 0.65875 0.165556 0.0175001 0.0305556 0.00419998
3 0.85875 0.315 0.0175 0.0677778 0.00419998
0 0.545 0.121806 0.013125 0.0191667 0.00419998
0 0.519688 0.139306 0.0125 0.0188889 0.00416565
0 0.0051416 0.461389 0.0102832 0.0877778 0.00340271
3 0.8525 0.315556 0.0175 0.07 0.00329781
0 0.00916992 0.47 0.0183008 0.0833334 0.00305176
0 0.97 0.457222 0.06 0.0811111 0.00286674
0 0.659375 0.178056 0.0125 0.0333333 0.00242424
0 0.605625 0.0805556 0.00374997 0.00972222 0.00209045
0 0.98 0.458889 0.04 0.08 0.00185299
0 0.56125 0.0997222 0.00874996 0.00833333 0.00171375
0 0.64 0.141667 0.0125 0.0222222 0.00165462
0 0.555625 0.102639 0.00749995 0.0119444 0.00150108
0 0.011748 0.603333 0.023418 0.13 0.00142097
7 0.975 0.594444 0.00750001 0.0244444 0.00141621
0 0.011582 0.479444 0.0230078 0.0811111 0.00138855
0 0.62625 0.118889 0.00750001 0.0141667 0.00130939
0 0.666875 0.1775 0.01875 0.0416667 0.00129414
0 0.00351074 0.456111 0.00700195 0.0777778 0.00119686
0 0.65625 0.159722 0.0175 0.0294444 0.00118351
0 0.49875 0.150694 0.01125 0.0230556 0.00118351
7 0.964375 0.927778 0.07 0.141111 0.00117874
0 0.45375 0.200833 0.02625 0.0438889 0.00110722
0 0.632188 0.124722 0.00875003 0.0188889 0.00104809
0 0.397188 0.2525 0.0425 0.0527778 0.00104046
