0 0.0472656 0.607778 0.0939063 0.157778 0.946777
0 0.0427246 0.334444 0.0642383 0.0766667 0.944336
0 0.92875 0.772778 0.1175 0.207778 0.944336
0 0.87625 0.541111 0.0825 0.155556 0.9375
0 0.693125 0.343889 0.12 0.085 0.9375
0 0.886875 0.505278 0.17125 0.133889 0.931641
0 0.344063 0.289444 0.054375 0.0633333 0.927734
0 0.970625 0.311111 0.05875 0.0711111 0.925781
0 0.9125 0.635556 0.13 0.143333 0.923828
0 0.0888867 0.527222 0.0797266 0.142222 0.920898
0 0.775 0.292222 0.0625001 0.0622222 0.913086
0 0.929375 0.468889 0.14125 0.11 0.911621
0 0.963125 0.926667 0.0725 0.144444 0.909668
0 0.0377344 0.488333 0.0754688 0.106667 0.868652
0 0.36625 0.273889 0.035 0.0566667 0.863281
0 0.39 0.255833 0.03625 0.05 0.842773
0 0.52375 0.139028 0.015 0.0197222 0.838867
0 0.420938 0.222778 0.03125 0.045 0.82666
0 0.68875 0.207778 0.03 0.0461111 0.823242
0 0.954063 0.424444 0.091875 0.104444 0.819824
2 0.567188 0.151806 0.015625 0.0255555 0.816406
0 0.7175 0.272222 0.04 0.0538889 0.799316
0 0.401563 0.240278 0.03 0.0477778 0.794434
0 0.705625 0.256736 0.035 0.0531944 0.774414
6 0.71875 0.313889 0.0725 0.0733333 0.730957
0 0.47 0.171944 0.02 0.0294444 0.720215
0 0.43875 0.19875 0.026875 0.0422222 0.70752
0 0.479375 0.161389 0.0175 0.0294444 0.675781
3 0.67625 0.245833 0.00875003 0.0527778 0.611328
0 0.532813 0.124167 0.011875 0.0205556 0.533203
0 0.7025 0.234444 0.0325 0.0516667 0.494141
0 0.696875 0.226528 0.03 0.0458333 0.315674
0 0.588125 0.0915278 0.00625 0.0118056 0.305664
0 0.67 0.182917 0.0225 0.0397222 0.162964
3 0.675 0.245556 0.0125 0.0566667 0.134277
0 0.6925 0.224167 0.025 0.0472222 0.12085
0 0.711875 0.306944 0.0550001 0.0627778 0.0930176
0 0.0199121 0.576806 0.0398242 0.101944 0.0639648
0 0.0131543 0.588333 0.0263086 0.131111 0.0509033
3 0.68625 0.241667 0.0225 0.0605556 0.0474243
0 0.574375 0.0857639 0.00625 0.00916667 0.0406799
0 0.0114746 0.568333 0.0229492 0.0988889 0.0401001
0 0.0150488 0.694444 0.0300977 0.168889 0.0362244
0 0.455 0.183333 0.02 0.0316667 0.0278015
0 0.00819824 0.552222 0.0162988 0.0966667 0.0240479
0 0.462188 0.176389 0.01625 0.0302778 0.0239563
0 0.5875 0.0854861 0.00625 0.0109722 0.0223694
0 0.497188 0.144722 0.01375 0.0258333 0.021698
0 0.489375 0.149861 0.01625 0.0288889 0.0207977
0 0.46 0.180278 0.01875 0.0305556 0.0159607
0 0.434688 0.208333 0.024375 0.0394444 0.0151291
0 0.99125 0.428889 0.0175 0.101111 0.0132751
0 0.9925 0.418889 0.015 0.0888889 0.012146
0 0.66 0.171944 0.0175 0.0322222 0.0116425
0 0.587188 0.0952778 0.00687497 0.0111111 0.00981903
0 0.6725 0.188194 0.0225 0.0408333 0.00831604
3 0.71375 0.175278 0.00499999 0.0227778 0.008255
3 0.67875 0.251944 0.0125 0.0716667 0.00818634
0 0.655 0.164028 0.02 0.0263889 0.00818634
0 0.499375 0.145417 0.01375 0.0238889 0.00796509
0 0.71125 0.308333 0.0775 0.0644445 0.00728989
3 0.165469 0.266389 0.00656249 0.0333333 0.00723267
3 0.73875 0.203056 0.00750001 0.0361111 0.00701141
0 0.544375 0.105139 0.00750001 0.0175 0.00677109
3 0.72375 0.193889 0.00625 0.0244444 0.00671768
3 0.725 0.194167 0.00499999 0.0322222 0.00656509
0 0.65875 0.176389 0.0125 0.0311111 0.00424957
0 0.655 0.160833 0.0175 0.0272222 0.00382423
3 0.72875 0.196389 0.00625 0.0361111 0.00378036
0 0.531563 0.126389 0.010625 0.0216667 0.00359344
3 0.71625 0.183611 0.00499999 0.0227778 0.00356483
0 0.485313 0.147778 0.014375 0.0283333 0.00351143
3 0.736875 0.196944 0.00749995 0.04 0.00348282
0 0.524375 0.125556 0.00874999 0.02 0.00298119
0 0.66 0.166528 0.02 0.0333333 0.00254059
0 0.5375 0.120139 0.015625 0.0238889 0.00243378
3 0.596875 0.131111 0.00499999 0.0155555 0.00228691
0 0.98125 0.428611 0.0374999 0.103333 0.00209999
0 0.71125 0.263611 0.0425 0.0527778 0.00209045
0 0.99 0.305 0.0199999 0.0627778 0.00208282
3 0.705625 0.170833 0.00500005 0.0213889 0.00187492
0 0.98625 0.418611 0.0275 0.0872222 0.00181007
0 0.45875 0.172222 0.0275 0.0369445 0.00176811
0 0.6475 0.149167 0.01625 0.0255556 0.00171375
0 0.636563 0.137222 0.011875 0.0211111 0.00166798
0 0.641406 0.139444 0.0146875 0.0255556 0.0015974
0 0.00818359 0.460556 0.0163672 0.0766667 0.00159168
0 0.447188 0.189028 0.024375 0.0411111 0.00152493
0 0.70375 0.258889 0.04125 0.0666667 0.00148964
5 0.605625 0.0766667 0.00625 0.0144444 0.00137806
3 0.1675 0.266667 0.00874999 0.055 0.00124931
0 0.0127734 0.538333 0.0254297 0.117778 0.00123978
0 0.00539063 0.458889 0.0107813 0.0644445 0.00110722
0 0.56625 0.0798611 0.00499999 0.0111111 0.00104809
