0 0.0442969 0.338056 0.0644531 0.0772222 0.951172
0 0.0478125 0.610556 0.095625 0.158889 0.946777
0 0.93 0.774444 0.1175 0.208889 0.945312
0 0.876875 0.543333 0.0825 0.155556 0.938965
0 0.888125 0.507222 0.17125 0.133333 0.931152
0 0.97125 0.313056 0.0575 0.0727778 0.927246
0 0.914375 0.638889 0.13125 0.144444 0.92627
0 0.345 0.292222 0.05625 0.0644445 0.924316
0 0.087793 0.530556 0.0844141 0.143333 0.921875
0 0.96375 0.926667 0.0725 0.144444 0.92041
0 0.71875 0.275 0.04375 0.0566666 0.905762
0 0.93 0.470556 0.14 0.108889 0.905273
0 0.0392969 0.491111 0.0785938 0.112222 0.893066
0 0.69 0.211667 0.0300001 0.05 0.884766
0 0.391875 0.258403 0.03625 0.0520833 0.881836
0 0.4075 0.243056 0.0325 0.0455556 0.861328
0 0.366875 0.276042 0.035625 0.0568056 0.861328
0 0.423438 0.223889 0.03125 0.0461111 0.856934
3 0.178594 0.361111 0.0140625 0.0822222 0.853027
0 0.954688 0.426111 0.0906249 0.103333 0.84082
0 0.70875 0.26 0.0362501 0.0566667 0.803223
0 0.524375 0.141667 0.015 0.0194444 0.788086
2 0.598125 0.18 0.0125 0.0338889 0.782715
0 0.69875 0.232778 0.0325 0.0522222 0.778809
0 0.471875 0.173333 0.02 0.0294444 0.712402
0 0.440625 0.201528 0.0275 0.0436111 0.663574
0 0.482188 0.160278 0.0175 0.0291667 0.5
0 0.535 0.127361 0.01125 0.0197222 0.379395
0 0.015498 0.707778 0.0308789 0.205556 0.181274
0 0.436875 0.206389 0.025 0.0422222 0.16394
0 0.5325 0.126667 0.01125 0.0175 0.118408
0 0.695 0.229444 0.02875 0.0511111 0.0891113
0 0.671875 0.183194 0.02375 0.0383333 0.0792236
0 0.45625 0.186667 0.02 0.0338889 0.0337219
0 0.70875 0.267292 0.0300001 0.0476389 0.0186462
0 0.46125 0.179722 0.015 0.03 0.0179138
0 0.9925 0.412778 0.015 0.0722222 0.0168457
0 0.99 0.416667 0.0199999 0.0833333 0.0126266
0 0.520625 0.138333 0.0125 0.0194444 0.0115509
0 0.54 0.117222 0.0112501 0.0202778 0.0105286
0 0.54 0.127222 0.0125 0.0186111 0.0104904
0 0.49125 0.153611 0.01625 0.03 0.00948334
0 0.9875 0.428611 0.0249999 0.0988889 0.00888062
3 0.74 0.204444 0.00749995 0.0377778 0.00734711
0 0.658125 0.176389 0.0125 0.0305556 0.00703812
0 0.66 0.173889 0.02 0.0333333 0.00527954
0 0.98375 0.418611 0.0325 0.0844444 0.00518036
7 0.529375 0.84 0.00437501 0.0155555 0.00502014
0 0.460313 0.183472 0.019375 0.0333333 0.00438309
0 0.659375 0.165278 0.02 0.0316667 0.00382423
0 0.65375 0.156944 0.0175 0.0266667 0.00380898
0 0.5525 0.102917 0.00749995 0.0130556 0.00365067
0 0.507813 0.139722 0.0125 0.0211111 0.00362206
0 0.4275 0.219444 0.0425 0.0536111 0.00352478
0 0.561875 0.104514 0.00749995 0.0148611 0.0028553
0 0.500938 0.147778 0.014375 0.0222222 0.0024147
0 0.994375 0.301667 0.01125 0.0666667 0.00235939
0 0.575 0.0806945 0.00562496 0.0119444 0.00223351
0 0.96 0.409444 0.08 0.0755556 0.00215721
0 0.45375 0.191111 0.0275 0.0388889 0.00201988
0 0.485625 0.16 0.021875 0.0297222 0.00177479
0 0.648125 0.155556 0.015 0.0244445 0.00142097
0 0.493125 0.142639 0.01 0.0236111 0.00139427
2 0.595938 0.177778 0.01625 0.0380555 0.00138855
0 0.635625 0.136389 0.0125 0.0227778 0.00137234
5 0.605 0.0752778 0.00499999 0.0161111 0.00115108
7 0.96375 0.927222 0.07125 0.143333 0.00114727
0 0.98625 0.408056 0.0275 0.0722222 0.0011158
0 0.00992676 0.595556 0.019834 0.115556 0.00109005
