0 0.0467188 0.606528 0.0934375 0.158056 0.946289
0 0.928125 0.772222 0.1175 0.208889 0.944336
0 0.0423828 0.334444 0.0642969 0.0772222 0.942383
0 0.773125 0.2925 0.06625 0.0627778 0.936523
0 0.87625 0.541111 0.0825 0.155556 0.936035
0 0.886875 0.505278 0.17125 0.133889 0.931152
6 0.195938 0.528611 0.06375 0.159444 0.930664
0 0.970625 0.311111 0.05875 0.0711111 0.927734
0 0.9125 0.635556 0.13 0.144444 0.91748
0 0.0892188 0.527778 0.0790625 0.143333 0.915039
0 0.92875 0.468889 0.1425 0.111111 0.912598
0 0.9625 0.926667 0.0725 0.144444 0.909668
0 0.7175 0.273056 0.0425 0.0566666 0.906738
0 0.509688 0.179444 0.024375 0.0330556 0.901367
0 0.344375 0.290556 0.055625 0.0655555 0.867188
0 0.39 0.254931 0.035 0.0523611 0.858887
0 0.0390039 0.4875 0.0780078 0.106111 0.853027
0 0.689375 0.210556 0.02875 0.0522222 0.845703
0 0.365 0.273889 0.035 0.0561111 0.84082
0 0.420625 0.221944 0.03125 0.0444444 0.834473
0 0.954375 0.424167 0.09125 0.104444 0.82666
0 0.5225 0.138889 0.015 0.0205556 0.794434
0 0.40125 0.240278 0.03125 0.0494445 0.777344
0 0.70625 0.259444 0.035 0.0572222 0.764648
0 0.470625 0.171389 0.019375 0.0288889 0.749023
0 0.47875 0.160556 0.01875 0.03 0.725098
0 0.69875 0.232083 0.035 0.0519444 0.705566
0 0.438438 0.197778 0.02625 0.0427778 0.697754
0 0.543125 0.129306 0.013125 0.0241667 0.609375
0 0.670625 0.184444 0.02375 0.0422222 0.26123
0 0.532813 0.118889 0.010625 0.0161111 0.256836
2 0.531875 0.1475 0.00749998 0.0222222 0.203125
0 0.69375 0.225694 0.0275 0.0472222 0.105591
0 0.459688 0.180278 0.02 0.0322222 0.0966797
0 0.489375 0.15 0.01625 0.0288889 0.0907593
0 0.344063 0.292222 0.040625 0.0655555 0.0859985
0 0.395 0.25 0.0325 0.05 0.0592041
0 0.52375 0.131389 0.014375 0.0208333 0.0514526
0 0.012168 0.589028 0.0243359 0.119722 0.0391846
3 0.34625 0.293889 0.02375 0.0633333 0.0350037
0 0.0108984 0.57 0.0216406 0.0977778 0.0347595
2 0.678125 0.152778 0.00750001 0.0227778 0.0342407
0 0.7025 0.2475 0.035 0.0527778 0.0293121
0 0.539062 0.128889 0.014375 0.0252778 0.0267639
0 0.583438 0.0795139 0.00562503 0.00902778 0.0240479
3 0.73875 0.202083 0.00750001 0.0363889 0.0214539
3 0.73625 0.200972 0.00750001 0.0338889 0.0207977
0 0.490938 0.14625 0.015 0.0275 0.0194244
0 0.0152734 0.576111 0.0305469 0.0977778 0.0192719
3 0.93125 0.299444 0.01 0.0455555 0.016922
0 0.989375 0.43 0.02125 0.102778 0.014061
0 0.66 0.173611 0.0175 0.0305556 0.0137939
0 0.0150586 0.691111 0.0300781 0.166667 0.0136337
0 0.59375 0.0786111 0.00562496 0.0102778 0.0129242
0 0.9925 0.413333 0.015 0.0761111 0.0112
0 0.52375 0.124722 0.00999997 0.0172222 0.00937653
3 0.6775 0.148889 0.00749995 0.0288889 0.00881195
0 0.00862793 0.552778 0.0171973 0.09 0.00878143
0 0.708125 0.266944 0.03375 0.0505556 0.00831604
3 0.165 0.262222 0.00718749 0.0383334 0.00809479
0 0.654375 0.163611 0.01875 0.025 0.00769424
0 0.6525 0.157222 0.01875 0.0280556 0.00751877
0 0.488125 0.146944 0.014375 0.0272222 0.00731659
0 0.360625 0.279722 0.03375 0.0555556 0.00664139
0 0.435 0.206111 0.0225 0.0402778 0.00579834
3 0.72375 0.194583 0.00499999 0.025 0.00432968
0 0.459375 0.173611 0.025 0.0355556 0.00419998
0 0.5 0.146389 0.013125 0.0244444 0.0039444
0 0.9825 0.427778 0.035 0.102222 0.00367928
0 0.985 0.418056 0.03 0.0866667 0.00358009
0 0.498125 0.141806 0.01625 0.0252778 0.00340271
0 0.3525 0.291111 0.0375 0.0644445 0.00324821
3 0.167969 0.267292 0.0065625 0.0365278 0.00319672
3 0.933125 0.297778 0.00999997 0.05 0.00302696
0 0.641094 0.139167 0.0153125 0.0255556 0.00263214
0 0.646875 0.150833 0.01625 0.0266667 0.0026207
0 0.523125 0.143611 0.015625 0.025 0.00261116
0 0.636875 0.137778 0.0125 0.0205556 0.00245285
3 0.73 0.203333 0.00750001 0.0380556 0.00245285
3 0.69 0.161944 0.00625 0.0266667 0.00243378
0 0.499063 0.1425 0.01 0.0216667 0.00235939
3 0.695 0.171389 0.00499999 0.0244444 0.00213242
0 0.991875 0.303333 0.01625 0.0633333 0.00194168
0 0.00576172 0.458333 0.0111328 0.0605555 0.00185299
3 0.71625 0.185556 0.00499999 0.0233333 0.00168705
3 0.72625 0.195833 0.00499999 0.0322222 0.00168133
3 0.71375 0.173611 0.00499999 0.0255555 0.00156116
0 0.6825 0.210278 0.035 0.0575 0.00155449
0 0.660625 0.163194 0.0175 0.0322222 0.0014782
3 0.695 0.159028 0.00499999 0.0291667 0.00136185
0 0.444375 0.191389 0.024375 0.0441667 0.0012846
0 0.550938 0.0959722 0.00999997 0.0136111 0.00118828
0 0.545 0.106667 0.00875003 0.0205556 0.00113392
0 0.00818848 0.461111 0.016377 0.0722222 0.00112438
7 0.41625 0.418333 0.00500002 0.0133334 0.00108624
0 0.4725 0.167639 0.01875 0.0308333 0.00106525
