0 0.0441797 0.338889 0.0642188 0.0777778 0.946777
0 0.0476563 0.611111 0.0951563 0.157778 0.946777
0 0.93 0.775556 0.1175 0.208889 0.946289
0 0.876875 0.543194 0.0825 0.155833 0.94043
0 0.69625 0.523056 0.095 0.138333 0.939453
0 0.7875 0.294444 0.0725 0.0622222 0.933105
0 0.97125 0.312778 0.0575 0.0722222 0.930664
0 0.888125 0.507778 0.17125 0.133333 0.930664
0 0.914375 0.638889 0.13125 0.146667 0.925781
0 0.345625 0.2925 0.054375 0.065 0.924316
0 0.96375 0.926667 0.0725 0.144444 0.919434
0 0.509375 0.265278 0.038125 0.0572222 0.917969
0 0.0879688 0.531111 0.0840625 0.142222 0.911133
0 0.71875 0.275 0.0425 0.0566666 0.904785
0 0.0391406 0.491111 0.0782813 0.11 0.901855
0 0.93 0.470556 0.14 0.11 0.901855
0 0.69 0.2125 0.0300001 0.0488889 0.890137
0 0.391875 0.258264 0.03625 0.05125 0.884277
3 0.131563 0.421944 0.0175 0.0927778 0.878906
0 0.539062 0.153056 0.019375 0.0294444 0.878418
0 0.422813 0.224306 0.03125 0.0463889 0.873047
0 0.366875 0.274722 0.035 0.0538889 0.859863
0 0.4075 0.243056 0.03125 0.0455556 0.856934
6 0.191563 0.332778 0.05125 0.0833333 0.855469
0 0.954688 0.426389 0.0906249 0.102778 0.819824
0 0.70875 0.260625 0.0375 0.0565278 0.818848
0 0.55625 0.139167 0.015 0.0230555 0.808105
0 0.524375 0.141389 0.01375 0.02 0.770508
0 0.575313 0.119444 0.011875 0.0155556 0.762207
0 0.7 0.234583 0.0325 0.0497222 0.753418
0 0.47125 0.173611 0.02 0.03 0.740234
0 0.44 0.200556 0.02625 0.0416667 0.73584
0 0.481875 0.161528 0.0175 0.0280556 0.613281
0 0.0156348 0.710556 0.0311914 0.202222 0.212769
0 0.4375 0.205833 0.025 0.0433333 0.166138
0 0.530938 0.128333 0.01125 0.0166667 0.129395
0 0.533125 0.123889 0.01 0.02 0.122925
0 0.695 0.230278 0.0275 0.0472222 0.104492
0 0.540625 0.113472 0.01 0.0152778 0.0974121
0 0.458438 0.183889 0.016875 0.0294444 0.0974121
0 0.67125 0.184167 0.0225 0.0411111 0.0742188
0 0.53125 0.130556 0.0125 0.0233333 0.0314941
0 0.519375 0.136806 0.010625 0.0194444 0.0281067
0 0.7075 0.267153 0.03 0.0468056 0.0229797
2 0.65625 0.178056 0.01 0.0288889 0.0224609
0 0.49 0.152222 0.015 0.0272222 0.0162811
0 0.549062 0.134306 0.014375 0.0255556 0.0162201
0 0.5525 0.134722 0.01625 0.0222222 0.0129242
0 0.66875 0.179722 0.0225 0.0391667 0.0104065
0 0.99125 0.417778 0.0175 0.08 0.00963593
0 0.988125 0.428611 0.02375 0.0955555 0.00703812
0 0.65875 0.176667 0.0175001 0.0316667 0.00638962
5 0.605 0.0765278 0.00499999 0.0136111 0.0041008
0 0.426875 0.219167 0.0425 0.0533333 0.0041008
0 0.654375 0.160417 0.01625 0.0252778 0.00385475
0 0.623125 0.117222 0.00999997 0.015 0.0037365
0 0.635313 0.137083 0.0106249 0.0208333 0.00367928
0 0.6725 0.189306 0.02 0.0408333 0.00353813
3 0.132188 0.408333 0.0203125 0.0811111 0.00353813
3 0.74 0.205139 0.00749995 0.0355556 0.00351143
0 0.66 0.165 0.0175 0.0308333 0.00329781
0 0.98375 0.415556 0.0325 0.0766667 0.00302696
0 0.490625 0.144028 0.0125 0.0233333 0.00290108
0 0.642656 0.138889 0.0146875 0.0238889 0.00269318
0 0.635 0.130139 0.01375 0.0216667 0.00263214
0 0.521875 0.125 0.01 0.0188889 0.00255013
0 0.994375 0.301389 0.01125 0.0616667 0.0024929
0 0.54125 0.108472 0.00999997 0.0191667 0.00235939
0 0.465313 0.184722 0.01875 0.035 0.00228691
0 0.55125 0.102153 0.009375 0.0134722 0.00222588
7 0.53 0.839444 0.00499999 0.0177777 0.00219917
0 0.6525 0.161667 0.0125 0.0238889 0.00219154
0 0.498438 0.146667 0.016875 0.0222222 0.00208282
0 0.0127637 0.595556 0.0254883 0.112222 0.00206757
0 0.47125 0.168333 0.01875 0.0313889 0.00199509
0 0.55125 0.121667 0.01125 0.02 0.00160408
0 0.499375 0.14 0.01375 0.0222222 0.00157356
0 0.965 0.408333 0.0675 0.0722222 0.00153637
0 0.97125 0.3975 0.035 0.0522222 0.00142097
0 0.61625 0.0977778 0.00687497 0.0111111 0.00136662
7 0.96375 0.927222 0.07125 0.143333 0.00134563
0 0.6475 0.154861 0.0125 0.0244445 0.00132465
0 0.9825 0.428056 0.035 0.0983333 0.00124454
0 0.635 0.126944 0.0125 0.0216667 0.00123501
0 0.9625 0.456111 0.0749999 0.0855556 0.00116062
0 0.45375 0.190833 0.02625 0.0388889 0.00108147
