0 0.93375 0.779444 0.1175 0.207778 0.950195
0 0.0502734 0.617222 0.100547 0.156667 0.946777
0 0.881875 0.548889 0.08375 0.157778 0.94043
0 0.0486719 0.343333 0.0648438 0.0777778 0.935059
0 0.8925 0.5125 0.17 0.135 0.932129
6 0.279688 0.583333 0.089375 0.186667 0.931641
0 0.791875 0.299167 0.0725 0.0622222 0.931152
0 0.97375 0.317778 0.0525 0.0722222 0.925293
0 0.349375 0.298333 0.055 0.065 0.922852
0 0.0926367 0.537222 0.0837891 0.143333 0.921387
0 0.965 0.928333 0.07 0.141111 0.920898
0 0.91875 0.643333 0.13 0.146667 0.915527
0 0.72375 0.280556 0.0425 0.0577778 0.906738
0 0.0407422 0.498333 0.0814844 0.11 0.906738
0 0.930625 0.475833 0.13875 0.111667 0.902832
3 0.144844 0.560556 0.0259375 0.0633334 0.889648
0 0.694375 0.217639 0.02875 0.0497222 0.867188
0 0.426875 0.23 0.03125 0.0472222 0.866211
0 0.395938 0.262778 0.035625 0.0516667 0.853027
0 0.371875 0.282222 0.035 0.0577778 0.845703
0 0.411875 0.248472 0.031875 0.0469444 0.844727
0 0.956563 0.428611 0.086875 0.0977778 0.834473
0 0.53 0.146389 0.015 0.0194444 0.778809
0 0.7125 0.2675 0.035 0.0511111 0.747559
0 0.48625 0.169167 0.01875 0.03 0.720215
0 0.70375 0.239167 0.035 0.0538889 0.71875
0 0.470625 0.182917 0.020625 0.035 0.6875
0 0.442813 0.207917 0.025 0.0416667 0.6875
0 0.539375 0.131667 0.01125 0.0222222 0.464844
0 0.460938 0.193333 0.01875 0.0311111 0.339844
0 0.6275 0.147639 0.0175001 0.0238889 0.319092
0 0.0167285 0.718889 0.0333398 0.217778 0.287842
0 0.67625 0.191111 0.02375 0.0405556 0.147583
0 0.526563 0.143889 0.013125 0.0208333 0.103394
0 0.503125 0.151528 0.0125 0.0236111 0.0379028
5 0.628125 0.146111 0.0175 0.0272222 0.037323
0 0.46375 0.18875 0.01625 0.0305556 0.0339661
0 0.54 0.12875 0.01375 0.0255556 0.0282135
0 0.625313 0.144722 0.013125 0.0283333 0.0244293
0 0.7075 0.247083 0.04 0.0519445 0.0210419
0 0.63375 0.124167 0.00749995 0.0180556 0.0173798
0 0.98125 0.42 0.0374999 0.0844444 0.01297
0 0.545313 0.12875 0.01125 0.0202778 0.0110703
0 0.535625 0.135833 0.0125 0.0225 0.0108185
0 0.973125 0.43 0.05375 0.0977778 0.0104904
0 0.5525 0.115417 0.009375 0.0144444 0.00837708
0 0.555 0.103403 0.00750001 0.0134722 0.00831604
0 0.655 0.163194 0.0175 0.0252778 0.0078125
0 0.6625 0.171389 0.0225 0.0316667 0.0068512
0 0.99 0.411111 0.0199999 0.0744444 0.00669098
3 0.74 0.204722 0.00749995 0.0344444 0.00629044
0 0.64 0.147222 0.0137499 0.0211111 0.00612259
0 0.663125 0.166667 0.01875 0.0291667 0.00538635
0 0.658125 0.163056 0.02125 0.0302778 0.00496292
0 0.48 0.176528 0.015 0.03 0.00479126
0 0.641094 0.1425 0.0128125 0.0216667 0.00457382
5 0.57 0.0940278 0.00812499 0.0156944 0.00443268
0 0.984375 0.430833 0.0312499 0.0983333 0.00439835
0 0.626875 0.117222 0.00750001 0.0116667 0.0041008
3 0.68 0.211806 0.0125 0.0416667 0.00403976
0 0.534375 0.133333 0.01375 0.0216667 0.00391388
7 0.73 0.203611 0.00499999 0.0211111 0.00313568
0 0.70125 0.225556 0.03375 0.0447222 0.00299263
0 0.966875 0.411111 0.065 0.0655556 0.00270462
0 0.9825 0.310556 0.035 0.0633333 0.00259018
2 0.99625 0.187083 0.00749995 0.0852778 0.00237846
5 0.604375 0.0768056 0.00625 0.0141667 0.00226974
3 0.70375 0.167778 0.00499999 0.03 0.00209999
0 0.629375 0.128472 0.01125 0.0213889 0.00209045
0 0.00632813 0.454444 0.0126367 0.0911111 0.00201035
0 0.98375 0.408333 0.0325 0.07 0.00190449
0 0.47375 0.175556 0.02 0.0322222 0.0018034
5 0.624375 0.106528 0.00875003 0.0180556 0.00174141
3 0.695 0.170278 0.00499999 0.0183333 0.00155449
7 0.965625 0.928333 0.0687499 0.14 0.00138855
0 0.453438 0.201389 0.0225 0.0405556 0.00138855
0 0.0110156 0.468333 0.0219531 0.0777778 0.00132465
0 0.00417725 0.443333 0.00835449 0.106667 0.00131512
0 0.564688 0.0963194 0.00687497 0.0138889 0.00130463
0 0.385313 0.260278 0.02875 0.0477778 0.00112438
0 0.43875 0.213333 0.02875 0.0455556 0.00101185
