0 0.0460156 0.605694 0.0920313 0.159722 0.950195
0 0.9275 0.771667 0.1175 0.206667 0.945312
0 0.7725 0.291111 0.0675001 0.0633333 0.941895
0 0.0416797 0.333333 0.0639844 0.0755556 0.939941
0 0.875 0.538889 0.0825 0.153333 0.93457
0 0.885 0.503611 0.17 0.133889 0.926758
0 0.91125 0.633333 0.13 0.142222 0.926758
0 0.3425 0.288333 0.05375 0.0622222 0.924316
0 0.0878906 0.525556 0.0789063 0.138889 0.922363
0 0.97 0.309722 0.06 0.0705555 0.921387
0 0.929375 0.4675 0.14125 0.110556 0.916504
0 0.71625 0.272292 0.0425 0.0554166 0.900391
0 0.9625 0.926667 0.0749999 0.144444 0.871582
0 0.0379492 0.485556 0.0758984 0.105556 0.863281
0 0.688125 0.207917 0.0275 0.0491667 0.842773
0 0.419375 0.221806 0.03125 0.0436111 0.84082
2 0.39 0.292222 0.019375 0.0633333 0.838867
0 0.389063 0.253611 0.03625 0.0505556 0.82666
0 0.5225 0.136389 0.015625 0.0205556 0.823242
0 0.953438 0.423889 0.093125 0.106667 0.806641
0 0.365938 0.271944 0.036875 0.0544444 0.803223
0 0.705 0.257222 0.03625 0.0561111 0.795898
0 0.4 0.239167 0.029375 0.0472222 0.769043
0 0.46875 0.170833 0.01875 0.0288889 0.716797
0 0.611875 0.124722 0.0137499 0.0177778 0.715332
0 0.436875 0.196111 0.025 0.0416667 0.682617
0 0.4775 0.16 0.01875 0.0305556 0.642578
3 0.92875 0.296944 0.00999997 0.0494445 0.508789
2 0.92375 0.956667 0.0525 0.0866666 0.488281
0 0.700625 0.233611 0.0325 0.0494444 0.480469
0 0.53125 0.1225 0.01125 0.02 0.449463
0 0.610938 0.122222 0.013125 0.0216667 0.324219
0 0.526875 0.125417 0.01125 0.0161111 0.246582
0 0.92375 0.955 0.0525 0.0877778 0.233765
3 0.924375 0.955556 0.05375 0.0877778 0.105591
0 0.695625 0.231667 0.03125 0.0488889 0.101257
0 0.695 0.224583 0.025 0.0441667 0.0910645
0 0.392813 0.247361 0.035625 0.0452778 0.069519
0 0.0090625 0.560556 0.0179883 0.09 0.0630493
0 0.989375 0.428889 0.02125 0.0977778 0.0600891
0 0.014541 0.697778 0.029043 0.182222 0.0598755
0 0.61375 0.100833 0.00687497 0.0136111 0.0572815
0 0.67 0.181389 0.0225 0.0372222 0.0435181
0 0.010332 0.585556 0.0206641 0.126667 0.0406799
0 0.456875 0.181389 0.02 0.0305556 0.0399475
0 0.495625 0.142778 0.0125 0.0222222 0.0299835
0 0.48875 0.150417 0.015 0.0252778 0.0239563
3 0.96625 0.285556 0.00749995 0.0466667 0.0205688
0 0.99125 0.414167 0.0175 0.0755555 0.0181885
0 0.631875 0.131667 0.01125 0.0194444 0.0164642
0 0.981875 0.428056 0.03625 0.101111 0.0133743
0 0.459688 0.17875 0.01625 0.0272222 0.0121918
0 0.67375 0.1875 0.0175 0.0361111 0.0115967
0 0.655 0.16375 0.01875 0.0291667 0.0112457
0 0.380313 0.270556 0.03375 0.0505555 0.0108185
3 0.72375 0.195139 0.00625 0.0211111 0.00952148
0 0.6575 0.171389 0.0175 0.0316667 0.00919342
0 0.96875 0.455556 0.0624999 0.0855555 0.00834656
3 0.725625 0.196389 0.00499999 0.0255556 0.00812531
0 0.0139551 0.569028 0.0279102 0.0952777 0.00809479
0 0.991875 0.458056 0.01625 0.0805556 0.00731659
3 0.84625 0.275 0.0125 0.0616667 0.00728989
2 0.655 0.176667 0.01 0.0294444 0.00698471
0 0.99 0.450833 0.0199999 0.0827778 0.00643921
0 0.386875 0.273958 0.02875 0.0576389 0.00471878
0 0.53875 0.116944 0.01375 0.0211111 0.00468063
0 0.544063 0.103403 0.00687504 0.0145833 0.00407028
0 0.623125 0.121389 0.00812499 0.0155556 0.00379562
5 0.59625 0.0631944 0.00749995 0.0166667 0.00344276
0 0.0219531 0.575694 0.0439063 0.104167 0.00338936
3 0.735 0.1975 0.00750001 0.0372222 0.00335121
0 0.9825 0.457778 0.035 0.09 0.00329781
3 0.96625 0.288333 0.03125 0.0622222 0.00282288
0 0.646875 0.151806 0.01625 0.0255555 0.00281143
3 0.966875 0.277778 0.00750001 0.0422222 0.00275803
0 0.608125 0.103611 0.00812499 0.0127778 0.00261116
3 0.80125 0.242778 0.0125 0.0438889 0.00254059
3 0.93 0.291111 0.0175 0.0638889 0.0024147
0 0.444063 0.194306 0.023125 0.0377778 0.00215721
1 0.125078 0.236944 0.230469 0.470556 0.00200272
3 0.924375 0.972222 0.05375 0.0555555 0.00190449
0 0.95625 0.406667 0.0874999 0.0733333 0.00188255
3 0.596875 0.137083 0.00625 0.0208333 0.00182438
0 0.5 0.141667 0.00874999 0.0211111 0.00176144
0 0.640625 0.140972 0.015 0.0238889 0.00171375
0 0.70625 0.266597 0.035 0.0545833 0.00159168
0 0.00516113 0.4525 0.0103223 0.0661111 0.00158501
0 0.9825 0.306111 0.035 0.0655555 0.00146675
0 0.99 0.303333 0.0199999 0.0666667 0.00145531
0 0.954375 0.447778 0.09 0.0755556 0.00140476
0 0.481875 0.157361 0.01875 0.0286111 0.00133514
0 0.631875 0.126111 0.011875 0.0205556 0.00131989
0 0.699375 0.245556 0.03125 0.0566667 0.00130463
3 0.59625 0.150417 0.00500005 0.0283333 0.0012846
0 0.68125 0.211667 0.03 0.0522222 0.00127888
0 0.533125 0.110799 0.01125 0.0239583 0.00124931
0 0.51375 0.131806 0.0125 0.0258333 0.00123978
0 0.99125 0.477778 0.0175 0.112222 0.00123024
7 0.0460547 0.606111 0.0913281 0.158889 0.00113392
0 0.459375 0.171528 0.0275 0.0355556 0.00111198
0 0.4225 0.20625 0.0325 0.0386111 0.00103664
