0 0.935625 0.783889 0.1175 0.211111 0.94873
0 0.0517188 0.62 0.103125 0.157778 0.947266
0 0.89375 0.515 0.17 0.134444 0.934082
0 0.88375 0.551667 0.0825 0.157778 0.933105
0 0.97375 0.319444 0.0525 0.0711111 0.932617
0 0.0511328 0.346111 0.0644531 0.0777778 0.932129
0 0.794375 0.301111 0.0737501 0.0622222 0.928223
0 0.0954883 0.54 0.084336 0.142222 0.927734
0 0.9675 0.930556 0.065 0.136667 0.927246
0 0.92 0.645556 0.1325 0.146667 0.918945
0 0.9325 0.48 0.135 0.116667 0.907227
0 0.399375 0.266736 0.035 0.0520833 0.906738
0 0.3725 0.285833 0.0425 0.0588889 0.898926
0 0.725 0.282778 0.0425 0.0577778 0.896973
0 0.696875 0.220417 0.03 0.0505555 0.875
0 0.42875 0.233056 0.0325 0.0472222 0.867188
0 0.414063 0.251597 0.033125 0.0468055 0.862305
0 0.9575 0.430278 0.085 0.0994444 0.855957
5 0.595313 0.141389 0.016875 0.0344444 0.78125
0 0.5325 0.149167 0.015 0.0211111 0.773438
0 0.48875 0.171389 0.018125 0.0294444 0.750488
0 0.705625 0.242778 0.035 0.0511111 0.73584
0 0.714375 0.2675 0.0375 0.0572222 0.728027
0 0.447813 0.209167 0.028125 0.0444444 0.682617
0 0.473438 0.184444 0.020625 0.0361111 0.666992
5 0.567813 0.103264 0.009375 0.0195833 0.5
3 0.5625 0.146667 0.00499999 0.0238889 0.405518
0 0.0188672 0.714444 0.0376953 0.2 0.397949
3 0.553125 0.145833 0.00499999 0.0258333 0.184814
3 0.552188 0.140556 0.00687497 0.0311111 0.0690308
3 0.54375 0.145833 0.00499999 0.0236111 0.0458679
0 0.6725 0.189306 0.02125 0.0311111 0.0446777
0 0.441875 0.215 0.02375 0.0427778 0.0433655
0 0.53375 0.145278 0.0125 0.0225 0.0406799
0 0.52625 0.141528 0.01 0.0194444 0.0358276
0 0.504375 0.154444 0.01125 0.0247222 0.035675
0 0.54125 0.136944 0.00999997 0.0275 0.0247955
0 0.465313 0.190972 0.016875 0.0375 0.024704
0 0.67875 0.195694 0.02 0.0308333 0.0244293
0 0.0105664 0.603889 0.0211328 0.114444 0.0237732
0 0.67 0.185556 0.0225 0.03 0.0219421
0 0.538125 0.145 0.00812499 0.0205556 0.0168457
3 0.375313 0.247778 0.009375 0.0361111 0.0151291
0 0.021543 0.606667 0.0430859 0.13 0.0149002
0 0.378125 0.278889 0.04125 0.0555556 0.0134811
0 0.0170117 0.598889 0.0340234 0.113333 0.0133286
0 0.512813 0.148889 0.014375 0.0216667 0.0109024
0 0.71 0.268611 0.0275 0.0477778 0.00923157
0 0.5525 0.115972 0.00749995 0.0119445 0.00806427
0 0.545625 0.125833 0.010625 0.0211111 0.00803375
0 0.675 0.1925 0.0225 0.0333333 0.00769424
5 0.566875 0.100278 0.01125 0.0222222 0.00746155
0 0.66 0.166944 0.0175 0.0283333 0.0064621
3 0.10875 0.340278 0.00906251 0.035 0.00634003
3 0.636875 0.131667 0.00625 0.0161111 0.00629044
0 0.98375 0.42 0.0325 0.0805556 0.00612259
0 0.498438 0.161944 0.015 0.0255556 0.00602722
0 0.66625 0.178611 0.02 0.0277778 0.00526047
0 0.443125 0.213056 0.03375 0.0522222 0.00399017
3 0.369375 0.228333 0.010625 0.0516667 0.0039444
0 0.66625 0.171944 0.01875 0.0311111 0.00342941
0 0.9925 0.412222 0.015 0.0711111 0.00335121
3 0.63 0.12875 0.00750001 0.0158333 0.00319672
0 0.48 0.82 0.0625 0.0933334 0.00269318
0 0.550313 0.131389 0.00812499 0.0238889 0.00237846
0 0.506875 0.154583 0.013125 0.0230556 0.00224304
5 0.56 0.104931 0.0125 0.0193056 0.00209999
0 0.514375 0.145 0.011875 0.0233333 0.0020752
0 0.9725 0.411111 0.05 0.0655556 0.00199509
5 0.624375 0.115833 0.00500005 0.0136111 0.00186729
0 0.00389648 0.592222 0.00774414 0.0888889 0.00162315
0 0.426875 0.460556 0.04125 0.0566666 0.00132465
3 0.63625 0.151806 0.00499999 0.0180556 0.00129414
0 0.99 0.418889 0.0199999 0.0844445 0.00122547
0 0.6475 0.149583 0.0125 0.0236111 0.00117874
3 0.65125 0.165556 0.00750001 0.025 0.0011425
0 0.98375 0.408889 0.03 0.0633333 0.00112057
0 0.660625 0.181528 0.0125 0.0269444 0.00102425
