0 0.93375 0.779444 0.1175 0.208889 0.95166
0 0.0500781 0.616667 0.100156 0.157778 0.947266
0 0.79125 0.298889 0.0725 0.0622222 0.937988
0 0.0481641 0.343333 0.0646094 0.0777778 0.937988
0 0.88125 0.548333 0.085 0.156667 0.937988
0 0.8925 0.512222 0.17 0.134444 0.933105
0 0.97375 0.317222 0.0525 0.0722222 0.927734
0 0.0929688 0.537222 0.0845313 0.143333 0.920898
0 0.964375 0.928333 0.07125 0.141111 0.919434
0 0.349375 0.297778 0.054375 0.0644445 0.918457
0 0.918125 0.644444 0.13125 0.148889 0.916504
0 0.930625 0.475278 0.13875 0.110556 0.903809
0 0.723125 0.280833 0.0425 0.0583333 0.901855
0 0.0410938 0.497778 0.0821875 0.11 0.900391
6 0.25 0.326944 0.06 0.0772222 0.874512
0 0.426563 0.229722 0.03125 0.0472222 0.872559
0 0.694375 0.217361 0.02875 0.0502778 0.864258
0 0.41125 0.248333 0.03125 0.0466667 0.861328
0 0.37125 0.282778 0.035 0.0566666 0.833496
0 0.395938 0.264167 0.035625 0.0511111 0.832031
0 0.956563 0.428333 0.086875 0.0977778 0.829102
0 0.71125 0.2675 0.035 0.0511111 0.767578
0 0.529375 0.145972 0.015 0.0194444 0.747559
0 0.444063 0.205694 0.024375 0.0419444 0.723145
0 0.70375 0.239167 0.035 0.0538889 0.72168
0 0.485625 0.168889 0.01875 0.0311111 0.708984
0 0.470938 0.181389 0.02 0.0341667 0.660156
0 0.53875 0.131944 0.011875 0.0211111 0.511719
0 0.0169727 0.721667 0.0338281 0.216667 0.388672
0 0.505938 0.150833 0.014375 0.0227778 0.170532
0 0.67625 0.191667 0.02375 0.0411111 0.132935
0 0.460625 0.190556 0.015 0.0361111 0.044342
0 0.53875 0.128333 0.01125 0.0233333 0.0348816
0 0.474375 0.179444 0.0225 0.0288889 0.0245209
0 0.988125 0.410278 0.02375 0.0727778 0.0181274
0 0.706875 0.246806 0.04 0.0519444 0.0158997
0 0.9825 0.42 0.035 0.0844444 0.0100555
0 0.564375 0.0963195 0.00812499 0.0130556 0.00847626
0 0.6625 0.169444 0.02 0.0322222 0.00815582
0 0.255781 0.321111 0.045 0.0677778 0.00664139
5 0.575625 0.0824306 0.00999997 0.0172222 0.00559998
0 0.53625 0.135833 0.01125 0.0222222 0.00526047
0 0.97125 0.41 0.0575 0.0666667 0.00519943
3 0.376875 0.257222 0.015 0.0427778 0.00502014
0 0.66 0.163889 0.02 0.03 0.00439835
0 0.9025 0.495556 0.1775 0.122222 0.0042305
0 0.554375 0.103472 0.00875003 0.0127778 0.00388527
0 0.96875 0.429722 0.0624999 0.0972222 0.00362206
3 0.74 0.205139 0.00875003 0.0380555 0.00323486
0 0.534375 0.133333 0.01375 0.0216667 0.00293541
3 0.6575 0.1775 0.00750001 0.0294444 0.00268364
0 0.645 0.145833 0.015 0.0205556 0.00250244
0 0.70125 0.227222 0.0325 0.0466667 0.00243378
0 0.545625 0.125833 0.01125 0.0183333 0.00243378
0 0.642344 0.142361 0.0128126 0.0219444 0.00201988
0 0.00527344 0.446667 0.0105469 0.0977778 0.00198746
0 0.98 0.311111 0.04 0.0677778 0.00179577
0 0.551563 0.115 0.009375 0.0136111 0.00163555
0 0.00380127 0.438889 0.00760254 0.112222 0.00152493
2 0.99625 0.188611 0.00749995 0.0738889 0.00148392
0 0.63375 0.123889 0.00875003 0.0172222 0.0012598
0 0.5025 0.150417 0.01 0.0216667 0.0012207
0 0.010332 0.465556 0.020625 0.0766667 0.00118828
7 0.69 0.172361 0.00749995 0.0333333 0.00107765
