0 0.0477344 0.611111 0.0954688 0.158889 0.946289
0 0.0439453 0.338889 0.0638281 0.0788889 0.945801
0 0.93 0.775556 0.11875 0.208889 0.945312
0 0.8775 0.543333 0.0825 0.156667 0.940918
0 0.788125 0.294722 0.0737501 0.0622222 0.935059
0 0.573125 0.351667 0.13125 0.0788889 0.934082
0 0.97125 0.313056 0.0575 0.0716667 0.931152
0 0.888125 0.507778 0.17125 0.133333 0.930664
0 0.345547 0.292778 0.0539063 0.0644444 0.922852
0 0.914375 0.638889 0.13125 0.145556 0.922363
0 0.96375 0.926667 0.0725 0.144444 0.91748
0 0.0878125 0.530833 0.0845313 0.143889 0.908203
0 0.71875 0.275 0.0425 0.0566666 0.905762
0 0.93 0.470556 0.14 0.11 0.902832
0 0.0394922 0.491111 0.0789844 0.112222 0.897461
0 0.69 0.212222 0.0300001 0.0491667 0.882324
3 0.140625 0.39 0.0176563 0.0888889 0.879883
0 0.391875 0.258611 0.03625 0.0511111 0.874023
0 0.3675 0.275278 0.035 0.055 0.871582
0 0.423125 0.224722 0.031875 0.0461111 0.870605
0 0.408125 0.243611 0.031875 0.0455556 0.863281
0 0.709375 0.260278 0.0375 0.0561111 0.84082
0 0.954688 0.426111 0.0906249 0.103889 0.830078
0 0.525625 0.141389 0.014375 0.0188889 0.817383
0 0.699375 0.233889 0.03375 0.0505556 0.733887
0 0.439688 0.201944 0.028125 0.0461111 0.715332
0 0.47125 0.173611 0.02 0.0305556 0.700684
0 0.481875 0.161111 0.01875 0.0283333 0.541016
0 0.601875 0.1025 0.00874996 0.0122222 0.355713
0 0.545625 0.127778 0.01375 0.0183333 0.346924
0 0.0155176 0.71 0.030957 0.204444 0.286133
0 0.531875 0.129167 0.010625 0.0194444 0.180054
0 0.670625 0.184167 0.0225 0.0411111 0.118408
0 0.458125 0.184722 0.019375 0.0333333 0.109314
0 0.530625 0.128333 0.01 0.0166667 0.0927124
0 0.533438 0.124444 0.010625 0.0208333 0.0847778
0 0.46125 0.182222 0.01875 0.0333333 0.0775146
0 0.544375 0.125 0.01125 0.0205556 0.0637207
0 0.5975 0.104722 0.00625 0.0138889 0.0463867
0 0.52 0.137778 0.01125 0.02 0.032959
0 0.489688 0.156667 0.015 0.0272222 0.0219421
0 0.708125 0.266667 0.03125 0.0477778 0.0198669
2 0.55 0.128056 0.01125 0.0183333 0.0168457
0 0.99375 0.411667 0.0124999 0.0711111 0.0112915
0 0.99125 0.418333 0.0175 0.0816667 0.00926971
0 0.988125 0.428056 0.02375 0.095 0.00748825
0 0.673125 0.187778 0.02125 0.0427778 0.0068512
0 0.66 0.173194 0.01875 0.0325 0.00682449
0 0.62375 0.118194 0.00874996 0.0144444 0.00561905
0 0.615625 0.0998611 0.00625 0.0122222 0.00518036
0 0.6575 0.177222 0.0125 0.0305556 0.00421524
0 0.65875 0.166389 0.0199999 0.0336111 0.0041008
0 0.55125 0.124444 0.009375 0.0188889 0.00407028
0 0.635 0.139444 0.00999997 0.0180556 0.00382423
0 0.4275 0.218194 0.04375 0.0536111 0.00365067
0 0.0105078 0.585556 0.0209766 0.117778 0.00358009
0 0.00717285 0.572222 0.0143262 0.0877778 0.00332451
0 0.983125 0.417222 0.03375 0.08 0.00273705
0 0.65625 0.161806 0.02 0.0263889 0.00269318
7 0.529375 0.84 0.00499999 0.0177778 0.00257111
0 0.471563 0.168889 0.01875 0.0322222 0.00250244
3 0.74 0.205278 0.00999997 0.0372222 0.00220871
0 0.46375 0.185139 0.02 0.0363889 0.00199509
0 0.96375 0.407222 0.0725 0.0733333 0.00189686
0 0.970625 0.397222 0.045 0.0533333 0.00178242
0 0.454063 0.190278 0.025 0.0383333 0.00176144
0 0.994375 0.301944 0.01125 0.0644445 0.00161648
0 0.642344 0.140417 0.0153125 0.0236111 0.00158501
0 0.96125 0.455 0.0775 0.0844444 0.00146675
0 0.524375 0.125972 0.00874999 0.0202778 0.00142097
3 0.996875 0.684444 0.00624994 0.0822222 0.00141048
0 0.98125 0.405556 0.0374999 0.07 0.00138283
0 0.6175 0.113576 0.00812499 0.0128472 0.0012846
3 0.596875 0.110972 0.00499999 0.0155556 0.00123978
7 0.96375 0.927222 0.07125 0.143333 0.00109005
