0 0.0427344 0.333889 0.0644531 0.0777778 0.946777
0 0.928125 0.772222 0.11875 0.207778 0.945801
0 0.0467188 0.606667 0.0932813 0.158889 0.944824
0 0.773125 0.292778 0.06625 0.0633334 0.938965
0 0.87625 0.540556 0.0825 0.154444 0.9375
6 0.196094 0.5275 0.065 0.157222 0.933594
0 0.88625 0.504722 0.1725 0.133889 0.930664
0 0.34375 0.289444 0.054375 0.0633333 0.929199
0 0.970625 0.311111 0.05875 0.0711111 0.925293
0 0.9125 0.635556 0.13125 0.144444 0.918457
0 0.0888281 0.526667 0.0798438 0.142222 0.915039
0 0.7175 0.272847 0.0425 0.0565278 0.911621
0 0.929375 0.468889 0.14125 0.110556 0.911621
0 0.96375 0.926667 0.0725 0.144444 0.909668
0 0.365625 0.273333 0.035 0.0572222 0.861328
0 0.0381641 0.487222 0.0763281 0.106667 0.856934
0 0.390625 0.254722 0.035 0.0516667 0.851074
0 0.420625 0.221806 0.031875 0.0444445 0.838867
0 0.68875 0.209167 0.03 0.05 0.835449
0 0.954375 0.423889 0.09125 0.104444 0.830078
0 0.52375 0.138056 0.01625 0.0219445 0.829102
3 0.91625 0.316667 0.0125 0.0755556 0.829102
0 0.401875 0.240278 0.03 0.0488889 0.763672
0 0.706875 0.258958 0.03625 0.0554167 0.733887
0 0.43875 0.1975 0.026875 0.0427778 0.679199
0 0.479375 0.160694 0.0175 0.0288889 0.677246
3 0.72375 0.212222 0.00750001 0.045 0.665527
0 0.6975 0.231806 0.035 0.0513889 0.663574
0 0.542813 0.124444 0.0125 0.0205556 0.605957
0 0.47 0.171111 0.01875 0.0283333 0.554688
0 0.54375 0.127778 0.01375 0.0227778 0.275146
3 0.567813 0.140556 0.00687497 0.0238889 0.250977
0 0.67 0.18375 0.0225 0.0397222 0.2323
0 0.533125 0.120833 0.01125 0.02 0.20813
3 0.735 0.210556 0.00750001 0.0477778 0.138428
0 0.69375 0.223194 0.0275 0.0466667 0.121704
3 0.73625 0.209028 0.00750001 0.0491667 0.0747681
3 0.729375 0.2125 0.00750001 0.0444444 0.0639648
0 0.45625 0.181667 0.02 0.0338889 0.0510864
3 0.73875 0.208056 0.00750001 0.0441667 0.0339661
2 0.554063 0.138611 0.011875 0.0272222 0.0294189
0 0.468125 0.173889 0.01875 0.0325 0.0294189
0 0.0100195 0.569444 0.0199414 0.0955556 0.0207977
0 0.532188 0.128889 0.01 0.0233333 0.0189819
3 0.91875 0.315278 0.0175 0.0761111 0.0188293
0 0.99 0.430556 0.0199999 0.103333 0.0165253
0 0.48875 0.149722 0.01625 0.0286111 0.0162811
0 0.0123535 0.589444 0.024707 0.122222 0.014389
3 0.73375 0.207083 0.00999997 0.0519444 0.0137939
0 0.66 0.171806 0.02 0.0319444 0.0136337
3 0.7275 0.214444 0.00999997 0.0469444 0.012825
0 0.655625 0.163194 0.0199999 0.0266667 0.0125275
0 0.9925 0.414444 0.015 0.08 0.0123367
3 0.70875 0.251111 0.0375 0.055 0.011116
0 0.015293 0.694444 0.0305078 0.177778 0.0104065
7 0.415938 0.417778 0.00562503 0.0144444 0.00878143
3 0.7075 0.221389 0.03 0.0505556 0.00698471
0 0.489375 0.145556 0.015 0.0277778 0.006073
0 0.015166 0.576667 0.030332 0.0977778 0.00598145
0 0.70875 0.266667 0.035 0.0522222 0.00564194
3 0.9225 0.315 0.0137499 0.0777778 0.00547028
0 0.458438 0.175278 0.02375 0.0361111 0.00508118
0 0.00831543 0.550556 0.0165723 0.0911111 0.0050621
0 0.660625 0.176111 0.0175 0.03 0.00471878
0 0.523125 0.126389 0.01 0.0211111 0.00450516
0 0.9825 0.427778 0.035 0.102778 0.00450516
0 0.65875 0.165556 0.0225 0.0327778 0.00332451
0 0.0212109 0.579861 0.0424219 0.104722 0.00316048
0 0.646875 0.149028 0.01625 0.0252778 0.00286674
5 0.639688 0.392222 0.081875 0.11 0.00271416
0 0.641875 0.140278 0.015 0.0244445 0.00239754
0 0.447188 0.189722 0.024375 0.0422222 0.00237846
0 0.68125 0.210556 0.03 0.055 0.00221634
3 0.7175 0.199722 0.00750001 0.0386111 0.00194168
0 0.553438 0.0988889 0.00625 0.0122222 0.00182438
0 0.634375 0.132222 0.015 0.025 0.00182438
0 0.435 0.205833 0.02375 0.0411111 0.00174141
1 0.129453 0.2425 0.223594 0.478333 0.0017004
0 0.9925 0.303333 0.015 0.0638889 0.00162315
0 0.636875 0.135139 0.0137499 0.0230556 0.00155449
0 0.517813 0.124861 0.0125 0.0219444 0.00154877
3 0.71375 0.174167 0.00499999 0.0211111 0.00152493
3 0.366875 0.235556 0.01125 0.0416667 0.00123501
3 0.92875 0.312222 0.0225 0.0705556 0.0011425
0 0.38125 0.249444 0.0475 0.0627778 0.00112057
0 0.5 0.144722 0.0125 0.025 0.00106049
0 0.5 0.139722 0.0125 0.0208333 0.00104046
3 0.925 0.297222 0.01 0.0755556 0.00103188
