0 0.0518359 0.621111 0.103516 0.157778 0.948242
0 0.935625 0.783889 0.1175 0.211111 0.947266
0 0.0514453 0.346111 0.0646094 0.0777778 0.934082
0 0.89375 0.514722 0.17 0.133889 0.934082
0 0.88375 0.552222 0.08375 0.157778 0.933105
0 0.794375 0.301111 0.0737501 0.0622222 0.931152
0 0.921875 0.339444 0.11625 0.0711111 0.931152
0 0.0953125 0.54 0.084375 0.142222 0.928711
0 0.9675 0.931111 0.065 0.137778 0.926758
0 0.92 0.645556 0.1325 0.146667 0.924316
0 0.9325 0.481111 0.135 0.117778 0.908203
0 0.399375 0.267222 0.035 0.0511111 0.904785
0 0.372813 0.286111 0.041875 0.0588889 0.902832
0 0.72625 0.283889 0.0425 0.0577778 0.898926
0 0.696875 0.22 0.02875 0.05 0.877441
0 0.429375 0.233333 0.03125 0.0466667 0.872559
0 0.975 0.32 0.0499999 0.0716667 0.872559
0 0.557813 0.16375 0.018125 0.0261111 0.868652
0 0.414375 0.251111 0.03125 0.0461111 0.867188
0 0.9575 0.430556 0.08375 0.0988889 0.84375
0 0.5325 0.148889 0.01625 0.0222222 0.829102
0 0.448125 0.209722 0.0275 0.0438889 0.751953
0 0.488125 0.170833 0.01875 0.0302778 0.743164
0 0.705 0.240417 0.03375 0.0525 0.704102
0 0.47375 0.184583 0.02125 0.0355555 0.697754
0 0.715 0.267847 0.0375 0.0554167 0.694336
0 0.0188965 0.713333 0.037793 0.197778 0.466797
0 0.541563 0.135556 0.0112501 0.0202778 0.458984
5 0.56875 0.104444 0.00874996 0.0163889 0.193115
0 0.53625 0.143056 0.01125 0.0205556 0.117188
0 0.50375 0.153889 0.01375 0.0261111 0.110107
3 0.375313 0.2475 0.01 0.0388889 0.102661
0 0.442813 0.213333 0.024375 0.0455556 0.0614319
3 0.36875 0.228194 0.00687501 0.0508333 0.055603
0 0.6725 0.187778 0.0225 0.0338889 0.0531921
0 0.55125 0.129444 0.00999997 0.02 0.053009
0 0.70875 0.245 0.04 0.0544444 0.0274811
0 0.465938 0.191111 0.01625 0.0383333 0.0252686
0 0.67625 0.192778 0.025 0.0361111 0.02211
0 0.526875 0.141667 0.00999997 0.02 0.0214539
0 0.54875 0.126667 0.01 0.0202778 0.0183411
7 0.179688 0.277778 0.00625 0.0277778 0.0173798
2 0.635625 0.132639 0.00625 0.0169444 0.0165253
0 0.71 0.268403 0.0275 0.0476389 0.0155411
0 0.544063 0.126944 0.010625 0.0211111 0.0116425
0 0.498125 0.16 0.01625 0.0280556 0.011467
3 0.375625 0.232778 0.01 0.0561111 0.00874329
0 0.551875 0.119583 0.00812499 0.0125 0.00803375
0 0.66625 0.170556 0.02 0.0297222 0.00706482
5 0.583125 0.0811806 0.00874996 0.0148611 0.00674438
0 0.63 0.129722 0.00874996 0.0147222 0.00605011
0 0.66125 0.166806 0.0175 0.0291667 0.00568771
0 0.471563 0.187639 0.019375 0.0405556 0.00561905
0 0.68125 0.196667 0.0175 0.0313889 0.00559998
0 0.443125 0.213056 0.03375 0.0522222 0.00551224
0 0.98375 0.42 0.0325 0.0855555 0.00453949
0 0.589375 0.0927083 0.00562496 0.00986111 0.00416565
3 0.108672 0.341111 0.008125 0.0344445 0.00399017
0 0.99125 0.410278 0.0175 0.0722222 0.00391388
0 0.509688 0.149444 0.015 0.0225 0.00366402
0 0.0133984 0.603333 0.0267969 0.117778 0.00317192
0 0.9825 0.406944 0.035 0.0683334 0.00313568
3 0.368125 0.222222 0.00687501 0.0438889 0.0029583
0 0.66125 0.164167 0.0225 0.0294444 0.00287819
0 0.00320313 0.395 0.00640625 0.0711111 0.00253105
0 0.00911133 0.606667 0.0182227 0.114444 0.00251198
5 0.567813 0.100556 0.009375 0.0225 0.00214958
0 0.995 0.499444 0.00999997 0.133333 0.00176811
3 0.367813 0.238611 0.009375 0.0622222 0.00174141
3 0.996875 0.200833 0.00624994 0.0583333 0.00160408
3 0.372187 0.227917 0.013125 0.0547222 0.00153637
0 0.995625 0.523889 0.00874996 0.145556 0.00137806
0 0.50125 0.151806 0.01125 0.0236111 0.00132465
3 0.9325 0.289167 0.01125 0.0661111 0.00122547
0 0.00334473 0.421111 0.00668945 0.0811111 0.00122547
0 0.455 0.476111 0.03125 0.0266667 0.00112057
0 0.00413574 0.430278 0.00827148 0.0872222 0.00110722
0 0.5125 0.144722 0.0125 0.0244444 0.00108147
3 0.172031 0.266389 0.008125 0.0416667 0.00107288
