0 0.0461719 0.606111 0.0923438 0.16 0.94873
0 0.9275 0.772222 0.1175 0.206667 0.945312
0 0.0424219 0.333889 0.0642188 0.0755556 0.943359
0 0.875 0.54 0.0825 0.153333 0.9375
0 0.885625 0.503611 0.17125 0.133889 0.931152
0 0.5675 0.325 0.09 0.0766667 0.929199
0 0.343203 0.288611 0.0548437 0.0627778 0.925293
0 0.91125 0.634444 0.13125 0.144444 0.921875
0 0.0885938 0.525833 0.079375 0.140556 0.921387
0 0.92875 0.468333 0.1425 0.11 0.915527
5 0.876875 0.325 0.24375 0.244444 0.913574
0 0.9625 0.926667 0.0725 0.144444 0.907227
0 0.7175 0.272847 0.0425 0.0554167 0.903809
5 0.604375 0.116111 0.02875 0.0544444 0.893066
0 0.688125 0.207917 0.02875 0.0491667 0.870605
0 0.389375 0.254167 0.035625 0.0516667 0.856934
0 0.42 0.220278 0.03125 0.0452778 0.85498
0 0.0370313 0.486111 0.0740625 0.106667 0.849121
0 0.61125 0.137778 0.014375 0.0211111 0.847168
0 0.365313 0.272292 0.034375 0.0565278 0.842773
0 0.5225 0.137778 0.015 0.0211111 0.827637
0 0.953125 0.425 0.0937499 0.105556 0.822266
0 0.400625 0.239861 0.029375 0.0480555 0.811523
0 0.70625 0.257153 0.0375 0.0568056 0.788086
0 0.758125 0.288889 0.0375 0.0522222 0.769043
0 0.46875 0.170556 0.01875 0.0288889 0.725098
0 0.47875 0.159861 0.0175 0.0291667 0.649414
0 0.437813 0.195972 0.025 0.0413889 0.602051
0 0.7025 0.233611 0.035 0.0483333 0.523438
0 0.5325 0.124444 0.01375 0.0211111 0.515625
0 0.67 0.183056 0.02375 0.0411111 0.190674
0 0.545625 0.114583 0.00687504 0.0169444 0.153076
0 0.0146582 0.698889 0.0292383 0.184444 0.0841675
0 0.695 0.233194 0.0325 0.0480556 0.0838623
0 0.706875 0.230556 0.045 0.0516667 0.0836182
0 0.00980957 0.565 0.0194434 0.1 0.0731812
0 0.0114063 0.585556 0.0228125 0.131111 0.0609741
0 0.695 0.2275 0.0275 0.045 0.0605164
0 0.70875 0.239444 0.04 0.0555556 0.0422363
0 0.489375 0.149722 0.015 0.0255555 0.0417786
0 0.984375 0.423889 0.0312499 0.100556 0.0406799
0 0.457188 0.181389 0.0175 0.03 0.0383301
0 0.0138867 0.56875 0.0277734 0.1025 0.035675
0 0.99125 0.428333 0.0175 0.106667 0.0314941
0 0.655 0.159167 0.02 0.0258333 0.0262604
0 0.63375 0.1325 0.0125 0.0194444 0.0255585
0 0.65875 0.170833 0.0199999 0.0336111 0.024231
0 0.4425 0.194167 0.02625 0.0383333 0.0184784
0 0.0211914 0.573333 0.0423828 0.104444 0.0151291
0 0.46 0.178889 0.01625 0.0280556 0.0148392
0 0.6725 0.1875 0.0225 0.0427778 0.0112457
0 0.651875 0.156111 0.02125 0.0297222 0.0110703
0 0.647344 0.15 0.0203125 0.0261111 0.00926971
0 0.632813 0.134722 0.011875 0.0205556 0.0088501
0 0.9925 0.407778 0.015 0.0811111 0.00806427
3 0.82625 0.184167 0.01 0.0655556 0.00763702
0 0.495625 0.143889 0.0125 0.0238889 0.00746155
0 0.36 0.443889 0.03625 0.0533333 0.00743103
0 0.0144434 0.521111 0.0288477 0.108889 0.00740433
0 0.6575 0.165278 0.0225 0.0316667 0.00561905
0 0.7675 0.285 0.045 0.0727778 0.00534439
0 0.9625 0.401111 0.0725 0.0688889 0.00534439
0 0.614375 0.134722 0.015 0.0261111 0.00526047
0 0.5425 0.108472 0.01 0.02 0.00450516
0 0.38375 0.251042 0.04 0.0556945 0.00419998
5 0.949688 0.34 0.100625 0.261667 0.00400543
0 0.658125 0.176111 0.0125 0.0305556 0.00376511
0 0.9825 0.380833 0.035 0.0944444 0.0036068
0 0.641406 0.13875 0.0146875 0.0233333 0.00348282
0 0.96625 0.375 0.0675 0.101111 0.00292397
0 0.95375 0.398333 0.0925 0.0583333 0.00255013
3 0.16375 0.267222 0.00687499 0.0266667 0.00250244
0 0.6775 0.210972 0.0199999 0.0519444 0.00219154
0 0.985 0.395556 0.03 0.08 0.00213242
0 0.500625 0.1425 0.00874999 0.0188889 0.00208282
0 0.624375 0.120556 0.00812505 0.0177778 0.00198746
0 0.484375 0.14875 0.01375 0.0294444 0.0017004
0 0.978438 0.344931 0.043125 0.189028 0.0014782
0 0.642656 0.147083 0.0171875 0.0244444 0.00133038
0 0.973125 0.388333 0.0525 0.07 0.00132465
0 0.63375 0.125 0.011875 0.0211111 0.00124454
3 0.735 0.196667 0.00625 0.0416667 0.00121593
0 0.434375 0.205556 0.025 0.0422222 0.00113392
0 0.500625 0.143889 0.0125 0.0238889 0.00105667
