0 0.935625 0.782778 0.1175 0.208889 0.950684
0 0.0516016 0.62 0.103203 0.157778 0.947754
0 0.881875 0.331667 0.105 0.07 0.936035
0 0.89375 0.515 0.17 0.133333 0.933594
0 0.0506641 0.345556 0.0641406 0.0788889 0.933105
0 0.97375 0.319444 0.0525 0.0733333 0.930176
0 0.883125 0.551667 0.08375 0.156667 0.928223
0 0.96625 0.93 0.0675 0.137778 0.926758
0 0.0949805 0.54 0.0834766 0.143333 0.921387
0 0.585313 0.248333 0.0325 0.0538889 0.92041
0 0.793125 0.300556 0.0737501 0.0622222 0.92041
0 0.92 0.645556 0.13125 0.146667 0.91748
6 0.815 0.448333 0.07 0.118889 0.916992
0 0.933125 0.479167 0.13375 0.113889 0.907227
0 0.0426953 0.500556 0.0853906 0.111111 0.898438
0 0.725 0.282778 0.04375 0.0572222 0.896973
0 0.352813 0.3 0.054375 0.0638889 0.895508
0 0.69625 0.218889 0.0300001 0.0488889 0.878418
0 0.5925 0.177222 0.0225 0.0355555 0.873047
0 0.429063 0.232361 0.031875 0.0469445 0.870605
0 0.399375 0.266042 0.03625 0.0501389 0.870605
0 0.41375 0.251667 0.033125 0.0466667 0.86084
0 0.374375 0.283889 0.03625 0.0566667 0.853027
0 0.9575 0.431111 0.085 0.0977778 0.852051
0 0.531875 0.148611 0.01625 0.0205556 0.827637
3 0.4125 0.283611 0.00874999 0.0688889 0.774414
0 0.705 0.241667 0.035 0.0511111 0.743164
0 0.71375 0.267778 0.03625 0.0555556 0.741699
0 0.48875 0.170278 0.01875 0.0305556 0.699219
3 0.328438 0.306667 0.01125 0.0655555 0.699219
0 0.448125 0.208056 0.02875 0.0438889 0.62793
0 0.541875 0.134722 0.011875 0.0194444 0.592773
0 0.47375 0.183056 0.0225 0.0361111 0.581543
0 0.0186621 0.718889 0.0373242 0.203333 0.482422
3 0.40125 0.279722 0.03125 0.075 0.201172
5 0.568125 0.107153 0.00812505 0.0218056 0.157715
2 0.475313 0.196389 0.0125 0.0372222 0.140869
0 0.537813 0.137222 0.01 0.0183333 0.115967
0 0.67875 0.194861 0.0225 0.0380556 0.111633
0 0.503438 0.152361 0.014375 0.0247222 0.0755615
3 0.37625 0.253056 0.0125 0.0416667 0.0531921
3 0.65 0.163333 0.00499999 0.0283333 0.0387573
0 0.53625 0.139444 0.0125 0.0205556 0.035675
2 0.63625 0.130833 0.00625 0.0155556 0.0285492
0 0.5275 0.144444 0.0125 0.0227778 0.0284424
0 0.010957 0.476389 0.0218359 0.0794445 0.0274811
5 0.56875 0.112361 0.00812499 0.0186111 0.0255585
3 0.655625 0.167361 0.00625 0.0313889 0.025177
0 0.543125 0.126944 0.011875 0.0213889 0.0232391
3 0.477188 0.205 0.00812502 0.045 0.0229797
0 0.71 0.268819 0.0275 0.0468055 0.0219421
0 0.440625 0.216667 0.02625 0.0394444 0.0204163
3 0.685625 0.156944 0.00499999 0.0177778 0.0189819
3 0.64625 0.164722 0.00500005 0.0227778 0.0175781
3 0.64625 0.150278 0.00749995 0.0255556 0.014389
0 0.0125195 0.487222 0.0249219 0.0833333 0.0115967
0 0.630313 0.129028 0.00812499 0.0152778 0.0109863
0 0.46375 0.195694 0.01375 0.0347222 0.0105286
3 0.689375 0.164028 0.00499999 0.0194444 0.00898743
0 0.62375 0.113611 0.00687504 0.0144444 0.00751877
0 0.0162109 0.478333 0.0324219 0.0788889 0.00701141
0 0.67 0.182778 0.0175 0.0316667 0.0069046
0 0.00388916 0.441111 0.00777832 0.105556 0.0069046
0 0.4425 0.213056 0.0325 0.0516667 0.00616837
3 0.93 0.274722 0.00999997 0.07 0.00579834
0 0.66625 0.17625 0.02 0.0336111 0.00577545
0 0.544688 0.128333 0.0125 0.0161111 0.00547028
5 0.558125 0.10625 0.00874996 0.0219444 0.0046463
0 0.505938 0.146806 0.0125 0.0258333 0.00391388
0 0.509375 0.148472 0.01625 0.0227778 0.00390053
3 0.410625 0.282778 0.0125 0.075 0.00349617
0 0.98375 0.420556 0.0325 0.0822222 0.00299263
3 0.93375 0.277292 0.01125 0.0776389 0.00298119
0 0.9925 0.412222 0.015 0.0755556 0.00269318
0 0.71625 0.251667 0.04 0.0572222 0.00260162
0 0.00867676 0.606667 0.0173535 0.115556 0.00255013
3 0.67375 0.159444 0.00625 0.0222222 0.00248146
0 0.643125 0.143611 0.0137499 0.0227778 0.00203514
0 0.49875 0.16 0.015625 0.0272222 0.00203514
5 0.584063 0.0820833 0.00562503 0.0134722 0.00201988
0 0.635313 0.123333 0.00749995 0.0158333 0.00196457
0 0.66125 0.163611 0.02 0.0316667 0.00188255
3 0.40625 0.216111 0.00749998 0.0338889 0.00186729
5 0.57 0.109167 0.010625 0.0275 0.00183105
0 0.552188 0.118611 0.00750001 0.0133333 0.00179577
3 0.375938 0.234722 0.01125 0.0533333 0.0017271
0 0.0121875 0.461944 0.024375 0.09 0.00168705
3 0.6525 0.158472 0.00749995 0.0286111 0.00159168
5 0.624688 0.1075 0.00875003 0.0227778 0.00148964
0 0.0117871 0.518333 0.0235352 0.0788889 0.00143242
0 0.99 0.420556 0.0199999 0.0888889 0.00139904
0 0.701875 0.223889 0.03375 0.0422222 0.00138283
3 0.367813 0.228056 0.00750001 0.0538889 0.00137806
3 0.93 0.274722 0.0125 0.08 0.00137806
0 0.90625 0.315556 0.0575 0.0511111 0.00126457
0 0.6675 0.17 0.02 0.0333333 0.00126457
7 0.96625 0.93 0.0675 0.137778 0.00121593
2 0.476875 0.190417 0.018125 0.0447222 0.00117874
0 0.345938 0.296389 0.04125 0.0577778 0.0011034
3 0.6575 0.179722 0.00625 0.0261111 0.00109863
3 0.37125 0.244444 0.0175 0.0816667 0.00109005
