0 0.0523047 0.62 0.104297 0.155556 0.947266
0 0.93625 0.783333 0.11875 0.21 0.945801
0 0.051709 0.345556 0.064707 0.0777778 0.936523
0 0.895 0.514722 0.17 0.133889 0.930664
0 0.6675 0.292778 0.06875 0.0644444 0.930176
0 0.974375 0.319444 0.05125 0.0727778 0.930176
0 0.095918 0.54 0.0844141 0.142222 0.927734
0 0.795 0.300833 0.075 0.0616667 0.927246
0 0.920625 0.646111 0.13125 0.147778 0.926758
0 0.88375 0.552778 0.085 0.157778 0.925293
0 0.9675 0.931111 0.065 0.136667 0.917969
0 0.4 0.267222 0.035625 0.0522222 0.908691
0 0.93375 0.48 0.1325 0.116667 0.905762
0 0.373438 0.286667 0.0425 0.06 0.893066
0 0.72625 0.283611 0.0425 0.0572222 0.888184
0 0.43 0.233333 0.03125 0.0472222 0.870605
0 0.6975 0.218472 0.02875 0.0472222 0.865234
0 0.414375 0.251111 0.0325 0.0461111 0.85498
0 0.9575 0.429444 0.08375 0.0966667 0.829102
0 0.532188 0.149583 0.015625 0.02 0.822266
5 0.56 0.11559 0.01375 0.0249306 0.818848
0 0.70625 0.239167 0.035 0.0511111 0.754883
0 0.715625 0.266944 0.03625 0.0527778 0.692871
0 0.44875 0.209444 0.028125 0.0438889 0.668945
0 0.488438 0.170556 0.01875 0.0316667 0.666992
0 0.47375 0.183889 0.0225 0.0363889 0.62793
0 0.5425 0.136667 0.0125 0.0183333 0.600098
0 0.0192383 0.713333 0.0384766 0.193333 0.470703
2 0.614688 0.125833 0.00562503 0.0177778 0.153076
0 0.464375 0.193056 0.019375 0.0366667 0.0994873
0 0.470625 0.187778 0.02125 0.0369445 0.076416
0 0.535625 0.141528 0.013125 0.0208333 0.0731812
0 0.441875 0.215556 0.025625 0.0411111 0.0668335
0 0.538125 0.141667 0.009375 0.02 0.0503235
0 0.5025 0.154722 0.01375 0.025 0.0486755
0 0.67625 0.193611 0.0225 0.0361111 0.0462036
0 0.67375 0.189722 0.02 0.0333333 0.0417786
0 0.52875 0.145278 0.0125 0.0233333 0.0151901
0 0.658125 0.164167 0.01875 0.0258333 0.0112915
0 0.66875 0.184167 0.02 0.0294444 0.0109863
3 0.635625 0.135972 0.00499999 0.0169444 0.00978088
0 0.679375 0.197778 0.02 0.0322222 0.00967407
3 0.63625 0.150833 0.00499999 0.0188889 0.00948334
0 0.49875 0.161667 0.015 0.0261111 0.00930023
0 0.96375 0.415556 0.0725 0.0722222 0.00847626
0 0.66375 0.168472 0.0175 0.0291667 0.008255
0 0.71625 0.252847 0.035 0.0520833 0.0069313
0 0.54375 0.1275 0.0125 0.0238889 0.00671768
3 0.109375 0.342222 0.0084375 0.03 0.00629044
0 0.54625 0.129444 0.0112501 0.0166667 0.00614548
0 0.665 0.177778 0.0199999 0.0266667 0.00559998
0 0.0108008 0.604445 0.0216016 0.117778 0.00494385
0 0.4425 0.213056 0.035 0.0527778 0.00488663
7 0.356875 0.772222 0.00625 0.0155555 0.0045929
3 0.613125 0.127361 0.00750001 0.0161111 0.00455475
2 0.623125 0.1175 0.00625 0.0122222 0.00446701
0 0.661875 0.164028 0.02125 0.0308333 0.00431442
0 0.509063 0.151111 0.015 0.0233333 0.00413513
0 0.505313 0.154722 0.015 0.0233333 0.00380898
0 0.991875 0.411111 0.01625 0.0688889 0.00359344
0 0.475 0.17875 0.02125 0.0363889 0.00302696
7 0.313594 0.762222 0.0078125 0.0155555 0.00284576
0 0.0243359 0.608333 0.0486719 0.132222 0.00261116
3 0.630625 0.124722 0.00562503 0.0133333 0.00261116
7 0.535 0.432778 0.00625003 0.0177778 0.00251198
0 0.0185449 0.602222 0.0370898 0.115556 0.00223351
3 0.69625 0.163889 0.00500005 0.0269444 0.00179577
0 0.0350586 0.59 0.0701172 0.114444 0.00157356
0 0.96 0.45 0.08 0.0766667 0.00152493
0 0.65375 0.164722 0.0125 0.0233333 0.00150108
7 0.393125 0.78 0.00874999 0.0177778 0.00131512
0 0.983125 0.408333 0.0325 0.0644445 0.00124454
5 0.54125 0.128194 0.01625 0.0269444 0.0011034
0 0.70875 0.266667 0.035 0.0566666 0.00109482
0 0.501875 0.151944 0.011875 0.0238889 0.00107765
3 0.70375 0.171528 0.00499999 0.0230556 0.00105667
