0 0.93375 0.78 0.1175 0.208889 0.95166
0 0.0499219 0.616667 0.0998438 0.157778 0.946777
0 0.881875 0.548333 0.08375 0.156667 0.940918
0 0.79125 0.298889 0.0725 0.0622222 0.935059
0 0.8925 0.5125 0.17 0.135 0.931152
0 0.97375 0.3175 0.0525 0.0716667 0.928223
0 0.349375 0.297778 0.05375 0.0644445 0.924316
0 0.0929883 0.537222 0.0840234 0.143333 0.921387
0 0.965 0.928333 0.07 0.141111 0.919434
0 0.91875 0.643333 0.13 0.146667 0.91748
0 0.62625 0.231528 0.0325 0.0447222 0.907227
0 0.930625 0.475556 0.13875 0.111111 0.903809
0 0.0409375 0.498056 0.081875 0.109444 0.901855
0 0.7225 0.280556 0.0425 0.0577778 0.900391
0 0.426563 0.23 0.030625 0.0466667 0.868164
0 0.694375 0.217361 0.02875 0.0502778 0.866211
3 0.214688 0.344444 0.0175 0.0344444 0.862305
0 0.411875 0.248333 0.03125 0.0461111 0.853027
0 0.39625 0.264167 0.035625 0.0511111 0.841797
0 0.956563 0.428333 0.086875 0.0977778 0.832031
0 0.37125 0.282222 0.03375 0.0566667 0.830078
0 0.0528223 0.341667 0.0556055 0.0744444 0.829102
0 0.711875 0.267847 0.0362501 0.0509722 0.749023
0 0.529375 0.145556 0.015 0.0194444 0.747559
0 0.70375 0.239722 0.035 0.0538889 0.702637
0 0.44375 0.206389 0.024375 0.0411111 0.6875
0 0.485625 0.168611 0.019375 0.0305556 0.682617
0 0.470625 0.181667 0.02 0.0336111 0.67041
6 0.0216211 0.371111 0.0430859 0.0788889 0.637207
0 0.53875 0.132083 0.011875 0.0213889 0.515625
0 0.0167481 0.715556 0.0333789 0.206667 0.275146
0 0.67625 0.192083 0.0225 0.0402778 0.108215
0 0.50375 0.150278 0.013125 0.0222222 0.0476074
0 0.460625 0.190556 0.015 0.0361111 0.0465393
0 0.53875 0.128333 0.01125 0.0238889 0.0344849
0 0.565 0.096875 0.00749995 0.0120833 0.026062
0 0.00835449 0.354167 0.016709 0.0494444 0.0247955
0 0.7075 0.246667 0.04 0.0522222 0.0229797
0 0.68 0.194722 0.0225 0.0372222 0.0228882
0 0.9875 0.411389 0.0249999 0.0727778 0.0143356
0 0.981875 0.421111 0.03625 0.0855556 0.0133743
0 0.971875 0.43 0.0562499 0.0966667 0.011734
3 0.68125 0.212222 0.015 0.0427778 0.0106506
0 0.6725 0.184444 0.0225 0.0355556 0.00971222
0 0.555625 0.104028 0.00812505 0.0138889 0.00967407
3 0.74 0.203889 0.00749995 0.0352778 0.00905609
0 0.53625 0.135972 0.011875 0.0225 0.0088501
0 0.476875 0.177917 0.019375 0.0283333 0.00834656
3 0.376875 0.255278 0.015 0.0405556 0.00669098
0 0.6625 0.170417 0.02 0.0313889 0.00664139
0 0.00512695 0.352778 0.0102539 0.0472222 0.00605011
3 0.10625 0.333333 0.0103125 0.0433333 0.00605011
0 0.985 0.431111 0.03 0.0977778 0.00538635
2 0.99625 0.190556 0.00749995 0.08 0.00526047
2 0.214844 0.339444 0.0171875 0.0411111 0.00486755
0 0.9825 0.408333 0.035 0.0688889 0.00471878
0 0.644375 0.145694 0.015 0.0208333 0.00405502
0 0.534063 0.134722 0.01375 0.0216667 0.00403976
0 0.97 0.410556 0.0575 0.0666667 0.0039444
0 0.658125 0.165 0.0175 0.0255555 0.00379562
0 0.4825 0.164167 0.0175 0.0272222 0.00327301
0 0.65375 0.160139 0.0175 0.0275 0.00298119
0 0.6425 0.142917 0.0125 0.0219445 0.00288963
0 0.545625 0.125556 0.01125 0.0177778 0.00269318
3 0.107109 0.335 0.0142188 0.0538889 0.0026722
0 0.472188 0.1775 0.02 0.0338889 0.00237846
3 0.67375 0.158333 0.00499999 0.0194444 0.00214005
0 0.980625 0.311111 0.03875 0.0644445 0.0019722
0 0.551875 0.114722 0.009375 0.0141667 0.00185299
0 0.70125 0.226111 0.0325 0.045 0.00166798
3 0.69625 0.159722 0.00500005 0.025 0.00148964
5 0.587813 0.0818056 0.00750001 0.0141667 0.00139427
3 0.37625 0.241111 0.00750001 0.0388889 0.00137806
0 0.63375 0.124722 0.00875003 0.0183333 0.0012064
0 0.718125 0.264722 0.04 0.0527778 0.00117874
7 0.965 0.928889 0.07 0.14 0.00112438
0 0.146406 0.856667 0.0484375 0.06 0.00107765
