0 0.0464844 0.606111 0.0929688 0.157778 0.944824
0 0.9275 0.772778 0.1175 0.207778 0.944336
0 0.0421875 0.333889 0.0639063 0.0777778 0.941895
0 0.7725 0.291944 0.065 0.0638889 0.940918
0 0.875 0.54 0.08375 0.154444 0.937988
0 0.88625 0.504444 0.17125 0.134444 0.931641
0 0.34375 0.288611 0.055 0.0627778 0.930176
0 0.970625 0.310278 0.05875 0.0705556 0.92627
0 0.0889063 0.527222 0.0790625 0.141111 0.922363
0 0.911875 0.635 0.13 0.143333 0.921387
0 0.929375 0.468333 0.14125 0.11 0.915039
0 0.9625 0.926667 0.0725 0.144444 0.909668
0 0.6325 0.282778 0.0425 0.0572222 0.906738
0 0.7175 0.271944 0.04 0.0561111 0.90332
0 0.68875 0.209583 0.03 0.0508333 0.870605
0 0.037793 0.4875 0.0755859 0.107222 0.868652
0 0.389375 0.254931 0.03625 0.05125 0.859863
0 0.365625 0.2725 0.03375 0.0577778 0.844727
0 0.42 0.221111 0.0325 0.0447222 0.837402
0 0.5225 0.138472 0.015 0.0208333 0.830078
0 0.954063 0.423889 0.091875 0.105556 0.818848
0 0.40125 0.24 0.03 0.0477778 0.801758
0 0.705 0.256667 0.035 0.0544444 0.705566
2 0.685625 0.29 0.01875 0.0611111 0.697754
0 0.438125 0.197222 0.02625 0.0427778 0.660156
0 0.469063 0.170833 0.018125 0.0283333 0.656738
0 0.47875 0.160556 0.0175 0.0277778 0.59082
0 0.70125 0.234444 0.0325 0.0483333 0.474609
0 0.5325 0.123611 0.0125 0.0216667 0.445557
0 0.489063 0.151806 0.01625 0.0277778 0.286133
0 0.69625 0.232361 0.0325 0.0469445 0.245117
0 0.66875 0.183056 0.0225 0.0394445 0.222046
0 0.693125 0.225556 0.0237501 0.045 0.103027
0 0.529375 0.124306 0.010625 0.0175 0.101257
0 0.0151172 0.698889 0.0301563 0.18 0.0838623
0 0.991875 0.421667 0.01625 0.0894445 0.0391846
3 0.7275 0.256736 0.0175001 0.0443056 0.0362244
0 0.0108105 0.576111 0.0215039 0.11 0.032959
0 0.00838379 0.568333 0.0166699 0.102222 0.0319824
0 0.455938 0.1825 0.02 0.0327778 0.0298767
5 0.603125 0.0763194 0.00812499 0.0138889 0.0254669
0 0.0123828 0.591111 0.0247656 0.132222 0.0244293
0 0.0207813 0.576528 0.0415625 0.104722 0.0241394
0 0.4975 0.142639 0.01375 0.0233333 0.0239563
0 0.00706055 0.555417 0.014043 0.0913889 0.0225372
0 0.66 0.172361 0.0175 0.0325 0.0151901
0 0.459688 0.180972 0.0175 0.0269444 0.0144501
0 0.501875 0.144306 0.01125 0.0219445 0.0137405
0 0.655 0.163889 0.02 0.0288889 0.0109482
0 0.9825 0.428333 0.035 0.102222 0.0107346
0 0.70375 0.268403 0.0375 0.07875 0.00912476
0 0.5 0.144444 0.0125 0.0233333 0.0088501
0 0.6725 0.187778 0.0225 0.0422222 0.00828552
0 0.70625 0.268889 0.0325 0.05 0.00818634
0 0.0049707 0.454444 0.00990235 0.0711111 0.00796509
3 0.685625 0.154722 0.00374997 0.0177778 0.00709534
0 0.71375 0.256736 0.045 0.0520833 0.00695801
0 0.435313 0.205694 0.023125 0.0411111 0.00656509
0 0.519375 0.125556 0.0125 0.0211111 0.00653839
0 0.54375 0.105208 0.00874996 0.0168056 0.00631332
0 0.691875 0.248611 0.025 0.0583333 0.00557709
0 0.521563 0.124583 0.010625 0.0211111 0.00494385
0 0.448125 0.188056 0.01875 0.0388889 0.00475693
0 0.0067334 0.455 0.0134668 0.0755556 0.00471878
0 0.645625 0.148333 0.0175 0.0244445 0.00446701
0 0.486875 0.146667 0.0125 0.0261111 0.00416565
0 0.653125 0.160278 0.01875 0.0266667 0.00416565
3 0.93 0.3 0.00875003 0.0444444 0.00383949
0 0.384375 0.250833 0.0425 0.0572222 0.00379562
0 0.482188 0.157222 0.0175 0.0266667 0.00378036
0 0.540938 0.115833 0.009375 0.0175 0.00294685
0 0.583125 0.0784722 0.00562496 0.01 0.00265312
0 0.641875 0.140278 0.01375 0.0244445 0.00234985
0 0.993125 0.303333 0.0137499 0.0633333 0.00219154
0 0.58125 0.0747917 0.00625 0.0129167 0.00203514
0 0.613125 0.0979167 0.00750001 0.0140278 0.00201988
0 0.65875 0.165694 0.0225 0.0338889 0.00188255
3 0.69 0.16 0.00500005 0.0222222 0.00182438
3 0.71625 0.182222 0.00499999 0.0241667 0.00179577
0 0.68875 0.220278 0.0275 0.0533333 0.00148964
0 0.59625 0.0805556 0.00500005 0.0075 0.00145531
0 0.00971191 0.471389 0.0194238 0.0805556 0.00141048
0 0.63625 0.136944 0.0125 0.02 0.00136185
5 0.6025 0.0713889 0.00749995 0.02 0.0011034
0 0.362813 0.279444 0.034375 0.0566667 0.00109005
3 0.73625 0.195 0.00750001 0.0433333 0.00108147
0 0.955 0.406667 0.0775 0.0744444 0.00107765
3 0.71375 0.174722 0.00499999 0.0255556 0.00102806
0 0.99625 0.861111 0.00749995 0.0688889 0.00102425
0 0.6325 0.130278 0.0125 0.0205556 0.00102425
