0 0.935625 0.782222 0.1175 0.208889 0.949707
0 0.0516797 0.62 0.103203 0.156667 0.948242
0 0.89375 0.515 0.17 0.133333 0.93457
0 0.0508594 0.345278 0.06375 0.0777778 0.933594
0 0.88375 0.551111 0.0825 0.156667 0.932617
0 0.3525 0.300556 0.055 0.0644445 0.931152
0 0.97375 0.319167 0.0525 0.0727778 0.930664
0 0.96625 0.93 0.0675 0.137778 0.929199
0 0.92 0.645556 0.1325 0.146667 0.925781
0 0.79375 0.301111 0.07375 0.0616666 0.924805
0 0.0953906 0.540556 0.0828125 0.142222 0.918945
0 0.9325 0.478889 0.135 0.113333 0.905762
0 0.399375 0.266111 0.035 0.0511111 0.899902
0 0.0428906 0.501111 0.0857813 0.112222 0.896973
0 0.72625 0.283611 0.0425 0.0572222 0.895508
0 0.696875 0.218611 0.02875 0.0486111 0.884766
0 0.42875 0.232361 0.03125 0.0469445 0.868164
0 0.414063 0.251667 0.033125 0.0472222 0.859863
0 0.9575 0.430556 0.085 0.0994444 0.855957
0 0.374688 0.283889 0.03625 0.0566667 0.848145
3 0.182656 0.334444 0.01375 0.0711111 0.838867
0 0.531875 0.148611 0.01625 0.0211111 0.810547
6 0.651875 0.238333 0.02125 0.0533333 0.795898
0 0.596875 0.132361 0.01375 0.0175 0.794434
3 0.278125 0.296111 0.01375 0.0666667 0.791992
0 0.71375 0.267847 0.0375 0.0554167 0.749023
0 0.70625 0.242361 0.035 0.0513889 0.729492
0 0.48875 0.169722 0.018125 0.0311111 0.72168
0 0.47375 0.183889 0.02125 0.0363889 0.694336
0 0.448125 0.208611 0.02875 0.0438889 0.677246
3 0.268438 0.316111 0.0125 0.0422222 0.673828
0 0.54125 0.134722 0.01125 0.0202778 0.546875
0 0.0185938 0.72 0.0371875 0.208889 0.513672
5 0.567813 0.10375 0.00812499 0.0163889 0.397949
0 0.67875 0.195139 0.0225 0.0363889 0.0980835
0 0.505 0.1525 0.01375 0.0238889 0.0747681
0 0.5275 0.144306 0.0125 0.0230555 0.0596619
0 0.0100684 0.473056 0.0200586 0.075 0.0339661
0 0.533125 0.145 0.014375 0.0244444 0.032959
0 0.440625 0.215556 0.02625 0.0422222 0.029541
0 0.70875 0.270486 0.025 0.0445833 0.0267029
0 0.53625 0.140278 0.01125 0.0211111 0.0185852
3 0.182813 0.339444 0.0103125 0.0522222 0.0180511
0 0.66875 0.183611 0.02 0.0291667 0.0178528
0 0.00349365 0.436944 0.00698731 0.105 0.0146713
0 0.008125 0.46 0.01625 0.0955556 0.0139542
0 0.5425 0.128056 0.0125 0.0238889 0.0139008
0 0.466875 0.190833 0.015625 0.0372222 0.0115509
0 0.551875 0.116667 0.00812499 0.0127778 0.0112915
0 0.64875 0.149444 0.015 0.0227778 0.00624084
2 0.63 0.128333 0.00750001 0.0172222 0.00600433
3 0.277969 0.301111 0.01875 0.0783333 0.00536346
0 0.51 0.148889 0.01375 0.0216667 0.00521851
0 0.66625 0.179028 0.02 0.0291667 0.00518036
0 0.65375 0.228611 0.0175 0.0438889 0.00511932
3 0.255 0.298611 0.00999999 0.0738889 0.00475693
0 0.65875 0.166389 0.0175001 0.0294444 0.00473785
0 0.4425 0.213194 0.0325 0.0516667 0.00426483
2 0.63625 0.130556 0.00874996 0.0166667 0.00367928
0 0.655625 0.162083 0.01625 0.0297222 0.00340271
0 0.00987793 0.604445 0.0197559 0.12 0.00340271
0 0.545625 0.124861 0.01125 0.0177778 0.00329781
3 0.255313 0.31 0.009375 0.0522222 0.00312424
0 0.62375 0.114444 0.00625 0.0141667 0.00273705
0 0.983125 0.419722 0.03375 0.0816667 0.00271416
0 0.505625 0.145278 0.009375 0.0233333 0.0026722
3 0.93 0.273403 0.00999997 0.0676389 0.00258064
0 0.9925 0.578889 0.015 0.0955556 0.0024929
0 0.9925 0.412222 0.015 0.0733333 0.00245285
3 0.170938 0.260278 0.00750001 0.0333333 0.00245285
3 0.108281 0.342778 0.00874999 0.0366667 0.00242424
5 0.55875 0.104167 0.009375 0.0175 0.00237846
0 0.514063 0.144306 0.011875 0.0225 0.00236893
0 0.97 0.410833 0.0575 0.0638889 0.00225258
0 0.0145117 0.499167 0.0288672 0.0861111 0.00209999
5 0.5825 0.0866667 0.00625 0.0136111 0.00194168
3 0.26 0.279444 0.030625 0.119444 0.00182438
2 0.0032373 0.423333 0.00647461 0.0855555 0.00168705
3 0.379375 0.257778 0.01875 0.0433333 0.0014782
0 0.7175 0.251597 0.04375 0.06125 0.00145531
0 0.995938 0.534722 0.00812499 0.142778 0.00136662
3 0.931875 0.287778 0.015 0.0922222 0.00136662
0 0.116094 0.806667 0.0690625 0.108889 0.00133514
0 0.99375 0.56 0.0124999 0.113333 0.0012846
2 0.6275 0.130833 0.00749995 0.0144444 0.00127411
0 0.642344 0.141111 0.0153125 0.0216667 0.0012064
0 0.995625 0.505 0.00874996 0.126667 0.00117874
0 0.0178223 0.478333 0.0356445 0.0744445 0.0011692
7 0.96625 0.929444 0.0675 0.137778 0.00116062
0 0.989375 0.419722 0.02125 0.0883334 0.00103188
0 0.0165234 0.517222 0.0330469 0.0888889 0.00100422
