0 0.93625 0.783333 0.1175 0.208889 0.949219
0 0.0522266 0.621111 0.104297 0.155556 0.947754
0 0.0515527 0.346111 0.0651758 0.0777778 0.935059
0 0.975 0.320278 0.0499999 0.0722222 0.933594
0 0.895 0.515 0.17 0.133333 0.932129
0 0.095625 0.540556 0.0842188 0.142222 0.928711
0 0.9675 0.931111 0.065 0.137778 0.926758
0 0.88375 0.552222 0.08375 0.157778 0.925781
0 0.795 0.301111 0.07375 0.0611111 0.924805
0 0.920625 0.645556 0.13125 0.146667 0.922363
0 0.4 0.2675 0.035625 0.0516667 0.903809
0 0.933125 0.48 0.13375 0.114444 0.901855
0 0.373125 0.286111 0.04125 0.0588889 0.897461
0 0.72625 0.283889 0.0425 0.0577778 0.891602
2 0.310313 0.481389 0.034375 0.119444 0.872559
0 0.430313 0.232917 0.030625 0.0463889 0.868652
0 0.6975 0.219306 0.03 0.0480556 0.862305
0 0.414375 0.251389 0.0325 0.0466667 0.856934
0 0.9575 0.430556 0.0825 0.0983333 0.84375
0 0.5325 0.149167 0.015625 0.0211111 0.842773
2 0.64125 0.235972 0.00999997 0.0458333 0.823242
0 0.557813 0.171111 0.019375 0.0322222 0.812988
0 0.705625 0.240694 0.035 0.0536111 0.737305
0 0.715 0.267708 0.0362501 0.0556944 0.720215
0 0.488438 0.171111 0.018125 0.03 0.708984
0 0.4475 0.209167 0.02625 0.0433333 0.705566
5 0.56 0.116667 0.011875 0.0216667 0.638672
0 0.47375 0.184722 0.02125 0.0366667 0.635254
0 0.5425 0.135833 0.0125 0.0197222 0.484375
2 0.6475 0.178333 0.00750001 0.0297222 0.407227
0 0.0191602 0.712222 0.0383203 0.188889 0.405518
0 0.67375 0.189444 0.02 0.0322222 0.0703125
0 0.67625 0.191944 0.02125 0.0355556 0.0598755
0 0.5025 0.155 0.013125 0.0238889 0.0592041
0 0.465 0.191944 0.0175 0.0377778 0.0574951
0 0.4425 0.214444 0.025 0.0427778 0.0420837
0 0.535625 0.143056 0.0125 0.0211111 0.0362854
0 0.5275 0.142917 0.01 0.0202778 0.0344849
3 0.65125 0.168194 0.00750001 0.0236111 0.0284424
0 0.5875 0.0968056 0.00625 0.0108333 0.0236053
0 0.53375 0.142917 0.01375 0.0191667 0.0228882
0 0.71 0.268264 0.0275 0.0468055 0.0212097
5 0.615 0.103611 0.00625 0.0152778 0.0175171
0 0.450625 0.205833 0.03 0.0444444 0.0144501
3 0.645 0.152639 0.00750001 0.0216667 0.0120544
0 0.98125 0.416389 0.0374999 0.0733333 0.0109863
3 0.646875 0.184861 0.00874996 0.0344445 0.0104904
0 0.471563 0.188056 0.020625 0.04 0.0100555
0 0.665 0.169028 0.0175001 0.0280556 0.00963593
2 0.65125 0.167083 0.00999997 0.0244445 0.00894928
0 0.49875 0.162083 0.015 0.025 0.00854492
0 0.588125 0.0947222 0.00625 0.0122222 0.00812531
2 0.630938 0.125 0.00687497 0.0130556 0.00796509
0 0.62375 0.113194 0.00625 0.0138889 0.00609589
0 0.632188 0.120972 0.00812505 0.0116667 0.00488663
0 0.510625 0.150417 0.01375 0.0216667 0.00469971
0 0.715625 0.253819 0.0375 0.0556945 0.00460815
0 0.50625 0.154444 0.013125 0.0227778 0.00457382
0 0.0137305 0.604445 0.0274219 0.116667 0.00445175
3 0.109063 0.340556 0.0090625 0.0322222 0.00426483
0 0.719375 0.273819 0.03375 0.0534722 0.00419998
5 0.61625 0.0865278 0.00625 0.0130556 0.00385475
0 0.560625 0.109132 0.01125 0.0211806 0.00372124
5 0.62375 0.106389 0.00625 0.0175 0.00351143
3 0.690625 0.164028 0.00750001 0.0266667 0.00338936
7 0.355625 0.772222 0.00500002 0.0177778 0.00322342
0 0.441563 0.212778 0.03375 0.0527778 0.00300407
0 0.634688 0.131528 0.00625 0.015 0.00296974
0 0.68 0.202083 0.015 0.0308333 0.00268364
5 0.56 0.112639 0.0125 0.0275 0.00255013
0 0.546875 0.130556 0.01 0.0194444 0.00245285
3 0.37625 0.250278 0.00999997 0.0327778 0.00237846
0 0.99375 0.411111 0.0124999 0.07 0.00223351
0 0.475 0.177778 0.02 0.0361111 0.00219154
0 0.00836914 0.604445 0.0166797 0.111111 0.00199509
3 0.695 0.166944 0.00499999 0.0191667 0.00191212
0 0.0232813 0.611111 0.0465625 0.134444 0.00174809
0 0.54375 0.128194 0.011875 0.0241667 0.00174141
0 0.584688 0.0826389 0.00499999 0.0118056 0.00171375
0 0.28 0.883333 0.055 0.0844445 0.00161076
0 0.663125 0.164444 0.01875 0.0311111 0.00154877
0 0.6525 0.158472 0.00999997 0.025 0.00152493
0 0.00299805 0.413333 0.00599609 0.0644445 0.00148964
0 0.70125 0.222917 0.035 0.0430555 0.00116539
3 0.356562 0.237639 0.00874999 0.0786111 0.0011425
0 0.00318848 0.427222 0.00637695 0.0688889 0.00109005
0 0.50125 0.151667 0.01125 0.0227778 0.00109005
0 0.2425 0.838889 0.0975 0.135556 0.00104809
