0 0.04625 0.606111 0.0925 0.158889 0.949219
0 0.9275 0.771667 0.1175 0.207778 0.947266
0 0.0421484 0.333333 0.0633594 0.0766667 0.940918
0 0.7725 0.291111 0.06625 0.0638889 0.939941
0 0.875 0.539444 0.0825 0.153333 0.936523
0 0.343438 0.288333 0.055 0.0627778 0.931641
0 0.88625 0.503889 0.17 0.133333 0.931152
0 0.97 0.310278 0.06 0.0711111 0.925781
0 0.91125 0.633889 0.13 0.143333 0.924316
0 0.0885156 0.525556 0.079375 0.14 0.918945
0 0.92875 0.468056 0.1425 0.110556 0.916504
0 0.9625 0.926667 0.0725 0.144444 0.909668
0 0.71625 0.272292 0.0425 0.0554166 0.904785
0 0.6875 0.208333 0.02875 0.0505555 0.872559
0 0.0384961 0.485556 0.0769922 0.105556 0.872559
0 0.42 0.220972 0.03125 0.0444445 0.86084
0 0.389375 0.254167 0.035 0.0516667 0.854004
2 0.725 0.513333 0.0275 0.126667 0.849121
0 0.61 0.14125 0.01625 0.0225 0.836426
0 0.365 0.272222 0.035 0.0561111 0.832031
0 0.5225 0.137222 0.015 0.0211111 0.82666
0 0.95375 0.424444 0.0925 0.105556 0.820801
0 0.400625 0.239722 0.030625 0.0477778 0.808105
0 0.70625 0.2575 0.0375 0.0561111 0.791992
0 0.468438 0.170278 0.02 0.0297222 0.747559
3 0.929375 0.295278 0.00874996 0.0516667 0.621582
0 0.47875 0.159167 0.0175 0.0294444 0.59082
0 0.437813 0.196944 0.025625 0.0422222 0.584961
0 0.700625 0.234167 0.0325 0.0488889 0.583008
0 0.5325 0.123611 0.0125 0.0216667 0.424316
0 0.610938 0.113924 0.010625 0.0154861 0.366699
0 0.67 0.183056 0.02375 0.0405556 0.264404
3 0.928125 0.2925 0.00874996 0.0538889 0.203125
0 0.527813 0.125833 0.01125 0.0177778 0.168823
0 0.393438 0.250278 0.0325 0.0494444 0.165649
0 0.529688 0.123889 0.01125 0.02 0.160767
0 0.0147949 0.696667 0.0294727 0.182222 0.121277
0 0.69625 0.228056 0.025 0.0441667 0.0878906
0 0.48875 0.15 0.01625 0.0272222 0.0603027
0 0.704375 0.245972 0.03375 0.0530556 0.0451965
0 0.459375 0.182639 0.02 0.0311111 0.0448608
5 0.57125 0.0768056 0.00875003 0.01375 0.035553
0 0.98875 0.426667 0.0225 0.0966667 0.0240479
0 0.655625 0.16375 0.0199999 0.0302778 0.0236053
3 0.965625 0.285 0.00750001 0.0433333 0.02211
0 0.65875 0.170833 0.0199999 0.0333333 0.0194244
0 0.621875 0.116806 0.01125 0.0158333 0.016983
0 0.00926758 0.563889 0.0183984 0.0933333 0.0164032
3 0.80125 0.240556 0.01 0.0466667 0.0157776
0 0.69625 0.229167 0.0375 0.0483333 0.0147324
0 0.46125 0.18125 0.01625 0.0258333 0.0145035
0 0.61 0.129722 0.01375 0.015 0.0141754
0 0.673125 0.1875 0.0225 0.0427778 0.0139542
0 0.494375 0.143889 0.01375 0.0238889 0.0128708
0 0.443125 0.194306 0.025625 0.0383333 0.00989532
0 0.99125 0.412778 0.0175 0.0755555 0.00974274
0 0.63375 0.130833 0.0137499 0.0205556 0.00784302
0 0.6125 0.100625 0.00750001 0.0122222 0.0078125
0 0.58625 0.0791667 0.00499999 0.0108333 0.00766754
0 0.5425 0.105417 0.00874996 0.0163889 0.00674438
0 0.594063 0.0804861 0.00562496 0.00875 0.00598145
0 0.6025 0.0770139 0.00687497 0.0134722 0.00557709
0 0.614375 0.14 0.015625 0.0255555 0.00542831
0 0.646875 0.149722 0.01875 0.0261111 0.00479126
0 0.98125 0.425556 0.0374999 0.0988889 0.00452042
3 0.72625 0.193333 0.00499999 0.0336111 0.00419998
0 0.541875 0.114479 0.00875003 0.0160417 0.00403976
3 0.73875 0.204167 0.00750001 0.0361111 0.00403976
0 0.567813 0.0795833 0.00750001 0.0102778 0.00359344
3 0.93 0.294444 0.0125 0.0555556 0.00356483
0 0.95625 0.408056 0.08625 0.075 0.00332451
0 0.9925 0.460833 0.015 0.0827778 0.00319672
0 0.0110352 0.583889 0.0219922 0.107778 0.00309944
0 0.0125391 0.591111 0.0250781 0.137778 0.00302696
3 0.164063 0.258889 0.0075 0.0416667 0.00301552
0 0.481875 0.149722 0.01625 0.0311111 0.00281143
0 0.530938 0.126528 0.01125 0.0236111 0.00279999
0 0.434375 0.204861 0.02375 0.0430556 0.00269318
0 0.501875 0.144583 0.011875 0.0236111 0.00265312
3 0.96625 0.282222 0.0199999 0.0466667 0.0026207
0 0.67875 0.210556 0.025 0.0516667 0.00259018
0 0.64125 0.137639 0.01375 0.0233333 0.00243378
0 0.63375 0.125556 0.0125 0.0205556 0.00234985
3 0.735625 0.197778 0.00750001 0.0372222 0.00232315
0 0.0139844 0.572222 0.0279688 0.0966666 0.00227928
0 0.0054541 0.452778 0.0109082 0.0722222 0.00226974
0 0.500313 0.145278 0.00999997 0.0216667 0.00208282
0 0.99125 0.304444 0.0175 0.0644445 0.0019722
0 0.6575 0.176389 0.00999997 0.0302778 0.00183105
0 0.0235938 0.579861 0.0471875 0.106944 0.00182438
0 0.379375 0.250556 0.04625 0.06 0.00176144
0 0.985625 0.305 0.02875 0.0611111 0.00158501
0 0.99125 0.450556 0.0175 0.0877778 0.00153637
0 0.60875 0.106875 0.00999997 0.0170833 0.00141048
3 0.725 0.1925 0.00499999 0.0288889 0.00138855
3 0.685 0.151667 0.00499999 0.0191667 0.00121593
0 0.00865723 0.458889 0.0173145 0.0755556 0.00118828
3 0.69625 0.175833 0.00749995 0.0283333 0.00105667
0 0.70625 0.265833 0.035 0.055 0.00104427
7 0.169219 0.265833 0.00562501 0.0277778 0.00101662
