0 0.93375 0.778889 0.1175 0.206667 0.950684
0 0.0499609 0.616667 0.0999219 0.156667 0.946777
0 0.881875 0.548333 0.08375 0.156667 0.942871
0 0.79125 0.298889 0.0725 0.0627778 0.936523
0 0.0479297 0.344444 0.0639844 0.075 0.936523
0 0.8925 0.512222 0.17 0.134444 0.932129
0 0.97375 0.3175 0.0525 0.0716667 0.928223
6 0.255313 0.380278 0.05125 0.103333 0.922363
0 0.0925781 0.537639 0.0839063 0.144722 0.920898
5 0.52125 0.652361 0.15875 0.304167 0.92041
0 0.349375 0.297778 0.05375 0.0644445 0.918457
0 0.918125 0.644444 0.13125 0.148889 0.91748
0 0.964375 0.928333 0.07125 0.141111 0.913574
0 0.930625 0.475556 0.13875 0.111111 0.905273
0 0.0407031 0.497778 0.0814063 0.11 0.90332
0 0.7225 0.280556 0.0425 0.0577778 0.900391
0 0.69375 0.217222 0.03 0.05 0.864258
0 0.426563 0.229861 0.03125 0.0469444 0.863281
3 0.18625 0.378333 0.018125 0.0911111 0.859863
0 0.411875 0.248611 0.03125 0.0466667 0.85498
0 0.39625 0.264722 0.03625 0.0505556 0.847168
0 0.570312 0.132083 0.011875 0.0175 0.836426
0 0.37125 0.282778 0.035 0.0566666 0.834473
0 0.956563 0.428333 0.086875 0.0977778 0.832031
0 0.71125 0.267778 0.035 0.0511111 0.757812
0 0.529375 0.145556 0.015 0.02 0.744629
0 0.485625 0.168889 0.01875 0.0297222 0.716797
0 0.70375 0.239722 0.035 0.0538889 0.708984
0 0.44375 0.205556 0.02375 0.0422222 0.697754
0 0.470625 0.180694 0.019375 0.0330556 0.686035
0 0.0172559 0.714444 0.0344336 0.206667 0.434082
0 0.538438 0.131806 0.01125 0.0205556 0.424316
0 0.67625 0.192222 0.025 0.0405556 0.158691
0 0.562188 0.114306 0.009375 0.0144444 0.143677
0 0.5575 0.115521 0.009375 0.0150694 0.13208
5 0.564375 0.0968056 0.00874996 0.0166667 0.0987549
0 0.695 0.224722 0.0275 0.0497222 0.0891113
0 0.494688 0.160417 0.01375 0.0241667 0.0658569
0 0.7075 0.247083 0.04 0.0502778 0.0360718
0 0.53875 0.127639 0.01125 0.0225 0.0299835
7 0.3325 0.480833 0.015 0.0255556 0.0288696
0 0.460313 0.190417 0.014375 0.0363889 0.0281067
3 0.37375 0.255556 0.01125 0.0422222 0.0218658
0 0.5025 0.151111 0.01375 0.0238889 0.0195007
0 0.9875 0.410833 0.0249999 0.0733333 0.0148392
0 0.981875 0.420278 0.03625 0.0844445 0.0106964
0 0.475313 0.178611 0.02125 0.0288889 0.0100937
0 0.97 0.43 0.06 0.0977778 0.00978088
0 0.54625 0.123889 0.00999997 0.0172222 0.00844574
0 0.660625 0.165833 0.02 0.0288889 0.00818634
0 0.661875 0.170139 0.02125 0.0336111 0.00725937
0 0.335 0.480556 0.02 0.0266667 0.00653839
7 0.490938 0.94 0.00687497 0.0244444 0.00460815
0 0.985 0.430556 0.03 0.0977778 0.00385475
0 0.570625 0.127083 0.01125 0.0219444 0.00369263
0 0.533125 0.134722 0.011875 0.0216667 0.00349617
0 0.971875 0.41 0.055 0.0672222 0.00341606
0 0.90375 0.494722 0.1775 0.121667 0.00322342
0 0.00487793 0.446667 0.00975586 0.0988889 0.00298119
7 0.595 0.537778 0.00875003 0.03 0.00284576
0 0.536563 0.136111 0.01125 0.0216667 0.00277901
0 0.700625 0.226667 0.03375 0.0461111 0.00259018
0 0.645 0.145694 0.01625 0.0213889 0.00255013
3 0.74 0.206389 0.00749995 0.0372222 0.00235939
0 0.641094 0.141528 0.0128125 0.0222222 0.00211525
0 0.00999512 0.467778 0.0199707 0.0755555 0.00204277
3 0.3725 0.250833 0.015625 0.05 0.00191879
0 0.633125 0.124444 0.00874996 0.0183333 0.00166798
2 0.595 0.537778 0.009375 0.0433333 0.00161076
0 0.5875 0.0825 0.00625 0.0111111 0.00148964
0 0.9825 0.309444 0.035 0.0622222 0.00144386
2 0.99625 0.19 0.00749995 0.0794444 0.00142097
0 0.359063 0.478889 0.03875 0.0577778 0.00141048
6 0.259063 0.348889 0.041875 0.0455556 0.00138855
0 0.635625 0.132778 0.00999997 0.0194444 0.00136185
0 0.685 0.212083 0.0225 0.0425 0.00126457
0 0.0120801 0.476111 0.024043 0.0755555 0.00117874
0 0.633125 0.126944 0.01 0.0186111 0.00114727
3 0.374063 0.245139 0.01 0.0475 0.0011425
0 0.39875 0.250833 0.0425 0.0566667 0.00108624
0 0.65625 0.159861 0.0175 0.0258333 0.00104046
0 0.55625 0.104167 0.00874996 0.0141667 0.00102043
