0 0.0522266 0.621111 0.104297 0.157778 0.947266
0 0.93625 0.783333 0.11875 0.208889 0.946289
0 0.0516016 0.345556 0.0646094 0.0788889 0.936035
0 0.895 0.515 0.17 0.133333 0.932129
0 0.0957813 0.539861 0.0845313 0.1425 0.931152
0 0.974375 0.319722 0.05125 0.0722222 0.929199
0 0.795 0.300833 0.075 0.0616667 0.927246
0 0.88375 0.551667 0.08375 0.156667 0.925781
0 0.920625 0.645556 0.13125 0.146667 0.923828
0 0.9675 0.931111 0.065 0.137778 0.918945
0 0.93375 0.480556 0.1325 0.116667 0.905762
0 0.6325 0.210833 0.03 0.04 0.905273
0 0.4 0.267222 0.035 0.0522222 0.904785
0 0.373125 0.286111 0.0425 0.0588889 0.897461
0 0.72625 0.283889 0.0425 0.0577778 0.896484
0 0.43 0.233333 0.03125 0.0472222 0.867188
0 0.6975 0.218889 0.03 0.0483333 0.865234
0 0.414375 0.251111 0.0325 0.0455556 0.852051
0 0.532188 0.149861 0.015 0.0194444 0.844727
0 0.9575 0.43 0.0825 0.0977778 0.811523
5 0.56 0.115556 0.01375 0.0247222 0.779785
0 0.70625 0.241389 0.035 0.0516667 0.750488
0 0.715 0.267708 0.0375 0.0545833 0.72168
0 0.448125 0.209444 0.02875 0.0433333 0.695801
0 0.5425 0.135278 0.0125 0.0202778 0.624512
0 0.48875 0.170833 0.018125 0.0305556 0.613281
0 0.47375 0.184444 0.02125 0.0366667 0.592773
0 0.0189941 0.716667 0.0379883 0.202222 0.437744
2 0.61375 0.118194 0.00625 0.0130556 0.222046
0 0.54 0.137917 0.0125 0.0202778 0.146118
0 0.465625 0.192917 0.0175 0.0363889 0.0891113
0 0.441875 0.215278 0.025625 0.0416667 0.0539856
0 0.67375 0.190556 0.02 0.0322222 0.0538025
0 0.50375 0.154444 0.01375 0.0241667 0.0488586
0 0.451875 0.207083 0.028125 0.0422222 0.0483093
0 0.537188 0.140556 0.011875 0.0205556 0.0301056
0 0.67625 0.194722 0.02125 0.0366667 0.0240479
0 0.5275 0.143611 0.01 0.0205556 0.0219421
3 0.651875 0.164583 0.00750001 0.0233333 0.0206451
0 0.96125 0.415833 0.0775 0.0716667 0.0179138
0 0.66875 0.184722 0.01875 0.0283333 0.0176392
0 0.709375 0.268056 0.0275 0.0483333 0.0171814
0 0.544063 0.132222 0.01375 0.0188889 0.0164642
0 0.6575 0.164444 0.0175 0.0261111 0.0123367
0 0.278438 0.878889 0.0534375 0.0822222 0.0122375
0 0.66375 0.166528 0.01875 0.0294444 0.0109863
0 0.959375 0.450278 0.0812499 0.0772222 0.00871277
3 0.630625 0.127083 0.00625 0.0136111 0.00854492
3 0.109063 0.340833 0.00796874 0.0333333 0.00837708
0 0.47 0.188194 0.02 0.0402778 0.00682449
0 0.49875 0.161667 0.015 0.0255556 0.00598145
0 0.54375 0.128056 0.0125 0.0238889 0.0055542
0 0.66125 0.163056 0.0225 0.0280555 0.00544739
3 0.613125 0.120556 0.00625 0.0147222 0.00534439
0 0.665 0.175 0.01875 0.0283333 0.00526047
0 0.99125 0.410556 0.0175 0.0677778 0.0051384
0 0.6625 0.180556 0.0175 0.0269444 0.00508118
0 0.6725 0.185556 0.02125 0.0344445 0.00494385
3 0.64625 0.1525 0.00749995 0.0216667 0.00450516
3 0.635938 0.1325 0.00625 0.0155555 0.00446701
0 0.509688 0.151111 0.014375 0.0222222 0.00445175
0 0.623125 0.115833 0.00625 0.0130556 0.00421524
3 0.636875 0.151806 0.00625 0.0169444 0.00370789
0 0.4425 0.213056 0.035 0.0527778 0.00365067
0 0.0106641 0.604445 0.0213281 0.118889 0.0029583
0 0.7175 0.252222 0.04375 0.0644445 0.00170708
0 0.720625 0.276389 0.035 0.055 0.00150108
0 0.63375 0.12125 0.00625 0.0127778 0.00145531
0 0.0234961 0.608889 0.0469922 0.135556 0.00138855
0 0.70125 0.222917 0.035 0.0447222 0.00122547
5 0.623125 0.10625 0.00750001 0.0183333 0.00116062
5 0.6175 0.110278 0.00874996 0.0252778 0.00115108
0 0.98375 0.408333 0.03125 0.0627778 0.00108147
0 0.0438281 0.574306 0.0876563 0.0913889 0.00102425
