0 0.0437891 0.338611 0.0641406 0.0772222 0.94873
0 0.93 0.774444 0.1175 0.208889 0.946289
0 0.0478125 0.61 0.0951563 0.158889 0.945801
0 0.876875 0.542222 0.0825 0.155556 0.942383
0 0.888125 0.507222 0.17125 0.132222 0.930664
5 0.89875 0.288889 0.2025 0.213333 0.927246
0 0.91375 0.638889 0.13 0.146667 0.924805
0 0.345313 0.291667 0.055 0.0644445 0.924316
0 0.963125 0.926667 0.0725 0.144444 0.921875
0 0.0882813 0.53 0.0835938 0.143333 0.918457
0 0.527813 0.215417 0.030625 0.0422222 0.915039
0 0.718125 0.274444 0.04375 0.0572222 0.910645
0 0.929375 0.471111 0.14125 0.108889 0.902832
0 0.0389648 0.490833 0.0779297 0.109444 0.899902
0 0.391875 0.257847 0.03625 0.0520833 0.884277
0 0.69 0.212083 0.0300001 0.0494445 0.882324
3 0.184063 0.485 0.025 0.07 0.879883
0 0.367188 0.274722 0.035 0.0544444 0.856934
0 0.4225 0.223611 0.03125 0.0461111 0.849121
0 0.487188 0.291181 0.04875 0.0898611 0.845703
0 0.407813 0.243056 0.030625 0.0444444 0.844727
0 0.954375 0.427222 0.09125 0.103333 0.827637
0 0.524375 0.141389 0.015 0.0183333 0.817383
0 0.708125 0.260069 0.035 0.0565278 0.809082
0 0.69875 0.233194 0.0325 0.0525 0.779785
0 0.440625 0.200694 0.02625 0.0419444 0.729492
0 0.470938 0.174167 0.020625 0.0294444 0.716797
0 0.481875 0.160556 0.018125 0.0272222 0.660156
0 0.534375 0.127778 0.01 0.0188889 0.364746
0 0.0154395 0.713333 0.0307617 0.212222 0.23938
0 0.5325 0.126806 0.01125 0.0175 0.199951
0 0.70375 0.237778 0.0325 0.0472222 0.138428
0 0.00477783 0.435833 0.00955566 0.102222 0.128906
0 0.995 0.179583 0.00999997 0.0477778 0.109314
0 0.455625 0.186944 0.02 0.0338889 0.0960083
0 0.671875 0.185556 0.02375 0.0416667 0.0897827
0 0.438125 0.204722 0.025625 0.0444444 0.0783691
0 0.695 0.227639 0.0275 0.0491667 0.0783691
0 0.00401123 0.425833 0.00802246 0.0961111 0.0528259
0 0.458125 0.183889 0.01625 0.0283333 0.0483093
2 0.65625 0.176944 0.01 0.0283333 0.0420837
0 0.7075 0.267778 0.03 0.0477778 0.0270081
0 0.985 0.404444 0.03 0.0822222 0.0198669
0 0.994375 0.188472 0.01125 0.0658333 0.0156708
0 0.52 0.134583 0.01125 0.0172222 0.0153046
0 0.4275 0.217917 0.040625 0.0513889 0.0131226
0 0.67 0.179722 0.025 0.0388889 0.00993347
2 0.658125 0.177778 0.01625 0.0283333 0.00959778
0 0.975 0.405278 0.0499999 0.0783333 0.00937653
0 0.98125 0.428889 0.0374999 0.104444 0.00772476
0 0.994375 0.176389 0.01125 0.065 0.00666809
0 0.488125 0.154167 0.01625 0.0288889 0.0064888
0 0.495 0.140833 0.01 0.0202778 0.00624084
5 0.970625 0.302153 0.05875 0.217917 0.00624084
0 0.986875 0.429722 0.02625 0.105556 0.00568771
0 0.67375 0.189722 0.02 0.0411111 0.00488663
0 0.540625 0.114861 0.010625 0.0166667 0.00453949
0 0.00801758 0.466111 0.0160156 0.0788889 0.00432968
0 0.955 0.401111 0.09 0.183333 0.00416565
0 0.65375 0.157778 0.015 0.0266667 0.0039444
0 0.98125 0.394167 0.0374999 0.0727778 0.00376511
0 0.990625 0.198056 0.0187499 0.0666667 0.00367928
0 0.540625 0.127917 0.01125 0.0169444 0.00363541
0 0.66 0.164444 0.02 0.0305556 0.00342941
0 0.98875 0.21 0.0225 0.0833333 0.00312424
0 0.99 0.187361 0.0199999 0.0622222 0.00208282
0 0.616563 0.0983333 0.00687497 0.0108333 0.00171375
2 0.60625 0.255486 0.016875 0.0534722 0.00171375
2 0.609375 0.252778 0.0175 0.0583333 0.00165462
0 0.651875 0.159722 0.0125 0.0222222 0.00162888
0 0.634375 0.131944 0.01375 0.0233333 0.00161648
0 0.5525 0.102361 0.00749995 0.0116667 0.00153065
0 0.625 0.116389 0.01 0.0158333 0.00151253
0 0.0090332 0.449444 0.0180664 0.0933333 0.00149536
0 0.635 0.135556 0.01125 0.0219444 0.00144386
0 0.514688 0.121389 0.00812502 0.0161111 0.00140476
7 0.96375 0.927778 0.07125 0.142222 0.00132465
0 0.99375 0.248333 0.0124999 0.148889 0.00130463
0 0.646875 0.155278 0.01125 0.0238889 0.00129986
0 0.453125 0.188889 0.02625 0.0408333 0.00129414
7 0.529688 0.84 0.00437498 0.0155555 0.00121593
2 0.648125 0.163611 0.00999997 0.0233333 0.00118828
5 0.60375 0.0769444 0.00499999 0.0133333 0.00117874
0 0.52375 0.124722 0.00750001 0.0183333 0.00117874
0 0.499688 0.133333 0.013125 0.0194444 0.0011425
0 0.96375 0.454167 0.0725 0.085 0.00113773
0 0.00932617 0.595 0.0186328 0.114444 0.00107765
