0 0.0462109 0.606111 0.0924219 0.16 0.94873
0 0.926875 0.772222 0.1175 0.207778 0.945801
0 0.0419141 0.334167 0.0639844 0.0761111 0.942871
0 0.7725 0.291111 0.0675001 0.0633333 0.940918
0 0.875 0.539444 0.0825 0.154444 0.936523
0 0.88625 0.503889 0.17 0.134444 0.927734
0 0.91125 0.633889 0.13 0.143333 0.92627
0 0.97 0.309444 0.06 0.0711111 0.924316
0 0.0882813 0.526667 0.0796875 0.141111 0.923828
6 0.30875 0.353889 0.080625 0.09 0.921875
0 0.92875 0.468333 0.1425 0.111111 0.914062
0 0.9625 0.926667 0.0725 0.144444 0.913086
0 0.343438 0.288333 0.055 0.0633333 0.905762
0 0.71625 0.271597 0.0425 0.0556945 0.901367
0 0.611875 0.138611 0.015 0.0194444 0.880859
5 0.604375 0.11625 0.03 0.0538889 0.874023
0 0.0371094 0.486389 0.0742188 0.107222 0.864258
0 0.6875 0.207778 0.02875 0.0488889 0.862305
0 0.419688 0.221389 0.03125 0.0444444 0.861328
0 0.39 0.254375 0.035 0.05125 0.86084
0 0.36625 0.270556 0.035 0.0527778 0.824219
0 0.95375 0.424167 0.0925 0.106111 0.812988
0 0.5225 0.136944 0.015 0.0205556 0.804199
0 0.70625 0.257222 0.0375 0.0572222 0.801758
0 0.400625 0.24 0.03 0.0483333 0.799316
0 0.469375 0.170556 0.0175 0.0286111 0.684082
0 0.705 0.233194 0.03875 0.0508333 0.668945
3 0.93 0.298056 0.00875003 0.0477778 0.648926
0 0.478125 0.159722 0.01875 0.0305556 0.647949
0 0.438125 0.195694 0.02625 0.0413889 0.640625
2 0.542188 0.133611 0.00687504 0.025 0.449463
0 0.530938 0.124306 0.01125 0.0211111 0.364746
0 0.6975 0.230694 0.03 0.0502778 0.143188
0 0.528125 0.124861 0.01125 0.0183333 0.132935
0 0.67 0.182222 0.0225 0.0388889 0.117981
0 0.00995117 0.563333 0.0197266 0.0988889 0.085083
0 0.458125 0.180694 0.02125 0.0316667 0.0747681
0 0.63375 0.1325 0.0125 0.02 0.072876
3 0.540938 0.134444 0.00625 0.0233333 0.0658569
0 0.0117383 0.584444 0.0234766 0.131111 0.0646362
0 0.990625 0.419722 0.0187499 0.0827778 0.0469055
0 0.014375 0.698889 0.0286719 0.184444 0.0465393
3 0.8025 0.240278 0.00875003 0.0411111 0.0456848
3 0.735 0.198472 0.00750001 0.0352778 0.0419312
0 0.48875 0.149167 0.01625 0.0272222 0.0391846
0 0.703125 0.245833 0.03375 0.0472222 0.0390625
0 0.013252 0.568333 0.0265039 0.101111 0.0375977
0 0.580625 0.0744445 0.00749995 0.0144444 0.0289764
2 0.541875 0.125278 0.00750001 0.0211111 0.0265503
0 0.615938 0.135833 0.013125 0.0252778 0.0220337
0 0.0221875 0.573333 0.044375 0.104444 0.0178528
0 0.493125 0.145139 0.015 0.025 0.0171814
0 0.655 0.161111 0.02 0.0261111 0.0165253
0 0.632813 0.135 0.011875 0.0216667 0.0162201
0 0.6025 0.0779167 0.00749995 0.0138889 0.0151901
0 0.581875 0.0748611 0.00750001 0.0177778 0.0149536
5 0.601875 0.0701389 0.00750001 0.0186111 0.014061
0 0.981875 0.424722 0.03625 0.0961111 0.0131683
0 0.65875 0.170278 0.0175001 0.0327778 0.0116425
0 0.533125 0.129167 0.00937503 0.0238889 0.0101318
3 0.8475 0.278819 0.0125 0.06125 0.008255
0 0.485625 0.147222 0.015 0.0266667 0.00706482
3 0.725 0.19375 0.00499999 0.0258333 0.0068512
0 0.673125 0.188611 0.02125 0.0405556 0.00671768
3 0.73875 0.201667 0.00750001 0.0355556 0.00547028
3 0.735 0.197222 0.00999997 0.0383333 0.00446701
0 0.646875 0.149028 0.01875 0.0255555 0.00436401
3 0.731875 0.2025 0.01125 0.0527778 0.00416565
0 0.45875 0.173333 0.025 0.0361111 0.00363541
0 0.0130273 0.531667 0.0260156 0.113333 0.00351143
5 0.59625 0.0640278 0.00625 0.0166667 0.00349617
3 0.163906 0.266667 0.00656249 0.0283333 0.00307465
0 0.48125 0.156528 0.01875 0.0269444 0.00307465
3 0.70625 0.227222 0.04 0.0533333 0.00302696
0 0.955 0.408333 0.0875 0.0766667 0.00293541
0 0.64 0.139444 0.01625 0.0255556 0.00279999
0 0.540625 0.106597 0.01125 0.0193056 0.00276756
0 0.641875 0.144722 0.01625 0.0238889 0.00274658
0 0.622188 0.120556 0.013125 0.0183333 0.00261116
0 0.435 0.205556 0.023125 0.0416667 0.00260162
0 0.57625 0.0781944 0.00625 0.0127778 0.00257111
0 0.471563 0.167639 0.01875 0.0313889 0.0024929
0 0.633125 0.124722 0.01125 0.0194445 0.00237846
0 0.5 0.143611 0.01 0.0194444 0.00227928
3 0.7125 0.175833 0.00750001 0.0211111 0.00218201
3 0.718125 0.187778 0.00749995 0.0216667 0.00213242
0 0.0052832 0.454444 0.0105664 0.0688889 0.00200272
0 0.6575 0.177222 0.00875003 0.0311111 0.00198746
0 0.0134668 0.511667 0.0268164 0.0766667 0.00193405
0 0.38 0.250833 0.046875 0.0594444 0.00179577
0 0.65875 0.165 0.0199999 0.0308333 0.00165462
0 0.99125 0.443889 0.0175 0.09 0.00164223
0 0.0088916 0.458889 0.0177832 0.0744445 0.00160408
0 0.991875 0.457778 0.01625 0.0822222 0.00151253
0 0.65375 0.167361 0.02 0.03 0.00141048
0 0.466875 0.173472 0.01875 0.0327778 0.00135612
0 0.97875 0.306667 0.0425 0.0666667 0.00130463
0 0.98125 0.407222 0.0374999 0.0733333 0.00127411
7 0.414375 0.416667 0.00499999 0.0144444 0.00122547
0 0.5125 0.133194 0.01125 0.0233333 0.0011692
0 0.616875 0.137222 0.0175 0.0183333 0.0011425
3 0.70625 0.173611 0.00499999 0.0202778 0.0011425
0 0.699375 0.242083 0.0325 0.0563889 0.00112438
0 0.60875 0.335278 0.0375 0.0494444 0.00106049
