0 0.0460938 0.606667 0.0921875 0.158889 0.949219
0 0.926875 0.772222 0.1175 0.206667 0.944824
0 0.0418652 0.334167 0.0637695 0.0761111 0.942871
0 0.7725 0.291111 0.0675001 0.0644445 0.941895
0 0.875 0.54 0.0825 0.155556 0.936523
5 0.604375 0.115521 0.02875 0.0550694 0.935547
5 0.500625 0.178611 0.0375 0.0813889 0.932129
0 0.88625 0.503889 0.17 0.133333 0.929199
0 0.0883594 0.526667 0.0796875 0.142222 0.928223
0 0.343203 0.288333 0.0548437 0.0633333 0.92627
0 0.97 0.31 0.06 0.0705556 0.924316
0 0.91125 0.634444 0.13 0.142222 0.922363
0 0.92875 0.467778 0.1425 0.111111 0.91748
0 0.9625 0.926667 0.0725 0.144444 0.906738
0 0.71625 0.271944 0.0425 0.0555556 0.902832
0 0.0374219 0.486667 0.0748438 0.106667 0.870605
0 0.6875 0.207222 0.02875 0.0488889 0.861328
0 0.389375 0.254444 0.035 0.0522222 0.85791
0 0.419375 0.220972 0.03125 0.0452778 0.853027
6 0.455938 0.243889 0.02375 0.0572222 0.836426
0 0.365625 0.272292 0.03375 0.0565278 0.833496
0 0.522813 0.137917 0.014375 0.0213889 0.822266
0 0.95375 0.423889 0.0925 0.105 0.817383
0 0.400625 0.239722 0.029375 0.0483333 0.811523
0 0.705 0.2575 0.03625 0.0555556 0.791992
0 0.469063 0.170833 0.016875 0.0288889 0.660156
3 0.878125 0.286389 0.0125 0.0566667 0.637207
0 0.437188 0.196667 0.025625 0.0416667 0.618652
0 0.70125 0.234167 0.0325 0.0494444 0.466797
0 0.536563 0.128472 0.011875 0.0194444 0.416748
0 0.478125 0.156389 0.015 0.0263889 0.405518
0 0.541875 0.128056 0.015 0.0183333 0.366699
3 0.87625 0.287222 0.0175 0.0588889 0.331055
3 0.93 0.298333 0.00999997 0.0466667 0.312256
0 0.669375 0.183056 0.02375 0.04 0.286133
0 0.695 0.231389 0.0325 0.0511111 0.226807
0 0.0101367 0.562778 0.0201172 0.0944444 0.108582
3 0.8025 0.239444 0.00999997 0.0411111 0.104858
0 0.6925 0.224583 0.025 0.0441667 0.0950317
3 0.735 0.199028 0.00750001 0.0325 0.0817871
0 0.0112988 0.586806 0.0225977 0.124167 0.0742188
0 0.586563 0.08 0.00499999 0.00972222 0.0634766
0 0.988125 0.428611 0.02375 0.101111 0.0603027
0 0.531563 0.124722 0.01125 0.0188889 0.058136
0 0.498125 0.134167 0.01 0.0166667 0.0579224
0 0.45875 0.180833 0.01875 0.0283333 0.0538025
3 0.164063 0.26 0.0075 0.0438889 0.0463867
0 0.4425 0.196389 0.02625 0.0394445 0.0419312
0 0.52 0.133889 0.013125 0.0183333 0.0301056
0 0.526563 0.130278 0.011875 0.0166667 0.0279083
0 0.990625 0.414444 0.0187499 0.0794445 0.0271759
0 0.655 0.164583 0.02 0.0283333 0.0265503
0 0.0148242 0.699444 0.0295703 0.183333 0.0263519
0 0.48125 0.159722 0.015 0.0375 0.0258636
0 0.6325 0.1325 0.0125 0.02 0.0226288
3 0.84625 0.275625 0.0125 0.0631944 0.0210419
0 0.658125 0.170833 0.0175 0.0327778 0.0172424
0 0.98 0.426667 0.04 0.102222 0.0144501
0 0.0207031 0.575 0.0414063 0.102222 0.0141144
3 0.73875 0.200833 0.00750001 0.0372222 0.0137405
0 0.6725 0.187778 0.02375 0.0416667 0.0114212
0 0.485 0.139722 0.00874999 0.0172222 0.00919342
3 0.724375 0.195139 0.00500005 0.0230556 0.00874329
0 0.501563 0.133056 0.01 0.0194444 0.00841522
0 0.9575 0.406667 0.085 0.0733333 0.00784302
3 0.161523 0.256111 0.0113281 0.0522222 0.0069313
0 0.515 0.124167 0.00874999 0.0177778 0.0064888
0 0.603125 0.0784722 0.00750001 0.0131944 0.00602722
0 0.513125 0.128333 0.01 0.0161111 0.00602722
0 0.528438 0.124861 0.009375 0.0188889 0.00526047
3 0.8 0.238889 0.01375 0.0455556 0.0051384
0 0.6325 0.136528 0.01125 0.0188889 0.00496292
3 0.730625 0.197361 0.00875003 0.0455556 0.00441742
3 0.725625 0.195556 0.00499999 0.0294444 0.00413513
0 0.6475 0.151111 0.0175 0.0261111 0.0039444
0 0.383125 0.250833 0.041875 0.0572222 0.00324821
0 0.499375 0.125833 0.0125 0.0211111 0.00259018
0 0.470313 0.166111 0.015625 0.0283333 0.00194931
0 0.70625 0.266389 0.035 0.0538889 0.00193405
0 0.542813 0.104583 0.009375 0.0169444 0.00190449
0 0.989375 0.441667 0.02125 0.0983333 0.00182438
0 0.501563 0.1475 0.015625 0.0255556 0.00178909
2 0.157188 0.253611 0.010625 0.0488889 0.00176811
0 0.42125 0.203333 0.02875 0.0355555 0.00176144
0 0.44 0.216111 0.0175 0.0505556 0.00175476
0 0.603438 0.1175 0.02875 0.0497222 0.00165462
0 0.6575 0.166389 0.0225 0.0338889 0.00156116
0 0.633125 0.124444 0.0125 0.0211111 0.00146103
0 0.659375 0.176944 0.0125 0.0305556 0.00144386
2 0.157813 0.250139 0.0134375 0.0502778 0.00143242
0 0.965 0.446667 0.07 0.0877778 0.00138855
3 0.7975 0.244444 0.015 0.0427778 0.00137806
0 0.97625 0.4075 0.0475 0.0738889 0.00136662
0 0.0127539 0.546667 0.0253516 0.107778 0.00136662
3 0.168281 0.262778 0.0065625 0.0344445 0.00135612
0 0.98 0.306667 0.04 0.065 0.00133038
5 0.499688 0.125 0.015 0.0227778 0.00130463
0 0.99125 0.304167 0.0175 0.0655556 0.00124454
5 0.496875 0.0767361 0.066875 0.109861 0.00123501
0 0.515625 0.15 0.00874999 0.0283333 0.00121593
0 0.9925 0.460278 0.015 0.085 0.0011692
3 0.39625 0.200556 0.00874999 0.0305556 0.00112057
0 0.48875 0.198194 0.01375 0.0430556 0.0011158
0 0.64 0.140694 0.01875 0.0258333 0.00110722
0 0.60875 0.337778 0.0375 0.0544444 0.00109005
0 0.68375 0.210278 0.035 0.0566667 0.00106525
0 0.638125 0.147778 0.00875003 0.0216667 0.00101662
