0 0.9325 0.778333 0.1175 0.206667 0.950195
0 0.049375 0.614306 0.09875 0.158056 0.943848
0 0.0464941 0.340833 0.0638867 0.0777778 0.943359
0 0.88 0.547222 0.0825 0.157778 0.941895
0 0.79 0.297222 0.0737501 0.0622222 0.932129
0 0.89125 0.510556 0.17 0.133333 0.930664
0 0.9725 0.315 0.055 0.0722222 0.928223
0 0.96375 0.927778 0.0725 0.142222 0.924316
0 0.3475 0.295556 0.05375 0.0644444 0.922363
0 0.91625 0.641111 0.13125 0.146667 0.92041
0 0.72125 0.278056 0.0425001 0.0572222 0.918945
0 0.0907813 0.534444 0.085 0.143333 0.918945
0 0.930625 0.473333 0.13875 0.110556 0.901855
0 0.039707 0.496389 0.0794141 0.111667 0.898438
0 0.691875 0.214583 0.03 0.0488889 0.893066
0 0.394063 0.261667 0.035625 0.0511111 0.868652
0 0.41 0.246111 0.03125 0.0444445 0.861328
0 0.425 0.227778 0.03125 0.0472222 0.85498
0 0.370313 0.279514 0.035 0.0576389 0.85498
0 0.955625 0.427222 0.08875 0.0988889 0.819824
3 0.445938 0.285 0.014375 0.0644445 0.81543
0 0.70125 0.236111 0.035 0.0522222 0.805664
0 0.528125 0.145139 0.015625 0.0197222 0.767578
0 0.484375 0.165556 0.01875 0.0272222 0.764648
0 0.71 0.265 0.035 0.0527778 0.747559
0 0.609375 0.123889 0.0125 0.0172222 0.73877
6 0.194531 0.787778 0.146875 0.262222 0.736328
0 0.443125 0.203472 0.025 0.0411111 0.700684
0 0.5375 0.130278 0.0125 0.0222222 0.697754
0 0.47625 0.174861 0.0175 0.0275 0.67041
0 0.574063 0.112639 0.009375 0.0166667 0.464844
5 0.194688 0.786667 0.146875 0.26 0.290283
4 0.194336 0.786667 0.146328 0.262222 0.226807
0 0.49625 0.154444 0.014375 0.0238889 0.203735
0 0.0163477 0.715556 0.0326172 0.202222 0.201782
0 0.45875 0.189583 0.016875 0.0308333 0.190063
0 0.605 0.100139 0.010625 0.0175 0.184814
0 0.4725 0.177222 0.01875 0.0294444 0.1427
0 0.67375 0.1875 0.0225 0.0405556 0.11084
0 0.695 0.232361 0.0275 0.0480556 0.105225
0 0.535 0.133056 0.01375 0.0205556 0.0488586
0 0.550625 0.114028 0.01125 0.0152778 0.0360718
0 0.540625 0.124722 0.0125 0.02 0.0306702
3 0.168906 0.265486 0.0075 0.0468055 0.0238647
0 0.4625 0.186667 0.0175 0.03 0.02034
0 0.4825 0.1625 0.0175 0.0233333 0.0195618
3 0.74 0.202361 0.00749995 0.0372222 0.0185852
0 0.983125 0.418889 0.03375 0.0822222 0.0123367
0 0.68 0.200139 0.02 0.0336111 0.00775528
0 0.97 0.41 0.06 0.0722222 0.00772476
0 0.98625 0.428889 0.0275 0.0966667 0.00766754
0 0.66 0.164444 0.02 0.0283333 0.00754929
0 0.625 0.120833 0.00750001 0.0155556 0.00634003
0 0.99125 0.41 0.0175 0.07 0.00612259
2 0.634375 0.14 0.00625 0.0177778 0.00519943
0 0.497813 0.151111 0.016875 0.0227778 0.00511932
0 0.499375 0.149722 0.01 0.0205556 0.00503922
0 0.562188 0.0997222 0.00812499 0.0119444 0.00502014
0 0.00487305 0.458333 0.0097461 0.0866667 0.00379562
5 0.606875 0.0916667 0.00999997 0.0251389 0.00359344
0 0.544375 0.121667 0.015 0.0183333 0.00322342
3 0.35375 0.238194 0.00874999 0.0475 0.00314713
0 0.00977539 0.467778 0.0194922 0.0777778 0.00293541
0 0.6875 0.214444 0.0275 0.045 0.00287819
3 0.6575 0.178333 0.00750001 0.0294444 0.00274658
0 0.66375 0.169028 0.0175 0.0308333 0.00245285
0 0.978125 0.308889 0.0437499 0.0633333 0.00243378
0 0.70625 0.248333 0.04 0.0544444 0.00230598
0 0.554688 0.104375 0.00750001 0.0140278 0.00225258
5 0.60625 0.0973611 0.01125 0.0222222 0.00219917
0 0.515625 0.141111 0.01 0.0188889 0.00214005
0 0.0110156 0.606667 0.0219531 0.14 0.00194168
0 0.643594 0.146944 0.0128125 0.02 0.00188255
5 0.585625 0.106806 0.00625 0.0222222 0.00182438
0 0.397813 0.2525 0.04125 0.0516667 0.00162888
5 0.574063 0.110035 0.00875003 0.0221528 0.00157928
3 0.62625 0.13125 0.00499999 0.015 0.00152493
0 0.65625 0.161389 0.0175 0.0277778 0.00147247
0 0.536875 0.135 0.01125 0.0233333 0.00143242
0 0.99 0.459444 0.0199999 0.0822222 0.00138855
3 0.627813 0.130833 0.00812499 0.0188889 0.00121593
0 0.0127734 0.479444 0.0253906 0.0783333 0.00115108
3 0.174844 0.264722 0.009375 0.045 0.00113392
7 0.964375 0.927778 0.07 0.14 0.00112438
0 0.64 0.143056 0.0125 0.0205556 0.00108147
