0 0.0462109 0.606111 0.0924219 0.158889 0.949707
0 0.9275 0.772222 0.1175 0.208889 0.946777
0 0.7725 0.291111 0.0675001 0.0633333 0.939453
0 0.0419141 0.333333 0.0639844 0.0766667 0.9375
0 0.875 0.538889 0.0825 0.152222 0.935059
0 0.88625 0.503889 0.17 0.134444 0.928223
0 0.343203 0.288333 0.0548437 0.0627778 0.926758
0 0.97 0.310556 0.06 0.0711111 0.926758
0 0.91125 0.633889 0.13 0.143333 0.924316
0 0.0882813 0.525556 0.079375 0.14 0.921875
0 0.92875 0.468056 0.1425 0.110556 0.916504
0 0.9625 0.926667 0.0725 0.144444 0.908203
0 0.71625 0.271944 0.0425 0.0555556 0.902832
0 0.0386719 0.485 0.0773438 0.104444 0.878906
0 0.6875 0.2075 0.0275 0.0488889 0.869629
2 0.7475 0.458611 0.025 0.115 0.868164
0 0.39 0.253819 0.035 0.05125 0.856934
0 0.419688 0.221111 0.03125 0.0441667 0.854004
0 0.365 0.272222 0.034375 0.0566666 0.834473
0 0.61 0.138611 0.01625 0.0205556 0.823242
0 0.95375 0.424444 0.0925 0.105556 0.818848
0 0.5225 0.137083 0.014375 0.0211111 0.81543
0 0.400625 0.239722 0.03 0.0477778 0.81543
0 0.70625 0.2575 0.0375 0.0561111 0.790527
0 0.468125 0.170556 0.02 0.0294444 0.72168
0 0.437813 0.196667 0.025625 0.0419444 0.651367
0 0.478438 0.16 0.018125 0.0288889 0.633301
3 0.92875 0.295278 0.00749995 0.0533333 0.570801
0 0.70125 0.23375 0.0325 0.0486111 0.537109
0 0.531875 0.123889 0.0125 0.0205556 0.458984
0 0.610625 0.114479 0.00999997 0.0160417 0.279785
0 0.669375 0.182778 0.02375 0.04 0.250977
0 0.69625 0.232222 0.03375 0.0483333 0.225464
0 0.528125 0.125833 0.010625 0.0172222 0.218018
3 0.9275 0.292778 0.00999997 0.0555556 0.212036
0 0.61 0.132222 0.01375 0.02 0.157715
0 0.0147852 0.697778 0.0294922 0.182222 0.153564
0 0.695 0.225972 0.025 0.0427778 0.0980835
0 0.529688 0.124444 0.01125 0.0194445 0.0766602
0 0.48875 0.150556 0.01625 0.0272222 0.0673218
0 0.459063 0.181944 0.02 0.0311111 0.0516663
0 0.99 0.420278 0.0199999 0.0861111 0.0310211
0 0.655625 0.165694 0.0199999 0.0302778 0.0289764
0 0.460313 0.181528 0.016875 0.0255556 0.0190582
0 0.6575 0.170556 0.0175 0.0325 0.0174408
0 0.00921875 0.561667 0.0183398 0.0955556 0.014061
0 0.586875 0.0801389 0.00562503 0.00916666 0.0137939
0 0.6725 0.1875 0.0225 0.0422222 0.011116
0 0.495313 0.144167 0.013125 0.0244445 0.0104065
0 0.4425 0.195 0.0275 0.0388889 0.0100098
0 0.613125 0.102083 0.00625 0.0122222 0.00658798
0 0.980625 0.427222 0.03875 0.101111 0.00598145
0 0.95625 0.407222 0.08625 0.0733333 0.0046463
3 0.93 0.294167 0.0125 0.0572222 0.00450516
0 0.530938 0.126667 0.01125 0.0227778 0.00367928
0 0.646875 0.150139 0.01875 0.0258333 0.00367928
3 0.73875 0.204028 0.00875003 0.0358333 0.00349617
0 0.54125 0.105972 0.00999997 0.0172222 0.00342941
0 0.614375 0.1375 0.01625 0.025 0.00340271
0 0.62375 0.117917 0.00625 0.0133333 0.00327301
0 0.481875 0.158056 0.01875 0.0283333 0.00304031
3 0.735625 0.199167 0.00750001 0.035 0.00298119
0 0.541875 0.114306 0.00875003 0.0163889 0.00279999
0 0.635 0.135 0.01125 0.02 0.0027256
3 0.164063 0.263056 0.00718751 0.0361111 0.00213242
0 0.9925 0.4625 0.015 0.0861111 0.00206757
0 0.00518555 0.453333 0.0103711 0.0683333 0.00201035
0 0.482813 0.148889 0.015625 0.03 0.00183868
0 0.68125 0.21 0.03 0.0544444 0.00182438
0 0.0130078 0.59 0.0260156 0.144444 0.0018034
0 0.380625 0.250833 0.045 0.0588889 0.00179577
0 0.70625 0.266944 0.03375 0.0522222 0.00176811
0 0.9825 0.306111 0.035 0.0622222 0.00162315
0 0.0112891 0.585694 0.0225 0.110833 0.00155449
0 0.64125 0.139167 0.01375 0.0227778 0.00148964
0 0.57625 0.0775 0.00625 0.0125 0.0014782
0 0.63625 0.331111 0.025 0.04 0.00144386
0 0.99 0.305 0.0199999 0.0644445 0.00143814
0 0.00867676 0.457778 0.0173535 0.0733333 0.00141621
0 0.6325 0.345556 0.0325 0.0711111 0.00141048
0 0.99125 0.445 0.0175 0.0933333 0.00137234
5 0.493438 0.0755556 0.066875 0.108611 0.00136662
0 0.65875 0.176944 0.0125 0.0305556 0.00132465
5 0.6025 0.0759722 0.00687497 0.0155556 0.00130463
3 0.725625 0.193889 0.00499999 0.0333333 0.00116062
0 0.434375 0.205556 0.024375 0.0425 0.00113392
0 0.6325 0.130139 0.01125 0.0194444 0.00112438
0 0.634375 0.123611 0.01 0.0172222 0.00110722
7 0.86 0.2125 0.00749995 0.0283333 0.00104809
3 0.685 0.150417 0.00499999 0.02 0.00104046
0 0.608125 0.106528 0.00874996 0.0161111 0.00103188
