0 0.9325 0.778333 0.1175 0.207778 0.950195
0 0.0465723 0.341111 0.0641992 0.0777778 0.946289
0 0.0494531 0.615 0.0989063 0.158889 0.945312
0 0.88 0.547222 0.0825 0.157778 0.941895
0 0.79 0.297222 0.0725 0.0622222 0.935059
0 0.890625 0.510278 0.17125 0.133889 0.932129
0 0.9725 0.315 0.055 0.0711111 0.930176
0 0.91625 0.641667 0.1325 0.146667 0.922852
0 0.96375 0.927778 0.0725 0.142222 0.921387
0 0.3475 0.295556 0.054375 0.0644444 0.92041
0 0.090918 0.534167 0.0847266 0.143889 0.918945
0 0.72125 0.277847 0.0425001 0.0576389 0.917969
0 0.0394727 0.496111 0.0789453 0.111111 0.903809
0 0.930625 0.473056 0.13875 0.110556 0.902832
0 0.691875 0.214167 0.03 0.0483333 0.889648
6 0.445625 0.462222 0.103125 0.137778 0.879395
3 0.205469 0.484444 0.0190625 0.122222 0.872559
0 0.410625 0.245972 0.03125 0.0447222 0.869629
0 0.394375 0.261389 0.03625 0.0511111 0.868164
0 0.425 0.2275 0.03125 0.0466667 0.862305
0 0.370625 0.28 0.035 0.0583333 0.845703
0 0.955938 0.426944 0.088125 0.0988889 0.822266
0 0.70125 0.234444 0.0325 0.05 0.820801
0 0.71 0.264375 0.035 0.0534722 0.757812
0 0.484688 0.166111 0.01875 0.0272222 0.754883
0 0.527813 0.144722 0.015 0.0197222 0.749023
0 0.5375 0.131111 0.01125 0.0216667 0.726562
0 0.443125 0.203611 0.025 0.0411111 0.705566
0 0.47625 0.175278 0.0175 0.0277778 0.635254
0 0.543438 0.121111 0.009375 0.0183333 0.218628
0 0.0160254 0.715556 0.0319727 0.208889 0.191284
0 0.495625 0.155833 0.01375 0.0244444 0.136108
0 0.673125 0.186944 0.0225 0.0411111 0.124207
0 0.695625 0.2325 0.0275 0.0472222 0.11554
0 0.45875 0.189167 0.01625 0.0316667 0.101562
0 0.470313 0.180694 0.01625 0.0302778 0.0577087
0 0.53875 0.12875 0.011875 0.0247222 0.0420837
3 0.739375 0.202778 0.00625 0.0355556 0.0337219
0 0.534375 0.134722 0.01375 0.0211111 0.0290833
3 0.169375 0.266389 0.00812499 0.0494445 0.0211182
0 0.464375 0.185833 0.01625 0.0305556 0.0131226
0 0.983125 0.418333 0.03375 0.0816667 0.01297
0 0.99125 0.41 0.0175 0.0688889 0.0091629
0 0.98625 0.428056 0.0275 0.0961111 0.00821686
0 0.678125 0.196667 0.02 0.0355555 0.00818634
0 0.96875 0.410556 0.0624999 0.0711111 0.00796509
2 0.635625 0.140278 0.00625 0.0194444 0.00561905
0 0.4825 0.163333 0.0175 0.0227778 0.00521851
0 0.659375 0.163889 0.02 0.0333333 0.00516129
0 0.00435059 0.458611 0.00870117 0.0872222 0.0051384
0 0.00970703 0.467778 0.0193555 0.0788889 0.00460815
0 0.68625 0.214306 0.025 0.0441667 0.00319672
0 0.51625 0.141389 0.01 0.0194444 0.00312424
0 0.545313 0.120694 0.0125 0.0177778 0.00305176
0 0.53625 0.135417 0.01125 0.0227778 0.00254059
0 0.46 0.184444 0.0175 0.0319444 0.00239754
0 0.97875 0.309722 0.0425 0.0633333 0.00229645
0 0.709375 0.246667 0.03625 0.0522222 0.00211525
0 0.012041 0.478333 0.0239648 0.0777778 0.00191212
0 0.98875 0.458611 0.0225 0.0811111 0.00183868
0 0.89 0.54125 0.135 0.168611 0.00168705
3 0.00333984 0.453333 0.00667969 0.0788889 0.00157356
0 0.4975 0.153333 0.0175 0.025 0.00144386
0 0.626563 0.118194 0.00750001 0.0119444 0.00137806
0 0.313125 0.895556 0.03 0.0377778 0.00134563
0 0.67 0.178611 0.02 0.0416667 0.00127411
0 0.499375 0.150417 0.010625 0.0225 0.0011692
0 0.97125 0.458056 0.0575 0.0827778 0.00108147
0 0.3975 0.253056 0.0425 0.0522222 0.00100803
