0 0.935625 0.783889 0.1175 0.211111 0.94873
0 0.0517188 0.62 0.103125 0.157778 0.947266
0 0.88375 0.55125 0.085 0.1575 0.935547
0 0.89375 0.515 0.17 0.134444 0.934082
0 0.0510547 0.346111 0.0646094 0.0777778 0.933105
0 0.97375 0.319444 0.0525 0.0716667 0.930664
0 0.0955469 0.54 0.0848438 0.142222 0.927734
0 0.920625 0.645556 0.13125 0.146667 0.920898
0 0.9675 0.930556 0.065 0.136667 0.920898
0 0.9325 0.481667 0.135 0.116667 0.904785
0 0.399375 0.267292 0.035 0.0520833 0.901855
0 0.372813 0.285556 0.043125 0.0577778 0.888672
0 0.696875 0.22 0.03 0.05 0.870605
0 0.725 0.283333 0.0425 0.0583333 0.864258
0 0.429063 0.233333 0.031875 0.0466667 0.85791
0 0.41375 0.251736 0.0325 0.0465278 0.855957
6 0.776875 0.306667 0.06625 0.0777778 0.834961
0 0.9575 0.430556 0.085 0.0977778 0.834473
0 0.5325 0.149167 0.01625 0.0219445 0.812988
0 0.568125 0.147917 0.015625 0.0244445 0.805664
0 0.447813 0.209167 0.028125 0.0438889 0.737305
0 0.488125 0.171389 0.01875 0.0305556 0.729492
0 0.714375 0.267847 0.03625 0.0565278 0.705566
0 0.70625 0.242222 0.035 0.0516667 0.672363
0 0.47375 0.184722 0.02125 0.0361111 0.620605
0 0.0188574 0.716667 0.0377149 0.204444 0.588867
6 0.805625 0.300556 0.0487501 0.0605555 0.416748
5 0.56875 0.103056 0.00874996 0.0194444 0.395996
0 0.54125 0.134167 0.01125 0.0211111 0.394287
0 0.505313 0.153889 0.014375 0.0258333 0.230957
6 0.79375 0.301667 0.07375 0.0605555 0.149536
0 0.77625 0.282222 0.045 0.0433333 0.105225
0 0.535625 0.139861 0.00999997 0.0169444 0.0991211
0 0.55125 0.129583 0.00875003 0.0188889 0.0957031
0 0.563125 0.123194 0.00625 0.0161111 0.0888062
0 0.535 0.142222 0.013125 0.0216667 0.0827026
3 0.375625 0.248611 0.009375 0.0361111 0.0562439
0 0.780625 0.287778 0.05625 0.0555556 0.0528259
0 0.440625 0.215 0.025 0.0438889 0.0458679
0 0.6725 0.188333 0.0225 0.0327778 0.0435181
0 0.555938 0.121389 0.00750001 0.015 0.042572
0 0.526875 0.143056 0.011875 0.0225 0.03125
0 0.67625 0.193611 0.0225 0.0338889 0.03125
0 0.775625 0.278889 0.03625 0.0411111 0.0223694
0 0.71 0.268819 0.0275 0.0468055 0.0191193
0 0.78 0.305 0.06 0.0755556 0.0187683
0 0.465313 0.191389 0.015 0.0372222 0.0162811
0 0.79 0.298333 0.05 0.0644444 0.0146713
0 0.51 0.150694 0.01375 0.0233333 0.0122375
0 0.5 0.158889 0.01375 0.0288889 0.00828552
0 0.54375 0.129167 0.01125 0.0255556 0.00748825
0 0.0137305 0.603333 0.0274609 0.122222 0.00748825
0 0.664375 0.170972 0.02 0.0313889 0.0069313
0 0.660625 0.167083 0.01875 0.0297222 0.00679779
0 0.68 0.198056 0.0175 0.0316667 0.00527954
0 0.44375 0.212917 0.03375 0.0522222 0.00521851
0 0.0204688 0.612222 0.0409375 0.142222 0.00455475
3 0.375625 0.236111 0.01 0.0472222 0.00432968
0 0.9925 0.411111 0.015 0.07 0.00362206
0 0.98375 0.418333 0.0325 0.0777778 0.00351143
2 0.635 0.130556 0.00750001 0.0161111 0.00322342
0 0.502813 0.152222 0.011875 0.0241667 0.00322342
0 0.72875 0.276736 0.04125 0.0554167 0.00274658
0 0.5125 0.146389 0.01375 0.0255556 0.00234222
0 0.97625 0.410556 0.0425 0.0655555 0.00221634
3 0.63 0.128611 0.00750001 0.0166667 0.00211525
0 0.505 0.149167 0.0125 0.0297222 0.00178242
3 0.109063 0.342778 0.008125 0.0355556 0.0017004
0 0.989375 0.417778 0.02125 0.0844445 0.00154877
0 0.781875 0.293889 0.06625 0.0605555 0.00144958
5 0.5675 0.100764 0.01 0.0218056 0.00142097
7 0.275313 0.726111 0.00499999 0.0155555 0.00132465
7 0.180156 0.275278 0.00718751 0.0338889 0.00130939
0 0.00327148 0.418889 0.00654297 0.0705556 0.00116062
0 0.985 0.407778 0.03 0.0622222 0.00104809
