0 0.051875 0.62 0.103594 0.155556 0.949219
0 0.93625 0.783333 0.1175 0.208889 0.949219
0 0.0514746 0.346111 0.0651758 0.0777778 0.93457
2 0.79375 0.656111 0.0475 0.17 0.93457
0 0.97375 0.320278 0.0525 0.0716667 0.932617
0 0.894375 0.515 0.16875 0.133333 0.932617
0 0.88375 0.552778 0.08375 0.156667 0.931641
0 0.0957031 0.540556 0.0842188 0.143333 0.928711
0 0.794375 0.301667 0.0737501 0.0622222 0.928223
0 0.9675 0.931111 0.065 0.137778 0.92627
0 0.920625 0.645556 0.13125 0.144444 0.91748
0 0.659844 0.314444 0.0478125 0.0666667 0.911133
0 0.933125 0.481111 0.13375 0.117778 0.905762
0 0.4 0.267292 0.035 0.0520833 0.904785
0 0.72625 0.283333 0.0425 0.0566666 0.902832
0 0.372813 0.286111 0.041875 0.0588889 0.897461
0 0.6975 0.219722 0.03 0.0477778 0.871582
0 0.429375 0.233333 0.031875 0.0466667 0.868652
0 0.414063 0.251597 0.031875 0.0456945 0.865234
0 0.532188 0.15 0.015625 0.0205556 0.849121
0 0.9575 0.430556 0.085 0.0977778 0.838867
0 0.488125 0.171111 0.01875 0.0308333 0.744629
0 0.47375 0.185 0.02125 0.0366667 0.72168
0 0.448125 0.209444 0.0275 0.0444444 0.708984
0 0.715 0.267292 0.0375 0.0565278 0.705566
0 0.70625 0.242639 0.035 0.0513889 0.704102
0 0.541875 0.137639 0.0125 0.0180556 0.542969
0 0.0188281 0.716667 0.0376563 0.203333 0.515625
5 0.56875 0.104028 0.00874996 0.0188889 0.341553
0 0.539375 0.138889 0.01125 0.0188889 0.281494
0 0.505 0.154167 0.0125 0.0244445 0.0809326
0 0.536875 0.139583 0.01125 0.0208333 0.0733032
0 0.4425 0.214306 0.025 0.0447222 0.0648804
0 0.550625 0.129167 0.01125 0.0194444 0.0579224
0 0.67625 0.193333 0.0225 0.0327778 0.0520325
0 0.67375 0.189444 0.02 0.0316667 0.049408
0 0.55125 0.122778 0.009375 0.0161111 0.0360718
0 0.54875 0.1275 0.010625 0.0188889 0.0318604
5 0.568125 0.101528 0.00875003 0.0238889 0.0236053
0 0.4675 0.191111 0.01625 0.0377778 0.0235138
0 0.670625 0.185694 0.02125 0.0302778 0.0193481
3 0.108594 0.340833 0.0078125 0.0327778 0.0116882
0 0.526875 0.144028 0.00999997 0.0213889 0.0105667
0 0.498438 0.16125 0.015625 0.0263889 0.00930023
0 0.510625 0.150556 0.014375 0.0222222 0.00854492
0 0.679375 0.195972 0.02 0.0322222 0.00800323
0 0.665 0.17 0.0175001 0.0294444 0.00591278
0 0.70875 0.268889 0.0237501 0.0455555 0.00564194
0 0.665625 0.175972 0.01875 0.0288889 0.00498199
0 0.66125 0.165833 0.0175 0.0280556 0.00496292
0 0.98125 0.42 0.0374999 0.0788889 0.00460815
3 0.63625 0.134306 0.00499999 0.015 0.00416565
0 0.720625 0.275833 0.035 0.055 0.00411606
0 0.443125 0.213472 0.03375 0.0525 0.00370789
0 0.97125 0.411667 0.0525 0.0644445 0.00363541
0 0.545625 0.127222 0.01 0.0216667 0.00353813
0 0.66 0.163611 0.0225 0.0283333 0.00226021
0 0.99375 0.411667 0.0124999 0.0711111 0.00214005
0 0.013418 0.603889 0.0268359 0.121111 0.0020504
3 0.376563 0.250972 0.01125 0.0347222 0.00163555
0 0.00916016 0.606667 0.0183203 0.117778 0.00156116
0 0.985625 0.427778 0.02875 0.0922222 0.00154877
0 0.99125 0.417778 0.0175 0.0838889 0.00139904
0 0.7175 0.251944 0.0425 0.0622222 0.0012064
