0 0.0426172 0.335278 0.0644531 0.0761111 0.947754
0 0.046875 0.607222 0.09375 0.158889 0.945801
0 0.928125 0.772778 0.1175 0.207778 0.944824
0 0.773125 0.292778 0.06625 0.0633334 0.939453
0 0.87625 0.542083 0.0825 0.153611 0.936523
6 0.19625 0.528889 0.06375 0.158889 0.929199
0 0.886875 0.505278 0.17125 0.133889 0.926758
0 0.0888281 0.528611 0.08 0.143889 0.926758
0 0.970625 0.311111 0.05875 0.0711111 0.925781
0 0.343672 0.29 0.0539063 0.0627778 0.925293
0 0.9125 0.636667 0.13 0.145556 0.916016
0 0.963125 0.926667 0.0725 0.144444 0.913086
0 0.92875 0.468333 0.1425 0.11 0.911621
0 0.716875 0.273056 0.0425 0.0561111 0.896973
0 0.39 0.254722 0.035 0.0527778 0.865234
0 0.570938 0.210556 0.030625 0.0527778 0.862305
3 0.845 0.425 0.0225 0.104444 0.862305
0 0.0377149 0.487778 0.0754297 0.106667 0.861328
0 0.365313 0.274444 0.035625 0.0572222 0.85498
0 0.523438 0.138611 0.01625 0.0205556 0.834473
0 0.68875 0.211111 0.03 0.0527778 0.833496
0 0.954375 0.424167 0.09125 0.103889 0.824219
0 0.42125 0.222083 0.03125 0.0458333 0.804199
2 0.448125 0.276389 0.015 0.0566666 0.795898
0 0.401875 0.24125 0.03 0.0486111 0.778809
0 0.70625 0.259722 0.0375 0.0561111 0.763672
2 0.433438 0.262847 0.01375 0.0420833 0.715332
0 0.43875 0.198889 0.02625 0.0408333 0.705566
0 0.470625 0.17125 0.01875 0.0280556 0.633301
0 0.479375 0.160278 0.0175 0.0294444 0.616699
0 0.69625 0.236944 0.03375 0.0561111 0.616699
0 0.543125 0.13 0.0137499 0.0244444 0.537109
0 0.701875 0.235556 0.03375 0.0494444 0.523438
3 0.68375 0.166667 0.00749995 0.0277778 0.312256
3 0.688125 0.169722 0.00625 0.0305556 0.309082
0 0.542813 0.125278 0.011875 0.0208333 0.267334
0 0.575625 0.186111 0.02875 0.0377778 0.253906
0 0.533438 0.118889 0.0125 0.0183333 0.199951
6 0.575 0.186667 0.02375 0.0394445 0.190674
0 0.574688 0.182222 0.02125 0.0322222 0.132568
0 0.5725 0.198056 0.03 0.0494444 0.12085
0 0.6925 0.227917 0.0275 0.0463889 0.0980835
0 0.67 0.18375 0.0225 0.0366667 0.0708008
0 0.46 0.181389 0.020625 0.0316667 0.0603027
0 0.691875 0.220278 0.03125 0.0436111 0.0572815
2 0.431875 0.251944 0.011875 0.0544444 0.0522461
3 0.69875 0.174167 0.01 0.0372222 0.0476074
0 0.52375 0.134167 0.015 0.0233333 0.0455322
3 0.72375 0.195556 0.00625 0.0216667 0.0414734
0 0.536563 0.129444 0.0125 0.025 0.0399475
3 0.72625 0.195694 0.00499999 0.0294444 0.0380249
0 0.0134961 0.590139 0.0269922 0.124167 0.0380249
0 0.6725 0.188056 0.0225 0.0366667 0.0343628
3 0.73625 0.201389 0.00750001 0.0327778 0.0325928
0 0.575 0.190556 0.033125 0.0355556 0.0323486
0 0.45625 0.182778 0.02 0.0322222 0.0322266
2 0.439375 0.258889 0.025 0.0444444 0.0304413
3 0.70125 0.172083 0.00875003 0.0308333 0.0298767
0 0.0108203 0.571667 0.0214844 0.0977778 0.0288696
3 0.84625 0.443333 0.02 0.136667 0.0287628
0 0.0158203 0.576667 0.0316406 0.0988889 0.0278015
0 0.99 0.430556 0.0199999 0.102222 0.0190582
0 0.468125 0.174444 0.0175 0.0316667 0.0158997
3 0.93125 0.298889 0.01 0.0455556 0.0136337
3 0.168125 0.268333 0.00625 0.0361111 0.0133286
0 0.490625 0.149722 0.015625 0.0288889 0.0110321
0 0.993125 0.412222 0.0137499 0.0744444 0.0100937
0 0.0149707 0.693333 0.0298633 0.171111 0.0100937
3 0.165156 0.262222 0.0075 0.0388889 0.00959778
0 0.65875 0.173611 0.0175001 0.0305556 0.00948334
0 0.499688 0.146806 0.013125 0.0233333 0.00874329
3 0.73875 0.201806 0.00750001 0.0375 0.00837708
0 0.435625 0.205278 0.0225 0.0411111 0.00787354
3 0.695 0.166667 0.00625 0.035 0.0069046
0 0.00893555 0.546667 0.0177734 0.0855556 0.00664139
0 0.490625 0.145417 0.01375 0.0280556 0.00551224
0 0.655 0.163333 0.0175 0.0247222 0.00510025
0 0.6575 0.176806 0.0125 0.0291667 0.00482941
0 0.499688 0.142083 0.013125 0.0227778 0.00443268
0 0.50125 0.1475 0.01 0.0205556 0.00391388
0 0.522813 0.125833 0.01125 0.0194445 0.00376511
0 0.9825 0.428611 0.035 0.103333 0.00367928
0 0.6525 0.158889 0.0175001 0.0266667 0.00348282
0 0.486563 0.145694 0.01125 0.025 0.00335121
0 0.634375 0.133889 0.015 0.0236111 0.00309944
0 0.645625 0.148056 0.015 0.025 0.00265312
3 0.73 0.200417 0.01 0.0472222 0.00253105
0 0.641875 0.140833 0.015 0.0255556 0.00234222
0 0.985 0.416111 0.03 0.0822222 0.00234222
0 0.68 0.210972 0.0275 0.0536111 0.00202751
0 0.63625 0.136389 0.01375 0.0225 0.00194168
0 0.65875 0.166944 0.0199999 0.0352778 0.00189686
0 0.470313 0.165833 0.02 0.0302778 0.00182438
0 0.55125 0.136389 0.00999997 0.0144444 0.00174141
3 0.69125 0.208194 0.02875 0.0508333 0.0017004
0 0.9625 0.406111 0.06875 0.0711111 0.0015974
3 0.71625 0.18375 0.00499999 0.0269444 0.00148964
0 0.0379688 0.575 0.0757813 0.0922223 0.00143242
2 0.448125 0.269722 0.01875 0.0605555 0.00141048
3 0.715 0.175833 0.00500005 0.0244444 0.00137234
2 0.4325 0.259167 0.01625 0.0516667 0.0012846
0 0.61375 0.100833 0.00625 0.0127778 0.00126934
0 0.462813 0.184722 0.020625 0.0347222 0.00112915
0 0.0286133 0.568889 0.0572266 0.0822223 0.00109005
0 0.5525 0.0963889 0.00875003 0.0127778 0.00107288
3 0.596875 0.130556 0.00499999 0.0161111 0.00104046
0 0.99125 0.461111 0.0175 0.0844445 0.00102043
3 0.7025 0.167778 0.00749995 0.0355556 0.00101662
