0 0.0440234 0.338333 0.0644531 0.0777778 0.947754
0 0.0475781 0.610556 0.0951563 0.16 0.946777
0 0.93 0.774444 0.11875 0.208889 0.945312
0 0.876875 0.542361 0.0825 0.155278 0.941895
0 0.0882031 0.53 0.0834375 0.142222 0.932129
0 0.888125 0.507222 0.17125 0.133333 0.930664
0 0.97125 0.312778 0.0575 0.0716667 0.928223
0 0.344922 0.291667 0.0551562 0.0644445 0.927734
0 0.91375 0.638889 0.13 0.144444 0.925293
0 0.96375 0.926667 0.0725 0.144444 0.920898
6 0.169063 0.483333 0.0775 0.134444 0.910156
0 0.71875 0.275069 0.04375 0.0576389 0.906738
0 0.93 0.470556 0.14 0.11 0.90332
3 0.217813 0.490556 0.029375 0.0666667 0.896973
0 0.391563 0.257778 0.036875 0.0522222 0.891113
0 0.0393945 0.490833 0.0787891 0.109444 0.888672
0 0.69 0.212222 0.0300001 0.0494444 0.882324
0 0.367188 0.274931 0.035 0.0545833 0.85791
0 0.4225 0.223056 0.03125 0.0455556 0.841797
0 0.408125 0.242778 0.03125 0.045 0.836426
0 0.954688 0.425556 0.0906249 0.103333 0.824219
0 0.70875 0.260278 0.035 0.0561111 0.803223
0 0.524375 0.14125 0.015 0.0186111 0.799316
0 0.69875 0.233056 0.0325 0.0522222 0.767578
0 0.481875 0.160278 0.0175 0.0272222 0.692871
0 0.471563 0.173611 0.020625 0.0294444 0.692871
0 0.440625 0.200694 0.0275 0.0425 0.673828
0 0.535 0.127222 0.01125 0.0194445 0.413086
0 0.43625 0.207083 0.02375 0.0411111 0.220703
0 0.0152637 0.708889 0.0304492 0.202222 0.132568
0 0.533125 0.126528 0.011875 0.0180556 0.108215
0 0.695 0.229167 0.02875 0.0494445 0.0966797
0 0.456563 0.185972 0.019375 0.0341667 0.0930176
0 0.6725 0.185 0.0225 0.0416667 0.064209
0 0.708125 0.267222 0.03125 0.0477778 0.0243378
3 0.739375 0.203333 0.00625 0.0361111 0.0228882
0 0.52 0.13375 0.01125 0.0180556 0.0196381
0 0.490938 0.152361 0.014375 0.0288889 0.0188293
0 0.990625 0.4175 0.0187499 0.0816667 0.0162811
2 0.65625 0.176667 0.0125 0.0294444 0.0157166
0 0.9875 0.430278 0.0249999 0.0977778 0.0127258
0 0.993125 0.4125 0.0137499 0.0711111 0.0110703
0 0.426875 0.21875 0.04 0.0522222 0.00948334
3 0.736875 0.203889 0.00625 0.0297222 0.00754929
0 0.67 0.18 0.0225 0.04 0.00629044
3 0.222969 0.492778 0.018125 0.0744444 0.00397491
0 0.494375 0.141111 0.01125 0.0222222 0.00380898
0 0.540625 0.113889 0.01 0.0158333 0.0037365
0 0.65875 0.176944 0.0175001 0.0302778 0.00372124
0 0.635 0.132222 0.01625 0.0233333 0.00317192
0 0.653125 0.1575 0.01625 0.0266667 0.003088
0 0.984375 0.418056 0.0312499 0.0805556 0.00284576
0 0.995 0.301667 0.00999997 0.0666667 0.00242424
3 0.204844 0.5025 0.015625 0.0872223 0.0024147
0 0.981875 0.43 0.03625 0.0977778 0.00235939
0 0.66 0.164722 0.02 0.0311111 0.00234222
3 0.695625 0.17625 0.00750001 0.0283333 0.00231361
0 0.499375 0.1475 0.015 0.0222222 0.00218201
0 0.624688 0.115417 0.00999997 0.0155556 0.00204277
0 0.543125 0.107639 0.00875003 0.0186111 0.00191212
0 0.00620117 0.569444 0.0124023 0.0844445 0.00183868
0 0.00975098 0.593333 0.0194434 0.111111 0.00183105
0 0.553125 0.102222 0.00750001 0.0116667 0.0017271
6 0.133125 0.486111 0.147813 0.132222 0.00150108
0 0.646875 0.155417 0.01375 0.025 0.00145531
0 0.99625 0.288611 0.00749995 0.0711111 0.00142097
7 0.96375 0.926667 0.07125 0.144444 0.00135612
0 0.643125 0.139444 0.0137499 0.025 0.00135136
0 0.615625 0.101111 0.00625 0.0125 0.00126457
0 0.51625 0.124028 0.00874999 0.0180556 0.00122547
0 0.5 0.136667 0.0125 0.0211111 0.00121593
0 0.9725 0.398333 0.04 0.0544444 0.00120163
0 0.00799805 0.573333 0.0158789 0.0955556 0.00116062
0 0.65125 0.159722 0.0125 0.0236111 0.00116062
0 0.965 0.408333 0.07 0.0744444 0.00112438
0 0.453438 0.19 0.025625 0.0427778 0.0011158
0 0.539375 0.1275 0.0125 0.0177778 0.00105286
