0 0.0517188 0.62 0.103125 0.157778 0.947754
0 0.935625 0.783333 0.1175 0.208889 0.947754
0 0.0508984 0.345833 0.0641406 0.0783333 0.933105
0 0.89375 0.514722 0.17 0.133889 0.932617
0 0.883125 0.551111 0.08375 0.156667 0.928711
0 0.97375 0.319444 0.0525 0.0711111 0.927734
0 0.095293 0.539861 0.0850391 0.1425 0.927734
0 0.92 0.645556 0.1325 0.146667 0.92627
0 0.9675 0.930556 0.065 0.136667 0.92627
0 0.399375 0.266944 0.035 0.0516667 0.90918
0 0.93375 0.479444 0.1325 0.112222 0.903809
0 0.3725 0.285556 0.0425 0.0588889 0.89502
5 0.7775 0.358611 0.21 0.286667 0.891113
0 0.414375 0.251944 0.0325 0.0477778 0.866211
0 0.42875 0.232778 0.0325 0.0466667 0.858887
0 0.9575 0.432222 0.08375 0.0988889 0.839844
0 0.69625 0.218611 0.0300001 0.0483333 0.829102
0 0.5325 0.149722 0.015 0.0208333 0.791992
0 0.48875 0.170833 0.018125 0.0294444 0.708984
5 0.567813 0.103472 0.00999997 0.0202778 0.70752
0 0.448125 0.208333 0.0275 0.0433333 0.6875
0 0.47375 0.184167 0.02125 0.0361111 0.673828
0 0.0187793 0.722222 0.0374805 0.215556 0.418701
5 0.594375 0.117639 0.01125 0.0213889 0.403564
0 0.594375 0.117917 0.01125 0.0211111 0.136108
0 0.505 0.154583 0.01375 0.025 0.106323
0 0.67125 0.187778 0.0225 0.0316667 0.0522461
3 0.551875 0.141944 0.00750001 0.0252778 0.0423889
0 0.703125 0.236389 0.03625 0.0477778 0.0390625
0 0.535313 0.145556 0.011875 0.0244445 0.0370483
0 0.440313 0.2175 0.024375 0.0397222 0.0311432
0 0.54125 0.138056 0.01125 0.0291667 0.0257568
0 0.6775 0.19625 0.0175001 0.0322222 0.0216217
0 0.5375 0.143333 0.00937497 0.0211111 0.021286
0 0.551875 0.117778 0.00812499 0.0116667 0.0212097
0 0.467188 0.190833 0.0175 0.0377778 0.0207977
0 0.526875 0.143889 0.01125 0.0222222 0.0170441
0 0.0137207 0.603889 0.0274023 0.118889 0.0155411
3 0.375625 0.249722 0.010625 0.0366667 0.0124283
0 0.69875 0.223889 0.03125 0.0444445 0.0100555
0 0.708125 0.241389 0.04 0.055 0.00874329
0 0.0210352 0.611111 0.0420703 0.137778 0.008255
0 0.674375 0.191944 0.0225 0.035 0.00621796
0 0.51 0.150833 0.01375 0.0222222 0.0055542
0 0.660625 0.165417 0.01875 0.03 0.00542831
0 0.48125 0.821667 0.06375 0.0877778 0.0051384
0 0.668125 0.182917 0.02125 0.0327778 0.00498199
0 0.856875 0.288819 0.05375 0.0956944 0.00482941
2 0.545625 0.143611 0.00625 0.0233333 0.00460815
0 0.666875 0.174444 0.01875 0.0333333 0.0045929
0 0.443125 0.213611 0.03375 0.0516667 0.00455475
7 0.180156 0.276389 0.0075 0.0327778 0.00450516
5 0.544375 0.131944 0.015 0.0316667 0.00434875
0 0.49875 0.161389 0.015 0.0255556 0.00432968
0 0.69875 0.255556 0.045 0.0733333 0.0041008
0 0.00959961 0.602778 0.0191602 0.114444 0.00397491
0 0.55 0.1325 0.01 0.0294444 0.0037365
0 0.9825 0.422778 0.035 0.0833333 0.00293541
0 0.635625 0.130833 0.00875003 0.0166667 0.0024929
0 0.99375 0.413056 0.0124999 0.0738889 0.00248146
0 0.699375 0.266111 0.05125 0.07 0.00224304
3 0.63 0.128472 0.00750001 0.0161111 0.00183868
0 0.623438 0.113924 0.00750001 0.0149306 0.00159168
0 0.99125 0.420556 0.0175 0.0883333 0.00145531
0 0.8525 0.311667 0.0625 0.162222 0.00143242
5 0.560313 0.104583 0.0125 0.0180556 0.00132465
0 0.975625 0.407222 0.02625 0.0588889 0.00126934
0 0.00437988 0.596667 0.00874024 0.0988889 0.00123024
3 0.282656 0.2675 0.014375 0.0777778 0.0012064
0 0.51375 0.14625 0.011875 0.0255555 0.00108147
0 0.86625 0.304167 0.035 0.0594444 0.00101662
