0 0.0460938 0.606111 0.0921875 0.158889 0.94873
0 0.926875 0.771667 0.1175 0.207778 0.946289
0 0.0417871 0.333889 0.064082 0.0755556 0.942383
0 0.7725 0.291111 0.0675001 0.0633333 0.941406
0 0.875 0.539444 0.0825 0.154444 0.936523
0 0.97 0.309722 0.06 0.0705555 0.928711
0 0.343125 0.288889 0.055 0.0633333 0.928223
5 0.60375 0.115035 0.02875 0.054375 0.927246
0 0.88625 0.503889 0.17 0.134444 0.92627
0 0.91125 0.634444 0.13 0.144444 0.924316
0 0.0883594 0.526111 0.0792188 0.141111 0.923828
0 0.929375 0.467778 0.14125 0.111111 0.915039
0 0.9625 0.926667 0.0725 0.144444 0.911621
0 0.71625 0.271944 0.0425 0.0555556 0.901367
0 0.6875 0.207222 0.0275 0.0488889 0.878418
0 0.0376172 0.486111 0.0752344 0.106667 0.875
0 0.419375 0.221111 0.03125 0.0438889 0.866211
0 0.389375 0.253889 0.035 0.0516667 0.856934
0 0.364688 0.271736 0.03375 0.0554167 0.835449
0 0.5225 0.136806 0.015 0.0211111 0.82666
0 0.95375 0.424444 0.0925 0.105 0.812988
0 0.705 0.257222 0.035 0.0555556 0.79834
0 0.400625 0.239722 0.03 0.0483333 0.796875
6 0.502188 0.186111 0.01625 0.0411111 0.792969
0 0.469688 0.171944 0.019375 0.03 0.695801
3 0.93 0.298333 0.00999997 0.0477778 0.634277
0 0.4375 0.195556 0.025 0.0411111 0.62793
0 0.478438 0.159861 0.01875 0.0297222 0.615234
0 0.700625 0.233889 0.0325 0.0494445 0.476562
0 0.531875 0.123611 0.01125 0.02 0.386719
3 0.735 0.199028 0.00750001 0.0336111 0.230957
3 0.72375 0.194028 0.00499999 0.0241667 0.164551
0 0.395 0.24875 0.031875 0.0491667 0.114746
0 0.5275 0.125139 0.01 0.0152778 0.0970459
0 0.69375 0.223889 0.025 0.0433333 0.0863037
0 0.594688 0.0765972 0.00687497 0.0140278 0.0755615
0 0.66875 0.181111 0.0225 0.0380556 0.0687866
0 0.4575 0.181944 0.01875 0.0297222 0.0490417
0 0.63375 0.133194 0.0137499 0.0211111 0.0445251
0 0.99 0.421111 0.0199999 0.0861111 0.0394897
3 0.725625 0.195 0.00499999 0.0288889 0.0375977
3 0.73875 0.200833 0.00750001 0.0366667 0.0352173
0 0.6975 0.229167 0.035 0.0488889 0.0351562
0 0.0144434 0.695556 0.0288086 0.177778 0.0343628
0 0.529688 0.124583 0.01125 0.0194444 0.0323486
0 0.0102734 0.566111 0.0203906 0.102222 0.0283356
3 0.730625 0.198333 0.00625 0.0372222 0.0264587
0 0.489375 0.148611 0.01625 0.0277778 0.0232391
2 0.480625 0.201389 0.009375 0.0311111 0.0201721
3 0.848125 0.282222 0.00874996 0.0511111 0.0170441
0 0.674375 0.186389 0.01875 0.0372222 0.016098
0 0.654375 0.161667 0.01875 0.0255556 0.0145035
0 0.461875 0.175833 0.01625 0.0305556 0.01297
0 0.501875 0.145556 0.0125 0.0219444 0.0122375
0 0.0136328 0.589861 0.0272656 0.138056 0.0122375
0 0.49125 0.145 0.015 0.0255556 0.0105286
0 0.98125 0.426944 0.0374999 0.1 0.0104065
0 0.658125 0.170833 0.01625 0.0327778 0.00952148
0 0.633125 0.13625 0.01125 0.0202778 0.00894928
2 0.479063 0.199444 0.00874999 0.0333333 0.0088501
3 0.80125 0.241806 0.01 0.0441667 0.00725937
6 0.48125 0.200417 0.010625 0.0322222 0.00619125
0 0.48125 0.157361 0.01875 0.0280556 0.00579834
0 0.379375 0.250417 0.04 0.0569444 0.0055542
0 0.4825 0.14875 0.01625 0.0297222 0.00534439
0 0.44375 0.193889 0.024375 0.0383333 0.00488663
3 0.7175 0.189444 0.00499999 0.0211111 0.00475693
0 0.0225781 0.577222 0.0451563 0.108889 0.00443268
0 0.645 0.147639 0.01625 0.0238889 0.00408554
0 0.5 0.145833 0.009375 0.0222222 0.00408554
0 0.435 0.20625 0.0225 0.0408333 0.00331116
3 0.84875 0.276667 0.01125 0.0733333 0.00291252
0 0.955 0.407778 0.0875 0.0744444 0.00255013
0 0.511875 0.134167 0.01 0.0233333 0.00221634
0 0.656875 0.177639 0.00750001 0.0294444 0.00218201
3 0.16375 0.262153 0.00687499 0.0368056 0.00218201
0 0.639375 0.145833 0.01125 0.0213889 0.00216484
0 0.5025 0.140278 0.01125 0.02 0.00210762
0 0.640625 0.141806 0.015 0.0236111 0.00209999
0 0.706875 0.266667 0.03625 0.0538889 0.0020504
0 0.00784668 0.459444 0.0156934 0.0738889 0.00181007
0 0.99 0.441111 0.0199999 0.0955555 0.00177479
0 0.65875 0.163889 0.0199999 0.0283333 0.00174141
0 0.965625 0.448611 0.0687499 0.085 0.0016489
5 0.59375 0.0644445 0.00750001 0.02 0.00157356
0 0.540938 0.117639 0.009375 0.0175 0.00148392
0 0.99125 0.459444 0.0175 0.0833333 0.00146675
0 0.00484131 0.455556 0.00963379 0.0622222 0.00137806
0 0.633125 0.126389 0.0125 0.0227778 0.00136662
0 0.6025 0.0830556 0.00875003 0.0108333 0.00126457
0 0.624063 0.121944 0.009375 0.0222222 0.00118351
3 0.735625 0.208611 0.00625 0.0411111 0.0011692
0 0.471875 0.168333 0.01875 0.0319444 0.0011158
3 0.162344 0.256111 0.00812499 0.0438889 0.00106525
