0 0.93375 0.78 0.1175 0.208889 0.95166
0 0.0503125 0.617222 0.100625 0.156667 0.946777
0 0.0480566 0.343333 0.0648242 0.0777778 0.939941
0 0.88125 0.54875 0.0825 0.155833 0.938965
0 0.71875 0.353889 0.1325 0.0833333 0.936523
0 0.79125 0.298611 0.0737501 0.0622222 0.935547
0 0.891875 0.512778 0.17 0.134444 0.932129
0 0.97375 0.317222 0.0525 0.0716667 0.927246
0 0.0925 0.537778 0.0832813 0.143333 0.925293
0 0.964375 0.927778 0.07125 0.142222 0.918457
0 0.918125 0.644444 0.13125 0.148889 0.916504
0 0.349375 0.297778 0.0525 0.065 0.916016
0 0.040625 0.498056 0.08125 0.110556 0.905273
0 0.930625 0.475556 0.13875 0.11 0.904785
0 0.599688 0.171944 0.021875 0.0305556 0.901367
0 0.72375 0.280833 0.0425 0.0577778 0.880859
0 0.69375 0.217222 0.03 0.0494445 0.866211
0 0.426563 0.230278 0.03125 0.0472222 0.859863
0 0.956563 0.428333 0.086875 0.0977778 0.833496
0 0.411875 0.249167 0.03125 0.0483333 0.794434
0 0.37 0.278889 0.034375 0.0522222 0.759277
0 0.39625 0.260625 0.035 0.0454167 0.757812
6 0.39875 0.29 0.0375 0.0661111 0.754883
0 0.70375 0.239444 0.035 0.0544444 0.744629
3 0.609375 0.290278 0.011875 0.0694444 0.742188
0 0.529375 0.145833 0.015 0.0202778 0.733887
0 0.71125 0.266944 0.035 0.0516667 0.728027
0 0.48625 0.169167 0.01875 0.03 0.716797
0 0.470938 0.181389 0.02 0.0344445 0.713867
0 0.44375 0.206111 0.025 0.0422222 0.704102
0 0.53875 0.131944 0.011875 0.0211111 0.496094
0 0.0166992 0.718889 0.0332422 0.216667 0.339844
0 0.676875 0.191944 0.02375 0.0405556 0.149536
0 0.46 0.191806 0.0175 0.035 0.106323
0 0.466875 0.185556 0.015625 0.0311111 0.105225
0 0.695 0.224722 0.0275 0.0516667 0.0726318
0 0.504375 0.151389 0.01375 0.0238889 0.0687866
0 0.53875 0.128333 0.01125 0.0233333 0.041626
0 0.474375 0.179444 0.023125 0.0294444 0.033844
0 0.974375 0.43 0.05125 0.0977778 0.0194244
0 0.9825 0.421111 0.035 0.0855556 0.0127716
0 0.70625 0.246111 0.04 0.0527778 0.011467
0 0.99 0.411111 0.0199999 0.0738889 0.0114212
0 0.66 0.163194 0.02 0.0269444 0.00930023
0 0.66125 0.167778 0.0225 0.0327778 0.00834656
0 0.536875 0.136111 0.01125 0.0219444 0.008255
0 0.385938 0.261389 0.028125 0.05 0.00818634
0 0.406875 0.279167 0.02375 0.0516667 0.00772476
0 0.6625 0.164861 0.0175 0.0316667 0.00706482
0 0.9875 0.419444 0.0249999 0.0877778 0.00479126
0 0.645625 0.145833 0.01625 0.0216667 0.00413513
0 0.98375 0.409444 0.0325 0.0711111 0.00363541
0 0.97 0.411111 0.06 0.0677778 0.00319672
3 0.354375 0.251111 0.00750001 0.0388889 0.00291252
0 0.498125 0.160833 0.015625 0.0269444 0.00265312
0 0.6425 0.142778 0.01375 0.0227778 0.00256157
0 0.98375 0.310278 0.0325 0.0644445 0.00252151
0 0.411563 0.266111 0.036875 0.0561111 0.0020752
0 0.65625 0.161111 0.01875 0.0277778 0.00206757
7 0.489375 0.939445 0.00687497 0.0222223 0.00202751
0 0.700625 0.2275 0.035 0.0488889 0.00191879
7 0.690625 0.171528 0.00625 0.0319445 0.00185299
0 0.545313 0.1275 0.01125 0.0177778 0.00181007
0 0.53375 0.135 0.01375 0.0233333 0.00170708
0 0.00546387 0.447222 0.0109277 0.0988889 0.00166798
0 0.63375 0.123889 0.00875003 0.0172222 0.00162315
0 0.564688 0.0965278 0.00687497 0.0119444 0.0015974
0 0.369375 0.287222 0.03125 0.05 0.00158501
3 0.17125 0.265833 0.0075 0.0488889 0.00135612
0 0.0101855 0.465 0.020332 0.08 0.00127411
0 0.453125 0.201667 0.02125 0.0405556 0.00123501
0 0.985 0.434167 0.03 0.0972222 0.00122547
7 0.965 0.927778 0.07 0.14 0.0011425
0 0.400938 0.254722 0.041875 0.0538889 0.00106049
0 0.71875 0.267292 0.04125 0.0576389 0.00105286
0 0.63625 0.133333 0.01 0.0183333 0.00104046
0 0.501875 0.151111 0.01125 0.0233333 0.00103188
5 0.57375 0.0885417 0.00812499 0.0176389 0.00101662
