0 0.70125 0.584306 0.0975 0.164722 0.946289
0 0.9275 0.772222 0.1175 0.208889 0.946289
0 0.0466016 0.607222 0.0932031 0.157778 0.943848
0 0.0421777 0.333889 0.064082 0.0777778 0.940918
0 0.773125 0.291944 0.06625 0.0638889 0.939941
0 0.875 0.540139 0.08375 0.155278 0.936523
0 0.343438 0.288889 0.055 0.0633333 0.931152
0 0.88625 0.504167 0.17125 0.133889 0.930664
0 0.911875 0.634444 0.13 0.142222 0.923828
0 0.0887695 0.526667 0.079336 0.14 0.92041
0 0.92875 0.468333 0.1425 0.111111 0.915039
0 0.9625 0.926667 0.0725 0.145556 0.910645
0 0.716875 0.272778 0.0425 0.0566667 0.902832
0 0.97 0.31 0.06 0.0716667 0.891113
0 0.688125 0.209444 0.02875 0.0511111 0.869629
0 0.0372266 0.4875 0.0744531 0.107222 0.863281
0 0.39 0.255278 0.03625 0.0511111 0.86084
0 0.365625 0.272222 0.03375 0.0561111 0.845703
0 0.42 0.220833 0.0325 0.045 0.837402
0 0.95375 0.424444 0.0925 0.106111 0.818848
0 0.400938 0.239722 0.02875 0.0477778 0.791992
0 0.70625 0.258403 0.0375 0.0565278 0.777344
0 0.523125 0.137778 0.015 0.0216667 0.733887
0 0.438125 0.196667 0.02625 0.0422222 0.704102
2 0.570938 0.127222 0.00750001 0.0194445 0.662598
0 0.478438 0.161389 0.018125 0.0283333 0.575684
0 0.469375 0.170972 0.0175 0.0280556 0.521484
2 0.516875 0.151944 0.00750001 0.0227778 0.44165
0 0.700625 0.234583 0.03375 0.0497222 0.437744
0 0.5325 0.124028 0.0125 0.0213889 0.359375
3 0.97875 0.316944 0.015 0.0633333 0.339844
3 0.721875 0.207639 0.01 0.0413889 0.315674
0 0.66875 0.182639 0.0225 0.0397222 0.256836
3 0.72375 0.207361 0.01 0.0413889 0.256836
3 0.72875 0.206806 0.00750001 0.0411111 0.248047
0 0.489375 0.15125 0.015625 0.0263889 0.175537
3 0.73625 0.205139 0.00750001 0.0413889 0.157715
3 0.98 0.325278 0.015 0.0783333 0.112427
0 0.0150586 0.699444 0.0300781 0.18 0.0987549
0 0.6925 0.223889 0.025 0.0461111 0.0913696
0 0.455625 0.181944 0.019375 0.0327778 0.0866089
3 0.738125 0.202222 0.00750001 0.0416667 0.0706787
0 0.979375 0.318056 0.0175 0.0627778 0.0663452
3 0.735 0.201667 0.00875003 0.0452778 0.0616455
0 0.5025 0.145556 0.009375 0.02 0.0607605
3 0.72 0.208056 0.00999997 0.0416667 0.0514526
0 0.0216406 0.575556 0.0432813 0.1 0.0497742
0 0.0141406 0.589444 0.0282813 0.127778 0.0448608
3 0.93 0.297778 0.00875003 0.0477778 0.0366211
0 0.5275 0.128611 0.00874999 0.0191667 0.0339661
0 0.0084668 0.553889 0.0168555 0.0955556 0.0311432
3 0.734375 0.207222 0.00750001 0.0405556 0.0305634
0 0.010498 0.571111 0.0208398 0.102222 0.0304413
3 0.98125 0.330556 0.0225 0.0888889 0.0302124
0 0.579688 0.0775694 0.00562496 0.0145833 0.0292053
0 0.99125 0.422778 0.0175 0.0866667 0.0230713
0 0.0150488 0.570556 0.0300977 0.0966667 0.0177765
0 0.988125 0.304722 0.02375 0.0711111 0.0158997
0 0.65875 0.171667 0.0175001 0.0325 0.0150146
0 0.695 0.227083 0.0375 0.0463889 0.0145569
0 0.655 0.165278 0.02 0.03 0.0145035
5 0.57875 0.0831944 0.00812499 0.0106944 0.0126724
0 0.4925 0.145278 0.01375 0.0244444 0.0126266
0 0.6725 0.187222 0.0225 0.0433333 0.0115051
3 0.715 0.195 0.00500005 0.0375 0.0106964
0 0.99375 0.411667 0.0124999 0.0777778 0.00959778
0 0.499688 0.143611 0.0125 0.0227778 0.00908661
0 0.980625 0.334444 0.02 0.0894445 0.00763702
0 0.53125 0.126944 0.01125 0.0230556 0.00757599
3 0.713125 0.178889 0.00625 0.0294444 0.00706482
0 0.488125 0.146111 0.01375 0.0261111 0.00593567
0 0.98 0.428889 0.04 0.102222 0.00591278
0 0.60375 0.0791667 0.00750001 0.0106944 0.00498199
0 0.653125 0.160139 0.01875 0.0269444 0.00479126
0 0.4675 0.173611 0.01875 0.0322222 0.00376511
3 0.734375 0.184722 0.00874996 0.0566667 0.00367928
0 0.523125 0.127083 0.0125 0.0216667 0.00362206
0 0.54375 0.105694 0.00874996 0.0169444 0.00327301
0 0.457813 0.174444 0.024375 0.0372222 0.00319672
0 0.98375 0.418889 0.0325 0.0872222 0.00312424
0 0.481875 0.159444 0.01875 0.0266667 0.00311089
0 0.6475 0.149861 0.0175 0.0261111 0.0029583
5 0.580625 0.0818056 0.009375 0.0111111 0.00279999
0 0.984375 0.316111 0.0312499 0.0666667 0.00279999
0 0.0124023 0.537639 0.0246094 0.118056 0.00245285
0 0.613125 0.10125 0.00687497 0.0123611 0.002388
0 0.434688 0.205556 0.02375 0.0422222 0.00230598
0 0.540625 0.11625 0.01 0.0175 0.00216484
0 0.5975 0.0788889 0.00625 0.0111111 0.00200272
3 0.685 0.154444 0.00499999 0.0194444 0.00193405
0 0.65875 0.166111 0.0225 0.0338889 0.00179577
3 0.6175 0.115694 0.00750001 0.0141667 0.00176811
0 0.995625 0.283333 0.00874996 0.0588889 0.00172043
0 0.64125 0.137917 0.01375 0.0241667 0.00167465
0 0.66125 0.176389 0.01625 0.0305556 0.0016613
7 0.86 0.209722 0.00749995 0.0261111 0.00144958
0 0.63625 0.135417 0.0125 0.0213889 0.00136662
3 0.72875 0.22 0.00999997 0.0538889 0.00133038
3 0.7375 0.180417 0.0225 0.0858333 0.00127411
3 0.163906 0.264444 0.00718749 0.0338889 0.00126457
0 0.00488281 0.456111 0.00976563 0.0655555 0.00122547
0 0.990625 0.437222 0.0187499 0.106667 0.0012064
0 0.0117969 0.508333 0.0234375 0.0877778 0.0011692
0 0.9775 0.391389 0.04 0.0788889 0.00116062
2 0.513125 0.153333 0.01 0.0222222 0.00114727
0 0.378125 0.249722 0.0525 0.0616667 0.00100803
