0 0.93375 0.777778 0.1175 0.206667 0.950195
0 0.0499219 0.615556 0.0998438 0.157778 0.943848
0 0.88125 0.547917 0.0825 0.1575 0.939453
0 0.0480859 0.342778 0.0647656 0.0766667 0.937988
0 0.79125 0.298333 0.0737501 0.0627778 0.9375
0 0.89125 0.511111 0.17 0.134444 0.931152
0 0.973125 0.316111 0.05375 0.0733333 0.928223
0 0.621875 0.280833 0.0525 0.06 0.924316
0 0.349688 0.297222 0.053125 0.0655556 0.923828
0 0.092793 0.535 0.0828516 0.144444 0.92041
0 0.7225 0.278958 0.04375 0.0576389 0.916504
0 0.96375 0.927778 0.07 0.142222 0.916016
0 0.9175 0.643333 0.13125 0.146667 0.915039
0 0.0403125 0.496944 0.080625 0.111667 0.905762
0 0.93 0.474444 0.14 0.108889 0.901855
0 0.69375 0.216111 0.03 0.05 0.876465
0 0.42625 0.229167 0.03125 0.0466667 0.868164
0 0.41125 0.248056 0.0325 0.0472222 0.864258
0 0.395 0.262778 0.036875 0.0527778 0.856934
0 0.539062 0.176111 0.021875 0.0316667 0.845703
0 0.956563 0.428333 0.086875 0.1 0.839844
0 0.370625 0.281667 0.035 0.0577778 0.838867
0 0.7025 0.2375 0.03375 0.0516667 0.766113
0 0.52875 0.146944 0.015 0.0211111 0.762207
0 0.475625 0.179167 0.019375 0.0288889 0.747559
0 0.71125 0.265833 0.035 0.0522222 0.737305
0 0.485 0.169167 0.0175 0.0277778 0.730957
0 0.444063 0.204444 0.024375 0.0405556 0.705566
0 0.53875 0.130556 0.01125 0.0188889 0.505859
0 0.0167773 0.713889 0.0334375 0.203333 0.395996
0 0.7 0.222778 0.0325 0.0533334 0.359375
0 0.45875 0.192222 0.018125 0.0322222 0.210815
0 0.67625 0.191667 0.025 0.0408333 0.158691
0 0.497188 0.155278 0.014375 0.0238889 0.157715
0 0.695 0.230556 0.025 0.0494445 0.0594177
0 0.539062 0.127083 0.010625 0.0208333 0.0469055
0 0.461875 0.189167 0.01875 0.0316667 0.035553
0 0.540625 0.125278 0.011875 0.0188889 0.0346069
0 0.5025 0.149861 0.015 0.0227778 0.0334778
0 0.53375 0.135278 0.0125 0.0219445 0.0246124
5 0.59625 0.0865278 0.00625 0.0122222 0.021698
3 0.933125 0.291111 0.00999997 0.0666667 0.0110703
0 0.535625 0.137639 0.01375 0.0233333 0.0110703
0 0.99 0.411667 0.0199999 0.0744444 0.00981903
0 0.98375 0.421111 0.0325 0.0866666 0.00937653
0 0.476875 0.175278 0.018125 0.03 0.00775528
0 0.64375 0.145694 0.015 0.0205556 0.00751877
0 0.5625 0.101667 0.00812499 0.0119444 0.00588989
0 0.9775 0.430556 0.0449999 0.0988889 0.00542831
0 0.706875 0.2475 0.04 0.055 0.00511932
0 0.659375 0.161944 0.02 0.0280556 0.0042305
7 0.69 0.163889 0.00500005 0.0188889 0.00374985
0 0.66375 0.1725 0.02 0.035 0.00352478
0 0.64125 0.144167 0.0125 0.0216667 0.00342941
0 0.985 0.41 0.03 0.0711111 0.00266266
0 0.66375 0.165139 0.0175 0.0294444 0.00234222
0 0.50125 0.15 0.01 0.0216667 0.00226021
7 0.54375 0.903333 0.00625 0.0144444 0.00214005
0 0.452813 0.200556 0.025625 0.0416667 0.00212479
0 0.00472168 0.453611 0.00944336 0.0955555 0.00191212
0 0.476563 0.158194 0.009375 0.0191667 0.00186729
0 0.399375 0.251389 0.0425 0.055 0.00176811
3 0.73875 0.205556 0.01125 0.0438889 0.00176811
3 0.65875 0.1775 0.00999997 0.0316667 0.0017271
0 0.973125 0.4125 0.05375 0.07 0.00129414
0 0.6875 0.213194 0.0275 0.0463889 0.00126457
0 0.496875 0.159444 0.0175 0.0272222 0.00109005
0 0.0101074 0.468889 0.0201758 0.0822222 0.00106907
