0 0.0523438 0.620556 0.104375 0.156667 0.947266
0 0.93625 0.783333 0.1175 0.208889 0.945801
0 0.0517188 0.345556 0.0646875 0.0777778 0.93457
0 0.895 0.514722 0.17 0.133889 0.932129
0 0.975 0.319722 0.0499999 0.0722222 0.931152
0 0.0958008 0.54 0.0846484 0.142222 0.930176
0 0.920625 0.645556 0.13125 0.146667 0.926758
0 0.795 0.300556 0.075 0.0611111 0.925293
0 0.88375 0.552222 0.08375 0.157778 0.924316
0 0.9675 0.930556 0.065 0.137778 0.915527
0 0.933125 0.479444 0.13375 0.114444 0.906738
0 0.4 0.267292 0.035625 0.0520833 0.905273
0 0.373125 0.286111 0.0425 0.06 0.896484
0 0.72625 0.283889 0.0425 0.0577778 0.892578
0 0.625938 0.187083 0.023125 0.035 0.879883
0 0.43 0.233333 0.03125 0.0472222 0.866211
0 0.6975 0.219167 0.02875 0.0483333 0.859863
0 0.414375 0.251181 0.031875 0.0465278 0.856934
0 0.531875 0.150278 0.015 0.0186111 0.848145
0 0.9575 0.43 0.0825 0.0977778 0.825684
0 0.705625 0.240556 0.035 0.0533333 0.749023
0 0.715 0.268403 0.0375 0.0554167 0.726562
5 0.56 0.116528 0.013125 0.0225 0.72168
0 0.4475 0.209722 0.0275 0.0438889 0.679199
0 0.47375 0.184583 0.02125 0.0363889 0.65332
0 0.48875 0.170833 0.01875 0.0308333 0.633301
0 0.543125 0.135278 0.0125 0.0205556 0.550781
0 0.019209 0.714444 0.038418 0.2 0.44751
0 0.465625 0.192778 0.0175 0.0366667 0.108215
0 0.4425 0.213889 0.02625 0.0438889 0.0692749
0 0.587188 0.1 0.00625 0.01125 0.0531921
0 0.501875 0.155556 0.01375 0.0244445 0.0455322
0 0.67375 0.189444 0.02 0.0333333 0.0396423
3 0.109141 0.34 0.00796875 0.0333333 0.0383301
0 0.538438 0.140278 0.01125 0.02 0.0370483
2 0.613125 0.114861 0.00625 0.0144444 0.0337219
0 0.67625 0.193889 0.0225 0.0361111 0.0305634
0 0.454063 0.207222 0.024375 0.0427778 0.0220337
0 0.5275 0.144167 0.01 0.0211111 0.0218658
5 0.560313 0.112639 0.0143751 0.0288889 0.0189819
0 0.71 0.268333 0.0275 0.0477778 0.0187225
0 0.536875 0.141944 0.01125 0.0194444 0.0155411
3 0.65125 0.164722 0.00750001 0.0225 0.0137939
0 0.6575 0.165278 0.0175 0.0238889 0.0116425
0 0.66875 0.184167 0.02 0.0283333 0.0103683
0 0.66375 0.166389 0.0175 0.0288889 0.00831604
0 0.470938 0.187917 0.02 0.0405556 0.00754929
0 0.499063 0.161667 0.015 0.0261111 0.00609589
0 0.67875 0.199167 0.0175 0.0327778 0.005867
3 0.645 0.15375 0.00499999 0.0180556 0.00542831
0 0.665 0.176111 0.01875 0.0261111 0.00530243
0 0.959375 0.450556 0.0812499 0.0766667 0.00510025
0 0.6225 0.115833 0.00625 0.0127778 0.00502014
0 0.66125 0.1625 0.02125 0.0283333 0.00446701
0 0.9675 0.416667 0.065 0.0733333 0.00441742
0 0.442188 0.213056 0.03375 0.0527778 0.00432968
0 0.505625 0.154722 0.01375 0.0225 0.00358009
0 0.51 0.150833 0.013125 0.0222222 0.00317192
0 0.71625 0.253403 0.04 0.05875 0.00302696
0 0.66375 0.180278 0.0175 0.0283333 0.00284576
0 0.543438 0.128889 0.013125 0.0255556 0.00209999
3 0.63 0.126667 0.00750001 0.0116667 0.0018177
0 0.9925 0.410833 0.015 0.0694444 0.00171375
3 0.695 0.166528 0.00499999 0.03 0.00166798
0 0.0112891 0.606667 0.0225781 0.12 0.00164223
0 0.0161035 0.604445 0.032207 0.12 0.00153637
0 0.63375 0.121944 0.00625 0.0127778 0.00151253
0 0.635625 0.131944 0.00625 0.0144444 0.00148964
3 0.61125 0.12 0.00499999 0.0166667 0.00113392
3 0.377188 0.252153 0.011875 0.0345833 0.00112438
