0 0.0521875 0.621111 0.103906 0.156667 0.947754
0 0.93625 0.782778 0.11875 0.207778 0.946777
0 0.0516406 0.345833 0.0648438 0.0777778 0.93457
0 0.974375 0.32 0.05125 0.0722222 0.933105
0 0.895 0.515278 0.17 0.133889 0.932129
0 0.095625 0.540139 0.0845312 0.144167 0.929199
0 0.9675 0.931111 0.065 0.136667 0.927246
0 0.920625 0.645556 0.13125 0.146667 0.922363
0 0.88375 0.552222 0.085 0.157778 0.92041
0 0.9325 0.48 0.135 0.115556 0.903809
0 0.56125 0.168889 0.02 0.0305556 0.900391
0 0.4 0.266944 0.03625 0.0516667 0.900391
0 0.373438 0.286111 0.0425 0.0588889 0.898438
0 0.72625 0.283889 0.0425 0.0577778 0.891602
0 0.795 0.300556 0.0725 0.0611111 0.889648
0 0.6975 0.218889 0.03 0.0483333 0.868652
0 0.43 0.233194 0.03 0.0469444 0.866211
0 0.414375 0.251111 0.0325 0.0461111 0.859863
0 0.629063 0.174444 0.019375 0.0316667 0.854004
0 0.9575 0.428889 0.08375 0.0955556 0.839844
0 0.70625 0.241944 0.035 0.0522222 0.759277
5 0.559688 0.116389 0.0125 0.0225 0.740234
0 0.715 0.267847 0.0362501 0.0554167 0.733887
0 0.488438 0.171667 0.018125 0.0305556 0.708984
0 0.5325 0.150556 0.015 0.0194444 0.70752
0 0.447813 0.209306 0.026875 0.0436111 0.697754
0 0.474063 0.184028 0.021875 0.0352778 0.672363
6 0.520313 0.181389 0.01375 0.0283333 0.666992
5 0.763125 0.411667 0.15125 0.173333 0.620605
0 0.5425 0.136389 0.01125 0.0183333 0.413086
0 0.0192188 0.713333 0.0384375 0.195556 0.395996
4 0.76375 0.411667 0.1525 0.174444 0.385742
6 0.539375 0.16375 0.01 0.0230555 0.181274
0 0.46375 0.193194 0.01875 0.0366667 0.127686
0 0.505 0.15375 0.01375 0.0238889 0.0844727
0 0.4225 0.245278 0.02625 0.0483333 0.0700684
0 0.4425 0.213889 0.025 0.0444444 0.0572815
0 0.674375 0.190278 0.0199999 0.0322222 0.0526123
0 0.46875 0.188472 0.0175 0.0358333 0.0490417
0 0.535625 0.147222 0.0125 0.0205556 0.048584
0 0.471875 0.187639 0.02125 0.035 0.0474243
0 0.53625 0.140833 0.01 0.0169444 0.0402527
0 0.526875 0.141528 0.00999997 0.0180556 0.0222015
0 0.709375 0.268056 0.02625 0.0466667 0.0204468
0 0.9575 0.4475 0.0825 0.0788889 0.0194244
0 0.586875 0.0953472 0.00625 0.0126389 0.0181274
0 0.658125 0.165556 0.0175 0.025 0.0120544
0 0.67125 0.188194 0.0199999 0.0302778 0.0119629
0 0.664375 0.169167 0.01875 0.0283333 0.00948334
0 0.9625 0.416111 0.0749999 0.0722222 0.00888062
0 0.665 0.176389 0.01875 0.0272222 0.00837708
0 0.71875 0.273958 0.035 0.0543055 0.00701141
5 0.561875 0.109167 0.00999997 0.0216667 0.00559998
3 0.705 0.172778 0.00499999 0.0266667 0.00526047
0 0.634375 0.131944 0.00750001 0.015 0.00471878
0 0.67875 0.198472 0.0175 0.0313889 0.00468063
0 0.4425 0.212778 0.03375 0.0522222 0.0046463
0 0.545 0.124861 0.00999997 0.0180556 0.00448608
0 0.509375 0.15 0.015 0.0222222 0.00400543
0 0.631563 0.124861 0.00750001 0.0152778 0.00400543
0 0.71625 0.253889 0.04 0.0566667 0.00340271
0 0.6325 0.121944 0.00875003 0.0127778 0.00327301
3 0.695625 0.163889 0.00499999 0.025 0.003088
0 0.66375 0.180556 0.02 0.0283333 0.00291252
0 0.0155078 0.603333 0.0310156 0.12 0.00290108
0 0.0108789 0.604445 0.0217578 0.117778 0.00271416
0 0.498438 0.163056 0.015625 0.0272222 0.00268364
5 0.623125 0.106736 0.00750001 0.0165278 0.00266266
0 0.993125 0.410556 0.0137499 0.0666667 0.00260162
0 0.549375 0.124444 0.00749995 0.015 0.00245285
2 0.540625 0.163056 0.01125 0.0244444 0.00243378
0 0.70125 0.222361 0.035 0.0433333 0.00232315
0 0.66 0.162361 0.02 0.0288889 0.00231361
3 0.645 0.154306 0.00750001 0.0208333 0.00228691
0 0.624688 0.113611 0.00562503 0.0130556 0.00195694
0 0.616875 0.104306 0.00687497 0.0138889 0.00183868
0 0.6625 0.164167 0.02 0.0305556 0.00179577
0 0.653125 0.163056 0.01125 0.0227778 0.00176811
3 0.108828 0.340556 0.00890625 0.0377778 0.00174809
0 0.00304443 0.413056 0.00608887 0.0716667 0.00168133
0 0.475625 0.177222 0.02125 0.0352778 0.00161648
0 0.62875 0.136111 0.01125 0.0155556 0.00133514
0 0.595 0.0805556 0.00374997 0.00944445 0.00129414
0 0.501875 0.151806 0.01125 0.0230556 0.00128937
0 0.0245703 0.61 0.0491406 0.135556 0.00112438
6 0.8225 0.358889 0.0375 0.0577778 0.00105667
7 0.98625 0.414444 0.0225 0.09 0.00102806
