0 0.0446094 0.338333 0.064375 0.0777778 0.948242
0 0.0482031 0.610556 0.0959375 0.158889 0.945801
0 0.93 0.774444 0.11875 0.208889 0.944336
0 0.876875 0.543333 0.0825 0.156667 0.938965
0 0.888125 0.507222 0.17125 0.133333 0.931641
0 0.97125 0.312778 0.0575 0.0722222 0.926758
0 0.914375 0.639444 0.13125 0.146667 0.924316
0 0.345 0.292222 0.055625 0.0644445 0.922363
0 0.088125 0.53 0.0840625 0.141111 0.916504
0 0.96375 0.926667 0.0725 0.146667 0.913574
0 0.71875 0.275278 0.045 0.0561111 0.907227
0 0.93 0.470556 0.14 0.108889 0.906738
0 0.0393359 0.491111 0.0786719 0.112222 0.890137
0 0.391875 0.257778 0.03625 0.0516667 0.883301
0 0.690625 0.211667 0.03 0.0497222 0.878418
0 0.5575 0.1525 0.01875 0.0277778 0.867188
0 0.423438 0.224167 0.03125 0.0466667 0.862305
0 0.367813 0.275625 0.035625 0.0565278 0.85791
0 0.408125 0.242917 0.0325 0.0452778 0.851074
0 0.955 0.426111 0.09 0.102222 0.847168
0 0.709375 0.260556 0.0375 0.0555556 0.827637
0 0.524688 0.141389 0.015625 0.0194444 0.818848
0 0.699375 0.232778 0.03375 0.0516667 0.785156
0 0.471875 0.173611 0.02 0.03 0.730957
0 0.605625 0.116528 0.0112501 0.0136111 0.651367
0 0.440313 0.200556 0.02625 0.0413889 0.644043
2 0.5075 0.173889 0.00874999 0.03 0.567871
0 0.482188 0.160139 0.016875 0.0283333 0.416748
0 0.535313 0.1275 0.01125 0.02 0.403564
2 0.505625 0.172778 0.01125 0.0288889 0.304932
0 0.533125 0.126944 0.010625 0.0183333 0.124634
0 0.43625 0.206389 0.024375 0.0416667 0.11676
0 0.67125 0.184444 0.0225 0.0405556 0.108582
0 0.0157227 0.706667 0.0313281 0.206667 0.0632324
2 0.613125 0.116944 0.00687497 0.015 0.0566406
0 0.456875 0.186667 0.02 0.0344445 0.0554199
0 0.54 0.127222 0.0125 0.0188889 0.0512695
0 0.459688 0.181667 0.015 0.0294444 0.0370483
0 0.48875 0.156806 0.01625 0.03 0.0243378
0 0.70875 0.267222 0.03125 0.0477778 0.0182343
0 0.539375 0.123333 0.0125 0.0222222 0.0138474
0 0.9925 0.412222 0.015 0.0733333 0.00933838
3 0.74 0.204722 0.00749995 0.035 0.00891876
0 0.520938 0.139861 0.013125 0.0191667 0.00748825
0 0.460313 0.183889 0.01875 0.0344445 0.00740433
0 0.660625 0.172222 0.01875 0.0333333 0.00734711
0 0.427188 0.218056 0.040625 0.0516667 0.00725937
0 0.67375 0.187917 0.0225 0.0425 0.00703812
3 0.715 0.182917 0.00625 0.0211111 0.00661469
0 0.9875 0.429444 0.0249999 0.0977778 0.00653839
0 0.983125 0.419444 0.03375 0.0844444 0.00593567
0 0.658125 0.176667 0.01125 0.03 0.00570679
3 0.713125 0.176944 0.00625 0.0238889 0.00566483
0 0.65375 0.156944 0.0175 0.0261111 0.00391388
0 0.635625 0.138611 0.00999997 0.0183333 0.00359344
0 0.615625 0.105972 0.00750001 0.0191667 0.00328636
0 0.65875 0.166389 0.02125 0.0327778 0.00291252
0 0.621875 0.116944 0.01 0.015 0.00277901
0 0.995 0.298333 0.00999997 0.0711111 0.00271416
0 0.5 0.164722 0.01875 0.03 0.00251198
3 0.61 0.119722 0.00499999 0.0166667 0.00227928
5 0.57375 0.0828472 0.00750001 0.0115278 0.00176811
3 0.695 0.17375 0.00625 0.0247222 0.0015974
0 0.454375 0.190139 0.025 0.0386111 0.00157356
0 0.00600098 0.464722 0.0119824 0.0727778 0.00151253
0 0.648125 0.155972 0.01375 0.0236111 0.00139904
0 0.552188 0.102917 0.00875003 0.0125 0.00138855
0 0.500938 0.136806 0.013125 0.0216667 0.00137234
0 0.523125 0.12375 0.00874999 0.0172222 0.00130939
0 0.634375 0.124444 0.0125 0.0194445 0.00126457
3 0.736875 0.200417 0.00749995 0.0333333 0.00121117
0 0.99625 0.284444 0.00749995 0.0633334 0.0011425
0 0.5 0.166806 0.015 0.0283333 0.00113773
0 0.642656 0.140556 0.0146875 0.0238889 0.00109005
7 0.96375 0.926667 0.07125 0.144444 0.00105667
5 0.6075 0.108194 0.00999997 0.0266667 0.00102425
