0 0.9325 0.778333 0.1175 0.207778 0.949707
0 0.0492188 0.614306 0.0984375 0.158056 0.944336
0 0.0472266 0.341667 0.0641406 0.0766667 0.941406
0 0.88 0.547917 0.085 0.1575 0.9375
0 0.619375 0.351111 0.1375 0.0811111 0.936523
0 0.79 0.2975 0.075 0.0627778 0.935547
0 0.9725 0.315 0.055 0.0722222 0.929199
0 0.89125 0.510833 0.17 0.133889 0.929199
0 0.96375 0.928333 0.0725 0.141111 0.926758
0 0.0909375 0.534722 0.0848438 0.143889 0.922363
0 0.348125 0.296111 0.05375 0.0644445 0.921875
0 0.916875 0.641111 0.1325 0.146667 0.921875
0 0.72125 0.278403 0.0425001 0.0576389 0.920898
0 0.0401563 0.496111 0.0803125 0.111111 0.904785
0 0.930625 0.473333 0.13875 0.11 0.900391
0 0.425 0.227917 0.0325 0.0469444 0.873047
0 0.693125 0.215278 0.02875 0.0488889 0.868164
0 0.394375 0.262153 0.03625 0.0501389 0.866211
0 0.410625 0.246944 0.031875 0.0455556 0.863281
0 0.370313 0.279167 0.035 0.0566666 0.856934
0 0.955938 0.427778 0.088125 0.0988889 0.827637
0 0.710625 0.265 0.03625 0.055 0.774414
0 0.701875 0.235694 0.035 0.0530556 0.773438
0 0.475625 0.177639 0.01875 0.0291667 0.766113
0 0.528438 0.145278 0.015625 0.0205556 0.720215
0 0.443125 0.204028 0.025 0.0411111 0.684082
0 0.5375 0.130694 0.01125 0.0188889 0.637207
0 0.484375 0.166667 0.0175 0.0272222 0.615234
0 0.595 0.0979167 0.00750001 0.0108333 0.600098
6 0.509375 0.180278 0.02125 0.0461111 0.379395
0 0.584063 0.0973611 0.00562503 0.0102778 0.317383
0 0.0163086 0.717222 0.0325 0.204444 0.262939
0 0.675 0.188056 0.0225 0.04 0.12854
0 0.539375 0.129722 0.01375 0.02 0.113159
0 0.543125 0.123889 0.00875003 0.0166667 0.108582
0 0.460938 0.188889 0.015 0.0308333 0.0939941
0 0.695625 0.230833 0.02625 0.05 0.0913696
0 0.494688 0.150556 0.01375 0.0222222 0.0817871
4 0.509375 0.179167 0.01875 0.0466667 0.0739746
0 0.458125 0.191111 0.02 0.0361111 0.0598755
0 0.472813 0.179861 0.02 0.0302778 0.0432129
0 0.505625 0.158056 0.0125 0.0194444 0.0280151
0 0.53375 0.133611 0.01375 0.0194444 0.0219421
0 0.594688 0.0868056 0.00562503 0.0111111 0.0192719
0 0.464375 0.185556 0.01625 0.0311111 0.0175781
0 0.983125 0.419722 0.03375 0.0833333 0.0173035
0 0.66125 0.166667 0.02 0.0316667 0.0140076
0 0.513438 0.153472 0.01125 0.0144444 0.0119171
0 0.683125 0.212639 0.01875 0.0441667 0.00959778
0 0.98625 0.429444 0.0275 0.0977778 0.00912476
3 0.658125 0.177917 0.00874996 0.0305556 0.00881195
0 0.68 0.200694 0.0175 0.0358333 0.00844574
0 0.497188 0.1475 0.00999997 0.0194444 0.008255
0 0.99125 0.410556 0.0175 0.0688889 0.0069046
4 0.50625 0.184167 0.0275 0.0369444 0.00656509
0 0.591875 0.0929861 0.00750001 0.0120833 0.0064888
0 0.48125 0.160556 0.015 0.02 0.0064621
0 0.512813 0.140694 0.010625 0.0194444 0.00614548
0 0.9675 0.411667 0.065 0.0711111 0.00564194
7 0.69 0.160833 0.00500005 0.0177778 0.00492477
0 0.0046875 0.457222 0.009375 0.0872222 0.00479126
0 0.0100391 0.467222 0.02 0.0777778 0.00400543
2 0.63625 0.138611 0.00750001 0.0186111 0.00379562
0 0.555625 0.103611 0.00749995 0.0127778 0.0037365
0 0.985 0.408333 0.03 0.0688889 0.00370789
3 0.74 0.203611 0.00749995 0.0375 0.00319672
0 0.9625 0.457778 0.0749999 0.0827778 0.00300407
0 0.563125 0.0988889 0.00750001 0.00902778 0.0029583
0 0.383125 0.257222 0.02 0.0438889 0.00275803
7 0.569375 0.803333 0.00625 0.0177777 0.00264168
0 0.7075 0.248889 0.04 0.0544444 0.00258064
7 0.73 0.204722 0.00499999 0.0238889 0.00230598
0 0.9825 0.307778 0.035 0.0616667 0.00221634
2 0.99625 0.190556 0.00749995 0.0927778 0.00216484
0 0.494375 0.145556 0.0125 0.0233333 0.00211525
0 0.012793 0.476389 0.0254297 0.0755556 0.0020752
3 0.630625 0.125 0.00562503 0.0188889 0.00185299
0 0.552188 0.114583 0.00812499 0.0133333 0.00172043
2 0.00330566 0.434722 0.00661133 0.0905556 0.00168705
0 0.644375 0.146389 0.0125 0.0205556 0.00163555
0 0.0111719 0.604445 0.0222656 0.137778 0.00156689
0 0.97875 0.461111 0.0425 0.0833333 0.00156116
0 0.453125 0.200417 0.02375 0.0422222 0.00153637
0 0.545 0.121389 0.01375 0.0208333 0.00151253
0 0.398125 0.251944 0.0425 0.0538889 0.00151253
0 0.656875 0.161667 0.0175 0.0288889 0.00146103
0 0.536563 0.136111 0.01125 0.0216667 0.00136662
0 0.640625 0.141389 0.0125 0.0216667 0.00129414
7 0.96375 0.927778 0.07 0.14 0.00124454
2 0.62625 0.131111 0.00625 0.02 0.00113773
7 0.975625 0.591111 0.00625 0.0244445 0.00106525
