0 0.0427734 0.335 0.0642969 0.0766667 0.947754
0 0.0467969 0.607222 0.0935938 0.157778 0.945312
0 0.928125 0.773333 0.1175 0.206667 0.944824
0 0.77375 0.292778 0.0675 0.0633334 0.940918
0 0.87625 0.541111 0.085 0.154444 0.937988
0 0.886875 0.505556 0.17125 0.133333 0.931641
0 0.970625 0.311667 0.05875 0.0711111 0.928711
6 0.196563 0.528889 0.063125 0.158889 0.927246
0 0.344375 0.29 0.053125 0.0633334 0.925781
0 0.0893945 0.528056 0.0799609 0.142778 0.921875
0 0.9125 0.635556 0.13 0.144444 0.918457
0 0.96375 0.926667 0.0725 0.144444 0.915527
0 0.929375 0.468889 0.14125 0.110556 0.911133
0 0.7175 0.273403 0.0425 0.0554167 0.898438
3 0.631875 0.496944 0.03375 0.143889 0.881836
0 0.68875 0.21 0.03 0.0522222 0.864258
0 0.0382031 0.487778 0.0764063 0.106667 0.864258
0 0.390625 0.255 0.035 0.0516667 0.863281
0 0.36625 0.274444 0.034375 0.0572222 0.859863
0 0.42125 0.222222 0.03125 0.0461111 0.848145
0 0.954375 0.424722 0.09125 0.103889 0.823242
0 0.401875 0.240556 0.03 0.0477778 0.785156
0 0.70625 0.258889 0.035 0.0566667 0.764648
0 0.47125 0.170833 0.02 0.03 0.762207
6 0.490625 0.302778 0.0675 0.0716667 0.732422
2 0.495625 0.189444 0.00875003 0.0338889 0.730957
0 0.523125 0.139444 0.015 0.0222222 0.726562
0 0.43875 0.197917 0.025625 0.0405556 0.694336
0 0.543125 0.130556 0.0137499 0.0233333 0.684082
0 0.479375 0.16 0.0175 0.0305556 0.62793
6 0.279375 0.335833 0.078125 0.0683333 0.57666
0 0.70375 0.2375 0.0325 0.0466667 0.449463
0 0.533437 0.12 0.01125 0.0166667 0.445557
0 0.542813 0.124583 0.011875 0.0191667 0.388672
0 0.69875 0.234722 0.0325 0.0527778 0.368408
2 0.528125 0.155139 0.00562499 0.0241667 0.349609
3 0.683125 0.157778 0.00750001 0.0316667 0.276611
3 0.96375 0.2675 0.00750001 0.0522222 0.262939
5 0.279063 0.335833 0.0775 0.0688889 0.242188
0 0.67125 0.184167 0.0225 0.0416667 0.193115
4 0.279688 0.336111 0.0771875 0.0677778 0.176636
0 0.500938 0.145556 0.0125 0.0227778 0.160278
0 0.539375 0.131667 0.013125 0.0222222 0.152588
3 0.68875 0.160556 0.00499999 0.035 0.150513
3 0.683125 0.162222 0.00874996 0.04 0.116333
0 0.69375 0.225556 0.025 0.045 0.0878906
0 0.525313 0.130278 0.011875 0.0194444 0.0863037
0 0.0125977 0.590139 0.0251953 0.121944 0.0838623
2 0.5275 0.1525 0.00750001 0.0225 0.0766602
0 0.00996094 0.571667 0.0197656 0.0977778 0.0675659
2 0.492813 0.186389 0.013125 0.0383333 0.0637207
0 0.494375 0.146111 0.0175 0.0269444 0.0614319
0 0.46 0.180833 0.02 0.0291667 0.0505066
0 0.0201758 0.57875 0.0403516 0.1025 0.0470886
0 0.49 0.144722 0.014375 0.0263889 0.0321045
0 0.70125 0.228611 0.0325 0.0477778 0.0236053
3 0.97125 0.276667 0.00750001 0.0455556 0.0230713
2 0.53 0.151667 0.01 0.025 0.0209656
0 0.990625 0.417778 0.0187499 0.0838889 0.014389
3 0.67625 0.159722 0.00750001 0.0305556 0.0141144
3 0.97125 0.284444 0.00999997 0.05 0.0135345
0 0.0152051 0.698889 0.030332 0.181111 0.0131683
0 0.00868164 0.549861 0.0172852 0.0891667 0.0126266
0 0.9925 0.4125 0.015 0.0722222 0.0112915
0 0.7075 0.267847 0.03375 0.04875 0.00955963
3 0.725625 0.193889 0.00499999 0.0319444 0.00831604
0 0.524063 0.124722 0.010625 0.0172222 0.00766754
0 0.469063 0.173333 0.018125 0.0327778 0.00757599
5 0.59625 0.0675 0.00625 0.0144444 0.00746155
3 0.73875 0.201389 0.00750001 0.0372222 0.00746155
6 0.505625 0.288333 0.02625 0.045 0.00706482
0 0.4875 0.147778 0.015 0.0294444 0.00577545
0 0.637188 0.135833 0.011875 0.0227778 0.00551224
3 0.9675 0.269444 0.01625 0.0577778 0.0051384
0 0.659375 0.174167 0.0175 0.03 0.00486755
0 0.98625 0.4175 0.0275 0.0827778 0.00486755
0 0.435313 0.207083 0.023125 0.0391667 0.00468063
6 0.505625 0.297222 0.035625 0.0633333 0.00450516
3 0.68375 0.15125 0.00749995 0.0341667 0.00413513
3 0.73625 0.196667 0.00750001 0.0405556 0.0041008
0 0.481875 0.158889 0.0175 0.0277778 0.00376511
0 0.981875 0.428333 0.03625 0.102222 0.00351143
0 0.458438 0.170278 0.025625 0.0377778 0.00337601
0 0.641406 0.138056 0.0146875 0.0238889 0.00319672
3 0.675 0.145556 0.00499999 0.0255555 0.00317192
0 0.6525 0.1575 0.0175001 0.0288889 0.00300407
0 0.65625 0.177222 0.01 0.0283333 0.00286674
3 0.729375 0.196667 0.00625 0.0433333 0.00286674
0 0.0142383 0.537778 0.0283203 0.106667 0.00257111
0 0.634375 0.131667 0.015 0.0233333 0.00257111
3 0.964375 0.267778 0.00999997 0.0572222 0.00232315
3 0.167813 0.266389 0.00687501 0.0383334 0.00209045
2 0.306094 0.339722 0.024375 0.0527778 0.00208282
3 0.715 0.176389 0.00500005 0.0238889 0.00206757
3 0.715 0.183333 0.00500005 0.0227778 0.00201988
0 0.036582 0.575 0.0730859 0.0933333 0.00188923
0 0.54375 0.106389 0.00812499 0.0177778 0.00181007
0 0.00799805 0.461667 0.0159961 0.08 0.00168705
0 0.0284766 0.57 0.0569531 0.0844445 0.00162315
0 0.65875 0.165417 0.0175001 0.0347222 0.00157928
3 0.695625 0.171389 0.00625 0.0352778 0.00153637
6 0.259375 0.332222 0.0375 0.0622222 0.00151253
3 0.67 0.135833 0.00499999 0.0288889 0.00146103
0 0.627813 0.121111 0.00875003 0.0166667 0.00144958
0 0.99 0.304444 0.0199999 0.0611111 0.00137234
0 0.012334 0.509444 0.0245898 0.08 0.00132465
6 0.48625 0.253611 0.115 0.167778 0.00126457
0 0.6475 0.151806 0.015 0.0261111 0.00125504
3 0.72375 0.195417 0.00499999 0.0269444 0.00125504
3 0.96375 0.277292 0.02 0.0698611 0.00119686
0 0.0125977 0.477778 0.0251953 0.0872222 0.00114727
3 0.695 0.161667 0.00750001 0.0388889 0.00112057
2 0.528438 0.159306 0.00750001 0.0275 0.0011158
