0 0.0460938 0.605694 0.0921875 0.159722 0.950195
0 0.92625 0.771667 0.1175 0.207778 0.945801
0 0.771875 0.290833 0.0675 0.0633333 0.942871
0 0.0414844 0.333611 0.06375 0.0755556 0.940918
6 0.208594 0.612778 0.0834375 0.2 0.934082
0 0.87375 0.539444 0.0825 0.154444 0.933594
0 0.885 0.503611 0.17 0.133889 0.929199
0 0.342578 0.288889 0.0548437 0.0633333 0.928223
0 0.91125 0.634444 0.13 0.144444 0.925781
0 0.97 0.309444 0.06 0.0711111 0.925293
0 0.0876563 0.525556 0.079375 0.14 0.922852
0 0.92875 0.467222 0.1425 0.11 0.916504
0 0.9625 0.926667 0.07375 0.145556 0.904785
0 0.71625 0.271944 0.0425 0.0555556 0.900391
0 0.0365625 0.485 0.073125 0.104444 0.866211
0 0.6875 0.208333 0.03 0.05 0.854004
0 0.41875 0.221389 0.03125 0.0438889 0.854004
0 0.389375 0.253264 0.035 0.05125 0.853027
0 0.364375 0.271944 0.035 0.0555556 0.84375
0 0.522188 0.136389 0.015625 0.0205556 0.825684
0 0.953438 0.423889 0.093125 0.105556 0.819824
0 0.4 0.239444 0.03 0.0477778 0.799316
0 0.705 0.256944 0.0375 0.0561111 0.795898
3 0.929375 0.333333 0.01625 0.0861111 0.774414
0 0.611563 0.124444 0.013125 0.0183333 0.702637
0 0.468438 0.170833 0.019375 0.0286111 0.654785
0 0.4375 0.195417 0.025 0.0413889 0.65332
0 0.477813 0.160139 0.01875 0.0305556 0.620605
0 0.700625 0.234167 0.0325 0.0494444 0.482422
0 0.53125 0.121667 0.0125 0.0208333 0.390381
0 0.589375 0.0876389 0.00625 0.0102778 0.312256
3 0.92875 0.322222 0.0125 0.0961111 0.267334
0 0.526563 0.125139 0.010625 0.0155556 0.194336
3 0.92875 0.298889 0.00999997 0.0522222 0.166626
0 0.694375 0.225 0.025 0.045 0.0778198
0 0.0094043 0.559444 0.0186328 0.0866666 0.0680542
0 0.66875 0.180833 0.0225 0.0377778 0.064209
3 0.965 0.280556 0.00625 0.0405556 0.0558167
0 0.014502 0.696667 0.0289258 0.18 0.0460205
0 0.45625 0.180833 0.02 0.0311111 0.0446777
0 0.48875 0.150139 0.01625 0.0269444 0.0440063
0 0.0103809 0.585694 0.0207617 0.126389 0.0363464
0 0.496875 0.143056 0.01375 0.0238889 0.0292053
0 0.989375 0.424444 0.02125 0.0922222 0.0209656
0 0.6325 0.132778 0.0125 0.0211111 0.014389
0 0.695625 0.228889 0.03375 0.0483333 0.0133743
0 0.623125 0.117222 0.00999997 0.0155556 0.0113754
0 0.655 0.163889 0.01875 0.03 0.0111618
0 0.6775 0.191944 0.0175001 0.0338889 0.0108566
0 0.45875 0.178611 0.0175 0.0283333 0.0106125
0 0.658125 0.17 0.0175 0.0336111 0.0102081
0 0.0134766 0.568333 0.0269531 0.0944444 0.0102081
3 0.725625 0.197222 0.00499999 0.025 0.0100555
0 0.61375 0.100556 0.00625 0.0130556 0.00985718
0 0.588125 0.0855556 0.00750001 0.00972222 0.00974274
3 0.966875 0.276111 0.00750001 0.0427778 0.00963593
0 0.67375 0.190417 0.02 0.0386111 0.00930023
3 0.163594 0.261042 0.00687501 0.0390278 0.00871277
3 0.96875 0.276111 0.0175 0.0355556 0.00841522
0 0.541875 0.104583 0.00875003 0.0163889 0.008255
0 0.9925 0.411667 0.015 0.0744444 0.00796509
3 0.72375 0.195278 0.00499999 0.0216667 0.00695801
0 0.53875 0.116111 0.01375 0.0216667 0.00584412
0 0.955 0.407222 0.09 0.0761111 0.00544739
3 0.1625 0.255833 0.0075 0.0472222 0.00498199
0 0.500938 0.143056 0.01 0.0216667 0.00453949
0 0.68 0.211111 0.0225 0.0494445 0.00450516
3 0.84625 0.277778 0.0125 0.0577778 0.00436401
0 0.98 0.424444 0.04 0.0966667 0.00413513
0 0.646406 0.149583 0.0171875 0.025 0.00399017
0 0.533125 0.110556 0.0125 0.0233333 0.00332451
0 0.0217969 0.576528 0.0435938 0.104722 0.00312424
0 0.44375 0.194167 0.02375 0.0377778 0.00311089
0 0.481875 0.156667 0.01875 0.0272222 0.00293541
0 0.384375 0.251667 0.04 0.0577778 0.00293541
0 0.459375 0.172222 0.025 0.035 0.00281143
0 0.65625 0.176806 0.01 0.0311111 0.0024929
0 0.5 0.143889 0.0125 0.025 0.00239754
3 0.71625 0.184722 0.00499999 0.0216667 0.00234222
3 0.69625 0.173889 0.00500005 0.0261111 0.00223351
0 0.514375 0.132778 0.0125 0.0238889 0.00222588
0 0.64125 0.140972 0.01375 0.0230556 0.00206757
0 0.355625 0.278333 0.0425 0.05 0.00198746
0 0.482813 0.148889 0.016875 0.0294444 0.00183868
0 0.63375 0.125833 0.011875 0.0205556 0.00176144
0 0.606875 0.103889 0.00750001 0.0116667 0.0017271
0 0.98875 0.444444 0.0225 0.0866667 0.00161076
3 0.735 0.196389 0.00750001 0.0394445 0.00150681
0 0.68875 0.224167 0.0275 0.0522222 0.00146103
7 0.169063 0.264375 0.00562499 0.0268055 0.00145531
0 0.0134082 0.529444 0.0267773 0.111111 0.00142097
1 0.132656 0.2 0.218438 0.395556 0.00139904
0 0.9925 0.459444 0.015 0.0811111 0.00137806
3 0.713125 0.175 0.00625 0.0238889 0.00131512
0 0.981875 0.305556 0.03625 0.0677778 0.00129986
0 0.00497803 0.451667 0.00995606 0.0655555 0.00129414
3 0.690625 0.163056 0.00499999 0.0261111 0.00123978
0 0.379688 0.440833 0.02125 0.0338889 0.00117874
0 0.709375 0.264722 0.04125 0.0561111 0.00113773
0 0.699375 0.245 0.03125 0.0566667 0.00108147
0 0.592188 0.0838194 0.00687504 0.00819444 0.00105667
6 0.215313 0.550556 0.068125 0.0766667 0.00104809
