0 0.0428125 0.335556 0.0642969 0.0766667 0.947266
0 0.92875 0.773333 0.1175 0.206667 0.946289
0 0.0473828 0.607639 0.0942969 0.158056 0.944824
0 0.77375 0.293056 0.0675 0.0627778 0.938965
0 0.875625 0.542361 0.08375 0.155278 0.937988
6 0.195 0.528333 0.06125 0.156667 0.93457
0 0.886875 0.505556 0.17125 0.133333 0.931641
0 0.970625 0.311667 0.05875 0.0705556 0.928223
0 0.343828 0.29 0.0535938 0.0633334 0.927734
0 0.0896875 0.528333 0.0795313 0.143333 0.919434
0 0.9125 0.636111 0.13 0.144444 0.918945
0 0.963125 0.927222 0.0725 0.144444 0.918945
0 0.93 0.469167 0.14 0.11 0.910645
0 0.7175 0.273611 0.0425 0.0572222 0.903809
0 0.0385352 0.488611 0.0770703 0.106111 0.871582
0 0.390625 0.255833 0.035625 0.0522222 0.86084
0 0.366875 0.274167 0.035 0.0572222 0.85791
0 0.68875 0.210278 0.03 0.0505556 0.856934
0 0.524375 0.139167 0.015 0.0202778 0.836426
2 0.138438 0.3975 0.0475 0.0811111 0.833984
0 0.421563 0.222083 0.031875 0.045 0.832031
0 0.954375 0.424444 0.09125 0.103889 0.832031
0 0.7075 0.259444 0.035 0.0555556 0.78125
0 0.401875 0.241667 0.02875 0.0461111 0.778809
0 0.69875 0.232778 0.0325 0.0516667 0.723145
0 0.43875 0.197639 0.0275 0.0427778 0.662109
0 0.470625 0.172222 0.02 0.0305556 0.656738
0 0.479688 0.160972 0.018125 0.0286111 0.609375
3 0.23 0.536667 0.01875 0.0644444 0.541016
3 0.71125 0.195833 0.01 0.0341667 0.529297
0 0.537813 0.126944 0.018125 0.03 0.201782
0 0.459375 0.181111 0.02125 0.0333333 0.166138
3 0.71 0.199167 0.0125 0.0461111 0.157715
0 0.67 0.184167 0.0225 0.0419444 0.147583
0 0.694375 0.224167 0.02625 0.0466667 0.108215
0 0.52375 0.135278 0.015 0.0255556 0.100525
3 0.230625 0.53 0.0175 0.0877778 0.0953369
0 0.490313 0.150556 0.015625 0.0280555 0.0723877
0 0.70375 0.253056 0.035 0.0538889 0.0448608
3 0.7075 0.186111 0.00750001 0.0355556 0.042572
0 0.0118652 0.573333 0.0236133 0.0988889 0.0397949
3 0.6825 0.156111 0.00750001 0.0255556 0.0370483
0 0.0073877 0.568889 0.0147559 0.0833333 0.0307922
0 0.435 0.206528 0.02375 0.04 0.0207214
0 0.019043 0.576667 0.0380859 0.0977778 0.0201721
3 0.74 0.201944 0.00749995 0.0383333 0.018158
0 0.990625 0.417778 0.0187499 0.0822222 0.0149002
0 0.70875 0.267708 0.0325 0.0479167 0.0142822
3 0.130469 0.391111 0.0215625 0.0688889 0.0140076
0 0.0148926 0.693889 0.029707 0.172222 0.0130234
0 0.54125 0.1275 0.01875 0.0294444 0.0130234
0 0.9925 0.412222 0.015 0.0711111 0.0114212
0 0.0073291 0.553333 0.0145996 0.0788889 0.0112915
0 0.49125 0.146667 0.01375 0.0272222 0.00933838
2 0.65625 0.176944 0.01 0.0288889 0.00867462
2 0.126641 0.399444 0.0232813 0.0733333 0.00841522
0 0.67375 0.187639 0.0225 0.0422222 0.00701141
0 0.521875 0.137361 0.015 0.0197222 0.00626373
0 0.659375 0.175556 0.0175 0.0308333 0.00612259
0 0.459375 0.174306 0.025 0.0363889 0.005867
0 0.636875 0.135833 0.0112501 0.0219444 0.0055542
0 0.65375 0.158056 0.0175 0.0247222 0.00510025
0 0.499375 0.145833 0.015 0.0227778 0.00475693
3 0.229375 0.548889 0.016875 0.0877778 0.00390053
0 0.98625 0.417778 0.0275 0.0833333 0.00353813
0 0.634688 0.125833 0.011875 0.0197222 0.00345612
0 0.61625 0.102153 0.00750001 0.0140278 0.00325966
0 0.00773438 0.463333 0.0154688 0.0733333 0.00324821
0 0.98375 0.427222 0.0325 0.0994445 0.00319672
0 0.64125 0.13875 0.015 0.0247222 0.00309944
3 0.73625 0.195278 0.00750001 0.0422222 0.00290108
0 0.53375 0.133889 0.01875 0.025 0.00268364
0 0.604375 0.0772222 0.00750001 0.0136111 0.00260162
0 0.99375 0.194028 0.0124999 0.0583333 0.00255013
0 0.498125 0.142778 0.01625 0.0244445 0.00254059
0 0.4875 0.146111 0.011875 0.0255556 0.00245285
0 0.628438 0.120278 0.009375 0.015 0.00235939
0 0.0146094 0.584583 0.0291016 0.106389 0.00234222
0 0.462188 0.183889 0.021875 0.0377778 0.00228691
3 0.167813 0.271667 0.00625 0.0322222 0.00216484
5 0.620625 0.104444 0.0125 0.0183333 0.00215721
0 0.00545898 0.46 0.0106055 0.0594445 0.00209999
0 0.499375 0.147778 0.01125 0.0213889 0.00188255
3 0.68 0.179722 0.0125 0.0472222 0.00175476
0 0.65875 0.165694 0.0199999 0.0344444 0.00174141
0 0.99125 0.304444 0.0175 0.0611111 0.00154877
0 0.525625 0.1275 0.00874999 0.0216667 0.0014782
0 0.96125 0.407778 0.075 0.0733333 0.00135612
3 0.68375 0.147778 0.00500005 0.0291667 0.00115108
3 0.725 0.195833 0.00499999 0.0333333 0.00102043
