0 0.9325 0.778889 0.1175 0.206667 0.950195
0 0.04625 0.341111 0.0639844 0.0777778 0.944824
0 0.0491797 0.614444 0.0983594 0.157778 0.944824
0 0.88 0.547222 0.0825 0.157778 0.940918
0 0.789375 0.297222 0.07375 0.0622222 0.935547
0 0.89125 0.510278 0.17 0.133889 0.931641
0 0.9725 0.315556 0.055 0.0705556 0.928223
0 0.96375 0.927778 0.0725 0.142222 0.925293
0 0.348125 0.295833 0.05375 0.065 0.924316
0 0.0907031 0.534722 0.0845313 0.145 0.921875
0 0.91625 0.642222 0.1325 0.146667 0.920898
0 0.72125 0.278056 0.0425001 0.0577778 0.917969
0 0.93 0.473056 0.14 0.110556 0.902832
0 0.0394336 0.496389 0.0788672 0.111667 0.900391
3 0.159844 0.443889 0.0175 0.104444 0.895508
0 0.691875 0.214444 0.03 0.0488889 0.89502
2 0.310938 0.503333 0.029375 0.115556 0.874023
0 0.425 0.228056 0.03125 0.0466667 0.868652
0 0.410313 0.246111 0.031875 0.0444445 0.868652
0 0.39375 0.261944 0.03625 0.0516667 0.86084
0 0.370313 0.279722 0.035 0.0577778 0.848145
6 0.295313 0.343889 0.035 0.0911111 0.832031
0 0.700625 0.234722 0.0325 0.05 0.823242
0 0.955938 0.426944 0.088125 0.0983333 0.818848
0 0.71 0.264444 0.035 0.0544444 0.770508
0 0.528125 0.145 0.014375 0.0194444 0.760742
0 0.484375 0.165278 0.01875 0.0283333 0.756348
0 0.5375 0.130833 0.01125 0.0216667 0.737305
0 0.47625 0.175278 0.016875 0.0266667 0.702637
0 0.443125 0.203611 0.025 0.0416667 0.702637
0 0.495313 0.156111 0.01375 0.025 0.20813
0 0.54375 0.121111 0.01 0.0183333 0.202393
0 0.0164551 0.716667 0.032832 0.206667 0.199951
0 0.457813 0.19 0.018125 0.0316667 0.152588
0 0.69625 0.232778 0.0275 0.0477778 0.11554
0 0.6725 0.186944 0.0225 0.0405556 0.105591
0 0.4725 0.178889 0.01875 0.0294444 0.0772095
0 0.447813 0.200972 0.0225 0.0408333 0.0450134
3 0.74 0.203056 0.00749995 0.0361111 0.0368347
0 0.534688 0.134306 0.01375 0.0205556 0.0302124
3 0.169063 0.266597 0.0075 0.0479167 0.0173035
0 0.4825 0.162222 0.0175 0.0238889 0.0151901
0 0.983125 0.417222 0.03375 0.0788889 0.0138474
0 0.463438 0.186111 0.016875 0.0305556 0.0125275
0 0.96625 0.408889 0.0675 0.07 0.0104523
0 0.985625 0.428333 0.02875 0.0944445 0.00871277
0 0.99125 0.409444 0.0175 0.0688889 0.00674438
3 0.637813 0.141389 0.009375 0.0202778 0.00614548
0 0.00498291 0.458333 0.00996582 0.0855555 0.00494385
0 0.65875 0.163611 0.0199999 0.0330556 0.00486755
0 0.98875 0.458889 0.0225 0.08 0.00468063
0 0.0100879 0.468611 0.0201367 0.0772222 0.00432968
0 0.679375 0.2 0.01875 0.0338889 0.00428009
0 0.9725 0.457222 0.055 0.0811111 0.00359344
2 0.63875 0.144861 0.00875003 0.0211111 0.00259018
0 0.62625 0.115833 0.00750001 0.0111111 0.00202751
0 0.7075 0.252778 0.04 0.055 0.00194168
0 0.0105078 0.603333 0.0209375 0.131111 0.00177479
0 0.0123438 0.478889 0.0245703 0.0777778 0.00172043
0 0.498125 0.150972 0.01125 0.0225 0.00156689
0 0.497813 0.153194 0.016875 0.0244445 0.00156116
0 0.6675 0.177222 0.01875 0.0405556 0.00143814
0 0.46 0.185 0.0175 0.0325 0.00134563
0 0.985 0.448333 0.03 0.0822222 0.00134087
0 0.6175 0.102292 0.00687504 0.0140278 0.00130939
3 0.0031665 0.439722 0.00633301 0.085 0.00130939
0 0.556563 0.102569 0.00687504 0.0129167 0.00124454
3 0.00328125 0.452778 0.0065625 0.0766667 0.00123501
0 0.561875 0.09875 0.00875003 0.0111111 0.00117874
0 0.979375 0.31 0.04125 0.0622222 0.00114727
0 0.3975 0.252778 0.0425 0.0527778 0.00104809
0 0.65875 0.178056 0.00999997 0.0311111 0.00102425
7 0.964375 0.927778 0.07 0.14 0.00102425
