0 0.93375 0.779444 0.1175 0.207778 0.950195
0 0.0500781 0.616667 0.100156 0.157778 0.946777
0 0.88125 0.548333 0.08375 0.156667 0.942383
5 0.68375 0.508889 0.09625 0.192222 0.939941
0 0.0481934 0.343333 0.0643945 0.0766667 0.9375
0 0.8925 0.5125 0.17 0.135 0.931641
0 0.7575 0.343889 0.11 0.0777778 0.929199
0 0.0930469 0.536806 0.0834375 0.144167 0.920898
0 0.349375 0.297778 0.05375 0.0644445 0.92041
0 0.973125 0.317222 0.05375 0.0711111 0.919434
0 0.96375 0.928889 0.07 0.14 0.918945
0 0.9175 0.644444 0.1325 0.148889 0.918457
0 0.930625 0.475556 0.13875 0.111111 0.905762
0 0.0417969 0.497222 0.0835938 0.11 0.901367
0 0.79125 0.298889 0.0725 0.0622222 0.89502
0 0.723125 0.280556 0.0425 0.0566666 0.892578
0 0.426875 0.229861 0.03125 0.0475 0.869629
0 0.694375 0.217639 0.02875 0.0497222 0.868164
0 0.411875 0.248333 0.03125 0.0466667 0.863281
0 0.39625 0.264444 0.035625 0.0505556 0.847168
0 0.37125 0.282222 0.035 0.0577778 0.837402
0 0.95625 0.428333 0.0874999 0.0955555 0.837402
6 0.230938 0.323056 0.064375 0.08 0.836426
0 0.711875 0.267222 0.035 0.05 0.729492
0 0.53 0.146389 0.015 0.0188889 0.70752
0 0.44375 0.205833 0.02375 0.0419444 0.699219
0 0.48625 0.168333 0.01875 0.03 0.695801
0 0.70375 0.239722 0.035 0.0538889 0.694336
0 0.470625 0.180833 0.02 0.0325 0.656738
0 0.53875 0.131667 0.01125 0.0205556 0.525391
3 0.9625 0.378889 0.01 0.0588889 0.430176
0 0.0167969 0.714444 0.0334766 0.2 0.329346
0 0.469375 0.185 0.02 0.0316667 0.0953369
0 0.676875 0.1925 0.02375 0.04 0.0866089
0 0.695 0.224722 0.02625 0.05 0.0866089
0 0.525 0.143333 0.013125 0.0197222 0.0630493
0 0.50375 0.151528 0.0125 0.0230555 0.0528259
0 0.475 0.179167 0.0225 0.0288889 0.0393372
0 0.46 0.190833 0.015625 0.0355555 0.0380249
3 0.965625 0.389444 0.0225 0.0655556 0.0316162
0 0.973125 0.41 0.05375 0.0677778 0.0282135
3 0.959375 0.337778 0.02 0.0566667 0.025177
0 0.7075 0.246667 0.04 0.0511111 0.0211182
0 0.97125 0.429167 0.0575 0.095 0.0207977
0 0.54 0.128611 0.013125 0.0238889 0.0172424
0 0.68 0.194583 0.0225 0.0369444 0.0159607
3 0.374688 0.254167 0.01125 0.0377778 0.0150146
0 0.564375 0.101667 0.00750001 0.0125 0.0128708
0 0.674375 0.187639 0.0225 0.0377778 0.0118256
0 0.985625 0.410556 0.02875 0.0727778 0.011734
0 0.72625 0.273889 0.0375 0.0505556 0.0086441
0 0.146016 0.727778 0.0939062 0.102222 0.00760651
0 0.534375 0.133889 0.0125 0.0205556 0.00677109
0 0.983125 0.429444 0.03375 0.0966667 0.00624084
0 0.661875 0.17 0.02125 0.0316667 0.00605011
0 0.98625 0.308333 0.0275 0.0633333 0.00553513
0 0.53625 0.135833 0.01125 0.0222222 0.00536346
0 0.644844 0.146111 0.0153125 0.02 0.00441742
2 0.96 0.379444 0.0199999 0.0788889 0.00438309
0 0.659375 0.162917 0.02 0.0291667 0.00436401
0 0.65875 0.165417 0.01625 0.0252778 0.00391388
0 0.994375 0.300833 0.01125 0.0616667 0.00319672
6 0.72125 0.530833 0.02125 0.146111 0.003088
0 0.545625 0.125556 0.01125 0.0177778 0.00305176
0 0.551563 0.115833 0.009375 0.0133333 0.00302696
0 0.7725 0.331944 0.0675001 0.0555556 0.00302696
0 0.655 0.161389 0.0175 0.0272222 0.0029583
6 0.7175 0.542778 0.0275 0.118889 0.00291252
3 0.74 0.205 0.00999997 0.0416667 0.00279999
0 0.66375 0.165556 0.0175 0.0283333 0.00270462
0 0.00447754 0.443889 0.00895508 0.1 0.00254059
3 0.65875 0.178056 0.00999997 0.0316667 0.0024147
6 0.72 0.565 0.0225 0.08 0.00223351
3 0.354375 0.248472 0.00875003 0.0363889 0.00214005
3 0.695 0.166528 0.00499999 0.0216667 0.00206757
0 0.77375 0.342778 0.0775 0.0788889 0.00194168
0 0.642344 0.143333 0.0128126 0.0222222 0.00186729
6 0.71 0.555417 0.04375 0.0936111 0.00186729
0 0.00360352 0.435278 0.00720703 0.11 0.00176811
3 0.70375 0.166944 0.00499999 0.0341667 0.0015974
0 0.683125 0.211667 0.01875 0.0411111 0.0015192
2 0.99625 0.185833 0.00749995 0.0725 0.00150681
0 0.00991699 0.466667 0.0197949 0.0733333 0.00148392
5 0.713125 0.532222 0.0375 0.136667 0.00148392
0 0.55625 0.104375 0.00750001 0.0143056 0.00145531
2 0.96 0.3475 0.0225 0.0538889 0.00123978
0 0.626875 0.114167 0.00750001 0.0122222 0.00115108
3 0.975 0.283889 0.00874996 0.0355555 0.00115108
3 0.00328613 0.420833 0.00657227 0.0794445 0.0011425
0 0.505313 0.154167 0.015 0.0244445 0.00113392
0 0.633438 0.124444 0.00812499 0.0175 0.00112915
2 0.635 0.133611 0.00875003 0.0175 0.00112438
3 0.69625 0.160417 0.00500005 0.0261111 0.00109863
