0 0.9325 0.778333 0.1175 0.207778 0.950195
0 0.0494141 0.614306 0.0988281 0.158056 0.944336
0 0.0474219 0.341667 0.0639844 0.0755556 0.939453
0 0.880625 0.547917 0.08375 0.1575 0.936523
0 0.790625 0.297778 0.07375 0.0616667 0.933594
0 0.9725 0.315 0.055 0.0722222 0.932129
0 0.89125 0.511111 0.17125 0.134444 0.929199
0 0.348438 0.296111 0.054375 0.0655555 0.923828
0 0.96375 0.928889 0.0725 0.14 0.921875
0 0.721875 0.278889 0.0425 0.0572222 0.921387
0 0.0914258 0.535 0.0846485 0.144444 0.920898
0 0.916875 0.642222 0.1325 0.146667 0.916504
0 0.039707 0.496389 0.0794141 0.111667 0.902832
0 0.930625 0.473611 0.13875 0.11 0.901367
0 0.425 0.228333 0.0325 0.0472222 0.871582
0 0.410625 0.246806 0.031875 0.0452778 0.866211
0 0.693125 0.215556 0.02875 0.0488889 0.861328
2 0.483438 0.353333 0.0375 0.0788889 0.856934
0 0.394375 0.262847 0.03625 0.0509722 0.850098
0 0.370313 0.278889 0.034375 0.0555556 0.842773
0 0.95625 0.4275 0.0874999 0.0994444 0.831055
0 0.475625 0.178611 0.019375 0.03 0.805664
0 0.7025 0.237222 0.035 0.0538889 0.766113
0 0.710625 0.266111 0.03625 0.0538889 0.764648
0 0.528438 0.145556 0.015625 0.0197222 0.753418
0 0.485 0.167639 0.01875 0.0283333 0.747559
0 0.443438 0.204722 0.025 0.0416667 0.702637
0 0.537813 0.130139 0.010625 0.0191667 0.563965
0 0.0163965 0.717222 0.0327148 0.202222 0.210083
0 0.495625 0.156111 0.01375 0.0252778 0.20813
0 0.460625 0.189444 0.01625 0.0325 0.0977173
0 0.674375 0.188056 0.0225 0.0397222 0.0878906
0 0.695 0.23 0.025 0.05 0.0809326
0 0.53875 0.126667 0.00999997 0.02 0.0668335
0 0.555 0.111389 0.00750001 0.0158333 0.0668335
0 0.6975 0.220278 0.03 0.0472222 0.0484924
0 0.534375 0.133056 0.0125 0.0183333 0.0205994
0 0.464375 0.185278 0.0175 0.0313889 0.0196075
0 0.46875 0.182222 0.01625 0.0311111 0.0181274
0 0.9825 0.42 0.035 0.085 0.0164642
0 0.389688 0.259722 0.033125 0.0466667 0.0106125
0 0.99 0.409444 0.0199999 0.0711111 0.00963593
0 0.67875 0.198611 0.0175 0.035 0.00948334
3 0.74 0.204028 0.00749995 0.0369444 0.00624084
0 0.68375 0.211667 0.0199999 0.0427778 0.00564194
5 0.554688 0.107917 0.00874996 0.0186111 0.00559998
0 0.98625 0.428889 0.0275 0.0966667 0.00548935
0 0.9875 0.416111 0.0249999 0.0888889 0.00544739
0 0.98375 0.408889 0.0325 0.0711111 0.00540543
0 0.978125 0.429444 0.0437499 0.0977778 0.00475693
0 0.664375 0.174167 0.0175 0.0327778 0.00429916
0 0.398438 0.251667 0.0425 0.0533333 0.00332451
0 0.66 0.167222 0.0175 0.0277778 0.00317192
0 0.99375 0.301667 0.0124999 0.0588889 0.00311089
0 0.0053125 0.458056 0.0106055 0.0855555 0.00302696
0 0.9825 0.308889 0.035 0.0655555 0.00282288
0 0.0104785 0.470556 0.0208789 0.0805556 0.0026722
0 0.66375 0.166389 0.01625 0.0269444 0.00256157
0 0.4975 0.154028 0.016875 0.0247222 0.00252151
0 0.96125 0.456944 0.0775 0.0816667 0.00233269
7 0.269844 0.916667 0.00781252 0.02 0.00221634
7 0.73 0.204861 0.00499999 0.0236111 0.00219154
0 0.482188 0.161944 0.016875 0.0216667 0.00208282
3 0.71375 0.178611 0.00625 0.0205556 0.00204277
0 0.0131152 0.477778 0.0261133 0.08 0.00203514
0 0.97125 0.411667 0.0575 0.0744444 0.00196457
0 0.564375 0.0975 0.00625 0.0108333 0.00182438
0 0.535625 0.135556 0.0125 0.0227778 0.0018177
0 0.66 0.17875 0.0125 0.0297222 0.00176811
0 0.65875 0.163611 0.0175001 0.0283333 0.0017271
2 0.634688 0.136806 0.00625 0.0166667 0.00153637
0 0.49875 0.150833 0.00999997 0.0222222 0.00145531
7 0.531875 0.842222 0.00625003 0.0222222 0.00139904
0 0.70875 0.246389 0.0375 0.0527778 0.00124454
0 0.98 0.459167 0.04 0.0811111 0.00124454
3 0.169688 0.266667 0.008125 0.05 0.00120163
5 0.569375 0.0911111 0.00687497 0.0119444 0.00118828
2 0.00343262 0.448889 0.0068457 0.0861111 0.00116062
3 0.300312 0.204167 0.00874999 0.035 0.0011425
7 0.965 0.928333 0.07 0.138889 0.00108147
0 0.461875 0.183611 0.01875 0.0322222 0.00101662
