0 0.0522266 0.621111 0.104141 0.156667 0.948242
0 0.93625 0.782778 0.1175 0.208889 0.947754
0 0.975 0.320556 0.0499999 0.0733333 0.93457
0 0.0516309 0.346111 0.0648633 0.0777778 0.93457
0 0.895 0.514722 0.17 0.133889 0.931641
0 0.095625 0.54 0.084375 0.143333 0.930176
0 0.521875 0.293889 0.04625 0.07 0.928223
0 0.88375 0.552361 0.08375 0.1575 0.926758
0 0.795 0.301111 0.07375 0.0611111 0.925293
0 0.92125 0.646111 0.1325 0.146667 0.924805
0 0.968125 0.931111 0.06375 0.135556 0.924805
0 0.9325 0.48 0.135 0.113333 0.901367
0 0.399688 0.267222 0.035625 0.0516667 0.898438
0 0.373438 0.286389 0.041875 0.0594445 0.896973
0 0.72625 0.283889 0.0425 0.0577778 0.895508
0 0.43 0.232917 0.03125 0.0463889 0.867188
0 0.414375 0.250833 0.0325 0.0461111 0.85791
0 0.5325 0.149444 0.01625 0.02 0.850098
0 0.6975 0.219444 0.03 0.0477778 0.845703
0 0.9575 0.43 0.085 0.0977778 0.835449
2 0.665 0.241944 0.00999997 0.0488889 0.801758
5 0.560313 0.116667 0.0125 0.0219444 0.779785
0 0.70625 0.239722 0.035 0.0516667 0.726562
0 0.474375 0.184444 0.021875 0.0366667 0.720215
0 0.448125 0.209306 0.0275 0.0433333 0.71875
0 0.715 0.267778 0.0362501 0.055 0.71875
2 0.634375 0.176944 0.00625 0.0288889 0.700684
0 0.48875 0.171389 0.01875 0.0308333 0.689453
0 0.543125 0.136389 0.0125 0.0186111 0.663574
0 0.0191016 0.712222 0.0382031 0.192222 0.476562
0 0.5825 0.106806 0.00875003 0.0155556 0.222656
0 0.67375 0.189722 0.02 0.0311111 0.078064
0 0.501875 0.155556 0.01375 0.0261111 0.0739746
0 0.465 0.192083 0.0175 0.0375 0.0484924
0 0.4425 0.214444 0.025 0.0433333 0.0456848
0 0.535938 0.140833 0.0125 0.0205556 0.035614
0 0.70875 0.269444 0.025 0.0455555 0.0258026
0 0.5275 0.143889 0.01 0.0211111 0.024704
0 0.614688 0.0983333 0.00750001 0.0120833 0.0219421
2 0.633125 0.17375 0.00750001 0.0288889 0.0212097
0 0.536563 0.142222 0.01 0.0188889 0.0207977
3 0.65125 0.165556 0.00750001 0.0205556 0.019455
0 0.499375 0.160694 0.015 0.0269444 0.0159607
2 0.64375 0.15125 0.00750001 0.0236111 0.0152512
0 0.97875 0.415833 0.0425 0.0722222 0.0118256
0 0.665 0.176111 0.0175001 0.0272222 0.00790405
0 0.665 0.170556 0.0175001 0.0283333 0.00740433
0 0.65375 0.166389 0.00999997 0.0216667 0.0068512
3 0.695 0.165 0.00499999 0.0177778 0.0068512
0 0.504688 0.154583 0.014375 0.0230556 0.00674438
3 0.69125 0.163889 0.00750001 0.0227778 0.00582123
2 0.63625 0.162222 0.00625 0.0241667 0.00482941
0 0.67125 0.194167 0.0175001 0.0361111 0.00469971
0 0.54625 0.130139 0.00999997 0.0163889 0.00457382
5 0.560313 0.112639 0.013125 0.0280556 0.00448608
0 0.678125 0.205278 0.01125 0.0311111 0.00391388
0 0.51 0.15 0.01375 0.0216667 0.00388527
5 0.62375 0.104514 0.00625 0.0151389 0.00332451
0 0.441875 0.212917 0.034375 0.0530556 0.00332451
0 0.71625 0.252847 0.04 0.05875 0.00286674
0 0.0152734 0.604445 0.0305469 0.118889 0.00277901
0 0.5825 0.0813889 0.00687497 0.0127778 0.00275803
0 0.561562 0.109167 0.01125 0.0211111 0.00275803
0 0.99375 0.411111 0.0124999 0.0688889 0.00273705
0 0.544688 0.125556 0.00999997 0.0188889 0.00253105
3 0.376875 0.250694 0.0125 0.0347222 0.00237846
0 0.99125 0.415833 0.0175 0.0772222 0.0020504
0 0.624375 0.113924 0.00625 0.0127083 0.00184631
0 0.651875 0.157083 0.01 0.0258333 0.00171375
0 0.50375 0.477222 0.025 0.0311111 0.0017004
0 0.00299561 0.416667 0.00599121 0.0644445 0.0016489
0 0.576875 0.0993056 0.00625 0.0111111 0.00154877
3 0.63625 0.133611 0.00750001 0.0144444 0.00154877
0 0.6325 0.120556 0.00875003 0.0111111 0.00153065
3 0.630625 0.124444 0.00625 0.0133333 0.00144386
0 0.50125 0.152083 0.01125 0.0233333 0.00143814
3 0.70375 0.175 0.00499999 0.0227778 0.00135612
0 0.6625 0.180278 0.01625 0.0280556 0.00135612
3 0.108906 0.339444 0.00953125 0.0416667 0.00129986
0 0.708125 0.244028 0.04375 0.0608333 0.00123978
0 0.72 0.275556 0.0325 0.0533333 0.0011692
0 0.663125 0.16375 0.01875 0.0294444 0.00109005
0 0.00318115 0.427778 0.00636231 0.0688889 0.00107288
0 0.61125 0.0947917 0.00499999 0.0140278 0.00106907
0 0.971875 0.409444 0.05 0.0622222 0.00104809
