0 0.0523047 0.621111 0.104297 0.155556 0.948242
0 0.93625 0.783333 0.11875 0.208889 0.946777
0 0.051875 0.345556 0.0648438 0.0783333 0.936523
0 0.895 0.515 0.17 0.133333 0.932129
0 0.974375 0.32 0.05125 0.0722222 0.930664
0 0.0957031 0.540139 0.0845313 0.144167 0.930176
0 0.920625 0.645556 0.13125 0.146667 0.925293
0 0.9675 0.931111 0.065 0.136667 0.921387
0 0.88375 0.552222 0.085 0.156667 0.918945
0 0.4 0.2675 0.03625 0.0516667 0.905273
5 0.785 0.3225 0.155 0.152222 0.905273
0 0.933125 0.480833 0.13375 0.116111 0.905273
0 0.373438 0.286667 0.041875 0.06 0.895508
0 0.6975 0.219722 0.02875 0.0483333 0.867188
0 0.430313 0.233333 0.030625 0.0472222 0.864258
0 0.414688 0.251111 0.0325 0.0466667 0.859863
0 0.5325 0.149722 0.015 0.02 0.853027
0 0.9575 0.43 0.08375 0.0966667 0.831055
5 0.559688 0.116667 0.013125 0.0230556 0.825684
0 0.70625 0.241528 0.03625 0.0536111 0.749023
0 0.44875 0.209167 0.0275 0.0438889 0.690918
0 0.474375 0.184444 0.0225 0.0361111 0.67041
0 0.542813 0.136667 0.011875 0.0180556 0.65332
0 0.48875 0.171111 0.0175 0.0305556 0.65332
0 0.0193945 0.713889 0.0387891 0.192222 0.525391
0 0.714375 0.266389 0.03625 0.055 0.338135
0 0.72375 0.276389 0.04 0.0655556 0.212036
2 0.582813 0.11125 0.00625 0.0141667 0.0794678
0 0.46375 0.192778 0.01875 0.0377778 0.0665894
0 0.958125 0.445556 0.0825 0.0833333 0.0618896
0 0.4425 0.214167 0.025 0.0438889 0.0524292
0 0.71875 0.271597 0.0325 0.0568055 0.0518494
0 0.67375 0.19 0.02 0.0322222 0.0396423
0 0.50375 0.154444 0.01375 0.0238889 0.0333252
0 0.53625 0.141111 0.01125 0.0205556 0.0296478
0 0.527813 0.143611 0.010625 0.0205556 0.0249939
0 0.533125 0.145833 0.014375 0.0244445 0.0249939
0 0.82875 0.304444 0.0575 0.0777778 0.0138474
0 0.67625 0.195556 0.02 0.0344444 0.0136337
0 0.83125 0.344444 0.06125 0.0888889 0.0115967
0 0.669375 0.185833 0.01875 0.0291667 0.00874329
0 0.730625 0.283056 0.05125 0.075 0.00867462
0 0.471875 0.188056 0.0225 0.04 0.00812531
0 0.975 0.416111 0.0499999 0.0711111 0.00709534
3 0.109219 0.339722 0.0084375 0.0344445 0.00658798
0 0.80875 0.293333 0.035 0.0805556 0.00572968
0 0.6575 0.164444 0.0175 0.025 0.00536346
5 0.56 0.111424 0.01375 0.0254861 0.0051384
0 0.49875 0.1625 0.015 0.025 0.00473785
0 0.664375 0.174028 0.01875 0.0291667 0.00421524
0 0.506563 0.154861 0.013125 0.0222222 0.00416565
0 0.66375 0.167778 0.0175 0.0294444 0.00416565
0 0.6725 0.185556 0.02 0.0338889 0.00388527
0 0.54875 0.125556 0.00625 0.015 0.00328636
0 0.51 0.151111 0.01375 0.0222222 0.00314713
0 0.66125 0.1625 0.0225 0.0277778 0.00293541
0 0.8275 0.328333 0.0675001 0.129444 0.00292397
0 0.68 0.200556 0.01625 0.0311111 0.00277901
0 0.72125 0.284722 0.0325 0.0711111 0.00277901
0 0.441563 0.213194 0.035 0.0527778 0.00271416
0 0.545625 0.125694 0.01125 0.02 0.00240517
0 0.816875 0.303889 0.04125 0.101667 0.00239754
0 0.805 0.283333 0.0425 0.06 0.002388
0 0.705625 0.267847 0.0175001 0.0465278 0.00225258
3 0.695625 0.1625 0.00499999 0.0266667 0.00213242
0 0.0162305 0.603333 0.0324219 0.12 0.0019722
0 0.99375 0.411111 0.0124999 0.0677778 0.00184631
0 0.603125 0.142361 0.00750001 0.0169444 0.0018177
0 0.6625 0.18 0.0175 0.0283333 0.00174141
1 0.98 0.566667 0.04 0.09 0.00174141
0 0.7975 0.267778 0.0225 0.0333333 0.00158501
2 0.62375 0.114861 0.00562496 0.0144444 0.00150108
0 0.0116699 0.604445 0.0233398 0.115556 0.00138855
0 0.816875 0.295833 0.05 0.0816666 0.00127888
7 0.375 0.776667 0.00437498 0.0133334 0.00127411
3 0.636563 0.133056 0.00625 0.0172222 0.0011692
0 0.585 0.105556 0.00625 0.0172222 0.00115108
0 0.9625 0.410556 0.0725 0.0622222 0.0011425
3 0.64625 0.154167 0.00625 0.0205556 0.0011158
0 0.0251563 0.608333 0.0503125 0.133333 0.00109863
7 0.366563 0.776111 0.00562499 0.0133333 0.00107288
0 0.99125 0.415556 0.0175 0.0733333 0.00106049
0 0.0337891 0.589861 0.0675781 0.109167 0.00100422
