0 0.0476172 0.611111 0.0952344 0.157778 0.946777
0 0.0439844 0.338889 0.0639844 0.0777778 0.945801
0 0.93 0.775 0.1175 0.208889 0.944824
0 0.876875 0.542083 0.08375 0.155833 0.939453
0 0.7875 0.294444 0.0725 0.0611111 0.932617
0 0.97125 0.313333 0.0575 0.0716667 0.930176
0 0.888125 0.5075 0.17125 0.132778 0.930176
0 0.91375 0.638889 0.1325 0.144444 0.925293
0 0.345625 0.2925 0.054375 0.065 0.921387
0 0.96375 0.926667 0.0725 0.144444 0.92041
0 0.0878906 0.531111 0.0848438 0.144444 0.916504
0 0.93 0.471111 0.14 0.11 0.90332
0 0.71875 0.275278 0.0425 0.0566667 0.901855
0 0.039082 0.490833 0.0781641 0.109444 0.897461
3 0.54 0.49 0.03875 0.118889 0.890137
0 0.69 0.212083 0.0300001 0.0494445 0.887207
0 0.391875 0.258333 0.03625 0.0516667 0.877441
0 0.367188 0.275625 0.035625 0.0554167 0.867188
0 0.422813 0.224306 0.03125 0.0458333 0.86084
0 0.4075 0.243611 0.0325 0.045 0.848145
0 0.954688 0.426667 0.0906249 0.102222 0.839844
0 0.70875 0.260556 0.0375 0.0561111 0.831055
0 0.525625 0.141528 0.015 0.0188889 0.803223
2 0.488125 0.210694 0.0125 0.0386111 0.788086
0 0.699375 0.233889 0.03375 0.05 0.760742
0 0.439375 0.200694 0.02625 0.0419444 0.694336
0 0.47125 0.174444 0.02 0.0302778 0.686035
0 0.481875 0.16 0.0175 0.0288889 0.565918
0 0.534375 0.128472 0.01125 0.0191667 0.432129
0 0.0155176 0.71 0.030957 0.208889 0.348633
0 0.534063 0.125 0.010625 0.02 0.181885
0 0.533125 0.128056 0.01 0.0166667 0.174927
0 0.54125 0.128333 0.01125 0.0166667 0.100525
0 0.67125 0.185694 0.0237501 0.0413889 0.0943604
0 0.4375 0.205556 0.025 0.0433333 0.092041
0 0.458125 0.185278 0.019375 0.0327778 0.0913696
5 0.60375 0.0772222 0.00750001 0.0144444 0.072876
0 0.00772949 0.455 0.0153809 0.0811111 0.0492249
0 0.52 0.138056 0.01125 0.02 0.0273743
0 0.54125 0.117222 0.00999997 0.0155556 0.0252686
0 0.7075 0.266667 0.03 0.0477778 0.0210114
0 0.99375 0.411667 0.0124999 0.0722222 0.0103683
0 0.585 0.0822222 0.00374997 0.00888889 0.00985718
0 0.99125 0.418333 0.0175 0.0822222 0.00793457
0 0.66875 0.180556 0.02125 0.0405556 0.00775528
0 0.988125 0.428056 0.02375 0.095 0.00720596
0 0.98375 0.417778 0.0325 0.0811111 0.00636292
3 0.269688 0.227639 0.010625 0.0558333 0.00453949
0 0.66 0.174444 0.01875 0.0322222 0.00419998
0 0.490938 0.153611 0.015 0.0277778 0.00397491
0 0.615625 0.101319 0.00625 0.01125 0.00395966
0 0.625313 0.12 0.00750001 0.015 0.00379562
0 0.6575 0.177639 0.00999997 0.0302778 0.00345612
0 0.426875 0.218611 0.0425 0.0527778 0.00342941
0 0.465 0.184167 0.02 0.0344445 0.00279999
5 0.603438 0.0730556 0.00750001 0.02125 0.00266266
0 0.65875 0.166111 0.01875 0.0338889 0.00265312
0 0.635 0.138611 0.00999997 0.0194444 0.00237846
0 0.551875 0.101875 0.00874996 0.0120833 0.00223351
0 0.655 0.161389 0.0175 0.025 0.00188255
0 0.964375 0.407778 0.07125 0.0722222 0.00185299
0 0.0105469 0.594444 0.0210938 0.12 0.00183868
2 0.48625 0.206111 0.01375 0.0425 0.00179577
0 0.993125 0.187778 0.0137499 0.0611111 0.00176811
3 0.997188 0.687778 0.00562496 0.0866667 0.00171375
0 0.97 0.398611 0.05 0.0544445 0.00158501
0 0.00689453 0.572222 0.0137891 0.0866667 0.00133514
0 0.54375 0.127361 0.015 0.0191667 0.00123978
0 0.995 0.301111 0.00999997 0.0633334 0.00123501
7 0.96375 0.927222 0.07 0.143333 0.00115585
0 0.651875 0.160556 0.0125 0.0227778 0.00115585
0 0.521875 0.125694 0.01 0.0197222 0.00113392
0 0.452813 0.186667 0.0225 0.0383333 0.00107765
0 0.47125 0.1675 0.0175 0.03 0.00101185
3 0.93 0.293611 0.00875003 0.0644445 0.00100803
