0 0.044209 0.337778 0.0645508 0.0772222 0.950195
0 0.0478906 0.610556 0.0954688 0.158889 0.944824
0 0.93 0.774444 0.11875 0.208889 0.944824
0 0.87625 0.542222 0.0825 0.155556 0.939453
0 0.8875 0.506667 0.17 0.133333 0.929199
0 0.97125 0.3125 0.0575 0.0716667 0.92627
0 0.91375 0.637778 0.13125 0.144444 0.924316
0 0.345 0.291667 0.055625 0.0638889 0.922852
0 0.96375 0.926667 0.0725 0.144444 0.921875
0 0.0877344 0.529444 0.084375 0.142222 0.908203
0 0.93 0.47 0.14 0.11 0.906738
0 0.71875 0.274167 0.045 0.0566667 0.904785
0 0.6125 0.147778 0.0175 0.0233333 0.899902
0 0.0396094 0.490556 0.0792188 0.111111 0.898926
0 0.391563 0.257778 0.036875 0.0522222 0.889648
6 0.614375 0.256111 0.02625 0.0605556 0.878906
0 0.69 0.211806 0.0300001 0.0497222 0.874023
0 0.366563 0.275625 0.035625 0.0565278 0.864258
3 0.474375 0.783333 0.04 0.211111 0.856445
0 0.4225 0.223056 0.030625 0.0461111 0.850098
0 0.4075 0.242778 0.0325 0.0438889 0.844727
0 0.954688 0.425556 0.0906249 0.103333 0.827637
0 0.708125 0.259722 0.035 0.0561111 0.796875
0 0.7 0.234167 0.035 0.0505556 0.778809
0 0.52375 0.140139 0.01375 0.0191667 0.773438
0 0.471875 0.173056 0.019375 0.0288889 0.716797
2 0.535313 0.148333 0.00749998 0.0244445 0.666992
0 0.439688 0.200556 0.025 0.0416667 0.656738
0 0.48125 0.160833 0.0175 0.0272222 0.583008
0 0.53375 0.124444 0.01125 0.0222222 0.224731
0 0.0153125 0.71 0.0305078 0.208889 0.113159
0 0.436875 0.205556 0.025 0.0427778 0.092041
0 0.695 0.228056 0.0275 0.0494444 0.0888062
0 0.6725 0.185833 0.025 0.0422222 0.0747681
0 0.457188 0.185556 0.01875 0.0294444 0.0742188
0 0.58375 0.08125 0.00625 0.00972222 0.0514526
0 0.99125 0.415833 0.0175 0.0827778 0.0307922
0 0.70875 0.267778 0.0300001 0.0466667 0.0284424
0 0.534375 0.128611 0.01 0.0216667 0.0259552
0 0.49375 0.149722 0.01375 0.0255555 0.0249939
0 0.988125 0.428333 0.02375 0.0988889 0.0189819
0 0.624375 0.114479 0.00999997 0.0149306 0.014061
0 0.459375 0.183194 0.01875 0.0330556 0.0131226
0 0.540313 0.114306 0.01125 0.0175 0.0123825
0 0.615938 0.0981944 0.00625 0.0109722 0.00978088
0 0.68625 0.208194 0.025 0.0480555 0.00841522
0 0.519688 0.135972 0.01125 0.0194444 0.00815582
0 0.65625 0.17625 0.0125 0.0297222 0.00796509
0 0.985 0.417778 0.03 0.0833333 0.00766754
0 0.67 0.179722 0.0225 0.0394445 0.0069313
3 0.74 0.203889 0.00749995 0.0366667 0.00612259
0 0.66 0.176111 0.02 0.0305556 0.00530243
0 0.9825 0.428333 0.035 0.1 0.00516129
0 0.5425 0.107222 0.00874996 0.0177778 0.00391388
0 0.65375 0.157222 0.0175 0.0266667 0.00380898
0 0.634688 0.1325 0.013125 0.0227778 0.00348282
0 0.49625 0.141111 0.01125 0.0205556 0.00324821
0 0.65875 0.164167 0.02125 0.0305556 0.00314713
0 0.426563 0.218472 0.039375 0.0513889 0.00304031
0 0.604375 0.0784722 0.00499999 0.0113889 0.00300407
0 0.961875 0.408889 0.0762499 0.0755556 0.00283432
3 0.696875 0.175 0.00750001 0.0288889 0.00269318
0 0.4525 0.1875 0.025 0.0391667 0.00226974
0 0.521563 0.123611 0.01 0.0177778 0.00221634
3 0.73625 0.202361 0.00750001 0.0308333 0.00213242
0 0.6475 0.154028 0.015 0.0252778 0.00212479
0 0.551875 0.103194 0.00874996 0.0125 0.00208282
0 0.99375 0.304444 0.0124999 0.0688889 0.00189686
0 0.535 0.146667 0.01375 0.0255556 0.00183868
0 0.98625 0.407222 0.0275 0.0711111 0.00174809
5 0.5725 0.0780556 0.00750001 0.0147222 0.00164223
0 0.499688 0.133333 0.013125 0.0205556 0.00146675
5 0.621875 0.103889 0.009375 0.0147222 0.00144386
0 0.4975 0.148056 0.018125 0.0244444 0.00142097
0 0.56625 0.0851389 0.00625 0.01 0.00135612
0 0.965 0.399722 0.065 0.0572222 0.00118351
0 0.635 0.12625 0.01375 0.0213889 0.00117397
7 0.96375 0.926667 0.07 0.144444 0.00110722
6 0.525 0.143333 0.015 0.0233333 0.00104809
0 0.516875 0.123611 0.01 0.0183333 0.00103188
