0 0.93375 0.778889 0.1175 0.208889 0.950195
0 0.0494531 0.614444 0.0989063 0.158889 0.944336
0 0.0476172 0.341111 0.0646094 0.0772222 0.941895
0 0.88125 0.547639 0.0825 0.155833 0.939941
0 0.79125 0.298056 0.075 0.0627778 0.937988
0 0.89125 0.511111 0.17 0.134444 0.930176
0 0.9725 0.315556 0.055 0.0722222 0.928711
0 0.34875 0.296389 0.053125 0.0655555 0.926758
0 0.601563 0.249167 0.0375 0.0516667 0.923828
0 0.0919531 0.534167 0.0854688 0.142778 0.921387
0 0.9175 0.642222 0.1325 0.146667 0.916504
0 0.7225 0.278889 0.0425 0.0566667 0.915039
0 0.96375 0.927778 0.0725 0.142222 0.913086
0 0.0401563 0.495556 0.0803125 0.11 0.909668
0 0.930625 0.473889 0.13875 0.108889 0.899902
0 0.528125 0.193056 0.02375 0.0361111 0.881836
0 0.693125 0.215278 0.0300001 0.0494445 0.868652
0 0.42625 0.22875 0.0325 0.0475 0.862305
0 0.395 0.262153 0.0375 0.0523611 0.859863
0 0.41125 0.247778 0.0325 0.0466667 0.858887
0 0.95625 0.428056 0.0874999 0.0994444 0.841797
0 0.37125 0.28 0.035 0.0566666 0.838867
0 0.485313 0.168333 0.018125 0.0294444 0.773438
0 0.475313 0.179444 0.020625 0.03 0.766113
0 0.71125 0.265556 0.035 0.0533333 0.750488
0 0.529063 0.145833 0.014375 0.0205556 0.747559
0 0.7025 0.237361 0.03375 0.0525 0.729492
0 0.44375 0.204583 0.024375 0.0413889 0.702637
0 0.538438 0.13 0.01125 0.0205556 0.616699
0 0.69875 0.225833 0.0325 0.0538889 0.365723
0 0.0162012 0.719444 0.0323242 0.213333 0.265869
0 0.675625 0.191806 0.02375 0.0405556 0.165649
0 0.496875 0.155278 0.014375 0.025 0.130249
0 0.459375 0.189306 0.01625 0.0302778 0.0866089
0 0.695 0.230139 0.02625 0.0519444 0.0658569
0 0.4575 0.191944 0.02 0.0355556 0.049408
0 0.534375 0.133056 0.0125 0.0194444 0.0417786
0 0.540625 0.126111 0.0125 0.02 0.0309143
5 0.595625 0.08625 0.00625 0.0111111 0.0208893
0 0.49875 0.153472 0.01625 0.0252778 0.0189056
0 0.46625 0.185556 0.015625 0.0305556 0.0175781
0 0.99625 0.193056 0.00749995 0.095 0.0157166
0 0.98375 0.420556 0.0325 0.0861111 0.0136337
0 0.99 0.411667 0.0199999 0.0733333 0.0115967
2 0.99625 0.191389 0.00749995 0.0794444 0.00881195
0 0.706875 0.248333 0.04 0.0522222 0.00740433
0 0.97875 0.429722 0.0425 0.0977778 0.00564194
0 0.66 0.163889 0.01875 0.0255555 0.00452042
0 0.66375 0.173611 0.02 0.0344444 0.00376511
0 0.53625 0.136389 0.01125 0.0216667 0.00332451
3 0.933125 0.294444 0.00999997 0.0588889 0.00298119
0 0.496875 0.159583 0.0175 0.0277778 0.00277901
0 0.9825 0.310556 0.035 0.0677778 0.00226974
0 0.644375 0.145972 0.015 0.0197222 0.00216484
0 0.00509766 0.451111 0.0101758 0.0955556 0.00199509
0 0.476875 0.158472 0.00999997 0.0191667 0.00188255
0 0.0111621 0.469444 0.0222852 0.08 0.00176144
0 0.408125 0.24375 0.03 0.0425 0.0017271
0 0.5 0.150972 0.01125 0.0219444 0.00169373
0 0.995313 0.185833 0.00937494 0.0955556 0.00167465
0 0.0131641 0.477778 0.0262109 0.0794445 0.0016613
3 0.634375 0.135833 0.00625 0.0183333 0.00163555
0 0.66375 0.165417 0.0175 0.0297222 0.00161076
0 0.993125 0.302222 0.0137499 0.0588889 0.00160408
0 0.685 0.212361 0.0225 0.0441667 0.00157356
0 0.54375 0.124167 0.015 0.0205556 0.00143814
0 0.39875 0.252847 0.041875 0.0554167 0.00142097
0 0.0163379 0.652222 0.0326758 0.0844444 0.00130463
0 0.655 0.159444 0.0175 0.0261111 0.00123501
3 0.715 0.182361 0.00625 0.0244445 0.0011158
3 0.630938 0.129722 0.00562503 0.0188889 0.00110722
3 0.170938 0.2675 0.00874999 0.0494444 0.00110722
0 0.641875 0.14375 0.01375 0.0213889 0.00109863
0 0.973125 0.411667 0.05375 0.0711111 0.00100803
