0 0.0460938 0.605694 0.0921875 0.159722 0.950195
0 0.926875 0.771111 0.1175 0.206667 0.945312
0 0.0419629 0.333333 0.064043 0.0755556 0.942383
0 0.7725 0.291111 0.0675001 0.0633333 0.941406
0 0.87375 0.54 0.0825 0.154444 0.935059
0 0.885625 0.503333 0.17125 0.133333 0.927734
0 0.342813 0.288889 0.055 0.0633333 0.927246
0 0.97 0.309444 0.06 0.0711111 0.92627
0 0.91125 0.633333 0.13 0.144444 0.925781
0 0.0875781 0.525556 0.079375 0.14 0.92041
0 0.92875 0.468333 0.1425 0.111667 0.913574
5 0.603438 0.126806 0.030625 0.0677778 0.905273
0 0.9625 0.926667 0.0725 0.144444 0.90332
0 0.71625 0.271736 0.0425 0.0554167 0.898438
0 0.0379883 0.485833 0.0759766 0.107222 0.868652
0 0.6875 0.207917 0.0275 0.0491667 0.865234
0 0.419375 0.221806 0.03125 0.0436111 0.859863
0 0.389063 0.253889 0.035 0.0505555 0.850098
0 0.364688 0.271944 0.035 0.0555556 0.837402
0 0.605 0.157222 0.0175 0.0291667 0.827637
2 0.88875 0.321667 0.04 0.0633333 0.824219
0 0.5225 0.13625 0.015625 0.0211111 0.813965
0 0.953438 0.424444 0.093125 0.106667 0.810547
0 0.4 0.240556 0.030625 0.0483333 0.792969
0 0.705 0.257292 0.03625 0.0565278 0.782715
0 0.468125 0.170556 0.01875 0.0288889 0.686035
0 0.478125 0.160278 0.01875 0.0294444 0.666992
0 0.43875 0.195556 0.025 0.0416667 0.666992
0 0.70125 0.233889 0.0325 0.0488889 0.476562
0 0.53125 0.123472 0.0125 0.0202778 0.46875
3 0.929375 0.297222 0.00874996 0.0483333 0.238647
0 0.526875 0.126944 0.00999997 0.0172222 0.188965
0 0.394375 0.249167 0.03125 0.0483333 0.128906
3 0.8025 0.241389 0.00875003 0.0394444 0.121704
0 0.69375 0.225556 0.025 0.0438889 0.0950317
0 0.66875 0.181944 0.0225 0.0375 0.0859985
0 0.70375 0.249444 0.0325 0.05 0.0766602
0 0.00920898 0.562222 0.0182813 0.0911111 0.0472412
0 0.69625 0.232083 0.0325 0.0463889 0.0463867
0 0.99 0.421111 0.0199999 0.0866666 0.0411377
0 0.45625 0.181111 0.02 0.0305556 0.0408325
0 0.596875 0.149722 0.01 0.0227778 0.0307922
0 0.0146094 0.696667 0.0291797 0.18 0.029541
0 0.488125 0.150417 0.016875 0.0275 0.0293121
3 0.928125 0.296111 0.00874996 0.0555556 0.0283356
3 0.725625 0.196944 0.00499999 0.0252778 0.0273743
0 0.67125 0.185 0.0225 0.0369445 0.0266571
0 0.6825 0.195972 0.0225 0.0394445 0.0171814
0 0.633125 0.131667 0.0125 0.0183333 0.0149536
0 0.0111328 0.589444 0.0222656 0.13 0.0149536
0 0.655 0.163056 0.02 0.0272222 0.0145569
3 0.16375 0.259167 0.00687499 0.0427778 0.013588
0 0.495313 0.143889 0.0125 0.0238889 0.0131683
0 0.991875 0.414444 0.01625 0.0766667 0.0129242
0 0.658125 0.170833 0.0175 0.0327778 0.0110703
3 0.162813 0.256944 0.008125 0.0477778 0.00967407
3 0.735 0.199444 0.00750001 0.0338889 0.00881195
0 0.459688 0.178056 0.015625 0.0283333 0.00760651
0 0.979375 0.428056 0.04125 0.101667 0.00641251
0 0.38375 0.251736 0.036875 0.0554167 0.00542831
0 0.6325 0.136944 0.00999997 0.02 0.00494385
0 0.0145313 0.57 0.0290625 0.0955556 0.00426483
0 0.9825 0.418333 0.035 0.0866666 0.00411606
0 0.64625 0.149722 0.0175001 0.0244445 0.00397491
3 0.73875 0.203611 0.00750001 0.0361111 0.00392914
0 0.481875 0.157083 0.01875 0.0272222 0.00367928
0 0.484375 0.147778 0.015 0.0280555 0.00318527
0 0.9675 0.454444 0.065 0.0866667 0.00300407
3 0.90875 0.308333 0.01125 0.0433333 0.00275803
0 0.619375 0.143194 0.00750001 0.0233333 0.00255013
0 0.99125 0.460556 0.0175 0.0833333 0.00235939
3 0.625 0.1375 0.00625 0.0177778 0.00225258
0 0.659375 0.176806 0.01125 0.0311111 0.00220871
7 0.64875 0.412778 0.00750001 0.0211111 0.00220871
0 0.640625 0.141944 0.015 0.0233333 0.00192642
0 0.9875 0.447222 0.0249999 0.0888889 0.00191212
0 0.0216406 0.577222 0.0432813 0.105556 0.00187492
0 0.00489258 0.452222 0.00978516 0.0688889 0.00185299
2 0.624375 0.149583 0.00625 0.0202778 0.00168133
0 0.605 0.083125 0.00625 0.01375 0.00157356
0 0.65875 0.165694 0.0199999 0.0311111 0.00154877
0 0.641094 0.146111 0.0128125 0.0227778 0.00153637
3 0.72875 0.191806 0.0125 0.0869444 0.00153065
0 0.45875 0.1725 0.0275 0.0361111 0.00144386
0 0.98125 0.305556 0.0374999 0.065 0.00143242
0 0.51375 0.133889 0.0125 0.0238889 0.00143242
0 0.6825 0.210556 0.0325 0.0547222 0.00143242
0 0.533125 0.109861 0.01125 0.0225 0.00139904
0 0.540313 0.105417 0.011875 0.0183333 0.00135612
0 0.6525 0.166111 0.0175001 0.0294444 0.00135612
3 0.71625 0.187639 0.00499999 0.0238889 0.00130463
0 0.70625 0.266667 0.035 0.0538889 0.00127888
0 0.99125 0.303333 0.0175 0.0666667 0.00125504
0 0.530938 0.126111 0.010625 0.0227778 0.00124454
2 0.8 0.242361 0.015 0.0413889 0.00122547
0 0.00804199 0.458333 0.016084 0.0733333 0.00122547
3 0.90375 0.314167 0.0125 0.0522222 0.00115108
0 0.633438 0.125556 0.0125 0.0222222 0.00114727
0 0.540625 0.116111 0.01 0.0188889 0.00108147
3 0.69625 0.175972 0.00500005 0.0291667 0.00108147
0 0.355 0.278889 0.043125 0.0511111 0.00103664
0 0.625 0.125694 0.015 0.0297222 0.00102425
0 0.9575 0.407778 0.085 0.0755556 0.00101662
