0 0.044375 0.338056 0.0642188 0.0772222 0.951172
0 0.0478906 0.609861 0.0957813 0.158056 0.946289
0 0.93 0.774444 0.1175 0.208889 0.944336
0 0.87625 0.543194 0.0825 0.155833 0.941406
0 0.7025 0.344722 0.125 0.0916667 0.936523
6 0.323672 0.471111 0.0589062 0.143333 0.934082
0 0.888125 0.507222 0.17125 0.133333 0.931152
0 0.914375 0.639444 0.13125 0.146667 0.925781
0 0.97125 0.313333 0.0575 0.0733333 0.924805
0 0.345313 0.292222 0.055 0.0638889 0.924316
0 0.963125 0.926667 0.07125 0.144444 0.92041
0 0.0878906 0.530278 0.0848438 0.142778 0.918457
0 0.93 0.470556 0.14 0.108889 0.903809
0 0.0394531 0.491111 0.0789063 0.111111 0.895508
0 0.391875 0.257708 0.03625 0.0523611 0.889648
0 0.719375 0.274167 0.0425 0.0538889 0.884766
2 0.529688 0.37 0.064375 0.0866667 0.882812
0 0.69 0.21125 0.0300001 0.0497222 0.879883
0 0.423125 0.223611 0.03125 0.0455556 0.865234
0 0.366875 0.275556 0.035 0.0566667 0.86084
0 0.407813 0.242778 0.031875 0.045 0.839844
3 0.5375 0.216944 0.0125 0.0472222 0.835449
0 0.954688 0.426111 0.0906249 0.103333 0.834473
0 0.524688 0.141667 0.015625 0.0177778 0.811523
0 0.709375 0.259722 0.0375 0.0555555 0.79834
0 0.7 0.233056 0.0325 0.0522222 0.794434
0 0.471875 0.173889 0.020625 0.0294444 0.750488
0 0.440313 0.200833 0.02625 0.0416667 0.712402
0 0.4825 0.161389 0.0175 0.0277778 0.662109
0 0.535625 0.128194 0.00999997 0.0183333 0.403564
0 0.435938 0.207222 0.023125 0.0416667 0.357666
0 0.671875 0.184167 0.02375 0.0416667 0.196777
0 0.532188 0.1275 0.01 0.0155556 0.133911
0 0.533125 0.124861 0.01 0.0194444 0.0930176
0 0.69625 0.229028 0.02875 0.0497222 0.0872803
0 0.0154883 0.711111 0.0308594 0.206667 0.0830078
0 0.45875 0.185417 0.02 0.0344444 0.0661011
0 0.540625 0.11875 0.01 0.0180555 0.0279083
0 0.520313 0.135833 0.011875 0.0186111 0.0168457
0 0.660625 0.17375 0.02 0.0327778 0.0137405
3 0.74 0.204444 0.00625 0.0344444 0.0127258
0 0.540625 0.1275 0.01125 0.0177778 0.0113754
0 0.658125 0.176111 0.0125 0.03 0.00933838
0 0.706875 0.267292 0.035 0.0509722 0.00796509
0 0.489688 0.154861 0.015625 0.0288889 0.00677109
0 0.99375 0.411667 0.0124999 0.0727778 0.00544739
0 0.426875 0.218889 0.04125 0.0522222 0.00518036
0 0.6525 0.155833 0.015 0.0266667 0.0050621
0 0.99 0.418611 0.0199999 0.0833333 0.00502014
0 0.66 0.166111 0.02 0.0327778 0.00432968
0 0.65375 0.159306 0.0175 0.0236111 0.00379562
0 0.98625 0.43 0.0275 0.0977778 0.00353813
0 0.994375 0.302222 0.01125 0.0666667 0.00329781
0 0.983125 0.418333 0.03375 0.0838889 0.00282288
0 0.648125 0.155278 0.01625 0.0247222 0.00279999
0 0.464375 0.185 0.0175 0.0355556 0.00205803
0 0.625625 0.116111 0.00875003 0.0144444 0.00203514
3 0.736875 0.19875 0.00749995 0.0369444 0.00198746
0 0.00630859 0.464444 0.0125781 0.0744445 0.00176811
0 0.995938 0.287778 0.00812499 0.0733333 0.00174141
0 0.63625 0.134583 0.0125 0.0230555 0.00154877
0 0.9575 0.409444 0.08375 0.0766667 0.00146675
3 0.715 0.183333 0.00625 0.0213889 0.00144386
3 0.71375 0.176389 0.00750001 0.0263889 0.00139904
0 0.00978516 0.595556 0.0195313 0.113333 0.00139904
0 0.616875 0.101875 0.00687497 0.0122222 0.00137806
0 0.4525 0.188056 0.02625 0.0405556 0.00136662
0 0.64375 0.14 0.015 0.0244445 0.00134563
7 0.96375 0.927222 0.07 0.143333 0.00126457
0 0.501875 0.148333 0.0125 0.0208333 0.00116539
0 0.5525 0.104028 0.00749995 0.0144444 0.0011158
