0 0.933125 0.778889 0.1175 0.207778 0.95166
0 0.0494141 0.615556 0.0988281 0.158889 0.943848
0 0.88125 0.547778 0.0825 0.157778 0.941895
0 0.0476172 0.342222 0.0642188 0.0766667 0.9375
0 0.790625 0.297778 0.07375 0.0622222 0.934082
0 0.89125 0.510833 0.17 0.133889 0.932129
0 0.9725 0.315833 0.055 0.0705556 0.928223
0 0.349688 0.296111 0.054375 0.0655555 0.925781
0 0.0929883 0.535 0.083086 0.143333 0.922363
0 0.9175 0.642222 0.13125 0.146667 0.921387
0 0.7225 0.278611 0.0425 0.0577778 0.916504
0 0.96375 0.928333 0.0725 0.141111 0.913574
0 0.0400391 0.496111 0.0800781 0.112222 0.906738
0 0.930625 0.473611 0.13875 0.110556 0.904785
0 0.69375 0.215694 0.03 0.0491667 0.875977
0 0.425625 0.228333 0.03125 0.0472222 0.865234
0 0.395 0.2625 0.035 0.0522222 0.852051
0 0.410313 0.2475 0.0325 0.0472222 0.850098
0 0.95625 0.427222 0.0874999 0.0977778 0.835449
0 0.370938 0.279444 0.035 0.0561111 0.830078
0 0.701875 0.236389 0.03375 0.0527778 0.766113
0 0.443438 0.204444 0.024375 0.0408333 0.759277
0 0.470625 0.180417 0.02125 0.0355555 0.756348
0 0.71125 0.264167 0.03625 0.0533333 0.749023
0 0.529375 0.145556 0.015 0.02 0.73584
0 0.48375 0.167222 0.0175 0.0288889 0.6875
2 0.47375 0.235556 0.01375 0.0444445 0.680664
0 0.53875 0.130278 0.01125 0.0188889 0.594727
6 0.474063 0.235 0.0125 0.045 0.356689
0 0.0163574 0.712222 0.0325977 0.191111 0.324219
0 0.461563 0.190833 0.018125 0.0311111 0.253906
0 0.675 0.190417 0.025 0.0405556 0.157715
0 0.556875 0.115868 0.00999997 0.0160417 0.145142
0 0.495625 0.154722 0.015625 0.025 0.136597
0 0.5275 0.144167 0.01375 0.0211111 0.0957031
5 0.588438 0.0804167 0.00812505 0.015 0.0866089
0 0.695 0.23 0.0275 0.0522222 0.0710449
0 0.459375 0.191389 0.019375 0.0355556 0.069519
0 0.464375 0.186389 0.016875 0.0333333 0.0592041
0 0.560938 0.114132 0.009375 0.0161806 0.0253754
0 0.474688 0.177778 0.021875 0.03 0.024704
2 0.99625 0.187083 0.00749995 0.0919444 0.0226288
0 0.568125 0.103333 0.009375 0.0144444 0.0222931
0 0.540625 0.126944 0.0125 0.0205556 0.0192719
0 0.530625 0.133333 0.01 0.0194444 0.0119629
0 0.67875 0.195833 0.02 0.0355556 0.00888062
0 0.498438 0.151944 0.01625 0.0238889 0.00837708
0 0.915625 0.485833 0.15875 0.112778 0.00812531
0 0.98125 0.419444 0.0374999 0.0855555 0.00706482
0 0.54625 0.122222 0.0112501 0.0172222 0.00524139
0 0.99125 0.411389 0.0175 0.0722222 0.00481033
7 0.975 0.593333 0.00750001 0.02 0.00448608
0 0.66 0.166528 0.0175 0.0286111 0.00436401
2 0.47 0.216944 0.01875 0.055 0.00359344
0 0.961875 0.411944 0.075 0.0716667 0.00337601
0 0.98625 0.429444 0.0275 0.0988889 0.00337601
3 0.933125 0.292222 0.01125 0.0611111 0.00322342
0 0.0047168 0.45 0.00943359 0.103333 0.00305176
0 0.995313 0.180833 0.00937494 0.0905556 0.00252151
0 0.66625 0.176389 0.02 0.0333333 0.00234222
6 0.473438 0.248472 0.014375 0.0719444 0.00234222
0 0.010459 0.466111 0.0208789 0.0822222 0.00215721
0 0.0826758 0.891111 0.106836 0.12 0.00213242
3 0.93375 0.291667 0.00750001 0.0594444 0.00206757
0 0.536563 0.135556 0.01125 0.0227778 0.00201988
0 0.0129395 0.477222 0.0257227 0.0777778 0.00179577
0 0.00337647 0.44 0.00675293 0.105556 0.0017271
0 0.569375 0.101806 0.011875 0.01375 0.0015974
0 0.659375 0.177778 0.01125 0.0305556 0.00157356
0 0.70875 0.245278 0.0375 0.0505556 0.00149536
6 0.476875 0.233333 0.01875 0.0472222 0.00144386
0 0.981875 0.308056 0.03625 0.0577778 0.00139904
0 0.684375 0.2125 0.02125 0.0438889 0.00132465
0 0.985 0.408333 0.03 0.0688889 0.00132465
0 0.399375 0.253611 0.04125 0.0538889 0.00112057
0 0.665 0.168611 0.0175001 0.0327778 0.00110722
2 0.471875 0.232222 0.01625 0.0494444 0.0011034
0 0.499688 0.151111 0.010625 0.0227778 0.00109482
3 0.70375 0.174444 0.00499999 0.025 0.00107765
3 0.636875 0.137083 0.00749995 0.0191667 0.00101662
