0 0.0461719 0.606111 0.0923438 0.16 0.950195
0 0.9275 0.771667 0.1175 0.206667 0.945801
0 0.7725 0.291111 0.0675001 0.0633333 0.941406
0 0.875 0.54 0.0825 0.154444 0.936523
0 0.0417578 0.333889 0.0636719 0.075 0.93457
0 0.343438 0.288333 0.055625 0.0633333 0.928711
0 0.885625 0.503611 0.17125 0.133889 0.927734
0 0.0878906 0.525556 0.0789063 0.14 0.925781
0 0.91125 0.634444 0.13 0.144444 0.924805
0 0.97 0.31 0.06 0.0711111 0.924316
3 0.78375 0.628889 0.0375 0.175556 0.92041
0 0.929375 0.467778 0.14125 0.110556 0.915527
0 0.9625 0.926667 0.0725 0.145556 0.912598
0 0.71625 0.271944 0.0425 0.0555556 0.900391
0 0.0364648 0.486111 0.0729297 0.106667 0.868164
0 0.419375 0.221667 0.03125 0.0433333 0.864258
6 0.108145 0.349444 0.070586 0.0811111 0.855469
0 0.389375 0.253889 0.035 0.0516667 0.852051
0 0.688125 0.208056 0.0275 0.0491667 0.844727
0 0.365 0.272222 0.035 0.0561111 0.841797
0 0.5225 0.136389 0.015 0.0211111 0.822266
0 0.95375 0.423611 0.0925 0.105 0.805664
0 0.705 0.2575 0.03625 0.0555556 0.800781
0 0.400625 0.24 0.03125 0.0483333 0.78418
0 0.46875 0.170833 0.019375 0.0288889 0.750488
0 0.6125 0.125417 0.01375 0.0163889 0.720215
0 0.478125 0.16 0.01875 0.03 0.645996
0 0.4375 0.196389 0.025 0.0416667 0.625977
3 0.92875 0.296111 0.00749995 0.05 0.520508
0 0.70125 0.234167 0.0325 0.0488889 0.478516
0 0.530938 0.123333 0.010625 0.0194445 0.416748
0 0.526875 0.125833 0.00999997 0.0161111 0.262207
0 0.695625 0.232083 0.0325 0.0480555 0.192505
0 0.610938 0.122778 0.013125 0.0194444 0.158691
0 0.69375 0.225694 0.025 0.0430555 0.11084
0 0.45875 0.181111 0.02 0.0305556 0.106323
0 0.67 0.182222 0.0225 0.0380556 0.0789185
0 0.48875 0.150833 0.01625 0.0272222 0.0698242
0 0.0143555 0.697778 0.0286719 0.18 0.044342
0 0.99 0.425 0.0199999 0.0933333 0.0432129
3 0.72375 0.193889 0.00750001 0.0238889 0.0335999
3 0.725625 0.195833 0.00499999 0.0266667 0.0285492
3 0.92875 0.292222 0.0112501 0.0555556 0.0265503
0 0.00943359 0.563889 0.0187109 0.0911111 0.024231
0 0.632813 0.131667 0.0125 0.0194444 0.0227966
0 0.6725 0.18625 0.02125 0.0366667 0.0211182
0 0.496875 0.142778 0.0125 0.0227778 0.0205688
0 0.99125 0.412778 0.0175 0.0761111 0.0199432
0 0.613438 0.100556 0.00687497 0.0133333 0.0173798
3 0.163906 0.259375 0.00750001 0.0434722 0.0154266
3 0.73875 0.202083 0.00750001 0.0358333 0.0114212
0 0.9825 0.423889 0.035 0.0955556 0.0113754
0 0.6775 0.192778 0.0225 0.0377778 0.0104523
0 0.654375 0.162917 0.01875 0.0277778 0.0102921
3 0.96625 0.285 0.00999997 0.0433333 0.00978088
0 0.011875 0.590556 0.02375 0.134444 0.00963593
0 0.65875 0.171528 0.01625 0.0327778 0.00912476
3 0.735 0.196806 0.00750001 0.0386111 0.00740433
0 0.9925 0.460556 0.015 0.0833333 0.00740433
0 0.383125 0.251111 0.0375 0.055 0.00653839
3 0.162773 0.2575 0.00820313 0.0505556 0.00621796
0 0.645625 0.14875 0.01875 0.025 0.00450516
3 0.168281 0.262222 0.0059375 0.0333333 0.00426483
0 0.5425 0.10375 0.00874996 0.0161111 0.00385475
0 0.500625 0.144306 0.01125 0.0244444 0.00369263
3 0.80125 0.240833 0.01 0.045 0.00362206
0 0.955 0.408056 0.0875 0.0761111 0.0036068
0 0.500625 0.143333 0.00874999 0.0211111 0.0036068
0 0.53875 0.116111 0.01375 0.0194445 0.00340271
0 0.0143164 0.570556 0.0286328 0.0944444 0.00337601
0 0.444375 0.193889 0.023125 0.0377778 0.00327301
0 0.641406 0.140417 0.0146875 0.0238889 0.00324821
0 0.98 0.460556 0.04 0.0933333 0.00322342
0 0.622188 0.121111 0.00874996 0.0155556 0.00292397
0 0.6575 0.176528 0.00999997 0.0302778 0.00291252
0 0.97375 0.450833 0.0525 0.0827778 0.00288963
0 0.481875 0.157222 0.01875 0.0277778 0.00247192
0 0.642344 0.146111 0.0153125 0.0233333 0.00213242
0 0.483125 0.148889 0.015625 0.0294444 0.00205803
0 0.435 0.204861 0.0225 0.0427778 0.00193405
0 0.6325 0.125833 0.01125 0.0197222 0.00174141
0 0.46 0.172083 0.0275 0.035 0.00172043
3 0.73625 0.196111 0.00750001 0.0405556 0.0015974
0 0.9825 0.408333 0.035 0.0744444 0.00157928
0 0.70625 0.267292 0.035 0.0531945 0.00157928
0 0.0223047 0.58 0.0446094 0.111111 0.0015192
3 0.7175 0.187778 0.00750001 0.0233333 0.00144958
0 0.68 0.212222 0.0275 0.0505555 0.00127888
0 0.65125 0.166667 0.015 0.0272222 0.00126457
0 0.422188 0.206389 0.03 0.0394445 0.00125504
3 0.966875 0.276944 0.00750001 0.0416667 0.00122547
0 0.99 0.302778 0.0199999 0.0655556 0.00122547
0 0.608125 0.104583 0.00874996 0.0147222 0.00121593
0 0.99125 0.478333 0.0175 0.11 0.00115108
0 0.9825 0.305556 0.035 0.0633333 0.0011425
0 0.513438 0.132778 0.0125 0.0238889 0.0011425
3 0.72875 0.185 0.0175 0.126667 0.0011425
0 0.499375 0.141528 0.015 0.0233333 0.00112438
0 0.659375 0.165139 0.0175 0.03 0.00105667
0 0.00518555 0.453611 0.0103516 0.0633334 0.00104046
