0 0.93375 0.779444 0.1175 0.208889 0.950684
0 0.0501563 0.616111 0.100313 0.157778 0.947754
0 0.88125 0.548889 0.0825 0.156667 0.939941
0 0.79125 0.298889 0.0737501 0.0622222 0.939453
0 0.0479785 0.342778 0.0648242 0.0766667 0.938477
0 0.8925 0.512222 0.17 0.134444 0.932129
0 0.973125 0.317778 0.05375 0.0722222 0.924805
0 0.0927344 0.536528 0.0825 0.1425 0.924316
0 0.96375 0.927778 0.0725 0.142222 0.913574
0 0.918125 0.644444 0.13125 0.148889 0.913086
0 0.348125 0.298333 0.05125 0.0633334 0.907227
0 0.0410938 0.496944 0.0821875 0.110556 0.906738
0 0.930625 0.475 0.13875 0.11 0.905273
0 0.7225 0.280556 0.0425 0.0577778 0.896484
2 0.88625 0.3275 0.035 0.0683333 0.878906
0 0.69375 0.216944 0.03 0.05 0.868164
0 0.42625 0.229444 0.03125 0.0461111 0.849121
0 0.956563 0.428889 0.086875 0.0977778 0.841797
3 0.242031 0.328889 0.016875 0.0733333 0.82666
0 0.411563 0.24875 0.03125 0.0463889 0.818848
0 0.39625 0.263333 0.035 0.0511111 0.796875
6 0.390625 0.2975 0.03125 0.0705556 0.770508
0 0.71125 0.2675 0.035 0.0511111 0.740234
0 0.70375 0.238889 0.035 0.0538889 0.720215
0 0.53 0.144306 0.01625 0.0202778 0.712402
0 0.44375 0.205278 0.024375 0.0425 0.710449
0 0.485938 0.168056 0.019375 0.0305556 0.6875
0 0.472188 0.180278 0.020625 0.0325 0.679199
0 0.369688 0.28 0.031875 0.0533333 0.675781
0 0.54 0.130556 0.0125 0.0213889 0.625977
0 0.0169141 0.714444 0.0337109 0.197778 0.350342
0 0.6775 0.192222 0.025 0.0405556 0.184204
0 0.61125 0.113368 0.010625 0.0165972 0.181274
0 0.39375 0.276389 0.03375 0.0555556 0.121704
0 0.695 0.224583 0.0275 0.0519444 0.0761108
0 0.539375 0.126667 0.01125 0.0222222 0.0618896
0 0.505625 0.151389 0.01375 0.0227778 0.0566406
0 0.9775 0.43 0.0449999 0.0961111 0.0314941
0 0.459375 0.190556 0.016875 0.0361111 0.0278015
0 0.7075 0.24625 0.04 0.0525 0.0240479
0 0.675 0.187639 0.025 0.0388889 0.0189056
0 0.564375 0.0957639 0.00750001 0.0126389 0.0186157
0 0.371875 0.286667 0.035 0.0488889 0.0175781
0 0.400938 0.261111 0.030625 0.0444444 0.0149536
0 0.983125 0.421111 0.03375 0.0844445 0.0142822
0 0.60875 0.113889 0.00875003 0.0158333 0.0133286
0 0.66 0.162639 0.02 0.0325 0.0131226
0 0.99 0.410833 0.0199999 0.0733333 0.00945282
3 0.97375 0.281111 0.00999997 0.0477778 0.0088501
0 0.377188 0.2825 0.036875 0.0611111 0.00701141
0 0.5325 0.135833 0.01125 0.0219444 0.00577545
0 0.645625 0.145278 0.01625 0.0216667 0.00453949
0 0.555 0.102222 0.00750001 0.0119444 0.00429916
0 0.63375 0.124028 0.00999997 0.0177778 0.00340271
0 0.00445801 0.442778 0.00891602 0.107778 0.00340271
0 0.910625 0.491667 0.1675 0.116667 0.00319672
0 0.641875 0.142639 0.01375 0.0225 0.00284576
3 0.9675 0.273611 0.0125 0.0527778 0.00277901
0 0.51 0.148333 0.013125 0.0208333 0.00269318
7 0.296406 0.977778 0.00843751 0.02 0.00232315
0 0.574688 0.0844444 0.00562503 0.0105556 0.00226021
0 0.683125 0.210833 0.01875 0.0416667 0.00218201
0 0.985 0.308889 0.03 0.0583333 0.00218201
0 0.97125 0.411111 0.0575 0.0677778 0.00209999
7 0.305 0.973889 0.00687501 0.0177777 0.00209999
3 0.66 0.176944 0.0125 0.0333333 0.00197983
0 0.6575 0.160556 0.02 0.0280556 0.00192642
0 0.70125 0.227778 0.035 0.0488889 0.00191212
0 0.48375 0.164028 0.019375 0.0275 0.00183868
0 0.635313 0.13125 0.0106249 0.0175 0.00183105
0 0.63375 0.128194 0.00999997 0.0191667 0.0017271
0 0.535625 0.135694 0.011875 0.0230555 0.00170708
3 0.239063 0.327778 0.02125 0.0777778 0.00168705
7 0.294688 0.982222 0.00749998 0.0222222 0.00147247
0 0.584063 0.0945139 0.00562503 0.0123611 0.00136662
0 0.890625 0.335833 0.02625 0.0494445 0.00136185
0 0.00335449 0.434444 0.00670898 0.104444 0.00135612
0 0.626875 0.114688 0.00750001 0.0134028 0.00134087
0 0.71875 0.265 0.04125 0.0527778 0.00121117
0 0.985 0.433333 0.03 0.0966667 0.00117874
0 0.00977539 0.465556 0.0194922 0.0816667 0.0011692
0 0.459375 0.183333 0.01625 0.03 0.0011034
0 0.544688 0.128333 0.013125 0.0216667 0.0011034
7 0.965 0.927778 0.07 0.14 0.00105286
2 0.99625 0.19 0.00749995 0.0830555 0.00100422
