0 0.0437891 0.338333 0.0642969 0.0766667 0.950195
0 0.0474609 0.611111 0.0949219 0.161111 0.946289
0 0.93 0.773889 0.11875 0.21 0.945801
0 0.876875 0.542778 0.0825 0.156667 0.939941
0 0.8875 0.506944 0.17 0.132778 0.930176
0 0.97125 0.312222 0.0575 0.0722222 0.928711
0 0.0881055 0.53 0.0831641 0.142222 0.92627
0 0.914375 0.638889 0.13125 0.146667 0.924316
0 0.345938 0.291667 0.0525 0.0633333 0.920898
0 0.96375 0.926667 0.0725 0.144444 0.92041
0 0.71875 0.274375 0.045 0.0568055 0.90918
0 0.93 0.470556 0.14 0.11 0.90332
0 0.0392773 0.490556 0.0785547 0.11 0.892578
0 0.391875 0.258056 0.03625 0.0522222 0.891113
0 0.69 0.211944 0.0300001 0.05 0.883301
6 0.534375 0.166944 0.0275 0.0344444 0.873047
0 0.366875 0.274444 0.035 0.0544445 0.856934
0 0.422813 0.223611 0.03125 0.0466667 0.850098
0 0.4075 0.243056 0.03125 0.0444444 0.839844
0 0.954375 0.425833 0.09125 0.103889 0.820801
0 0.70875 0.260069 0.035 0.0565278 0.810547
0 0.7 0.233611 0.03375 0.0516667 0.771973
0 0.525 0.140972 0.01625 0.0197222 0.766113
2 0.319375 0.325556 0.01625 0.0511111 0.766113
0 0.44 0.200833 0.02625 0.0416667 0.666992
0 0.482188 0.161528 0.018125 0.0269444 0.624512
0 0.471563 0.173611 0.02 0.0283333 0.615234
0 0.53625 0.127361 0.01125 0.0191667 0.300781
0 0.0154102 0.708333 0.0307422 0.202222 0.217285
0 0.53375 0.125417 0.01125 0.0202778 0.168823
0 0.4375 0.206389 0.02625 0.0422222 0.157715
0 0.69625 0.229306 0.0375 0.0491667 0.139893
2 0.560938 0.146389 0.00874996 0.0252778 0.138428
0 0.6725 0.186111 0.025 0.0416667 0.102295
5 0.58125 0.0795833 0.00874996 0.0226389 0.0585632
0 0.4575 0.185694 0.0175 0.0327778 0.0307922
0 0.460938 0.180833 0.016875 0.0283333 0.0284424
0 0.70875 0.2675 0.0300001 0.0477778 0.0226746
0 0.99 0.416944 0.0199999 0.0827778 0.0155411
0 0.9925 0.411667 0.015 0.0722222 0.0134811
6 0.525625 0.144444 0.015625 0.0261111 0.0131683
0 0.52 0.135278 0.01125 0.0194444 0.0120087
0 0.9875 0.429722 0.0249999 0.0983333 0.0106506
0 0.49125 0.152778 0.014375 0.0263889 0.00834656
0 0.42625 0.218611 0.03875 0.0511111 0.00812531
0 0.65625 0.177083 0.01 0.0283333 0.00803375
0 0.67 0.180278 0.0225 0.0405556 0.00584412
0 0.62375 0.115417 0.01 0.0158333 0.00536346
0 0.65875 0.177361 0.01625 0.0288889 0.00471878
0 0.58 0.0786111 0.00625 0.0172222 0.00453949
2 0.55875 0.142361 0.00875003 0.0219444 0.00450516
0 0.635 0.131944 0.015 0.0244445 0.00400543
0 0.984375 0.417222 0.0312499 0.0811111 0.00388527
3 0.73875 0.204444 0.00999997 0.0372222 0.00342941
0 0.9725 0.396389 0.0362501 0.0511111 0.00314713
0 0.65125 0.156667 0.015 0.0261111 0.00298119
0 0.616563 0.0996528 0.00687497 0.0118056 0.00283432
0 0.497188 0.14125 0.01125 0.0205556 0.0027256
0 0.66125 0.165278 0.02 0.0316667 0.00235939
0 0.965 0.407778 0.07 0.0733333 0.00223351
5 0.57875 0.0786111 0.011875 0.0252778 0.00216484
0 0.9825 0.407222 0.035 0.0705556 0.00204277
3 0.59625 0.129722 0.00500005 0.0144444 0.00188255
0 0.635938 0.134722 0.011875 0.0252778 0.00186062
0 0.515625 0.122778 0.00874999 0.0177778 0.00183868
0 0.648125 0.156944 0.0125 0.0233333 0.00183868
0 0.645625 0.156944 0.0125 0.0227778 0.00181007
0 0.499375 0.1375 0.01375 0.0227778 0.00178242
0 0.99375 0.303333 0.0124999 0.0677778 0.00178242
0 0.498125 0.146667 0.0175 0.0233333 0.0017004
3 0.736875 0.201944 0.00625 0.0316667 0.0016613
0 0.54375 0.108056 0.00750001 0.0197222 0.00154305
0 0.00765625 0.567778 0.015293 0.0855556 0.00153065
0 0.0111816 0.582778 0.0222852 0.11 0.00133514
0 0.552188 0.103611 0.00812499 0.0127778 0.00133038
0 0.52625 0.125 0.00625 0.0183333 0.00133038
3 0.725 0.197361 0.00499999 0.0286111 0.00127411
0 0.5125 0.128333 0.010625 0.0211111 0.00123501
7 0.416563 0.417778 0.00562499 0.0122222 0.0012064
3 0.69625 0.1775 0.00749995 0.0344444 0.00118828
0 0.39125 0.237222 0.035625 0.0372222 0.00118828
0 0.635 0.127778 0.01375 0.0236111 0.00117874
3 0.996875 0.686111 0.00624994 0.0811111 0.00115108
7 0.96375 0.926667 0.07125 0.144444 0.0011425
0 0.465 0.185278 0.02 0.0355555 0.00113392
0 0.54 0.118368 0.0112501 0.0199306 0.00108147
6 0.531563 0.186944 0.033125 0.0744444 0.00104046
0 0.00557617 0.463333 0.0111523 0.0727778 0.00104046
