0 0.0517188 0.620556 0.103125 0.156667 0.948242
0 0.93625 0.783333 0.1175 0.211111 0.947266
0 0.0510156 0.345833 0.06375 0.0777778 0.934082
0 0.89375 0.515 0.17 0.134444 0.933594
0 0.88375 0.552222 0.08375 0.157778 0.933105
0 0.974375 0.319444 0.05125 0.0711111 0.931152
0 0.0953906 0.54 0.084375 0.142222 0.927734
0 0.9675 0.930556 0.065 0.137778 0.92627
0 0.79375 0.301111 0.0750001 0.0622222 0.925293
0 0.920625 0.645556 0.13125 0.146667 0.922363
0 0.399375 0.266944 0.035 0.0511111 0.904785
0 0.9325 0.479444 0.135 0.114444 0.903809
0 0.725625 0.283333 0.0425 0.0566666 0.90332
0 0.3725 0.285556 0.0425 0.0588889 0.897461
0 0.696875 0.22 0.02875 0.05 0.870605
0 0.9575 0.430556 0.08375 0.0977778 0.847168
0 0.428125 0.232778 0.033125 0.0466667 0.845703
0 0.413125 0.251111 0.031875 0.0466667 0.825684
2 0.4325 0.279444 0.014375 0.0577778 0.810547
3 0.166719 0.340556 0.014375 0.0727778 0.800781
0 0.48875 0.171111 0.01875 0.03 0.774414
0 0.714375 0.267778 0.0375 0.0572222 0.728027
0 0.70625 0.242778 0.035 0.0511111 0.710449
0 0.4475 0.209444 0.0275 0.0438889 0.708984
0 0.473125 0.184722 0.02125 0.0366667 0.649414
0 0.531875 0.149167 0.015 0.0213889 0.583008
0 0.541563 0.136389 0.0112501 0.0188889 0.509766
5 0.568125 0.103194 0.00875003 0.0194444 0.478516
0 0.0189551 0.716667 0.0378711 0.202222 0.457031
2 0.604063 0.116076 0.00687497 0.015625 0.294189
2 0.428438 0.275486 0.02 0.0601389 0.199341
0 0.5375 0.136944 0.010625 0.02 0.173828
0 0.550625 0.129306 0.00999997 0.0202778 0.165039
2 0.43375 0.272153 0.015 0.0679167 0.158203
3 0.375313 0.2475 0.010625 0.0383333 0.0817871
0 0.44125 0.215 0.025625 0.0433333 0.0600891
0 0.465625 0.190556 0.016875 0.0377778 0.0433655
0 0.5025 0.155 0.0125 0.0255556 0.0387573
0 0.55125 0.120278 0.00875003 0.0144444 0.0374756
0 0.6725 0.187917 0.0225 0.0325 0.033844
0 0.52625 0.143056 0.01125 0.0216667 0.0239563
3 0.369375 0.228472 0.00750001 0.0480556 0.0224609
0 0.709375 0.269167 0.02625 0.0472222 0.0150757
0 0.6775 0.196528 0.02125 0.0327778 0.011467
0 0.68 0.198611 0.0175 0.0319444 0.0104523
0 0.67 0.184444 0.0225 0.0327778 0.00698471
3 0.375625 0.232361 0.0125 0.0547222 0.00572968
0 0.511875 0.149444 0.01375 0.0216667 0.00534439
0 0.66 0.165833 0.0175 0.0288889 0.0049057
0 0.49875 0.161111 0.015 0.0266667 0.0046463
0 0.544063 0.129722 0.011875 0.0261111 0.00453949
0 0.98375 0.418889 0.0325 0.0788889 0.00443268
0 0.665625 0.176389 0.02 0.0283333 0.00436401
0 0.442813 0.213472 0.031875 0.0513889 0.00403976
0 0.00852051 0.606667 0.017041 0.113333 0.00392914
3 0.1725 0.27 0.00843751 0.04 0.00385475
0 0.0127246 0.603333 0.0254102 0.115556 0.00382423
0 0.506563 0.154167 0.0125 0.0238889 0.00378036
0 0.9725 0.411667 0.0525 0.0655556 0.00376511
3 0.635625 0.132361 0.00562503 0.0175 0.00319672
3 0.179375 0.272778 0.00625 0.0355555 0.00317192
0 0.991875 0.412222 0.01625 0.0711111 0.00312424
3 0.368125 0.223889 0.00749998 0.0455556 0.0030632
0 0.66625 0.171389 0.02 0.0316667 0.00279045
0 0.675 0.191944 0.0225 0.0352778 0.00236893
3 0.63 0.128611 0.00750001 0.0172222 0.00209999
0 0.326875 0.922778 0.10125 0.0833334 0.00176811
3 0.176563 0.28 0.00875001 0.0511111 0.00166798
3 0.17625 0.273889 0.0075 0.0411111 0.00141048
0 0.99 0.418333 0.0199999 0.0833333 0.00129414
0 0.99375 0.506111 0.0124999 0.141111 0.00124931
3 0.37 0.240694 0.015 0.0669444 0.00124454
0 0.68125 0.210556 0.015 0.0366667 0.00121593
3 0.368125 0.22 0.00625 0.0394445 0.00113773
5 0.329453 0.923333 0.106094 0.08 0.00102806
0 0.0219922 0.61 0.0439844 0.133333 0.00101662
