0 0.56875 0.641111 0.11625 0.18 0.953125
0 0.0462109 0.605694 0.0924219 0.159722 0.949219
0 0.92625 0.771667 0.1175 0.206667 0.945801
0 0.7725 0.291111 0.0675001 0.0633333 0.94043
0 0.0418066 0.333611 0.0641992 0.0761111 0.939453
0 0.874375 0.539444 0.0825 0.153333 0.935059
0 0.97 0.310278 0.06 0.0711111 0.928711
0 0.343672 0.288333 0.0551563 0.0633333 0.927734
0 0.0882813 0.525556 0.0792188 0.14 0.927734
0 0.885625 0.503889 0.17125 0.134444 0.926758
0 0.91125 0.633889 0.13 0.142222 0.925293
0 0.929375 0.468056 0.14125 0.110556 0.915527
0 0.71625 0.272222 0.0425 0.0555556 0.905273
0 0.9625 0.926667 0.0725 0.144444 0.905273
6 0.425313 0.364722 0.088125 0.0944444 0.896484
0 0.688125 0.208611 0.02875 0.05 0.875
0 0.0376758 0.485278 0.0753516 0.106111 0.868164
0 0.419375 0.221667 0.03125 0.0433333 0.862305
0 0.389375 0.253819 0.035625 0.05125 0.854004
0 0.365 0.272222 0.034375 0.0566666 0.838867
0 0.5225 0.136667 0.015 0.0216667 0.81543
0 0.95375 0.423889 0.0925 0.104444 0.813965
0 0.705 0.2575 0.0375 0.0561111 0.803223
0 0.400313 0.239722 0.03 0.0477778 0.795898
0 0.468438 0.170694 0.01875 0.0291667 0.713867
0 0.6125 0.125833 0.01375 0.0161111 0.710449
3 0.92875 0.296389 0.00875003 0.0494444 0.696777
0 0.438125 0.196111 0.025 0.0416667 0.635254
0 0.478125 0.16 0.01875 0.03 0.560059
0 0.70125 0.234167 0.0325 0.0494444 0.556641
0 0.53125 0.123611 0.01125 0.0205556 0.449463
0 0.611563 0.123611 0.0125 0.0188889 0.399902
0 0.526875 0.125833 0.00999997 0.0172222 0.210815
0 0.67 0.183333 0.0225 0.0394444 0.189575
0 0.609375 0.119722 0.01 0.0172222 0.152588
0 0.69625 0.233333 0.0325 0.0466667 0.104492
0 0.695 0.226944 0.025 0.0438889 0.0734253
0 0.70375 0.244167 0.0325 0.0505555 0.0670776
0 0.0145605 0.697778 0.029043 0.182222 0.0600891
0 0.6125 0.127361 0.01125 0.0177778 0.0583496
0 0.585938 0.0795833 0.00562496 0.00916667 0.0458679
0 0.99 0.420833 0.0199999 0.085 0.0448608
0 0.612813 0.0995139 0.00687504 0.0134722 0.0380249
0 0.00899902 0.561111 0.0178809 0.09 0.0307922
3 0.164063 0.265 0.0075 0.035 0.0270691
3 0.92875 0.292222 0.0112501 0.0555556 0.0253754
0 0.45875 0.182639 0.019375 0.0305556 0.0229797
3 0.80125 0.241389 0.01 0.0444444 0.0224609
0 0.633125 0.130556 0.013125 0.0202778 0.021286
0 0.655 0.164167 0.02 0.0283333 0.0200958
0 0.489063 0.149722 0.015625 0.0258333 0.0184784
0 0.6575 0.17 0.0175 0.0311111 0.0135345
0 0.991875 0.413333 0.01625 0.0761111 0.0134811
0 0.6725 0.187917 0.0225 0.0419444 0.0127258
0 0.0115039 0.588333 0.0230078 0.133333 0.0122375
0 0.383125 0.250417 0.040625 0.0558333 0.0104065
0 0.98125 0.425556 0.0374999 0.0966667 0.00989532
0 0.623125 0.118333 0.00999997 0.0161111 0.00837708
0 0.49625 0.142083 0.0125 0.0236111 0.00784302
0 0.4625 0.180417 0.01375 0.0247222 0.00757599
3 0.735 0.200694 0.00750001 0.0308333 0.00621796
0 0.541875 0.105278 0.00875003 0.0172222 0.00540543
0 0.0143164 0.571111 0.0286328 0.0977778 0.00403976
0 0.480938 0.158889 0.019375 0.0286111 0.00392914
0 0.576875 0.0790278 0.00562496 0.0105556 0.0037365
0 0.540938 0.115417 0.01 0.0183333 0.00356483
3 0.96625 0.288056 0.00999997 0.0466667 0.00340271
0 0.9925 0.460556 0.015 0.0838889 0.00327301
0 0.460938 0.178056 0.0175 0.0277778 0.00323486
0 0.608125 0.104306 0.00874996 0.0136111 0.00314713
0 0.53375 0.109028 0.01125 0.0213889 0.00294685
0 0.66 0.177639 0.0125 0.0313889 0.00276756
3 0.725 0.194306 0.00499999 0.0258333 0.00276756
0 0.678125 0.210833 0.02125 0.0516667 0.00270462
0 0.646406 0.149444 0.0171875 0.0255556 0.00255013
0 0.955 0.407222 0.0875 0.0744445 0.00243378
3 0.725625 0.194306 0.00499999 0.0322222 0.00232315
3 0.163477 0.259722 0.00929688 0.0483333 0.00226021
0 0.641406 0.139306 0.0146875 0.0241667 0.00224304
0 0.44375 0.193889 0.024375 0.0377778 0.00221634
0 0.633438 0.126389 0.0125 0.0216667 0.00218201
0 0.99125 0.441667 0.0175 0.0955556 0.00213242
3 0.93 0.296667 0.0125 0.0533333 0.00209999
0 0.0223047 0.58 0.0446094 0.111111 0.00189686
0 0.6575 0.165833 0.0225 0.0338889 0.00168705
0 0.579375 0.0755556 0.00625 0.0130556 0.00156689
3 0.167656 0.265833 0.00687499 0.0327778 0.0015192
3 0.685 0.150556 0.00499999 0.0205556 0.00136662
0 0.530625 0.126389 0.01125 0.0227778 0.00134563
0 0.70875 0.264375 0.04 0.0556944 0.00123024
6 0.580625 0.546528 0.0199999 0.0469445 0.00118351
0 0.42125 0.205833 0.03 0.0375 0.00117874
0 0.480313 0.15 0.0175 0.0313889 0.00115585
0 0.513125 0.131667 0.01125 0.0269444 0.00111198
7 0.523125 0.833333 0.01 0.0222222 0.00103188
