0 0.93375 0.778889 0.1175 0.208889 0.95166
0 0.05 0.616667 0.1 0.157778 0.947266
0 0.881875 0.548333 0.08375 0.157778 0.940918
0 0.0482031 0.343333 0.0646875 0.0766667 0.938477
0 0.79125 0.298889 0.0725 0.0633333 0.936523
0 0.8925 0.512222 0.17 0.134444 0.932129
0 0.349375 0.297778 0.05375 0.0644445 0.922363
0 0.965 0.928333 0.07 0.141111 0.921875
0 0.97375 0.317778 0.0525 0.0711111 0.921387
0 0.0932617 0.536667 0.0844141 0.144444 0.918945
2 0.52375 0.457222 0.04875 0.116111 0.91748
0 0.918125 0.643889 0.13125 0.147778 0.91748
0 0.723125 0.280556 0.0425 0.0577778 0.908691
0 0.0412891 0.497778 0.0825781 0.11 0.906738
0 0.930625 0.475 0.13875 0.11 0.904785
0 0.503125 0.259514 0.04375 0.07875 0.888184
0 0.426875 0.23 0.03125 0.0472222 0.872559
0 0.694375 0.217222 0.02875 0.0494445 0.872559
0 0.411563 0.248472 0.03125 0.0463889 0.856934
0 0.395625 0.264167 0.035 0.0505556 0.848145
0 0.371875 0.282778 0.035 0.0572222 0.839844
0 0.95625 0.427778 0.0874999 0.0988889 0.838867
0 0.711875 0.267847 0.0362501 0.0509722 0.750488
3 0.935 0.316667 0.0125 0.0755556 0.750488
0 0.44375 0.206389 0.02375 0.0422222 0.73584
0 0.53 0.145694 0.01625 0.0191667 0.729492
0 0.70375 0.23875 0.035 0.0536111 0.720215
0 0.485938 0.168889 0.01875 0.0305556 0.690918
0 0.47 0.18125 0.02 0.0330556 0.675781
0 0.53875 0.131667 0.011875 0.0205556 0.5
0 0.0171094 0.718889 0.0341016 0.206667 0.341553
0 0.505625 0.150972 0.01375 0.0225 0.164551
0 0.67625 0.191111 0.0225 0.0394445 0.131592
0 0.52625 0.143611 0.01375 0.02 0.126831
0 0.695 0.225 0.02625 0.0494445 0.0927124
5 0.607188 0.1075 0.00812505 0.0169444 0.0838623
0 0.460313 0.191111 0.01625 0.0355555 0.0503235
0 0.53875 0.1275 0.00999997 0.0216667 0.0409851
0 0.564375 0.0958333 0.00750001 0.0130556 0.0311432
0 0.47625 0.178611 0.02 0.0283333 0.0177765
0 0.540625 0.1275 0.0125 0.0222222 0.0146713
7 0.298438 0.215556 0.00749998 0.0233333 0.0119629
0 0.99 0.411667 0.0199999 0.0733333 0.011467
0 0.98375 0.420556 0.0325 0.0855555 0.0108566
2 0.99625 0.188056 0.00749995 0.0827778 0.00948334
0 0.663125 0.170833 0.02 0.0322222 0.00937653
0 0.534688 0.133056 0.013125 0.0194444 0.00847626
0 0.471563 0.177639 0.020625 0.0333333 0.00831604
0 0.7075 0.246667 0.04 0.0538889 0.00723267
0 0.97 0.409444 0.05875 0.0666667 0.0064621
0 0.555 0.103611 0.00750001 0.0130556 0.00638962
3 0.65875 0.1775 0.00749995 0.0311111 0.00588989
0 0.663125 0.166111 0.0175 0.0294444 0.005867
0 0.97375 0.43 0.0525 0.0988889 0.00566483
0 0.545625 0.126389 0.010625 0.0177778 0.00521851
0 0.53625 0.135694 0.01125 0.0219444 0.00510025
3 0.9375 0.304722 0.01 0.0522222 0.00408554
0 0.633125 0.124306 0.00874996 0.0172222 0.00400543
0 0.552188 0.115556 0.00875003 0.0133333 0.00356483
0 0.66 0.164167 0.02 0.03 0.00319672
0 0.660625 0.168333 0.0175 0.0291667 0.00300407
0 0.70125 0.225833 0.03375 0.0438889 0.00293541
0 0.645 0.145694 0.015 0.0208333 0.0028553
0 0.6425 0.14125 0.0125 0.0219444 0.00284576
3 0.632188 0.126944 0.00749995 0.0169444 0.00257111
0 0.985 0.407778 0.03 0.0677778 0.00225258
0 0.00518555 0.448889 0.0103711 0.0933333 0.00221634
0 0.98125 0.311389 0.0374999 0.0638889 0.00218201
0 0.655 0.160278 0.0175 0.0277778 0.00203514
3 0.171875 0.267222 0.008125 0.0472222 0.0019722
0 0.00390625 0.438889 0.0078125 0.111111 0.00182438
3 0.74 0.205139 0.00999997 0.0388889 0.00178242
3 0.940625 0.316111 0.01875 0.0772222 0.00169373
0 0.0100488 0.465833 0.0200586 0.0733333 0.00157928
0 0.4775 0.1625 0.00874999 0.0238889 0.00146103
3 0.635 0.131806 0.00875003 0.0166667 0.00141048
3 0.681875 0.2125 0.01625 0.0425 0.00139427
0 0.464375 0.183889 0.02125 0.0333333 0.00135612
0 0.502188 0.150278 0.01 0.0211111 0.00135612
7 0.690625 0.170556 0.00625 0.03 0.00132465
7 0.73 0.205 0.00499999 0.025 0.00131989
7 0.490625 0.940556 0.00625 0.0233333 0.00131512
0 0.508125 0.150833 0.01625 0.0216667 0.00129414
7 0.965 0.927778 0.07 0.14 0.0012846
0 0.0122363 0.475 0.0243555 0.0733333 0.0012064
3 0.38 0.258611 0.0175 0.0433333 0.00100803
3 0.9325 0.315 0.015 0.0766667 0.00100803
