0 0.587813 0.895556 0.158125 0.208889 0.956543
0 0.9325 0.777778 0.11875 0.206667 0.949219
0 0.0493359 0.615 0.0986719 0.158889 0.944824
0 0.88 0.546111 0.085 0.154444 0.94043
0 0.0473047 0.341667 0.0641406 0.0755556 0.936523
0 0.79 0.297222 0.0737501 0.0622222 0.935059
0 0.89125 0.510556 0.17 0.132222 0.927246
0 0.348125 0.295833 0.05375 0.0661111 0.923828
0 0.9725 0.315556 0.055 0.0711111 0.922852
0 0.090918 0.535556 0.0853516 0.144444 0.920898
0 0.72125 0.278333 0.0425001 0.0572222 0.918945
0 0.916875 0.641667 0.1325 0.146667 0.918945
0 0.96375 0.928889 0.0725 0.14 0.913574
0 0.930625 0.473333 0.13875 0.11 0.900391
0 0.0401563 0.496111 0.0803125 0.111111 0.898926
0 0.425 0.2275 0.03125 0.0472222 0.871582
0 0.410625 0.246528 0.0325 0.0452778 0.865234
0 0.37 0.279444 0.035 0.0566667 0.863281
0 0.693125 0.215139 0.02875 0.0491667 0.858887
5 0.705156 0.503333 0.154688 0.322222 0.858887
0 0.394375 0.2625 0.03625 0.0505556 0.855957
0 0.955938 0.427778 0.088125 0.0994444 0.829102
0 0.7025 0.236389 0.035 0.0544444 0.785156
0 0.47625 0.1775 0.01875 0.03 0.777344
0 0.485 0.167222 0.01875 0.0272222 0.770508
0 0.527813 0.145 0.01625 0.0205556 0.767578
0 0.710625 0.266042 0.03625 0.0534722 0.762207
0 0.443438 0.204167 0.024375 0.0405556 0.702637
0 0.5375 0.130278 0.011875 0.02 0.662109
0 0.0164941 0.716667 0.0328711 0.202222 0.320801
0 0.675 0.189722 0.025 0.0394445 0.258301
0 0.495625 0.154444 0.015 0.0255556 0.229492
0 0.544375 0.121528 0.00999997 0.0166667 0.19873
0 0.695625 0.230278 0.02625 0.05 0.0878906
0 0.46125 0.1875 0.015 0.0305556 0.062561
0 0.53875 0.127778 0.01125 0.0227778 0.049408
4 0.705156 0.501667 0.154688 0.316667 0.0435181
3 0.37375 0.251597 0.01125 0.0423611 0.0339661
0 0.45875 0.191111 0.01875 0.0366667 0.0334778
0 0.465938 0.184583 0.016875 0.0319444 0.018158
3 0.371875 0.245139 0.00749998 0.0308334 0.0155411
0 0.534063 0.133889 0.013125 0.0194444 0.0151291
0 0.9825 0.42 0.035 0.0833333 0.0132217
0 0.683125 0.212222 0.01875 0.0444444 0.01297
7 0.73 0.204028 0.00499999 0.0188889 0.0126724
0 0.66125 0.167778 0.01875 0.0313889 0.0116425
3 0.6575 0.178472 0.00750001 0.0302778 0.00945282
0 0.5625 0.0995833 0.00874996 0.00944444 0.00891876
0 0.68 0.200556 0.01875 0.0366667 0.00857544
0 0.98625 0.430556 0.0275 0.0977778 0.00723267
0 0.64625 0.894722 0.04125 0.210556 0.0069046
0 0.70875 0.954444 0.105 0.0888889 0.00591278
0 0.6625 0.164167 0.0175 0.0277778 0.00572968
0 0.99125 0.41 0.0175 0.07 0.00570679
0 0.498125 0.150694 0.010625 0.0216667 0.00548935
0 0.98125 0.308056 0.0374999 0.0616666 0.00518036
3 0.9325 0.291944 0.00750001 0.0527778 0.00518036
0 0.00479492 0.459444 0.00957031 0.0855555 0.00494385
2 0.635625 0.137778 0.00625 0.0180556 0.00468063
5 0.6175 0.102639 0.00750001 0.0177778 0.00455475
0 0.965625 0.411944 0.0687499 0.0711111 0.00443268
0 0.0107813 0.468333 0.0214844 0.0794444 0.00403976
0 0.988125 0.418889 0.02375 0.0861111 0.00397491
0 0.985 0.408611 0.03 0.0683333 0.00344276
0 0.3975 0.251667 0.04375 0.0527778 0.00327301
3 0.73875 0.203056 0.00750001 0.0372222 0.00314713
0 0.55625 0.103472 0.00625 0.0116667 0.00313568
2 0.0032666 0.436389 0.0065332 0.0888889 0.00305176
0 0.99375 0.301111 0.0124999 0.0605556 0.0029583
0 0.9625 0.457778 0.0749999 0.0822222 0.00292397
7 0.69 0.162361 0.00500005 0.0186111 0.00290108
0 0.544063 0.121389 0.01375 0.0188889 0.00279045
3 0.169688 0.268333 0.008125 0.0494444 0.00273705
0 0.481563 0.162639 0.015625 0.0219444 0.00261116
3 0.375 0.24 0.00874999 0.0355556 0.00219917
3 0.354375 0.243056 0.00750001 0.0416667 0.00206757
0 0.0134375 0.476667 0.0267578 0.0777778 0.0020504
0 0.703594 0.953333 0.145313 0.0933333 0.00164223
0 0.494688 0.149722 0.014375 0.0311111 0.00150108
0 0.0128809 0.605556 0.0256836 0.14 0.00148964
7 0.294688 0.902222 0.00500002 0.0155555 0.00146103
0 0.535938 0.136111 0.0125 0.0222222 0.00137806
0 0.98375 0.459167 0.0325 0.0816666 0.00134563
0 0.70875 0.246944 0.0375 0.0533333 0.00132465
0 0.64375 0.146667 0.0125 0.0202778 0.00130463
0 0.640625 0.141667 0.0125 0.0211111 0.00121593
0 0.513125 0.139861 0.01 0.0197222 0.00117874
0 0.6325 0.122222 0.00750001 0.015 0.00104809
7 0.965 0.928333 0.07 0.138889 0.00103664
