0 0.0519531 0.620556 0.103594 0.156667 0.94873
0 0.93625 0.785556 0.1175 0.214444 0.944824
0 0.0515625 0.346389 0.0648438 0.0777778 0.93457
0 0.89375 0.515 0.17 0.134444 0.93457
0 0.974375 0.32 0.05125 0.0711111 0.931641
0 0.88375 0.552222 0.08375 0.156667 0.930176
0 0.0953125 0.539861 0.0845313 0.1425 0.928711
0 0.794375 0.301667 0.0737501 0.0622222 0.926758
0 0.92 0.645556 0.1325 0.146667 0.92627
0 0.9675 0.931111 0.065 0.137778 0.924316
0 0.62875 0.248889 0.03625 0.0472222 0.910645
0 0.9325 0.480833 0.135 0.117222 0.907227
0 0.399375 0.267222 0.035 0.0511111 0.902832
0 0.72625 0.283889 0.0425 0.0572222 0.900391
0 0.373125 0.285833 0.0425 0.0594445 0.898438
0 0.429375 0.233611 0.03125 0.0466667 0.875977
0 0.6975 0.22 0.03 0.0494445 0.875
0 0.41375 0.251389 0.03125 0.0461111 0.858887
0 0.9575 0.430556 0.08375 0.0977778 0.845703
0 0.532188 0.149444 0.015625 0.0216667 0.841797
0 0.448125 0.209444 0.028125 0.0438889 0.740234
0 0.488438 0.170556 0.01875 0.0305556 0.737305
0 0.70625 0.242222 0.035 0.0511111 0.737305
0 0.715 0.267778 0.0375 0.0566667 0.720215
0 0.474063 0.184444 0.02125 0.0355556 0.699219
0 0.541563 0.136667 0.011875 0.0177778 0.558105
0 0.0188574 0.714444 0.0376758 0.202222 0.488281
5 0.570625 0.105556 0.01 0.0152778 0.205566
0 0.537813 0.139167 0.00937503 0.0177778 0.174438
0 0.50375 0.154167 0.01375 0.0261111 0.140869
5 0.59375 0.0875694 0.00750001 0.0131944 0.0658569
0 0.51125 0.150417 0.01375 0.0222222 0.062561
0 0.44125 0.215278 0.02375 0.0433333 0.0535889
3 0.375 0.247083 0.01 0.0380556 0.0524292
0 0.6725 0.188333 0.0225 0.0322222 0.0448608
0 0.53625 0.14 0.01125 0.0211111 0.0411377
3 0.36875 0.22625 0.00749998 0.0458333 0.0389099
0 0.593125 0.0888889 0.00749995 0.0125 0.0337219
0 0.55125 0.121389 0.00875003 0.0144444 0.0323486
0 0.466563 0.190833 0.01625 0.0377778 0.0269623
0 0.67625 0.193472 0.0225 0.0341667 0.0241394
2 0.636563 0.135139 0.00625 0.0180556 0.0228882
0 0.506875 0.153056 0.01375 0.0238889 0.0202942
0 0.526875 0.144722 0.01125 0.0227778 0.0183411
0 0.550313 0.129722 0.010625 0.0202778 0.0165253
0 0.709375 0.268611 0.02625 0.0477778 0.0149002
0 0.499375 0.159167 0.014375 0.0288889 0.0130234
0 0.44375 0.213472 0.03375 0.0505555 0.00878143
0 0.54875 0.125556 0.00874996 0.0177778 0.00837708
0 0.68 0.19625 0.02 0.0311111 0.008255
0 0.0122852 0.603333 0.0245313 0.115556 0.00818634
3 0.635938 0.149583 0.00499999 0.0213889 0.00754929
3 0.374375 0.230139 0.01 0.0552778 0.00703812
0 0.00869141 0.605556 0.0173828 0.113333 0.00658798
0 0.665 0.168889 0.0175001 0.0291667 0.00651169
0 0.97875 0.419444 0.0425 0.0783333 0.00566483
0 0.66 0.167222 0.0175 0.0283333 0.00559998
0 0.471875 0.187639 0.02 0.0402778 0.00524139
0 0.9725 0.411667 0.05125 0.0644445 0.00471878
0 0.665 0.173333 0.0199999 0.0308333 0.00453949
0 0.543125 0.127778 0.0112501 0.0227778 0.00429916
3 0.65125 0.167361 0.00499999 0.0244445 0.00416565
3 0.108047 0.341111 0.0078125 0.0338889 0.00348282
0 0.993125 0.411944 0.0137499 0.07 0.00332451
0 0.431875 0.227083 0.031875 0.0447222 0.00317192
0 0.70875 0.244444 0.0449999 0.0588889 0.00317192
0 0.513125 0.146667 0.0125 0.0255556 0.00281143
0 0.6625 0.165 0.02125 0.0311111 0.00279999
3 0.355938 0.229444 0.009375 0.0977778 0.0026722
0 0.501875 0.1525 0.010625 0.0233333 0.00250244
0 0.995 0.504444 0.00999997 0.132222 0.00228691
3 0.35875 0.271944 0.015625 0.0561111 0.0020504
0 0.995313 0.527778 0.00937494 0.143333 0.0020504
3 0.36875 0.23875 0.01125 0.0636111 0.00203514
0 0.0226758 0.611111 0.0453516 0.135556 0.00203514
2 0.63 0.13 0.00750001 0.0155556 0.00188255
0 0.980625 0.563333 0.03875 0.0922222 0.00186062
0 0.5075 0.147917 0.0125 0.0277778 0.00183105
0 0.987813 0.571667 0.024375 0.09 0.0016613
0 0.72125 0.276667 0.035 0.0533333 0.00161076
0 0.595938 0.0951389 0.00687497 0.0125 0.00157356
0 0.983125 0.408889 0.0325 0.0622222 0.00155449
3 0.61 0.120278 0.00374997 0.0183333 0.00142097
3 0.368125 0.220556 0.00687501 0.04 0.00139904
0 0.984688 0.556111 0.030625 0.107778 0.00128937
0 0.985625 0.4275 0.02875 0.0905555 0.00113392
0 0.99 0.417778 0.0199999 0.0822222 0.0011158
2 0.613125 0.114722 0.00562503 0.0138889 0.00108147
0 0.644375 0.150417 0.00875003 0.0222222 0.00106907
