0 0.93375 0.78 0.1175 0.206667 0.950195
0 0.88125 0.548333 0.0825 0.156667 0.942383
0 0.79125 0.299444 0.0725 0.0633333 0.936523
0 0.0480469 0.343889 0.064375 0.0755556 0.936523
0 0.8925 0.512222 0.17 0.134444 0.931152
0 0.97375 0.317222 0.0525 0.0722222 0.930176
0 0.0932031 0.537778 0.0839063 0.143333 0.927734
0 0.0500391 0.616111 0.100078 0.156667 0.925293
0 0.349688 0.297778 0.054375 0.0644445 0.922363
0 0.964375 0.927778 0.07125 0.142222 0.919434
0 0.91875 0.644444 0.1325 0.148889 0.91748
6 0.0839844 0.767222 0.103281 0.252222 0.916504
0 0.51125 0.277847 0.04125 0.0643056 0.905273
0 0.93125 0.476111 0.1375 0.111111 0.905273
0 0.0410938 0.497222 0.0821875 0.111111 0.903809
0 0.723125 0.281111 0.0425 0.0577778 0.895508
0 0.426875 0.230278 0.03125 0.0472222 0.877441
3 0.172188 0.555 0.02375 0.138889 0.869629
0 0.411563 0.248889 0.0325 0.0472222 0.85498
0 0.695 0.217917 0.03 0.05 0.849121
0 0.395938 0.264167 0.035625 0.0505556 0.848145
0 0.95625 0.428333 0.0874999 0.0977778 0.839844
0 0.370938 0.281944 0.035 0.0566666 0.82666
0 0.0165039 0.72 0.0328906 0.215556 0.749023
0 0.7125 0.267778 0.035 0.0522222 0.746094
0 0.444063 0.206389 0.024375 0.0427778 0.71875
0 0.53 0.145833 0.015 0.02 0.708984
0 0.485625 0.169167 0.01875 0.0305556 0.699219
0 0.70375 0.239444 0.035 0.0538889 0.692871
0 0.470625 0.181389 0.019375 0.0333333 0.633301
0 0.539062 0.1325 0.01125 0.0208333 0.42627
0 0.676875 0.192222 0.02375 0.0405556 0.12085
0 0.695 0.225 0.0275 0.0505556 0.0917358
0 0.459688 0.191111 0.016875 0.0355555 0.0492249
0 0.490625 0.163611 0.015 0.0266667 0.029541
0 0.502188 0.154306 0.01375 0.025 0.0283356
3 0.67875 0.210833 0.00999997 0.0411111 0.0279083
2 0.99625 0.192222 0.00749995 0.0713889 0.0240479
0 0.68125 0.197222 0.02 0.0394444 0.0227203
0 0.7075 0.246667 0.04 0.0516667 0.0207672
0 0.675 0.1875 0.0225 0.0388889 0.0170441
0 0.98125 0.420278 0.0374999 0.0861111 0.0167236
0 0.539062 0.127917 0.010625 0.0227778 0.0150146
0 0.975 0.429444 0.0499999 0.0977778 0.0149002
0 0.990625 0.411111 0.0187499 0.0755556 0.0124283
0 0.66125 0.165556 0.0225 0.0311111 0.0104065
0 0.47625 0.178056 0.02 0.0288889 0.00871277
0 0.545625 0.128889 0.01 0.0186111 0.00844574
0 0.645 0.145556 0.01625 0.0205556 0.00812531
0 0.4725 0.177639 0.019375 0.0333333 0.00800323
0 0.53625 0.136667 0.01125 0.0211111 0.00731659
0 0.659375 0.162222 0.02 0.0288889 0.00636292
3 0.740625 0.206389 0.00625 0.0333333 0.00609589
0 0.983125 0.41 0.03375 0.0722222 0.00542831
0 0.96875 0.411111 0.06 0.0666667 0.00460815
0 0.9875 0.418889 0.0249999 0.09 0.00460815
7 0.73 0.204583 0.00375004 0.0213889 0.0039444
0 0.642344 0.142778 0.0128126 0.0216667 0.00391388
0 0.985 0.429444 0.03 0.1 0.00378036
3 0.70375 0.164167 0.00499999 0.0338889 0.00294685
0 0.63375 0.125278 0.00875003 0.0188889 0.00279999
0 0.65625 0.159722 0.01875 0.0255555 0.00219154
3 0.695 0.168889 0.00499999 0.0194444 0.00213242
0 0.980625 0.311111 0.03875 0.0633333 0.00211525
0 0.480625 0.1625 0.01375 0.0252778 0.00210762
0 0.635625 0.130833 0.00999997 0.0183333 0.00208282
0 0.00541016 0.449167 0.0108203 0.0972222 0.00192642
0 0.534063 0.134722 0.014375 0.0233333 0.00186729
0 0.63375 0.128611 0.0112501 0.0177778 0.00183868
0 0.00391357 0.44 0.00782715 0.111111 0.00171375
0 0.564375 0.0973611 0.00625 0.0113889 0.0016613
0 0.497813 0.160556 0.01625 0.0272222 0.00147247
0 0.96 0.413333 0.08 0.0722222 0.00144386
0 0.552188 0.116528 0.00875003 0.0127778 0.00141621
0 0.4 0.251111 0.04125 0.0577778 0.00133514
3 0.69625 0.16 0.00500005 0.0275 0.00131512
7 0.965 0.928333 0.07 0.14 0.00121593
0 0.0107129 0.466111 0.0213867 0.08 0.00119686
0 0.718125 0.265556 0.04 0.0544444 0.00115108
0 0.0128613 0.475278 0.0256055 0.0766667 0.00113392
5 0.62375 0.107083 0.01 0.0183333 0.00109005
