0 0.93375 0.78 0.1175 0.208889 0.950684
0 0.0500781 0.617222 0.100156 0.156667 0.945312
0 0.881875 0.547639 0.08375 0.155833 0.942383
0 0.15625 0.392222 0.119375 0.0911111 0.938477
0 0.79125 0.298889 0.0725 0.0622222 0.937012
0 0.0479297 0.343333 0.0647656 0.0766667 0.934082
0 0.8925 0.512222 0.17 0.134444 0.932129
0 0.97375 0.317222 0.0525 0.0711111 0.921875
0 0.0924219 0.537778 0.0848438 0.144444 0.917969
0 0.918125 0.644444 0.13125 0.148889 0.916504
0 0.96375 0.927778 0.0725 0.142222 0.915039
0 0.930625 0.475278 0.13875 0.110556 0.903809
0 0.7225 0.280556 0.0425 0.0572222 0.902832
0 0.0408594 0.497222 0.0817188 0.11 0.899902
6 0.319063 0.316389 0.06625 0.0783333 0.88623
0 0.426563 0.23 0.031875 0.0472222 0.872559
0 0.69375 0.2175 0.03 0.05 0.865234
0 0.41125 0.248611 0.031875 0.0466667 0.861328
0 0.39625 0.264514 0.03625 0.0509722 0.849121
0 0.956563 0.428333 0.086875 0.0966667 0.847168
0 0.541563 0.188889 0.024375 0.0383333 0.842773
0 0.371875 0.281667 0.035625 0.0577778 0.833496
3 0.187656 0.525556 0.0234375 0.125556 0.823242
0 0.347813 0.296944 0.05625 0.0622222 0.759277
0 0.71125 0.267847 0.035 0.0509722 0.743164
0 0.444375 0.206111 0.025 0.0413889 0.726562
0 0.70375 0.24 0.035 0.055 0.692871
0 0.485938 0.16875 0.01875 0.0308333 0.689453
0 0.47125 0.180278 0.019375 0.0333333 0.666992
0 0.53 0.146389 0.01625 0.0202778 0.662109
0 0.0166504 0.717778 0.0332227 0.211111 0.399902
0 0.538438 0.133611 0.011875 0.0216667 0.354004
0 0.54 0.131528 0.0125 0.0213889 0.315674
0 0.6775 0.192778 0.0225 0.04 0.11084
0 0.695 0.225 0.0275 0.0511111 0.081543
0 0.7075 0.246944 0.04 0.0505555 0.0616455
0 0.459375 0.190833 0.016875 0.0361111 0.0512695
0 0.97625 0.428889 0.0475 0.0955556 0.0340881
0 0.339453 0.299167 0.0548437 0.0583333 0.0252686
0 0.539062 0.128056 0.01125 0.0230555 0.0209656
0 0.35625 0.296111 0.04125 0.0516667 0.0194244
0 0.66125 0.168056 0.02125 0.0316667 0.0136337
0 0.9825 0.420556 0.035 0.0855555 0.0136337
0 0.99 0.411111 0.0199999 0.0744444 0.0120087
0 0.5025 0.152222 0.0125 0.0238889 0.0119629
0 0.6725 0.184722 0.0225 0.0363889 0.00891876
2 0.99625 0.186389 0.00749995 0.0827778 0.0088501
0 0.66 0.163472 0.02 0.0308333 0.00878143
0 0.535625 0.13625 0.0125 0.0225 0.00775528
3 0.74 0.205 0.00875003 0.04 0.00561905
0 0.645625 0.146111 0.01625 0.0205556 0.0055542
0 0.98375 0.409167 0.0325 0.0722222 0.00337601
0 0.322813 0.306944 0.058125 0.0605555 0.00327301
0 0.333438 0.303889 0.0475 0.0533333 0.00275803
0 0.985625 0.308889 0.02875 0.0616667 0.00261116
0 0.00480469 0.446944 0.00960938 0.0983334 0.00261116
0 0.65625 0.160833 0.0175 0.0272222 0.00218201
0 0.0099707 0.467222 0.0199023 0.0766667 0.00197983
0 0.545 0.126667 0.011875 0.0188889 0.00197983
0 0.6425 0.143333 0.01375 0.0222222 0.00195694
0 0.451875 0.201944 0.024375 0.0416667 0.00178242
0 0.973125 0.410556 0.05375 0.0677778 0.00175476
0 0.68375 0.212361 0.0199999 0.0422222 0.0016613
0 0.994375 0.3 0.01125 0.0588889 0.00159168
3 0.6725 0.16 0.00750001 0.0211111 0.00143242
3 0.66 0.178056 0.0125 0.0322222 0.0012846
0 0.565 0.095 0.00749995 0.015 0.00121593
0 0.0119824 0.475556 0.0238477 0.0755556 0.00121593
7 0.965 0.928333 0.07 0.14 0.00119686
0 0.985 0.432778 0.03 0.0966667 0.00118828
0 0.4 0.251944 0.04125 0.0566667 0.00115585
0 0.63375 0.124444 0.00875003 0.0183333 0.00115108
7 0.489063 0.938889 0.00625 0.0244445 0.0011425
3 0.355 0.247778 0.00874999 0.0427778 0.00105286
7 0.975625 0.595556 0.00625 0.02 0.00104809
