0 0.93375 0.779444 0.1175 0.208889 0.952637
0 0.0497656 0.616667 0.0995313 0.157778 0.946777
0 0.88125 0.547639 0.085 0.155833 0.941895
0 0.79125 0.298889 0.0725 0.0622222 0.934082
0 0.8925 0.512222 0.17 0.134444 0.931152
0 0.97375 0.317222 0.0525 0.0722222 0.924805
0 0.349375 0.297778 0.055 0.0644445 0.922852
0 0.0923438 0.537778 0.0839063 0.142222 0.921875
1 0.188477 0.318819 0.257422 0.167917 0.919922
0 0.964375 0.928333 0.07125 0.141111 0.918945
0 0.918125 0.644444 0.13125 0.148889 0.91748
0 0.930625 0.475556 0.13875 0.11 0.904785
0 0.723125 0.280556 0.0425 0.0577778 0.901855
0 0.04125 0.498333 0.0825 0.108889 0.900391
0 0.0507031 0.346111 0.0690625 0.0711111 0.896973
0 0.69375 0.217083 0.03 0.05 0.873047
3 0.143828 0.423333 0.0203125 0.11 0.852051
0 0.426563 0.229583 0.03125 0.0463889 0.851074
0 0.411875 0.247778 0.03125 0.0461111 0.845703
0 0.395938 0.263611 0.03625 0.0522222 0.84375
0 0.371875 0.281667 0.035 0.0566667 0.84082
0 0.956563 0.428333 0.086875 0.0988889 0.829102
6 0.536875 0.204444 0.01875 0.0461111 0.760742
0 0.71125 0.267153 0.035 0.05125 0.751953
0 0.70375 0.239167 0.035 0.0538889 0.720215
0 0.53 0.14625 0.014375 0.0197222 0.712402
0 0.470938 0.181111 0.019375 0.0333333 0.6875
0 0.485625 0.169167 0.01875 0.0311111 0.6875
0 0.44375 0.206944 0.025 0.0422222 0.668945
3 0.146328 0.428333 0.0160938 0.104444 0.496094
0 0.538438 0.133056 0.010625 0.0205556 0.399902
3 0.3725 0.248889 0.0125 0.0444445 0.294189
0 0.0171094 0.714444 0.0341016 0.211111 0.26123
0 0.54 0.131528 0.011875 0.0208333 0.23938
0 0.4625 0.190833 0.015 0.0286111 0.180054
0 0.528125 0.144444 0.01625 0.0216667 0.128906
0 0.67625 0.191528 0.02375 0.0402778 0.11438
0 0.695 0.224722 0.0275 0.05 0.0820923
3 0.374375 0.243889 0.011875 0.0416667 0.0753174
0 0.46 0.192639 0.0175 0.0333333 0.0643921
0 0.505625 0.150278 0.01375 0.0216667 0.0572815
0 0.46625 0.186389 0.015625 0.03 0.0409851
2 0.245938 0.225417 0.0309375 0.0619445 0.0380249
0 0.706875 0.246667 0.04 0.0516667 0.0333252
3 0.244063 0.224861 0.01625 0.0625 0.0318604
2 0.250156 0.227222 0.0171875 0.0633333 0.0294189
0 0.53875 0.126806 0.00999997 0.0213889 0.0250854
0 0.536563 0.203889 0.02 0.0427778 0.0218201
0 0.679375 0.193611 0.0225 0.0372222 0.0188293
3 0.249531 0.225833 0.02 0.0627778 0.0164642
0 0.5975 0.110694 0.00875003 0.0152778 0.0135345
0 0.564375 0.0956944 0.00750001 0.0136111 0.0123825
0 0.981875 0.420556 0.03625 0.0855555 0.0121002
0 0.989375 0.411111 0.02125 0.0744444 0.0109482
0 0.47625 0.178611 0.02 0.0272222 0.00844574
0 0.554688 0.103472 0.00812499 0.0127778 0.00841522
2 0.253906 0.230694 0.04875 0.0713889 0.00806427
0 0.70125 0.226389 0.03375 0.0455556 0.00772476
0 0.6625 0.169167 0.02125 0.0330556 0.00725937
0 0.0650781 0.3175 0.0471875 0.0666667 0.0069046
0 0.536563 0.135833 0.010625 0.0216667 0.00674438
0 0.0748828 0.313889 0.0657031 0.0605555 0.00656509
2 0.257188 0.231944 0.03375 0.0661111 0.0064621
3 0.37375 0.249722 0.02 0.0438889 0.00561905
0 0.97125 0.430278 0.0575 0.0983334 0.0055542
0 0.0835156 0.318333 0.0590625 0.0588889 0.00538635
0 0.53375 0.135 0.011875 0.0216667 0.00538635
0 0.6625 0.164444 0.0175 0.0308333 0.0051384
0 0.0691797 0.320556 0.0561719 0.0533333 0.00510025
0 0.638125 0.361111 0.03375 0.0822222 0.00469971
3 0.658125 0.177222 0.00874996 0.0311111 0.00426483
0 0.985 0.430556 0.03 0.0977778 0.00382423
0 0.98375 0.408333 0.0325 0.0688889 0.00367928
3 0.74 0.204722 0.00749995 0.0377778 0.00362206
0 0.0841406 0.331111 0.054375 0.0494444 0.00348282
0 0.61875 0.119444 0.00874996 0.0138889 0.00342941
0 0.624063 0.119444 0.00999997 0.015 0.00327301
0 0.0828125 0.306111 0.0490625 0.0555556 0.00302696
2 0.635625 0.136389 0.00750001 0.0183333 0.00284576
0 0.97 0.41 0.0575 0.0655555 0.00284576
0 0.551875 0.114722 0.00874996 0.0130556 0.00276756
0 0.98625 0.31 0.0275 0.0655555 0.00275803
2 0.99625 0.189583 0.00749995 0.0775 0.00274658
0 0.472813 0.176944 0.019375 0.0322222 0.00260162
0 0.99375 0.300556 0.0124999 0.0605555 0.00225258
3 0.25125 0.222083 0.029375 0.0619445 0.00220871
0 0.545625 0.126111 0.01125 0.0183333 0.00218201
3 0.369375 0.240556 0.0125 0.0433333 0.00213242
0 0.00546875 0.445556 0.0109375 0.101111 0.00200272
0 0.48 0.161528 0.0125 0.0244445 0.00185299
5 0.5975 0.107917 0.00875003 0.0177778 0.00178242
0 0.0738281 0.3375 0.0604688 0.0527778 0.00174141
0 0.00381104 0.438889 0.00762207 0.112222 0.00172043
0 0.0986133 0.315556 0.0771485 0.0744444 0.00163555
3 0.69625 0.159722 0.00500005 0.0255555 0.00157356
3 0.695 0.167222 0.00499999 0.02 0.00145531
0 0.645 0.146389 0.015 0.0211111 0.00143814
0 0.0107813 0.465278 0.0215234 0.0794445 0.00142097
3 0.68125 0.213056 0.015 0.0427778 0.00139904
0 0.287344 0.302222 0.0646875 0.127778 0.00132465
0 0.3975 0.252292 0.0425 0.0554167 0.00132465
0 0.255625 0.242222 0.03125 0.0577778 0.00131512
0 0.616875 0.341944 0.03 0.0483333 0.00127411
0 0.64125 0.142222 0.01375 0.0219445 0.00125504
3 0.403125 0.2175 0.00874999 0.0338889 0.00125504
0 0.0621484 0.3375 0.0610156 0.0583334 0.00123024
7 0.965 0.928889 0.07 0.14 0.00123024
0 0.0127051 0.475 0.025293 0.0761111 0.00116062
0 0.645 0.371944 0.03375 0.0916667 0.00104809
3 0.63 0.128611 0.00625 0.015 0.00101662
0 0.71875 0.265833 0.04125 0.055 0.00100803
