0 0.93375 0.781111 0.1175 0.211111 0.949707
0 0.88125 0.548333 0.0825 0.156667 0.939941
0 0.0934375 0.536528 0.0828125 0.1425 0.939453
0 0.0480469 0.343889 0.0642188 0.0761111 0.938965
0 0.79125 0.298889 0.0725 0.0633333 0.936523
0 0.0503125 0.616667 0.100625 0.157778 0.93457
0 0.891875 0.512222 0.17 0.134444 0.931641
0 0.918125 0.644444 0.13125 0.148889 0.918457
0 0.349375 0.297778 0.05375 0.0644445 0.916016
0 0.9725 0.317222 0.055 0.0711111 0.912598
0 0.96375 0.927778 0.0725 0.142222 0.911133
0 0.93125 0.475 0.1375 0.11 0.905273
0 0.723125 0.280556 0.0425 0.0566666 0.901367
6 0.90875 0.320556 0.065 0.0788889 0.89209
0 0.0417969 0.497222 0.0835938 0.111111 0.888184
0 0.69375 0.2175 0.03 0.0494444 0.872559
0 0.411875 0.248333 0.0325 0.0455556 0.864258
0 0.426563 0.229167 0.031875 0.0466667 0.863281
0 0.39625 0.264375 0.035 0.0523611 0.851074
0 0.956563 0.428889 0.086875 0.0966667 0.847168
3 0.0396094 0.697222 0.0355469 0.173333 0.839844
0 0.37125 0.281667 0.035 0.0566667 0.827637
6 0.41375 0.292778 0.038125 0.0577778 0.817383
0 0.71125 0.267222 0.035 0.0511111 0.756348
0 0.485625 0.169167 0.01875 0.0305556 0.750488
0 0.703125 0.239167 0.035 0.0533333 0.725098
0 0.529375 0.146111 0.015 0.02 0.715332
0 0.444063 0.206111 0.024375 0.0427778 0.715332
0 0.47125 0.181667 0.02 0.0347222 0.690918
3 0.078125 0.459444 0.0178125 0.0766667 0.647949
0 0.579375 0.11375 0.009375 0.0158333 0.571777
0 0.54 0.131389 0.013125 0.0222222 0.457031
0 0.0148438 0.711111 0.0296875 0.2 0.457031
0 0.598125 0.0975 0.00750001 0.0122222 0.189575
0 0.496875 0.157778 0.015 0.0252778 0.17334
0 0.474375 0.180278 0.02375 0.0305556 0.137085
0 0.676875 0.191944 0.02375 0.04 0.118774
0 0.469688 0.185556 0.019375 0.0313889 0.0838623
0 0.463125 0.188194 0.01625 0.0305556 0.0809326
0 0.45875 0.191806 0.01875 0.0352778 0.0680542
0 0.706875 0.246111 0.04 0.0527778 0.0231476
0 0.9725 0.430278 0.055 0.0983334 0.0149002
0 0.49875 0.155833 0.015 0.0272222 0.0147858
0 0.98875 0.410556 0.0225 0.0755556 0.014389
3 0.39875 0.288889 0.0275 0.0544445 0.0131683
0 0.983125 0.419722 0.03375 0.0855556 0.0117798
0 0.66125 0.166944 0.0225 0.0316667 0.0116882
0 0.564375 0.0973611 0.00750001 0.0133333 0.00760651
7 0.975625 0.595556 0.00625 0.0177778 0.00757599
0 0.474375 0.177361 0.019375 0.0330556 0.00706482
3 0.070625 0.474167 0.0364063 0.0872222 0.00559998
2 0.40375 0.295 0.01875 0.0577778 0.00548935
0 0.414375 0.284167 0.03375 0.0661111 0.00544739
2 0.99625 0.19125 0.00749995 0.0869445 0.00457382
0 0.66 0.1625 0.02 0.0277778 0.00426483
0 0.981875 0.308889 0.03625 0.0583333 0.0041008
3 0.00322754 0.421667 0.00645508 0.0833333 0.00345612
0 0.601563 0.0975 0.009375 0.0113889 0.00332451
3 0.974375 0.286667 0.00999997 0.0433333 0.00319672
0 0.536563 0.136389 0.010625 0.0216667 0.0029583
0 0.545 0.1275 0.011875 0.0194445 0.00265312
0 0.551875 0.116667 0.00874996 0.0133333 0.00256157
0 0.644844 0.146111 0.0153125 0.0208333 0.00252151
0 0.00570313 0.441111 0.0114063 0.105556 0.00239754
0 0.976875 0.408611 0.045 0.0688889 0.00234222
3 0.084082 0.461667 0.0305859 0.0805556 0.00226974
0 0.0110254 0.465 0.0220117 0.0811111 0.00217438
3 0.74 0.208194 0.00999997 0.0419444 0.0020504
2 0.0703906 0.477778 0.0354688 0.0588889 0.00199509
0 0.00360352 0.434167 0.00720703 0.111667 0.00193405
0 0.53125 0.135833 0.0125 0.0244445 0.00187492
3 0.935 0.295556 0.015 0.03 0.00184631
3 0.695 0.167639 0.00499999 0.0213889 0.00179577
3 0.00361816 0.405 0.00723633 0.0655555 0.00157356
6 0.42375 0.273333 0.03375 0.0422222 0.00155449
0 0.656875 0.161944 0.01875 0.0266667 0.00150681
0 0.499063 0.151389 0.01 0.0216667 0.00144386
0 0.985 0.434722 0.03 0.0988889 0.00143242
6 0.91625 0.302778 0.05 0.0455555 0.00126934
0 0.385 0.261111 0.0275 0.0477778 0.00125504
2 0.0710938 0.4675 0.033125 0.0616667 0.0011425
0 0.71875 0.264375 0.04 0.0523611 0.00112438
0 0.013457 0.476389 0.0267578 0.0766667 0.00106525
0 0.0154102 0.602222 0.0308203 0.13 0.00106525
0 0.633125 0.124722 0.00874996 0.0183333 0.00101185
3 0.6575 0.178611 0.00750001 0.0288889 0.00100422
