0 0.0478125 0.612361 0.095625 0.159722 0.946777
0 0.0442578 0.338333 0.0642188 0.0777778 0.946289
0 0.93 0.775556 0.11875 0.208889 0.946289
0 0.876875 0.543333 0.0825 0.156667 0.941406
0 0.97125 0.313056 0.0575 0.0722222 0.932129
0 0.88875 0.507778 0.17 0.133333 0.931641
0 0.788125 0.294444 0.0737501 0.0622222 0.930176
0 0.088125 0.530556 0.0840625 0.143333 0.928223
0 0.915 0.638889 0.1325 0.146667 0.925781
0 0.96375 0.927778 0.0725 0.144444 0.92041
0 0.93 0.471111 0.14 0.11 0.901367
0 0.71875 0.275625 0.0425 0.0565278 0.899902
0 0.0398828 0.491667 0.0797656 0.111111 0.896973
0 0.69 0.212778 0.0300001 0.0488889 0.878906
0 0.423125 0.224444 0.0325 0.0455556 0.870605
0 0.391563 0.258403 0.03625 0.0520833 0.864258
0 0.408125 0.244444 0.03125 0.0461111 0.861328
0 0.955 0.426667 0.09 0.102222 0.831055
0 0.525938 0.141944 0.014375 0.0194444 0.791992
6 0.369375 0.299722 0.0575 0.0744445 0.791992
0 0.699375 0.233889 0.03375 0.0522222 0.775879
0 0.471563 0.175972 0.020625 0.0294444 0.773438
0 0.346172 0.291667 0.0551563 0.0666667 0.773438
0 0.70875 0.261944 0.0375 0.0538889 0.771973
0 0.44 0.201944 0.0275 0.0433333 0.656738
0 0.4825 0.162778 0.01875 0.0297222 0.615234
0 0.3625 0.271389 0.0375 0.0466667 0.562012
0 0.534375 0.128056 0.01125 0.0194444 0.354004
0 0.0154297 0.71 0.0307031 0.208889 0.256836
0 0.435625 0.207778 0.02375 0.04 0.255371
0 0.535625 0.125417 0.01125 0.0205556 0.181274
0 0.691875 0.222222 0.03125 0.0488889 0.172119
0 0.695625 0.229722 0.02875 0.0488889 0.112793
0 0.363125 0.278889 0.04125 0.0533333 0.112
0 0.67125 0.186111 0.0225 0.0397222 0.108582
3 0.167344 0.272778 0.00687501 0.0411111 0.0809326
0 0.5325 0.129444 0.01125 0.0161111 0.0794678
0 0.45875 0.18625 0.02125 0.0330556 0.0734253
3 0.593125 0.112257 0.00500005 0.0165972 0.0675659
0 0.52 0.138194 0.01125 0.0213889 0.0665894
0 0.36 0.285 0.04625 0.07 0.0541992
0 0.7075 0.267847 0.03 0.0465278 0.0461121
0 0.540625 0.119306 0.01 0.0175 0.0305634
0 0.463125 0.179444 0.0175 0.03 0.0290833
0 0.490625 0.153889 0.01625 0.0283333 0.024704
3 0.165938 0.268403 0.00843751 0.0443056 0.0158997
3 0.74 0.204444 0.00625 0.0327778 0.0142822
0 0.539375 0.1275 0.0125 0.0183333 0.0136871
0 0.993125 0.411389 0.0137499 0.07 0.0114212
0 0.9825 0.418333 0.035 0.0811111 0.0107803
0 0.99 0.418333 0.0199999 0.0788889 0.01017
0 0.454688 0.19 0.023125 0.0377778 0.00912476
0 0.9875 0.426667 0.0249999 0.0927778 0.00857544
0 0.66375 0.176667 0.02125 0.0338889 0.00731659
0 0.66 0.172778 0.02 0.0341667 0.00656509
0 0.659375 0.166389 0.01875 0.0316667 0.00566483
3 0.35 0.306111 0.01625 0.0588889 0.0055542
7 0.52875 0.841111 0.00500002 0.0166667 0.00457382
0 0.6575 0.176944 0.01125 0.0311111 0.00450516
0 0.635625 0.139444 0.00999997 0.0172222 0.0039444
0 0.426875 0.218889 0.0425 0.0538889 0.00378036
0 0.5525 0.0997222 0.00749995 0.0119444 0.00362206
0 0.36875 0.259444 0.031875 0.0466667 0.00335121
0 0.352813 0.283889 0.053125 0.0633333 0.00318527
0 0.7075 0.248056 0.035 0.0533333 0.0026722
0 0.36 0.295556 0.03875 0.0622222 0.00265312
0 0.655 0.160278 0.0175 0.025 0.00263214
0 0.468125 0.183611 0.02 0.0355556 0.00208282
0 0.96625 0.408889 0.0675 0.0738889 0.00206757
0 0.970625 0.396111 0.03125 0.0511111 0.00194168
0 0.61625 0.101389 0.00625 0.0130556 0.00146675
0 0.0148438 0.593333 0.0296875 0.115556 0.00142097
0 0.64625 0.157778 0.0112501 0.0205556 0.00140476
7 0.96375 0.927778 0.07125 0.142222 0.00128937
5 0.604375 0.0754167 0.00625 0.0161111 0.0012064
3 0.169063 0.285 0.013125 0.0822222 0.00112057
0 0.564063 0.0968056 0.00499999 0.0105556 0.00107765
0 0.0092334 0.574444 0.0184668 0.104444 0.00103188
0 0.994375 0.301111 0.01125 0.0633334 0.00102043
