0 0.49 0.427222 0.125 0.11 0.955078
0 0.928125 0.772222 0.1175 0.208889 0.944824
0 0.0467969 0.607222 0.0935938 0.157778 0.944336
0 0.0426172 0.333889 0.0641406 0.0777778 0.943359
0 0.87625 0.540556 0.0825 0.154444 0.936523
0 0.77375 0.292778 0.0675 0.0633334 0.936035
0 0.88625 0.505 0.17 0.133333 0.931641
0 0.34375 0.288889 0.054375 0.0633333 0.929199
0 0.970625 0.311111 0.05875 0.0711111 0.928711
6 0.769375 0.914444 0.12625 0.168889 0.926758
0 0.9125 0.635 0.13 0.142222 0.922363
0 0.0891992 0.527222 0.0784766 0.141111 0.917969
0 0.71625 0.272778 0.0425 0.0561111 0.913086
0 0.92875 0.468333 0.1425 0.11 0.913086
0 0.9625 0.926667 0.0725 0.144444 0.913086
0 0.0383594 0.487778 0.0767188 0.108889 0.876465
0 0.389688 0.255 0.036875 0.0511111 0.85791
0 0.36625 0.272778 0.03375 0.0572222 0.848145
0 0.522813 0.138333 0.015625 0.0211111 0.836426
0 0.68875 0.209028 0.0275 0.0475 0.833496
0 0.420625 0.221944 0.0325 0.045 0.82666
0 0.954375 0.424444 0.09125 0.105556 0.825684
0 0.401875 0.240278 0.03 0.0477778 0.790527
0 0.70625 0.257778 0.035 0.0566667 0.78125
0 0.469375 0.172083 0.01875 0.0291667 0.716797
0 0.438125 0.198194 0.02625 0.0430556 0.715332
0 0.47875 0.161389 0.0175 0.0283333 0.638672
3 0.67125 0.244167 0.00749995 0.0494445 0.623535
0 0.7025 0.234583 0.0325 0.0486111 0.509766
0 0.533125 0.123611 0.01125 0.0211111 0.401611
3 0.67 0.245139 0.00750001 0.0502778 0.27124
0 0.588125 0.106458 0.009375 0.0145833 0.19873
0 0.48875 0.151667 0.016875 0.0294444 0.180664
0 0.66875 0.182778 0.0225 0.0394445 0.154541
3 0.693125 0.2375 0.02125 0.0544445 0.140381
0 0.6975 0.227917 0.03 0.0475 0.132935
0 0.6925 0.224444 0.02375 0.0472222 0.12085
0 0.015293 0.695556 0.0305469 0.173333 0.103394
0 0.528125 0.125972 0.01 0.0163889 0.0678101
0 0.68 0.212222 0.015 0.0527778 0.0598755
3 0.694375 0.23 0.02625 0.0466667 0.0518494
0 0.455313 0.1825 0.02 0.0322222 0.0420837
0 0.0108594 0.574306 0.0216016 0.104722 0.0380249
0 0.00674805 0.569028 0.013457 0.0930556 0.0234222
0 0.0153516 0.576111 0.0307031 0.0988889 0.0218658
0 0.0118945 0.592222 0.0237891 0.13 0.0174408
0 0.99125 0.418056 0.0175 0.0866667 0.0161591
0 0.46125 0.176667 0.01625 0.03 0.0154877
0 0.99 0.429444 0.0199999 0.102222 0.0143356
0 0.66125 0.173611 0.02 0.0311111 0.0133286
0 0.00649414 0.546806 0.0129492 0.0930556 0.0131226
3 0.669375 0.241389 0.00999997 0.0533333 0.0118256
3 0.930625 0.3 0.00875003 0.0455555 0.00854492
0 0.65875 0.175833 0.015 0.03 0.00812531
0 0.487813 0.1475 0.016875 0.0283333 0.00809479
0 0.655 0.161528 0.02 0.0255555 0.0077858
0 0.578125 0.0698611 0.00625 0.0138889 0.00754929
0 0.481875 0.158056 0.0175 0.0272222 0.00701141
0 0.543438 0.103611 0.00812499 0.0147222 0.00677109
0 0.653125 0.157778 0.01875 0.0283333 0.00605011
0 0.613125 0.0978472 0.00750001 0.0154167 0.00579834
0 0.9825 0.426944 0.035 0.101667 0.00568771
0 0.36625 0.279444 0.02875 0.0555556 0.0055542
0 0.435 0.205833 0.025 0.0416667 0.00544739
0 0.7075 0.266111 0.035 0.0538889 0.00498199
0 0.524375 0.124722 0.00874999 0.02 0.00426483
0 0.659375 0.165139 0.02125 0.0313889 0.00351143
0 0.98625 0.417222 0.0275 0.0855555 0.00338936
0 0.67125 0.188611 0.0199999 0.0411111 0.00332451
0 0.458125 0.1725 0.025 0.0344444 0.00291252
3 0.685 0.152778 0.00499999 0.0183333 0.00243378
3 0.165 0.265556 0.00625 0.0311111 0.00219917
0 0.6475 0.149583 0.0175 0.0258333 0.00218201
0 0.99125 0.303056 0.0175 0.0622222 0.00218201
0 0.449688 0.188333 0.020625 0.0394445 0.0019722
0 0.51875 0.123333 0.0125 0.02 0.00188255
3 0.725 0.194167 0.00499999 0.0338889 0.00181007
0 0.641875 0.139722 0.015 0.0255556 0.0017271
0 0.552188 0.095625 0.00812499 0.0133333 0.00167465
0 0.531875 0.126111 0.01 0.0227778 0.00154877
0 0.639375 0.139167 0.01375 0.0211111 0.00148392
0 0.496875 0.140972 0.0175 0.0244445 0.00144386
0 0.959375 0.407222 0.075 0.0744445 0.00117874
1 0.134844 0.224722 0.216875 0.448333 0.00113392
0 0.498438 0.144444 0.015 0.025 0.00112438
0 0.50125 0.145556 0.01 0.0222222 0.00109482
3 0.72375 0.19375 0.00499999 0.0258333 0.00109005
3 0.8025 0.241111 0.00999997 0.0455556 0.00108147
5 0.582813 0.0656944 0.00625 0.0125 0.00103188
