0 0.935 0.782222 0.1175 0.207778 0.950195
0 0.0515625 0.62 0.103125 0.157778 0.948242
0 0.0507715 0.345278 0.0636133 0.0783333 0.936523
0 0.89375 0.514722 0.17 0.132778 0.933594
0 0.974375 0.319444 0.05125 0.0722222 0.933105
5 0.711875 0.386667 0.1775 0.312222 0.930664
0 0.88375 0.550556 0.085 0.156667 0.926758
0 0.966875 0.93 0.06625 0.137778 0.924805
0 0.3525 0.300556 0.055 0.0644445 0.922852
0 0.0952344 0.54 0.0826563 0.143333 0.92041
0 0.92 0.645556 0.13125 0.146667 0.92041
0 0.931875 0.477778 0.13625 0.108889 0.901367
0 0.0423438 0.501111 0.0846875 0.111111 0.894043
0 0.39875 0.266111 0.03625 0.0516667 0.890137
0 0.42875 0.232222 0.03125 0.0472222 0.872559
0 0.41375 0.251667 0.03375 0.0472222 0.865234
0 0.6975 0.218333 0.03 0.0477778 0.85498
0 0.9575 0.432222 0.085 0.0977778 0.852051
3 0.31625 0.3025 0.01125 0.0722222 0.809082
0 0.8075 0.3 0.04625 0.0611111 0.808105
0 0.531563 0.148889 0.015625 0.0205556 0.805664
0 0.37375 0.285 0.035 0.0588889 0.79834
0 0.488125 0.170139 0.01875 0.0308333 0.740234
0 0.473125 0.18375 0.02125 0.0363889 0.70752
0 0.446875 0.208333 0.02875 0.0447222 0.656738
0 0.541563 0.134722 0.0125 0.0205556 0.600098
3 0.3875 0.296667 0.00874999 0.0655556 0.53125
0 0.0184375 0.721111 0.0367969 0.213333 0.38501
5 0.568125 0.104028 0.00875003 0.0172222 0.343262
0 0.68 0.19375 0.025 0.0369445 0.166138
0 0.503438 0.153056 0.014375 0.025 0.11676
0 0.776875 0.320556 0.0525 0.0766667 0.0600891
0 0.561875 0.120833 0.00625 0.0136111 0.0577087
0 0.55625 0.118611 0.00812499 0.0147222 0.0499573
0 0.70375 0.238194 0.035 0.0480556 0.0432129
0 0.770625 0.2975 0.065 0.123889 0.0422363
6 0.77625 0.327778 0.05375 0.0611111 0.0420837
0 0.536563 0.137917 0.011875 0.0213889 0.0379639
3 0.376875 0.293333 0.03 0.0688889 0.033844
0 0.011377 0.476111 0.0226367 0.08 0.0284424
0 0.44 0.21625 0.02625 0.0402778 0.0281067
0 0.70875 0.247083 0.0425001 0.0580555 0.0271759
0 0.52625 0.143889 0.0125 0.0216667 0.0249939
0 0.7175 0.254444 0.0475 0.0527778 0.0225372
0 0.00951172 0.466667 0.0189063 0.0888889 0.0189056
2 0.7975 0.315278 0.0175001 0.0672222 0.0184021
0 0.543125 0.128611 0.0125 0.0244444 0.0171051
0 0.54375 0.131667 0.0125 0.02 0.0148392
0 0.67 0.183194 0.01875 0.0302778 0.0116882
0 0.464688 0.190417 0.015 0.0377778 0.0112457
3 0.674375 0.155278 0.00500005 0.0186111 0.0105286
0 0.00365234 0.441389 0.00730469 0.105 0.0102921
0 0.769375 0.314514 0.06625 0.170972 0.00841522
2 0.63625 0.132361 0.00687504 0.0161111 0.00806427
0 0.69875 0.225833 0.0325 0.0422222 0.0078125
0 0.443125 0.212778 0.0325 0.0513889 0.00763702
0 0.0134473 0.489444 0.0267383 0.0861111 0.00740433
3 0.376875 0.254722 0.015 0.0427778 0.00677109
3 0.330313 0.301667 0.01125 0.0555556 0.00621796
0 0.721875 0.264167 0.05375 0.0683333 0.00511932
0 0.993125 0.411944 0.0137499 0.0727778 0.00407028
0 0.7675 0.286389 0.065 0.0883333 0.00388527
0 0.00839844 0.605556 0.0167969 0.115556 0.00379562
0 0.991875 0.421667 0.01625 0.0872222 0.0037365
0 0.509375 0.149028 0.015 0.0225 0.00362206
0 0.666875 0.179306 0.01875 0.0291667 0.00362206
0 0.725625 0.249583 0.04875 0.0447222 0.00286674
0 0.984375 0.419722 0.0312499 0.0794444 0.00263214
0 0.595625 0.0790278 0.00437501 0.01 0.00257111
0 0.498125 0.160694 0.01625 0.0263889 0.00255013
5 0.566875 0.0990278 0.00999997 0.0202778 0.00245285
0 0.574688 0.0986111 0.00687497 0.0163889 0.00201988
0 0.695625 0.26 0.0775 0.0716667 0.00192642
0 0.66 0.164167 0.01875 0.0311111 0.00191879
3 0.32875 0.303333 0.01 0.0644445 0.00181007
0 0.755625 0.291111 0.0725 0.120556 0.0016613
0 0.505 0.148056 0.011875 0.0277778 0.00150108
0 0.501563 0.151806 0.01125 0.0233333 0.00149536
0 0.98875 0.429722 0.0225 0.0961111 0.00141048
3 0.40625 0.218472 0.00812502 0.0347222 0.00138855
3 0.305938 0.291667 0.00625 0.0477778 0.00133514
0 0.6825 0.273333 0.11 0.0894444 0.00128937
0 0.685 0.202083 0.025 0.0369445 0.00127411
5 0.625 0.113299 0.00750001 0.0145139 0.00122547
0 0.512813 0.145 0.0125 0.0238889 0.0011692
7 0.966875 0.93 0.06625 0.137778 0.00108147
3 0.65125 0.162222 0.00750001 0.025 0.00104046
