0 0.0475391 0.610972 0.0950781 0.158056 0.946777
0 0.93 0.775 0.1175 0.207778 0.946777
0 0.0442188 0.338889 0.0642188 0.0777778 0.946289
0 0.52875 0.531667 0.0875 0.128889 0.939453
0 0.8775 0.542778 0.0825 0.156667 0.938477
0 0.7875 0.294444 0.0750001 0.0622222 0.934082
0 0.888125 0.507778 0.17125 0.133333 0.930176
0 0.97125 0.3125 0.0575 0.0716667 0.929199
0 0.914375 0.638889 0.13125 0.146667 0.924805
0 0.96375 0.926667 0.0725 0.146667 0.919434
0 0.390938 0.293333 0.069375 0.0772222 0.917969
0 0.0881055 0.530278 0.0837891 0.142778 0.916504
0 0.513125 0.241944 0.03375 0.0511111 0.912598
0 0.34375 0.291944 0.05125 0.0644445 0.905762
0 0.71875 0.275069 0.0425 0.0565278 0.905273
0 0.93 0.471111 0.14 0.11 0.901367
0 0.0392773 0.491389 0.0785547 0.110556 0.898926
0 0.69 0.212361 0.0300001 0.0494445 0.891602
0 0.423125 0.224583 0.03125 0.0475 0.873047
6 0.105 0.397222 0.0434375 0.103889 0.844727
3 0.223281 0.354722 0.02 0.0844445 0.842773
0 0.954688 0.425833 0.0906249 0.103889 0.825684
0 0.564375 0.141389 0.0175 0.0233333 0.820801
0 0.70875 0.260278 0.0375 0.0555556 0.818848
0 0.525625 0.141389 0.01375 0.0188889 0.813965
0 0.4075 0.244444 0.0325 0.0472222 0.792969
0 0.7 0.234444 0.0325 0.0494445 0.771973
0 0.439688 0.20125 0.02625 0.0433333 0.749023
0 0.391563 0.253889 0.034375 0.0444444 0.697754
0 0.471563 0.173611 0.019375 0.0294444 0.682617
0 0.365938 0.271944 0.033125 0.0483333 0.647949
0 0.481875 0.162778 0.0175 0.0266667 0.615234
0 0.534375 0.128056 0.01 0.0188889 0.386719
0 0.0155371 0.71 0.030957 0.206667 0.206909
0 0.533125 0.125139 0.01 0.0191667 0.19873
0 0.458125 0.184722 0.0175 0.03 0.14563
0 0.54125 0.114028 0.00999997 0.0144444 0.140381
0 0.67125 0.183611 0.0225 0.0411111 0.122925
0 0.695625 0.230556 0.0275 0.0472222 0.104126
0 0.540938 0.127778 0.010625 0.0172222 0.0585632
0 0.49 0.152222 0.015 0.025 0.0313721
0 0.405 0.251111 0.03875 0.0466667 0.0296478
0 0.708125 0.267292 0.03 0.0476389 0.0202942
3 0.221875 0.34 0.02 0.0677778 0.0188293
2 0.65625 0.177222 0.01 0.0305556 0.0158997
0 0.519375 0.13875 0.01125 0.0188889 0.0152512
0 0.66875 0.18 0.0225 0.0394445 0.0142288
0 0.9925 0.412222 0.015 0.0733333 0.00945282
0 0.99 0.418889 0.0199999 0.0844445 0.0078125
0 0.66 0.176667 0.01875 0.0319444 0.00740433
0 0.986875 0.429444 0.02625 0.0988889 0.00577545
0 0.61625 0.0990278 0.00750001 0.01125 0.00575256
0 0.426875 0.218056 0.04125 0.0522222 0.00526047
0 0.653125 0.158889 0.01625 0.0261111 0.00484848
0 0.66 0.165278 0.0175 0.0311111 0.00431442
0 0.623438 0.117778 0.01 0.0158333 0.00379562
0 0.39625 0.240417 0.038125 0.0402778 0.00342941
0 0.6425 0.138889 0.015 0.025 0.00324821
0 0.375625 0.238333 0.02625 0.0433333 0.00319672
0 0.635625 0.137778 0.01125 0.0208333 0.00317192
0 0.367188 0.281389 0.03625 0.0561111 0.00314713
0 0.55125 0.113333 0.009375 0.0136111 0.00309944
0 0.374688 0.268611 0.045625 0.0572222 0.0029583
5 0.60375 0.0704167 0.00625 0.0158333 0.00292397
0 0.464688 0.185278 0.019375 0.0333333 0.00291252
0 0.98375 0.418333 0.0325 0.0838889 0.00287819
0 0.551875 0.103333 0.00874996 0.0127778 0.00260162
0 0.38 0.246667 0.04125 0.0555556 0.00256157
0 0.496875 0.140972 0.01 0.0205556 0.00255013
0 0.521563 0.124722 0.009375 0.0191667 0.00245285
0 0.97125 0.397222 0.035 0.0522222 0.00235939
0 0.995 0.301667 0.00999997 0.0633333 0.00228691
0 0.59375 0.0795139 0.00499999 0.00916667 0.00221634
0 0.5425 0.107917 0.00874996 0.0183333 0.00202751
3 0.74 0.205 0.00999997 0.0388889 0.00198746
0 0.64875 0.155833 0.0125 0.025 0.00195694
0 0.965 0.4075 0.06875 0.0727778 0.00183868
3 0.170625 0.265556 0.0109375 0.0416667 0.00168705
0 0.383125 0.286389 0.05625 0.0711111 0.0016489
0 0.981875 0.407222 0.03625 0.0711111 0.00163555
0 0.5675 0.14 0.03 0.0261111 0.00161648
0 0.5 0.145278 0.01 0.0205556 0.0015974
0 0.470625 0.166944 0.015625 0.0288889 0.00154305
7 0.96375 0.927222 0.07125 0.143333 0.00142097
0 0.63375 0.130139 0.015 0.0225 0.00141621
0 0.5 0.146389 0.015 0.0211111 0.00136662
0 0.499375 0.139444 0.01375 0.0225 0.00135612
0 0.107109 0.358889 0.0375 0.0333333 0.00121593
0 0.454375 0.191389 0.025 0.0372222 0.00119686
0 0.0110156 0.594444 0.0219922 0.116667 0.0011692
0 0.37125 0.261389 0.035 0.0466667 0.00109863
5 0.605 0.0773611 0.00562496 0.0127778 0.00106907
0 0.61875 0.112639 0.009375 0.0147222 0.00102043
