0 0.0523438 0.620556 0.104375 0.156667 0.947754
0 0.936875 0.782778 0.11875 0.208889 0.944824
0 0.0515234 0.346111 0.0650781 0.0777778 0.936035
0 0.974375 0.319444 0.05125 0.0733333 0.932617
0 0.895 0.514722 0.17 0.133889 0.931152
0 0.095625 0.54 0.084375 0.143333 0.927246
0 0.795 0.300556 0.075 0.06 0.925781
0 0.88375 0.552222 0.08375 0.157778 0.924805
0 0.920625 0.645556 0.13125 0.146667 0.924316
0 0.9675 0.931111 0.065 0.136667 0.918457
0 0.93375 0.480556 0.1325 0.117778 0.904785
0 0.399688 0.267222 0.035625 0.0516667 0.903809
0 0.72625 0.283889 0.0425 0.0577778 0.901855
0 0.373125 0.286111 0.0425 0.0594444 0.900391
0 0.43 0.233333 0.03125 0.0472222 0.871582
0 0.6975 0.219167 0.03 0.0483333 0.870605
0 0.414375 0.251042 0.03375 0.0468056 0.86084
0 0.5325 0.149861 0.015 0.0202778 0.834473
0 0.9575 0.429444 0.08375 0.0966667 0.823242
5 0.56 0.116111 0.0125 0.0233333 0.81543
0 0.70625 0.241111 0.035 0.0516667 0.743164
0 0.715 0.267708 0.0362501 0.0556944 0.73584
0 0.48875 0.170972 0.018125 0.0308333 0.694336
2 0.628125 0.166806 0.00874996 0.0261111 0.686035
0 0.448438 0.208889 0.0275 0.0425 0.682617
0 0.543125 0.136389 0.011875 0.0177778 0.665527
0 0.474375 0.183889 0.02125 0.0355555 0.638672
0 0.0191309 0.714444 0.0382617 0.195556 0.472656
2 0.6375 0.157222 0.00750001 0.0247222 0.161865
0 0.958125 0.445833 0.0825 0.0844445 0.158691
0 0.462813 0.194444 0.019375 0.0344444 0.125977
0 0.675 0.190139 0.02 0.0319444 0.0603027
0 0.5025 0.155 0.01375 0.0241667 0.0596619
0 0.46625 0.191667 0.01625 0.0308333 0.0526123
0 0.44125 0.217222 0.02375 0.0388889 0.0446777
0 0.536563 0.141111 0.011875 0.02 0.033844
0 0.52875 0.145972 0.0125 0.0247222 0.0264587
0 0.534063 0.145 0.01375 0.0233333 0.0208893
2 0.635625 0.163611 0.00437501 0.0233333 0.0171814
3 0.65125 0.161111 0.00625 0.0208333 0.0135345
5 0.560313 0.112639 0.0137499 0.0286111 0.01297
0 0.709375 0.268333 0.02625 0.0472222 0.0127258
0 0.63125 0.127778 0.01 0.0155556 0.01017
0 0.669375 0.184583 0.01875 0.0277778 0.0085144
0 0.634375 0.133611 0.00750001 0.0161111 0.00847626
0 0.665 0.166528 0.0175001 0.0280556 0.00818634
0 0.665 0.176389 0.0199999 0.0266667 0.00812531
7 0.31375 0.761667 0.00843748 0.0155556 0.00793457
0 0.49875 0.161806 0.015 0.0255555 0.00695801
0 0.545 0.13125 0.011875 0.0175 0.00679779
0 0.678125 0.195556 0.01875 0.0316667 0.00666809
0 0.545 0.126111 0.00999997 0.0205556 0.00593567
0 0.505625 0.154444 0.01375 0.0222222 0.00559998
0 0.67375 0.185833 0.02 0.0338889 0.0053215
6 0.641875 0.155 0.00875003 0.025 0.00498199
5 0.561875 0.110278 0.0125 0.0241667 0.00460815
0 0.510625 0.150694 0.013125 0.0216667 0.00455475
0 0.470938 0.188194 0.020625 0.04 0.00450516
0 0.0391992 0.581111 0.0783984 0.0977778 0.00445175
3 0.37625 0.25 0.010625 0.0338889 0.00426483
0 0.66375 0.163194 0.02 0.0291667 0.00413513
0 0.441875 0.213056 0.035 0.0530555 0.00391388
0 0.63125 0.121806 0.01 0.0138889 0.00365067
0 0.71625 0.252778 0.0375 0.0577778 0.00348282
3 0.109219 0.342778 0.0078125 0.03 0.00322342
0 0.970625 0.417222 0.05875 0.0733333 0.00317192
0 0.629063 0.134167 0.00999997 0.0158333 0.00291252
0 0.66 0.1675 0.015 0.0238889 0.00288963
0 0.624688 0.115278 0.00562503 0.0138889 0.00235939
0 0.0166699 0.603333 0.0333398 0.122222 0.00235939
0 0.475625 0.1775 0.02125 0.0355556 0.00218201
0 0.0114648 0.603889 0.0229297 0.117778 0.0019722
7 0.385 0.778889 0.00687501 0.0155555 0.00189686
0 0.658125 0.161944 0.01625 0.0272222 0.00178242
7 0.393438 0.779444 0.00625 0.0155555 0.00168705
7 0.355625 0.772222 0.00749998 0.0177778 0.0016613
7 0.375938 0.776667 0.00687501 0.0177778 0.0016613
3 0.705 0.176389 0.00499999 0.0252778 0.00153637
0 0.0426563 0.567222 0.0853125 0.0822222 0.00152493
0 0.993125 0.411111 0.0137499 0.07 0.00138855
7 0.305938 0.760556 0.00875003 0.0155555 0.0012846
0 0.0252344 0.607778 0.0504688 0.134444 0.00119686
5 0.624375 0.104236 0.00749995 0.0154167 0.00110722
7 0.9675 0.931111 0.065 0.136667 0.00108624
0 0.99375 0.884444 0.0124999 0.08 0.00107288
