0 0.0442188 0.338056 0.064375 0.0772222 0.951172
0 0.0475781 0.610139 0.0951563 0.159722 0.945312
0 0.93 0.774444 0.11875 0.208889 0.945312
6 0.721875 0.883333 0.11 0.232222 0.942871
0 0.876875 0.542778 0.0825 0.156667 0.939453
0 0.888125 0.507222 0.17125 0.133333 0.930664
0 0.97125 0.312778 0.0575 0.0727778 0.928711
0 0.91375 0.637778 0.13125 0.144444 0.924316
0 0.344922 0.292222 0.0551562 0.0644445 0.922363
0 0.96375 0.926667 0.0725 0.144444 0.917969
0 0.0877344 0.529722 0.0845313 0.141667 0.908203
0 0.499063 0.207083 0.03 0.0444444 0.906738
0 0.71875 0.274722 0.045 0.0566667 0.905273
0 0.93 0.470556 0.14 0.108889 0.904785
0 0.0390234 0.491111 0.0780469 0.11 0.893066
0 0.391563 0.257778 0.036875 0.0522222 0.885742
0 0.69 0.211389 0.0300001 0.05 0.882324
3 0.1975 0.592222 0.035625 0.156667 0.868652
0 0.366875 0.276111 0.03625 0.0572222 0.866211
0 0.4075 0.243056 0.0325 0.045 0.851074
0 0.954688 0.425833 0.0906249 0.103333 0.836426
0 0.70875 0.260278 0.0375 0.0555556 0.811523
0 0.525 0.141667 0.015 0.0183333 0.789062
0 0.699375 0.232778 0.03375 0.0522222 0.775879
0 0.42375 0.223056 0.03125 0.0455556 0.766113
0 0.4825 0.160556 0.0175 0.0272222 0.704102
0 0.4725 0.173889 0.02 0.0283333 0.699219
0 0.440625 0.201944 0.0275 0.0444444 0.651367
0 0.818125 0.962222 0.10125 0.0755555 0.443604
0 0.534375 0.1275 0.01 0.0194445 0.373779
6 0.44 0.234722 0.015 0.0477778 0.309082
0 0.0154883 0.708889 0.0308984 0.208889 0.26123
2 0.43875 0.233056 0.0175 0.0511111 0.178345
0 0.671875 0.184444 0.02375 0.0422222 0.119995
0 0.45875 0.184722 0.01625 0.0294444 0.044342
0 0.45625 0.186389 0.02 0.0333333 0.0380249
0 0.52 0.135 0.01125 0.0194444 0.0223694
0 0.70875 0.267222 0.0300001 0.0477778 0.0190582
0 0.775625 0.958889 0.18375 0.08 0.0150757
0 0.9925 0.412778 0.015 0.0727778 0.0133743
0 0.990625 0.417778 0.0187499 0.0844445 0.0127716
0 0.58375 0.0819444 0.00500005 0.00833333 0.00974274
0 0.540313 0.127778 0.011875 0.0177778 0.00937653
3 0.74 0.204167 0.00749995 0.0366667 0.00874329
0 0.9875 0.429722 0.0249999 0.0994445 0.00844574
0 0.492813 0.151806 0.014375 0.0280556 0.00679779
2 0.6575 0.176667 0.01125 0.0294444 0.00634003
0 0.65875 0.176111 0.0175001 0.0311111 0.00446701
0 0.625 0.115972 0.01 0.0147222 0.00400543
0 0.984375 0.419444 0.0312499 0.085 0.00370789
0 0.654375 0.158889 0.0175 0.0255556 0.00337601
3 0.82875 0.276597 0.00999997 0.0801389 0.00228691
0 0.48125 0.195833 0.02375 0.0494445 0.00209999
0 0.658125 0.165 0.02125 0.0336111 0.0020504
0 0.65125 0.158889 0.015 0.0227778 0.00203514
0 0.616875 0.0986111 0.00687497 0.0116667 0.00188255
0 0.98125 0.428889 0.0374999 0.1 0.00183868
0 0.960625 0.408889 0.0775 0.0755556 0.00179577
0 0.99375 0.305 0.0124999 0.0672222 0.00173378
3 0.736875 0.200833 0.00749995 0.0333333 0.00172043
0 0.54 0.121944 0.0112501 0.0194445 0.0017004
0 0.00597168 0.464444 0.0119238 0.0733333 0.0016489
0 0.465625 0.185556 0.02 0.035 0.00160408
0 0.49 0.142222 0.0125 0.0233333 0.00151253
0 0.64625 0.157639 0.0125 0.0219444 0.0011692
7 0.96375 0.927222 0.07 0.143333 0.00112438
0 0.394375 0.239167 0.039375 0.0411111 0.0011158
