0 0.0514844 0.619444 0.102813 0.156667 0.947266
0 0.935 0.783333 0.1175 0.211111 0.947266
0 0.883125 0.551111 0.08375 0.156667 0.932617
0 0.89375 0.514444 0.17 0.134444 0.932129
0 0.974375 0.318889 0.05125 0.0722222 0.931641
0 0.0507422 0.345556 0.0641406 0.0777778 0.931152
0 0.96625 0.93 0.0675 0.137778 0.928223
0 0.79375 0.300556 0.07375 0.0622222 0.927246
0 0.0950781 0.540972 0.0840625 0.1425 0.924805
0 0.92 0.645 0.13125 0.145556 0.920898
0 0.3525 0.300556 0.055 0.0644445 0.908203
0 0.9325 0.478333 0.135 0.112222 0.901855
0 0.725 0.282778 0.0425 0.0572222 0.898926
0 0.399063 0.266042 0.035625 0.05125 0.896973
0 0.0423047 0.501111 0.0846094 0.111111 0.889648
0 0.69625 0.21875 0.0300001 0.0491667 0.879883
0 0.429063 0.232083 0.031875 0.0480555 0.875
2 0.135938 0.414722 0.060625 0.0855555 0.864258
0 0.41375 0.251667 0.033125 0.0472222 0.862305
0 0.9575 0.430278 0.08375 0.0994444 0.86084
0 0.374375 0.283889 0.03625 0.0566667 0.85791
0 0.531875 0.148889 0.015625 0.0194444 0.834473
2 0.280625 0.344722 0.0375 0.0694444 0.833496
0 0.71375 0.268056 0.035 0.0544445 0.729492
0 0.705 0.241667 0.035 0.0505556 0.720215
0 0.488125 0.170278 0.01875 0.0305556 0.712402
0 0.447188 0.20875 0.02875 0.0447222 0.679199
0 0.47375 0.183472 0.021875 0.0369444 0.673828
2 0.342188 0.348889 0.038125 0.0733333 0.625977
0 0.541563 0.133333 0.013125 0.0211111 0.550781
0 0.0184961 0.722222 0.0369141 0.206667 0.352295
5 0.5675 0.102708 0.00874996 0.0165278 0.305664
0 0.505 0.152639 0.01375 0.0238889 0.119629
0 0.67875 0.194583 0.0225 0.0369444 0.0960083
3 0.375313 0.252778 0.011875 0.0438889 0.0913696
0 0.0133398 0.474167 0.0266016 0.0766667 0.0441895
0 0.551875 0.117778 0.00750001 0.0144444 0.0340881
0 0.71 0.268958 0.0275 0.0465278 0.0272217
0 0.529375 0.145278 0.01375 0.0233333 0.0254669
0 0.44125 0.215278 0.0275 0.0433333 0.0227966
0 0.465938 0.190278 0.016875 0.0383333 0.0143356
0 0.66875 0.183889 0.02 0.0288889 0.012825
0 0.535625 0.139722 0.0125 0.0211111 0.0112915
0 0.542188 0.129444 0.01375 0.0258333 0.0104904
0 0.544375 0.127361 0.013125 0.0191667 0.0100555
0 0.0104102 0.601111 0.0208203 0.124444 0.005867
0 0.98375 0.419167 0.0325 0.0805556 0.00570679
0 0.0115625 0.462778 0.023125 0.0955556 0.00557709
0 0.99125 0.411111 0.0175 0.0722222 0.00496292
3 0.3675 0.226667 0.00687501 0.0505555 0.00436401
0 0.0142969 0.574583 0.0285938 0.201944 0.0042305
0 0.66625 0.180417 0.02 0.0294444 0.00413513
0 0.470938 0.186667 0.019375 0.0422222 0.00408554
0 0.9925 0.575 0.015 0.0844445 0.00363541
2 0.636875 0.134444 0.00875003 0.0186111 0.00356483
0 0.659375 0.165278 0.01625 0.0266667 0.00348282
0 0.9725 0.43 0.055 0.0977778 0.00317192
0 0.00710449 0.4475 0.0141504 0.111667 0.00266266
0 0.0206445 0.606111 0.0412891 0.14 0.00265312
5 0.566875 0.0984722 0.00999997 0.0191667 0.0024147
0 0.0130078 0.493333 0.0258594 0.0794444 0.00221634
0 0.98875 0.418889 0.0225 0.0866667 0.00216484
0 0.655 0.160278 0.015 0.0266667 0.00208282
0 0.505625 0.147778 0.01125 0.0266667 0.00206757
0 0.509063 0.148889 0.014375 0.0216667 0.00200272
0 0.0150293 0.596667 0.0300586 0.131111 0.00192642
0 0.0117773 0.582361 0.0235547 0.155278 0.00186062
5 0.558438 0.104444 0.00875003 0.0172222 0.00183868
0 0.665625 0.173333 0.01875 0.0325 0.00177479
3 0.107813 0.355 0.0096875 0.0577778 0.00172043
0 0.0683594 0.863889 0.0465625 0.0588889 0.00161076
0 0.64875 0.150417 0.0125 0.0233333 0.00153637
3 0.930625 0.275556 0.01125 0.0683333 0.00153065
0 0.49875 0.161389 0.015 0.0255556 0.00146675
7 0.96625 0.93 0.0675 0.137778 0.00146675
0 0.5125 0.144306 0.01125 0.0225 0.00139904
3 0.375 0.236667 0.01125 0.0488889 0.00139427
0 0.00442871 0.441111 0.00885742 0.115556 0.00138855
0 0.975 0.409444 0.0475 0.0622222 0.00116062
0 0.993125 0.560556 0.0137499 0.103333 0.00111198
0 0.59625 0.785556 0.065625 0.0577778 0.00106525
0 0.012666 0.535556 0.0252539 0.0877778 0.00105286
0 0.625 0.11375 0.00687504 0.0144444 0.00102043
3 0.931875 0.288958 0.015 0.0865278 0.00100803
