0 0.189531 0.924444 0.200625 0.151111 0.949219
0 0.0462109 0.605556 0.0924219 0.158889 0.948242
0 0.9275 0.772222 0.1175 0.207778 0.946777
0 0.042041 0.334444 0.0635742 0.0755556 0.943359
0 0.7725 0.291111 0.06625 0.0633333 0.938477
0 0.875 0.538889 0.0825 0.152222 0.935059
5 0.604375 0.115521 0.02875 0.0545139 0.930176
0 0.343438 0.288611 0.054375 0.0622222 0.928711
0 0.88625 0.503889 0.17125 0.134444 0.928711
0 0.97 0.31 0.06 0.0716667 0.928223
0 0.91125 0.634444 0.13 0.144444 0.923828
0 0.0885156 0.526667 0.0792188 0.141111 0.919434
0 0.92875 0.468056 0.1425 0.111111 0.916016
0 0.9625 0.927222 0.0725 0.144444 0.908691
0 0.7175 0.271667 0.0425 0.0561111 0.904785
0 0.6875 0.208611 0.02875 0.0497222 0.877441
0 0.0371875 0.486111 0.074375 0.105556 0.868652
0 0.39 0.254444 0.03625 0.0511111 0.86084
0 0.42 0.220694 0.03125 0.045 0.855957
0 0.365313 0.271944 0.034375 0.0555556 0.839844
0 0.5225 0.138056 0.015 0.0205556 0.835449
6 0.621563 0.218472 0.02 0.0486111 0.82666
0 0.954063 0.423889 0.091875 0.106111 0.822266
0 0.400938 0.239167 0.029375 0.0472222 0.809082
0 0.569375 0.12375 0.02375 0.0172222 0.78418
0 0.705 0.2575 0.035 0.055 0.773438
0 0.469688 0.170278 0.018125 0.0288889 0.746094
3 0.73 0.233056 0.01 0.0422222 0.669922
0 0.47875 0.160556 0.018125 0.03 0.663574
3 0.93 0.297778 0.00875003 0.0477778 0.662598
0 0.438125 0.195972 0.02625 0.0422222 0.622559
5 0.56125 0.106389 0.014375 0.0263889 0.57959
0 0.70125 0.234306 0.0325 0.0491667 0.562012
0 0.5325 0.123472 0.0125 0.0213889 0.535156
3 0.72875 0.236528 0.00999997 0.0447222 0.348633
0 0.66875 0.18125 0.0225 0.0386111 0.143677
5 0.56125 0.113611 0.015 0.0277778 0.116333
0 0.633125 0.130278 0.01125 0.0205556 0.110107
0 0.70375 0.24 0.0325 0.0522222 0.107422
0 0.0100513 0.562778 0.0199365 0.0977778 0.0939941
0 0.695625 0.228056 0.02625 0.0438889 0.0927124
0 0.0114844 0.583333 0.0229688 0.128889 0.085083
0 0.45875 0.181806 0.02125 0.0322222 0.0690308
0 0.396875 0.246111 0.02875 0.0438889 0.0605164
3 0.92875 0.297222 0.00875003 0.0522222 0.058136
0 0.490625 0.148889 0.015 0.0261111 0.0531921
0 0.530625 0.124444 0.0125 0.0205556 0.0520325
0 0.0147656 0.696667 0.0294922 0.178889 0.0456848
0 0.6025 0.0772222 0.00749995 0.0138889 0.0264587
0 0.587813 0.0786111 0.00687504 0.0111111 0.0253754
0 0.99 0.43 0.0199999 0.104444 0.0247955
0 0.620313 0.215833 0.020625 0.0433333 0.0235596
0 0.655 0.161389 0.02 0.0261111 0.0214539
0 0.0223633 0.573333 0.0447266 0.105556 0.016922
0 0.673125 0.187778 0.02125 0.0369445 0.0137405
0 0.65875 0.171111 0.0175001 0.0333333 0.0122375
3 0.72375 0.196944 0.00499999 0.0277778 0.0115967
3 0.801875 0.241944 0.01 0.0422222 0.011467
0 0.435625 0.204861 0.02375 0.0427778 0.01017
0 0.493125 0.145139 0.015 0.0255555 0.00978088
0 0.9925 0.414444 0.015 0.0822222 0.00963593
0 0.695625 0.228611 0.0375 0.0483333 0.00584412
0 0.6325 0.124722 0.00999997 0.0197222 0.00575256
3 0.735 0.203333 0.00625 0.0369444 0.00572968
0 0.9825 0.427778 0.035 0.104444 0.00519943
0 0.0125293 0.55 0.0249414 0.103333 0.00482941
3 0.73875 0.210556 0.00999997 0.0394445 0.00457382
3 0.728125 0.221111 0.00874996 0.0538889 0.00408554
0 0.625 0.120833 0.00874996 0.0188889 0.00397491
0 0.646875 0.15 0.01875 0.0258333 0.00383949
0 0.541875 0.105 0.00999997 0.0161111 0.00329781
0 0.482188 0.15 0.0175 0.0316667 0.00263214
0 0.45875 0.173611 0.025 0.0366667 0.002388
0 0.557188 0.0845139 0.00687497 0.0104167 0.00223351
0 0.534375 0.108403 0.010625 0.02125 0.00213242
0 0.00905273 0.460556 0.0181055 0.0755556 0.00209045
3 0.93125 0.289167 0.01875 0.065 0.00209045
0 0.64 0.137778 0.01625 0.025 0.0020504
0 0.379688 0.250556 0.043125 0.0588889 0.00203514
0 0.54 0.116667 0.0112501 0.0194444 0.00191212
0 0.68125 0.211111 0.03 0.0522222 0.00191212
0 0.9925 0.4625 0.015 0.0861111 0.00188923
0 0.65875 0.176389 0.0125 0.0311111 0.00187492
0 0.658125 0.165556 0.02125 0.0322222 0.00185299
0 0.5 0.144444 0.00874999 0.0211111 0.00178242
0 0.53125 0.126389 0.01 0.0233333 0.0016613
0 0.501875 0.144861 0.01125 0.0227778 0.0015974
0 0.99125 0.443889 0.0175 0.0988889 0.00152493
0 0.00509766 0.457222 0.0101758 0.0666667 0.00146675
0 0.471563 0.167778 0.018125 0.0311111 0.00141048
0 0.59625 0.0797917 0.00625 0.00944444 0.00133038
5 0.6025 0.0713889 0.00749995 0.0177778 0.00131512
0 0.0121094 0.471111 0.0242188 0.0777778 0.00131512
0 0.0120703 0.510278 0.0240625 0.0761111 0.00130463
0 0.955625 0.407222 0.08375 0.0755555 0.00123501
0 0.64125 0.1475 0.015 0.0222222 0.00117874
3 0.71625 0.187222 0.00499999 0.0247222 0.00117397
7 0.0463281 0.606528 0.0914063 0.158056 0.00108624
3 0.3975 0.202361 0.01 0.0358333 0.00105667
