0 0.243281 0.741667 0.179063 0.281111 0.962891
0 0.0479688 0.812778 0.0959375 0.294444 0.959961
0 0.479375 0.778889 0.17 0.322222 0.95752
0 0.528125 0.247778 0.176875 0.118889 0.928711
2 0.215625 0.391389 0.085625 0.156111 0.927246
0 0.516563 0.102014 0.129375 0.0920833 0.921875
3 0.785625 0.437222 0.04 0.174444 0.915039
0 0.265625 0.0523437 0.046875 0.0705903 0.896973
3 0.515 0.494444 0.05625 0.192222 0.885254
3 0.42 0.483611 0.0375 0.185 0.875977
3 0.243438 0.496111 0.04625 0.185556 0.857422
0 0.117578 0.0856944 0.0507813 0.0636111 0.854004
0 0.204688 0.0606944 0.044375 0.0634722 0.852051
2 0.142344 0.373611 0.0859375 0.128889 0.850586
0 0.157031 0.0590104 0.0475 0.0661458 0.849121
0 0.323125 0.0463194 0.040625 0.0634722 0.845703
0 0.229063 0.0406771 0.039375 0.0561458 0.844727
0 0.34 0.0254167 0.038125 0.0508333 0.79834
3 0.0726563 0.452222 0.0346875 0.201111 0.784668
2 0.935625 0.0640278 0.02125 0.0672222 0.774414
0 0.297031 0.0281597 0.03625 0.0563194 0.771973
3 0.113281 0.436667 0.03 0.148889 0.751953
3 0.975 0.0458333 0.01 0.065 0.725098
5 0.700156 0.107083 0.127187 0.0972222 0.716797
0 0.25125 0.0219792 0.03375 0.0428472 0.665527
3 0.26 0.4825 0.0453125 0.172778 0.645996
0 0.699375 0.107431 0.12625 0.0970833 0.642578
2 0.21375 0.0899306 0.04 0.0598611 0.594727
0 0.180781 0.0418056 0.034375 0.0484722 0.57959
3 0.130781 0.443611 0.0284375 0.181667 0.546875
0 0.213438 0.089375 0.0375 0.0593056 0.44165
2 0.82 0.0245486 0.0125 0.0467361 0.354004
3 0.554063 0.0459028 0.0112501 0.05375 0.309082
3 0.265625 0.485278 0.031875 0.171667 0.2323
3 0.85375 0.0334375 0.00875003 0.0474306 0.168335
2 0.553438 0.0490278 0.011875 0.0597222 0.153076
3 0.1325 0.451111 0.0203125 0.167778 0.135742
0 0.36 0.00875 0.0275 0.0175 0.126831
3 0.8525 0.0318056 0.00750001 0.0436111 0.118774
0 0.368125 0.00832465 0.029375 0.0161285 0.0750122
3 0.0658594 0.429444 0.0260938 0.166667 0.0607605
0 0.775 0.996111 0.1 0.00777769 0.0528259
2 0.82 0.0203472 0.01 0.0406944 0.0469971
3 0.25 0.484444 0.0653125 0.173333 0.0453491
0 0.31125 0.0160417 0.0275 0.0320833 0.0370483
0 0.166875 0.0529861 0.029375 0.0576389 0.0367737
2 0.0664063 0.417222 0.0267188 0.145556 0.0317383
2 0.203281 0.0661111 0.0459375 0.0641667 0.0305634
2 0.5525 0.0561111 0.0199999 0.0656944 0.0303345
3 0.173125 0.0745833 0.015625 0.0636111 0.0294189
0 0.3725 0.0111458 0.0225 0.0222917 0.0248413
3 0.187813 0.0727778 0.013125 0.0627778 0.024704
0 0.77125 0.993889 0.07 0.0122222 0.0232391
3 0.168906 0.0647222 0.026875 0.065 0.0207977
3 0.0650781 0.404167 0.0234375 0.118333 0.0200195
2 0.56 0.066684 0.035 0.0730208 0.0185394
2 0.99625 0.0234028 0.00749995 0.0468056 0.0177765
2 0.0651563 0.398333 0.02375 0.106667 0.0163422
0 0.171875 0.0424306 0.029375 0.0476389 0.0162811
3 0.254063 0.481667 0.02875 0.167778 0.0126724
0 0.216563 0.0479167 0.025625 0.0484722 0.0120544
3 0.265313 0.506111 0.02875 0.127778 0.0115051
3 0.245625 0.482778 0.034375 0.17 0.0100098
2 0.068125 0.371667 0.02625 0.0555556 0.00997162
3 0.0733594 0.483889 0.0314062 0.137778 0.00974274
3 0.871875 0.0764583 0.01875 0.0604167 0.00912476
0 0.77625 0.993333 0.1 0.0111111 0.00871277
2 0.211563 0.353889 0.04 0.0844445 0.00867462
3 0.253125 0.463889 0.025 0.135556 0.0085144
3 0.435 0.498333 0.015 0.142222 0.00818634
7 0.87125 0.0729167 0.0125 0.0525 0.0069046
3 0.0748047 0.436111 0.0330469 0.152222 0.0068512
3 0.2475 0.4525 0.035625 0.109444 0.00666809
0 0.2125 0.0643229 0.0390625 0.0677431 0.00629044
2 0.82625 0.0243403 0.0225 0.0453472 0.00614548
3 0.118828 0.438056 0.0235937 0.171111 0.00600433
3 0.278437 0.0643056 0.0225 0.0761111 0.00572968
0 0.268125 0.042934 0.048125 0.0616319 0.00559998
3 0.885 0.0305208 0.00875003 0.0538194 0.0053215
2 0.79625 0.0144097 0.00749995 0.025 0.00530243
2 0.22125 0.355556 0.07125 0.0916667 0.00481033
3 0.169688 0.0718056 0.0175 0.0675 0.00479126
0 0.753125 0.991389 0.0875 0.0172222 0.00453949
2 0.135156 0.0108333 0.01375 0.0209722 0.0041008
3 0.111797 0.427222 0.0235938 0.125556 0.00379562
0 0.98625 0.823333 0.02625 0.0377778 0.00356483
3 0.176563 0.0586111 0.02125 0.0545833 0.00355148
0 0.364375 0.0141667 0.0275 0.0275694 0.00342941
0 0.775 0.996111 0.0975 0.00777769 0.00331116
0 0.536563 0.0820139 0.085625 0.0509722 0.00284576
2 0.131484 0.397222 0.0604687 0.0888889 0.0026722
3 0.269688 0.0569444 0.035625 0.0718056 0.00253105
3 0.0941992 0.441667 0.0812891 0.182222 0.00253105
3 0.8725 0.0907639 0.025 0.0865278 0.0024147
0 0.270625 0.0179253 0.03125 0.0348438 0.00237846
3 0.126406 0.430833 0.040625 0.157222 0.00230598
2 0.105156 0.435556 0.104688 0.178889 0.00227928
2 0.508438 0.0745833 0.02 0.04125 0.00223351
0 0.220625 0.0397917 0.05 0.0619444 0.00221634
2 0.520625 0.0768056 0.0425 0.0436111 0.00218201
0 0.375625 0.00923611 0.0225 0.0166667 0.00216484
3 0.201875 0.0698611 0.049375 0.0602778 0.00209045
0 0.125781 0.00993056 0.026875 0.0184722 0.0020504
3 0.43375 0.483333 0.03125 0.17 0.00200272
2 0.128125 0.416667 0.045625 0.125556 0.00188923
2 0.84875 0.0332639 0.015 0.0563889 0.00188255
3 0.975625 0.0538889 0.01625 0.0511111 0.00186062
2 0.0729688 0.411667 0.041875 0.144444 0.00182438
3 0.254375 0.446389 0.0175 0.105 0.00176811
3 0.77875 0.435 0.025 0.17 0.00176811
3 0.435313 0.492778 0.02375 0.15 0.00169373
3 0.125625 0.416944 0.0496875 0.123889 0.00157928
2 0.211875 0.363056 0.0559375 0.100556 0.00157356
0 0.870625 0.12125 0.03875 0.0777778 0.00150108
2 0.554063 0.0727083 0.051875 0.0718056 0.00144958
3 0.119219 0.436111 0.0526563 0.162222 0.00139427
2 0.98 0.853333 0.00999997 0.0244445 0.00138855
3 0.128125 0.400833 0.0446875 0.0966667 0.00136662
2 0.79625 0.0190278 0.00999997 0.0330556 0.00125504
0 0.991875 0.824444 0.015 0.0355556 0.00117397
2 0.83125 0.0292014 0.0325 0.0575694 0.00116062
3 0.135625 0.447222 0.0278125 0.177778 0.00112057
3 0.34375 0.0565972 0.0375 0.0802778 0.0011158
3 0.158047 0.0629167 0.0429688 0.0668056 0.00110722
2 0.0517969 0.02 0.0132813 0.0358333 0.00108147
2 0.135781 0.396944 0.071875 0.128889 0.00103188
