0 0.243281 0.741111 0.179063 0.28 0.961914
0 0.479063 0.778333 0.169375 0.323333 0.957031
0 0.72875 0.115139 0.12125 0.0805556 0.926758
0 0.185156 0.282222 0.181563 0.141111 0.925781
0 0.565 0.103889 0.11625 0.0805556 0.924805
0 0.0245313 0.181528 0.0490625 0.0875 0.903809
2 0.4075 0.0756944 0.0425 0.075 0.876953
0 0.204688 0.0617361 0.045 0.0652778 0.875
0 0.265625 0.0527083 0.045625 0.0705556 0.869629
0 0.118125 0.0865972 0.0503125 0.0648611 0.869629
0 0.156563 0.0589583 0.046875 0.0676389 0.848145
0 0.229063 0.0418056 0.04 0.0579167 0.847168
0 0.32375 0.045625 0.04125 0.0602778 0.841797
0 0.0277344 0.0361111 0.0467969 0.0627778 0.816406
0 0.34 0.0245139 0.03875 0.0490278 0.808105
2 0.280938 0.0894445 0.0409375 0.0686111 0.740234
0 0.181094 0.0415104 0.0334375 0.0503125 0.728027
2 0.994375 0.0676389 0.01125 0.0541667 0.725098
5 0.0421094 0.13625 0.0832813 0.0888889 0.640625
0 0.252813 0.0215885 0.03125 0.0427951 0.631836
0 0.995 0.201667 0.00999997 0.0977778 0.592773
2 0.97625 0.0428993 0.0125 0.0661458 0.44165
3 0.97625 0.0436285 0.0125 0.0657986 0.418701
4 0.0419141 0.129132 0.0833594 0.102292 0.379395
2 0.76375 0.0121441 0.00999997 0.0234896 0.230957
0 0.00410645 0.278958 0.00821289 0.126528 0.106689
2 0.569688 0.0715278 0.0175001 0.05 0.0510864
0 0.99625 0.235417 0.00749995 0.111389 0.0438538
0 0.1575 0.0223698 0.040625 0.040816 0.0411377
2 0.995 0.0227083 0.00999997 0.0451389 0.0358276
2 0.56875 0.0627083 0.01625 0.0623611 0.0354004
2 0.7325 0.0838194 0.02 0.0380556 0.0334778
3 0.324375 0.0814583 0.01625 0.0620833 0.0321045
0 0.0652344 0.0122222 0.04 0.0238194 0.0268555
2 0.99625 0.0189497 0.00749995 0.0361285 0.0257568
0 0.0801367 0.0103819 0.0269141 0.0198611 0.025177
2 0.576875 0.0804167 0.043125 0.0525 0.0241394
0 0.355625 0.0153125 0.023125 0.030625 0.0240479
3 0.178594 0.0681944 0.0259375 0.0604167 0.0118256
2 0.97875 0.0430729 0.015 0.0694097 0.0112457
0 0.0907031 0.0107552 0.0371875 0.0202951 0.01017
0 0.0815625 0.0125694 0.034375 0.0242361 0.00828552
0 0.7725 0.992222 0.1 0.0122223 0.00815582
2 0.359688 0.0699826 0.026875 0.0739236 0.00803375
0 0.28 0.0881945 0.043125 0.0725 0.00737381
2 0.765 0.0131597 0.0125 0.0263194 0.00734711
0 0.164336 0.0374306 0.0413281 0.0426389 0.00641251
0 0.764375 0.992222 0.08625 0.0155555 0.00605011
2 0.56875 0.0571007 0.02125 0.0666319 0.00584412
3 0.979375 0.0542361 0.0125 0.0516667 0.00540543
2 0.76875 0.0129167 0.02 0.0220139 0.00510025
0 0.0646875 0.0131944 0.0264062 0.0263889 0.00473785
2 0.98125 0.0455556 0.02125 0.0705556 0.00450516
0 0.0367188 0.0160417 0.0423438 0.0283333 0.00416565
1 0.0450684 0.0354167 0.0779883 0.0669444 0.00408554
0 0.171875 0.0504861 0.0253125 0.0533333 0.00340271
3 0.187656 0.0719444 0.0128125 0.0611111 0.00331116
2 0.99 0.0186806 0.015 0.0336111 0.003088
0 0.00435303 0.300486 0.00870606 0.127917 0.003088
0 0.2475 0.0290972 0.035 0.0440278 0.00276756
3 0.171875 0.0693056 0.030625 0.0647222 0.00244331
3 0.885 0.030625 0.00749995 0.0545833 0.00226974
2 0.567813 0.0822917 0.034375 0.0454167 0.00223351
2 0.569375 0.0881944 0.07625 0.0986111 0.0020752
3 0.765 0.0174306 0.0125 0.0331944 0.00206757
3 0.174063 0.0720833 0.0178125 0.0638889 0.00201988
2 0.136875 0.00989583 0.0090625 0.0190278 0.0019722
2 0.3575 0.08125 0.024375 0.0594444 0.00167465
2 0.271406 0.0903472 0.0215625 0.06625 0.00161076
2 0.725625 0.0868056 0.04375 0.0458333 0.00157928
0 0.0220508 0.100694 0.0436328 0.0641667 0.00157356
0 0.356563 0.0205208 0.02375 0.0410417 0.00151253
2 0.58125 0.0709549 0.04125 0.0708681 0.00137806
2 0.760625 0.0130903 0.0175 0.023125 0.00134563
2 0.72875 0.0788889 0.0225 0.0502778 0.00133038
0 0.206563 0.0509722 0.0425 0.0540278 0.00121117
0 0.157344 0.0329861 0.03875 0.0281944 0.00117874
2 0.743125 0.09125 0.0525 0.0394445 0.00117874
0 0.760625 0.995556 0.12625 0.00888887 0.00113392
0 0.260938 0.0203819 0.036875 0.0341667 0.0011158
3 0.193281 0.0694444 0.025 0.0670833 0.0011034
2 0.361875 0.0748611 0.019375 0.0605556 0.00109005
0 0.032793 0.149722 0.0619922 0.0638889 0.00105667
