0 0.255625 0.765556 0.1875 0.28 0.963379
0 0.0572656 0.743333 0.114531 0.273333 0.95752
0 0.649375 0.385833 0.10625 0.168333 0.94873
0 0.350547 0.437222 0.121406 0.184444 0.946777
0 0.755 0.883333 0.23 0.233333 0.938477
0 0.213438 0.424722 0.104375 0.179444 0.93457
0 0.570625 0.129583 0.0625 0.1075 0.932129
0 0.0833594 0.258958 0.0917188 0.129861 0.930664
0 0.60125 0.252847 0.08125 0.119861 0.925293
0 0.288594 0.117083 0.0578125 0.0819445 0.920898
0 0.481875 0.106181 0.055 0.0798611 0.915527
0 0.122188 0.1625 0.0615625 0.0911111 0.915039
0 0.0300977 0.201111 0.0598828 0.0972222 0.910645
0 0.328203 0.0354861 0.0410938 0.0618056 0.891113
0 0.506875 0.0345486 0.036875 0.0575694 0.881836
0 0.208281 0.06125 0.0425 0.0565278 0.84375
0 0.130469 0.076875 0.0559375 0.0668056 0.842773
1 0.61875 0.0440278 0.06 0.0880556 0.825684
0 0.02125 0.160833 0.0425 0.0763889 0.823242
2 0.92625 0.0910417 0.0175 0.0698611 0.810547
0 0.267656 0.0466667 0.0434375 0.0604167 0.78418
0 0.239063 0.0244444 0.04 0.0488889 0.725098
3 0.971875 0.0702083 0.015 0.0676389 0.725098
0 0.349688 0.0209028 0.03 0.0405556 0.72168
0 0.00552734 0.0556944 0.0110547 0.0515278 0.72168
3 0.985 0.0696528 0.0125 0.0679167 0.71875
0 0.304688 0.0194792 0.035625 0.0389583 0.668945
0 0.035625 0.0409028 0.0296875 0.0370833 0.65332
3 0.89125 0.0303472 0.00999997 0.0540278 0.594727
0 0.0717188 0.0381944 0.035 0.0430556 0.544922
0 0.370313 0.00940972 0.029375 0.0188194 0.336426
2 0.780625 0.0111285 0.0125 0.0222569 0.324219
0 0.37375 0.0111458 0.0225 0.0222917 0.115173
0 0.0389453 0.0380729 0.03625 0.0460764 0.113586
0 0.0782813 0.0184809 0.0403125 0.0356771 0.108215
0 0.0709766 0.0478472 0.0377344 0.0555556 0.0987549
1 0.0772656 0.021658 0.0414063 0.0426563 0.081543
0 0.0753516 0.0332639 0.0402344 0.0501389 0.0797729
0 0.0501953 0.0334028 0.0578906 0.0516667 0.0786133
0 0.00507324 0.0688194 0.0101465 0.0715278 0.0772095
1 0.0439063 0.0313194 0.0476563 0.0575 0.0723877
3 0.98 0.0697222 0.01125 0.0733333 0.0518494
0 0.274063 0.0165278 0.0375 0.0330556 0.0477905
0 0.572813 0.0931944 0.048125 0.0391667 0.0344849
0 0.0830469 0.0158247 0.0310938 0.0302951 0.0316162
0 0.0705469 0.0604861 0.040625 0.0611111 0.0271759
1 0.0528223 0.0286198 0.062793 0.0547049 0.0250854
2 0.78125 0.0162153 0.0125 0.0324306 0.0204926
0 0.363125 0.0124132 0.02875 0.0248264 0.0196838
0 0.00997559 0.0474306 0.0197168 0.0393056 0.0195618
2 0.8375 0.010842 0.00750001 0.019566 0.0154266
0 0.3525 0.0266753 0.0325 0.0498438 0.013588
1 0.6125 0.0487674 0.045 0.0821875 0.0110703
0 0.00851563 0.054184 0.0167969 0.0494097 0.0105667
0 0.346875 0.0257639 0.030625 0.05 0.0103683
0 0.0274805 0.0167708 0.0375391 0.0332639 0.00985718
0 0.0926367 0.0915278 0.0362891 0.0575 0.00888062
1 0.0256641 0.0243403 0.0475781 0.048125 0.0085144
7 0.979375 0.848333 0.00874996 0.0288889 0.00709534
0 0.268281 0.0793056 0.0359375 0.0588889 0.0064888
1 0.0205078 0.0349306 0.0410156 0.0638889 0.00462723
0 0.254063 0.0157986 0.0275 0.0315972 0.00388527
0 0.0202686 0.0337847 0.0399316 0.0524306 0.00369263
1 0.614375 0.0694444 0.04625 0.0405556 0.0029583
3 0.989375 0.0688889 0.01875 0.0701389 0.00286674
3 0.142031 0.168056 0.0196875 0.0894444 0.00286674
2 0.75625 0.00868924 0.015 0.0151215 0.00255013
3 0.891875 0.0377778 0.01 0.07 0.00225258
0 0.273906 0.0826389 0.03 0.0672222 0.00217438
0 0.00521484 0.255833 0.0104297 0.0772222 0.00214005
3 0.8525 0.0218056 0.00625 0.0306944 0.00201988
0 0.100313 0.0134375 0.03125 0.0250694 0.00201035
0 0.0313477 0.0540104 0.0408203 0.0603125 0.00176811
0 0.00641602 0.127813 0.012832 0.0782639 0.00162315
1 0.6075 0.0697917 0.035 0.0404167 0.0015974
1 0.60625 0.0127083 0.03375 0.0254167 0.00144386
0 0.5875 0.0844444 0.02625 0.0233333 0.00133514
1 0.625 0.06125 0.0475 0.0568056 0.00133514
0 0.4975 0.0147917 0.02875 0.0241667 0.00133038
