0 0.228438 0.804444 0.175 0.291111 0.961914
0 0.0577344 0.744444 0.115469 0.277778 0.958008
0 0.464688 0.831111 0.195625 0.337778 0.955566
1 0.805 0.746389 0.38625 0.507222 0.946777
0 0.763125 0.06875 0.10375 0.0729167 0.932129
0 0.288281 0.135868 0.128438 0.0965972 0.923828
0 0.96625 0.111632 0.0675 0.0745139 0.917969
2 0.51 0.584444 0.06 0.203333 0.896484
2 0.434063 0.0568056 0.0325 0.06875 0.881836
0 0.260938 0.0532639 0.048125 0.0704167 0.872559
0 0.33375 0.0289583 0.036875 0.0547222 0.863281
2 0.605 0.044566 0.02875 0.0614236 0.86084
0 0.31875 0.0496528 0.040625 0.0601389 0.855957
0 0.205625 0.0592361 0.04 0.0580556 0.853027
0 0.230156 0.0372222 0.0359375 0.0508333 0.849121
1 0.146719 0.0497917 0.0665625 0.0983333 0.847656
3 0.479375 0.483056 0.0375 0.191667 0.844238
3 0.0805469 0.495 0.03625 0.196667 0.827148
3 0.245313 0.466111 0.051875 0.183333 0.827148
2 0.84375 0.0454167 0.035 0.0690278 0.810547
3 0.22375 0.451667 0.03625 0.18 0.804199
0 0.285469 0.0348611 0.03375 0.0531944 0.792969
0 0.212188 0.0230469 0.0353125 0.0440451 0.789062
2 0.194375 0.0847222 0.03625 0.0702778 0.762207
2 0.93375 0.0422222 0.02 0.05625 0.73584
0 0.1875 0.0410417 0.03375 0.0520833 0.716797
2 0.9575 0.0476389 0.015 0.0611111 0.70752
3 0.120703 0.100417 0.0167187 0.0661111 0.700684
2 0.795 0.0180556 0.0125 0.0348611 0.689453
3 0.98625 0.0532639 0.0125 0.0622222 0.673828
3 0.975 0.0542882 0.01 0.0608681 0.666992
2 0.235781 0.432778 0.0559375 0.133333 0.454346
0 0.2525 0.0219444 0.033125 0.0397222 0.424316
3 0.885 0.0299306 0.00999997 0.055 0.132935
3 0.97375 0.0538194 0.015 0.0602778 0.114746
0 0.21 0.0551562 0.0325 0.0524653 0.112793
2 0.965 0.0565278 0.02 0.0609722 0.104126
2 0.95875 0.0549306 0.0125 0.0593056 0.0991211
3 0.233906 0.456111 0.0546875 0.176667 0.0792236
3 0.24 0.462778 0.03375 0.18 0.0736694
3 0.222031 0.408889 0.02625 0.0888889 0.0467224
2 0.798125 0.0328472 0.02 0.04625 0.0375977
2 0.245313 0.429444 0.04375 0.11 0.0337219
3 0.9875 0.0465278 0.0125 0.0616667 0.0330811
0 0.188438 0.0504861 0.035 0.0504167 0.0325928
0 0.189688 0.0657639 0.035625 0.0530556 0.0272217
0 0.309219 0.0194444 0.0340625 0.0377778 0.0235138
2 0.83625 0.0286111 0.0125 0.0502778 0.0227966
3 0.224688 0.416389 0.033125 0.103333 0.0198669
2 0.9375 0.0452083 0.025 0.06 0.0188293
3 0.99625 0.0180556 0.00749995 0.0361111 0.0170441
3 0.995625 0.0248698 0.00874996 0.0460938 0.0165863
2 0.242188 0.445 0.0475 0.144444 0.0165863
3 0.502813 0.528889 0.026875 0.103333 0.0137939
7 0.87 0.0608333 0.0125 0.0311111 0.0134277
2 0.94375 0.0467361 0.03 0.0606944 0.0122375
3 0.0862695 0.506111 0.0265234 0.174444 0.0111618
3 0.367188 0.0748611 0.0125 0.0602778 0.0102463
3 0.365 0.0794444 0.0125 0.0544444 0.00857544
2 0.185781 0.07 0.0328125 0.0588889 0.00760651
3 0.243594 0.446111 0.0434375 0.146667 0.00734711
3 0.36 0.0705556 0.02375 0.0686111 0.00725937
0 0.00588867 0.200278 0.0115625 0.06 0.00725937
2 0.84625 0.0285069 0.0125 0.0499306 0.00626373
0 0.232031 0.029375 0.0353125 0.0445833 0.00588989
2 0.800625 0.0230556 0.0237501 0.0448611 0.00584412
0 0.169063 0.0382639 0.02375 0.0673611 0.00559998
0 0.99125 0.0647222 0.0175 0.0791667 0.00548935
3 0.225938 0.481667 0.039375 0.122222 0.00536346
3 0.254063 0.459722 0.035 0.175 0.00500107
0 0.250938 0.0172222 0.030625 0.0344444 0.00494385
2 0.228125 0.423889 0.03875 0.121111 0.00450516
0 0.334688 0.0221528 0.03375 0.0443056 0.00428009
0 0.00543945 0.185833 0.0108789 0.0730556 0.0042305
2 0.50625 0.52 0.03125 0.0844445 0.0042305
3 0.96875 0.0467882 0.0225 0.0633681 0.00413513
0 0.005625 0.199444 0.01125 0.085 0.00408554
0 0.315156 0.0363542 0.0453125 0.0597917 0.00379562
3 0.99 0.0302083 0.015 0.0473611 0.00352478
2 0.255313 0.443611 0.025 0.129444 0.00316048
0 0.183281 0.0279514 0.035625 0.0428472 0.00271416
2 0.95875 0.0401389 0.015 0.0626389 0.00243378
2 0.993125 0.0565278 0.0137499 0.0730556 0.00243378
0 0.86125 0.549444 0.08 0.123333 0.00237846
3 0.361875 0.0766667 0.01875 0.0583333 0.00228691
0 0.277813 0.0410937 0.024375 0.0553125 0.00220871
0 0.168281 0.0225 0.0259375 0.0377778 0.00213242
0 0.160313 0.0198611 0.0340625 0.0397222 0.00212479
2 0.7925 0.0270139 0.02 0.0429167 0.00209045
3 0.116953 0.103472 0.0220313 0.0991667 0.00198746
7 0.509688 0.585556 0.05875 0.2 0.00178242
2 0.221875 0.415 0.0275 0.1 0.00174141
3 0.978125 0.059566 0.01 0.0461458 0.00153065
3 0.239688 0.43 0.035 0.117778 0.00149536
2 0.510625 0.531111 0.04375 0.104444 0.00146675
3 0.0973438 0.499444 0.06875 0.21 0.00137806
3 0.5 0.511111 0.065 0.167778 0.00137806
0 0.00531738 0.646111 0.0105371 0.0833333 0.00127411
2 0.8475 0.0394444 0.0275 0.0663889 0.0012064
2 0.0346484 0.0152865 0.0129688 0.029566 0.0011692
0 0.0100488 0.205972 0.0200977 0.0919444 0.00115108
0 0.00780274 0.653333 0.0155664 0.0977778 0.0011158
0 0.155938 0.044809 0.0525 0.0864931 0.00107288
2 0.0327344 0.0166319 0.0102344 0.0263194 0.00103188
0 0.00646484 0.219306 0.0129297 0.0880556 0.00101185
