0 0.049375 0.775556 0.09875 0.353333 0.959961
0 0.500625 0.707778 0.155 0.284444 0.958008
0 0.310313 0.53 0.139375 0.217778 0.953125
0 0.369375 0.262153 0.0875 0.170139 0.944824
0 0.503125 0.233333 0.07875 0.121111 0.935547
0 0.0752344 0.12 0.0592188 0.0727778 0.90918
0 0.510313 0.0489063 0.04125 0.0666319 0.905273
0 0.439375 0.0511806 0.0425 0.0634722 0.884766
0 0.553125 0.0223958 0.03625 0.044375 0.867188
0 0.248438 0.0268056 0.040625 0.0526389 0.856934
0 0.327578 0.0340278 0.0373438 0.0558333 0.838867
3 0.94625 0.0676563 0.0125 0.0719097 0.790527
0 0.345625 0.020842 0.0325 0.0409549 0.749023
0 0.294063 0.021875 0.0375 0.0431944 0.716797
3 0.973125 0.0747222 0.01375 0.0694444 0.697754
3 0.9875 0.0788194 0.015 0.0745833 0.679199
5 0.271563 0.114861 0.056875 0.0933333 0.658203
0 0.288438 0.0882639 0.04125 0.06875 0.637207
3 0.961875 0.0547222 0.01125 0.0733333 0.631836
0 0.294219 0.0571528 0.044375 0.0715278 0.625977
3 0.90375 0.0359722 0.00999997 0.0652778 0.544922
0 0.5025 0.00916667 0.03125 0.0183333 0.537109
3 0.994375 0.0774306 0.01125 0.0706944 0.529297
3 0.99125 0.0774306 0.015 0.0726389 0.458984
2 0.903125 0.0290972 0.00874996 0.0506944 0.368408
3 0.97625 0.0605556 0.015 0.0633333 0.276611
0 0.5025 0.0130382 0.02875 0.0260764 0.214722
3 0.9775 0.0536111 0.0125 0.0529167 0.172729
0 0.258125 0.0711806 0.03875 0.05375 0.139404
0 0.289531 0.0672917 0.0434375 0.0759722 0.136597
3 0.97875 0.077066 0.0125 0.0844792 0.0866089
0 0.35625 0.0109375 0.0225 0.021875 0.0747681
3 0.885 0.0290972 0.00749995 0.0519444 0.0682983
0 0.504375 0.0167708 0.03375 0.0323611 0.0516663
3 0.97125 0.0706771 0.015 0.0739236 0.0495911
0 0.320938 0.0120833 0.02875 0.0208333 0.0246124
2 0.980625 0.0534896 0.01625 0.0541319 0.0234222
2 0.99625 0.0182639 0.00749995 0.0365278 0.0222931
0 0.575 0.3425 0.034375 0.0494444 0.021286
3 0.965 0.0530556 0.0175 0.0741667 0.0174408
3 0.995 0.0302431 0.00999997 0.0570139 0.0164642
7 0.980625 0.851667 0.00875003 0.0255555 0.0131226
0 0.5025 0.0581944 0.028125 0.0443056 0.0115051
3 0.88625 0.031875 0.00999997 0.05625 0.0113297
0 0.506875 0.0353472 0.03625 0.0473611 0.00766754
2 0.0489063 0.0234722 0.0129688 0.0398611 0.00572968
3 0.13 0.0191319 0.0115625 0.035 0.0053215
3 0.1375 0.0103819 0.00937499 0.0201389 0.00488663
2 0.90875 0.0356944 0.02125 0.0626389 0.00471878
0 0.253125 0.0613194 0.040625 0.0606944 0.0046463
0 0.288438 0.0257292 0.035625 0.040625 0.0037365
0 0.271875 0.122222 0.05375 0.0794444 0.00327301
0 0.122344 0.0795833 0.0425 0.0608333 0.00318527
0 0.36375 0.0106944 0.0275 0.0213889 0.00292397
5 0.7225 0.249583 0.0525 0.141944 0.00279999
3 0.9025 0.0224306 0.00999997 0.0448611 0.00277901
2 0.90125 0.0281944 0.015 0.0502778 0.00273705
3 0.94625 0.065625 0.02 0.0611111 0.0024929
3 0.97875 0.03875 0.0175001 0.0666667 0.00247192
0 0.265781 0.0884722 0.0503125 0.0652778 0.00200272
3 0.905 0.0458333 0.0125 0.0833333 0.00181007
3 0.95625 0.0535417 0.025 0.0944444 0.0018034
2 0.83625 0.0101736 0.00750001 0.0188889 0.00152493
0 0.990625 0.832778 0.00874996 0.0233333 0.0015192
0 0.285625 0.0184809 0.03375 0.0369271 0.00143242
0 0.155781 0.0131944 0.0434375 0.025 0.00137234
7 0.5025 0.233611 0.07875 0.121111 0.00126934
3 0.96 0.0586111 0.0125 0.0734722 0.0012064
0 0.255781 0.0816667 0.038125 0.0547222 0.00111198
3 0.98125 0.0829167 0.025 0.0775 0.00103188
