0 0.228438 0.805 0.175 0.292222 0.961426
0 0.464375 0.831111 0.19625 0.337778 0.955566
1 0.805 0.746944 0.38625 0.506111 0.946289
2 0.508125 0.586111 0.06375 0.208889 0.935059
0 0.335078 0.1225 0.0948437 0.0791667 0.925293
0 0.58125 0.0499306 0.04375 0.0645833 0.894043
1 0.147656 0.05 0.0678125 0.0990278 0.882812
0 0.2025 0.0580556 0.04625 0.0605556 0.879883
2 0.98875 0.0715278 0.0225 0.055 0.842285
2 0.9375 0.0443229 0.0175 0.0613542 0.832031
0 0.314375 0.0137674 0.035625 0.0275347 0.751953
2 0.848125 0.0336458 0.015 0.0571528 0.727051
3 0.90375 0.0345139 0.00999997 0.0633333 0.544922
3 0.0266016 0.0268403 0.00804688 0.0463194 0.37207
3 0.9025 0.0253472 0.00750001 0.04375 0.366699
2 0.0269336 0.0265625 0.00847656 0.0460417 0.352295
2 0.00351074 0.161806 0.00700195 0.0694445 0.0574951
1 0.0308594 0.89 0.0617188 0.22 0.0222931
1 0.0229883 0.673333 0.0459766 0.211111 0.0213623
2 0.00407471 0.166944 0.00814941 0.0911111 0.0133743
0 0.86375 0.546111 0.07125 0.115556 0.0115509
2 0.85375 0.0325 0.025 0.0570833 0.00894928
2 0.0355078 0.0122917 0.00976563 0.0217361 0.00666809
2 0.99625 0.0167014 0.00749995 0.0328472 0.00616837
5 0.0308203 0.888889 0.0616406 0.222222 0.0050621
2 0.2975 0.136667 0.014375 0.05 0.00477219
2 0.99375 0.0261111 0.0124999 0.0433333 0.00473785
0 0.165781 0.0148264 0.0321875 0.0291667 0.00407028
2 0.936875 0.0525694 0.02125 0.0461111 0.00372124
2 0.0200781 0.0233681 0.0114063 0.0400694 0.00363541
3 0.90125 0.020625 0.01 0.04125 0.0026722
7 0.5075 0.588333 0.0637501 0.2 0.00209045
2 0.00702637 0.170278 0.0140527 0.0772222 0.00181007
0 0.165273 0.028125 0.0357031 0.0504167 0.00179577
2 0.906875 0.0298611 0.01875 0.0505556 0.00162315
0 0.176836 0.0402778 0.0444531 0.0520833 0.00160408
0 0.160313 0.0199653 0.0371875 0.0399306 0.00157356
0 0.187813 0.0476389 0.04125 0.05375 0.0014782
3 0.0267188 0.0359028 0.010625 0.0673611 0.00138855
2 0.00458252 0.188472 0.00916504 0.111944 0.00126457
0 0.175313 0.0108681 0.0225 0.0215278 0.00124454
