0 0.243711 0.741111 0.178828 0.28 0.961914
0 0.479063 0.776667 0.169375 0.32 0.958008
0 0.693906 0.215417 0.167188 0.113056 0.94043
2 0.79625 0.336111 0.08125 0.142778 0.929199
0 0.480625 0.194167 0.1425 0.106944 0.927246
0 0.2025 0.150972 0.125 0.0783333 0.924316
0 0.7625 0.0934028 0.1175 0.08375 0.922363
0 0.893125 0.114201 0.1125 0.079375 0.909668
3 0.804375 0.454722 0.0525 0.180556 0.901367
0 0.453438 0.115278 0.125625 0.0833333 0.900391
0 0.265313 0.0519444 0.0459375 0.0695833 0.890137
0 0.205313 0.0594444 0.0425 0.06125 0.882324
2 0.578125 0.0605556 0.035 0.0647222 0.876465
3 0.843125 0.411667 0.04375 0.182222 0.854004
0 0.32375 0.0458333 0.04125 0.0623611 0.851074
0 0.119219 0.0843056 0.0496875 0.0655556 0.838867
0 0.157891 0.0590972 0.0448438 0.06625 0.834473
0 0.229063 0.0419444 0.04 0.05875 0.831055
0 0.33875 0.0254167 0.039375 0.0508333 0.796875
3 0.895 0.403889 0.035 0.163333 0.792969
0 0.18125 0.0398611 0.0325 0.0488889 0.786621
0 0.250469 0.022908 0.0340625 0.0433507 0.666992
2 0.965 0.0356944 0.03 0.0552778 0.592773
0 0.083125 0.0142708 0.0307813 0.0277778 0.507812
2 0.97375 0.0457639 0.01375 0.065 0.406494
3 0.184375 0.101111 0.014375 0.0688889 0.361084
3 0.839375 0.373611 0.03875 0.105556 0.346924
3 0.974375 0.0466667 0.01375 0.0626389 0.300781
2 0.97125 0.0443056 0.0175 0.0669444 0.253906
3 0.90625 0.424167 0.01625 0.171667 0.234375
0 0.158281 0.0223611 0.0353125 0.0394444 0.157104
3 0.183125 0.0893055 0.015625 0.0686111 0.151978
2 0.0029834 0.0353819 0.0059668 0.0524306 0.108215
2 0.99625 0.186944 0.00749995 0.0866667 0.103394
0 0.0917969 0.0143142 0.0439063 0.0276215 0.0994873
2 0.996875 0.188889 0.00624994 0.0844444 0.0907593
2 0.997188 0.198333 0.00562496 0.0883334 0.078064
3 0.181875 0.105417 0.01875 0.0772222 0.0690308
0 0.15875 0.0292361 0.036875 0.0379167 0.0562439
2 0.84875 0.374444 0.07 0.108889 0.0474243
3 0.272813 0.360556 0.0178125 0.0944444 0.0465393
0 0.076875 0.0127778 0.0346875 0.0245833 0.0360718
2 0.0882617 0.0916667 0.0266016 0.0577778 0.0342407
0 0.249531 0.0180729 0.0303125 0.0361458 0.0328979
3 0.175469 0.0819444 0.02 0.0719444 0.0316162
2 0.97625 0.0422049 0.02 0.0672569 0.0305634
2 0.86 0.386111 0.0925001 0.138889 0.0305634
3 0.187188 0.101806 0.0221875 0.0722222 0.0253754
0 0.0903125 0.0902778 0.03125 0.0566667 0.0250854
0 0.35625 0.0119792 0.025 0.0239583 0.024704
3 0.328125 0.0727778 0.01 0.0544445 0.021286
3 0.88625 0.401667 0.03625 0.165556 0.013588
3 0.170313 0.117222 0.0425 0.0705556 0.0134811
2 0.88 0.0788889 0.0375 0.0622222 0.0120544
3 0.9075 0.444444 0.02 0.141111 0.0120087
3 0.80875 0.423611 0.025 0.127222 0.0117798
3 0.975 0.0533507 0.0175 0.0480208 0.0107346
2 0.99625 0.0708333 0.00749995 0.0670833 0.0101318
2 0.9825 0.0450694 0.03 0.0683333 0.0100098
0 0.77375 0.996111 0.1125 0.00777769 0.00905609
2 0.169375 0.120694 0.0571875 0.0786111 0.00812531
3 0.137266 0.0107639 0.008125 0.0198611 0.00800323
2 0.99625 0.205139 0.00749995 0.0963889 0.00775528
3 0.0501953 0.0488715 0.0108594 0.0436458 0.00772476
2 0.97875 0.0384722 0.0275 0.0669444 0.00769424
2 0.9925 0.0620833 0.015 0.0791667 0.00751877
3 0.182188 0.0596528 0.0146875 0.0556944 0.00695801
2 0.83875 0.366111 0.03875 0.0933333 0.0069313
2 0.168711 0.0934722 0.0338281 0.0769444 0.0068512
0 0.99625 0.181389 0.00749995 0.0933333 0.00629044
3 0.905 0.404722 0.0175 0.169444 0.00614548
0 0.76375 0.992778 0.08875 0.0144444 0.00575256
2 0.0341016 0.0143663 0.0128125 0.027934 0.00536346
0 0.0887305 0.0128819 0.0350391 0.0257639 0.00526047
2 0.8775 0.374444 0.0525 0.126667 0.00479126
2 0.885 0.0839583 0.035 0.0570833 0.00471878
2 0.88375 0.397778 0.04125 0.16 0.00469971
5 0.94 0.787222 0.01875 0.0244444 0.00446701
3 0.9025 0.428889 0.025 0.18 0.0041008
2 0.996875 0.0103125 0.00624994 0.020625 0.00380898
0 0.261406 0.0198958 0.0353125 0.0338194 0.00351143
2 0.0838281 0.0922917 0.0185937 0.0531944 0.00337601
2 0.980625 0.0536111 0.03875 0.0976389 0.00335121
3 0.87 0.0738889 0.0175 0.0475 0.00312424
2 0.0312891 0.0187153 0.00992188 0.0329861 0.00288963
3 0.86375 0.406111 0.0925 0.173333 0.0028553
7 0.795 0.334444 0.08 0.14 0.00279999
3 0.89375 0.383889 0.02375 0.126667 0.00273705
0 0.0976367 0.0827778 0.0453516 0.0594444 0.0026722
2 0.875 0.291389 0.04875 0.108333 0.00255013
2 0.8725 0.342778 0.0625 0.09 0.00250244
3 0.8725 0.0759028 0.0225 0.0565278 0.00246239
0 0.774375 0.993333 0.10625 0.0133332 0.00243378
3 0.82625 0.400556 0.075 0.173333 0.00239754
2 0.9875 0.2025 0.0249999 0.115 0.00237846
3 0.885 0.0265972 0.00749995 0.0466667 0.00235939
1 0.101328 0.0244444 0.0682813 0.0481944 0.00225258
0 0.078125 0.0177083 0.034375 0.0318056 0.0020504
3 0.268594 0.0623611 0.03375 0.0675 0.00201988
2 0.97 0.0492882 0.0225 0.0767014 0.00200272
0 0.355 0.0188368 0.0275 0.0376736 0.00188255
3 0.904375 0.468333 0.02875 0.174444 0.00175476
0 0.9775 0.0326042 0.0425 0.0586806 0.0015974
3 0.0471484 0.0475 0.00992188 0.0495833 0.00158501
3 0.259375 0.0657639 0.034375 0.0684722 0.00157356
2 0.96625 0.0519444 0.0325 0.0819445 0.00157356
0 0.7725 0.996111 0.105 0.00777769 0.00157356
3 0.7925 0.435278 0.08 0.172222 0.00154877
1 0.131016 0.0307292 0.0942188 0.0614583 0.0014782
3 0.84625 0.390556 0.055 0.142222 0.00146675
2 0.890625 0.377222 0.03 0.121111 0.00135612
3 0.895 0.349722 0.01875 0.0755556 0.00132465
3 0.27125 0.371667 0.0225 0.115556 0.00129414
0 0.994375 0.83 0.01125 0.03 0.0012846
2 0.989375 0.0633333 0.02125 0.0780556 0.00127411
0 0.00577149 0.194722 0.0113672 0.0705556 0.00107288
0 0.0998438 0.0135764 0.034375 0.025625 0.00105667
3 0.905 0.411389 0.0275 0.176111 0.00103188
3 0.81 0.438056 0.0300001 0.148333 0.00102425
0 0.166562 0.0295139 0.0425 0.0473611 0.00102043
0 0.0441797 0.0167014 0.0303906 0.03125 0.00101662
