0 0.228906 0.804444 0.174688 0.291111 0.961914
0 0.0578125 0.743333 0.115625 0.275556 0.957031
0 0.465 0.831111 0.19625 0.337778 0.956543
1 0.804844 0.746667 0.385313 0.506667 0.945312
2 0.516563 0.591667 0.0625 0.222222 0.943359
0 0.5025 0.178333 0.14 0.110556 0.9375
0 0.371953 0.173333 0.118594 0.101111 0.934082
0 0.245625 0.231111 0.155 0.123333 0.920898
0 0.636875 0.133611 0.12625 0.0888889 0.913574
0 0.2025 0.0616667 0.04625 0.0634722 0.883301
1 0.145781 0.0500174 0.06875 0.0985764 0.876953
0 0.26125 0.0538889 0.046875 0.0706944 0.864258
0 0.342813 0.104583 0.105 0.0780556 0.862305
0 0.335078 0.0280556 0.0335938 0.0538889 0.851074
2 0.575 0.0996528 0.04 0.0795833 0.838867
0 0.229844 0.0375347 0.0353125 0.0529861 0.836426
2 0.895625 0.0554167 0.03375 0.0648611 0.808594
0 0.0103711 0.189167 0.0207422 0.0955556 0.764648
0 0.285 0.0354861 0.03375 0.0523611 0.754883
0 0.212188 0.0217708 0.031875 0.0413194 0.737305
0 0.515313 0.0129253 0.02875 0.0253993 0.73584
0 0.00281494 0.0844444 0.00562988 0.06 0.732422
0 0.251563 0.0179861 0.03375 0.0359722 0.713867
2 0.244688 0.151389 0.04125 0.0727778 0.713867
2 0.70625 0.0611806 0.0375 0.0748611 0.708984
0 0.1875 0.0405556 0.031875 0.0527778 0.699219
2 0.268438 0.141424 0.041875 0.0777083 0.692871
0 0.30125 0.0199653 0.031875 0.0395139 0.675781
3 0.9875 0.0582639 0.01 0.0619445 0.640625
3 0.975625 0.05625 0.0112501 0.0576389 0.637207
4 0.74375 0.111528 0.14 0.178611 0.606934
5 0.745 0.111806 0.1375 0.178611 0.598145
2 0.964375 0.0517361 0.02875 0.0643056 0.542969
0 0.320547 0.0463194 0.0439062 0.0581944 0.455078
0 0.99625 0.127188 0.00749995 0.0739583 0.44751
2 0.956875 0.0437326 0.0137499 0.0597569 0.267334
2 0.95875 0.0536111 0.0175 0.0613889 0.256836
2 0.75625 0.0167448 0.01375 0.030816 0.211426
3 0.8875 0.0357292 0.01625 0.0613194 0.171631
2 0.319063 0.0520833 0.041875 0.0663889 0.171021
3 0.266563 0.109861 0.015625 0.0658333 0.1427
3 0.88625 0.0263194 0.00999997 0.0476389 0.126831
0 0.276875 0.0132639 0.02875 0.0265278 0.0827026
3 0.97875 0.0542882 0.0125 0.0542014 0.0812378
2 0.7575 0.0191319 0.0175 0.0345139 0.0639648
0 0.00337402 0.0752083 0.00674805 0.0651389 0.0574951
2 0.95875 0.0379167 0.01625 0.0588889 0.0358276
3 0.8875 0.033125 0.01375 0.0493056 0.0324707
3 0.99625 0.0247917 0.00749995 0.0495833 0.0267639
0 0.99625 0.142639 0.00749995 0.0830556 0.0200195
0 0.167813 0.0289236 0.02625 0.0515972 0.0180511
2 0.267813 0.120833 0.02625 0.0663889 0.0179901
0 0.33625 0.0202431 0.03 0.0404861 0.0179901
3 0.366875 0.0840972 0.0125 0.0576389 0.0175781
3 0.99 0.0342361 0.0125 0.0615278 0.0157776
2 0.755 0.0158941 0.0225 0.0297396 0.0147324
3 0.991875 0.0589583 0.015 0.0638889 0.0140076
3 0.98875 0.0288194 0.01 0.0501389 0.0137405
2 0.88875 0.0329167 0.0175 0.0538889 0.0133286
0 0.664375 0.554444 0.105 0.168889 0.0130234
0 0.349688 0.0161458 0.02625 0.0313889 0.0123367
2 0.25 0.166528 0.05375 0.0813889 0.0112457
0 0.27875 0.0397222 0.02875 0.0551389 0.0109482
0 0.8625 0.548333 0.075 0.121111 0.0100555
2 0.369375 0.0861111 0.02875 0.0577778 0.00919342
0 0.234063 0.0221528 0.03375 0.04 0.00898743
0 0.165977 0.0185069 0.0286719 0.0350694 0.00831604
2 0.355938 0.0847222 0.04375 0.0683333 0.00828552
2 0.75375 0.0261111 0.0275 0.0425 0.00815582
2 0.255938 0.186111 0.066875 0.0561111 0.00793457
3 0.8525 0.0263194 0.00750001 0.0380556 0.00740433
2 0.70375 0.0904861 0.0325 0.0443056 0.00664139
2 0.320625 0.0645833 0.05 0.0608333 0.00609589
2 0.36875 0.0925694 0.05 0.0645833 0.006073
0 0.650625 0.544444 0.07875 0.152222 0.00605011
2 0.36375 0.0876389 0.04625 0.0572222 0.00510025
2 0.36375 0.103264 0.0675 0.0768056 0.00510025
0 0.183125 0.0563194 0.03125 0.05 0.00405502
2 0.85375 0.0284722 0.00875003 0.0425 0.00390053
2 0.248125 0.159028 0.04 0.0755555 0.00351143
2 0.26625 0.128889 0.040625 0.0658333 0.00319672
2 0.264375 0.102431 0.0375 0.0831944 0.00288963
2 0.706875 0.109722 0.06125 0.0516667 0.00253105
0 0.70875 0.128889 0.07125 0.0786111 0.00243378
3 0.169063 0.064184 0.0228125 0.0577431 0.00239754
0 0.160664 0.0176736 0.0330469 0.0353472 0.00216484
0 0.185469 0.0335417 0.034375 0.0506944 0.00212479
3 0.723125 0.0453993 0.00875003 0.0536458 0.00211525
3 0.836875 0.0120486 0.00750001 0.021875 0.00206757
2 0.273281 0.174583 0.05625 0.0655556 0.00189686
3 0.575625 0.0897222 0.0325 0.0691667 0.00174141
2 0.324453 0.0977778 0.0673437 0.0605556 0.00153637
0 0.211875 0.054566 0.0325 0.0544792 0.00151253
0 0.155781 0.0424826 0.0509375 0.0822569 0.00143242
2 0.516563 0.550556 0.060625 0.141111 0.00135612
0 0.289375 0.040625 0.024375 0.0565278 0.00129414
2 0.71875 0.0583333 0.035 0.0683333 0.00111198
2 0.74625 0.0497049 0.04375 0.0647569 0.00109005
2 0.715 0.0756944 0.0550001 0.0805556 0.00102043
