0 0.228281 0.803889 0.174688 0.29 0.961914
0 0.0577344 0.743333 0.115469 0.275556 0.958008
0 0.46375 0.83 0.19625 0.337778 0.956055
2 0.0970117 0.465278 0.0931641 0.162778 0.946777
1 0.804844 0.746111 0.385313 0.507778 0.942871
0 0.479688 0.261597 0.183125 0.140139 0.937012
2 0.508125 0.583889 0.063125 0.206667 0.927246
0 0.278438 0.145278 0.128125 0.101944 0.913574
0 0.97 0.114861 0.06 0.0747222 0.908691
2 0.336328 0.374444 0.0685938 0.136667 0.891602
0 0.374688 0.227222 0.13 0.13 0.889648
2 0.014082 0.131979 0.0281641 0.0754861 0.884277
0 0.94875 0.0988889 0.1 0.0766667 0.879883
0 0.260781 0.0528472 0.0465625 0.0683333 0.867188
0 0.201563 0.0605556 0.0475 0.0623611 0.862305
2 0.523125 0.0594444 0.0425 0.0765278 0.856934
2 0.8225 0.0630556 0.035 0.0690278 0.853027
0 0.33375 0.0276042 0.036875 0.053125 0.849121
0 0.318438 0.0491667 0.045 0.0644444 0.845703
3 0.35375 0.469444 0.03375 0.191111 0.834473
0 0.231719 0.0375 0.038125 0.05375 0.825684
1 0.139688 0.0496528 0.056875 0.0975 0.803711
2 0.201563 0.114757 0.044375 0.0688194 0.792969
2 0.73375 0.0361806 0.0300001 0.0591667 0.788574
2 0.93625 0.0394271 0.015 0.0505903 0.774414
2 0.96 0.0487326 0.0199999 0.0611458 0.675781
0 0.28375 0.0343056 0.035 0.05125 0.666992
3 0.985 0.0499826 0.00999997 0.0572569 0.624512
2 0.78 0.0449826 0.035 0.0597569 0.620605
6 0.38625 0.0823611 0.09125 0.0741667 0.599121
0 0.16875 0.0458333 0.035625 0.0513889 0.584961
0 0.0342529 0.0207986 0.0364941 0.0390972 0.562012
2 0.638125 0.0328472 0.00999997 0.0377778 0.513672
0 0.254688 0.0189583 0.029375 0.0379167 0.490234
3 0.98625 0.0498438 0.00999997 0.0480903 0.443604
0 0.319063 0.115278 0.106875 0.0841667 0.427246
3 0.9775 0.0495139 0.00999997 0.0548611 0.392334
2 0.765625 0.0397222 0.02 0.0572222 0.383057
0 0.284063 0.0167708 0.029375 0.0296528 0.240723
0 0.285938 0.0123958 0.0246875 0.0238194 0.199951
0 0.0712891 0.0132986 0.0297656 0.0265972 0.196777
2 0.79 0.0297917 0.0175001 0.0516667 0.191284
2 0.78625 0.0373611 0.025 0.0659722 0.135254
2 0.97875 0.0503472 0.015 0.0605556 0.128906
2 0.76875 0.0297569 0.02 0.0525694 0.119995
2 0.258906 0.113299 0.0484375 0.0745139 0.0715942
2 0.9625 0.0430556 0.02375 0.0502778 0.0673218
0 0.9875 0.0713715 0.0249999 0.0680903 0.0663452
0 0.226563 0.0183333 0.038125 0.0316667 0.0651245
2 0.250313 0.113611 0.060625 0.0841667 0.062561
2 0.955 0.041875 0.0175 0.0506945 0.0623169
2 0.36875 0.0733333 0.0325 0.0591667 0.0544128
2 0.994375 0.0292014 0.01125 0.050625 0.0501404
3 0.884375 0.0280556 0.00874996 0.0493056 0.0492249
2 0.951875 0.065816 0.03875 0.0580903 0.0456848
2 0.87 0.0722222 0.0175 0.0505556 0.0417786
2 0.37 0.0690278 0.0225 0.0555556 0.0401001
0 0.0676172 0.0148264 0.0285156 0.0296528 0.0375366
3 0.995 0.0244444 0.00999997 0.0438889 0.035553
3 0.7 0.0111111 0.00750001 0.0222222 0.0288086
0 0.0586719 0.0157292 0.0445313 0.0304861 0.028656
2 0.262188 0.104444 0.04 0.0694444 0.0284424
3 0.725625 0.0393056 0.01625 0.0547222 0.0271759
2 0.94625 0.0677604 0.035 0.0703125 0.0235138
0 0.99125 0.0681944 0.0175 0.0702778 0.0230713
2 0.259219 0.0865278 0.0346875 0.0672222 0.0227966
0 0.0738281 0.0163542 0.0375 0.0323611 0.0227966
2 0.262656 0.0853472 0.0421875 0.0851389 0.0222931
3 0.87 0.0745139 0.01875 0.0548611 0.0190887
2 0.367188 0.0642361 0.024375 0.0581944 0.0181885
0 0.938125 0.0841667 0.06 0.0513889 0.0181885
7 0.988125 0.0622222 0.0112501 0.0502778 0.0167236
0 0.248125 0.120694 0.065625 0.0791667 0.0165253
0 0.94375 0.0838194 0.095 0.0518056 0.0153656
0 0.227188 0.0283681 0.040625 0.0440972 0.0143356
2 0.362813 0.0775694 0.04125 0.0659722 0.0137939
0 0.99375 0.0601215 0.0124999 0.0614236 0.0114212
0 0.316563 0.0392361 0.048125 0.0554167 0.0109482
2 0.365625 0.0657639 0.0425 0.0694444 0.00989532
0 0.335 0.0211806 0.033125 0.0423611 0.00967407
0 0.35125 0.0152431 0.03 0.0296528 0.00952148
0 0.0307227 0.0164931 0.0283984 0.0329861 0.00933838
0 0.165313 0.0414583 0.0446875 0.0527778 0.00821686
2 0.480313 0.0215972 0.011875 0.0365278 0.00796509
0 0.295781 0.117639 0.155938 0.0891667 0.0078125
0 0.336563 0.110694 0.071875 0.0827778 0.00754929
0 0.20125 0.040625 0.03375 0.0319444 0.00664139
2 0.258125 0.0648438 0.04375 0.0736458 0.00658798
3 0.175313 0.0734028 0.0178125 0.0620833 0.00540543
3 0.166719 0.0670833 0.03 0.0647222 0.00530243
0 0.78 0.0501215 0.03 0.0517014 0.00530243
3 0.989375 0.0372222 0.0175 0.0588889 0.0050621
3 0.100625 0.421667 0.02375 0.0888889 0.00494385
3 0.63625 0.031875 0.015 0.0356944 0.00460815
3 0.637813 0.0440972 0.009375 0.0604167 0.00453949
3 0.413125 0.0233333 0.0125 0.0358333 0.00429916
3 0.160352 0.0708333 0.0230469 0.055 0.00428009
0 0.00707031 0.115972 0.0140625 0.0594444 0.00428009
2 0.87 0.0803472 0.025 0.0634722 0.00391388
0 0.177813 0.0299306 0.035 0.0336111 0.00374985
2 0.70125 0.0133333 0.00999997 0.0265278 0.00351143
2 0.7675 0.0340972 0.0275 0.0548611 0.00345612
0 0.865 0.549861 0.075 0.124722 0.00316048
2 0.375 0.0677778 0.04 0.0580556 0.00314713
0 0.306875 0.0189236 0.035625 0.0327083 0.00293541
3 0.357813 0.4525 0.026875 0.166111 0.0028553
0 0.16375 0.0201997 0.0334375 0.0368229 0.00283432
0 0.2875 0.0401389 0.02875 0.0548611 0.00279999
0 0.27625 0.0430556 0.023125 0.0545833 0.00274658
2 0.103906 0.425556 0.046875 0.101111 0.00255013
2 0.64 0.0325 0.0125 0.04 0.00247192
7 0.507188 0.582222 0.06375 0.203333 0.00242424
2 0.0961133 0.43 0.0433984 0.102222 0.00237846
2 0.9825 0.0388715 0.02 0.0600347 0.00235939
2 0.698125 0.0117969 0.00999997 0.0230729 0.00234985
2 0.360625 0.0608333 0.03875 0.0666667 0.00226974
3 0.865 0.0656944 0.015 0.0520833 0.00224304
3 0.77125 0.0533333 0.0275 0.0726389 0.00222588
0 0.97375 0.07625 0.05 0.0716667 0.00221634
0 0.225 0.0422222 0.02375 0.0509722 0.00206757
2 0.235 0.139583 0.055625 0.0875 0.00202751
2 0.93375 0.0429861 0.0225 0.0551389 0.00201035
2 0.267656 0.115139 0.044375 0.0663889 0.00199509
2 0.883125 0.55 0.07375 0.127778 0.00198746
3 0.8525 0.0164931 0.00999997 0.0320139 0.00181007
0 0.161406 0.0434028 0.025625 0.0693056 0.00176811
0 0.00433594 0.104931 0.00864258 0.0609722 0.00176144
0 0.969375 0.0840278 0.05625 0.0569444 0.00176144
2 0.8375 0.0117708 0.00750001 0.0221528 0.00167465
3 0.185 0.0594271 0.0190625 0.0494792 0.0016613
3 0.351563 0.438889 0.03875 0.134444 0.00154305
0 0.209063 0.0225 0.02625 0.03625 0.00145531
0 0.175 0.0538194 0.0265625 0.0545833 0.00142097
2 0.35125 0.416667 0.03625 0.0911111 0.00138855
0 0.290313 0.0130382 0.0290625 0.0260764 0.00126934
2 0.87375 0.536111 0.095 0.102222 0.0012064
3 0.354375 0.0340972 0.029375 0.0629167 0.00112915
3 0.85375 0.0112413 0.00749995 0.0212674 0.00110722
3 0.0487402 0.0392361 0.0304883 0.065 0.00103664
0 0.95875 0.0898611 0.075 0.0591667 0.00101662
