0 0.0496484 0.775556 0.0992969 0.353333 0.960938
0 0.515625 0.331667 0.095 0.151667 0.943848
0 0.384375 0.256042 0.08375 0.127917 0.935547
0 0.508438 0.101528 0.05375 0.0811111 0.92627
0 0.401563 0.140694 0.063125 0.107222 0.918457
0 0.4525 0.0170139 0.035 0.0340278 0.868164
0 0.226719 0.0393056 0.0428125 0.0529167 0.830078
0 0.225781 0.0809722 0.05 0.0711111 0.830078
3 0.935625 0.0613715 0.0125 0.0611458 0.827637
0 0.324922 0.0373958 0.0364063 0.0577083 0.824219
5 0.272656 0.115972 0.05625 0.0947222 0.822266
0 0.510938 0.0149306 0.03 0.0298611 0.817383
0 0.291406 0.0556944 0.0490625 0.0738889 0.817383
0 0.279375 0.0329861 0.03625 0.0529167 0.720215
0 0.34125 0.0233333 0.035625 0.0466667 0.695801
3 0.98625 0.0712326 0.0125 0.0692014 0.6875
3 0.97625 0.0709028 0.0125 0.0668056 0.665527
3 0.90375 0.0348611 0.00999997 0.0634722 0.624512
3 0.961875 0.065816 0.01125 0.0628125 0.618652
3 0.950625 0.0490278 0.00999997 0.0623611 0.585938
0 0.286875 0.09 0.039375 0.0691667 0.562012
2 0.9025 0.0325 0.00999997 0.0575 0.552734
3 0.971875 0.0700694 0.01 0.0636111 0.396973
3 0.9875 0.0520139 0.01 0.0501389 0.138428
0 0.355625 0.0105556 0.025 0.0211111 0.0460205
0 0.300625 0.0572222 0.03125 0.06625 0.0281067
0 0.2925 0.0743056 0.0384375 0.0566667 0.0248871
3 0.95375 0.0616667 0.00999997 0.065 0.0191956
3 0.85375 0.0288889 0.00749995 0.0425 0.018692
2 0.138125 0.0110069 0.0126563 0.0211806 0.0164642
2 0.85375 0.0292361 0.00999997 0.0419444 0.0149536
3 0.99 0.0719444 0.0175 0.0683333 0.0113297
3 0.964375 0.055 0.01125 0.0583333 0.0110321
3 0.905 0.0457118 0.00999997 0.0835764 0.00985718
2 0.139688 0.0120313 0.0121875 0.0240625 0.00905609
0 0.271875 0.123576 0.055625 0.0795139 0.00674438
3 0.885 0.0291319 0.00749995 0.0522917 0.00653839
0 0.14375 0.0113802 0.02625 0.0222396 0.0055542
0 0.151719 0.012092 0.0396875 0.0234549 0.00526047
3 0.95125 0.0436111 0.0125 0.0683333 0.0051384
3 0.974375 0.0537674 0.0125 0.0555208 0.00466537
7 0.980625 0.853333 0.00999997 0.0255555 0.00314713
0 0.129688 0.0201736 0.04 0.0389583 0.00307465
2 0.9075 0.0336806 0.01875 0.0591667 0.00265312
0 0.274219 0.0920833 0.0534375 0.0752778 0.0024929
0 0.277188 0.0564583 0.0375 0.0591667 0.00243378
3 0.901875 0.0222222 0.00999997 0.0444444 0.00228691
2 0.99375 0.757778 0.00750001 0.0222222 0.00209999
7 0.394375 0.0834722 0.00499999 0.0175 0.0020504
3 0.88625 0.030625 0.00999997 0.0563889 0.00202751
0 0.86875 0.129722 0.0325 0.0563889 0.00189686
3 0.995625 0.0715278 0.00874996 0.0675 0.00187492
2 0.0347266 0.013342 0.0126563 0.0256771 0.0017004
3 0.995 0.0291667 0.00750001 0.0506944 0.0016489
5 0.135938 0.0195139 0.050625 0.0390278 0.0016489
0 0.304688 0.0238194 0.0325 0.0351389 0.00161076
0 0.278906 0.110972 0.0434375 0.0841667 0.00154877
0 0.130469 0.0186111 0.0278125 0.0365278 0.00146675
0 0.267188 0.0552083 0.025625 0.0466667 0.00145531
2 0.99625 0.0186806 0.00749995 0.0366667 0.00134087
2 0.858125 0.0290278 0.01625 0.045 0.00127888
0 0.158281 0.0127691 0.034375 0.0251563 0.00127411
0 0.2775 0.0397049 0.0446875 0.0650347 0.00122547
3 0.99 0.762222 0.00625 0.0177778 0.00121593
0 0.54125 0.00741319 0.025 0.0148264 0.00118351
3 0.99375 0.0635417 0.00750001 0.0640278 0.00116062
7 0.384688 0.256736 0.083125 0.12875 0.0011425
