0 0.0573828 0.743333 0.114766 0.274444 0.958008
0 0.212656 0.423333 0.105938 0.177778 0.953125
0 0.519375 0.094375 0.05 0.0981945 0.928223
0 0.6075 0.163056 0.06375 0.0988889 0.928223
0 0.292188 0.117639 0.061875 0.0830556 0.915527
0 0.45375 0.0297135 0.03875 0.0559896 0.897461
0 0.326328 0.0359375 0.0435938 0.0607639 0.875977
0 0.0132617 0.348056 0.0263281 0.155 0.853027
0 0.293281 0.0640278 0.04375 0.0593056 0.836426
0 0.264375 0.0211458 0.036875 0.0421528 0.786621
3 0.91125 0.0472917 0.00999997 0.0598611 0.779785
0 0.348438 0.0196181 0.03 0.0389583 0.728027
0 0.509063 0.00670139 0.03125 0.0131944 0.662109
3 0.88875 0.0320833 0.0125 0.0563889 0.559082
2 0.995625 0.0518229 0.00874996 0.0807986 0.474609
3 0.93875 0.0604861 0.01 0.0604167 0.457031
3 0.89125 0.0330903 0.00749995 0.0536806 0.37207
0 0.363438 0.0107639 0.0225 0.0215278 0.201172
0 0.50625 0.0103472 0.02875 0.0206944 0.114746
2 0.994375 0.0456944 0.01125 0.0825 0.0467224
3 0.89125 0.0309722 0.00999997 0.0561111 0.0462036
0 0.79625 0.308889 0.0925001 0.0727778 0.0249939
2 0.99625 0.0279167 0.00749995 0.0501389 0.0226288
0 0.34125 0.0199653 0.02625 0.0371528 0.0223694
0 0.360938 0.0116667 0.030625 0.0233333 0.0175781
2 0.0814844 0.0103819 0.014375 0.0199306 0.0116425
2 0.139219 0.0115972 0.0125 0.0220833 0.00930023
0 0.995625 0.064184 0.00874996 0.0916319 0.00468063
2 0.0848438 0.0132639 0.0157813 0.0243056 0.00314713
0 0.278125 0.0128125 0.025 0.0247917 0.00200272
3 0.99125 0.761667 0.00749995 0.0211112 0.0018034
2 0.9925 0.76 0.00750001 0.0211111 0.00155449
0 0.310781 0.00920139 0.0271875 0.0172917 0.00132465
2 0.134531 0.0152691 0.0215625 0.0286285 0.00121593
0 0.00339844 0.210139 0.00679688 0.0727778 0.0011425
0 0.00696289 0.286944 0.0139258 0.0816666 0.0011425
0 0.26 0.0718056 0.0396875 0.0536111 0.00112438
3 0.0595313 0.00965278 0.00695312 0.0193056 0.00106525
0 0.0757813 0.0113194 0.0340625 0.0217361 0.00104046
2 0.99125 0.0497222 0.0175 0.08875 0.00101662
