0 0.259063 0.735 0.17125 0.27 0.962891
0 0.507188 0.8575 0.188125 0.285 0.95752
2 0.0956445 0.645 0.0687109 0.241111 0.956055
0 0.495 0.388611 0.105 0.182778 0.952148
0 0.645625 0.306389 0.09125 0.143889 0.94873
0 0.0327344 0.848333 0.0654688 0.303333 0.935547
0 0.365 0.268958 0.08375 0.125417 0.932129
0 0.0325 0.149479 0.0648438 0.0860417 0.927246
0 0.509688 0.182778 0.068125 0.100278 0.926758
0 0.0299219 0.320556 0.0598438 0.138889 0.92627
0 0.423438 0.102222 0.05625 0.0869445 0.905762
0 0.4425 0.0304514 0.0375 0.0563194 0.89502
0 0.126406 0.122222 0.064375 0.0844444 0.893066
0 0.320313 0.0486111 0.04375 0.0645833 0.879883
0 0.510313 0.0255556 0.0375 0.0511111 0.874023
0 0.568125 0.0196875 0.0325 0.039375 0.872559
0 0.0448438 0.0552778 0.0425781 0.05 0.842773
0 0.156719 0.0592361 0.043125 0.0573611 0.836426
2 0.95625 0.0748611 0.02 0.0633333 0.831543
0 0.338125 0.0289583 0.03 0.0540278 0.775879
0 0.23125 0.0314236 0.04125 0.056875 0.767578
0 0.0158984 0.045625 0.0317969 0.0554167 0.723145
0 0.263125 0.0473611 0.048125 0.0733333 0.716797
0 0.353125 0.0162153 0.028125 0.0317361 0.586914
0 0.319219 0.0141319 0.0290625 0.0282639 0.529297
2 0.88 0.0725694 0.0125 0.0601389 0.300781
0 0.270938 0.0118403 0.03125 0.0236806 0.150024
0 0.56875 0.0153819 0.030625 0.0307639 0.121277
0 0.365 0.00883681 0.023125 0.0176736 0.0933228
0 0.26625 0.0111458 0.023125 0.0222917 0.0900879
2 0.87875 0.0781944 0.0175001 0.0633333 0.0786133
0 0.0434473 0.0167448 0.0407617 0.030816 0.0753174
0 0.101094 0.0148003 0.030625 0.028316 0.0646362
0 0.0101367 0.143299 0.0201953 0.0750694 0.0603027
0 0.0428125 0.0132292 0.0314063 0.0264583 0.0544128
0 0.274844 0.00989583 0.031875 0.0197917 0.0462036
2 0.137344 0.00958333 0.00843751 0.0188194 0.0428772
0 0.00692383 0.138021 0.0138086 0.0645139 0.042572
0 0.505625 0.0185069 0.03125 0.0370139 0.0417786
0 0.268594 0.0166667 0.0390625 0.0226389 0.0322266
0 0.338125 0.0197917 0.03125 0.0395833 0.0265045
3 0.88375 0.0506944 0.00999997 0.0622222 0.0252686
0 0.242188 0.0126302 0.024375 0.0246007 0.0245209
0 0.0996875 0.0210069 0.0334375 0.0404861 0.0217743
0 0.157422 0.0138542 0.0351562 0.0270833 0.0195312
0 0.261563 0.0997222 0.054375 0.0891667 0.0192719
0 0.256094 0.0145052 0.0375 0.0273785 0.0167236
3 0.885 0.03875 0.00875003 0.0581944 0.0164642
1 0.0292383 0.016658 0.0515234 0.031684 0.0154877
2 0.875 0.0758333 0.0225 0.0636111 0.0135345
1 0.0254688 0.0347917 0.0498438 0.0622222 0.0117798
0 0.49625 0.00778646 0.0275 0.0155382 0.0115051
0 0.0139063 0.137361 0.0278125 0.0652778 0.0110703
0 0.122969 0.0916667 0.0534375 0.0691667 0.0103302
0 0.00837402 0.159861 0.016709 0.0711111 0.00959778
3 0.85375 0.028125 0.00749995 0.0422222 0.00945282
0 0.07375 0.0111198 0.03875 0.0222049 0.008255
0 0.0307813 0.0306597 0.0489063 0.0445139 0.008255
0 0.27 0.0314583 0.0384375 0.0470833 0.00790405
2 0.137266 0.0112153 0.01125 0.0224306 0.00751877
0 0.00353516 0.219306 0.00707031 0.0741667 0.00703812
2 0.0858594 0.0100521 0.0164063 0.0201042 0.00612259
0 0.123594 0.0828472 0.04875 0.0548611 0.005867
0 0.0224805 0.150417 0.0449609 0.0833333 0.00553513
0 0.317813 0.0359028 0.04 0.0423611 0.00508118
0 0.127969 0.0113108 0.02625 0.0219618 0.00503922
0 0.106094 0.0209375 0.0392188 0.0404861 0.00484848
3 0.69875 0.0115625 0.00750001 0.023125 0.00450516
0 0.0199512 0.0380556 0.0399023 0.0669444 0.00441742
1 0.0710938 0.0106944 0.0409375 0.0213889 0.00416565
1 0.0682031 0.0224653 0.0896875 0.0449306 0.00397491
3 0.8525 0.0236806 0.00625 0.0318056 0.00391388
0 0.00458984 0.268333 0.00913086 0.0805556 0.0037365
0 0.35875 0.0185069 0.03625 0.0347917 0.00370789
2 0.145391 0.0105642 0.0203125 0.0205382 0.00353813
0 0.126641 0.0228819 0.0378125 0.0434028 0.00321007
0 0.214063 0.085 0.05875 0.0775 0.00318527
0 0.374375 0.00989583 0.02625 0.0197917 0.00307465
0 0.0565234 0.0221181 0.0538281 0.0410417 0.00291252
0 0.0521875 0.0138194 0.03 0.0276389 0.00270462
0 0.299375 0.00871528 0.023125 0.0174306 0.00251198
2 0.85375 0.0296528 0.00749995 0.04375 0.00242424
0 0.296563 0.0159375 0.08 0.031875 0.00219154
0 0.199531 0.0727778 0.039375 0.0605556 0.00214958
0 0.00617188 0.287847 0.0122656 0.0854167 0.00206757
0 0.073125 0.0223611 0.0439062 0.04125 0.00182438
0 0.00400879 0.113056 0.00801758 0.0519444 0.00175476
0 0.125469 0.0222222 0.059375 0.0436111 0.00171375
0 0.26375 0.0759722 0.05125 0.116944 0.00171375
0 0.374375 0.0106944 0.02125 0.0213889 0.00168133
0 0.155547 0.0259028 0.0426563 0.0488889 0.00154305
0 0.250625 0.0298611 0.048125 0.0525 0.00148964
7 0.365 0.269444 0.08375 0.126111 0.00144386
0 0.5025 0.0125347 0.021875 0.0250694 0.00142097
0 0.026582 0.0486806 0.0348828 0.0538889 0.00136662
2 0.885625 0.062066 0.01625 0.0739236 0.00135612
0 0.415625 0.0830556 0.03625 0.05 0.00135136
7 0.9775 0.848889 0.0125 0.0288889 0.00134563
1 0.0384766 0.0247569 0.0769531 0.0495139 0.00127411
0 0.2175 0.0981944 0.081875 0.119444 0.00125504
0 0.0678906 0.0734722 0.043125 0.0605556 0.00124454
0 0.204219 0.0825 0.0509375 0.0708333 0.00108624
0 0.266563 0.0872222 0.048125 0.0697222 0.00107288
2 0.99375 0.761111 0.00750001 0.0244444 0.00104809
0 0.327188 0.0409028 0.04125 0.0645833 0.00102806
0 0.272813 0.0404861 0.031875 0.0604167 0.00102043
