0 0.0578125 0.743333 0.115625 0.273333 0.95752
0 0.503125 0.626667 0.13875 0.244444 0.955078
0 0.195156 0.918611 0.229063 0.162778 0.949219
0 0.213125 0.422778 0.105625 0.176667 0.944824
0 0.3675 0.395 0.105 0.16 0.944824
0 0.513438 0.252222 0.078125 0.125556 0.936035
0 0.292344 0.119444 0.0603125 0.0855556 0.931152
0 0.40875 0.156528 0.06375 0.105 0.919434
1 0.489375 0.0361111 0.043125 0.0722222 0.918457
0 0.0857813 0.175 0.0576563 0.106667 0.905762
0 0.58125 0.0578472 0.04375 0.0634722 0.901855
0 0.0585547 0.12625 0.0678906 0.0780556 0.889648
0 0.451875 0.103819 0.05 0.0959722 0.884766
0 0.322422 0.0418056 0.0401563 0.0604167 0.85791
0 0.3425 0.0242361 0.0375 0.0484722 0.810547
0 0.571875 0.0198611 0.035 0.0397222 0.78125
2 0.012854 0.0182639 0.0171436 0.0356944 0.759277
0 0.208125 0.0890278 0.0559375 0.0941667 0.759277
0 0.22875 0.0317361 0.041875 0.0543056 0.733887
0 0.277031 0.04375 0.04125 0.0511111 0.723145
2 0.946875 0.0913194 0.0325 0.0718056 0.709961
2 0.95625 0.0954861 0.015 0.0784722 0.432129
2 0.88875 0.0303819 0.0125 0.0570139 0.404541
0 0.241563 0.0146181 0.031875 0.0270833 0.390381
0 0.277188 0.0147396 0.036875 0.0294792 0.329346
0 0.35625 0.0131597 0.02375 0.0263194 0.269043
0 0.223438 0.0661111 0.0371875 0.0658333 0.140869
2 0.945 0.0650694 0.03 0.06375 0.085083
0 0.13625 0.012283 0.025625 0.0236285 0.0301056
0 0.369375 0.00888889 0.02 0.0177778 0.0245209
0 0.180938 0.06875 0.0440625 0.0608333 0.0211182
0 0.13125 0.013342 0.035625 0.0260938 0.0189056
0 0.214375 0.0599826 0.0375 0.0483681 0.0178528
0 0.104844 0.0207292 0.0290625 0.039375 0.0175781
0 0.128906 0.0180556 0.038125 0.0333333 0.0154266
0 0.94625 0.07875 0.03 0.0680556 0.0110703
0 0.113672 0.0197222 0.0460938 0.0379167 0.00978088
0 0.375 0.0112674 0.01875 0.0225347 0.00831604
2 0.0148926 0.0159028 0.0181836 0.0318056 0.00760651
0 0.124375 0.0204948 0.0478125 0.038316 0.00584412
5 0.208281 0.0882639 0.054375 0.100417 0.00518036
2 0.0509766 0.0239931 0.0152344 0.0434028 0.0050621
0 0.269219 0.0161111 0.0321875 0.0322222 0.00457382
0 0.37625 0.00947917 0.0225 0.0185417 0.00421524
0 0.0219141 0.617778 0.0435156 0.0922222 0.00370789
2 0.0515625 0.0173611 0.0133594 0.0331944 0.00340271
0 0.103125 0.0145139 0.0321875 0.0289583 0.00328636
3 0.0513281 0.0377431 0.0132813 0.0599306 0.00307465
0 0.32 0.0226736 0.035 0.0327083 0.00291252
0 0.150625 0.0120747 0.0390625 0.0218229 0.00277901
0 0.481875 0.0103819 0.02875 0.0207639 0.0026722
7 0.513125 0.252153 0.078125 0.126806 0.0024929
0 0.138281 0.0137847 0.0378125 0.0270833 0.00234222
2 0.99625 0.0184635 0.00749995 0.0361285 0.00221634
3 0.0514844 0.0296875 0.0148438 0.053125 0.00208282
0 0.190313 0.0642882 0.050625 0.0578125 0.00188255
0 0.244688 0.0217014 0.03 0.0379861 0.00176144
2 0.9925 0.0217014 0.015 0.0396528 0.00157928
3 0.854375 0.0284722 0.00750001 0.0416667 0.00156116
3 0.049375 0.0214583 0.0129688 0.0393056 0.00154305
0 0.0500391 0.0961111 0.0461719 0.0455556 0.00146675
0 0.98 0.853333 0.0125 0.0266667 0.00131989
0 0.289844 0.0117535 0.0315625 0.0235069 0.00128937
2 0.855 0.0288194 0.00750001 0.0429167 0.0012846
0 0.20625 0.108611 0.044375 0.0647222 0.0012064
2 0.95375 0.0934028 0.025 0.0793056 0.0011425
2 0.0129395 0.0265278 0.0160352 0.0519444 0.00113773
0 0.00649414 0.641111 0.0129492 0.0844444 0.00104809
