0 0.0560156 0.768889 0.112031 0.284444 0.963379
0 0.242969 0.741111 0.179063 0.277778 0.962891
0 0.47875 0.778333 0.169375 0.323333 0.958008
0 0.0948438 0.147361 0.122813 0.0986111 0.931152
0 0.165313 0.250556 0.134688 0.112778 0.922363
3 0.65875 0.435 0.0425001 0.165 0.914062
2 0.3875 0.361667 0.085 0.143333 0.904297
3 0.42375 0.500556 0.054375 0.192222 0.902832
0 0.205 0.0620833 0.044375 0.0647222 0.896973
0 0.265938 0.0519618 0.0465625 0.0707986 0.870605
3 0.080957 0.452222 0.0368359 0.172222 0.861816
3 0.517813 0.481389 0.051875 0.180556 0.853516
2 0.935 0.064184 0.025 0.0677431 0.853027
0 0.15625 0.0594444 0.0475 0.0651389 0.844727
0 0.229063 0.0415972 0.039375 0.0570833 0.838867
0 0.340937 0.0241667 0.036875 0.0483333 0.830078
0 0.180313 0.0425174 0.0325 0.0485764 0.786621
0 0.292188 0.0292708 0.0365625 0.0561806 0.78125
3 0.333125 0.486111 0.029375 0.18 0.775879
3 0.584375 0.0556944 0.0175 0.0647222 0.774414
0 0.32375 0.0434028 0.04 0.0551389 0.773438
3 0.975 0.0450694 0.01 0.0633333 0.753418
3 0.348125 0.476389 0.04625 0.173889 0.744141
3 0.0448828 0.443333 0.0414063 0.153333 0.706543
2 0.0621191 0.374444 0.0720117 0.12 0.67334
5 0.414375 0.12559 0.13375 0.0910417 0.607422
0 0.252188 0.0225347 0.0325 0.0422917 0.57373
3 0.048125 0.467778 0.0260938 0.176667 0.44165
0 0.414375 0.125972 0.1325 0.0902778 0.435791
0 0.360625 0.0110938 0.02875 0.0221875 0.424316
2 0.318125 0.0727083 0.02875 0.0631944 0.413086
0 0.119219 0.0790278 0.04625 0.0525 0.399902
2 0.789375 0.0179861 0.0125 0.0359722 0.376709
2 0.788125 0.0165278 0.00875003 0.0318056 0.357666
2 0.0542285 0.369444 0.0543555 0.108333 0.30249
3 0.5325 0.514722 0.02375 0.116111 0.20752
3 0.0469141 0.487222 0.0300781 0.134444 0.0963745
0 0.0890625 0.0124913 0.0210938 0.024184 0.0943604
3 0.0502344 0.451389 0.0323438 0.171667 0.0803833
3 0.0707031 0.446111 0.0275 0.163333 0.0726318
2 0.319688 0.0608333 0.033125 0.0668056 0.0534058
3 0.415625 0.0834722 0.01625 0.0619445 0.0484924
3 0.0658984 0.444444 0.0210156 0.16 0.0453491
0 0.77125 0.996111 0.10625 0.00777769 0.0428772
2 0.410313 0.0779167 0.029375 0.0605556 0.0393372
2 0.405 0.075 0.04 0.0655556 0.035675
2 0.32375 0.0730556 0.035 0.0641667 0.0340881
2 0.409375 0.0826389 0.030625 0.0847222 0.0304413
5 0.142422 0.0268403 0.0667187 0.0515972 0.0301056
2 0.996875 0.020625 0.00624994 0.0408333 0.0285492
5 0.129063 0.0400694 0.0696875 0.0776389 0.0283356
2 0.8075 0.00916667 0.00750001 0.0183333 0.0264587
0 0.125469 0.0738889 0.0284375 0.0477778 0.0239563
3 0.0835938 0.438889 0.0201562 0.152222 0.0236969
0 0.272188 0.0188542 0.030625 0.0368056 0.0201721
5 0.133984 0.0314931 0.0832813 0.0628472 0.0200653
2 0.389063 0.0936111 0.07125 0.0788889 0.0199432
2 0.069375 0.39 0.0851563 0.116667 0.0197906
3 0.176719 0.068125 0.0246875 0.0609722 0.0188293
2 0.401563 0.0838194 0.0475 0.0756944 0.0173035
3 0.530625 0.488333 0.0275 0.172222 0.0170441
0 0.370313 0.0121181 0.025625 0.0242361 0.0170441
2 0.0735156 0.407778 0.0467188 0.104444 0.016983
3 0.0753125 0.427222 0.0309375 0.127778 0.016922
3 0.161563 0.0734722 0.0196875 0.0613889 0.0162811
2 0.349375 0.0670833 0.039375 0.0772222 0.0156021
3 0.162813 0.0641667 0.036875 0.0631944 0.0146713
3 0.3375 0.4475 0.03 0.118333 0.0129242
2 0.383438 0.105 0.068125 0.0666667 0.011734
3 0.167031 0.0663194 0.02625 0.0627778 0.0116425
3 0.0881055 0.425556 0.0284766 0.126667 0.0115509
2 0.414375 0.0901389 0.02625 0.0663889 0.0107346
3 0.0804492 0.4125 0.0262891 0.101111 0.0107346
0 0.3375 0.0299653 0.03375 0.0435417 0.0106506
0 0.172656 0.0488194 0.0253125 0.0494444 0.0102081
0 0.123828 0.0955556 0.0532813 0.0922222 0.0100098
3 0.420625 0.479722 0.0225 0.150556 0.00905609
3 0.0375 0.451667 0.0314062 0.132222 0.00867462
2 0.37625 0.1025 0.053125 0.0561111 0.0085144
2 0.395938 0.0746007 0.0575 0.0794097 0.00834656
2 0.357813 0.0775694 0.025625 0.0648611 0.00828552
3 0.09875 0.425 0.0425 0.125556 0.00754929
2 0.398438 0.104931 0.064375 0.0695833 0.00728989
0 0.7725 0.996111 0.105 0.00777769 0.0068779
3 0.338125 0.470556 0.03125 0.161111 0.00682449
2 0.40125 0.0658507 0.04625 0.0732986 0.00671768
2 0.1275 0.0830556 0.0303125 0.0561111 0.00626373
0 0.77 0.994167 0.09 0.0116666 0.00598145
0 0.0967188 0.0140365 0.0364063 0.0277604 0.00593567
0 0.248438 0.0270139 0.0325 0.0406944 0.00575256
2 0.99625 0.0268056 0.00749995 0.0536111 0.00526047
0 0.156172 0.0172569 0.0339063 0.0322222 0.00484848
3 0.649375 0.434167 0.0225 0.163889 0.00482941
2 0.7975 0.0184635 0.0275 0.0351563 0.00477219
0 0.0873438 0.0162847 0.0175 0.03 0.00473785
0 0.153906 0.0226736 0.0459375 0.0438194 0.00471878
0 0.155938 0.0327778 0.0434375 0.0420833 0.00460815
0 0.295 0.0205903 0.0365625 0.0411806 0.00460815
3 0.186563 0.0719444 0.00874999 0.0602778 0.00434875
2 0.401875 0.0966667 0.055 0.0725 0.00402451
2 0.0746484 0.421111 0.0600781 0.2 0.00376511
3 0.0976563 0.411111 0.0310938 0.0922222 0.0037365
3 0.431563 0.486111 0.035 0.171111 0.00370789
3 0.97625 0.0541667 0.0125 0.0493056 0.00370789
4 0.41375 0.126146 0.135 0.0888195 0.00365067
0 0.156016 0.0416493 0.0439062 0.0533681 0.00351143
0 0.148672 0.063125 0.0332813 0.0545833 0.00335121
3 0.416875 0.0751389 0.015 0.0566667 0.00333786
0 0.7725 0.993333 0.1075 0.0133332 0.00324821
0 0.0803125 0.0165625 0.03375 0.0304861 0.00318527
2 0.365625 0.0939583 0.0325 0.0559722 0.00288963
0 0.0911719 0.0133507 0.026875 0.0267014 0.00274658
3 0.2825 0.0597917 0.015625 0.0776389 0.00273705
0 0.269062 0.0391667 0.04625 0.0594444 0.00260162
0 0.0892383 0.0165625 0.0321484 0.0317361 0.00252151
0 0.373125 0.0106771 0.0325 0.0213542 0.00247192
2 0.583125 0.0560417 0.02 0.0654167 0.00237846
2 0.176719 0.0559896 0.028125 0.0546875 0.00234222
3 0.0946875 0.448889 0.0684375 0.197778 0.00233269
2 0.361563 0.0794444 0.018125 0.0580556 0.00232315
2 0.8075 0.0155903 0.0125 0.0308333 0.00231361
3 0.0624316 0.426944 0.0757617 0.213889 0.00223351
0 0.31 0.0170486 0.029375 0.0322917 0.00215721
3 0.69875 0.0117014 0.00750001 0.0234028 0.00208282
0 0.394375 0.125694 0.09 0.0908333 0.0020504
0 0.35625 0.0178125 0.0275 0.034375 0.00201988
0 0.0772656 0.018125 0.0445313 0.0327083 0.00195694
3 0.269063 0.405 0.04375 0.157778 0.00185299
7 0.979375 0.852222 0.01 0.0266667 0.00176144
3 0.34125 0.456111 0.0325 0.136667 0.00163555
3 0.991875 0.763333 0.00625 0.02 0.00154305
3 0.41375 0.0481771 0.01875 0.0772569 0.0014782
3 0.36375 0.472778 0.088125 0.19 0.00146103
2 0.388125 0.0789583 0.075 0.123194 0.00144386
0 0.745625 0.995556 0.16 0.00888887 0.00126934
3 0.585313 0.0695139 0.024375 0.0968056 0.0012064
3 0.265938 0.368889 0.033125 0.128889 0.00116062
0 0.145156 0.0226476 0.0546875 0.0449826 0.00115108
2 0.401875 0.0504861 0.04625 0.08375 0.00115108
3 0.5775 0.0533333 0.0325 0.0663889 0.00109863
2 0.9925 0.761111 0.00625 0.02 0.00108147
0 0.122031 0.0561806 0.0496875 0.0922222 0.00107765
2 0.388125 0.0714583 0.06875 0.0898611 0.00101662
2 0.98875 0.0287153 0.02 0.0486806 0.00100803
