0 0.242969 0.741111 0.178438 0.28 0.963867
0 0.0571875 0.765 0.114375 0.284444 0.960449
0 0.479375 0.778889 0.17 0.322222 0.95752
0 0.7025 0.766667 0.1775 0.293333 0.95459
3 0.249688 0.45 0.044375 0.170556 0.922852
0 0.7475 0.0655382 0.0975 0.0636458 0.913574
0 0.117969 0.0864583 0.05125 0.0648611 0.888672
0 0.205313 0.061875 0.045 0.0636111 0.888184
0 0.265156 0.0525 0.0465625 0.0695833 0.878906
0 0.1575 0.0577083 0.046875 0.0669444 0.865234
0 0.323672 0.0453993 0.0401562 0.0597569 0.864258
0 0.22875 0.0411111 0.039375 0.0558333 0.848145
0 0.286563 0.0336806 0.034375 0.0545833 0.820801
3 0.89125 0.425833 0.0325 0.179444 0.811035
2 0.935 0.0625694 0.0225 0.07125 0.800781
2 0.0116504 0.0313194 0.0113281 0.04125 0.78418
0 0.339375 0.024375 0.0375 0.04875 0.78418
3 0.975 0.0461285 0.01 0.0632986 0.762207
0 0.0517578 0.0413194 0.0446094 0.0672222 0.756348
2 0.82 0.0304167 0.015 0.0552778 0.725098
0 0.181719 0.0413715 0.035 0.047257 0.692871
0 0.3 0.0175 0.03125 0.035 0.682617
0 0.250938 0.0214583 0.0346875 0.0429167 0.647949
2 0.904375 0.0513194 0.02625 0.0683333 0.565918
2 0.88625 0.0586806 0.025 0.06125 0.42627
2 0.88125 0.0577778 0.0325 0.0626389 0.391357
0 0.212813 0.0218403 0.0375 0.0420139 0.315674
2 0.905625 0.0390451 0.02125 0.0510764 0.291016
0 0.354688 0.0140972 0.02375 0.0281944 0.269043
2 0.88375 0.0500694 0.02625 0.0530556 0.204346
2 0.898125 0.0561111 0.02875 0.0645833 0.157715
2 0.8825 0.0475694 0.02 0.0520833 0.118408
0 0.370938 0.00854167 0.024375 0.0170833 0.0866089
0 0.0543359 0.0215972 0.0384375 0.0376389 0.0742188
5 0.149219 0.0231597 0.05375 0.0463194 0.0463867
0 0.195938 0.0553993 0.036875 0.0569792 0.0430298
3 0.90625 0.0329861 0.0125 0.0470833 0.0347595
0 0.375625 0.0101389 0.01625 0.0202778 0.0302124
2 0.90125 0.0567361 0.0225 0.0561111 0.0298767
2 0.99625 0.0209028 0.00749995 0.0401389 0.024231
0 0.216875 0.0308333 0.03 0.0441667 0.0189819
3 0.885 0.031875 0.00999997 0.0490278 0.0141144
2 0.89 0.064375 0.0175 0.0570833 0.0124283
0 0.0455469 0.0501389 0.0325 0.0494444 0.0109482
2 0.8975 0.0392882 0.025 0.0597569 0.00937653
0 0.379063 0.00855903 0.01875 0.0171181 0.00923157
0 0.155938 0.0202778 0.035 0.0405556 0.00717545
2 0.82 0.0245833 0.0175 0.0491667 0.00631332
0 0.152266 0.0218056 0.0479688 0.0436111 0.006073
3 0.18625 0.0672222 0.0165625 0.0613889 0.00570679
1 0.14875 0.0262847 0.054375 0.0525694 0.00376511
2 0.886875 0.371667 0.03125 0.0822222 0.00263214
0 0.164961 0.042066 0.0307031 0.0414236 0.0024929
3 0.874375 0.384167 0.02125 0.102778 0.00225258
0 0.180938 0.0279167 0.033125 0.0430556 0.00218201
2 0.154922 0.0338889 0.0354687 0.035 0.00192642
3 0.1875 0.0726389 0.010625 0.0597222 0.00192642
3 0.363125 0.0304514 0.011875 0.0492361 0.00151253
0 0.0569434 0.0293403 0.0370508 0.0465972 0.00144958
2 0.355313 0.0593056 0.023125 0.0798611 0.0014267
0 0.994375 0.827778 0.00999997 0.0288889 0.00136662
3 0.36625 0.073125 0.016875 0.08375 0.0011692
3 0.275313 0.0570139 0.025625 0.07 0.00116062
2 0.87875 0.365 0.0325 0.0922222 0.00116062
3 0.878125 0.414444 0.03125 0.165556 0.00111198
2 0.915 0.703333 0.00625 0.0144444 0.00110722
2 0.884375 0.0305903 0.025 0.0527083 0.00105667
2 0.885 0.360556 0.0325 0.0755556 0.00103188
3 0.144063 0.0176042 0.025 0.0350694 0.00100803
