0 0.228594 0.804444 0.174688 0.291111 0.961914
0 0.0578906 0.744444 0.115781 0.275556 0.957031
0 0.465 0.83 0.19625 0.337778 0.956543
1 0.805 0.746667 0.385 0.506667 0.944336
0 0.95875 0.18875 0.0825 0.126944 0.937988
2 0.51625 0.58875 0.06125 0.220278 0.9375
0 0.45875 0.157639 0.14 0.111944 0.936523
0 0.0519922 0.270833 0.103984 0.127222 0.935547
0 0.76875 0.12441 0.1275 0.0845139 0.935059
0 0.49875 0.0375 0.0425 0.065 0.911621
0 0.366875 0.0894445 0.08375 0.0838889 0.905273
0 0.201875 0.0613889 0.046875 0.0631944 0.884277
2 0.128438 0.195417 0.04625 0.0952778 0.884277
1 0.145938 0.0500694 0.0696875 0.09875 0.875977
0 0.915 0.13875 0.1575 0.0863889 0.873047
5 0.242656 0.211701 0.157813 0.231042 0.856934
0 0.261563 0.0542882 0.048125 0.0675347 0.85498
0 0.335 0.0261458 0.03375 0.0507639 0.853027
0 0.230313 0.0371528 0.03625 0.0527778 0.84082
0 0.319063 0.0497396 0.041875 0.0630208 0.839844
3 0.97625 0.0547222 0.0125 0.0609722 0.791992
2 0.750625 0.0370833 0.01875 0.0630556 0.770508
0 0.285313 0.0358333 0.0325 0.0518056 0.751953
0 0.212344 0.0211458 0.0321875 0.0399306 0.73877
3 0.9875 0.0593056 0.0125 0.0605556 0.725098
2 0.7125 0.0575174 0.02625 0.0574653 0.719238
0 0.00279297 0.0832639 0.00558594 0.0554167 0.71875
2 0.89625 0.0556771 0.0325 0.0608681 0.696777
0 0.252188 0.0177865 0.033125 0.0352604 0.679199
0 0.302031 0.0190625 0.029375 0.038125 0.656738
0 0.187813 0.0392361 0.033125 0.05 0.651367
2 0.958125 0.0484549 0.015 0.065868 0.616699
2 0.9175 0.0260764 0.015 0.0485417 0.569824
0 0.5275 0.0104514 0.03 0.0204861 0.544922
2 0.0836133 0.0084375 0.0149609 0.0167361 0.228149
2 0.89875 0.0504861 0.02625 0.0625 0.20813
3 0.985 0.0577083 0.0137499 0.0611111 0.190063
0 0.275625 0.0113542 0.026875 0.0227083 0.144653
0 0.861875 0.152778 0.05125 0.0522222 0.0963745
2 0.90375 0.0447222 0.0199999 0.0486111 0.0841675
3 0.7225 0.043125 0.00750001 0.05125 0.0745239
3 0.89125 0.040434 0.0199999 0.0613542 0.0670776
3 0.99625 0.0160417 0.00749995 0.0320833 0.0643921
0 0.00330078 0.0747917 0.00660156 0.0651389 0.0477905
3 0.978125 0.0552778 0.01125 0.0523611 0.0431213
0 0.18625 0.0477083 0.036875 0.0579167 0.0413208
0 0.28125 0.0295139 0.035625 0.0527778 0.0384521
0 0.336875 0.0207986 0.03 0.0415972 0.0317993
3 0.88625 0.0257986 0.00875003 0.0425694 0.0307922
3 0.99125 0.0583333 0.0125 0.0626389 0.0289764
0 0.85625 0.154722 0.04 0.0466667 0.0287628
0 0.168906 0.0300694 0.0253125 0.0540278 0.0219421
2 0.914375 0.0282639 0.0225 0.0488889 0.0195007
0 0.898125 0.0570139 0.0325 0.0566667 0.0158997
0 0.278125 0.0403472 0.0275 0.0538889 0.0133743
0 0.00303711 0.0897222 0.00607422 0.0761111 0.0120544
0 0.250313 0.1325 0.055 0.0797222 0.00997162
2 0.88875 0.0794444 0.025 0.0763889 0.0091629
0 0.233125 0.0219792 0.03375 0.0378472 0.00806427
3 0.9925 0.0335764 0.0125 0.0622917 0.00751877
0 0.168711 0.0169097 0.0269531 0.0306944 0.00682449
0 0.672656 0.554306 0.119687 0.166944 0.00494385
0 0.251406 0.145972 0.0609375 0.103056 0.00407028
2 0.9675 0.0477604 0.025 0.0653125 0.00337601
0 0.17875 0.0149306 0.019375 0.02375 0.00336266
0 0.86125 0.552083 0.0775 0.129167 0.00319672
0 0.348438 0.0150347 0.025625 0.0297222 0.00313568
0 0.0839063 0.0119792 0.0157812 0.0227083 0.003088
0 0.653125 0.545556 0.08125 0.152222 0.00296974
2 0.959375 0.0374306 0.01625 0.0573611 0.00292397
0 0.161523 0.0173264 0.0332031 0.0338194 0.00288963
0 0.259375 0.159132 0.0578125 0.110625 0.00273705
3 0.172813 0.0652083 0.025625 0.0573611 0.00198746
2 0.51625 0.55 0.06 0.143333 0.00196457
0 0.939375 0.122639 0.11375 0.0530556 0.00195694
0 0.87125 0.145278 0.07 0.0688889 0.00189686
1 0.0717969 0.564306 0.143594 0.235833 0.00178909
2 0.0348828 0.0134722 0.0132031 0.0265278 0.0017004
0 0.266875 0.0772917 0.040625 0.0748611 0.00169373
2 0.8825 0.0940278 0.03625 0.0708333 0.0016613
0 0.255625 0.118299 0.046875 0.080625 0.00161648
0 0.35625 0.012283 0.02625 0.0244618 0.00161076
2 0.68625 0.0287847 0.0225 0.0499306 0.00161076
3 0.162852 0.0691667 0.0242969 0.0555556 0.00153637
2 0.272188 0.0884028 0.025625 0.0706944 0.00153637
2 0.8925 0.0319444 0.0225 0.0505556 0.0014782
0 0.258125 0.0916667 0.044375 0.0705556 0.00144386
0 0.212031 0.0533333 0.0303125 0.05375 0.00144386
0 0.181875 0.0566667 0.0275 0.0505556 0.00136185
0 0.149297 0.0465972 0.0657813 0.0906944 0.00129414
0 0.254375 0.0977778 0.055 0.100556 0.00109863
3 0.359063 0.0214236 0.020625 0.0428472 0.00107288
2 0.699375 0.0209722 0.01625 0.0358333 0.00104046
0 0.305313 0.0534028 0.026875 0.0556944 0.00101185
