2 0.095625 0.645556 0.0684375 0.244444 0.955078
0 0.28875 0.508611 0.129375 0.225 0.954102
0 0.486875 0.763889 0.16 0.321111 0.954102
0 0.161602 0.949444 0.221172 0.101111 0.953125
0 0.4925 0.418056 0.10875 0.168889 0.946289
0 0.971875 0.311944 0.0562499 0.151667 0.941895
0 0.0205664 0.244306 0.0410547 0.115833 0.94043
0 0.346328 0.300833 0.0848438 0.136111 0.936035
0 0.0333203 0.85 0.0666406 0.3 0.934082
0 0.163281 0.155833 0.065 0.0983333 0.929199
0 0.675625 0.588333 0.15 0.305556 0.927246
1 0.641875 0.190694 0.12875 0.315833 0.922852
0 0.4775 0.28 0.079375 0.126111 0.916504
0 0.490938 0.0369444 0.044375 0.0609722 0.900391
0 0.319688 0.0481944 0.043125 0.0636111 0.871582
0 0.234688 0.0852778 0.04875 0.0713889 0.870605
0 0.018584 0.0670139 0.0370899 0.0551389 0.844727
0 0.109531 0.0904861 0.04875 0.0720833 0.817383
2 0.90375 0.0975694 0.01625 0.0770833 0.808105
0 0.155938 0.0569618 0.04625 0.0616319 0.79834
0 0.27375 0.0409028 0.045 0.0554167 0.788086
0 0.22625 0.0421007 0.041875 0.0521875 0.779785
0 0.336563 0.0292361 0.0325 0.0533333 0.764648
0 0.149688 0.109722 0.054375 0.0777778 0.730957
3 0.9875 0.0761111 0.01 0.0688889 0.690918
3 0.994375 0.07875 0.01125 0.0688889 0.62793
0 0.351875 0.0170486 0.02875 0.0332639 0.584961
0 0.212188 0.0189931 0.03 0.0379861 0.554688
0 0.313594 0.0161111 0.0296875 0.0322222 0.513672
3 0.99 0.0784028 0.0125 0.0706944 0.499023
2 0.90625 0.0534549 0.0175 0.0728125 0.484375
0 0.235313 0.0162847 0.02875 0.0299306 0.480469
0 0.0535938 0.0455729 0.0355469 0.0432986 0.370117
0 0.23 0.0341667 0.03625 0.0473611 0.361084
0 0.268125 0.0129861 0.0375 0.0259722 0.354004
0 0.193594 0.0620833 0.0365625 0.0634722 0.313965
2 0.795 0.0186458 0.00999997 0.0309722 0.119629
3 0.85125 0.0196528 0.00750001 0.0393056 0.0888062
0 0.365 0.00909722 0.023125 0.0181944 0.088501
0 0.23125 0.0184028 0.03375 0.0280556 0.088501
0 0.2925 0.0133333 0.02 0.0259722 0.0755615
0 0.265 0.0157986 0.030625 0.0315972 0.0713501
3 0.91 0.0544271 0.0125 0.0728125 0.0687866
0 0.0502344 0.0505729 0.0415625 0.0494097 0.055603
3 0.8525 0.0205903 0.00750001 0.0399306 0.0534058
0 0.264688 0.0213194 0.038125 0.0334722 0.0490417
0 0.0383984 0.04875 0.0602344 0.0504167 0.0423889
0 0.260938 0.0160069 0.0409375 0.0305556 0.0297546
0 0.87125 0.138194 0.03625 0.0727778 0.0249939
3 0.995938 0.0819445 0.00812499 0.0786111 0.0247955
0 0.0573438 0.0571528 0.0364063 0.0545833 0.0233307
0 0.285 0.0302431 0.0346875 0.0427083 0.0191956
0 0.287188 0.0284722 0.0253125 0.0365278 0.0148392
7 0.7 0.0104861 0.00499999 0.0209722 0.0141754
3 0.903125 0.0804861 0.01375 0.0723611 0.0135345
7 0.98 0.848889 0.00875003 0.0266667 0.0118256
0 0.0460547 0.0761806 0.0385156 0.0640278 0.0109863
0 0.357813 0.0164931 0.030625 0.0329861 0.00963593
0 0.0663281 0.0580556 0.0404688 0.055 0.00837708
0 0.0294336 0.0501389 0.0403516 0.0452778 0.00815582
2 0.795 0.0161111 0.0125 0.0270833 0.00695801
0 0.325703 0.0351389 0.0398438 0.0501389 0.00521851
0 0.0621973 0.0672917 0.0445117 0.0656944 0.00471878
0 0.374688 0.0104514 0.024375 0.0196528 0.00468063
0 0.338125 0.0190625 0.03125 0.038125 0.00432968
0 0.0917969 0.0868056 0.0304688 0.0563889 0.00397491
0 0.075625 0.0588194 0.05 0.0629167 0.00365067
3 0.985 0.07875 0.015 0.0772222 0.00314713
0 0.87125 0.164201 0.03875 0.119375 0.00312424
3 0.85375 0.0263542 0.00875003 0.046875 0.00270462
0 0.2625 0.0757639 0.036875 0.05875 0.00269318
7 0.47625 0.281111 0.07875 0.127778 0.00269318
0 0.00663086 0.213611 0.0132227 0.0602778 0.00255013
3 0.885625 0.0322222 0.00750001 0.0519444 0.00232315
0 0.225313 0.0623438 0.0371875 0.0586458 0.00227928
2 0.136875 0.0105903 0.00843751 0.01875 0.00219917
0 0.190625 0.0525694 0.039375 0.0545833 0.00217438
0 0.985625 0.290278 0.02875 0.107778 0.00205803
0 0.0680859 0.0369792 0.0421094 0.0485417 0.0020504
0 0.0585156 0.0226389 0.036875 0.0398611 0.00201988
0 0.0807813 0.485556 0.120625 0.08 0.0019722
0 0.068125 0.0710417 0.0425 0.0634722 0.00188255
0 0.03125 0.781111 0.0625 0.16 0.00181007
0 0.099375 0.0460417 0.03125 0.0390278 0.0018034
0 0.104844 0.09625 0.0390625 0.0616667 0.00175476
0 0.0797656 0.511389 0.116406 0.132778 0.0016489
0 0.00933594 0.218056 0.0186719 0.0683334 0.0012846
0 0.0748828 0.0210417 0.0392969 0.04 0.00125504
0 0.359375 0.0194531 0.0375 0.0360937 0.00119209
0 0.155234 0.0449306 0.0426563 0.04375 0.00115108
0 0.148125 0.0354861 0.048125 0.0448611 0.0011425
2 0.790625 0.0125781 0.015 0.0212326 0.00111198
0 0.08625 0.036875 0.046875 0.0483333 0.00108147
