0 0.0685547 0.676111 0.137109 0.283333 0.958008
0 0.7025 0.110972 0.0737501 0.0866667 0.930664
0 0.53 0.0994444 0.05375 0.0766667 0.92627
0 0.244219 0.0314583 0.0396875 0.0572222 0.89502
0 0.119531 0.0856944 0.0546875 0.0661111 0.887207
2 0.98375 0.32 0.0325 0.123333 0.882812
0 0.298281 0.0986806 0.0490625 0.07875 0.878418
5 0.0155273 0.225833 0.0310156 0.31 0.86084
0 0.330703 0.0332292 0.0410938 0.0545139 0.858887
0 0.158984 0.0571007 0.0473437 0.0671875 0.856934
3 0.95125 0.0650694 0.01375 0.0668056 0.801758
2 0.235 0.3625 0.040625 0.150556 0.766113
0 0.222656 0.0204167 0.0365625 0.04 0.756348
0 0.349375 0.0194097 0.03375 0.0388194 0.713867
3 0.99625 0.0574306 0.00749995 0.0738889 0.677246
0 0.281563 0.0110417 0.033125 0.0219444 0.59082
0 0.99125 0.521944 0.0175 0.193889 0.583008
0 0.102109 0.0108333 0.0264062 0.02125 0.432129
1 0.0167773 0.224861 0.0332813 0.308056 0.368408
2 0.99625 0.0575 0.00749995 0.07125 0.188354
0 0.3675 0.0105208 0.02625 0.0210417 0.187134
0 0.3725 0.0115278 0.0225 0.0230556 0.0513611
3 0.99625 0.0223698 0.00749995 0.0431771 0.0211182
0 0.37375 0.00934028 0.0275 0.0176389 0.0183411
2 0.83125 0.0132292 0.015 0.0264583 0.0165253
3 0.994375 0.0463889 0.01125 0.0779167 0.0149536
0 0.3575 0.0154167 0.03 0.0308333 0.0146179
0 0.00844238 0.59 0.0168262 0.127778 0.0136337
0 0.31875 0.0700694 0.025625 0.0547222 0.00945282
5 0.0150684 0.275486 0.0299414 0.209028 0.00926971
0 0.0150195 0.6 0.0300391 0.146667 0.00919342
3 0.8525 0.0268403 0.00750001 0.0372917 0.00720596
3 0.825 0.00918403 0.00750001 0.0183681 0.00706482
2 0.99 0.345556 0.0199999 0.139444 0.00706482
5 0.0158105 0.301667 0.0316211 0.443889 0.0068512
2 0.986875 0.336111 0.02625 0.125556 0.00559998
0 0.204219 0.0646007 0.0378125 0.0560764 0.00540543
0 0.231875 0.0228385 0.02625 0.0423785 0.00521851
2 0.9925 0.757778 0.00750001 0.0222222 0.00496292
3 0.990625 0.762222 0.00750001 0.02 0.00494385
0 0.110313 0.0155208 0.0410938 0.0292361 0.00473785
1 0.140781 0.0304254 0.0803125 0.0597049 0.00473785
2 0.8275 0.0201997 0.00999997 0.0394618 0.00468063
0 0.9925 0.503333 0.015 0.167778 0.00448608
2 0.48 0.0220833 0.0125 0.0361111 0.00397491
0 0.290938 0.0096875 0.0246875 0.019375 0.00362206
0 0.0130078 0.578889 0.0260156 0.117778 0.00351143
0 0.325625 0.0602778 0.03375 0.0536111 0.00332451
0 0.017334 0.120556 0.0336133 0.0905556 0.00300407
7 0.98 0.850556 0.00999997 0.0255555 0.00258064
0 0.160469 0.0444444 0.0440625 0.0468056 0.00247192
0 0.00708496 0.578333 0.0141113 0.113333 0.00235939
3 0.85375 0.0294444 0.00749995 0.0408333 0.00219917
0 0.00838867 0.558333 0.0167773 0.113333 0.00198746
3 0.127188 0.0234722 0.0075 0.02875 0.00182438
2 0.983125 0.762778 0.00999997 0.02 0.00163555
0 0.0101074 0.637639 0.0200977 0.218056 0.00162315
0 0.0131152 0.557778 0.0262305 0.107778 0.00155449
2 0.99375 0.296667 0.0124999 0.0911111 0.00151253
0 0.0230078 0.599028 0.0460156 0.141944 0.0014782
2 0.0367188 0.0132031 0.01625 0.0259549 0.00145531
0 0.237188 0.0327778 0.02625 0.0506944 0.00141048
0 0.345625 0.0267708 0.035 0.0471528 0.00137806
2 0.829375 0.0274913 0.01625 0.0507118 0.00131989
0 0.0108008 0.111389 0.0216016 0.0777778 0.00127888
1 0.158203 0.0223698 0.0567188 0.0435937 0.0012598
0 0.0460156 0.0135764 0.0305469 0.0265972 0.00123501
2 0.85375 0.0282292 0.00749995 0.041875 0.00123024
7 0.973125 0.570556 0.01 0.0544444 0.00121593
0 0.9925 0.564444 0.015 0.187778 0.00119686
2 0.480938 0.018125 0.011875 0.03125 0.0011158
5 0.0152539 0.308819 0.0305078 0.136806 0.00105667
