0 0.228594 0.804444 0.175625 0.291111 0.959961
0 0.0578125 0.744444 0.115625 0.277778 0.957031
0 0.464375 0.831111 0.19625 0.337778 0.955566
1 0.805625 0.746389 0.385 0.507222 0.945312
2 0.508125 0.586111 0.06375 0.21 0.928711
0 0.966875 0.140833 0.06625 0.0783333 0.921875
0 0.260625 0.0533507 0.046875 0.0688542 0.879883
0 0.202813 0.0609722 0.045625 0.0613889 0.873047
1 0.147031 0.0498438 0.0678125 0.0986458 0.868164
0 0.230313 0.0372222 0.035625 0.0515278 0.849121
0 0.334375 0.0291667 0.035 0.0554167 0.842773
2 0.9275 0.070625 0.03 0.0616667 0.823242
2 0.956875 0.0491493 0.015 0.0611458 0.788086
0 0.283438 0.0355556 0.036875 0.0551389 0.78418
0 0.318438 0.0515278 0.04 0.0622222 0.763672
0 0.212813 0.0230903 0.034375 0.0440972 0.762207
2 0.82875 0.0453472 0.015 0.0643056 0.757812
0 0.30125 0.0205903 0.03375 0.0397917 0.716797
0 0.1875 0.0402778 0.0328125 0.0525 0.689453
2 0.97625 0.0747222 0.0325 0.0688889 0.658203
0 0.251563 0.0192708 0.034375 0.0378472 0.615234
2 0.935 0.0366667 0.01625 0.0469444 0.57373
2 0.888125 0.0523611 0.0275 0.0644445 0.537109
2 0.895 0.0491667 0.0275 0.0577778 0.44165
2 0.358438 0.0612674 0.02125 0.0588542 0.394287
2 0.986875 0.0741667 0.02625 0.0647222 0.373779
2 0.975625 0.0486806 0.0112501 0.0505556 0.354004
2 0.99 0.0729167 0.0199999 0.0591667 0.307373
2 0.363125 0.061875 0.0275 0.0593056 0.250244
2 0.98625 0.0501563 0.0175 0.0530208 0.243652
3 0.935 0.0264931 0.0125 0.0400694 0.195557
0 0.244375 0.0224219 0.0353125 0.0418229 0.188354
2 0.98625 0.0630556 0.02625 0.0625 0.157104
2 0.98875 0.0536806 0.0225 0.0569445 0.149048
2 0.320938 0.0708333 0.028125 0.0572222 0.143677
2 0.9925 0.0711806 0.015 0.0681944 0.139404
2 0.88875 0.0314583 0.0175 0.05 0.137573
2 0.318438 0.0718056 0.02 0.0619445 0.0987549
2 0.8875 0.0247222 0.01125 0.0419444 0.0950317
2 0.93 0.0473437 0.025 0.0530903 0.0930176
2 0.369688 0.0649306 0.014375 0.05875 0.0745239
3 0.370313 0.0658333 0.014375 0.0598611 0.0745239
2 0.97875 0.0588889 0.035 0.0627778 0.055603
2 0.93625 0.0412326 0.02 0.0503125 0.0497742
3 0.319688 0.0738889 0.023125 0.0644445 0.0265503
0 0.86375 0.543889 0.07125 0.112222 0.0238647
0 0.33625 0.0211806 0.0325 0.0423611 0.0235138
3 0.83125 0.0221528 0.01 0.0338889 0.0206451
2 0.98125 0.0663889 0.0325 0.0636111 0.0205231
0 0.168086 0.0265191 0.0257031 0.0500174 0.0202484
0 0.350938 0.01625 0.030625 0.0322222 0.0177765
2 0.94625 0.0496528 0.0325 0.0583333 0.0167847
0 0.166094 0.0159722 0.02875 0.0319444 0.0142822
2 0.933125 0.0320139 0.01875 0.0468056 0.0137405
2 0.988125 0.0475694 0.01875 0.0643056 0.0109024
0 0.8925 0.0525694 0.03 0.0498611 0.0106506
2 0.926875 0.0609722 0.03125 0.0576389 0.0100937
3 0.365 0.0711111 0.01375 0.0669444 0.00784302
2 0.90375 0.0512326 0.0325 0.0514236 0.0068779
2 0.8975 0.0563194 0.0225 0.0576389 0.00577545
0 0.226875 0.0413889 0.030625 0.0505556 0.00566483
0 0.183438 0.0564583 0.030625 0.0502778 0.0049057
0 0.178438 0.0129514 0.019375 0.023125 0.00479126
0 0.356875 0.0184375 0.0225 0.0361806 0.00473785
2 0.8925 0.0361806 0.0325 0.0575 0.00471878
3 0.0483594 0.0260069 0.00953125 0.0432639 0.00455475
3 0.85375 0.0288542 0.00749995 0.0417361 0.00429916
1 0.159922 0.0472222 0.0426563 0.0908333 0.00416565
3 0.8525 0.030625 0.00750001 0.0476389 0.00367928
3 0.35875 0.0700174 0.025 0.0702431 0.00352478
2 0.35625 0.0635417 0.03125 0.0668056 0.00348282
2 0.96875 0.043316 0.03 0.0592014 0.00348282
0 0.0223047 0.614444 0.044375 0.0844445 0.00329781
0 0.212031 0.0534722 0.0321875 0.0551389 0.00301552
3 0.986875 0.0330556 0.00999997 0.0530556 0.00284576
2 0.978125 0.0392882 0.015 0.0622569 0.00282288
3 0.0504688 0.0414583 0.00921875 0.0559722 0.0024929
0 0.165273 0.0338194 0.0332031 0.0656944 0.00244331
3 0.99625 0.0217448 0.00749995 0.0394271 0.00243378
0 0.348125 0.0197569 0.03 0.039375 0.0017004
0 0.0274609 0.62 0.0549219 0.0977778 0.00168705
0 0.87125 0.12559 0.035 0.069375 0.0016613
2 0.9175 0.0422049 0.0475 0.0536458 0.00153637
2 0.886875 0.0286806 0.03 0.0490278 0.00145531
2 0.315 0.0709722 0.0325 0.0691667 0.00145531
7 0.7075 0.0232639 0.00750001 0.0223611 0.00138283
7 0.506875 0.587222 0.064375 0.201111 0.00137806
2 0.354375 0.0240972 0.03875 0.0438889 0.00126457
0 0.991875 0.112083 0.01625 0.0944444 0.0011692
2 0.8375 0.0388194 0.02625 0.06625 0.0011034
2 0.88125 0.0540104 0.0325 0.0655903 0.00100803
