0 0.243281 0.741111 0.179063 0.28 0.962891
0 0.0570313 0.765556 0.114063 0.283333 0.961426
0 0.479375 0.778889 0.170625 0.322222 0.959473
2 0.865 0.380556 0.08375 0.144444 0.945801
0 0.60125 0.189167 0.1525 0.111111 0.932129
0 0.76625 0.960833 0.215 0.0783333 0.930664
0 0.265625 0.0516667 0.045 0.0693056 0.88623
0 0.205156 0.0617361 0.0453125 0.0647222 0.882324
0 0.156875 0.0586111 0.0478125 0.0652778 0.861328
0 0.32375 0.0465278 0.041875 0.0598611 0.86084
0 0.228438 0.0411111 0.04125 0.0572222 0.858887
2 0.935 0.0655382 0.025 0.0686458 0.855957
2 0.535625 0.0511111 0.03625 0.0719444 0.849121
3 0.71875 0.475 0.05125 0.178889 0.848633
3 0.325313 0.436667 0.028125 0.17 0.84375
2 0.38875 0.0639583 0.03125 0.0695833 0.825684
3 0.51 0.480556 0.0475 0.178889 0.820801
0 0.34 0.0254167 0.039375 0.0508333 0.819824
0 0.119688 0.0841667 0.0490625 0.0616667 0.812988
3 0.230625 0.506111 0.026875 0.196667 0.803223
0 0.289375 0.0313194 0.0353125 0.0576389 0.794434
3 0.52875 0.464444 0.046875 0.166667 0.771973
3 0.0441406 0.490833 0.0315625 0.182778 0.762207
3 0.975 0.04625 0.01 0.0647222 0.741699
0 0.181406 0.042066 0.0334375 0.0483681 0.73584
2 0.00662109 0.0350694 0.0123242 0.0534722 0.697754
3 0.65 0.0477778 0.015 0.0598611 0.662109
3 0.0487109 0.461667 0.0229688 0.138333 0.640625
2 0.0930469 0.0998611 0.0307813 0.0663889 0.625
0 0.250938 0.0223524 0.03375 0.0419618 0.611328
0 0.0926758 0.0995139 0.0321484 0.0648611 0.598145
3 0.0410059 0.447778 0.027207 0.118889 0.386719
3 0.0456934 0.455833 0.0323633 0.129444 0.348633
0 0.309844 0.0183333 0.0340625 0.0356944 0.194336
0 0.355 0.0155556 0.02375 0.0311111 0.154541
3 0.361563 0.0309375 0.015 0.0496528 0.131226
3 0.7275 0.474167 0.04 0.176111 0.128906
3 0.049375 0.0516667 0.00796875 0.0431944 0.0577087
0 0.356875 0.0223958 0.0225 0.0447917 0.0348816
3 0.520313 0.473611 0.031875 0.172778 0.0330811
3 0.7325 0.482222 0.03 0.163333 0.0327148
3 0.65 0.0513889 0.02 0.0672222 0.0316162
3 0.375625 0.0622222 0.02125 0.0586111 0.0222015
0 0.173711 0.0434028 0.0307031 0.0480556 0.0116882
3 0.279063 0.0618056 0.02 0.0770833 0.00854492
0 0.355938 0.0201042 0.0325 0.0402083 0.00743103
3 0.996875 0.0197309 0.00624994 0.0385938 0.00671768
2 0.385625 0.0515278 0.01875 0.05 0.00636292
0 0.271563 0.0397222 0.0475 0.0594444 0.00609589
0 0.166563 0.0509722 0.0303125 0.0563889 0.00600433
3 0.0534277 0.462222 0.0295508 0.135556 0.00575256
0 0.29625 0.0198264 0.031875 0.0396528 0.00572968
3 0.0500781 0.0263194 0.013125 0.0422222 0.00557709
3 0.359688 0.0515451 0.028125 0.0805208 0.00542831
3 0.0344922 0.445556 0.0207031 0.106667 0.00455475
3 0.260469 0.06375 0.0225 0.0629167 0.00453949
2 0.99125 0.758889 0.00749995 0.02 0.00448608
3 0.36375 0.0711111 0.013125 0.0563889 0.00397491
2 0.00833008 0.0390451 0.0156836 0.0602431 0.00392914
2 0.544063 0.0522917 0.019375 0.0720833 0.00383949
0 0.149219 0.0336111 0.059375 0.0570833 0.00340271
0 0.218125 0.0460938 0.0225 0.0508681 0.00335121
3 0.0469531 0.0415451 0.0101563 0.0566319 0.00282288
3 0.182344 0.0668229 0.024375 0.0605208 0.0026207
3 0.271875 0.0583333 0.030625 0.0719444 0.00261116
3 0.328125 0.062934 0.010625 0.0532986 0.00234222
3 0.99125 0.761111 0.00749995 0.02 0.00230598
3 0.366875 0.0709028 0.00625 0.0329167 0.00228691
2 0.274063 0.393333 0.05 0.148889 0.00226974
3 0.0519141 0.054375 0.011875 0.0540278 0.00219917
0 0.7175 0.257708 0.04 0.06125 0.00216484
3 0.273594 0.388889 0.0490625 0.154444 0.00166798
0 0.38625 0.0640278 0.03 0.0688889 0.00165462
3 0.0480859 0.0472222 0.0096875 0.0527778 0.00148392
0 0.212188 0.0536806 0.036875 0.0601389 0.00136662
3 0.285313 0.0734028 0.010625 0.0651389 0.00134563
2 0.644375 0.049375 0.02875 0.0559722 0.00131989
3 0.260625 0.0774826 0.02125 0.0803125 0.00129414
3 0.229531 0.482778 0.0234375 0.148889 0.0012846
3 0.83125 0.0143056 0.00750001 0.0220833 0.00111198
3 0.5375 0.0217361 0.00874999 0.0275 0.00109863
7 0.865 0.379444 0.0825 0.147778 0.00109005
0 0.367188 0.0122222 0.02625 0.0244444 0.00108147
3 0.322578 0.415556 0.0210938 0.124444 0.00104427
2 0.9875 0.761667 0.015 0.0211112 0.00102806
3 0.884375 0.0264236 0.00750001 0.0452083 0.00102425
