0 0.0498438 0.774444 0.0996875 0.351111 0.962891
0 0.61375 0.171111 0.0675 0.0983333 0.938965
0 0.515938 0.136667 0.063125 0.0969445 0.923828
0 0.020625 0.283819 0.04125 0.117917 0.916016
0 0.525625 0.0314236 0.03875 0.0588194 0.889648
0 0.202656 0.0590972 0.045625 0.0620833 0.879883
0 0.324375 0.0380729 0.03625 0.0607986 0.82666
0 0.291094 0.0557118 0.05 0.0732986 0.817383
0 0.44875 0.0263542 0.04 0.0527083 0.81543
0 0.34125 0.0233333 0.035 0.0466667 0.766113
3 0.925 0.0476389 0.0125 0.0636111 0.754883
5 0.270313 0.105833 0.063125 0.108333 0.753418
3 0.961875 0.0557639 0.00999997 0.0654167 0.720215
3 0.95375 0.0530556 0.00999997 0.0655556 0.708984
0 0.460938 0.0109028 0.026875 0.0218056 0.596191
0 0.112813 0.00939236 0.0246875 0.0187847 0.558105
3 0.9425 0.0490278 0.00999997 0.0623611 0.537109
2 0.90375 0.0263542 0.00999997 0.0479861 0.519531
0 0.28625 0.0870139 0.0415625 0.0698611 0.519531
3 0.939375 0.0483333 0.0125 0.0593056 0.472656
3 0.93125 0.0415972 0.01 0.0623611 0.46875
3 0.90375 0.034375 0.00999997 0.0630556 0.375732
3 0.94625 0.0497049 0.01125 0.0630903 0.327637
3 0.92875 0.0439583 0.0125 0.0651389 0.325928
0 0.269688 0.105833 0.0625 0.106111 0.320801
3 0.950625 0.0486285 0.0112501 0.0655208 0.283691
3 0.94125 0.051684 0.0125 0.0502431 0.15918
2 0.914375 0.0325694 0.0125 0.0470833 0.153076
0 0.127344 0.0185417 0.031875 0.0361111 0.113586
2 0.918125 0.0326389 0.01125 0.0452778 0.110107
0 0.334375 0.0258333 0.02875 0.0477778 0.101929
2 0.9125 0.0285417 0.01 0.0448611 0.0953369
3 0.905625 0.0351389 0.01375 0.0581944 0.0778198
0 0.0607813 0.014158 0.023125 0.0258507 0.0726318
0 0.116641 0.0107639 0.0235938 0.0215278 0.069519
2 0.99625 0.0207292 0.00749995 0.0386806 0.0673218
2 0.0639844 0.0137153 0.0145313 0.0252083 0.0605164
0 0.0666797 0.0132986 0.0269531 0.024375 0.0600891
3 0.91125 0.0314236 0.01375 0.0577083 0.0587769
0 0.30125 0.0593229 0.030625 0.0621875 0.0380249
3 0.94375 0.0425174 0.0125 0.0655208 0.0358276
0 0.111016 0.0115278 0.026875 0.0230556 0.0348816
0 0.356562 0.0106076 0.02125 0.0212153 0.0328369
3 0.885 0.0280903 0.00749995 0.0500694 0.0318604
0 0.294531 0.0809722 0.035625 0.0683333 0.029541
0 0.279688 0.0905556 0.05 0.0794445 0.029541
0 0.29875 0.0688889 0.0325 0.0547222 0.0268555
2 0.0628516 0.0163889 0.0102344 0.0292361 0.0207214
0 0.0515527 0.0147917 0.0370508 0.0272222 0.0187683
7 0.980625 0.85 0.00750001 0.0244444 0.0185852
0 0.257031 0.0759028 0.0359375 0.0493056 0.0184784
3 0.88625 0.0297222 0.00750001 0.0544444 0.0177155
5 0.274531 0.114861 0.0521875 0.0880556 0.0131683
0 0.320547 0.0290972 0.0376562 0.0445833 0.00997162
0 0.264375 0.0770833 0.05125 0.0491667 0.00974274
3 0.955 0.038316 0.0125 0.0578125 0.00945282
0 0.263438 0.0702778 0.029375 0.0425 0.00888062
0 0.133594 0.0125521 0.0215625 0.0251042 0.00815582
3 0.99375 0.0222309 0.0124999 0.0427604 0.00595856
2 0.9925 0.758889 0.00750001 0.0211112 0.00460815
5 0.282188 0.114479 0.0375 0.0788195 0.00419998
3 0.9025 0.0229167 0.01125 0.0458333 0.00383949
0 0.107422 0.00965278 0.0345313 0.0184722 0.0037365
3 0.96125 0.0419618 0.01125 0.0677431 0.00332451
0 0.136563 0.0115365 0.020625 0.0224826 0.00317192
0 0.154844 0.0111111 0.0340625 0.0216667 0.00290108
3 0.965625 0.0476562 0.02 0.0746875 0.00283432
2 0.0353516 0.0135069 0.0146875 0.025625 0.00265312
7 0.87125 0.0706944 0.0125 0.0463889 0.00258064
0 0.30875 0.0474306 0.016875 0.055 0.0024147
0 0.27125 0.119444 0.05625 0.0816667 0.00228691
0 0.373125 0.00875 0.03 0.0175 0.00206757
3 0.99625 0.0386285 0.00749995 0.0719097 0.00174141
0 0.475625 0.00916667 0.02375 0.0159722 0.00170708
0 0.135938 0.0211806 0.043125 0.0405556 0.00169373
0 0.0857813 0.00986111 0.01125 0.0183333 0.00163555
0 0.282969 0.0771528 0.0459375 0.0640278 0.00162315
3 0.87125 0.0722222 0.015 0.0466667 0.0014782
3 0.990625 0.761111 0.01 0.0211111 0.00135612
2 0.90125 0.0270139 0.015 0.0493056 0.00131512
0 0.99125 0.832222 0.00749995 0.02 0.00127888
5 0.280625 0.125417 0.039375 0.0702778 0.00125504
0 0.87125 0.126389 0.035 0.0661111 0.0012064
0 0.0112109 0.257708 0.0224219 0.0745833 0.00109863
0 0.99375 0.827778 0.01 0.0288889 0.00107765
0 0.142422 0.0272222 0.0629688 0.0544444 0.00107288
3 0.965 0.055816 0.015 0.0689236 0.00105667
