0 0.261406 0.718889 0.195937 0.315556 0.965332
0 0.0632813 0.785 0.126563 0.282222 0.960938
1 0.799375 0.652083 0.39625 0.689167 0.960938
0 0.4925 0.735556 0.1625 0.286667 0.956543
0 0.538125 0.224722 0.165 0.115 0.930664
0 0.7325 0.246111 0.1375 0.123333 0.926758
2 0.0300977 0.465278 0.0601953 0.161667 0.925293
0 0.154688 0.97 0.236563 0.06 0.916504
3 0.243594 0.426667 0.0428125 0.163333 0.910156
0 0.0245508 0.0823611 0.0488672 0.0744445 0.894043
0 0.146875 0.0668056 0.046875 0.0594444 0.881836
0 0.326563 0.0436111 0.043125 0.0616667 0.875
0 0.200313 0.0585417 0.048125 0.0641667 0.874023
0 0.273281 0.0411806 0.0421875 0.0673611 0.85498
0 0.344375 0.0236111 0.03375 0.0458333 0.848145
2 0.915 0.0535417 0.0225 0.0561111 0.834473
0 0.230313 0.041684 0.038125 0.0549653 0.817383
2 0.81125 0.0428472 0.0325 0.0551389 0.810547
0 0.293438 0.0259722 0.03375 0.0515278 0.767578
2 0.875 0.0434549 0.0175 0.0517014 0.729492
2 0.9425 0.0554167 0.01625 0.0583333 0.692871
2 0.989375 0.0690278 0.02125 0.0591667 0.689453
0 0.247031 0.0248264 0.0328125 0.0470139 0.658203
0 0.314375 0.0143403 0.030625 0.0286806 0.571777
2 0.98625 0.0639583 0.015 0.0584722 0.546875
2 0.783125 0.0128385 0.01125 0.0240451 0.458984
3 0.95875 0.0621007 0.015 0.0646875 0.397949
2 0.96 0.0630729 0.0175001 0.0630208 0.327637
0 0.358125 0.0132639 0.025 0.0265278 0.279785
3 0.94125 0.0559722 0.0125 0.0508333 0.0853882
2 0.865 0.0369097 0.0275 0.0520139 0.0753174
2 0.95625 0.0563194 0.0225 0.0602778 0.0583496
2 0.78375 0.0132986 0.015 0.0261111 0.0440063
3 0.250625 0.412222 0.03 0.138889 0.042572
3 0.269688 0.0615278 0.028125 0.0584722 0.0292053
3 0.98625 0.06625 0.02 0.0618056 0.0289307
2 0.8675 0.0435937 0.03125 0.0628125 0.0285492
0 0.295469 0.0196528 0.0321875 0.0393056 0.0268097
0 0.266563 0.0135503 0.0275 0.0252604 0.0247955
3 0.855 0.0342361 0.00999997 0.0476389 0.0161591
0 0.355313 0.0172917 0.028125 0.0345833 0.0139008
2 0.875 0.0471007 0.0225 0.0582986 0.0123367
0 0.00491211 0.078125 0.00982422 0.0665278 0.00901794
0 0.27625 0.0303472 0.0375 0.0518056 0.00698471
3 0.83625 0.011033 0.00750001 0.0211285 0.00624084
0 0.365 0.011658 0.02375 0.0226562 0.005867
2 0.86875 0.0330556 0.0275 0.0508333 0.005867
3 0.261875 0.063125 0.0296875 0.0568056 0.00559998
2 0.98125 0.0639583 0.025 0.0619444 0.00457382
0 0.250625 0.0194444 0.0309375 0.0388889 0.00391388
0 0.334375 0.0376736 0.02875 0.0496528 0.00387001
2 0.85625 0.0311806 0.0125 0.0468056 0.00356483
3 0.276563 0.0597396 0.03 0.0630208 0.00356483
2 0.78875 0.384444 0.0825 0.137778 0.00313568
3 0.137969 0.0113976 0.00843749 0.0192882 0.003088
2 0.7875 0.0138281 0.02 0.023316 0.0030632
3 0.99625 0.0243663 0.00749995 0.0461285 0.00271416
2 0.85875 0.035 0.02 0.0526389 0.00263214
2 0.014375 0.461667 0.0286719 0.158889 0.00253105
2 0.87375 0.0334028 0.02 0.05375 0.00246239
2 0.78375 0.0184809 0.0125 0.0340104 0.00234222
3 0.871875 0.406944 0.0225 0.115556 0.00221634
0 0.362813 0.0202778 0.02625 0.0338194 0.00203514
0 0.0140918 0.0813889 0.0280664 0.0719444 0.00191212
3 0.00599609 0.442778 0.0119922 0.121111 0.00176811
2 0.262656 0.148854 0.0640625 0.0834028 0.00151253
0 0.379375 0.0109028 0.016875 0.0208333 0.00150108
1 0.734375 0.652222 0.26625 0.688889 0.00135136
0 0.235 0.0313194 0.033125 0.0458333 0.00133038
3 0.96125 0.0639583 0.0225 0.0644445 0.00102806
