0 0.0499609 0.775556 0.0999219 0.353333 0.960938
0 0.646094 0.516667 0.135312 0.242222 0.94873
0 0.456875 0.932778 0.21875 0.134444 0.943848
0 0.5275 0.305 0.09125 0.157222 0.941406
0 0.376875 0.294167 0.0875 0.138889 0.935547
0 0.0353711 0.188611 0.0691797 0.114722 0.931641
0 0.599375 0.0938194 0.05125 0.10125 0.931152
0 0.40625 0.161806 0.0675 0.110278 0.930176
5 0.272188 0.100833 0.06375 0.102222 0.915039
0 0.51625 0.056684 0.04625 0.0660764 0.900391
0 0.434063 0.0763889 0.04875 0.0786111 0.888672
0 0.7525 0.0250694 0.03875 0.0501389 0.881836
0 0.24375 0.0276389 0.04 0.0530556 0.878906
0 0.0247852 0.0645833 0.0463672 0.0568056 0.874023
0 0.575625 0.0286458 0.04125 0.0561806 0.867188
0 0.1675 0.0854861 0.0528125 0.0681944 0.867188
0 0.30125 0.064375 0.0425 0.0648611 0.862305
0 0.327188 0.0285417 0.04375 0.0570833 0.785156
0 0.438438 0.0267014 0.036875 0.0479861 0.757812
0 0.515 0.0125 0.03375 0.025 0.73584
2 0.82125 0.0206944 0.0125 0.0413889 0.708984
0 0.46625 0.0161458 0.03375 0.0322917 0.654785
0 0.271875 0.0128993 0.0375 0.0257986 0.620605
0 0.0179004 0.158889 0.0358008 0.0805556 0.613281
0 0.0192969 0.0455382 0.0385938 0.0522569 0.581543
0 0.355625 0.0121875 0.03125 0.024375 0.511719
0 0.082168 0.0105208 0.0209766 0.0200694 0.312256
2 0.8025 0.00975695 0.00750001 0.0195139 0.264404
3 0.90125 0.03375 0.00874996 0.06125 0.246582
0 0.0159082 0.171667 0.0317773 0.0994444 0.220703
0 0.0214063 0.148333 0.0428125 0.06 0.127686
2 0.8225 0.0255208 0.0137499 0.0510417 0.10376
0 0.0131348 0.0556944 0.0262695 0.0659722 0.0639648
0 0.00545898 0.0668056 0.010918 0.0588889 0.0639648
0 0.0753906 0.0108681 0.033125 0.0209028 0.0572815
0 0.512813 0.0147917 0.031875 0.0295833 0.0534058
0 0.361875 0.0103819 0.03125 0.0207639 0.0483093
0 0.238438 0.0726389 0.036875 0.0588889 0.0427246
3 0.9 0.02375 0.00750001 0.0475 0.0419312
0 0.515 0.0174219 0.03625 0.0322396 0.0301056
0 0.0285938 0.0436806 0.0446094 0.0529167 0.0289764
0 0.00951172 0.236667 0.0190039 0.0883333 0.028656
0 0.0868945 0.0102083 0.0312109 0.0188889 0.0266571
0 0.00786133 0.244444 0.0157227 0.085 0.0159607
0 0.47 0.0138889 0.0325 0.0277778 0.0156708
0 0.263438 0.0163889 0.031875 0.0327778 0.0125275
3 0.899375 0.0323958 0.00999997 0.0590972 0.0121002
0 0.74875 0.0200694 0.0325 0.0401389 0.0113297
2 0.9 0.0301736 0.01 0.0536806 0.0109024
0 0.35375 0.0202083 0.02875 0.0327778 0.0105667
0 0.288594 0.0989583 0.0315625 0.0915278 0.00888062
3 0.905 0.0357639 0.0125 0.0651389 0.0088501
0 0.0398047 0.0120486 0.0233594 0.0227778 0.00841522
2 0.996875 0.0163194 0.00624994 0.0321528 0.00720596
0 0.0443848 0.0117014 0.0298242 0.0214583 0.00653839
0 0.0272998 0.0227083 0.025166 0.0373611 0.00641251
0 0.274375 0.128646 0.0365625 0.0588195 0.00624084
2 0.80375 0.0175521 0.00999997 0.0351042 0.0049057
0 0.29 0.0861806 0.02875 0.0751389 0.0049057
0 0.583125 0.0198611 0.029375 0.0391667 0.00471878
0 0.0180762 0.0348264 0.0361523 0.0604861 0.00460815
0 0.0119531 0.183889 0.0239063 0.101111 0.00413513
0 0.00391602 0.0722222 0.00779297 0.0633333 0.00342941
0 0.0140039 0.0672049 0.0280078 0.0639236 0.00338936
0 0.371563 0.0102778 0.026875 0.0205556 0.0029583
0 0.057041 0.0118056 0.0432617 0.0217361 0.00279045
0 0.575313 0.018125 0.038125 0.03625 0.00275803
0 0.2725 0.109306 0.055625 0.0891667 0.00271416
0 0.565 0.0134028 0.021875 0.0268056 0.00219917
0 0.33875 0.0158333 0.0325 0.0316667 0.00209045
0 0.274688 0.0184722 0.0334375 0.034375 0.00189686
2 0.82375 0.0318403 0.0175 0.063125 0.00185299
0 0.271875 0.083125 0.0525 0.0706944 0.00174141
0 0.422188 0.0647222 0.02875 0.0488889 0.00174141
5 0.264375 0.12809 0.058125 0.0682639 0.00168705
0 0.00924317 0.217083 0.0184863 0.1075 0.00168705
2 0.8375 0.0100694 0.00750001 0.0201389 0.00166798
0 0.152344 0.0125608 0.040625 0.0244618 0.00157356
2 0.137422 0.0109635 0.00921875 0.0207118 0.00150108
0 0.317188 0.055 0.0325 0.0586111 0.00144958
0 0.0251758 0.142222 0.0502734 0.0566667 0.00137806
0 0.00637695 0.264375 0.0127539 0.104583 0.00130939
0 0.375 0.0119792 0.03 0.0234722 0.00127411
0 0.323125 0.0506944 0.033125 0.0597222 0.00121593
0 0.0685156 0.0135764 0.025625 0.0271528 0.00107765
0 0.260938 0.0840972 0.05125 0.0690278 0.00103188
