0 0.243164 0.742222 0.178672 0.28 0.962891
0 0.479063 0.776111 0.169375 0.318889 0.957031
0 0.118281 0.0861111 0.0509375 0.0652778 0.893066
0 0.335938 0.0291667 0.039375 0.0520833 0.884766
0 0.228594 0.0414583 0.039375 0.0566667 0.881836
0 0.205 0.0617361 0.045 0.0636111 0.876465
2 0.98875 0.249444 0.0225 0.111111 0.874023
2 0.79 0.0572917 0.0375 0.0672222 0.863281
0 0.156719 0.0590278 0.0475 0.0665278 0.86084
0 0.251406 0.0244097 0.0334375 0.0488194 0.854004
2 0.82875 0.0528472 0.03375 0.0615278 0.851074
2 0.98625 0.0710417 0.0275 0.05875 0.836426
2 0.95375 0.0729167 0.0300001 0.0619444 0.822266
2 0.9 0.05 0.03 0.0538889 0.803223
0 0.180625 0.0415451 0.033125 0.0482986 0.762207
3 0.91875 0.0304167 0.01 0.0547222 0.265869
2 0.9175 0.0352778 0.0125 0.0558333 0.20813
2 0.870625 0.0323611 0.0125 0.0590278 0.193115
0 0.351563 0.0157292 0.031875 0.0285417 0.161865
2 0.85375 0.0270139 0.00875003 0.0443056 0.0875854
2 0.99375 0.0566667 0.0124999 0.0466667 0.0736694
0 0.9 0.0523611 0.035 0.0477778 0.0615234
3 0.8525 0.0263542 0.00750001 0.0450694 0.0534058
2 0.8675 0.0157292 0.00999997 0.0296528 0.0509033
0 0.177188 0.0360417 0.03125 0.0443056 0.0334778
5 0.152422 0.0238889 0.0504688 0.0476389 0.0244293
3 0.91875 0.0358681 0.015 0.0570139 0.0220337
2 0.91375 0.0372222 0.02 0.0490278 0.0191193
2 0.85875 0.0272222 0.0175 0.0484722 0.0175781
2 0.995938 0.0415972 0.00812499 0.0509722 0.0175171
2 0.87125 0.0426389 0.01375 0.0636111 0.0134811
3 0.91625 0.0391493 0.0199999 0.0650347 0.0101318
3 0.3325 0.0640972 0.0175 0.05375 0.0086441
0 0.157422 0.0192708 0.0364062 0.0382639 0.00772476
3 0.136172 0.0163194 0.00796875 0.0314583 0.00629044
2 0.995938 0.286389 0.00812499 0.107222 0.00614548
2 0.995 0.0705556 0.00999997 0.0625 0.00564194
2 0.996875 0.0259028 0.00624994 0.0454167 0.00553513
0 0.169844 0.0479167 0.0240625 0.0516667 0.00455475
2 0.90125 0.0413889 0.0325 0.05875 0.00332451
0 0.993125 0.832222 0.0137499 0.0244445 0.00300407
0 0.78875 0.0610417 0.03375 0.0551389 0.00271416
0 0.344375 0.0202083 0.02375 0.0356944 0.0024147
3 0.148672 0.0260417 0.0514063 0.0509722 0.00218201
3 0.188125 0.066875 0.02375 0.0609722 0.00209045
0 0.8275 0.055625 0.03625 0.05125 0.00165462
3 0.155156 0.03375 0.031875 0.0344444 0.00161648
3 0.190625 0.0722222 0.0175 0.0616667 0.00158501
3 0.14625 0.0259722 0.034375 0.0480556 0.00152493
2 0.98875 0.2775 0.0225 0.108333 0.00142097
0 0.157813 0.0328472 0.041875 0.0447222 0.00135612
0 0.87125 0.125 0.035 0.0663889 0.00112438
