0 0.243086 0.741667 0.178828 0.28 0.963379
0 0.0569531 0.765556 0.113906 0.284444 0.960938
0 0.479375 0.777778 0.17 0.322222 0.95752
0 0.73625 0.877222 0.20375 0.245556 0.952148
3 0.308438 0.456667 0.061875 0.193333 0.91748
0 0.118125 0.0865972 0.0515625 0.0656944 0.891602
0 0.205 0.0609028 0.044375 0.0638889 0.881836
3 0.9425 0.463611 0.045 0.169444 0.881836
2 0.670625 0.050625 0.0275 0.0690278 0.871582
2 0.935 0.0638889 0.0225 0.0691667 0.865234
0 0.228594 0.04125 0.0396875 0.0586111 0.859863
3 0.8325 0.434722 0.0325 0.173333 0.859863
0 0.264375 0.0525 0.045 0.06875 0.858887
0 0.323438 0.0454861 0.039375 0.06 0.85791
0 0.157422 0.058125 0.0476563 0.0665278 0.855957
3 0.0272461 0.508889 0.0428516 0.185556 0.834473
2 0.42875 0.0613889 0.033125 0.0688889 0.827148
3 0.0454688 0.463889 0.0299219 0.151111 0.799316
0 0.34 0.0249653 0.0375 0.0495139 0.795898
0 0.285 0.035 0.0359375 0.0527778 0.790527
0 0.180625 0.0415278 0.033125 0.0477778 0.763672
3 0.0735547 0.456111 0.0347656 0.17 0.757812
3 0.975625 0.046684 0.00999997 0.0632986 0.756348
3 0.7375 0.456667 0.0425 0.18 0.751465
3 0.7275 0.0460417 0.0175001 0.0665278 0.661133
0 0.250469 0.0219444 0.034375 0.0431944 0.605957
3 0.744375 0.451667 0.03625 0.177778 0.503906
2 0.74625 0.444167 0.0525 0.164444 0.350342
3 0.72625 0.0354514 0.01375 0.0582639 0.315674
0 0.354375 0.0130903 0.026875 0.0261806 0.286133
0 0.310313 0.0141319 0.0275 0.0280556 0.19873
0 0.273125 0.0148785 0.026875 0.0297569 0.137085
0 0.310938 0.0189236 0.03125 0.0332639 0.123352
3 0.74625 0.448889 0.0525 0.173333 0.115173
2 0.139922 0.0105642 0.0192187 0.020816 0.101562
3 0.73875 0.455 0.03 0.176667 0.0980835
3 0.735625 0.448333 0.0225 0.171667 0.0970459
0 0.309375 0.028125 0.0275 0.0377778 0.0789185
0 0.139219 0.0108333 0.0221875 0.0216667 0.0718384
0 0.31 0.03625 0.029375 0.0484722 0.0483093
0 0.138125 0.0135417 0.023125 0.0270833 0.0406189
0 0.164023 0.0523785 0.0357031 0.0594097 0.0325928
3 0.72625 0.0410417 0.0225 0.06625 0.0324707
0 0.147344 0.0144792 0.0415625 0.0289583 0.0309143
3 0.0515625 0.465833 0.0175 0.145 0.0255585
3 0.36375 0.0795139 0.01125 0.0406944 0.0240479
3 0.35875 0.07 0.02 0.0594444 0.0196381
3 0.95375 0.498333 0.0199999 0.106667 0.0192719
3 0.182813 0.0679861 0.015 0.0595833 0.0162201
0 0.67125 0.0591667 0.0275 0.0490278 0.0156708
3 0.308438 0.430556 0.03125 0.137778 0.012291
3 0.885 0.0270139 0.00749995 0.0498611 0.0122375
3 0.0692969 0.447778 0.0260938 0.15 0.00993347
3 0.0547559 0.460556 0.0529883 0.16 0.00955963
3 0.0526563 0.456389 0.0328125 0.157222 0.00901794
2 0.275937 0.424167 0.0575 0.125 0.00837708
3 0.421563 0.0509549 0.016875 0.0661458 0.00834656
3 0.4225 0.0555556 0.01125 0.0611111 0.00815582
3 0.95 0.466111 0.0325 0.18 0.00775528
0 0.30625 0.0179861 0.0275 0.0359722 0.00775528
2 0.99625 0.0222569 0.00749995 0.0445139 0.00701141
2 0.725625 0.0349306 0.02375 0.0595833 0.00593567
3 0.304063 0.419167 0.030625 0.116111 0.00544739
3 0.95375 0.475 0.0237501 0.155556 0.00544739
3 0.360625 0.0791667 0.0175 0.0452778 0.00542831
3 0.187188 0.0726389 0.01125 0.0594444 0.00466537
3 0.95 0.492778 0.0275 0.116667 0.00436401
0 0.139688 0.0215365 0.0471875 0.0392882 0.00424957
3 0.0596777 0.45 0.0417383 0.155556 0.00382423
2 0.146484 0.0306944 0.0175 0.0213889 0.00359344
3 0.885 0.0300694 0.00999997 0.0551389 0.00335121
2 0.26125 0.454444 0.0325 0.0811111 0.00312424
3 0.699375 0.0140972 0.00749995 0.0281944 0.0027256
2 0.6875 0.0231597 0.0125 0.0429861 0.00258064
3 0.68625 0.0303472 0.01 0.0461111 0.00257111
3 0.277188 0.06 0.021875 0.0702778 0.002388
3 0.0216797 0.472778 0.0253125 0.134444 0.00234222
2 0.262969 0.417222 0.0303125 0.104444 0.00228691
2 0.689375 0.0174653 0.015 0.0349306 0.00209999
2 0.271719 0.413333 0.0484375 0.106667 0.00204277
2 0.69 0.0226389 0.0175001 0.0415278 0.00201988
0 0.99375 0.830556 0.0124999 0.03 0.00196457
3 0.3625 0.0833333 0.0125 0.0494444 0.00162315
0 0.205469 0.0525694 0.0403125 0.0530556 0.00144386
3 0.975 0.0531771 0.0175 0.0528125 0.00138283
3 0.179063 0.0563194 0.020625 0.0511111 0.00132465
2 0.262031 0.441944 0.0278125 0.0705556 0.00129414
3 0.0436719 0.451111 0.0230469 0.126667 0.00122547
0 0.213281 0.0540104 0.0346875 0.0600347 0.0012207
3 0.735 0.437778 0.03 0.152222 0.00118828
0 0.428125 0.0645139 0.03125 0.0640278 0.00118828
0 0.168789 0.0429167 0.0305469 0.0469444 0.0011692
3 0.0313672 0.482222 0.0560156 0.144444 0.00115108
3 0.72375 0.0486111 0.025 0.0744444 0.00108147
3 0.169063 0.0689583 0.03 0.06375 0.00102425
3 0.0789844 0.456944 0.023125 0.168333 0.00102425
