0 0.227969 0.803889 0.177188 0.287778 0.958008
0 0.74625 0.83 0.195 0.337778 0.950684
0 0.296875 0.118368 0.061875 0.0860417 0.923828
2 0.70375 0.264167 0.0625 0.125 0.916992
0 0.120469 0.534722 0.164688 0.257222 0.900391
0 0.202188 0.0599306 0.045625 0.0629167 0.888672
0 0.322813 0.0382639 0.038125 0.0591667 0.882324
6 0.614375 0.287153 0.11875 0.147917 0.784668
0 0.341875 0.0236719 0.03375 0.0469618 0.763672
0 0.277188 0.0659549 0.051875 0.0750347 0.760742
2 0.90625 0.0555729 0.0275 0.0624653 0.744629
5 0.417188 0.145417 0.179375 0.130278 0.732422
2 0.88 0.305556 0.0775 0.106667 0.687012
2 0.61 0.201389 0.06375 0.0933333 0.671387
2 0.87875 0.347778 0.0775 0.0788889 0.621582
4 0.416875 0.146667 0.17875 0.131389 0.564941
3 0.93625 0.029375 0.01125 0.0520833 0.548828
2 0.88 0.253403 0.05 0.0854167 0.375732
3 0.92625 0.0294792 0.01125 0.0510417 0.35498
0 0.354375 0.0137847 0.0225 0.0275694 0.279785
2 0.90375 0.022283 0.00999997 0.0419618 0.264404
3 0.91375 0.0277778 0.01 0.0463889 0.178955
0 0.367813 0.00975695 0.0225 0.0195139 0.137085
3 0.933125 0.0325694 0.01375 0.0519444 0.105957
2 0.915 0.0265278 0.0125 0.0463889 0.0950317
2 0.99625 0.0201302 0.00749995 0.0397396 0.0907593
0 0.359063 0.0136806 0.026875 0.0273611 0.0440063
2 0.6125 0.218056 0.06375 0.0838889 0.0417786
0 0.275 0.0849306 0.05 0.0684722 0.0368958
3 0.851875 0.0137413 0.00625 0.0269618 0.0368958
0 0.375625 0.0112153 0.0175 0.0224306 0.0335388
2 0.8775 0.330556 0.0775 0.115556 0.0334778
0 0.354688 0.0155556 0.02875 0.0311111 0.028656
2 0.99375 0.0199913 0.0124999 0.0398785 0.0247955
2 0.881875 0.276667 0.0475 0.127778 0.0247955
2 0.88 0.268056 0.0525 0.0844444 0.0213623
2 0.60875 0.285625 0.10875 0.152083 0.0208893
0 0.375 0.0101042 0.02375 0.0202083 0.0151291
0 0.28 0.0490972 0.04375 0.0436111 0.0146713
2 0.0574609 0.0162847 0.00820313 0.0290278 0.014061
2 0.884375 0.293333 0.065 0.115556 0.013588
2 0.90125 0.0249306 0.0175 0.0451389 0.0132217
0 0.466875 0.142917 0.078125 0.125556 0.00945282
2 0.616563 0.207222 0.055625 0.08 0.00891876
2 0.60125 0.249028 0.0875 0.0841667 0.00796509
2 0.593125 0.22875 0.0550001 0.0841667 0.00763702
3 0.0586328 0.0141146 0.0078125 0.0282292 0.00666809
2 0.610625 0.242083 0.06875 0.0830556 0.00653839
3 0.935625 0.0174306 0.01375 0.0348611 0.00547028
3 0.13 0.0196875 0.011875 0.0352778 0.00494385
5 0.0348438 0.605 0.0696875 0.246667 0.00362206
2 0.619375 0.257222 0.065 0.0888889 0.00359344
2 0.136719 0.0117708 0.0096875 0.0217361 0.00356483
2 0.663125 0.257292 0.02 0.0865278 0.00261116
3 0.903125 0.0204167 0.01375 0.0408333 0.00258064
0 0.45875 0.112778 0.05625 0.0661111 0.002388
3 0.83375 0.0134028 0.0125 0.0256944 0.00219917
0 0.453125 0.107222 0.05 0.0569444 0.00206757
2 0.5975 0.268611 0.0825 0.111111 0.00201988
7 0.979375 0.853333 0.01 0.0244445 0.00192642
3 0.139766 0.0136458 0.00874999 0.0272917 0.00185299
2 0.599375 0.199167 0.0425001 0.0838889 0.0017271
5 0.9925 0.761111 0.00875003 0.02 0.0016613
0 0.180469 0.0621528 0.0384375 0.0509722 0.00146675
5 0.0217969 0.626111 0.0435938 0.221111 0.00145531
2 0.61875 0.229583 0.05875 0.0847222 0.00144386
0 0.995 0.82 0.00874996 0.0266667 0.00143242
0 0.995 0.824444 0.00750001 0.0266667 0.00135136
0 0.172656 0.490556 0.056875 0.166667 0.00123978
0 0.210313 0.0574306 0.03125 0.0554167 0.00117397
2 0.654375 0.267778 0.03875 0.104444 0.00112438
0 0.167656 0.0617882 0.0446875 0.0567014 0.00109863
2 0.695 0.266944 0.055 0.110556 0.00109863
0 0.478125 0.145417 0.0575 0.12 0.00106525
0 0.143594 0.0112847 0.02375 0.0213889 0.00101662
3 0.85375 0.025625 0.00749995 0.0440278 0.00100422
