0 0.0501953 0.773333 0.100391 0.351111 0.963867
0 0.608125 0.127535 0.058125 0.084375 0.929199
0 0.519375 0.104583 0.055 0.0866667 0.915039
0 0.2025 0.0598611 0.045625 0.0630556 0.878418
0 0.454375 0.0188542 0.03625 0.0371528 0.875977
0 0.52375 0.0210417 0.035 0.0420833 0.850098
0 0.291406 0.0553472 0.0490625 0.0708333 0.830078
0 0.324297 0.0378472 0.0364063 0.06 0.823242
3 0.92375 0.0466493 0.00999997 0.0636458 0.808105
0 0.098125 0.0134549 0.0364062 0.0269097 0.804199
3 0.938125 0.0465972 0.0125 0.0638889 0.769043
2 0.0245117 0.0270139 0.0125781 0.0461111 0.766113
0 0.34125 0.0231597 0.035 0.0463194 0.764648
5 0.270625 0.109306 0.060625 0.106944 0.689453
3 0.95125 0.0522917 0.01 0.0626389 0.674805
3 0.904375 0.0338108 0.01125 0.0639063 0.631836
2 0.904375 0.0322917 0.0125 0.0595833 0.596191
0 0.286875 0.0859028 0.0425 0.0681944 0.552734
3 0.96 0.0547396 0.00999997 0.0635764 0.390381
3 0.95625 0.0543056 0.015 0.0636111 0.343262
3 0.9575 0.0525694 0.01 0.0655556 0.325928
3 0.92375 0.0327083 0.00999997 0.0481944 0.189575
3 0.94125 0.047066 0.00999997 0.0689236 0.184204
0 0.257813 0.0776389 0.038125 0.05 0.137085
0 0.3575 0.0120486 0.02375 0.0240972 0.0933228
0 0.262188 0.0901389 0.046875 0.0786111 0.0863037
2 0.99625 0.0218142 0.00749995 0.042066 0.0469055
0 0.336875 0.0258333 0.03 0.0484722 0.0460205
3 0.99625 0.0217708 0.00749995 0.041875 0.0428772
0 0.268281 0.0841667 0.05875 0.0630556 0.0427246
0 0.372188 0.0103819 0.034375 0.0202778 0.0386047
2 0.0503906 0.0186806 0.0153125 0.0345833 0.0368958
0 0.378125 0.0105903 0.02125 0.0202778 0.0332031
3 0.94 0.043316 0.015 0.0675347 0.0325928
2 0.0333984 0.0125347 0.013125 0.0239583 0.0249939
3 0.93 0.0429861 0.01375 0.0673611 0.0225372
0 0.35625 0.0139236 0.04125 0.0278472 0.0196838
0 0.269688 0.101944 0.0625 0.103333 0.0181885
0 0.295313 0.075 0.035 0.0579167 0.0174408
2 0.138281 0.0101389 0.0115625 0.0188889 0.0166626
3 0.9275 0.0451389 0.0125 0.0648611 0.0166626
2 0.0221484 0.0259028 0.015 0.04625 0.0157776
0 0.301563 0.0595139 0.0296875 0.0602778 0.0152512
0 0.4675 0.00892361 0.0275 0.0178472 0.0146713
3 0.994375 0.0211458 0.01125 0.0415972 0.012291
3 0.128906 0.0215278 0.0078125 0.0295833 0.0109863
3 0.885 0.0284375 0.00749995 0.0504861 0.0078125
5 0.273125 0.12375 0.055 0.0758333 0.00712204
0 0.531875 0.124583 0.02875 0.0475 0.00609589
2 0.0475 0.0194792 0.00984375 0.0363889 0.006073
2 0.0517188 0.0270486 0.0134375 0.0515972 0.00564194
2 0.920625 0.0294444 0.0175 0.0483333 0.00542831
3 0.699375 0.0126389 0.00749995 0.0252778 0.00524139
0 0.270938 0.122778 0.0571875 0.0783333 0.00471878
2 0.142188 0.0110764 0.01625 0.0205556 0.00443268
0 0.3775 0.0124306 0.019375 0.0248611 0.00436401
0 0.279063 0.117222 0.043125 0.0761111 0.00432968
3 0.90375 0.02375 0.0125 0.0475 0.00395966
0 0.354375 0.0170486 0.03 0.0340972 0.00353813
3 0.955 0.0420139 0.01375 0.0676389 0.00351143
3 0.0499609 0.0398611 0.0104688 0.0561111 0.00327301
3 0.0514844 0.0289931 0.0135156 0.0567361 0.00312424
3 0.88625 0.0300694 0.00750001 0.0544444 0.00299263
0 0.320625 0.0293056 0.036875 0.0444444 0.0026722
2 0.0245313 0.0205556 0.0155078 0.0411111 0.00256157
0 0.525 0.0140972 0.035 0.0281944 0.0024929
3 0.93875 0.0211111 0.015 0.0422222 0.00193405
3 0.139453 0.0132465 0.0129688 0.0264931 0.00191212
3 0.949375 0.0513889 0.0125 0.0670833 0.00153065
3 0.9175 0.0380556 0.00999997 0.0619444 0.00152493
0 0.995 0.828333 0.00874996 0.0288888 0.00129414
7 0.98 0.850556 0.00999997 0.0266667 0.00129414
2 0.993125 0.76 0.00750001 0.02 0.0012064
0 0.305938 0.0502604 0.0225 0.0547569 0.0011425
3 0.960625 0.0408507 0.0125 0.0652431 0.00110722
0 0.282188 0.0527083 0.0325 0.0626389 0.00107288
0 0.275625 0.0905556 0.0640625 0.0883333 0.00104427
