0 0.228711 0.805556 0.175078 0.293333 0.960938
0 0.0496484 0.844444 0.0992969 0.304444 0.959961
0 0.71125 0.698333 0.1675 0.294444 0.953613
2 0.7325 0.35 0.05625 0.148889 0.94873
2 0.375938 0.228056 0.055625 0.112222 0.937012
0 0.189688 0.401111 0.120625 0.206667 0.927734
0 0.490313 0.1525 0.134375 0.0991667 0.917969
2 0.454063 0.252778 0.059375 0.118333 0.90625
0 0.203125 0.059375 0.044375 0.0620833 0.889648
0 0.310625 0.0512674 0.0425 0.0630208 0.879883
2 0.500625 0.228056 0.054375 0.122778 0.865234
0 0.33875 0.0252778 0.0375 0.0505556 0.863281
0 0.293125 0.110243 0.054375 0.0922917 0.805664
5 0.774375 0.167222 0.19375 0.145833 0.786621
6 0.282969 0.248056 0.0984375 0.131667 0.74707
2 0.8075 0.0255208 0.01625 0.0484028 0.699219
2 0.274063 0.165833 0.035625 0.0688889 0.689453
0 0.35375 0.0144097 0.02375 0.0288194 0.482422
3 0.928125 0.0247569 0.00874996 0.0482639 0.470703
3 0.92625 0.0255208 0.01125 0.0495139 0.325928
2 0.893125 0.0270139 0.0125 0.0483333 0.295898
3 0.90375 0.032908 0.00999997 0.0619618 0.270508
2 0.8975 0.0259028 0.01625 0.04625 0.26123
3 0.891875 0.026875 0.01125 0.0447222 0.210815
2 0.905 0.0296528 0.0125 0.0555556 0.209473
3 0.85375 0.019783 0.00749995 0.0384896 0.195557
3 0.91 0.0227431 0.0125 0.0447917 0.179565
2 0.903125 0.0245486 0.015 0.0464583 0.161377
3 0.915 0.0234375 0.01375 0.0467361 0.147095
3 0.89375 0.026875 0.01 0.0491667 0.133911
0 0.350625 0.0166493 0.021875 0.0332986 0.12085
3 0.91625 0.0251042 0.00999997 0.0502083 0.105225
2 0.27375 0.120972 0.0396875 0.0680556 0.104858
0 0.37 0.00833333 0.025 0.0166667 0.0913696
2 0.995 0.0201042 0.00999997 0.0384028 0.0632324
0 0.270938 0.226667 0.075 0.0838889 0.0526123
3 0.88625 0.0295833 0.00750001 0.0519444 0.0516663
3 0.889375 0.028125 0.01125 0.0495833 0.0435181
2 0.280313 0.182222 0.046875 0.0772222 0.0411377
0 0.273438 0.11809 0.039375 0.0732639 0.0409851
2 0.28 0.194861 0.048125 0.0619445 0.0386047
3 0.905625 0.0334028 0.01375 0.0584722 0.0292053
2 0.00290283 0.0405556 0.00580566 0.0534722 0.0278015
2 0.267656 0.116111 0.0284375 0.0658333 0.0250854
2 0.8775 0.00895833 0.00750001 0.0175 0.0218658
2 0.38625 0.210694 0.03375 0.0744444 0.021286
3 0.900625 0.0209722 0.0112501 0.0419444 0.0210419
3 0.00281006 0.0410417 0.00562012 0.0548611 0.0186157
2 0.8925 0.0263542 0.0175 0.0460417 0.0154266
4 0.77375 0.167743 0.1925 0.144514 0.00985718
2 0.274531 0.194722 0.046875 0.0738889 0.00974274
0 0.375 0.0107292 0.02 0.0214583 0.00905609
2 0.85375 0.0263889 0.00999997 0.04625 0.0086441
2 0.85875 0.0203819 0.0175 0.0379861 0.00847626
0 0.376875 0.00834201 0.02125 0.0162326 0.00720596
0 0.358438 0.0147569 0.029375 0.0295139 0.00626373
0 0.27125 0.206944 0.065 0.0577778 0.00616837
2 0.275 0.141111 0.031875 0.0561111 0.00548935
2 0.265 0.231806 0.061875 0.0913889 0.0051384
2 0.256563 0.239444 0.044375 0.0788889 0.00498199
3 0.836875 0.0112847 0.00625 0.0203472 0.00448608
2 0.993125 0.758889 0.00750001 0.02 0.00391388
2 0.26 0.245 0.050625 0.0983333 0.0026722
2 0.27 0.149722 0.0265625 0.0605556 0.00256157
2 0.283438 0.153889 0.05 0.115 0.00244331
3 0.455 0.219167 0.01125 0.0538889 0.002388
2 0.251875 0.249722 0.035 0.0872222 0.00211525
2 0.285625 0.206389 0.044375 0.0561111 0.00209045
0 0.210156 0.059184 0.030625 0.0527431 0.00203514
2 0.272188 0.153333 0.0396875 0.0863889 0.00196457
2 0.899375 0.0361111 0.01875 0.0666667 0.00194168
2 0.99625 0.0292014 0.00749995 0.0538194 0.00163555
3 0.9275 0.0333333 0.0125 0.0666667 0.00156116
6 0.30125 0.240417 0.063125 0.114167 0.00143242
2 0.80375 0.0290365 0.025 0.0555382 0.00131512
0 0.97875 0.851667 0.0137499 0.0266667 0.00115108
3 0.92875 0.0258247 0.015 0.0494618 0.00107765
2 0.272813 0.248889 0.076875 0.118889 0.00104046
3 0.1375 0.0110417 0.00875001 0.0211806 0.00100422
