2 0.095625 0.644444 0.068125 0.238889 0.957031
0 0.178281 0.936389 0.2125 0.127222 0.945801
0 0.658594 0.372222 0.102813 0.162222 0.941895
0 0.344375 0.347222 0.099375 0.145556 0.94043
0 0.508438 0.23 0.0775 0.117222 0.939941
0 0.491875 0.488611 0.12 0.218333 0.939941
0 0.0333203 0.85 0.0666406 0.3 0.935547
0 0.0692969 0.252778 0.0848438 0.121111 0.932617
0 0.412813 0.133854 0.063125 0.0972917 0.924316
0 0.0684277 0.123021 0.059707 0.0745139 0.90918
0 0.436875 0.0475 0.041875 0.0638889 0.904785
0 0.51125 0.0431771 0.04125 0.0619792 0.903809
0 0.574375 0.02625 0.0362501 0.0525 0.894043
0 0.320547 0.0483333 0.0426563 0.065 0.888184
0 0.157813 0.0922222 0.0590625 0.0827778 0.888184
0 0.174063 0.0448611 0.04125 0.0506944 0.858887
0 0.039375 0.0327778 0.0457813 0.05375 0.852051
2 0.9475 0.0795139 0.0199999 0.0701389 0.837402
0 0.0767969 0.0330556 0.0409375 0.05 0.775879
2 0.89625 0.0949306 0.0175 0.0784722 0.757812
0 0.336875 0.0292708 0.033125 0.0535417 0.754883
0 0.243438 0.0260417 0.03875 0.0518056 0.733887
0 0.278438 0.0329167 0.045 0.0644445 0.668945
0 0.352813 0.0164931 0.028125 0.0322917 0.548828
0 0.496875 0.99 0.16125 0.0177777 0.548828
0 0.0502344 0.08875 0.034375 0.0452778 0.113159
0 0.480625 0.991667 0.12125 0.0155555 0.092041
0 0.365938 0.00927083 0.0225 0.0185417 0.0907593
0 0.0426953 0.0117274 0.0338281 0.0214063 0.0863037
0 0.498125 0.992222 0.15625 0.0155555 0.0304413
2 0.137578 0.0100694 0.008125 0.019375 0.0285492
0 0.0975 0.0156597 0.0357812 0.0303472 0.0240479
0 0.519063 0.991111 0.113125 0.0155556 0.0228882
0 0.310469 0.0171875 0.0365625 0.0342361 0.0207214
0 0.285 0.0186806 0.03125 0.0373611 0.0154877
0 0.23625 0.0163194 0.024375 0.0326389 0.0105667
3 0.138047 0.0115278 0.00859375 0.0230556 0.0103302
0 0.0548047 0.0809722 0.0428125 0.0625 0.0100937
0 0.0524316 0.101875 0.039668 0.0573611 0.00919342
0 0.535625 0.990833 0.05875 0.0183333 0.008255
0 0.0432813 0.100486 0.0217188 0.0456944 0.00751877
0 0.254219 0.0190278 0.0334375 0.0380556 0.00746155
0 0.33875 0.0201389 0.0325 0.0402778 0.00746155
0 0.451875 0.990278 0.06125 0.0194444 0.00728989
0 0.575625 0.0198611 0.03375 0.0397222 0.00712204
0 0.169531 0.057066 0.035 0.0483681 0.00591278
3 0.69875 0.0113889 0.00750001 0.0227778 0.00511932
0 0.158047 0.0296875 0.0560938 0.048125 0.00508118
2 0.0476172 0.0709896 0.02875 0.0732986 0.00494385
0 0.153359 0.0134635 0.0414063 0.026684 0.00479126
0 0.49125 0.990556 0.06 0.0188888 0.00468063
0 0.267344 0.0121181 0.0321875 0.0242361 0.00426483
0 0.170313 0.0464583 0.0334375 0.0433333 0.00356483
5 0.110625 0.0272569 0.0676562 0.054375 0.00348282
0 0.375625 0.00947917 0.02375 0.0189583 0.00337601
0 0.330547 0.039566 0.0351562 0.0633681 0.00327301
2 0.89625 0.0711111 0.015 0.0608333 0.00312424
7 0.92625 0.100278 0.00499999 0.0222222 0.00312424
0 0.00409668 0.0797917 0.00819336 0.0543056 0.00300407
3 0.85375 0.0286111 0.00749995 0.0415278 0.00275803
0 0.291406 0.0153125 0.0284375 0.030625 0.00261116
0 0.318125 0.0369792 0.046875 0.0615972 0.00256157
0 0.0702344 0.017908 0.03 0.0314063 0.00229645
0 0.359375 0.0184722 0.03625 0.0349306 0.00225258
7 0.4225 0.0618056 0.01125 0.0341667 0.00225258
0 0.0515625 0.011875 0.0279688 0.02375 0.00222588
3 0.8525 0.0229167 0.00499999 0.0290278 0.00221634
2 0.8925 0.0931945 0.025 0.0825 0.00211525
1 0.148984 0.0290191 0.0576563 0.0558507 0.00198746
0 0.163789 0.0813194 0.0480469 0.0648611 0.00190449
0 0.375625 0.0107292 0.01625 0.0214583 0.0018177
0 0.131172 0.0135069 0.0225 0.0256944 0.0017004
0 0.158281 0.0149219 0.028125 0.0293229 0.00166798
2 0.0923633 0.579444 0.0293359 0.111111 0.0016489
0 0.00405518 0.0693056 0.00811035 0.0702778 0.0014782
7 0.508438 0.23 0.0775 0.116667 0.00145531
0 0.0998438 0.012691 0.021875 0.0253819 0.0012846
2 0.854375 0.0300347 0.00874996 0.0434028 0.00126457
0 0.9775 0.847778 0.0125 0.0288888 0.00124454
2 0.99375 0.761111 0.00750001 0.0244444 0.00122547
0 0.264063 0.0750694 0.035 0.0651389 0.00121117
1 0.151094 0.0355556 0.049375 0.06125 0.00116062
0 0.00446289 0.0550694 0.00892578 0.0755556 0.00101662
