2 0.0960156 0.643889 0.0685938 0.244444 0.959473
0 0.617188 0.205833 0.071875 0.112778 0.947754
0 0.122188 0.205278 0.0771875 0.108889 0.939941
0 0.515625 0.323333 0.08875 0.148889 0.939941
0 0.355313 0.305833 0.0875 0.138889 0.938477
0 0.0329492 0.85 0.0658984 0.3 0.936035
0 0.161719 0.892222 0.238438 0.215556 0.93457
0 0.586875 0.0538889 0.0487501 0.0715278 0.911621
0 0.09875 0.144306 0.06875 0.0930556 0.894043
0 0.319688 0.0475 0.0425 0.0636111 0.872559
0 0.127344 0.0806945 0.04875 0.0636111 0.870605
0 0.206875 0.107292 0.055625 0.100972 0.870605
0 0.505625 0.0182986 0.03375 0.0365972 0.865234
0 0.264375 0.0518056 0.04375 0.065 0.862305
0 0.0119531 0.242778 0.02375 0.133889 0.862305
0 0.207656 0.0240278 0.0378125 0.0458333 0.836426
0 0.4575 0.0126389 0.0325 0.0252778 0.82666
0 0.199063 0.0661111 0.04875 0.05875 0.789062
0 0.336172 0.0282292 0.0339062 0.053125 0.737305
2 0.79125 0.0167361 0.0125 0.0334722 0.654785
0 0.55625 0.00791667 0.03125 0.0156944 0.615234
0 0.352813 0.0165365 0.029375 0.0328993 0.575684
0 0.273906 0.0126736 0.0353125 0.0253472 0.539062
0 0.365938 0.00979167 0.0225 0.0195833 0.123352
0 0.27125 0.0148264 0.0340625 0.0296528 0.0838623
0 0.234375 0.00972222 0.031875 0.019375 0.0224609
0 0.284219 0.0105469 0.0371875 0.0207118 0.0193481
7 0.98125 0.853333 0.00750001 0.0244445 0.0171814
0 0.337813 0.0192361 0.0325 0.0384722 0.0152512
0 0.375 0.00930556 0.02375 0.0184028 0.0069046
0 0.288281 0.0107986 0.0340625 0.0215972 0.00588989
0 0.209063 0.0168056 0.035625 0.0336111 0.00524139
0 0.205 0.0781944 0.05375 0.0652778 0.00486755
2 0.140156 0.0103819 0.018125 0.0184722 0.00443268
0 0.549375 0.0114931 0.02625 0.0229861 0.00428009
0 0.20625 0.064375 0.04125 0.0620833 0.00397491
0 0.0114844 0.281111 0.0229688 0.101111 0.00387001
0 0.141563 0.0106597 0.0209375 0.0196528 0.00345612
0 0.87125 0.125972 0.03625 0.0480555 0.00324821
2 0.9925 0.76 0.00750001 0.02 0.00322342
2 0.0489453 0.0190278 0.0114063 0.0316667 0.00288963
0 0.295469 0.0119444 0.0278125 0.0226389 0.00286674
3 0.99 0.761667 0.00999997 0.02 0.00265312
0 0.157188 0.0112413 0.0315625 0.0209896 0.00264168
0 0.359063 0.0185417 0.036875 0.0350694 0.00237846
0 0.376875 0.0106944 0.0175 0.0213889 0.00213242
0 0.270313 0.0308333 0.035625 0.0418056 0.0020752
0 0.994375 0.831111 0.01125 0.0311111 0.0020504
0 0.0110742 0.223056 0.0221484 0.0961111 0.00187492
5 0.98125 0.809444 0.0374999 0.0466666 0.00185299
0 0.0106641 0.303333 0.0213281 0.0933333 0.0018177
2 0.99625 0.0147917 0.00749995 0.0295833 0.00171375
0 0.555625 0.0119097 0.0300001 0.0231944 0.00150108
0 0.9925 0.834445 0.01125 0.0266667 0.00139904
2 0.0520313 0.0189583 0.0129688 0.0330556 0.00129414
0 0.0967188 0.0925694 0.0503125 0.0565278 0.0012064
0 0.560625 0.00972222 0.0325 0.0178472 0.00120163
0 0.550625 0.00756944 0.03375 0.0149306 0.00119686
0 0.263125 0.0208333 0.05125 0.0369444 0.0011158
2 0.0880469 0.569444 0.0314063 0.101111 0.00107765
