0 0.228594 0.804444 0.175313 0.291111 0.962891
0 0.154219 0.533333 0.165313 0.231111 0.959473
0 0.710625 0.696667 0.16625 0.293333 0.955566
0 0.5875 0.148472 0.12125 0.100278 0.944336
0 0.312969 0.0992361 0.0753125 0.0865278 0.935059
0 0.806875 0.0706771 0.1025 0.0689236 0.918945
0 0.195977 0.394167 0.103672 0.167222 0.918457
0 0.334297 0.0275694 0.0376562 0.0538889 0.880859
0 0.2025 0.060625 0.04625 0.0634722 0.871582
2 0.198906 0.179167 0.043125 0.0944445 0.848633
2 0.0570703 0.179444 0.0252344 0.0855556 0.78418
0 0.09875 0.0130556 0.03 0.0254861 0.743164
4 0.0280859 0.231944 0.0561719 0.141667 0.716309
2 0.78125 0.0140625 0.01125 0.028125 0.596191
2 0.0190625 0.155 0.0301563 0.0566667 0.594727
2 0.0248486 0.0508333 0.0136621 0.0561111 0.581543
0 0.350938 0.0146181 0.02875 0.0292361 0.569824
0 0.229688 0.0164236 0.04625 0.0328472 0.537109
0 0.0288086 0.233056 0.0573828 0.14 0.521484
2 0.898125 0.0257292 0.0175 0.0474306 0.496094
0 0.00491699 0.115 0.00983399 0.0677778 0.416748
0 0.0166992 0.160972 0.0332422 0.0669444 0.282959
2 0.00484131 0.115139 0.00968262 0.0722222 0.24939
3 0.90125 0.0321528 0.0125 0.0591667 0.218018
0 0.36875 0.00774306 0.025 0.0154861 0.187134
3 0.90375 0.0351389 0.00999997 0.0655556 0.0891113
3 0.89625 0.0270833 0.0175 0.0469444 0.0723877
2 0.99625 0.0179774 0.00749995 0.0350174 0.0668335
0 0.37125 0.00972222 0.02375 0.0194444 0.0548096
0 0.0136328 0.167639 0.0272266 0.0713889 0.0545959
2 0.0357227 0.0427083 0.0355859 0.0713889 0.0310211
3 0.8975 0.0351389 0.0199999 0.0583333 0.0244293
0 0.34125 0.0182639 0.02875 0.0365278 0.0238647
0 0.019209 0.153333 0.0293945 0.0555556 0.0224609
2 0.0319922 0.0484722 0.0277344 0.0602778 0.0152512
0 0.3575 0.0139931 0.03 0.0279861 0.0150757
0 0.0338477 0.0472222 0.0321484 0.0625 0.0125732
3 0.885 0.0277083 0.0112501 0.0480556 0.00997162
2 0.2025 0.173056 0.0328125 0.0855555 0.00894928
7 0.98 0.851111 0.00875003 0.0255556 0.0069046
2 0.0096875 0.121667 0.019375 0.0805556 0.00661469
0 0.185156 0.0630556 0.03 0.0491667 0.0064621
2 0.99375 0.0175 0.0124999 0.0346528 0.006073
7 0.7 0.0103819 0.00750001 0.0207639 0.006073
0 0.0169434 0.179722 0.0338867 0.08 0.00572968
2 0.138594 0.0107031 0.0121875 0.0202604 0.00421524
2 0.0365039 0.0129774 0.00839844 0.022934 0.00416565
0 0.153906 0.0113976 0.0359375 0.0223438 0.0041008
2 0.204063 0.156111 0.02875 0.0622222 0.00395966
0 0.0045874 0.0840278 0.00917481 0.0666667 0.00378036
2 0.9825 0.763333 0.01 0.02 0.00337601
0 0.145938 0.0111198 0.0275 0.0213715 0.00323486
0 0.0414844 0.0433333 0.0482813 0.0726389 0.00307465
2 0.993125 0.758333 0.00750001 0.0211111 0.00296974
2 0.89875 0.0354774 0.0175 0.0677951 0.0029583
0 0.0177832 0.206111 0.0354883 0.0927778 0.00259018
2 0.786875 0.0135764 0.0225 0.0255556 0.00208282
1 0.0219727 0.673333 0.0439453 0.21 0.00188255
2 0.0175391 0.140139 0.0344922 0.0772222 0.00176811
0 0.375938 0.00944444 0.03 0.0186806 0.0017271
0 0.0239453 0.914444 0.0478906 0.168889 0.00170708
0 0.124219 0.0125087 0.0375 0.0237326 0.00167465
0 0.995 0.827778 0.00999997 0.0288889 0.00162315
2 0.0305859 0.185556 0.0441406 0.0711111 0.00157356
2 0.0295654 0.0345833 0.0207129 0.0611111 0.00154877
2 0.0236914 0.0579861 0.0160547 0.0455556 0.00144958
2 0.0254688 0.0605556 0.0140625 0.0636111 0.00139904
3 0.855 0.0286806 0.0125 0.0473611 0.00126457
0 0.0564063 0.161111 0.0284375 0.06 0.0012207
3 0.99 0.762222 0.00750001 0.02 0.00117874
0 0.99125 0.831111 0.00999997 0.0255555 0.00115585
3 0.85375 0.0257292 0.00749995 0.041875 0.0011425
2 0.90625 0.0321181 0.03 0.056875 0.00111198
0 0.0438281 0.0107726 0.0180469 0.0202604 0.00110722
0 0.116563 0.978889 0.0754687 0.0422222 0.00105667
0 0.242188 0.0135069 0.028125 0.0265972 0.00104046
