0 0.279844 0.626806 0.150937 0.244167 0.958984
0 0.0635156 0.784445 0.127031 0.282222 0.958008
0 0.514063 0.363333 0.1025 0.16 0.947754
0 0.598125 0.207222 0.0725 0.107222 0.942871
0 0.68 0.54125 0.1325 0.221944 0.942383
0 0.69875 0.0986806 0.0675 0.0926389 0.928711
0 0.38 0.277292 0.084375 0.133194 0.928711
0 0.0294141 0.337778 0.0588281 0.146667 0.92627
0 0.52625 0.124861 0.0575 0.0813889 0.924805
0 0.0820313 0.142917 0.069375 0.0952778 0.922852
0 0.423125 0.116389 0.053125 0.0811111 0.918457
0 0.142656 0.159757 0.0725 0.104375 0.917969
0 0.560313 0.0600694 0.0456251 0.0663889 0.911133
1 0.791094 0.813889 0.347813 0.372222 0.896484
0 0.805 0.0404861 0.0475 0.0673611 0.885742
0 0.326797 0.044375 0.0426563 0.0620833 0.877441
0 0.0260156 0.0834028 0.0520313 0.0743056 0.875
0 0.509375 0.0270833 0.03875 0.0538889 0.864258
0 0.230781 0.0816667 0.0496875 0.0747222 0.859863
0 0.34375 0.0235417 0.033125 0.0445833 0.786621
2 0.90625 0.119028 0.0225 0.085 0.779297
1 0.610625 0.0244792 0.05375 0.0489583 0.758301
0 0.266406 0.0165972 0.0303125 0.0320833 0.725098
5 0.299375 0.0218056 0.040625 0.0436111 0.712402
2 0.946875 0.124028 0.0175 0.0808333 0.690918
0 0.0675391 0.0603472 0.0394531 0.0548611 0.660156
0 0.0939844 0.0398611 0.0353125 0.0458333 0.588867
5 0.189375 0.048316 0.049375 0.0858681 0.364746
2 0.881875 0.0261198 0.0112501 0.0516493 0.299072
0 0.189844 0.0477604 0.0478125 0.0867014 0.289307
0 0.00364258 0.0347569 0.00728516 0.0447917 0.264404
5 0.207656 0.0306944 0.0859375 0.0609722 0.19812
1 0.132812 0.0522222 0.085625 0.104444 0.182983
0 0.3575 0.0132986 0.0225 0.0265972 0.165039
0 0.35375 0.0168229 0.0275 0.0336458 0.120422
0 0.368438 0.00925347 0.025 0.0185069 0.108948
0 0.00588867 0.0538889 0.0117773 0.0675 0.103394
2 0.95 0.119583 0.015 0.0847222 0.0863037
0 0.101406 0.0150347 0.0328125 0.0300694 0.085083
0 0.339063 0.02625 0.033125 0.0386111 0.0778198
3 0.946875 0.124722 0.0175 0.0822222 0.0665894
0 0.0998438 0.0208941 0.03625 0.0393229 0.0596619
0 0.3725 0.0113889 0.02375 0.0227778 0.0564575
0 0.99625 0.0183333 0.00749995 0.03625 0.0254669
2 0.88125 0.0280556 0.015 0.0554167 0.0220337
0 0.265938 0.0765278 0.04125 0.0533333 0.0200958
3 0.868125 0.0299653 0.00625 0.038125 0.0192719
0 0.270625 0.0720139 0.03625 0.05125 0.018692
0 0.506563 0.0210417 0.033125 0.0420833 0.0181885
0 0.0988867 0.0357292 0.0412891 0.0485417 0.0153656
0 0.0111426 0.0394618 0.022168 0.0549653 0.014389
0 0.320625 0.0157552 0.0275 0.030434 0.0142822
0 0.0127246 0.0627778 0.0254492 0.0488889 0.0133286
1 0.177461 0.0415278 0.128203 0.0830556 0.0125732
0 0.0113281 0.0761111 0.0225 0.0675 0.0113297
1 0.153438 0.0320486 0.060625 0.0572917 0.0100555
0 0.00869141 0.0385938 0.0173828 0.0480903 0.00963593
0 0.185313 0.0118837 0.03875 0.0202604 0.0091629
0 0.300625 0.0200694 0.03875 0.0401389 0.00818634
1 0.164844 0.0273698 0.0571875 0.0534549 0.00806427
0 0.184375 0.0308333 0.04625 0.0536111 0.00800323
0 0.3725 0.0106858 0.02875 0.0209896 0.00760651
5 0.216875 0.0279861 0.06375 0.0559722 0.0069046
1 0.610938 0.0232639 0.058125 0.0465278 0.00679779
0 0.698125 0.0811111 0.05875 0.0625 0.00677109
0 0.245781 0.0126042 0.0259375 0.0250694 0.00674438
0 0.235938 0.0186111 0.035 0.036875 0.00612259
1 0.215469 0.0235069 0.0628125 0.046875 0.00564194
0 0.267813 0.0611111 0.038125 0.0504167 0.00548935
0 0.302813 0.0296181 0.039375 0.0454861 0.00475693
0 0.75625 0.0109375 0.0325 0.0170139 0.00439835
7 0.90375 0.130799 0.015 0.0517361 0.00434875
0 0.0693359 0.0457639 0.0457031 0.0469444 0.00426483
0 0.111719 0.0203819 0.0440625 0.0395139 0.00416565
0 0.169531 0.0301042 0.0484375 0.0542361 0.00392914
0 0.175625 0.00958333 0.0346875 0.0191667 0.00388527
5 0.2325 0.0230208 0.045625 0.0460417 0.00367928
0 0.71625 0.536667 0.06 0.222222 0.00328636
0 0.167969 0.0161892 0.0415625 0.0322049 0.00309944
0 0.0277148 0.0675694 0.0483203 0.0531944 0.00298119
0 0.33125 0.0401562 0.03625 0.0532986 0.00298119
2 0.88375 0.0285417 0.015 0.0570833 0.0029583
0 0.264688 0.0520833 0.044375 0.0661111 0.00287819
1 0.142109 0.0371181 0.0676563 0.071875 0.00255013
0 0.194219 0.0175694 0.0428125 0.0325694 0.00230598
0 0.0164941 0.0220833 0.0299023 0.0368056 0.00219917
0 0.3625 0.019375 0.03 0.0344444 0.00219154
5 0.205938 0.0463194 0.084375 0.0926389 0.00210762
0 0.287813 0.0341667 0.02375 0.04875 0.00181007
2 0.835 0.00986111 0.00500005 0.015625 0.00168705
1 0.0779688 0.0286806 0.0525 0.0527778 0.00161076
0 0.618125 0.0211806 0.0393751 0.0423611 0.00161076
3 0.945 0.130556 0.0175 0.0594444 0.00158501
1 0.148438 0.0246875 0.054375 0.0492361 0.00143242
0 0.26375 0.0680556 0.038125 0.055 0.00143242
7 0.525625 0.0915278 0.00874999 0.0233333 0.00131512
2 0.99375 0.0209635 0.0124999 0.0375174 0.00128937
0 0.0284375 0.040625 0.0520313 0.0606944 0.00124454
1 0.170938 0.0551389 0.099375 0.109167 0.00112915
7 0.379688 0.2775 0.0825 0.132222 0.0011158
0 0.6025 0.0244444 0.038125 0.0480556 0.00109863
0 0.0369336 0.0582639 0.0459766 0.045 0.00108624
1 0.61875 0.0242014 0.0375 0.0470139 0.00108147
0 0.808125 0.0322917 0.0425 0.0541667 0.00107765
0 0.601875 0.0296528 0.03125 0.0430556 0.00103188
