0 0.256406 0.708889 0.159063 0.275556 0.958984
2 0.230313 0.290069 0.07625 0.120972 0.957031
0 0.695625 0.691111 0.17 0.28 0.955566
0 0.49125 0.78 0.16625 0.304444 0.955078
0 0.165664 0.523333 0.154922 0.192222 0.949219
0 0.720625 0.0707639 0.0925 0.0704167 0.924316
0 0.351875 0.1075 0.0925 0.0933333 0.915527
0 0.209844 0.0564583 0.0434375 0.0625 0.894043
0 0.911875 0.42 0.17625 0.203333 0.881836
2 0.55 0.192222 0.05875 0.107222 0.873535
0 0.29875 0.0524306 0.053125 0.0761111 0.871582
0 0.79875 0.0232639 0.03625 0.0461111 0.863281
2 0.233438 0.1725 0.0459375 0.0888889 0.856934
2 0.0373633 0.151806 0.0361328 0.0741667 0.844238
2 0.296563 0.16875 0.04625 0.0911111 0.836426
2 0.342813 0.169722 0.03375 0.0872222 0.810547
0 0.3575 0.0133333 0.0275 0.0266667 0.799316
2 0.90375 0.219444 0.0725 0.109444 0.797363
2 0.0260107 0.095 0.0188379 0.0533333 0.796875
0 0.99625 0.0788195 0.00749995 0.0583333 0.505859
2 0.8575 0.0257292 0.01375 0.045625 0.484375
3 0.885 0.0294444 0.0112501 0.0527778 0.403564
0 0.2575 0.00732639 0.025 0.0146528 0.24939
3 0.87375 0.0277778 0.00999997 0.0504167 0.172119
3 0.870625 0.0288194 0.00999997 0.0438889 0.114746
2 0.86125 0.0271181 0.01875 0.0463194 0.0827026
4 0.151406 0.0425 0.0609375 0.0838889 0.0634766
0 0.257188 0.00618056 0.029375 0.0123611 0.0538025
3 0.875625 0.0269792 0.00875003 0.0482639 0.0535889
2 0.878125 0.250278 0.04375 0.108333 0.0359497
2 0.99625 0.0183333 0.00749995 0.0366667 0.0191193
0 0.292188 0.109583 0.0471875 0.0905555 0.0191193
3 0.870625 0.0438194 0.01125 0.05625 0.0171814
0 0.996875 0.0906944 0.00624994 0.0769444 0.0168457
3 0.83625 0.0115885 0.00499999 0.0209896 0.00912476
2 0.8825 0.227778 0.04625 0.09 0.0078125
4 0.146719 0.0646528 0.06875 0.128472 0.00775528
2 0.8925 0.225 0.0575 0.0977778 0.00743103
0 0.259375 0.0615278 0.039375 0.0622222 0.00706482
2 0.290156 0.120799 0.039375 0.0789583 0.00591278
2 0.87625 0.271181 0.0475 0.11875 0.00542831
5 0.152734 0.0805556 0.0654688 0.161111 0.00530243
4 0.156406 0.027283 0.0490625 0.0526563 0.00445175
5 0.153047 0.0418056 0.0545313 0.0780556 0.00362206
2 0.885 0.239028 0.04 0.0863889 0.00349617
3 0.87125 0.0527951 0.01375 0.0644097 0.00325966
0 0.309375 0.0417361 0.03125 0.05625 0.00311089
1 0.155313 0.0426389 0.0503125 0.0779167 0.00298119
3 0.85875 0.0190972 0.0125 0.0381944 0.00266266
0 0.994375 0.0788889 0.01125 0.0605555 0.00265312
7 0.97875 0.847778 0.00999997 0.0266667 0.00246239
5 0.127891 0.0877083 0.103906 0.175417 0.00239754
2 0.0353125 0.137187 0.033125 0.0728472 0.00214958
7 0.83125 0.0161458 0.01 0.0252778 0.00186729
0 0.0844531 0.00769097 0.0176562 0.0153819 0.00184631
0 0.3825 0.00920139 0.010625 0.0184028 0.00173378
2 0.48375 0.00875 0.01125 0.0138889 0.00171375
0 0.15625 0.0252865 0.0484375 0.0494271 0.00168705
2 0.083125 0.00795139 0.0176562 0.0159028 0.00157356
2 0.283125 0.100764 0.0303125 0.0890278 0.00153637
0 0.0939258 0.008125 0.0355859 0.01625 0.00143242
5 0.15625 0.0258941 0.049375 0.0509896 0.00141621
2 0.293594 0.140278 0.0440625 0.0561111 0.00124454
2 0.9075 0.325278 0.1025 0.139444 0.00103188
2 0.0339111 0.0960417 0.0347559 0.0570833 0.00100422
