0 0.0571094 0.764444 0.114219 0.284444 0.960449
0 0.479688 0.828889 0.17875 0.332222 0.958984
0 0.299844 0.576528 0.140313 0.231389 0.956543
0 0.773125 0.871111 0.20875 0.255556 0.949219
0 0.525938 0.343889 0.096875 0.151111 0.945801
0 0.49875 0.180833 0.06875 0.115 0.937988
0 0.670625 0.472778 0.12125 0.188889 0.936523
0 0.365625 0.295556 0.0875 0.135556 0.935547
0 0.60625 0.197361 0.07 0.108056 0.932129
0 0.122031 0.211944 0.083125 0.118889 0.930664
0 0.9275 0.217361 0.075 0.110278 0.930176
0 0.80875 0.0816667 0.05125 0.0755556 0.92627
0 0.113516 0.970555 0.210469 0.0588889 0.916504
0 0.215313 0.100486 0.055 0.07875 0.893066
0 0.0112402 0.26 0.0224023 0.113889 0.878906
0 0.0751172 0.0293142 0.0397656 0.055816 0.856934
0 0.323047 0.0470139 0.0401563 0.0594444 0.84375
0 0.10123 0.100417 0.0594141 0.0777778 0.831055
0 0.187031 0.0410417 0.0446875 0.0573611 0.822266
0 0.0300977 0.0577778 0.0413672 0.0541667 0.820801
0 0.339688 0.0248958 0.038125 0.0497917 0.790527
2 0.0269727 0.100139 0.0204297 0.0605556 0.775879
0 0.165313 0.0931944 0.0503125 0.0697222 0.774414
0 0.26625 0.0393056 0.044375 0.0691667 0.763672
0 0.232188 0.0377083 0.0375 0.0561111 0.762207
2 0.988125 0.0859028 0.0137499 0.06625 0.736328
0 0.220313 0.0204167 0.03625 0.0406944 0.640625
0 0.306406 0.0155556 0.0328125 0.0306944 0.558105
0 0.150313 0.0636285 0.0421875 0.0541319 0.443604
0 0.356875 0.0139931 0.0225 0.0279861 0.354004
0 0.100078 0.0182118 0.0304688 0.0364236 0.352295
0 0.278438 0.0234115 0.03125 0.0452604 0.256836
0 0.372188 0.00751736 0.02375 0.0150347 0.213989
0 0.154531 0.0855556 0.040625 0.0655556 0.158203
0 0.3725 0.00975695 0.02125 0.0195139 0.0966797
0 0.0277002 0.0652778 0.0310059 0.0552778 0.0841675
0 0.283438 0.0206944 0.038125 0.0413889 0.0538025
0 0.35 0.0161806 0.03 0.0323611 0.0516663
0 0.113125 0.0834028 0.0371875 0.0543056 0.0483093
0 0.123438 0.0205208 0.0375 0.0395139 0.0372009
0 0.148359 0.0731944 0.0457813 0.0705556 0.0350037
0 0.0349414 0.09875 0.0363672 0.0625 0.0296478
0 0.00375 0.0807639 0.0075 0.0515278 0.0248871
1 0.0261914 0.0286892 0.0508984 0.0556771 0.0237732
2 0.9925 0.0876389 0.0125 0.0677778 0.021286
0 0.87 0.13375 0.03875 0.0619444 0.0202484
0 0.239688 0.0117882 0.0265625 0.0235764 0.0180511
2 0.0352783 0.0984722 0.0371777 0.0616667 0.0180511
2 0.0256445 0.0938889 0.0280469 0.0622222 0.0150146
0 0.0394922 0.0932639 0.038125 0.0570833 0.00787354
0 0.996875 0.0129861 0.00624994 0.0259722 0.00661469
2 0.00849609 0.0800694 0.0157813 0.0584722 0.00593567
2 0.127969 0.0184028 0.02875 0.0361111 0.0055542
0 0.870625 0.162778 0.04125 0.105556 0.00547028
0 0.0547754 0.0138542 0.038418 0.0261806 0.00538635
0 0.174688 0.0589583 0.04 0.0533333 0.00411606
0 0.151016 0.0443056 0.0489063 0.0656944 0.00403976
0 0.228594 0.0335069 0.031875 0.0446528 0.00385475
0 0.329297 0.0457639 0.0351562 0.0595833 0.00362206
1 0.0201953 0.0362153 0.0403906 0.058125 0.00337601
0 0.17875 0.0374306 0.03375 0.0468056 0.00337601
0 0.0544629 0.0281944 0.0449805 0.0504167 0.00324821
2 0.99625 0.0176389 0.00749995 0.0347917 0.0029583
7 0.980625 0.854445 0.00875003 0.0244445 0.00276756
3 0.98625 0.0840278 0.0175 0.065 0.00257111
3 0.829375 0.0173611 0.00499999 0.0219444 0.00255013
0 0.130313 0.015191 0.0270313 0.0303819 0.00250244
0 0.154609 0.0345486 0.0504688 0.0586806 0.00239754
0 0.122813 0.0276736 0.04125 0.0515972 0.00233269
0 0.131484 0.0510417 0.0801563 0.0920833 0.00226974
0 0.870625 0.185833 0.04125 0.103889 0.00225258
0 0.0594531 0.0280903 0.0242188 0.0407639 0.00209999
0 0.00674316 0.0480556 0.0131152 0.055 0.00191879
0 0.140625 0.0117361 0.0284375 0.0226389 0.00182438
0 0.288281 0.0282292 0.0309375 0.0465972 0.00179577
0 0.27125 0.0501389 0.035625 0.0695833 0.00174809
0 0.258438 0.0665972 0.0275 0.0634722 0.00171375
0 0.176289 0.983889 0.0817969 0.03 0.00170708
0 0.254063 0.0126042 0.0196875 0.0236806 0.0017004
0 0.231406 0.0536806 0.036875 0.0645833 0.00153065
0 0.703125 0.472778 0.0575 0.188889 0.00151253
0 0.157188 0.0149392 0.0396875 0.0278993 0.00141048
0 0.183594 0.0549306 0.0378125 0.05875 0.00138283
0 0.193594 0.0699306 0.0328125 0.0504167 0.00137234
3 0.269375 0.0677778 0.025625 0.0666667 0.00134563
2 0.834375 0.00902778 0.00625 0.0170833 0.0012598
0 0.135547 0.0784722 0.0379688 0.0616667 0.00124454
0 0.0223828 0.0566667 0.0338281 0.0527778 0.00116062
0 0.259375 0.0476215 0.0296875 0.0600347 0.00114727
0 0.00378174 0.0965278 0.00756348 0.0663889 0.0011425
3 0.85125 0.0256944 0.00499999 0.0319444 0.00109005
0 0.20625 0.0415972 0.085 0.0656944 0.00107288
0 0.0123047 0.224583 0.0246094 0.0697222 0.00105286
