0 0.0571094 0.764444 0.114219 0.284444 0.958008
0 0.295625 0.577778 0.14125 0.245556 0.95752
0 0.3825 0.257222 0.0825 0.122222 0.938477
0 0.52125 0.320556 0.0925 0.137778 0.9375
0 0.0431348 0.142083 0.0641992 0.0852778 0.933594
0 0.0317969 0.248472 0.0635938 0.115278 0.927734
0 0.519688 0.123854 0.056875 0.0889583 0.918945
0 0.430313 0.102778 0.05625 0.0897222 0.915527
0 0.58875 0.0627778 0.0475 0.0725 0.913086
0 0.50625 0.0529167 0.045 0.0633333 0.887207
0 0.318125 0.0539583 0.04375 0.0623611 0.878906
0 0.141797 0.0729861 0.0470313 0.0601389 0.876465
0 0.33875 0.0250694 0.0375 0.0501389 0.85791
0 0.449063 0.0210069 0.03625 0.0420139 0.851074
0 0.290938 0.0261458 0.040625 0.051875 0.817383
2 0.8275 0.0891667 0.0225 0.0777778 0.795898
3 0.96625 0.0876389 0.015 0.0725 0.754883
0 0.03375 0.0826389 0.0501563 0.0627778 0.746094
3 0.9625 0.04625 0.01 0.055 0.70752
3 0.9825 0.0851389 0.0125 0.0761111 0.705566
0 0.56125 0.00771701 0.03 0.0148437 0.647949
0 0.50875 0.0161979 0.03375 0.0323958 0.640625
3 0.99375 0.0663194 0.00874996 0.0545833 0.511719
2 0.065625 0.0271875 0.0142969 0.0459028 0.507812
3 0.9875 0.0679167 0.0125 0.0555556 0.338135
0 0.355 0.0142535 0.025 0.0285069 0.303955
0 0.370625 0.00828125 0.02625 0.0165625 0.242188
0 0.314531 0.0136806 0.0284375 0.0273611 0.166138
2 0.0219971 0.0911111 0.0270215 0.055 0.0648804
0 0.3725 0.0105903 0.0225 0.0211806 0.0525208
0 0.505625 0.0296181 0.04 0.0310417 0.0391846
3 0.965625 0.0590278 0.01375 0.0722222 0.0368958
2 0.755 0.00670139 0.00750001 0.0122917 0.0302124
7 0.98125 0.852222 0.00750001 0.0244445 0.0272675
0 0.50875 0.0225347 0.03875 0.0384028 0.0262604
0 0.0610938 0.0296528 0.0239062 0.0480556 0.0255585
3 0.99375 0.0714063 0.0124999 0.0732986 0.0192719
0 0.0231836 0.0954861 0.0278906 0.0576389 0.0146179
2 0.8275 0.0801389 0.02 0.0675 0.0142822
0 0.359375 0.0132986 0.0275 0.0265972 0.0135345
2 0.696875 0.0114931 0.01125 0.0229861 0.0126724
0 0.0357227 0.0709722 0.0485547 0.0438889 0.00757599
3 0.970625 0.0869444 0.015 0.0744445 0.00664139
0 0.749375 0.0075 0.01875 0.0130556 0.00588989
2 0.99625 0.0486806 0.00749995 0.05875 0.00588989
2 0.965 0.0432639 0.015 0.0626389 0.00494385
0 0.0505078 0.0281944 0.0441406 0.0486111 0.00484848
0 0.0695703 0.0296528 0.0291406 0.05 0.00479126
0 0.027832 0.0794444 0.0383984 0.0580556 0.0045929
0 0.32875 0.0380556 0.02375 0.04 0.00439835
0 0.0230469 0.0843056 0.0292578 0.0602778 0.0042305
2 0.138203 0.0118403 0.01375 0.0214583 0.00323486
0 0.068125 0.026875 0.020625 0.0472222 0.00298119
0 0.296094 0.0188542 0.036875 0.0377083 0.00274658
2 0.67125 0.0115365 0.00999997 0.0227604 0.00259018
2 0.960625 0.0440278 0.01375 0.0529167 0.00248146
7 0.381875 0.2575 0.08125 0.122778 0.00243378
0 0.561563 0.0114236 0.031875 0.0218056 0.00229645
0 0.00858887 0.213194 0.0171777 0.0869445 0.0020752
0 0.0616406 0.0351389 0.0279688 0.0558333 0.00198746
0 0.568125 0.00824653 0.0325 0.0164931 0.00185299
0 0.0369531 0.0702083 0.0535156 0.0579167 0.00176811
3 0.885 0.0313889 0.00749995 0.0552778 0.00167465
0 0.0771875 0.0285764 0.0382813 0.0500694 0.00157356
3 0.886875 0.0363542 0.01125 0.0611806 0.00137234
3 0.9825 0.0654861 0.0225 0.0491667 0.00133514
2 0.7 0.0152778 0.01125 0.0272222 0.00130463
2 0.0874219 0.00934028 0.0090625 0.0169444 0.00105667
0 0.028418 0.1225 0.0365234 0.0691667 0.00101662
