0 0.224648 0.816667 0.210703 0.335556 0.955566
0 0.0573047 0.764444 0.114609 0.284444 0.95459
0 0.655625 0.466389 0.1175 0.187222 0.942871
0 0.371875 0.328889 0.093125 0.147778 0.938477
0 0.49625 0.450556 0.114375 0.183333 0.932617
0 0.407188 0.177778 0.069375 0.105556 0.92627
0 0.505625 0.194167 0.069375 0.108889 0.917969
1 0.636875 0.164861 0.1175 0.273056 0.916992
0 0.758125 0.975833 0.2075 0.0483333 0.914062
0 0.0395117 0.23 0.0790234 0.116667 0.912598
0 0.412188 0.0938194 0.05 0.0679167 0.910645
0 0.0657422 0.122535 0.0628906 0.0765972 0.908691
0 0.185977 0.137083 0.0661719 0.0919445 0.904785
0 0.507188 0.103194 0.054375 0.0775 0.901367
0 0.45 0.0384896 0.03875 0.0619097 0.892578
0 0.568438 0.04875 0.0425 0.0643056 0.855957
0 0.323438 0.0459722 0.04125 0.0613889 0.844727
0 0.167227 0.0532118 0.0430469 0.0546875 0.825684
0 0.260312 0.0544444 0.041875 0.0602778 0.819824
0 0.205 0.0266667 0.04375 0.0529167 0.78418
0 0.340625 0.0247222 0.0375 0.0494444 0.771973
0 0.3025 0.0204167 0.033125 0.0408333 0.757812
2 0.98375 0.120972 0.0175 0.0730556 0.741699
1 0.708125 0.0667361 0.0775 0.130972 0.736328
2 0.0285352 0.0979861 0.0232422 0.06125 0.705078
0 0.162773 0.094375 0.0432031 0.07125 0.62793
0 0.271563 0.0152431 0.034375 0.0297917 0.584961
0 0.46 0.0104948 0.03 0.0201215 0.57959
0 0.239688 0.0121701 0.0375 0.0243403 0.541016
0 0.741875 0.0171875 0.03125 0.0326389 0.535156
1 0.651094 0.013316 0.0303125 0.0266319 0.26123
0 0.651406 0.0137847 0.0296875 0.0275694 0.228149
0 0.356563 0.0128819 0.023125 0.0257639 0.204346
0 0.371875 0.0075 0.02375 0.015 0.133423
0 0.2025 0.0605382 0.04125 0.0653125 0.127197
0 0.461875 0.00993056 0.02375 0.0198611 0.123779
0 0.995 0.159444 0.00999997 0.085 0.105225
0 0.355 0.0168403 0.025 0.0336806 0.10376
0 0.996875 0.17 0.00624994 0.0883333 0.100525
0 0.990625 0.131111 0.0175 0.1 0.0930176
0 0.98875 0.136528 0.0225 0.0852778 0.0838623
0 0.58125 0.0162326 0.035 0.0324653 0.0806274
2 0.136719 0.0103819 0.00875001 0.0196528 0.0772095
0 0.99375 0.146389 0.0124999 0.0738889 0.0675659
0 0.373125 0.00934028 0.02 0.0186806 0.0657349
2 0.0319531 0.10625 0.0232813 0.0741667 0.0607605
0 0.58 0.0292014 0.04125 0.044375 0.058136
0 0.205 0.0520833 0.044375 0.0688889 0.0518494
0 0.648594 0.0120833 0.0303125 0.0241667 0.044342
0 0.238125 0.0203125 0.036875 0.0382639 0.036499
0 0.581875 0.0222917 0.03625 0.0431944 0.033844
2 0.98875 0.135 0.0225 0.0877778 0.0333252
0 0.501563 0.0768056 0.035 0.04 0.0316162
0 0.249063 0.0137153 0.030625 0.0270833 0.0264587
0 0.265938 0.0229167 0.040625 0.0438889 0.0264587
0 0.577813 0.0133941 0.03 0.0248785 0.0232391
0 0.179844 0.09625 0.0540625 0.0680556 0.0227203
0 0.6 0.0534028 0.03625 0.05375 0.0209656
1 0.685625 0.0744444 0.12125 0.144167 0.0202484
0 0.6025 0.0491493 0.02625 0.0483681 0.016922
0 0.610938 0.0466493 0.0325 0.0436458 0.0163422
0 0.527188 0.00503472 0.030625 0.0100694 0.0150757
0 0.521875 0.00602431 0.03125 0.0120486 0.0130234
0 0.61375 0.0515104 0.04 0.0525347 0.0114212
0 0.605938 0.0441667 0.021875 0.0377778 0.0113297
0 0.0368311 0.0965972 0.0379004 0.0590278 0.0111618
3 0.129609 0.0178472 0.011875 0.0297222 0.00919342
0 0.172813 0.0602604 0.0365625 0.0555903 0.00760651
0 0.65 0.0224306 0.035 0.0347222 0.00709534
2 0.134375 0.0114931 0.0146875 0.0229861 0.00664139
2 0.0380859 0.0965278 0.0401563 0.0602778 0.0064888
0 0.75125 0.0129253 0.04 0.0227604 0.0064621
0 0.196875 0.0809722 0.041875 0.0752778 0.00595856
0 0.6525 0.0386806 0.03125 0.03875 0.00591278
2 0.99625 0.0147569 0.00749995 0.0286806 0.00494385
3 0.128906 0.0246528 0.0101562 0.0331944 0.00479126
0 0.200313 0.0687674 0.0475 0.0838542 0.00450516
0 0.100547 0.0120747 0.0326562 0.0239062 0.00400543
0 0.98875 0.15875 0.0225 0.1 0.0039444
0 0.12375 0.0713889 0.04125 0.0541667 0.00359344
0 0.65875 0.0437326 0.035 0.0436458 0.00353813
1 0.654375 0.0192274 0.03375 0.0375174 0.00342941
0 0.5975 0.0447917 0.025625 0.04 0.00335121
1 0.0686621 0.0363889 0.0579883 0.0680556 0.00332451
2 0.995625 0.0184028 0.00874996 0.0351389 0.00327301
0 0.499688 0.0825694 0.03875 0.04625 0.00325966
0 0.157188 0.106597 0.031875 0.0665278 0.00313568
0 0.65875 0.057934 0.0550001 0.061632 0.00284576
0 0.506563 0.0794444 0.039375 0.0594444 0.00273705
1 0.0673047 0.0554861 0.0619531 0.109028 0.00271416
3 0.130156 0.0211111 0.0198438 0.0375 0.00269318
0 0.73 0.0148264 0.03 0.0282639 0.00261116
0 0.317813 0.0371875 0.03 0.0484028 0.00253105
0 0.157734 0.0740278 0.0314062 0.0547222 0.00253105
7 0.97875 0.848333 0.00749995 0.0311111 0.00251198
1 0.0706641 0.0247222 0.0555469 0.0468056 0.0024929
1 0.6925 0.0145139 0.045 0.0288889 0.00245285
0 0.9925 0.157535 0.015 0.113819 0.00230598
0 0.163438 0.111632 0.044375 0.0622917 0.00228691
3 0.885 0.029375 0.00749995 0.0515278 0.00181007
0 0.664375 0.06875 0.0525 0.0836111 0.00176811
0 0.57125 0.0402083 0.041875 0.0554167 0.00176144
3 0.98625 0.140556 0.01875 0.0666667 0.00172043
0 0.637813 0.0494271 0.034375 0.0475347 0.00157356
2 0.131719 0.0148524 0.015625 0.0272396 0.00152493
3 0.990625 0.767222 0.00625 0.0222222 0.00146675
0 0.64375 0.0659722 0.05125 0.0755556 0.00141621
0 0.598125 0.0610417 0.03625 0.0584722 0.00137806
2 0.9825 0.110694 0.02 0.0608333 0.00137806
0 0.0448047 0.0839583 0.0403125 0.0548611 0.00134563
0 0.188438 0.0175 0.038125 0.035 0.00127411
0 0.446875 0.0232639 0.031875 0.0363889 0.00126457
0 0.208438 0.0405382 0.0375 0.0633681 0.00119686
0 0.871875 0.134861 0.03625 0.0647222 0.00118828
0 0.0764453 0.067066 0.0461719 0.0597569 0.00117397
2 0.0506348 0.111806 0.045918 0.0722222 0.0011692
0 0.122813 0.0818056 0.04375 0.0622222 0.0011158
2 0.9925 0.848889 0.00999997 0.0322222 0.00100422
