0 0.257188 0.722222 0.18 0.276667 0.961426
0 0.0632031 0.783889 0.126406 0.281111 0.958984
0 0.509375 0.712222 0.1525 0.271111 0.953613
0 0.665 0.467778 0.11875 0.208889 0.944824
0 0.4975 0.315556 0.09 0.143889 0.933594
0 0.60625 0.111701 0.05375 0.0765972 0.918457
0 0.51625 0.176806 0.0675 0.0980556 0.917969
0 0.0614063 0.233333 0.083125 0.123333 0.915039
0 0.124688 0.131806 0.064375 0.0858333 0.902832
0 0.0302734 0.148299 0.0605469 0.106181 0.893066
0 0.454688 0.0252083 0.0375 0.0494444 0.88623
1 0.360938 0.218056 0.138125 0.301667 0.881836
0 0.230313 0.101389 0.06 0.085 0.880859
0 0.571875 0.0181163 0.03375 0.0361285 0.861328
0 0.326953 0.0431944 0.0435938 0.06 0.853027
0 0.143125 0.0643229 0.0471875 0.0652431 0.853027
0 0.191563 0.0371875 0.041875 0.0525694 0.852051
0 0.230469 0.0321528 0.0421875 0.0595833 0.809082
0 0.344063 0.0238194 0.033125 0.0419444 0.79834
0 0.0237891 0.0794444 0.0473438 0.0669444 0.795898
0 0.30375 0.0187587 0.03125 0.0367882 0.782715
1 0.511563 0.0670833 0.055 0.108889 0.722656
0 0.0678906 0.0603472 0.0409375 0.0563889 0.668945
0 0.0949219 0.04 0.0342188 0.0476389 0.645996
0 0.424375 0.118056 0.01875 0.0683333 0.584961
2 0.9825 0.0651389 0.015 0.0541667 0.57959
3 0.944375 0.05375 0.0112501 0.0693056 0.503906
0 0.279063 0.0123698 0.031875 0.0244271 0.453369
3 0.953125 0.054375 0.0125 0.0651389 0.439697
3 0.9825 0.06625 0.015 0.0570833 0.401611
3 0.9475 0.0541667 0.0175001 0.0675 0.388672
0 0.355938 0.0145747 0.023125 0.0286285 0.315674
0 0.2425 0.01375 0.03 0.0268056 0.312256
0 0.272813 0.0338889 0.039375 0.0536111 0.217285
0 0.37 0.00826389 0.025 0.0165278 0.210083
0 0.133594 0.0104774 0.0235938 0.0208507 0.184814
0 0.41625 0.11625 0.03375 0.0680556 0.128052
0 0.125156 0.0201042 0.03375 0.0397917 0.122498
0 0.401875 0.0848611 0.035625 0.0577778 0.0987549
0 0.5275 0.0114236 0.0275 0.0195139 0.0913696
3 0.95 0.0522917 0.015 0.0679167 0.0910645
0 0.37875 0.0825 0.05375 0.0636111 0.0646362
0 0.409688 0.110243 0.046875 0.0778472 0.0634766
0 0.0914063 0.0447917 0.0389063 0.0469444 0.0623169
0 0.371875 0.0104861 0.02375 0.0209722 0.0568542
0 0.385625 0.0786111 0.04375 0.0575 0.0406799
2 0.8375 0.0104167 0.00750001 0.02 0.0394897
0 0.0989062 0.0278125 0.036875 0.0402083 0.0368958
0 0.37 0.0861111 0.06875 0.0702778 0.0352783
3 0.945625 0.0642361 0.01125 0.0865278 0.0351562
0 0.335 0.0268056 0.03875 0.0405556 0.0321045
0 0.0169336 0.0659722 0.03375 0.06 0.0289764
3 0.699375 0.0122917 0.00749995 0.0245833 0.0268555
0 0.269688 0.0398437 0.04375 0.0678125 0.0264587
3 0.94375 0.0577951 0.01125 0.0502431 0.0252228
0 0.10875 0.0234635 0.0475 0.0446007 0.024231
2 0.84125 0.0110764 0.0125 0.0214583 0.0232391
0 0.151797 0.0140972 0.0414063 0.028125 0.0223694
0 0.5275 0.0154514 0.0275 0.0213889 0.02211
0 0.389375 0.0720833 0.040625 0.0455556 0.0216217
0 0.369688 0.0972222 0.091875 0.0961111 0.0206451
0 0.395 0.0755556 0.0375 0.0516667 0.0149536
0 0.319688 0.0145486 0.025 0.0284028 0.0135345
2 0.995625 0.0547222 0.00874996 0.0525 0.0125275
0 0.244063 0.0193403 0.0265625 0.0384028 0.0123367
0 0.309063 0.0896528 0.04 0.0593056 0.0121002
0 0.40875 0.0876389 0.04375 0.0591667 0.0115967
3 0.9425 0.053316 0.0175 0.0667014 0.0115051
0 0.155938 0.0115625 0.035625 0.0217361 0.011116
2 0.99625 0.0187847 0.00749995 0.0358333 0.0106506
0 0.521563 0.0230556 0.033125 0.0309722 0.0104065
0 0.209844 0.0851389 0.0278125 0.0586111 0.00901794
2 0.99625 0.0426389 0.00749995 0.0594444 0.00881195
0 0.0696094 0.0447049 0.0426563 0.0461458 0.00695801
2 0.794375 0.0139583 0.01375 0.0251389 0.005867
0 0.526875 0.0200347 0.025 0.0329861 0.00572968
0 0.0305078 0.0561806 0.043125 0.0418056 0.00518036
1 0.0255469 0.0490972 0.0496875 0.0654167 0.00479126
0 0.0234375 0.0595139 0.0464844 0.04625 0.0046463
3 0.95 0.0599306 0.0125 0.0684722 0.00446701
0 0.308125 0.100833 0.04125 0.0780556 0.00403976
2 0.69875 0.0137587 0.01 0.0265104 0.00397491
0 0.53 0.0104861 0.025625 0.0209722 0.00380898
0 0.265 0.0155208 0.026875 0.0310417 0.00372124
0 0.165 0.0281944 0.0440625 0.0511111 0.00322342
0 0.189844 0.0733333 0.041875 0.0561111 0.00302696
0 0.0195703 0.0523611 0.0391406 0.065 0.00293541
0 0.1975 0.075625 0.045625 0.0555556 0.00290108
0 0.215625 0.0227431 0.030625 0.0370139 0.00277901
0 0.118047 0.0431771 0.043125 0.0575347 0.00277901
0 0.0293945 0.0689583 0.0457422 0.0534722 0.00277901
0 0.0266797 0.0504861 0.0522656 0.0581944 0.0027256
2 0.99375 0.0264931 0.01125 0.0477083 0.00269318
0 0.330547 0.107639 0.0364063 0.0744445 0.00261116
0 0.205781 0.0792361 0.028125 0.05125 0.00260162
1 0.0750781 0.0211111 0.0509375 0.0406944 0.00251198
2 0.94625 0.0533333 0.025 0.0647222 0.0024147
1 0.0449219 0.0381944 0.0884375 0.0763889 0.00227928
2 0.79375 0.0170139 0.02 0.0293056 0.00221634
0 0.72 0.205278 0.04125 0.0555556 0.0020752
0 0.361875 0.0218056 0.03 0.0348611 0.00186729
0 0.165156 0.0180556 0.0403125 0.0318056 0.00175476
0 0.309219 0.0337153 0.0259375 0.0485417 0.00174141
0 0.40125 0.0955556 0.03375 0.0652778 0.00166798
0 0.515625 0.0130208 0.03625 0.0203472 0.00154877
0 0.0143945 0.0769444 0.0286719 0.0613889 0.00152493
0 0.0583496 0.0394618 0.0554883 0.0469097 0.00145531
0 0.39375 0.0879861 0.0625 0.0820833 0.00144958
0 0.0368945 0.0524826 0.0379297 0.0408681 0.00139427
0 0.0690723 0.0346528 0.0754492 0.0580556 0.00138855
0 0.152969 0.0359028 0.021875 0.0394444 0.00137806
0 0.0325391 0.0425 0.0600781 0.0611111 0.00129414
0 0.391875 0.0945139 0.03625 0.0731944 0.00129414
0 0.416563 0.136424 0.03375 0.105486 0.00126457
2 0.9925 0.0657639 0.0125 0.0588889 0.00122547
0 0.510625 0.0777083 0.05125 0.0884722 0.00122547
2 0.795 0.0182639 0.0125 0.0318056 0.00117874
0 0.136094 0.0332639 0.0334375 0.0316667 0.00116062
0 0.174063 0.0302431 0.0671875 0.056875 0.00115108
0 0.302813 0.109688 0.058125 0.0934028 0.00112438
0 0.220625 0.0846528 0.045 0.0618056 0.00109863
0 0.0112305 0.093125 0.0223828 0.0556945 0.00106525
