0 0.0630078 0.783333 0.126016 0.282222 0.948242
0 0.713594 0.742222 0.170313 0.298889 0.947754
0 0.490313 0.450556 0.1125 0.184444 0.946777
1 0.308594 0.383403 0.209063 0.480972 0.94043
0 0.515313 0.246111 0.0793751 0.118889 0.9375
0 0.0842188 0.247222 0.0978125 0.167222 0.926758
0 0.619375 0.176528 0.06625 0.0938889 0.918945
0 0.43875 0.0547049 0.04625 0.0719792 0.896484
0 0.254375 0.0618056 0.044375 0.0691667 0.883301
0 0.122031 0.154028 0.0625 0.0880556 0.878418
0 0.585 0.0391667 0.04 0.0572222 0.877441
0 0.0241016 0.0842361 0.0482031 0.0743056 0.867188
0 0.325625 0.0432118 0.043125 0.0596875 0.865234
0 0.0115625 0.256944 0.0230078 0.116111 0.863281
0 0.5 0.983333 0.166875 0.0311111 0.862305
0 0.179844 0.0392361 0.0434375 0.0573611 0.853027
0 0.221875 0.020625 0.036875 0.0411111 0.816406
0 0.34375 0.0235069 0.0325 0.0461806 0.813965
0 0.485625 0.00986111 0.03125 0.0197222 0.796875
2 0.99125 0.0795833 0.015 0.0630556 0.777832
5 0.51125 0.0983507 0.06375 0.130521 0.777344
0 0.0823633 0.110694 0.0643359 0.0719444 0.775879
0 0.562813 0.0128472 0.02875 0.0256944 0.766113
0 0.175313 0.091875 0.0453125 0.0734722 0.749023
3 0.951875 0.0516667 0.01125 0.0641667 0.658203
3 0.9425 0.0506944 0.00875003 0.0673611 0.635254
0 0.0686719 0.0593056 0.0398438 0.0554167 0.631836
0 0.3825 0.192361 0.06625 0.106944 0.62793
0 0.0948438 0.0365972 0.0303125 0.0438889 0.598145
0 0.254063 0.0175868 0.034375 0.0351736 0.530273
0 0.320938 0.0137153 0.02625 0.0274306 0.377441
0 0.100625 0.0149913 0.03125 0.0297396 0.225464
0 0.0220313 0.0504167 0.0376563 0.0605556 0.166138
0 0.369688 0.00857639 0.025625 0.0171528 0.153076
0 0.263125 0.0151389 0.02625 0.03 0.134277
0 0.358125 0.0123003 0.02125 0.024566 0.133911
1 0.0722266 0.0266319 0.0417969 0.0520139 0.129883
0 0.158203 0.0279514 0.0357812 0.0485417 0.113159
0 0.131172 0.0749306 0.0465625 0.0659722 0.11084
0 0.299063 0.00677083 0.0271875 0.0135417 0.108582
3 0.9425 0.0567361 0.00999997 0.0461111 0.100891
0 0.373125 0.0106597 0.02125 0.0213194 0.085083
0 0.298594 0.0117014 0.0271875 0.0234028 0.0705566
0 0.0165039 0.0679167 0.0328125 0.06 0.0592041
0 0.0996875 0.0197222 0.0346875 0.0360417 0.0495911
0 0.352813 0.0179167 0.029375 0.0351389 0.0344849
0 0.0125391 0.0741667 0.0249219 0.0676389 0.0267639
0 0.27875 0.00885417 0.0178125 0.0174306 0.0256653
5 0.0199121 0.0533333 0.0396289 0.075 0.0197906
0 0.0329297 0.039566 0.0396094 0.0553125 0.0184021
0 0.0701563 0.0297569 0.041875 0.0564583 0.016098
0 0.156719 0.0130208 0.036875 0.0258333 0.0156708
0 0.147969 0.00887153 0.0303125 0.0177431 0.0137405
0 0.177188 0.0157639 0.0328125 0.0236111 0.0121002
1 0.0202344 0.0350694 0.0404688 0.0695833 0.0115509
0 0.0949219 0.07125 0.0353125 0.0530556 0.0110703
1 0.0493359 0.0322222 0.0882031 0.0641667 0.0110703
0 0.0441016 0.0121528 0.0347656 0.0243056 0.00919342
1 0.0247266 0.0475694 0.0494531 0.0747222 0.00871277
0 0.117813 0.0820139 0.0409375 0.0615278 0.00812531
0 0.0982031 0.0795139 0.0403125 0.0506944 0.00723267
0 0.307813 0.0263542 0.054375 0.0472917 0.00698471
0 0.569375 0.0113194 0.02875 0.0226389 0.00557709
0 0.0273047 0.020408 0.0394531 0.0373785 0.00547028
0 0.107813 0.0770833 0.0375 0.0583333 0.00508118
0 0.1475 0.0490972 0.05375 0.0770833 0.00453949
0 0.404375 0.201389 0.020625 0.101667 0.00448608
2 0.0367578 0.0116319 0.0188281 0.0231944 0.00436401
0 0.282656 0.0190972 0.0309375 0.0372222 0.00403976
3 0.885625 0.0321528 0.00750001 0.0543056 0.00388527
0 0.510625 0.0541667 0.05125 0.0448611 0.00365067
0 0.140156 0.0748611 0.0490625 0.0669444 0.00348282
0 0.395938 0.197639 0.04 0.104167 0.00333786
7 0.515 0.24625 0.08 0.120833 0.00322342
0 0.177227 0.0740972 0.0417969 0.07875 0.00317192
0 0.3375 0.0306944 0.02375 0.0413889 0.00312424
7 0.699375 0.00918403 0.00625 0.0183681 0.00309944
0 0.297969 0.0296875 0.0403125 0.0527083 0.00282288
0 0.0895313 0.089375 0.0557813 0.0620833 0.00266266
0 0.115313 0.0185417 0.03875 0.0338889 0.00253105
0 0.00479248 0.205139 0.00958496 0.0708333 0.00250244
3 0.8875 0.0361111 0.0125 0.0552778 0.00231361
0 0.107813 0.0590972 0.056875 0.0823611 0.00226974
0 0.181875 0.0797917 0.03625 0.0629167 0.00217438
0 0.296719 0.0160764 0.0359375 0.0305556 0.00201988
3 0.325625 0.0686806 0.015625 0.0454167 0.00201035
0 0.327422 0.176667 0.101406 0.0741667 0.00171375
3 0.951875 0.0610417 0.0125 0.0844444 0.00161076
0 0.317813 0.0390451 0.02875 0.0466319 0.00151253
0 0.143906 0.0127778 0.019375 0.0255556 0.00132465
0 0.0496777 0.0886806 0.0370508 0.0654167 0.00123978
2 0.99625 0.0200694 0.00749995 0.0347222 0.0012207
0 0.499688 0.984444 0.16625 0.0311111 0.00120163
0 0.582188 0.0239236 0.034375 0.0354861 0.00119686
0 0.51875 0.124722 0.04625 0.0777778 0.00119686
0 0.0995508 0.0878472 0.0780859 0.0848611 0.00119209
0 0.1025 0.0552778 0.0365625 0.0505556 0.00118828
3 0.94375 0.0386806 0.00874996 0.0591667 0.00104809
