0 0.0571094 0.765556 0.114219 0.288889 0.956055
0 0.326563 0.408333 0.103125 0.162222 0.943848
0 0.47625 0.925 0.21375 0.148889 0.941406
1 0.500625 0.297222 0.15625 0.478889 0.9375
0 0.663125 0.35 0.09625 0.148889 0.935059
0 0.0580469 0.263611 0.0951563 0.146667 0.933594
0 0.111387 0.13941 0.0687891 0.0967361 0.91748
0 0.20125 0.122187 0.0525 0.0811806 0.898926
0 0.419375 0.079375 0.0525 0.0723611 0.894043
0 0.170781 0.0504167 0.0440625 0.0583333 0.884277
0 0.429375 0.162639 0.06375 0.106111 0.884277
0 0.57 0.12375 0.0475 0.0858333 0.874023
0 0.45625 0.0245486 0.03625 0.0490972 0.865234
0 0.27625 0.0363542 0.040625 0.0596528 0.855957
0 0.324063 0.0452083 0.0425 0.0619444 0.841797
0 0.0760938 0.120243 0.061875 0.0772917 0.838867
2 0.94625 0.0753472 0.015 0.0676389 0.822266
0 0.340625 0.0246528 0.03625 0.0493056 0.820801
2 0.0273633 0.102292 0.0201172 0.0665278 0.813477
2 0.98875 0.0829167 0.0225 0.0625 0.8125
1 0.621875 0.0417361 0.06125 0.0834722 0.777832
0 0.525313 0.0576215 0.044375 0.0522569 0.766113
0 0.216563 0.0196181 0.034375 0.0392361 0.757812
0 0.246719 0.0249306 0.039375 0.0498611 0.71875
0 0.0685156 0.0622222 0.0404688 0.0558333 0.712402
0 0.51875 0.0212847 0.0375 0.0421528 0.660156
2 0.80625 0.0284028 0.0125001 0.0520833 0.395996
0 0.295156 0.0165191 0.031875 0.0323785 0.218628
2 0.869375 0.0479861 0.0137499 0.0584722 0.210083
0 0.3575 0.0126389 0.0225 0.0252778 0.196777
0 0.3725 0.00793403 0.0275 0.0158681 0.136108
0 0.295625 0.0237153 0.033125 0.045625 0.111633
0 0.35625 0.0166319 0.02375 0.0332639 0.0943604
0 0.300781 0.0171007 0.03 0.0342014 0.0645142
0 0.317188 0.0122569 0.025625 0.0245139 0.064209
3 0.8225 0.0344444 0.00999997 0.0559722 0.0598755
0 0.0747656 0.0109635 0.0354687 0.021684 0.0568542
3 0.80625 0.0306597 0.01125 0.0553472 0.0488586
2 0.81125 0.0298003 0.0225 0.0562326 0.0484924
0 0.080293 0.0110417 0.0275391 0.0213889 0.041626
0 0.37375 0.0109028 0.0225 0.0218056 0.0403137
2 0.8675 0.0436806 0.015 0.0558333 0.0333252
0 0.456875 0.0188889 0.03375 0.0377778 0.031311
2 0.137188 0.0121441 0.00875 0.0215451 0.0297546
3 0.9475 0.075 0.0199999 0.0697222 0.0265045
2 0.86125 0.0375347 0.0225 0.0539583 0.0227203
2 0.88625 0.0315972 0.0125 0.0548611 0.0222015
3 0.87125 0.0597917 0.015 0.0794444 0.0204926
0 0.608438 0.00979167 0.02875 0.0195833 0.0197906
0 0.28875 0.0255556 0.036875 0.0461111 0.0185394
7 0.69875 0.0107639 0.00750001 0.0215278 0.0179901
2 0.855 0.0364931 0.00999997 0.0534028 0.0173798
0 0.252969 0.0178646 0.03625 0.0357292 0.0167847
2 0.815625 0.02875 0.0225 0.0505556 0.0158386
3 0.8225 0.0391667 0.0125 0.0633333 0.0152512
0 0.206406 0.0770833 0.0334375 0.0544444 0.0129242
1 0.0522266 0.0210764 0.0796094 0.0421528 0.0125732
2 0.864375 0.0437674 0.025 0.0641319 0.0114212
0 0.519063 0.0296875 0.03625 0.0439583 0.0108566
0 0.098125 0.0159722 0.0459375 0.03125 0.0103302
2 0.889375 0.035 0.00999997 0.0547222 0.00952148
0 0.0671094 0.0114931 0.0451563 0.0227083 0.00908661
0 0.0774219 0.0229861 0.0420313 0.0409722 0.00894928
0 0.0701563 0.0239236 0.0423438 0.0428472 0.00881195
0 0.0877344 0.0280556 0.0385938 0.0468056 0.00871277
0 0.0705469 0.0136458 0.0285938 0.0272917 0.0085144
1 0.608125 0.0421181 0.08875 0.0842361 0.00818634
2 0.99125 0.0225347 0.0175 0.0374306 0.0078125
0 0.4875 0.0873611 0.05375 0.0602778 0.0068512
3 0.85375 0.0326389 0.00999997 0.0486111 0.00582123
0 0.99625 0.0149653 0.00749995 0.0275694 0.00579834
0 0.101563 0.0157726 0.0303125 0.0297049 0.00551224
3 0.886875 0.0320139 0.01125 0.0540278 0.00551224
2 0.9425 0.103194 0.02 0.108333 0.00542831
2 0.99125 0.0122135 0.01625 0.0218229 0.00502014
2 0.866875 0.03625 0.02375 0.0572222 0.00446701
2 0.991875 0.76 0.00750001 0.02 0.0039444
2 0.0266992 0.0908333 0.0195703 0.0477778 0.00359344
0 0.152656 0.0123611 0.0421875 0.0226389 0.00335121
0 0.635 0.0361806 0.03375 0.0723611 0.00317192
0 0.525625 0.0105382 0.0325 0.0210764 0.00284576
1 0.0516016 0.0161111 0.0611719 0.0322222 0.00282288
0 0.200938 0.0819445 0.0428125 0.0597222 0.00282288
0 0.5125 0.0176042 0.035 0.0352083 0.00279999
0 0.5325 0.0877778 0.05375 0.0572222 0.00258064
2 0.79875 0.0217014 0.015 0.0392361 0.0024147
0 0.540938 0.0948611 0.038125 0.0552778 0.00219917
0 0.102812 0.0227083 0.0290625 0.0406944 0.00209999
2 0.83625 0.0108247 0.00625 0.019184 0.00209045
0 0.607188 0.0636806 0.0237501 0.0476389 0.00208282
0 0.213125 0.0255903 0.030625 0.0471528 0.00192642
0 0.128438 0.0117969 0.0282812 0.0221007 0.00191212
2 0.9425 0.124722 0.01875 0.0730556 0.00176811
0 0.481563 0.0802778 0.044375 0.0436111 0.00171375
0 0.0546484 0.0260417 0.0608594 0.0469444 0.00165462
0 0.636563 0.0247222 0.030625 0.0494444 0.0016489
2 0.6975 0.0111111 0.00999997 0.0217361 0.00141048
0 0.49625 0.0930556 0.075 0.0716667 0.00138855
0 0.629375 0.031875 0.045 0.06375 0.00137234
3 0.99125 0.760556 0.00749995 0.0222222 0.00129414
0 0.0970313 0.0146181 0.0354688 0.0292361 0.0012846
0 0.525625 0.0765278 0.045625 0.0502778 0.0012064
0 0.0864063 0.0341667 0.0342188 0.0469444 0.00119209
0 0.0972656 0.0223958 0.0385937 0.0429861 0.00107765
3 0.0864063 0.167778 0.0182813 0.0525 0.00107288
0 0.615 0.043316 0.04375 0.0803125 0.00106525
