0 0.0633203 0.784445 0.126641 0.284444 0.958984
0 0.346328 0.363611 0.0998438 0.176111 0.950684
0 0.505938 0.766667 0.168125 0.286667 0.950195
0 0.75125 0.857222 0.195 0.285556 0.950195
0 0.645625 0.266181 0.08375 0.125417 0.936523
0 0.594375 0.151632 0.0625 0.0928472 0.933105
0 0.42625 0.150556 0.060625 0.0952778 0.922363
0 0.0794922 0.253611 0.0853906 0.149444 0.913086
0 0.202813 0.10941 0.055625 0.080625 0.887207
0 0.0631934 0.185972 0.0698633 0.103611 0.88623
5 0.510625 0.300625 0.10875 0.234306 0.878906
0 0.326563 0.0426389 0.0425 0.0598611 0.868164
0 0.43875 0.0653472 0.045 0.0668056 0.866211
0 0.27875 0.0338194 0.04625 0.0676389 0.858887
0 0.128594 0.0767361 0.04625 0.0626389 0.838867
0 0.34375 0.0239931 0.034375 0.0477083 0.816406
0 0.45375 0.0126736 0.03125 0.0253472 0.790527
0 0.228125 0.0426389 0.041875 0.0558333 0.78125
1 0.0143652 0.141528 0.0287305 0.18 0.777832
0 0.0682813 0.0630556 0.040625 0.05875 0.73584
0 0.176875 0.0754167 0.043125 0.0572222 0.658203
0 0.0957813 0.0392882 0.0346875 0.0458681 0.618652
3 0.92 0.0333333 0.0125 0.0613889 0.533203
1 0.580625 0.0635938 0.0487501 0.0597569 0.451416
0 0.214219 0.0213194 0.043125 0.0406944 0.450439
0 0.0196777 0.0827778 0.038457 0.0655556 0.420654
0 0.58 0.0638194 0.04875 0.0602778 0.271973
0 0.0227344 0.0726389 0.0410156 0.0525 0.267334
0 0.56625 0.0158681 0.03125 0.0317361 0.255371
1 0.154375 0.0367361 0.04875 0.0716667 0.24292
1 0.56625 0.0163889 0.03125 0.0327778 0.242188
0 0.575 0.0315625 0.03625 0.0470139 0.220703
0 0.35625 0.0139236 0.0225 0.0278472 0.194336
0 0.101953 0.0151302 0.0304688 0.0300174 0.193726
0 0.508125 0.00935764 0.0275 0.0187153 0.188965
0 0.37 0.00829861 0.025 0.0165972 0.155029
0 0.569375 0.0335417 0.02875 0.0490278 0.0994873
0 0.56875 0.0117014 0.02875 0.0234028 0.0984497
0 0.35375 0.0167708 0.02875 0.0335417 0.0953369
0 0.373438 0.0115104 0.021875 0.0230208 0.0930176
0 0.0995313 0.0215278 0.0328125 0.0343056 0.0841675
0 0.57875 0.0237153 0.03625 0.0363194 0.055603
0 0.229375 0.0156944 0.0425 0.0300694 0.0549927
0 0.235625 0.0182031 0.0325 0.0327604 0.0507202
0 0.0990625 0.0269097 0.035625 0.0410417 0.0476074
0 0.51 0.00619792 0.03 0.0123958 0.0409851
3 0.915 0.0354167 0.015 0.0618056 0.0330811
0 0.181719 0.0795833 0.03375 0.0580556 0.0316162
3 0.885 0.0323958 0.00749995 0.0535417 0.0240479
1 0.137969 0.0485069 0.083125 0.0970139 0.0236969
1 0.0275781 0.0447222 0.0526563 0.0691667 0.0180511
1 0.568438 0.0320833 0.03125 0.0554167 0.0157776
0 0.224063 0.0317014 0.050625 0.0475694 0.0151291
0 0.583125 0.0144358 0.035625 0.0277951 0.0149536
0 0.0850195 0.0424306 0.0449609 0.0484722 0.0132217
0 0.372813 0.00975695 0.028125 0.0195139 0.0123825
0 0.0291211 0.07625 0.0439453 0.0591667 0.0106125
0 0.201563 0.050434 0.03625 0.0474653 0.0105286
3 0.88625 0.0355208 0.01125 0.0553472 0.0100098
0 0.359375 0.0155903 0.02875 0.0311806 0.00955963
1 0.0444531 0.0261111 0.0853125 0.0522222 0.00941467
0 0.25 0.0194097 0.019375 0.0339583 0.00815582
3 0.90875 0.0352778 0.00999997 0.0618056 0.00793457
0 0.198438 0.0577778 0.035625 0.0519444 0.00784302
1 0.160586 0.0261458 0.0469531 0.0522917 0.00695801
1 0.0652344 0.0117708 0.0454688 0.0229167 0.00669098
0 0.3375 0.0307639 0.025 0.0411111 0.00634003
1 0.0330859 0.0430729 0.0661719 0.0855208 0.00634003
0 0.0348438 0.0519271 0.040625 0.0400347 0.00559998
1 0.144063 0.0363194 0.069375 0.0656944 0.00553513
0 0.00408691 0.184861 0.00817383 0.0902778 0.00445175
1 0.0558203 0.00938368 0.0349219 0.018316 0.00443268
0 0.250938 0.0252778 0.070625 0.0438889 0.0039444
0 0.331953 0.0182292 0.0285938 0.0315972 0.00388527
2 0.7875 0.0152083 0.00750001 0.0259722 0.00388527
0 0.510625 0.0131858 0.03 0.0259896 0.00376511
0 0.323438 0.0125 0.02875 0.02 0.00370789
0 0.115 0.0182552 0.0375 0.0330729 0.00329781
0 0.306406 0.0933333 0.0471875 0.07 0.00305176
1 0.0724609 0.0249306 0.0486719 0.0441667 0.00291252
0 0.0669141 0.0364236 0.0477344 0.0510417 0.00286674
0 0.199688 0.0228472 0.075625 0.0451389 0.00269318
0 0.179688 0.0193056 0.038125 0.0386111 0.00259018
0 0.165039 0.0205903 0.0461719 0.0411806 0.00246239
0 0.0164453 0.124306 0.0326172 0.142778 0.00243378
0 0.179688 0.0285417 0.03375 0.0465278 0.00234985
0 0.319688 0.0756944 0.0275 0.0465278 0.00228691
0 0.568125 0.0471007 0.0325 0.0716319 0.00221634
0 0.274688 0.0134375 0.03875 0.026875 0.00216484
1 0.0150195 0.118889 0.0300391 0.129722 0.00215721
7 0.98 0.85 0.00999997 0.0288889 0.00211525
1 0.0658594 0.0313194 0.08 0.05875 0.00208282
0 0.00975098 0.0634549 0.019502 0.0572569 0.00186729
1 0.560625 0.0147135 0.041875 0.029184 0.0018177
0 0.29 0.0157639 0.029375 0.0315278 0.00166798
0 0.150078 0.0584028 0.0417188 0.0470833 0.00165462
0 0.3625 0.0217708 0.028125 0.0350694 0.00162315
1 0.0413281 0.028125 0.0510938 0.0520833 0.00153637
2 0.94 0.787222 0.01125 0.0244444 0.00148964
1 0.0473047 0.0119792 0.0348438 0.0234028 0.0014782
3 0.915 0.0336806 0.025 0.0583333 0.0014782
0 0.26875 0.0202083 0.03375 0.0404167 0.0014782
0 0.0591797 0.0096875 0.0221094 0.019375 0.00130463
0 0.2925 0.1025 0.058125 0.0877778 0.00126457
0 0.00639649 0.164201 0.012793 0.130486 0.00126457
2 0.99625 0.0180556 0.00749995 0.0348611 0.00118828
0 0.038418 0.0127778 0.0220703 0.0243056 0.0011425
0 0.509375 0.201389 0.06375 0.0383333 0.00104809
0 0.164063 0.120312 0.054375 0.0888194 0.00100803
