0 0.0640625 0.782222 0.128125 0.282222 0.962402
0 0.50375 0.748889 0.1775 0.328889 0.955566
0 0.661875 0.492222 0.12625 0.195556 0.94873
0 0.489375 0.396111 0.1075 0.171111 0.945801
0 0.363438 0.323889 0.09125 0.144444 0.933594
0 0.6125 0.219167 0.0725 0.112778 0.933105
0 0.600938 0.119132 0.05875 0.0811806 0.927246
0 0.500625 0.162778 0.0625 0.0988889 0.927246
0 0.093418 0.15125 0.0675391 0.0869444 0.918457
0 0.099082 0.23125 0.0830859 0.126389 0.91748
0 0.180781 0.143368 0.0640625 0.0865972 0.915527
0 0.78625 0.0481944 0.0475 0.0634722 0.913086
0 0.57125 0.0469271 0.04125 0.0614236 0.898438
0 0.280313 0.0332986 0.04 0.0560417 0.884766
0 0.51125 0.0771528 0.04375 0.0629167 0.882324
0 0.446875 0.0254514 0.03875 0.0509028 0.878418
0 0.501875 0.0292969 0.0375 0.0559896 0.870605
0 0.0241797 0.0834028 0.0483594 0.0743056 0.870605
0 0.326563 0.0429861 0.043125 0.0601389 0.847168
2 0.96 0.13125 0.0225 0.0763889 0.847168
0 0.22875 0.0743229 0.049375 0.0991319 0.823242
0 0.145938 0.0600694 0.04625 0.0627778 0.795898
0 0.343125 0.0226736 0.0325 0.0453472 0.791992
3 0.984375 0.0588194 0.01 0.0584722 0.729492
0 0.0679297 0.0610937 0.0396094 0.0555903 0.699219
3 0.9525 0.0775 0.0125 0.0691667 0.635254
0 0.0942188 0.0391667 0.0375 0.0440278 0.631836
0 0.00474609 0.195 0.00949219 0.0838889 0.604004
0 0.124609 0.0234722 0.03375 0.0430556 0.569824
0 0.220625 0.0214931 0.04 0.0429861 0.567871
0 0.152656 0.10375 0.05375 0.0766667 0.491211
0 0.516875 0.0122569 0.025 0.0239583 0.397949
0 0.206563 0.0519271 0.04125 0.0592014 0.332764
2 0.960625 0.126632 0.01625 0.085625 0.320801
0 0.371875 0.00748264 0.02375 0.0149653 0.256836
0 0.1925 0.0926389 0.04375 0.0636111 0.226807
0 0.100469 0.0144792 0.0326563 0.0289583 0.197388
0 0.35625 0.0131597 0.020625 0.0263194 0.150513
0 0.3725 0.0096875 0.0225 0.019375 0.12854
0 0.322813 0.0108941 0.025625 0.0202951 0.103027
3 0.95 0.0772222 0.0125 0.0686111 0.0991211
0 0.197813 0.0922222 0.0475 0.0761111 0.0844727
3 0.98625 0.0623611 0.00999997 0.0644444 0.0605164
0 0.352188 0.0172569 0.03 0.0345139 0.0507202
0 0.569375 0.0144097 0.018125 0.0160417 0.041626
0 0.0383203 0.0485417 0.0325 0.0418056 0.041626
0 0.300313 0.0155469 0.02375 0.029184 0.0397949
0 0.128594 0.0128125 0.028125 0.025625 0.0362854
0 0.233594 0.0454861 0.0390625 0.0486111 0.0302124
2 0.88375 0.0278125 0.00999997 0.0517361 0.0267639
2 0.8775 0.0238194 0.01125 0.0454167 0.0209656
0 0.1725 0.0782639 0.036875 0.0509722 0.0209656
0 0.2975 0.0130208 0.019375 0.0260417 0.0194244
2 0.790625 0.00827257 0.01375 0.0163715 0.0189056
2 0.955625 0.0822917 0.02125 0.0615278 0.0179138
3 0.885 0.0294097 0.00749995 0.0536806 0.0178528
2 0.87625 0.0241319 0.0175 0.0463194 0.0162811
0 0.0354639 0.0530382 0.0328223 0.0408681 0.0156021
2 0.879375 0.0283681 0.01375 0.0547917 0.0146713
0 0.137891 0.0118837 0.0228125 0.0222049 0.0142288
0 0.79125 0.00871528 0.01375 0.0173611 0.013588
0 0.236094 0.0118837 0.0246875 0.0237326 0.0103302
0 0.00361572 0.227639 0.00723145 0.136944 0.00941467
0 0.359375 0.0141146 0.0275 0.0282292 0.00919342
0 0.79625 0.00774306 0.025 0.0149306 0.00857544
7 0.98125 0.851667 0.00750001 0.0244445 0.00857544
0 0.302031 0.021033 0.033125 0.040434 0.00806427
0 0.569063 0.0159028 0.023125 0.0169444 0.00796509
0 0.166562 0.0966667 0.045625 0.0836111 0.00766754
2 0.885625 0.0305903 0.01125 0.0579861 0.00728989
0 0.495625 0.0136806 0.02625 0.0266667 0.00717545
0 0.99625 0.0159635 0.00749995 0.0302951 0.00664139
0 0.0695313 0.0464583 0.0517188 0.0504167 0.00582123
0 0.00343994 0.254514 0.00687988 0.0976389 0.00498199
2 0.99625 0.0179861 0.00749995 0.0338889 0.00429916
0 0.165625 0.0997917 0.0753125 0.0854167 0.0039444
2 0.0374219 0.0396528 0.0270313 0.0466667 0.00388527
0 0.449375 0.0159028 0.0325 0.0318056 0.00387001
0 0.260625 0.0843056 0.04125 0.0680556 0.00331116
0 0.523438 0.0122917 0.0275 0.0219444 0.00309944
0 0.011582 0.0788889 0.0230859 0.0694444 0.00305176
0 0.18625 0.0560417 0.0184375 0.0523611 0.0026722
1 0.0776563 0.0312847 0.0653125 0.0549306 0.00265312
2 0.990625 0.0639583 0.015 0.0751389 0.00265312
5 0.0376758 0.0413889 0.0480859 0.0672222 0.00261116
0 0.0383984 0.0581944 0.0338281 0.0484722 0.00259018
1 0.0458594 0.0360069 0.0801563 0.0685417 0.00253105
0 0.0544629 0.0397917 0.0573242 0.0490278 0.0024147
3 0.322813 0.0738195 0.02 0.0491667 0.00239754
0 0.146875 0.0938889 0.0465625 0.0811111 0.00219917
0 0.0360547 0.0411806 0.0311719 0.0531944 0.00213242
0 0.00369141 0.286667 0.00738281 0.0877778 0.00213242
0 0.2725 0.0266667 0.035625 0.0483333 0.00210762
0 0.33625 0.0350694 0.025 0.0454167 0.0020504
0 0.156563 0.0120747 0.033125 0.0225174 0.00196457
3 0.9925 0.0322917 0.0125 0.0576389 0.00182438
0 0.0222656 0.0723611 0.0420313 0.0608333 0.00165462
0 0.69875 0.487778 0.05125 0.194444 0.00162888
0 0.256406 0.0201736 0.0334375 0.0370139 0.00148964
0 0.178438 0.0760417 0.0321875 0.0606944 0.0014782
0 0.25375 0.0913889 0.041875 0.0708333 0.00144386
1 0.024375 0.0365625 0.0466406 0.0663194 0.00141621
0 0.192344 0.10625 0.045 0.0897222 0.00137806
0 0.502188 0.0193403 0.039375 0.0386806 0.00137234
0 0.020293 0.61 0.0405859 0.113333 0.00134087
0 0.147344 0.0217014 0.0525 0.0434028 0.00131512
0 0.2525 0.0332639 0.028125 0.04875 0.00130463
2 0.035293 0.0163889 0.0153516 0.0281944 0.00127888
0 0.32 0.0284722 0.043125 0.0513889 0.00119686
2 0.885 0.0326736 0.015 0.061875 0.0011692
2 0.875 0.0258681 0.0275 0.0486806 0.00104809
0 0.00496094 0.655556 0.00989258 0.108889 0.00104809
