2 0.79 0.898889 0.0800001 0.202222 0.962402
0 0.251563 0.725556 0.17625 0.28 0.959961
0 0.483125 0.714444 0.16375 0.308889 0.955566
0 0.716875 0.767778 0.1775 0.287778 0.953125
0 0.463438 0.933611 0.21375 0.132778 0.94873
0 0.164531 0.957778 0.212188 0.0844444 0.946777
0 0.381797 0.226111 0.167656 0.122222 0.929199
0 0.651094 0.2425 0.177813 0.12 0.92627
0 0.97625 0.101389 0.0475 0.065 0.914062
0 0.61625 0.183611 0.15875 0.108889 0.904785
3 0.0235938 0.501111 0.039375 0.166667 0.898926
3 0.326328 0.444167 0.0460938 0.185 0.888184
0 0.319688 0.045 0.044375 0.0715278 0.879883
0 0.8875 0.11059 0.1175 0.0782639 0.878906
0 0.260938 0.0553472 0.0475 0.0663889 0.878418
0 0.144844 0.0713194 0.0453125 0.0586111 0.875977
0 0.0193945 0.251736 0.0387109 0.116528 0.875
3 0.452188 0.437778 0.040625 0.186667 0.853516
0 0.20625 0.0561806 0.045625 0.0684722 0.839844
0 0.287656 0.0290625 0.0365625 0.058125 0.810547
2 0.73375 0.0440278 0.0199999 0.0595833 0.800781
2 0.625 0.115694 0.04875 0.0847222 0.78418
2 0.945 0.0705556 0.03 0.0647222 0.729492
2 0.37875 0.0861111 0.04 0.0702778 0.71875
3 0.58875 0.0484722 0.015 0.0679167 0.715332
0 0.244688 0.0227083 0.035 0.0454167 0.710449
0 0.340625 0.025 0.0375 0.05 0.697754
2 0.211719 0.0859722 0.0375 0.0644444 0.680664
0 0.223125 0.043125 0.035 0.0547222 0.605957
2 0.403125 0.0468056 0.03125 0.0515278 0.59082
3 0.714375 0.0393229 0.01375 0.0546875 0.541016
2 0.860625 0.0590972 0.04 0.0584722 0.498047
2 0.686875 0.0357639 0.01625 0.0594444 0.387695
3 0.337578 0.442222 0.0435937 0.17 0.268066
0 0.355313 0.0175521 0.029375 0.0351042 0.259766
0 0.2125 0.0865972 0.0375 0.0651389 0.255371
3 0.98875 0.0586285 0.0125 0.0555208 0.252441
2 0.71375 0.0398611 0.015 0.0555556 0.220703
0 0.8725 0.109687 0.085 0.0589583 0.20752
2 0.990625 0.0525694 0.0175 0.0622222 0.177856
0 0.378125 0.0853472 0.04125 0.0729167 0.141235
0 0.266563 0.0139236 0.030625 0.0278472 0.137573
3 0.996563 0.0375347 0.00687497 0.0585417 0.118408
5 0.0249609 0.66 0.0499219 0.182222 0.110474
3 0.348438 0.441667 0.0225 0.17 0.102661
2 0.689375 0.0347222 0.02375 0.0586111 0.0946655
0 0.217969 0.0493229 0.03 0.0602431 0.0939941
2 0.940625 0.0751389 0.02125 0.0636111 0.0863037
0 0.267656 0.0188542 0.0390625 0.0377083 0.0594177
0 0.3475 0.0198264 0.035 0.0396528 0.058136
3 0.0032251 0.0511806 0.0064502 0.0733333 0.0514526
3 0.326875 0.433333 0.025625 0.166667 0.0453491
2 0.85875 0.0670833 0.03875 0.0544444 0.0450134
1 0.0248242 0.665556 0.0496484 0.188889 0.044342
0 0.8575 0.111111 0.055 0.0569444 0.0393372
2 0.855625 0.055 0.03 0.0623611 0.035553
0 0.375938 0.00934028 0.024375 0.0186806 0.0347595
0 0.304531 0.0138542 0.02625 0.0277083 0.0334778
3 0.885625 0.0325347 0.01125 0.0525694 0.0319824
0 0.213125 0.067066 0.035625 0.0636458 0.0280609
3 0.405938 0.0556944 0.031875 0.0675 0.0276947
3 0.996875 0.0246528 0.00624994 0.0443056 0.0267639
3 0.7 0.0279514 0.0125 0.0449306 0.0229797
2 0.400625 0.0671528 0.0375 0.0565278 0.0200195
3 0.713125 0.0413889 0.01875 0.0618056 0.0189819
3 0.34375 0.437222 0.0325 0.171111 0.0185394
0 0.292969 0.0169097 0.03 0.0338194 0.0144501
0 0.217188 0.0411111 0.0375 0.0494444 0.0129242
3 0.885 0.0303472 0.00749995 0.0526389 0.0127258
3 0.85 0.0189236 0.01 0.0325694 0.0120544
2 0.40625 0.0564583 0.02875 0.0665278 0.0120087
3 0.724375 0.0370833 0.00875003 0.05625 0.0119629
2 0.86625 0.0765278 0.0525 0.0658333 0.0113754
2 0.00386475 0.0516493 0.00772949 0.0719792 0.0109024
3 0.9925 0.0270833 0.0125 0.0441667 0.0107346
2 0.292188 0.120799 0.0325 0.0911806 0.01017
2 0.851875 0.0217969 0.00999997 0.0408507 0.00971222
0 0.360313 0.0197135 0.031875 0.0383507 0.00891876
0 0.2525 0.0174306 0.034375 0.0348611 0.0088501
0 0.376875 0.012691 0.0225 0.0253819 0.00878143
3 0.34125 0.456111 0.03625 0.136667 0.0078125
3 0.851875 0.0405729 0.01375 0.0507986 0.0077858
3 0.69875 0.0197917 0.00750001 0.0395833 0.00494385
0 0.0253906 0.637778 0.0502344 0.131111 0.0046463
2 0.9525 0.0761111 0.0175 0.0577778 0.00446701
3 0.32625 0.405833 0.02125 0.111667 0.0042305
0 0.222188 0.03375 0.033125 0.0502778 0.00403976
0 0.31 0.0134722 0.0225 0.0258333 0.0039444
3 0.28 0.07 0.015625 0.0594444 0.00379562
3 0.886875 0.0373611 0.01125 0.0636111 0.00376511
3 0.0185156 0.487222 0.0248828 0.136667 0.00363541
2 0.85375 0.0403472 0.025 0.06125 0.003088
2 0.406875 0.0426389 0.02875 0.0511111 0.00265312
0 0.995 0.828333 0.00999997 0.0311111 0.00237846
2 0.334688 0.429722 0.03375 0.158333 0.00229645
0 0.649375 0.179306 0.095 0.0813889 0.00216484
2 0.406563 0.0275694 0.024375 0.0451389 0.0019722
2 0.93625 0.0772917 0.04375 0.0618056 0.00190449
3 0.320313 0.0566667 0.033125 0.0584722 0.00183868
2 0.00361816 0.0373958 0.00723633 0.0660417 0.00183105
3 0.289844 0.0983333 0.0253125 0.0977778 0.00174809
2 0.849375 0.0182292 0.01125 0.0339583 0.00170708
2 0.21125 0.106458 0.036875 0.0848611 0.0016613
3 0.136641 0.00971354 0.006875 0.0180729 0.0016489
2 0.681875 0.0199306 0.01625 0.035 0.00163555
0 0.275313 0.0472222 0.0215625 0.0588889 0.0015192
2 0.735 0.0520833 0.01875 0.0479167 0.00141621
2 0.68375 0.0352778 0.0199999 0.0627778 0.00135612
2 0.204063 0.107917 0.040625 0.085 0.00130463
3 0.0138672 0.478889 0.02125 0.114444 0.00128937
0 0.97875 0.853333 0.0125 0.0244445 0.00121593
0 0.994375 0.833333 0.00875003 0.0355555 0.00120163
3 0.990625 0.0282031 0.015 0.0540104 0.00115585
2 0.219375 0.060434 0.0425 0.0621875 0.0011158
2 0.62875 0.1525 0.065 0.0572222 0.00109863
0 0.385 0.0357639 0.06875 0.05875 0.00109482
3 0.451563 0.450833 0.0275 0.166111 0.00104046
