0 0.250938 0.726111 0.175625 0.281111 0.960449
2 0.790625 0.897778 0.07875 0.204444 0.958496
0 0.717344 0.767778 0.177813 0.287778 0.956543
2 0.0978906 0.469444 0.0892188 0.168889 0.95459
0 0.48375 0.712222 0.163125 0.308889 0.951172
2 0.176523 0.373333 0.0807031 0.148333 0.950195
0 0.463125 0.933333 0.214375 0.133333 0.94873
0 0.164375 0.957778 0.211875 0.0844444 0.944824
2 0.96625 0.388333 0.06 0.151667 0.938965
2 0.71625 0.370556 0.085 0.155556 0.934082
2 0.784375 0.335 0.09125 0.143889 0.918945
3 0.7825 0.440556 0.05 0.175556 0.910645
0 0.260938 0.0563715 0.048125 0.0667014 0.883301
0 0.319688 0.045 0.044375 0.0704167 0.882324
2 0.750625 0.0652778 0.0375 0.0697222 0.878418
2 0.0183691 0.115556 0.0325586 0.0647222 0.874023
2 0.486875 0.0673438 0.04 0.072257 0.872559
2 0.64625 0.0509722 0.0375 0.0627778 0.864258
0 0.205 0.0561806 0.045625 0.0701389 0.863281
2 0.547188 0.0697917 0.038125 0.0680556 0.842773
2 0.77875 0.068316 0.0375 0.0697569 0.820801
0 0.288125 0.0280208 0.035625 0.0560417 0.812988
2 0.7025 0.06 0.0362501 0.0676389 0.805664
0 0.339688 0.0253472 0.038125 0.0506944 0.791992
2 0.568125 0.0601215 0.03125 0.0639236 0.773926
0 0.243594 0.023125 0.036875 0.04625 0.767578
0 0.220469 0.0426389 0.03625 0.0516667 0.697754
2 0.0165405 0.0300347 0.0130908 0.0450694 0.625977
3 0.988125 0.0726389 0.0137499 0.0686111 0.625977
3 0.8325 0.0363889 0.01 0.0577778 0.604004
2 0.8825 0.0925694 0.0375 0.0626389 0.498047
0 0.355 0.0141319 0.02625 0.0282639 0.474609
0 0.8775 0.125417 0.05 0.0605556 0.2854
3 0.825 0.0367708 0.01 0.0474306 0.250977
3 0.82375 0.0363889 0.00750001 0.0441667 0.230957
2 0.99 0.0733333 0.0175 0.0680556 0.186523
0 0.211875 0.0504861 0.0428125 0.0643056 0.153076
3 0.90625 0.026033 0.01 0.050434 0.150513
3 0.995 0.0740278 0.00750001 0.0677778 0.137573
0 0.311563 0.0114236 0.026875 0.0228472 0.103394
2 0.7825 0.357778 0.0875 0.0988889 0.0841675
2 0.83 0.0340625 0.015 0.054375 0.0713501
2 0.0158813 0.0358333 0.0151123 0.0530556 0.0394897
3 0.42 0.0701389 0.00750001 0.0472222 0.0383911
2 0.694375 0.038125 0.0275 0.04875 0.0319824
3 0.68625 0.0361806 0.0125 0.0502778 0.0302124
2 0.878125 0.125694 0.04625 0.0702778 0.0246124
3 0.85125 0.0227083 0.00499999 0.0386111 0.0234222
3 0.031543 0.0140278 0.00578125 0.0219444 0.0218658
2 0.87875 0.0661111 0.0237501 0.0516667 0.0217743
0 0.878125 0.108611 0.04625 0.0758333 0.0197906
0 0.36375 0.0134722 0.025 0.0261111 0.0165863
2 0.0345313 0.0121528 0.009375 0.0218056 0.0154877
3 0.418125 0.0713889 0.0125 0.0366667 0.0136871
0 0.268906 0.02875 0.0484375 0.0493056 0.012825
0 0.292656 0.0167014 0.02875 0.0334028 0.012825
3 0.826875 0.0384896 0.01125 0.0566319 0.00933838
0 0.247031 0.0165278 0.0321875 0.0330556 0.00888062
2 0.68875 0.033125 0.0175 0.0540278 0.00867462
2 0.0193164 0.0291667 0.0164453 0.0461111 0.00831604
2 0.88125 0.08 0.0325 0.0736111 0.00746155
1 0.0324219 0.902222 0.0647656 0.195556 0.00734711
2 0.996875 0.0125694 0.00624994 0.0245833 0.00695801
2 0.695 0.0318056 0.02 0.0538889 0.00651169
2 0.0878125 0.450556 0.0548438 0.132222 0.00584412
0 0.21875 0.0302083 0.04 0.0448611 0.00536346
3 0.419375 0.0675 0.0125 0.0433333 0.00524139
2 0.87 0.273333 0.04 0.110556 0.00521851
3 0.87 0.0283681 0.01 0.0485417 0.00482941
2 0.99125 0.438333 0.015 0.116667 0.00323486
2 0.765 0.366667 0.0525 0.0788889 0.00269318
3 0.996875 0.0290278 0.00624994 0.0505556 0.00243378
2 0.75625 0.0675174 0.03 0.0688542 0.00237846
2 0.70625 0.0533333 0.035 0.0548611 0.00228691
2 0.711875 0.0468056 0.03375 0.0513889 0.00217438
1 0.0470313 0.905 0.0939063 0.19 0.00206757
3 0.78125 0.385556 0.0375 0.09 0.00198746
3 0.279219 0.0669444 0.0159375 0.0597222 0.0019722
5 0.0248047 0.673333 0.0496094 0.211111 0.00195694
2 0.79875 0.327778 0.0625 0.13 0.00188255
0 0.316875 0.024375 0.039375 0.0461111 0.00187492
3 0.7225 0.0431944 0.00999997 0.0522222 0.00179577
2 0.875 0.0773611 0.03 0.0584722 0.00174141
3 0.8475 0.0194792 0.00749995 0.0350694 0.00162888
0 0.264688 0.0179514 0.02875 0.0359028 0.00161076
7 0.176719 0.373611 0.0815625 0.148889 0.0015974
0 0.276875 0.0491667 0.019375 0.0561111 0.00158501
0 0.9925 0.832222 0.0125 0.0222222 0.00154877
2 0.705 0.052934 0.0225 0.0546875 0.00146675
3 0.085957 0.451111 0.0483984 0.132222 0.00146675
3 0.891875 0.0242969 0.01125 0.0451563 0.00143242
2 0.984375 0.428889 0.025 0.0727778 0.00138283
2 0.966875 0.436667 0.05875 0.113333 0.00135136
2 0.0917969 0.44 0.0442188 0.116667 0.00131989
2 0.0118066 0.0325694 0.0207617 0.0515278 0.00128937
3 0.554375 0.0593056 0.02 0.0536111 0.00124931
7 0.0981055 0.470278 0.0881641 0.170556 0.00116539
3 0.41625 0.0552778 0.01625 0.0677778 0.00115108
0 0.989375 0.758333 0.0125 0.0188889 0.00107288
3 0.8525 0.0288542 0.00750001 0.0442361 0.00101185
