0 0.0722266 0.755 0.143047 0.281111 0.961914
0 0.250938 0.726111 0.17625 0.281111 0.960449
0 0.716094 0.767778 0.177813 0.286667 0.955078
2 0.79125 0.906111 0.0800001 0.187778 0.952637
0 0.48375 0.711111 0.1625 0.307778 0.952148
0 0.463438 0.933611 0.214375 0.132778 0.947266
0 0.164531 0.957778 0.211875 0.0844444 0.945801
0 0.57875 0.120417 0.14 0.0897222 0.930664
3 0.88875 0.453889 0.055 0.178889 0.881836
0 0.0158301 0.0730556 0.0316602 0.0555556 0.875977
0 0.144531 0.07 0.045625 0.0572222 0.874023
0 0.20625 0.0565972 0.045 0.0684722 0.852051
0 0.26 0.0577604 0.05 0.0689236 0.841797
0 0.319531 0.0431944 0.0440625 0.0694444 0.836426
0 0.284688 0.0309375 0.03875 0.0596528 0.805664
2 0.94375 0.0709028 0.03125 0.0631944 0.773438
0 0.34 0.0254167 0.0375 0.0508333 0.764648
2 0.90125 0.0533333 0.0325 0.0566667 0.754883
0 0.244531 0.0225087 0.0346875 0.0449826 0.740234
0 0.22125 0.0450694 0.036875 0.0576389 0.692871
4 0.87 0.173889 0.175 0.168889 0.634277
3 0.414375 0.055625 0.020625 0.0740278 0.602051
2 0.9725 0.0706944 0.035 0.0566667 0.582031
2 0.89375 0.0711806 0.0175 0.0615278 0.474609
3 0.99 0.0675174 0.015 0.0627431 0.399902
2 0.9475 0.0497049 0.025 0.0475347 0.357666
0 0.87125 0.174201 0.175 0.168819 0.279053
2 0.310313 0.0797917 0.02625 0.0640278 0.235107
2 0.983125 0.0672396 0.025 0.0632986 0.214722
0 0.355 0.0145139 0.025 0.0290278 0.206299
2 0.989375 0.0641667 0.015 0.0590278 0.206299
3 0.9925 0.0727778 0.015 0.0680556 0.203735
2 0.94875 0.0515278 0.0175 0.0525 0.202393
2 0.99125 0.0765972 0.015 0.0630556 0.193115
2 0.95375 0.0662674 0.02625 0.0596875 0.187134
0 0.369688 0.00857639 0.0225 0.0171528 0.156128
3 0.385625 0.0591493 0.01875 0.0658681 0.147095
3 0.309063 0.0729861 0.024375 0.0754167 0.130737
3 0.236875 0.0697222 0.01125 0.0727778 0.128052
3 0.239063 0.0747222 0.015 0.0672222 0.128052
2 0.951875 0.0545833 0.03375 0.0555556 0.11438
0 0.239688 0.0164236 0.034375 0.0328472 0.0766602
2 0.415 0.0553993 0.0225 0.0739236 0.0646362
3 0.99625 0.0411285 0.00749995 0.0641319 0.0600891
3 0.307344 0.05875 0.02125 0.0788889 0.0583496
2 0.8925 0.0634896 0.0225 0.0619097 0.042572
0 0.242344 0.0354861 0.0378125 0.0559722 0.0402527
3 0.9875 0.055434 0.01375 0.0546875 0.0366211
0 0.307813 0.0127083 0.028125 0.0254167 0.0301056
0 0.359375 0.0149653 0.03 0.0299306 0.0237732
0 0.290469 0.0172917 0.0303125 0.0345833 0.0211639
2 0.975 0.0685417 0.0275 0.0679167 0.0186157
3 0.8875 0.0354167 0.01125 0.0541667 0.0174408
2 0.30625 0.0750694 0.035 0.0723611 0.0153656
3 0.996875 0.0221181 0.00624994 0.0422917 0.0151291
3 0.38375 0.0609896 0.0275 0.0688542 0.0151291
2 0.89625 0.0636111 0.02 0.0594444 0.0138474
2 0.885 0.0770833 0.0362501 0.0611111 0.0119171
0 0.37 0.0134375 0.02625 0.026875 0.0108185
2 0.298438 0.0674306 0.0396875 0.0818056 0.0105286
0 0.25625 0.0177083 0.028125 0.0354167 0.00926971
0 0.247969 0.0183507 0.033125 0.0367014 0.00926971
0 0.293438 0.0309375 0.025625 0.0546528 0.00809479
3 0.87625 0.417778 0.0325 0.182222 0.00803375
2 0.137031 0.0104861 0.00874999 0.0197222 0.00600433
0 0.275781 0.0464583 0.0228125 0.0581944 0.00551224
3 0.415938 0.0602778 0.016875 0.0573611 0.00471878
3 0.873125 0.405 0.0225 0.147778 0.00426483
3 0.830625 0.0128472 0.00625 0.0225694 0.00419998
2 0.244375 0.067066 0.024375 0.0772569 0.00340271
0 0.375 0.0102083 0.0275 0.0204167 0.00307465
0 0.219688 0.0272917 0.039375 0.0415278 0.00288963
3 0.285313 0.0758333 0.014375 0.0697222 0.00258064
3 0.885 0.0283333 0.00875003 0.0470833 0.00257111
3 0.87375 0.08125 0.0175 0.0755556 0.00253105
0 0.0266602 0.642222 0.0533203 0.133333 0.00239754
3 0.281875 0.0707639 0.014375 0.0704167 0.002388
2 0.9925 0.757778 0.00750001 0.0177778 0.00225258
3 0.389375 0.0652604 0.02375 0.0778125 0.00186729
3 0.237813 0.0891667 0.013125 0.075 0.00178242
0 0.99375 0.831111 0.0124999 0.0266667 0.00157356
3 0.362813 0.0223611 0.031875 0.0401389 0.00154877
2 0.5775 0.0895833 0.02125 0.0405556 0.00149536
0 0.215625 0.0218056 0.03375 0.0359722 0.00144386
7 0.979375 0.852222 0.01 0.0266667 0.00126457
0 0.77125 0.745556 0.0675001 0.237778 0.00113392
3 0.30625 0.0592361 0.02375 0.0583333 0.00112438
4 0.8425 0.174688 0.1175 0.166736 0.00112057
0 0.182969 0.0531944 0.043125 0.0625 0.00108624
7 0.7925 0.907778 0.075 0.184444 0.00107288
2 0.96875 0.0554861 0.055 0.0615278 0.00106525
0 0.485 0.991111 0.08125 0.0177777 0.00106525
2 0.886875 0.125694 0.0325 0.0686111 0.00101662
