0 0.251094 0.726667 0.175938 0.28 0.960938
2 0.79125 0.895556 0.0800001 0.208889 0.959473
0 0.717344 0.767778 0.177813 0.286667 0.955566
2 0.819375 0.396944 0.06625 0.157222 0.955078
2 0.54125 0.345 0.083125 0.146667 0.954102
0 0.48375 0.713333 0.1625 0.308889 0.950684
0 0.463125 0.933611 0.215 0.132778 0.949707
0 0.164375 0.957778 0.2125 0.0844444 0.945312
2 0.291094 0.408333 0.0971875 0.156667 0.944336
2 0.219688 0.345556 0.084375 0.134444 0.936523
0 0.131797 0.23 0.155781 0.106667 0.927246
0 0.896875 0.112083 0.11625 0.0794445 0.911133
3 0.674375 0.451111 0.0487501 0.18 0.909668
0 0.260625 0.0556944 0.0475 0.0659722 0.883301
0 0.319063 0.0444618 0.04375 0.0688542 0.882324
2 0.572813 0.114583 0.053125 0.0816667 0.875488
0 0.959375 0.0989583 0.08 0.0695833 0.866211
2 0.456875 0.0585938 0.03875 0.0625347 0.849121
3 0.92625 0.415556 0.02875 0.174444 0.84082
0 0.205313 0.0591667 0.046875 0.0722222 0.830078
2 0.485938 0.0754167 0.04 0.075 0.830078
0 0.2875 0.0281597 0.035625 0.0563194 0.813965
2 0.0136426 0.108611 0.0272852 0.0638889 0.813965
2 0.608125 0.0702604 0.03625 0.0650347 0.807617
0 0.339688 0.0252778 0.03875 0.0505556 0.806641
2 0.384375 0.0777083 0.03625 0.0695833 0.788086
0 0.0360938 0.300486 0.0721875 0.125694 0.775879
0 0.243594 0.021875 0.0359375 0.04375 0.774414
2 0.206875 0.103958 0.049375 0.0726389 0.772461
2 0.338203 0.08625 0.0410938 0.0666667 0.767578
0 0.220469 0.0410417 0.039375 0.0541667 0.760742
3 0.805 0.0399306 0.015 0.0565278 0.751953
2 0.579063 0.0721528 0.036875 0.0690278 0.751953
2 0.173281 0.0975694 0.0334375 0.0604167 0.742188
2 0.0201563 0.354444 0.0403125 0.126667 0.633301
0 0.0198438 0.353889 0.0394922 0.128333 0.379395
2 0.97 0.0638194 0.0375 0.0566667 0.345215
6 0.98125 0.0700174 0.035 0.0646875 0.255371
0 0.219844 0.0322222 0.0375 0.0491667 0.246582
0 0.355 0.0152083 0.0275 0.0304167 0.169922
0 0.239531 0.0287413 0.0434375 0.0537674 0.112427
2 0.276719 0.366111 0.0609375 0.0811111 0.112427
2 0.4075 0.0636111 0.035 0.05 0.108582
0 0.310781 0.0114583 0.0290625 0.0229167 0.103394
3 0.87 0.0273611 0.01 0.0480556 0.0984497
0 0.174023 0.0940972 0.0363281 0.0648611 0.0960083
3 0.92 0.404167 0.0175 0.168333 0.0844727
3 0.85375 0.0279861 0.00749995 0.0473611 0.0838623
2 0.41375 0.0646528 0.023125 0.0473611 0.0830078
0 0.266875 0.0235764 0.03375 0.0415972 0.0596619
0 0.2675 0.01625 0.028125 0.0325 0.0534058
2 0.985 0.0695833 0.02625 0.0622222 0.0522461
0 0.245625 0.0275 0.031875 0.0454167 0.0441895
2 0.39875 0.0633333 0.053125 0.0516667 0.0403748
6 0.98625 0.0709028 0.0275 0.06125 0.0340881
0 0.291875 0.0159722 0.028125 0.0319444 0.0184784
0 0.9875 0.0715278 0.0225 0.065 0.0165863
3 0.99625 0.0269444 0.00749995 0.0472222 0.0163422
2 0.21375 0.0793056 0.0396875 0.0783333 0.0134277
2 0.0122461 0.331111 0.024375 0.124444 0.012146
3 0.4975 0.0733333 0.0175 0.0836111 0.012146
0 0.25 0.0172917 0.02875 0.0345833 0.0118713
3 0.873125 0.0290972 0.0125 0.0541667 0.0115509
2 0.989375 0.0713889 0.02 0.0675 0.0111618
3 0.996875 0.0204861 0.00624994 0.0381944 0.0103302
3 0.919375 0.378611 0.0137499 0.116667 0.0103302
3 0.8675 0.0268663 0.00999997 0.0496007 0.00952148
2 0.4725 0.0674306 0.02 0.0590278 0.00919342
2 0.85875 0.0291667 0.0175 0.0522222 0.00703812
2 0.8825 0.0313194 0.0125 0.0556944 0.00609589
2 0.865625 0.0320139 0.02375 0.0563889 0.00588989
2 0.96875 0.0516667 0.035 0.0533333 0.0055542
3 0.28 0.0688889 0.01375 0.0572222 0.0053215
2 0.87625 0.0314583 0.015 0.0556944 0.0046463
2 0.265781 0.368333 0.0446875 0.0788889 0.00429916
3 0.226875 0.0627778 0.028125 0.0609722 0.00383949
0 0.215156 0.0572222 0.035625 0.0568056 0.00336266
7 0.82 0.396944 0.0675 0.156667 0.00300407
2 0.254844 0.336667 0.0546875 0.111111 0.00286674
3 0.47 0.0777778 0.0125 0.0633333 0.00264168
0 0.8825 0.109722 0.08625 0.0694444 0.00256157
0 0.88625 0.0940972 0.0875 0.0498611 0.0024147
3 0.925625 0.387778 0.02875 0.132222 0.00237846
7 0.98 0.851111 0.00999997 0.0266667 0.00233269
0 0.180625 0.064184 0.033125 0.0588542 0.00232315
0 0.276094 0.0466667 0.02125 0.05625 0.00228691
2 0.259375 0.367778 0.06625 0.0788889 0.00226021
2 0.87125 0.289931 0.04375 0.115694 0.00197983
0 0.00955566 0.270486 0.0190918 0.0934722 0.0019722
2 0.597813 0.0720833 0.0237501 0.065 0.00172043
2 0.191563 0.108924 0.02 0.0654861 0.00169373
2 0.580312 0.0997222 0.0325 0.0566667 0.00165462
0 0.185938 0.0613889 0.039375 0.0530556 0.0016489
2 0.38875 0.0672917 0.025 0.0548611 0.00162315
0 0.995 0.83 0.00999997 0.03 0.00162315
3 0.137813 0.0111111 0.00953124 0.0210417 0.00157356
0 0.202813 0.0496007 0.045625 0.0557986 0.00154877
2 0.96625 0.0485937 0.0449999 0.0583681 0.00153065
2 0.252188 0.358056 0.033125 0.0988889 0.00152493
3 0.993125 0.0221528 0.0137499 0.0408333 0.00148964
2 0.87125 0.0446528 0.03 0.0843056 0.00147247
3 0.140313 0.0133681 0.00828125 0.0267361 0.00143242
2 0.88 0.0537326 0.0175 0.0742014 0.00134087
3 0.855 0.0422222 0.01375 0.0741667 0.00127411
2 0.873125 0.0548785 0.01375 0.0477431 0.00126457
2 0.405 0.0730556 0.04625 0.0705556 0.00121117
0 0.364375 0.0131337 0.0225 0.0260938 0.00118828
0 0.317969 0.0319444 0.0428125 0.0552778 0.00116062
5 0.144531 0.0551389 0.0690625 0.110278 0.00109482
3 0.584063 0.0748611 0.034375 0.0805556 0.00106525
2 0.0154004 0.308889 0.0308008 0.116667 0.00105667
