0 0.25125 0.726667 0.17625 0.282222 0.960938
0 0.716875 0.767778 0.18 0.286667 0.954102
0 0.48375 0.712222 0.1625 0.311111 0.952148
2 0.790625 0.901111 0.08 0.197778 0.950684
0 0.463125 0.933333 0.215 0.133333 0.950195
0 0.164961 0.957778 0.210078 0.0844444 0.945801
2 0.0621777 0.435556 0.079082 0.151111 0.942871
0 0.160586 0.145 0.128828 0.105278 0.931641
0 0.0560938 0.299167 0.111875 0.117222 0.912598
0 0.9075 0.199306 0.15 0.118611 0.910645
0 0.0812305 0.229583 0.154727 0.100278 0.904785
3 0.56 0.433889 0.04 0.188889 0.896484
0 0.145938 0.0706944 0.0453125 0.0613889 0.893066
0 0.205625 0.0554861 0.045 0.0684722 0.879883
5 0.725625 0.151354 0.1925 0.178403 0.878906
0 0.319063 0.0436111 0.044375 0.0688889 0.850098
3 0.440625 0.444167 0.048125 0.185 0.838379
3 0.133125 0.495556 0.0340625 0.174444 0.838379
0 0.260469 0.0561111 0.0490625 0.0655556 0.836426
2 0.946875 0.114028 0.04875 0.0797222 0.835449
2 0.78625 0.0547917 0.03 0.0645833 0.832031
2 0.0678906 0.1025 0.0357813 0.0644444 0.822266
2 0.650625 0.0634549 0.0425 0.0692014 0.815918
2 0.945 0.0727778 0.035 0.06 0.812988
3 0.74375 0.0419444 0.0125 0.0606944 0.792969
0 0.34125 0.0260417 0.0375 0.0518056 0.790527
3 0.433125 0.435 0.0425 0.181111 0.757812
0 0.221563 0.0414583 0.03625 0.0529167 0.715332
0 0.243281 0.0223958 0.036875 0.0447917 0.705566
3 0.760625 0.0401389 0.0125 0.05875 0.699219
0 0.287969 0.0273264 0.035 0.0536806 0.660156
2 0.99 0.0734722 0.0175 0.0658333 0.65918
3 0.629375 0.041875 0.0125 0.0651389 0.401611
0 0.356562 0.0148958 0.02875 0.0297917 0.332764
1 0.0284375 0.0373611 0.056875 0.0694444 0.296631
2 0.6325 0.0420833 0.01875 0.0661111 0.287842
0 0.26625 0.0128125 0.02875 0.025625 0.218018
2 0.63 0.0419444 0.0125 0.0655556 0.203125
0 0.266094 0.0164757 0.0321875 0.0329514 0.130737
2 0.295625 0.0701389 0.030625 0.0690278 0.126831
3 0.72375 0.036875 0.01375 0.0648611 0.122925
3 0.7225 0.034375 0.00999997 0.0638889 0.116333
2 0.66125 0.0546528 0.02 0.0606944 0.0726318
3 0.854375 0.0205903 0.00750001 0.0396528 0.0639648
0 0.290313 0.0164236 0.029375 0.0328472 0.0568542
3 0.431563 0.434444 0.028125 0.174444 0.0539856
0 0.98875 0.301667 0.0225 0.0955556 0.0535889
3 0.429375 0.476111 0.035625 0.0977778 0.0524292
3 0.430938 0.457222 0.03875 0.134444 0.0384521
0 0.233438 0.0375694 0.0375 0.0556944 0.0263519
0 0.257188 0.0175694 0.0325 0.0351389 0.0257111
1 0.0375 0.0401389 0.075 0.0770833 0.0208893
0 0.174688 0.0623611 0.0315625 0.0463889 0.0190582
0 0.703125 0.0904861 0.095 0.0609722 0.0170441
3 0.298438 0.0690278 0.025625 0.0644445 0.0147324
0 0.0118555 0.0282639 0.0234766 0.0451389 0.0128708
0 0.218438 0.0302083 0.0375 0.0475 0.0123825
0 0.376875 0.00959201 0.02375 0.0187326 0.0117798
0 0.3725 0.0105208 0.02875 0.020625 0.0085144
2 0.295625 0.0584028 0.028125 0.0743056 0.00831604
2 0.137188 0.00938368 0.0084375 0.0172049 0.0077858
0 0.3125 0.0127431 0.0225 0.0228472 0.00701141
1 0.063125 0.0509028 0.12625 0.101111 0.0069046
2 0.298594 0.0565972 0.02375 0.0563889 0.00591278
2 0.114688 0.1625 0.0375 0.0688889 0.0055542
2 0.0625781 0.0920833 0.0271875 0.0547222 0.00462723
2 0.0580078 0.0822222 0.0374219 0.075 0.00450516
2 0.7225 0.0372222 0.0175 0.06875 0.00411606
0 0.279063 0.050816 0.0228125 0.0575347 0.00366402
0 0.0479688 0.0116319 0.0314063 0.0213889 0.00331116
0 0.360625 0.0196528 0.03125 0.0349306 0.00316048
4 0.0218359 0.038125 0.0436719 0.0659722 0.00313568
0 0.79125 0.142361 0.0575 0.0794444 0.00309944
3 0.43875 0.431667 0.03 0.17 0.00284576
0 0.69875 0.085625 0.08 0.0504167 0.00269318
2 0.96625 0.217083 0.035 0.0775 0.0024929
2 0.996875 0.0112847 0.00624994 0.0221528 0.00245285
3 0.433125 0.418056 0.02125 0.142778 0.00245285
2 0.98625 0.206667 0.025 0.0783333 0.00243378
0 0.0203125 0.0529861 0.0284375 0.0468056 0.00235939
3 0.7225 0.0707639 0.0475 0.0818056 0.00209999
0 0.00925293 0.0192448 0.0185059 0.0351215 0.00201988
0 0.98875 0.326667 0.0225 0.118889 0.00201988
0 0.0821094 0.00763889 0.0198438 0.0152778 0.00190449
2 0.98875 0.228056 0.0225 0.105 0.00172043
3 0.884375 0.0266667 0.00750001 0.0484722 0.0016489
3 0.855 0.0264583 0.00999997 0.0488889 0.00162315
0 0.0380859 0.0719444 0.0404688 0.06375 0.00157356
0 0.0444531 0.0502083 0.0227344 0.0363889 0.00153637
3 0.324688 0.055625 0.02375 0.0618056 0.00152493
3 0.98375 0.0752778 0.015 0.0652778 0.0015192
0 0.3725 0.0148611 0.0325 0.0297222 0.00147247
3 0.141484 0.484444 0.0317187 0.155556 0.00146675
3 0.260313 0.355556 0.04375 0.0988889 0.00146103
3 0.211094 0.0565972 0.0340625 0.065 0.00141621
0 0.0166406 0.0465972 0.0326953 0.0576389 0.00139904
3 0.83625 0.0113194 0.00499999 0.0205556 0.00131989
0 0.119063 0.159722 0.04625 0.0733333 0.00130939
3 0.87125 0.0775 0.0175 0.065 0.00129414
0 0.0615625 0.0905556 0.0354687 0.0538889 0.00128937
3 0.7425 0.0413889 0.0175 0.0670833 0.00127411
2 0.984375 0.215833 0.02375 0.0788889 0.00126457
0 0.0482422 0.086875 0.0389844 0.0518056 0.0012598
3 0.270469 0.354444 0.0228125 0.0944444 0.00125504
0 0.0571875 0.00934028 0.0189063 0.0172222 0.00121593
3 0.148828 0.484444 0.0215625 0.156667 0.00104809
3 0.560313 0.473889 0.029375 0.11 0.00104809
0 0.991875 0.261736 0.01625 0.146528 0.00103188
