2 0.79 0.897778 0.0800001 0.204444 0.961914
0 0.251875 0.723333 0.174375 0.278889 0.960449
0 0.0721875 0.754444 0.142813 0.282222 0.959961
0 0.716875 0.767778 0.1775 0.287778 0.955078
0 0.48375 0.712222 0.16375 0.308889 0.952148
0 0.463125 0.933333 0.215 0.133333 0.948242
0 0.165 0.957778 0.21 0.0844444 0.945312
0 0.446875 0.101389 0.07625 0.0844444 0.939941
0 0.648125 0.170833 0.1475 0.112222 0.928711
0 0.73 0.0524306 0.07 0.0759722 0.925293
0 0.318438 0.0450174 0.043125 0.0705208 0.890137
0 0.143828 0.07125 0.0467188 0.0586111 0.884766
0 0.260625 0.0564583 0.04875 0.0665278 0.873047
2 0.8075 0.0776389 0.0325 0.0747222 0.854004
0 0.0148633 0.0748611 0.0296875 0.0561111 0.842773
0 0.205 0.0567361 0.046875 0.0720833 0.838867
2 0.9225 0.0438889 0.0125 0.0584722 0.837402
0 0.0741797 0.0314931 0.0321094 0.0465972 0.833496
0 0.0485547 0.0513889 0.0441406 0.0544444 0.827637
0 0.169023 0.0530556 0.0369531 0.0559722 0.822266
0 0.76125 0.0254167 0.04 0.0490278 0.812988
3 0.945 0.048125 0.01 0.0623611 0.805664
0 0.285625 0.0293056 0.035625 0.0576389 0.788086
0 0.24375 0.0235417 0.035625 0.0470833 0.78418
0 0.0136035 0.0470139 0.027207 0.0481944 0.778809
0 0.195313 0.0248611 0.03875 0.0493056 0.763672
2 0.90375 0.0336806 0.015 0.04625 0.759277
3 0.9825 0.0684722 0.01125 0.0661111 0.682617
0 0.3425 0.0257031 0.035 0.0503993 0.658203
3 0.97125 0.0527083 0.00999997 0.0601389 0.646973
0 0.222813 0.0431944 0.034375 0.0519444 0.517578
0 0.337188 0.0278385 0.039375 0.0514062 0.482422
3 0.959375 0.0451389 0.01125 0.0647222 0.317383
0 0.0899219 0.016033 0.02875 0.0311285 0.309082
3 0.983125 0.0399306 0.00999997 0.0540278 0.242188
0 0.36875 0.00871528 0.02375 0.0174306 0.23938
0 0.217656 0.0131424 0.028125 0.0262847 0.221313
0 0.355 0.0142188 0.025 0.0284375 0.210815
3 0.996875 0.0347917 0.00624994 0.0580556 0.203125
3 0.97125 0.0473437 0.0125 0.0597569 0.182983
0 0.261875 0.0160417 0.0275 0.0320833 0.181274
0 0.0290625 0.662778 0.0571094 0.104444 0.144653
3 0.9675 0.05 0.01625 0.0626389 0.140381
2 0.85625 0.0277431 0.0125 0.041875 0.135254
3 0.85375 0.0272222 0.00749995 0.0425 0.134277
0 0.157578 0.0169444 0.0329687 0.0338889 0.123779
0 0.0573828 0.0245139 0.0383594 0.0425 0.081543
3 0.960625 0.0398438 0.01125 0.0655903 0.0755615
0 0.0262109 0.638889 0.0521094 0.128889 0.0703125
0 0.343438 0.0205556 0.030625 0.0411111 0.069397
0 0.30625 0.0152865 0.03 0.029566 0.0673218
3 0.99125 0.0347222 0.00749995 0.0520833 0.0623169
0 0.0142969 0.0660417 0.0285938 0.0575 0.0566406
3 0.99625 0.028125 0.00749995 0.05375 0.0552063
2 0.85875 0.0276389 0.015 0.0434722 0.0455322
0 0.217344 0.0177778 0.0334375 0.0355556 0.0391846
0 0.160625 0.0226389 0.035625 0.0425 0.0384521
0 0.0973438 0.0115885 0.0271875 0.0230729 0.035675
3 0.995938 0.0440278 0.00812499 0.0698611 0.0322266
3 0.99 0.0422917 0.0125 0.0475 0.0310211
3 0.860625 0.0263194 0.01375 0.0440278 0.0288696
0 0.290938 0.0161458 0.03 0.0322917 0.026062
3 0.976875 0.038125 0.00999997 0.0584722 0.0259552
3 0.985 0.0680382 0.0125 0.0742014 0.025177
0 0.054541 0.0197309 0.0326367 0.0360938 0.0222015
3 0.88625 0.0295139 0.00750001 0.0513889 0.0152512
3 0.99 0.0640451 0.0199999 0.0780208 0.0150757
0 0.251406 0.0165278 0.034375 0.0330556 0.0147324
2 0.9225 0.0423611 0.0175001 0.0566667 0.0145569
0 0.191875 0.0209028 0.033125 0.0418056 0.0127258
1 0.0557031 0.0199306 0.0360156 0.0375 0.0115051
0 0.37125 0.0113542 0.02375 0.0227083 0.00891876
2 0.139375 0.0101389 0.0159375 0.0192361 0.00760651
3 0.885 0.0286806 0.00749995 0.0493056 0.00754929
2 0.81 0.0694271 0.0275 0.0653125 0.00609589
3 0.9225 0.0446007 0.015 0.0605208 0.0055542
0 0.1525 0.0121615 0.031875 0.0237326 0.0050621
0 0.024375 0.676111 0.04875 0.128889 0.00457382
3 0.83125 0.0144792 0.00750001 0.0252778 0.00431442
2 0.035 0.0154514 0.0129687 0.0288194 0.00426483
2 0.0326172 0.0165972 0.0161719 0.0245833 0.00416565
3 0.9925 0.0729167 0.015 0.0711111 0.00365067
0 0.7675 0.0169444 0.03 0.0338889 0.00346947
0 0.100156 0.0164236 0.0473438 0.0323611 0.00344276
3 0.280938 0.0720833 0.015 0.0602778 0.00298119
2 0.91125 0.0340278 0.015 0.0486111 0.00275803
0 0.158359 0.0297917 0.0326563 0.0480556 0.00225258
0 0.104531 0.010625 0.02375 0.0207639 0.00216484
0 0.17625 0.0521528 0.0325 0.0559722 0.00212479
0 0.375625 0.0109028 0.0325 0.0202778 0.00209999
3 0.969375 0.0527083 0.0112501 0.0652778 0.00182438
3 0.0214648 0.0729167 0.0210547 0.0563889 0.00169373
0 0.275625 0.0472222 0.02125 0.0572222 0.00144386
0 0.0787109 0.0304514 0.0403906 0.0536806 0.00129414
0 0.0194727 0.692222 0.0389453 0.158889 0.00129414
3 0.285781 0.0763889 0.0134375 0.0605556 0.00123501
0 0.74875 0.0188889 0.035 0.0293056 0.00119686
0 0.00915039 0.675556 0.0182031 0.128889 0.00117397
2 0.99125 0.758889 0.00999997 0.0177777 0.00110722
3 0.980625 0.0689583 0.01375 0.0756944 0.00100422
