0 0.0723438 0.754444 0.143125 0.282222 0.961426
0 0.25125 0.726667 0.17625 0.282222 0.960938
0 0.717344 0.767778 0.177813 0.287778 0.953613
0 0.484063 0.712222 0.163125 0.308889 0.951172
2 0.791875 0.908889 0.07875 0.18 0.950684
0 0.463438 0.933333 0.214375 0.133333 0.947266
0 0.165156 0.9575 0.21 0.085 0.945312
0 0.331563 0.135694 0.14 0.0955556 0.923828
3 0.96625 0.450556 0.04375 0.174444 0.907715
0 0.319375 0.0446528 0.04375 0.0702778 0.891602
0 0.96375 0.0880556 0.0725 0.0675 0.891602
0 0.144063 0.0706944 0.04625 0.0588889 0.876465
0 0.0148145 0.0751389 0.0295898 0.0563889 0.868164
0 0.206563 0.0559722 0.045 0.0665278 0.866211
0 0.260625 0.0555556 0.04875 0.0661111 0.858887
2 0.8925 0.0668229 0.02125 0.0624653 0.81543
0 0.285 0.0304948 0.0375 0.0590104 0.806641
0 0.34 0.0255903 0.0375 0.0511806 0.753418
0 0.223125 0.0399306 0.035 0.0509722 0.746094
2 0.908125 0.0506771 0.0275 0.0605903 0.746094
2 0.9475 0.0551562 0.0325 0.0566319 0.733887
0 0.245156 0.0221181 0.0321875 0.0442361 0.682617
3 0.394063 0.0595833 0.016875 0.0675 0.666992
3 0.386563 0.0588889 0.009375 0.0677778 0.488281
3 0.39 0.0593229 0.01625 0.0677431 0.466797
2 0.978125 0.0471528 0.015 0.0408333 0.312256
0 0.355625 0.0136111 0.025 0.0272222 0.287842
2 0.273438 0.0744444 0.0225 0.0711111 0.210083
3 0.355625 0.0627604 0.01125 0.064757 0.208862
2 0.9475 0.0605556 0.04 0.0620833 0.181885
2 0.98 0.0505729 0.0125 0.0444097 0.167236
3 0.21375 0.0854167 0.020625 0.0647222 0.119629
0 0.37 0.00833333 0.021875 0.0166667 0.104492
3 0.3575 0.0663194 0.01125 0.0681944 0.0966797
0 0.259375 0.0149132 0.024375 0.0298264 0.0953369
0 0.222188 0.0263194 0.03375 0.0423611 0.0512695
0 0.0272656 0.633333 0.0545313 0.126667 0.0456848
2 0.277813 0.08375 0.02375 0.0627778 0.0430298
0 0.35875 0.0151215 0.02625 0.0302431 0.0419312
0 0.245938 0.0303472 0.0303125 0.045 0.0406799
0 0.308281 0.0144444 0.0271875 0.0271528 0.0389099
2 0.282188 0.0947222 0.039375 0.0666667 0.0360718
3 0.360625 0.0698611 0.0125 0.0683333 0.0342407
3 0.88625 0.0336111 0.00999997 0.0565278 0.0232391
3 0.346875 0.0738889 0.01125 0.0755556 0.0210419
0 0.25 0.0178993 0.030625 0.0357986 0.0207214
0 0.29 0.0162326 0.03 0.0324653 0.0191193
3 0.359375 0.0621528 0.01625 0.0648611 0.0188293
2 0.95625 0.07125 0.0575 0.0461111 0.0106125
3 0.34375 0.0553993 0.014375 0.0717014 0.00894928
3 0.274219 0.0736285 0.0271875 0.0794097 0.0086441
2 0.955 0.0638889 0.0425 0.05125 0.00861359
0 0.290781 0.033125 0.0309375 0.0581944 0.00793457
2 0.9925 0.0498785 0.00750001 0.0294097 0.00634003
2 0.995 0.0265278 0.00999997 0.0427778 0.00575256
0 0.205781 0.0821528 0.0409375 0.0643056 0.00564194
0 0.37 0.0122569 0.0275 0.0245139 0.0055542
3 0.885 0.0253472 0.00749995 0.04375 0.00508118
3 0.209063 0.0792361 0.035625 0.0656944 0.00475693
3 0.334375 0.0772917 0.011875 0.0701389 0.0042305
0 0.990625 0.0622917 0.0187499 0.0566667 0.00335121
3 0.3925 0.0497222 0.0225 0.0736111 0.00329781
0 0.77125 0.742222 0.07 0.232222 0.00327301
3 0.365 0.0361111 0.011875 0.0447222 0.00324821
0 0.0401172 0.664444 0.0802344 0.108889 0.00324821
0 0.7925 0.309167 0.1 0.0761111 0.00322342
0 0.21375 0.0544444 0.0334375 0.0552778 0.00302696
2 0.985 0.0677083 0.0175001 0.0359722 0.00251198
2 0.136094 0.0105556 0.00843751 0.019375 0.00247192
0 0.94625 0.0604861 0.0375 0.0531944 0.00243378
7 0.98 0.851111 0.00999997 0.0255556 0.00243378
0 0.275313 0.0466493 0.021875 0.0561458 0.00230598
2 0.215 0.0810417 0.0225 0.0670833 0.00206757
3 0.99625 0.0227083 0.00749995 0.0413889 0.00191879
3 0.212188 0.0927778 0.01875 0.0666667 0.00163555
0 0.99375 0.831111 0.01 0.0266667 0.0015974
2 0.97875 0.035 0.0199999 0.0566667 0.00137806
0 0.9925 0.832222 0.0125 0.0222222 0.00135612
0 0.0254297 0.66 0.0508594 0.108889 0.00133514
2 0.89875 0.0584028 0.0225 0.0609722 0.00123501
2 0.87375 0.0727778 0.01875 0.0513889 0.00122547
0 0.965 0.0739583 0.0675 0.0776389 0.00122547
2 0.97625 0.0378472 0.035 0.0593056 0.00121593
0 0.375625 0.0110417 0.02625 0.0209028 0.00113392
7 0.7925 0.91 0.075 0.18 0.0011034
0 0.485625 0.991111 0.08 0.0177777 0.00104809
3 0.699375 0.0120313 0.00749995 0.0240625 0.00101185
