0 0.0723047 0.754444 0.143828 0.28 0.956543
0 0.68625 0.686667 0.1675 0.273333 0.953613
0 0.184531 0.887778 0.234063 0.224444 0.947754
0 0.371875 0.299375 0.09875 0.16125 0.946777
0 0.50375 0.419444 0.1075 0.172222 0.946289
0 0.49625 0.210556 0.07375 0.120556 0.9375
0 0.0219531 0.246667 0.0439063 0.118889 0.929199
0 0.399375 0.195 0.06875 0.102778 0.916016
0 0.6475 0.0420139 0.045 0.0615278 0.908691
0 0.494063 0.0646528 0.046875 0.0784722 0.906738
0 0.319219 0.0448611 0.0453125 0.0709722 0.884766
0 0.157969 0.0897222 0.056875 0.0811111 0.877441
0 0.247188 0.0648438 0.049375 0.0750347 0.876465
0 0.880625 0.196667 0.08 0.102222 0.873047
0 0.0207813 0.0944444 0.0414063 0.0633333 0.866211
0 0.51 0.0241753 0.03625 0.0455382 0.845703
0 0.281563 0.0289236 0.040625 0.0563194 0.811523
0 0.12375 0.0763889 0.053125 0.0705556 0.799316
2 0.92625 0.113021 0.02 0.0822917 0.79834
2 0.98125 0.139722 0.0175 0.0858333 0.788086
2 0.8975 0.0847222 0.0175001 0.0683333 0.770508
0 0.34 0.0266667 0.03875 0.0523611 0.763672
3 0.945 0.0630382 0.0125 0.0642014 0.712402
0 0.0470313 0.0515278 0.04 0.0502778 0.680664
3 0.968125 0.0607639 0.0125 0.0619444 0.677246
3 0.955 0.0610417 0.00999997 0.0659722 0.675781
2 0.81 0.0330903 0.0175001 0.0534028 0.635254
0 0.570312 0.00861111 0.0325 0.0171528 0.615234
3 0.99 0.0653472 0.00999997 0.0618056 0.589844
3 0.8475 0.0353125 0.0125 0.0570139 0.535156
2 0.561563 0.0494444 0.018125 0.0566667 0.522461
0 0.189688 0.0630556 0.035 0.0505556 0.462891
0 0.00663086 0.0546528 0.0132617 0.0698611 0.432129
0 0.216406 0.0411806 0.0421875 0.0586111 0.40918
0 0.203438 0.0219444 0.03875 0.0438889 0.402588
0 0.561875 0.0484896 0.01875 0.0546875 0.37207
3 0.986875 0.064184 0.015 0.0621875 0.310791
3 0.95 0.0635417 0.015 0.0626389 0.301514
0 0.105625 0.0160417 0.036875 0.0310417 0.294189
0 0.355625 0.0147396 0.025 0.0294792 0.279785
3 0.95375 0.0470833 0.00999997 0.0680556 0.273682
3 0.92625 0.111979 0.02 0.0810417 0.264404
3 0.9525 0.0242014 0.00999997 0.0429861 0.235107
0 0.370313 0.00829861 0.023125 0.0165972 0.214722
3 0.98 0.0619444 0.00999997 0.0508333 0.188354
5 0.08125 0.0287153 0.0454688 0.0536806 0.185913
0 0.5725 0.0100694 0.0275 0.0201389 0.166138
3 0.873125 0.0806944 0.015 0.0655556 0.164551
2 0.84875 0.0359028 0.015 0.0597222 0.15979
0 0.0441797 0.0829861 0.0391406 0.0526389 0.158691
2 0.997188 0.163333 0.00562496 0.0866667 0.122498
0 0.0255469 0.0346528 0.0396875 0.0590278 0.108582
0 0.305 0.0141667 0.03125 0.0263889 0.085083
3 0.9775 0.0620833 0.00999997 0.0619445 0.0803833
1 0.157031 0.0310417 0.05 0.0609722 0.0800781
0 0.085 0.0292708 0.046875 0.055625 0.0753174
5 0.087793 0.0259635 0.0606641 0.050434 0.0710449
3 0.97375 0.0612326 0.0175 0.0633681 0.0680542
2 0.95 0.0509896 0.02 0.0585764 0.0484924
0 0.371875 0.0105903 0.0225 0.0211806 0.047699
3 0.87125 0.085 0.015 0.0702778 0.0458679
0 0.507188 0.0190972 0.0325 0.0381944 0.0455322
3 0.9425 0.0677778 0.0125 0.0569444 0.0402527
0 0.00821289 0.0422222 0.0164258 0.06 0.0399475
3 0.9825 0.139167 0.0175 0.0872222 0.0391846
0 0.0484277 0.0168403 0.035957 0.0309028 0.0380249
0 0.100938 0.0615972 0.0384375 0.0536111 0.0367737
0 0.209688 0.0157639 0.031875 0.0315278 0.0336609
3 0.885625 0.0338889 0.00750001 0.0522222 0.0333252
0 0.219375 0.0330903 0.038125 0.046875 0.0330811
0 0.56875 0.0130903 0.03 0.0256944 0.0306702
1 0.0784375 0.0223958 0.0429688 0.0447917 0.0283356
2 0.99625 0.153576 0.00749995 0.100069 0.0267639
0 0.169844 0.0391667 0.033125 0.0486111 0.0239563
0 0.0960938 0.0452604 0.035 0.0447569 0.0236053
0 0.0782813 0.0658333 0.0379687 0.0609722 0.0223694
0 0.0497656 0.0104167 0.0215625 0.020625 0.0222931
3 0.995 0.0272222 0.00999997 0.04625 0.0218658
0 0.0121875 0.0345833 0.024375 0.0616667 0.0205688
0 0.22 0.0129167 0.0325 0.0258333 0.0194244
0 0.0932031 0.0659722 0.04875 0.0601389 0.0191193
0 0.223594 0.0148003 0.03125 0.0290104 0.0188293
2 0.99625 0.0203819 0.00749995 0.0385417 0.0175171
0 0.223594 0.0440278 0.0446875 0.0569444 0.0172424
2 0.0501563 0.0110503 0.021875 0.0219271 0.0164032
0 0.341875 0.0209722 0.035 0.0419444 0.0150146
0 0.359375 0.015625 0.025 0.03125 0.0145035
0 0.178906 0.037934 0.0440625 0.0505208 0.0138474
5 0.012207 0.0402951 0.0244141 0.0635764 0.0123825
2 0.950625 0.0267361 0.01625 0.04625 0.0123367
0 0.0118359 0.090625 0.0236719 0.0629167 0.0121918
0 0.87125 0.13875 0.0375 0.0708333 0.0118256
0 0.292813 0.0145139 0.025625 0.0290278 0.0112457
5 0.0256055 0.0323611 0.0474609 0.0515278 0.0112
0 0.105625 0.055 0.028125 0.0438889 0.0106964
2 0.815 0.0342014 0.025 0.0547917 0.00993347
5 0.161602 0.0286806 0.0542969 0.0498611 0.00891876
2 0.81125 0.0375347 0.0225 0.0607639 0.00878143
0 0.00288574 0.401111 0.00577148 0.121111 0.00821686
3 0.81125 0.0373264 0.02 0.0603472 0.00769424
0 0.11375 0.0186892 0.0390625 0.0349826 0.00754929
5 0.1325 0.0227083 0.095625 0.0454167 0.00740433
3 0.83625 0.0136806 0.00499999 0.0219444 0.00534439
3 0.319219 0.07375 0.0315625 0.0438889 0.00510025
0 0.107969 0.0702778 0.0315625 0.0611111 0.00494385
0 0.177188 0.0125 0.03625 0.025 0.00471878
0 0.00337402 0.416111 0.00674805 0.128889 0.00466537
0 0.137422 0.0299653 0.0432813 0.0477083 0.0045929
2 0.92375 0.108333 0.0175 0.0733333 0.00453949
5 0.160469 0.0357986 0.0459375 0.0550694 0.00429916
0 0.130391 0.0115625 0.0164063 0.0224306 0.0042305
0 0.114219 0.0601562 0.0639063 0.0641319 0.00322342
0 0.085 0.0460417 0.0504688 0.0831944 0.00314713
0 0.0516016 0.0803472 0.0345313 0.0620833 0.00287819
3 0.9825 0.145417 0.03 0.109167 0.00258064
2 0.94375 0.0619271 0.01875 0.0617014 0.0024147
2 0.96 0.0372569 0.0275 0.066875 0.00231361
2 0.805625 0.0348958 0.02875 0.0589583 0.00214958
0 0.0832813 0.0649826 0.0575 0.0903125 0.00201035
2 0.8175 0.0309722 0.01875 0.0497222 0.00200272
3 0.994375 0.0868056 0.01125 0.0730556 0.00198746
3 0.88875 0.0457639 0.0125 0.0709722 0.0019722
2 0.9875 0.153194 0.0225 0.0972222 0.00196457
3 0.97 0.0572917 0.015 0.0609722 0.00191212
0 0.0155762 0.646111 0.0311523 0.134444 0.00183868
0 0.0101465 0.219444 0.020293 0.0733333 0.00178909
0 0.0571094 0.0175521 0.0282031 0.0351042 0.00178242
3 0.9725 0.0463715 0.0325 0.0836458 0.00176811
2 0.993125 0.142257 0.0137499 0.0865972 0.00158501
0 0.361875 0.0220833 0.02875 0.0359722 0.00145531
0 0.48375 0.0451563 0.02125 0.0407986 0.00139904
5 0.0767188 0.0473437 0.06 0.0844792 0.00139904
0 0.050791 0.0616667 0.0348242 0.0577778 0.00139904
3 0.260938 0.0731944 0.02125 0.0619445 0.00137806
0 0.00481445 0.210972 0.00962891 0.0605556 0.00134563
3 0.9425 0.0609722 0.0175 0.0633333 0.00129986
7 0.920625 0.0994444 0.0125 0.0525 0.00127411
3 0.83125 0.0298958 0.0125 0.0511806 0.00123024
2 0.855 0.0369444 0.025 0.0616667 0.00112438
0 0.4925 0.0133333 0.02625 0.0249306 0.00109863
0 0.168906 0.0723611 0.036875 0.0547222 0.00109482
2 0.9875 0.175278 0.0249999 0.116667 0.00104046
0 0.0139453 0.952222 0.0278906 0.0933333 0.00101662
