0 0.071875 0.755556 0.142188 0.282222 0.959473
0 0.479375 0.898333 0.2325 0.203333 0.958008
0 0.273125 0.604306 0.15125 0.264722 0.952637
0 0.74875 0.881667 0.20375 0.236667 0.946289
0 0.63375 0.309444 0.0975 0.147222 0.945312
0 0.490313 0.405 0.110625 0.186111 0.941406
0 0.386875 0.222083 0.08 0.125278 0.936523
0 0.58 0.160833 0.065 0.0947222 0.924805
0 0.120137 0.219444 0.0841016 0.134444 0.920898
0 0.507812 0.106528 0.053125 0.0769444 0.911621
0 0.759375 0.0408333 0.04125 0.0613889 0.894043
0 0.5075 0.0448438 0.045 0.0580903 0.875977
0 0.433125 0.070625 0.05125 0.0804167 0.872559
0 0.319375 0.0448611 0.045 0.0718056 0.869629
0 0.0726563 0.0293056 0.0396875 0.0581944 0.868164
0 0.0204492 0.0942361 0.0408984 0.0651389 0.868164
0 0.264219 0.0530382 0.0434375 0.0636458 0.861328
0 0.0721094 0.116944 0.0620313 0.0733333 0.856934
0 0.225 0.0845833 0.0515625 0.0808333 0.852051
0 0.44125 0.0313889 0.03875 0.0508333 0.848145
0 0.231875 0.0297917 0.041875 0.0594444 0.824219
0 0.196094 0.0616667 0.0440625 0.0708333 0.801758
2 0.82625 0.0394444 0.0175 0.0636111 0.774414
0 0.126563 0.11875 0.0671875 0.0861111 0.764648
0 0.34125 0.0254167 0.03625 0.0501389 0.746094
2 0.886875 0.0779861 0.03125 0.0790278 0.634277
2 0.98875 0.143611 0.0225 0.0797222 0.620605
2 0.97875 0.0790278 0.01625 0.0747222 0.594727
3 0.9175 0.0273264 0.00999997 0.0485417 0.44751
0 0.306406 0.0170486 0.0321875 0.0332639 0.443604
0 0.127188 0.0161111 0.0373438 0.0317361 0.40918
0 0.28 0.0104861 0.026875 0.0207639 0.370117
0 0.211719 0.0209028 0.0340625 0.0401389 0.355713
0 0.0962695 0.0148611 0.0337109 0.0297222 0.354004
3 0.995 0.07875 0.00999997 0.0647222 0.320801
0 0.0482715 0.0217274 0.039707 0.0432118 0.291016
2 0.82375 0.0308681 0.015 0.0554861 0.265869
3 0.97875 0.08 0.015 0.075 0.259766
0 0.355625 0.0147222 0.025 0.0294444 0.248047
0 0.98875 0.145694 0.0225 0.0761111 0.219971
3 0.8775 0.0570833 0.0125 0.0583333 0.187744
0 0.00354248 0.0350694 0.00708496 0.0588889 0.162354
3 0.9925 0.0773611 0.0125 0.0686111 0.157104
0 0.00371826 0.0231944 0.00743652 0.0463889 0.135254
2 0.87875 0.0692361 0.025 0.0770833 0.118408
0 0.156875 0.0565278 0.0453125 0.0605556 0.105591
0 0.307188 0.0321528 0.033125 0.0552778 0.092041
0 0.370938 0.00864583 0.023125 0.0172917 0.0817871
2 0.8775 0.0532639 0.0125 0.0506944 0.0710449
0 0.128672 0.0138542 0.0314063 0.0277083 0.0657349
2 0.87875 0.0488889 0.0175001 0.0463889 0.0560303
2 0.996875 0.0280556 0.00624994 0.0429167 0.0463867
0 0.0378125 0.0699306 0.0457813 0.0559722 0.044342
3 0.98875 0.0779167 0.0175 0.0677778 0.0408325
2 0.884375 0.0411285 0.0125 0.0519097 0.0381775
2 0.8775 0.059566 0.0225 0.0614236 0.0377502
2 0.91625 0.0252431 0.015 0.0470139 0.0318604
0 0.123203 0.0826389 0.0484375 0.0555556 0.0311432
2 0.83 0.0345139 0.015 0.06125 0.0293121
0 0.154922 0.0523611 0.0517188 0.0770833 0.0282135
0 0.0433984 0.0724306 0.0378906 0.0508333 0.0261536
3 0.99625 0.0494618 0.00749995 0.0713542 0.0220337
2 0.89375 0.0843056 0.0175 0.0741667 0.021698
7 0.78 0.00814236 0.00499999 0.0162847 0.0205231
0 0.272813 0.0145833 0.033125 0.0270833 0.0195618
0 0.3725 0.0116493 0.024375 0.0232986 0.0191193
0 0.374375 0.00972222 0.02625 0.01875 0.0142822
0 0.132344 0.0350347 0.0415625 0.0671528 0.0111618
0 0.217813 0.0200694 0.04 0.0401389 0.0103683
0 0.163594 0.0434028 0.045625 0.06 0.0102463
0 0.279063 0.0249306 0.02625 0.0445833 0.00948334
0 0.20625 0.0369444 0.0309375 0.0361111 0.00937653
0 0.175625 0.00777778 0.0303125 0.0155556 0.00775528
0 0.44 0.0435937 0.04 0.0572569 0.00664139
0 0.0194141 0.137083 0.0388281 0.0736111 0.00579834
0 0.0417285 0.0565451 0.0424805 0.0671875 0.00561905
2 0.885625 0.0452778 0.0225 0.0530556 0.00503922
0 0.126094 0.028125 0.0465625 0.0495833 0.00494385
3 0.8225 0.0172396 0.00999997 0.0344792 0.00477219
2 0.82125 0.0247917 0.01375 0.04375 0.00446701
2 0.8875 0.0365625 0.015 0.0532639 0.00411606
0 0.0583203 0.0198264 0.0403906 0.0396528 0.0041008
2 0.99375 0.0316667 0.0124999 0.0519444 0.00385475
0 0.0287891 0.635556 0.0574219 0.124444 0.00366402
0 0.0124414 0.0240278 0.0246484 0.0434722 0.00356483
2 0.165938 0.00755208 0.00687501 0.0151042 0.00346947
3 0.0851563 0.250833 0.0129688 0.0783333 0.00340271
3 0.085 0.275833 0.01125 0.05 0.0030632
0 0.0307422 0.0650174 0.0498438 0.0671875 0.00305176
2 0.91875 0.0275 0.01375 0.0483333 0.00304031
3 0.919375 0.0272917 0.0125 0.0495833 0.00277901
7 0.38625 0.222083 0.08 0.124722 0.00271416
0 0.259063 0.015625 0.03 0.0291667 0.00268364
0 0.0155078 0.0170486 0.0310156 0.0327778 0.00216484
0 0.00939941 0.0351389 0.0187988 0.0591667 0.00216484
3 0.885 0.0313194 0.00999997 0.0479167 0.0019722
0 0.0298438 0.0175608 0.0536719 0.0344618 0.00183868
0 0.0196973 0.0331944 0.037793 0.0466667 0.0018034
0 0.990625 0.155556 0.0187499 0.0822222 0.00174141
7 0.97875 0.849444 0.00999997 0.03 0.00167465
0 0.135234 0.0438889 0.0554688 0.0720833 0.0016489
0 0.00503906 0.180278 0.0100781 0.0691667 0.00162315
0 0.195938 0.0271181 0.05 0.0497917 0.00150681
0 0.562188 0.897778 0.06625 0.201111 0.00148964
3 0.9875 0.138194 0.0249999 0.106389 0.00143814
0 0.146406 0.0758333 0.045625 0.0675 0.00142097
7 0.12 0.21875 0.081875 0.134722 0.00139904
0 0.152969 0.0657118 0.0403125 0.0671875 0.00132465
0 0.36125 0.0209375 0.03125 0.0377083 0.00122547
0 0.314063 0.0391667 0.036875 0.0625 0.00117874
2 0.875 0.0504167 0.0225 0.0519444 0.00115108
6 0.0288281 0.622222 0.0557813 0.1 0.00112438
0 0.9925 0.757778 0.00750001 0.0177778 0.00112438
0 0.00319824 0.288264 0.00639649 0.0823611 0.00103188
0 0.385 0.0127083 0.02875 0.0236806 0.00101185
