0 0.0722266 0.756667 0.142891 0.285556 0.95752
0 0.646875 0.435556 0.115 0.172778 0.946777
0 0.358125 0.282778 0.08875 0.150556 0.941406
0 0.4975 0.537778 0.14375 0.268889 0.941406
0 0.169844 0.913889 0.212813 0.17 0.941406
0 0.60625 0.146667 0.065 0.0930556 0.937012
0 0.50375 0.223889 0.07875 0.126667 0.936523
0 0.0463281 0.184306 0.0832813 0.1225 0.932129
0 0.573125 0.0641493 0.04625 0.0653125 0.900391
0 0.420625 0.117222 0.0575 0.0883333 0.895508
0 0.177031 0.136632 0.0659375 0.0995139 0.887207
0 0.32 0.044375 0.04375 0.0723611 0.885742
0 0.5125 0.0463194 0.04125 0.0627778 0.879883
0 0.193125 0.0575 0.048125 0.0709722 0.852051
0 0.0201953 0.0945139 0.0403125 0.0631945 0.849121
0 0.449375 0.026033 0.04125 0.0518229 0.848145
0 0.28375 0.028125 0.038125 0.05625 0.827637
0 0.1675 0.0477778 0.0409375 0.0545833 0.810547
0 0.229063 0.0911806 0.048125 0.0706944 0.806641
0 0.2625 0.0187153 0.03125 0.0374306 0.766113
0 0.142578 0.105694 0.0542188 0.0769444 0.763672
0 0.340625 0.0253472 0.0375 0.0501389 0.757812
3 0.993125 0.0870833 0.0137499 0.0719445 0.725586
2 0.845625 0.0353819 0.01375 0.0617361 0.723145
0 0.0412891 0.0500694 0.0441406 0.0620833 0.72168
0 0.72625 0.0124653 0.03125 0.0249306 0.716797
2 0.95125 0.107222 0.0175 0.0772222 0.700684
2 0.94 0.0373611 0.015 0.0590278 0.695801
0 0.234375 0.0128385 0.03125 0.0247396 0.6875
0 0.510938 0.0120833 0.03 0.0241667 0.633301
2 0.8 0.0278559 0.0125001 0.0531771 0.458984
0 0.0719922 0.0206944 0.0391406 0.0413889 0.327637
0 0.355938 0.0145139 0.023125 0.0290278 0.289307
2 0.79625 0.0270833 0.01875 0.0491667 0.257568
1 0.0391016 0.0331944 0.075 0.0647222 0.243652
0 0.111094 0.0249306 0.0440625 0.0479167 0.213989
0 0.123281 0.0232986 0.0342188 0.045625 0.199341
0 0.5075 0.0144271 0.02625 0.0288542 0.193726
0 0.369375 0.00796875 0.02375 0.0159375 0.187744
1 0.028418 0.0320139 0.0536328 0.0629167 0.176636
2 0.8075 0.017283 0.01625 0.0340451 0.133911
0 0.118281 0.0932639 0.046875 0.0690278 0.133423
2 0.805 0.0138194 0.015 0.0270139 0.0984497
2 0.87 0.0765278 0.02 0.0655556 0.0844727
1 0.0666406 0.0240972 0.05 0.0481944 0.0710449
2 0.8375 0.0116753 0.00750001 0.0213715 0.0670776
0 0.0945313 0.0968056 0.0542187 0.0744444 0.0639648
0 0.277031 0.0228472 0.0359375 0.0456944 0.0609741
0 0.316719 0.0125347 0.0328125 0.0225 0.0554199
0 0.00610352 0.065625 0.012207 0.0545833 0.0544128
0 0.00547852 0.0522222 0.0103711 0.0436111 0.0445251
1 0.0516309 0.0295139 0.0704883 0.0573611 0.0383301
0 0.119063 0.0822222 0.046875 0.0605556 0.0381775
0 0.128906 0.0119965 0.02625 0.0239931 0.037323
0 0.0998242 0.0906944 0.0694141 0.0963889 0.0330811
0 0.098125 0.0670833 0.0415625 0.0575 0.0325928
0 0.0951563 0.0814583 0.0484375 0.07625 0.0322266
0 0.232188 0.0154861 0.03 0.0309722 0.0318604
0 0.0898438 0.0652604 0.0528125 0.0653125 0.0249939
0 0.00858399 0.0522917 0.017168 0.0397222 0.024704
0 0.104141 0.0370833 0.0417188 0.0590278 0.0230713
0 0.00533691 0.0419444 0.0102832 0.0441667 0.02211
0 0.102207 0.0970833 0.0527734 0.0688889 0.0199432
0 0.306563 0.0118403 0.03625 0.023125 0.0196381
0 0.106328 0.0173958 0.0392188 0.0347917 0.0195618
1 0.0471875 0.0297569 0.094375 0.0595139 0.0177765
2 0.805 0.0300347 0.0225 0.0572917 0.016983
0 0.370625 0.0108333 0.02625 0.0216667 0.0156708
2 0.99625 0.0178472 0.00749995 0.0334028 0.0154266
2 0.133906 0.0110069 0.015625 0.0220139 0.0137939
0 0.105469 0.0623611 0.0371875 0.0572222 0.013588
3 0.885 0.0288542 0.00749995 0.0514583 0.0120544
0 0.5075 0.0218056 0.035 0.0386111 0.0115509
0 0.0287695 0.636667 0.0575391 0.135556 0.0111618
0 0.292813 0.0158333 0.03375 0.0316667 0.0109024
5 0.105 0.0490972 0.0679688 0.0976389 0.0100555
0 0.0547559 0.0322222 0.0336133 0.0454167 0.00898743
0 0.453438 0.0180035 0.03375 0.0360069 0.00894928
2 0.99375 0.0208333 0.0124999 0.0325 0.00891876
0 0.123281 0.0761111 0.044375 0.0588889 0.00821686
2 0.84875 0.0370833 0.0175 0.0644445 0.00677109
0 0.0247461 0.0417882 0.0411328 0.0522569 0.00653839
0 0.3725 0.00979167 0.02875 0.0185417 0.00602722
0 0.22875 0.0167014 0.04 0.0293056 0.00542831
6 0.0273828 0.622222 0.0535156 0.102222 0.00492477
0 0.44375 0.0191319 0.02875 0.0382639 0.00475693
1 0.00621094 0.0302431 0.0124219 0.0545139 0.00471878
2 0.855 0.0426389 0.0275 0.0647222 0.00355148
3 0.194688 0.158056 0.01625 0.0961111 0.00348282
3 0.885 0.0310417 0.00999997 0.0555556 0.00332451
0 0.0701563 0.0356597 0.0367188 0.0395139 0.00319672
0 0.255625 0.0604861 0.038125 0.0595833 0.0026722
0 0.0796875 0.0673611 0.0540625 0.0694444 0.00253105
7 0.5025 0.223889 0.0775 0.126111 0.0024147
7 0.98 0.849444 0.00875003 0.0266667 0.00209999
5 0.113359 0.0552778 0.07 0.110556 0.00208282
2 0.0275781 0.632222 0.0535938 0.11 0.00203514
2 0.405 0.0784028 0.01375 0.0490278 0.00194168
5 0.0877344 0.0561111 0.0926563 0.104444 0.00194168
0 0.138281 0.0954861 0.053125 0.0823611 0.00186729
0 0.32 0.0302778 0.043125 0.0538889 0.00182438
0 0.138906 0.0116319 0.0228125 0.0232639 0.00172043
0 0.213594 0.0184722 0.03 0.0311111 0.00160408
2 0.8425 0.0299306 0.0175 0.0566667 0.00159168
0 0.022793 0.647222 0.0455859 0.127778 0.00150108
0 0.0619141 0.054184 0.0825781 0.10191 0.00148392
5 0.99375 0.758889 0.00750001 0.02 0.0014782
0 0.177852 0.0934028 0.0530469 0.0534722 0.00145531
0 0.106563 0.105972 0.089375 0.105833 0.00145531
2 0.995 0.0775 0.00999997 0.0666667 0.00139904
0 0.256875 0.0407639 0.0353125 0.0516667 0.00118828
2 0.406875 0.0836111 0.02375 0.0511111 0.00118351
0 0.208438 0.0375 0.021875 0.0502778 0.00116539
7 0.70125 0.00963542 0.00750001 0.0192708 0.00113773
0 0.146875 0.0157986 0.040625 0.0309722 0.00110722
0 0.519375 0.0286458 0.036875 0.0404861 0.00109482
0 0.50125 0.0590278 0.02625 0.0483333 0.00107288
0 0.147344 0.0283333 0.0671875 0.0441667 0.00106525
