0 0.222031 0.807778 0.188125 0.311111 0.963867
0 0.49375 0.734444 0.15875 0.271111 0.956543
0 0.75125 0.846667 0.2 0.304444 0.953613
0 0.4325 0.952222 0.21125 0.0955555 0.94873
2 0.495625 0.195278 0.059375 0.104444 0.933105
0 0.059375 0.295556 0.11875 0.125 0.918457
0 0.611875 0.0559722 0.09125 0.0651389 0.912598
0 0.19375 0.0706944 0.049375 0.0686111 0.902832
0 0.262188 0.05625 0.04375 0.0620833 0.873047
2 0.0186816 0.104792 0.0355273 0.0656944 0.865234
2 0.8275 0.0635938 0.0325 0.0669792 0.853027
0 0.22875 0.0461111 0.040625 0.0563889 0.809082
0 0.74125 0.0144097 0.035 0.0288194 0.779785
2 0.99375 0.0654861 0.0124999 0.06125 0.766113
2 0.0651563 0.111528 0.039375 0.0613889 0.758301
2 0.90625 0.051875 0.0325 0.0606944 0.64502
2 0.0131543 0.0331944 0.00984375 0.0441667 0.620605
0 0.3375 0.0272222 0.041875 0.0519444 0.57373
0 0.096875 0.094375 0.0453125 0.0623611 0.550781
3 0.84875 0.0379861 0.0125 0.0659722 0.523438
3 0.87 0.0343056 0.01 0.0497222 0.479492
2 0.0988867 0.0959722 0.0419141 0.0630556 0.462891
2 0.8475 0.0398611 0.015 0.0652778 0.460938
3 0.89375 0.0508333 0.0125 0.065 0.418701
2 0.9125 0.0502083 0.0225 0.0606944 0.364746
3 0.88125 0.0384549 0.01 0.0550347 0.339844
2 0.895 0.0550694 0.015 0.0681944 0.284668
3 0.8725 0.0370139 0.0125 0.0530556 0.283691
3 0.86875 0.0301389 0.01 0.0508333 0.235107
3 0.0128809 0.0342361 0.0094336 0.0463889 0.16394
3 0.876875 0.0362153 0.0125 0.0550695 0.157104
3 0.89125 0.0440104 0.00999997 0.0603125 0.145142
2 0.89875 0.0554167 0.02 0.0627778 0.137573
3 0.853125 0.0242969 0.00625 0.0471007 0.110474
3 0.88375 0.0408333 0.01125 0.0576389 0.0823975
2 0.0907813 0.0977778 0.028125 0.0611111 0.0783691
2 0.107734 0.0972917 0.0253125 0.0615278 0.0698242
3 0.875 0.0394444 0.01125 0.06 0.0592041
2 0.0574219 0.0145486 0.0160938 0.0286111 0.0579224
3 0.895 0.0592361 0.01375 0.0676389 0.0409851
3 0.0904688 0.104375 0.0125 0.0498611 0.0370483
2 0.895 0.0589062 0.02 0.0535764 0.0363464
2 0.995 0.0545139 0.00999997 0.0679167 0.0243378
0 0.33875 0.0163542 0.03625 0.0327083 0.0166626
2 0.0541406 0.0163976 0.0220313 0.0312326 0.0132217
0 0.0495996 0.0152083 0.0312695 0.03 0.0119629
0 0.0873438 0.095625 0.0523438 0.0640278 0.0115051
0 0.164219 0.0611285 0.0365625 0.0521875 0.0109024
3 0.83625 0.0135503 0.00625 0.0251215 0.00985718
2 0.99375 0.0334375 0.0124999 0.0546528 0.00955963
3 0.0558594 0.0427083 0.00828125 0.0427778 0.00905609
3 0.87125 0.0398611 0.0125 0.0651389 0.00841522
2 0.0384375 0.0192361 0.0213281 0.0317361 0.0078125
2 0.05625 0.0175 0.0121875 0.0316667 0.00638962
3 0.138984 0.0122917 0.00703125 0.0245833 0.00638962
2 0.1375 0.0105642 0.00875001 0.0209549 0.00624084
3 0.0758594 0.108194 0.02 0.0655556 0.00572968
2 0.99625 0.0192361 0.00749995 0.0357639 0.00510025
3 0.0516406 0.111354 0.0151563 0.060625 0.00498199
3 0.0538281 0.0440278 0.0178125 0.0527778 0.00450516
5 0.0238086 0.662222 0.0476172 0.204444 0.00380898
2 0.0610156 0.0967361 0.0346875 0.0659722 0.00345612
3 0.0467188 0.0354861 0.00953125 0.0536111 0.00309944
3 0.69875 0.0108681 0.00750001 0.0217361 0.00304031
3 0.8325 0.0286806 0.0175 0.0495833 0.00292397
0 0.0775781 0.0883333 0.0457813 0.0611111 0.00273705
2 0.0529688 0.072066 0.0182813 0.0747569 0.00263214
2 0.84375 0.0486806 0.025 0.0615278 0.00242424
0 0.87125 0.124965 0.035 0.0667361 0.00218201
2 0.0509277 0.101736 0.0429883 0.0709722 0.00198746
3 0.088457 0.104375 0.0237109 0.0715278 0.00189686
2 0.035625 0.0141753 0.0146875 0.0273438 0.00178242
3 0.88375 0.0368056 0.02875 0.0558333 0.00167465
2 0.0106958 0.0317014 0.0159131 0.0464583 0.00162315
0 0.172969 0.065 0.0559375 0.0634722 0.00162315
3 0.825 0.0125347 0.00625 0.025 0.0015974
2 0.9925 0.758889 0.00750001 0.0188889 0.00151253
3 0.0491406 0.0278125 0.013125 0.046875 0.00123024
3 0.871875 0.0509722 0.01625 0.0776389 0.00106525
0 0.482813 0.00850695 0.011875 0.0147917 0.00105286
0 0.995 0.826667 0.00999997 0.0266667 0.00104427
