0 0.221836 0.807778 0.187578 0.311111 0.96582
0 0.49375 0.733889 0.15875 0.272222 0.95752
0 0.75125 0.846667 0.2 0.304444 0.953125
0 0.214531 0.455 0.141875 0.202222 0.95166
0 0.432188 0.952778 0.211875 0.0944444 0.950195
0 0.0517969 0.242361 0.103594 0.115833 0.936523
0 0.325625 0.09625 0.08375 0.0775 0.911621
1 0.647656 0.0763889 0.244688 0.152778 0.909668
2 0.5975 0.310278 0.0575 0.141667 0.903809
0 0.50625 0.0633333 0.05 0.06875 0.883301
2 0.9575 0.0639583 0.03 0.0556944 0.868652
0 0.329688 0.0304167 0.0375 0.0547222 0.859863
0 0.78875 0.0622222 0.0925 0.0820833 0.823242
0 0.352813 0.0164931 0.031875 0.0329861 0.705566
0 0.293125 0.0622396 0.03875 0.0571875 0.692871
2 0.92125 0.0499306 0.025 0.0569444 0.643555
2 0.995 0.064184 0.00999997 0.059132 0.586914
3 0.909375 0.0550694 0.02125 0.0702778 0.488281
3 0.89625 0.0404167 0.0125 0.0547222 0.457031
2 0.76625 0.0217361 0.0175 0.04125 0.309082
3 0.87375 0.0370833 0.00999997 0.0556944 0.233765
0 0.723125 0.0124913 0.02375 0.022934 0.19812
3 0.9225 0.0499306 0.0225 0.0604167 0.183594
3 0.9075 0.0467361 0.015 0.0573611 0.182983
0 0.70125 0.0163281 0.0275 0.0306771 0.153564
2 0.769375 0.0188194 0.01875 0.0374306 0.146118
3 0.910625 0.0402951 0.01125 0.0580208 0.117188
3 0.873125 0.0413889 0.0125 0.0630556 0.104126
2 0.761875 0.0220833 0.0225 0.0411111 0.0778198
2 0.99625 0.0182986 0.00749995 0.0365278 0.0632324
2 0.75875 0.0160764 0.0225 0.0305556 0.0528259
2 0.700625 0.0172569 0.02375 0.0313889 0.0472412
2 0.755 0.0438715 0.0275 0.0525347 0.0411377
2 0.7575 0.0389063 0.02 0.0513542 0.0362244
2 0.75375 0.0179514 0.015 0.0322917 0.0319824
0 0.0979688 0.011033 0.03375 0.0215451 0.0306702
3 0.89 0.04125 0.0125 0.06375 0.024704
2 0.871875 0.0476389 0.01375 0.0702778 0.0237732
3 0.909375 0.0351389 0.015 0.0531944 0.021698
2 0.890625 0.04125 0.015 0.0625 0.0190582
3 0.908125 0.0563194 0.02 0.0545833 0.0189056
0 0.7575 0.0225347 0.0325 0.0429861 0.0166626
0 0.0917188 0.0111111 0.0215625 0.02125 0.0145569
2 0.592188 0.290278 0.04625 0.101111 0.01297
2 0.75125 0.0277083 0.025 0.0488889 0.0121002
0 0.348125 0.0181597 0.03 0.0363194 0.0109863
2 0.75125 0.0476215 0.035 0.0550347 0.0102081
0 0.72375 0.0247569 0.03 0.0397917 0.00963593
0 0.271094 0.0783333 0.0259375 0.0538889 0.00701141
2 0.589375 0.307153 0.04 0.117917 0.00643921
0 0.7275 0.0192448 0.075 0.037066 0.00577545
3 0.85375 0.0287153 0.00999997 0.0397917 0.00559998
2 0.994375 0.0194444 0.01125 0.0352778 0.00548935
2 0.69125 0.0195833 0.0175 0.0355556 0.00481033
2 0.771875 0.0121528 0.02 0.0243056 0.00469971
0 0.365938 0.0102778 0.025 0.0205556 0.00468063
6 0.596875 0.311736 0.056875 0.135417 0.00443268
2 0.87125 0.0648611 0.015 0.0538889 0.00413513
0 0.72625 0.0400694 0.0475 0.0579167 0.00400543
0 0.00352783 0.252222 0.00705566 0.095 0.00355148
0 0.7375 0.0319097 0.0125 0.0371528 0.00265312
1 0.568125 0.0591667 0.085625 0.118333 0.00251198
0 0.72375 0.0356858 0.09 0.0702951 0.00211525
2 0.67 0.0188802 0.015 0.0351562 0.00181007
0 0.673125 0.0694271 0.19375 0.136146 0.00158501
7 0.94 0.785556 0.00875003 0.02 0.00158501
3 0.870625 0.07125 0.015 0.0616667 0.0015192
7 0.98 0.855556 0.00999997 0.0244444 0.00150681
0 0.995 0.0734896 0.00999997 0.0730208 0.00150108
0 0.9925 0.757778 0.00750001 0.02 0.00148964
0 0.680625 0.0180903 0.02875 0.0335417 0.00132465
0 0.73875 0.0433333 0.0225 0.0515278 0.00130463
0 0.75 0.0605729 0.045 0.0713542 0.00130463
0 0.105469 0.0124392 0.046875 0.0244271 0.00100422
