0 0.222227 0.807778 0.188047 0.311111 0.965332
0 0.49375 0.734444 0.1575 0.271111 0.95752
0 0.75125 0.846667 0.2 0.304444 0.953613
0 0.4325 0.952778 0.21125 0.0944444 0.947754
0 0.93 0.446667 0.14 0.164444 0.94043
0 0.200938 0.364167 0.089375 0.156111 0.933594
0 0.539688 0.0972222 0.10875 0.08 0.930176
0 0.3725 0.123576 0.09875 0.0834028 0.924805
0 0.868125 0.0751563 0.10375 0.0780208 0.911133
0 0.283125 0.0752083 0.05125 0.0715278 0.903809
1 0.656875 0.0540972 0.09125 0.108194 0.88623
0 0.314375 0.0422917 0.043125 0.0577778 0.874023
2 0.175625 0.189861 0.0371875 0.0944445 0.852051
0 0.0134863 0.317222 0.0268164 0.132222 0.852051
2 0.9575 0.061875 0.0325 0.0579167 0.848145
0 0.56375 0.0198958 0.038125 0.0388194 0.825684
0 0.247813 0.0257986 0.038125 0.0496528 0.803223
0 0.480625 0.00972222 0.03 0.0194444 0.791992
2 0.92 0.0481771 0.0275 0.0605903 0.78125
2 0.99375 0.0686111 0.0124999 0.0547222 0.728516
3 0.0150684 0.0327083 0.00994141 0.045 0.416748
2 0.90875 0.0343403 0.015 0.0474306 0.344238
0 0.577187 0.00928819 0.023125 0.0185764 0.243652
2 0.0153125 0.0317361 0.00996094 0.0465278 0.166626
2 0.9075 0.0300694 0.0125 0.04125 0.12854
3 0.9075 0.0380382 0.015 0.0525347 0.0891113
0 0.237813 0.0694444 0.0425 0.0544444 0.0570679
0 0.575313 0.0121181 0.021875 0.0242361 0.0509949
3 0.874375 0.0194792 0.00625 0.0365972 0.0413208
3 0.875625 0.0202778 0.00999997 0.0402778 0.0250854
2 0.99625 0.0277083 0.00749995 0.0498611 0.0197906
0 0.879375 0.0535938 0.065 0.0528125 0.0154877
2 0.99625 0.0198264 0.00749995 0.0371528 0.0113754
2 0.91375 0.0504167 0.03 0.0576389 0.0077858
2 0.888125 0.0385417 0.025 0.05375 0.00679779
1 0.0322461 0.906111 0.0644141 0.187778 0.00588989
2 0.90375 0.0484722 0.0300001 0.0580556 0.0055542
0 0.249844 0.0182986 0.0340625 0.0365972 0.00521851
2 0.99375 0.0229514 0.0124999 0.0354861 0.0051384
2 0.0344141 0.0125694 0.0117188 0.0229167 0.00498199
3 0.329375 0.0641667 0.0125 0.0769444 0.00264168
0 0.625 0.0244097 0.025 0.0422917 0.00259018
2 0.9925 0.76 0.00750001 0.02 0.00259018
3 0.99125 0.762222 0.00749995 0.02 0.00239754
0 0.69375 0.0157726 0.0175 0.0309549 0.00234222
3 0.03125 0.015 0.00710938 0.0218056 0.00232315
1 0.659375 0.054375 0.0925 0.10875 0.00231361
0 0.243438 0.0705556 0.043125 0.0622222 0.00230598
0 0.0127734 0.290278 0.0255469 0.0811111 0.00215721
1 0.685625 0.0476389 0.035 0.0897222 0.00210762
7 0.980625 0.853333 0.00875003 0.0255555 0.00202751
2 0.900625 0.0328472 0.02625 0.0527778 0.0018177
3 0.365625 0.0854167 0.0125 0.0611111 0.0017271
2 0.8775 0.370278 0.0375 0.0972222 0.00161076
0 0.62375 0.0131163 0.02375 0.025434 0.00158501
0 0.57625 0.0181944 0.05375 0.03625 0.00156116
0 0.00723633 0.357778 0.0144727 0.0911111 0.00144958
1 0.0567969 0.898056 0.113594 0.203889 0.00144958
2 0.871875 0.363333 0.03 0.0933333 0.00138855
3 0.6975 0.0131944 0.00999997 0.0263889 0.00124454
0 0.87625 0.0529861 0.0825 0.0377778 0.0012064
2 0.915 0.0386111 0.0325 0.0597222 0.0011425
0 0.0278516 0.914444 0.0557031 0.171111 0.00107288
3 0.331563 0.070625 0.01375 0.0720833 0.00102425
