0 0.222227 0.807778 0.188047 0.311111 0.965332
0 0.49375 0.733333 0.15875 0.273333 0.958984
0 0.161406 0.521944 0.1475 0.209444 0.958008
0 0.75125 0.846667 0.2 0.304444 0.953613
0 0.4325 0.952222 0.21125 0.0955555 0.949219
0 0.608125 0.0319097 0.05 0.059375 0.912598
0 0.8925 0.0740278 0.0975 0.0658333 0.892578
1 0.343125 0.0875 0.256875 0.173889 0.883789
2 0.95625 0.0626215 0.0325 0.0567014 0.827637
2 0.00751465 0.0328819 0.00993164 0.0470139 0.546875
2 0.910625 0.0339931 0.0225 0.0525694 0.537109
3 0.874375 0.0307292 0.00875003 0.0522917 0.494141
2 0.92125 0.0413889 0.02375 0.0518056 0.370117
3 0.0068457 0.0332986 0.010957 0.048125 0.342529
2 0.913125 0.0376389 0.02875 0.0591667 0.341553
2 0.916875 0.0409722 0.02 0.0583333 0.282959
3 0.875 0.0359028 0.0125 0.0529167 0.230957
2 0.0585938 0.0155903 0.0107813 0.0311806 0.0645142
2 0.90875 0.0416493 0.0375 0.0617014 0.0524292
0 0.505 0.00543403 0.030625 0.0108681 0.0482178
2 0.92 0.044566 0.0325 0.0542014 0.0360718
2 0.99625 0.0193403 0.00749995 0.0363889 0.0268555
2 0.924375 0.0471528 0.02125 0.0572222 0.0240479
0 0.997188 0.187361 0.00562496 0.0886111 0.0198669
0 0.91125 0.0476562 0.05 0.0607986 0.0196381
3 0.0502344 0.0391667 0.008125 0.0513889 0.0106506
2 0.90125 0.036875 0.03 0.0579167 0.00746155
2 0.92125 0.053125 0.0275 0.0484722 0.00669098
0 0.165313 0.0118056 0.048125 0.0233333 0.00666809
2 0.0553906 0.0191319 0.0176563 0.0357639 0.00634003
2 0.875 0.0388889 0.025 0.0530556 0.00588989
2 0.88 0.0371528 0.01875 0.0554167 0.00527954
3 0.85375 0.02875 0.00749995 0.0447222 0.00332451
2 0.99375 0.0187847 0.0124999 0.0336806 0.00307465
2 0.00935547 0.0325694 0.0136523 0.0493056 0.0029583
2 0.86 0.0275 0.0199999 0.0444444 0.00284576
3 0.00603516 0.0404861 0.0101367 0.06625 0.00279999
3 0.86875 0.0354514 0.0125 0.0535417 0.00222588
2 0.87875 0.0532118 0.0375 0.0544097 0.00205803
0 0.145156 0.0106944 0.013125 0.0202778 0.0019722
2 0.222656 0.402222 0.0915625 0.18 0.00176811
0 0.174688 0.0123264 0.0325 0.0246528 0.00175476
7 0.190625 0.0151736 0.0065625 0.0215972 0.00174141
2 0.919375 0.0340972 0.035 0.0526389 0.0017271
0 0.164844 0.975556 0.17125 0.0488888 0.0016489
1 0.271094 0.0818055 0.113438 0.161389 0.0014782
0 0.87375 0.0669444 0.0575 0.0569444 0.00127888
0 0.76125 0.200833 0.0275 0.04 0.00127411
3 0.8725 0.0298611 0.0199999 0.0511111 0.00124454
3 0.0563281 0.0380729 0.0100781 0.0482986 0.00118828
0 0.995 0.827778 0.00874996 0.0266667 0.00118828
3 0.88 0.0301736 0.0175 0.0522917 0.00107765
0 0.986875 0.935556 0.025 0.0444444 0.00104046
