0 0.222031 0.808889 0.187188 0.314444 0.961914
0 0.493438 0.734444 0.158125 0.273333 0.958008
0 0.4325 0.952778 0.211875 0.0944444 0.950195
0 0.204063 0.363333 0.1325 0.177778 0.946777
2 0.7575 0.268889 0.07875 0.131111 0.943848
0 0.666875 0.136806 0.14375 0.107222 0.930664
0 0.256719 0.127222 0.125938 0.0811111 0.912598
0 0.106563 0.291944 0.17875 0.146667 0.911621
0 0.43125 0.0834722 0.115 0.0744445 0.906738
0 0.298906 0.0569618 0.0490625 0.0732986 0.902832
0 0.886875 0.0796528 0.10625 0.0720833 0.902832
2 0.833125 0.213333 0.06125 0.115 0.882324
2 0.256875 0.170278 0.044375 0.0911111 0.86084
2 0.19375 0.203056 0.048125 0.0977778 0.858887
2 0.99 0.0670139 0.0199999 0.0586111 0.791992
3 0.9725 0.0594271 0.00999997 0.0578125 0.769043
0 0.329375 0.0299653 0.035625 0.0542361 0.697754
0 0.312188 0.0120747 0.020625 0.0240451 0.476562
2 0.93625 0.0571528 0.025 0.0693056 0.399902
2 0.92 0.0426562 0.0275 0.0577431 0.317383
3 0.8775 0.0278819 0.00999997 0.0514583 0.303955
2 0.94 0.0583507 0.0175 0.0710764 0.275146
2 0.93125 0.0558333 0.035 0.0741667 0.2323
0 0.17125 0.306944 0.0625 0.0622222 0.204346
3 0.940625 0.0588715 0.01625 0.0700347 0.19873
2 0.919375 0.053125 0.03875 0.0740278 0.182373
3 0.88375 0.0286111 0.00750001 0.0527778 0.173828
2 0.86125 0.0258681 0.0225 0.049375 0.14856
2 0.866875 0.0257639 0.0325 0.05 0.141235
0 0.345625 0.0147222 0.031875 0.0274306 0.138428
2 0.87 0.0214497 0.0225 0.0412674 0.127197
2 0.0295898 0.0171615 0.00839844 0.0324826 0.122131
0 0.370313 0.0091059 0.026875 0.0176215 0.112
3 0.881875 0.0282292 0.0112501 0.0527083 0.110107
2 0.925 0.0490104 0.035 0.0653125 0.0930176
2 0.87 0.0282639 0.01875 0.0498611 0.0866089
2 0.87625 0.0328125 0.0125 0.0585417 0.0747681
2 0.915 0.0490972 0.05125 0.0676389 0.0718384
2 0.0324219 0.0167274 0.0096875 0.0323785 0.0607605
3 0.86125 0.0276389 0.02375 0.0533333 0.0594177
3 0.83 0.0130556 0.00750001 0.0257639 0.0524292
2 0.881875 0.0374306 0.0175001 0.0631944 0.0509033
2 0.91375 0.0341319 0.0125 0.0500694 0.049408
2 0.0349414 0.0168663 0.00878906 0.0323785 0.0469055
0 0.345625 0.0204167 0.036875 0.0397222 0.0354004
0 0.361563 0.0130903 0.040625 0.0261806 0.0316162
3 0.9375 0.0582639 0.0175 0.0551389 0.0313721
2 0.835 0.0126736 0.00999997 0.024375 0.0274811
0 0.317031 0.0256944 0.0334375 0.0420833 0.0210419
2 0.9175 0.0354167 0.025 0.0525 0.0189819
0 0.370625 0.0102778 0.025625 0.0205556 0.0160217
2 0.90375 0.0477604 0.0675001 0.0639236 0.0156708
0 0.3425 0.029783 0.048125 0.0551562 0.0133286
3 0.944375 0.0572049 0.0137499 0.0630903 0.0122375
0 0.305 0.0185503 0.0325 0.0335938 0.0102081
2 0.98625 0.0634028 0.02 0.0559722 0.00978088
0 0.350625 0.0230903 0.03625 0.0421528 0.00933838
2 0.850625 0.229444 0.0375 0.0844445 0.0085144
2 0.137109 0.00989583 0.00828126 0.0186806 0.0069313
2 0.89875 0.0463194 0.05125 0.0806945 0.00629044
2 0.833125 0.0157986 0.01125 0.0313194 0.00616837
2 0.993125 0.758889 0.00625 0.0222222 0.00486755
3 0.970625 0.0595833 0.0125 0.0593056 0.00455475
7 0.979375 0.851111 0.01 0.0255556 0.00372124
3 0.995 0.0386806 0.00750001 0.0556944 0.00335121
2 0.870625 0.248472 0.0375 0.115833 0.00302696
0 0.925625 0.0622396 0.0425001 0.0666319 0.00271416
3 0.325625 0.0520139 0.026875 0.06125 0.00255013
3 0.99125 0.762222 0.00749995 0.0188889 0.00236893
3 0.138437 0.0115625 0.008125 0.023125 0.00234222
3 0.996875 0.0176736 0.00624994 0.0352083 0.00206757
1 0.0416406 0.868889 0.0832813 0.261111 0.00198746
0 0.307813 0.0126736 0.02375 0.0253472 0.00186729
0 0.320625 0.0526389 0.02625 0.0566667 0.0016613
2 0.91875 0.034375 0.035 0.0544444 0.0016489
2 0.86625 0.239722 0.035 0.100556 0.00162315
0 0.87125 0.0765278 0.0775 0.0680556 0.00156116
2 0.861875 0.226667 0.045 0.0933333 0.00153637
2 0.840625 0.278889 0.06 0.0922222 0.00148964
1 0.0331055 0.886667 0.0662109 0.224444 0.00145531
2 0.854375 0.212778 0.02875 0.1 0.00132465
2 0.849375 0.258958 0.06875 0.132083 0.00123501
0 0.995 0.826111 0.00999997 0.0277778 0.00120163
2 0.843125 0.265 0.05875 0.0861111 0.00107765
2 0.8625 0.0185417 0.02 0.0370833 0.00103188
2 0.416563 0.0547396 0.019375 0.0435764 0.00102425
3 0.961875 0.824444 0.00750001 0.02 0.00102425
