0 0.222031 0.807778 0.187188 0.312222 0.962891
0 0.49375 0.734444 0.1575 0.271111 0.95752
0 0.157656 0.518611 0.147813 0.223889 0.957031
0 0.75125 0.847222 0.2 0.303333 0.953125
0 0.432813 0.952778 0.21125 0.0944444 0.94873
0 0.6975 0.340556 0.1875 0.144444 0.944336
0 0.663125 0.091875 0.10625 0.07875 0.938477
0 0.0963281 0.266667 0.110469 0.121667 0.937988
0 0.551563 0.154861 0.130625 0.0958333 0.92627
0 0.77875 0.069184 0.105 0.0805208 0.915527
0 0.298594 0.103333 0.0615625 0.08 0.911133
0 0.955625 0.0884028 0.0875 0.0640278 0.908691
2 0.8075 0.218194 0.07 0.110278 0.907715
0 0.210625 0.0540972 0.044375 0.0615278 0.878906
0 0.2875 0.0593229 0.0465625 0.0557986 0.839844
2 0.0846094 0.156806 0.03125 0.0819444 0.839844
2 0.00489502 0.0377083 0.00979004 0.0493056 0.750488
1 0.62875 0.0380035 0.09375 0.0745486 0.724121
2 0.91625 0.05375 0.0325 0.0659722 0.704102
2 0.955 0.0578472 0.025 0.0515278 0.583008
3 0.875625 0.0356944 0.00875003 0.0636111 0.496094
3 0.893125 0.0425694 0.01125 0.05875 0.496094
3 0.874375 0.031875 0.00875003 0.0593056 0.482422
0 0.545625 0.00725694 0.03125 0.0129167 0.42627
3 0.888125 0.0406944 0.00999997 0.06375 0.373779
3 0.890625 0.0404167 0.01125 0.05875 0.330322
3 0.875 0.0244444 0.01 0.04875 0.253906
4 0.63 0.0366667 0.095 0.0725 0.252441
0 0.544063 0.00909722 0.026875 0.0181944 0.174438
3 0.90375 0.047934 0.0125 0.0577431 0.11438
2 0.906875 0.0511111 0.0175001 0.0634722 0.0894775
2 0.929375 0.0638194 0.02625 0.0548611 0.0419312
0 0.994375 0.0697222 0.01125 0.0580556 0.0411377
3 0.87375 0.0398611 0.0125 0.0566667 0.037323
2 0.915 0.0441667 0.0275 0.0558333 0.0281067
1 0.64875 0.0318056 0.055 0.0590278 0.0229797
2 0.95875 0.0627083 0.0375 0.0544445 0.0218658
2 0.48375 0.00791667 0.0125 0.0135417 0.02034
2 0.959375 0.0596528 0.055 0.0540278 0.0160217
0 0.281719 0.0720833 0.0390625 0.0566667 0.0149536
2 0.92125 0.0459896 0.0275 0.0610764 0.0119629
0 0.606875 0.0347569 0.0475 0.0671528 0.00967407
1 0.63125 0.0385764 0.09875 0.0771528 0.00933838
0 0.278125 0.0784722 0.0325 0.05375 0.00737381
0 0.98625 0.0736111 0.0275 0.0538889 0.00584412
3 0.99125 0.764444 0.00749995 0.02 0.00542831
2 0.93625 0.0669618 0.0475 0.0594097 0.00419998
5 0.98125 0.821111 0.03625 0.0422222 0.00359344
0 0.190313 0.0617361 0.029375 0.05125 0.00351143
7 0.933125 0.0608333 0.01375 0.0463889 0.00340271
0 0.251563 0.0648611 0.0325 0.0548611 0.00324821
2 0.993125 0.761111 0.00750001 0.0222222 0.00260162
0 0.665 0.0116319 0.0225 0.0211806 0.00256157
2 0.7975 0.2175 0.05 0.105556 0.00232315
0 0.274063 0.073125 0.02625 0.0573611 0.00210762
7 0.98 0.852778 0.00999997 0.0244444 0.0020504
3 0.91125 0.05375 0.0275 0.0526389 0.00193405
0 0.6225 0.0594444 0.045 0.0427778 0.00188255
2 0.624688 0.0552083 0.02875 0.0468056 0.00161076
0 0.67375 0.0097309 0.0125 0.0190104 0.0015974
2 0.996875 0.0148264 0.00624994 0.029375 0.00128937
2 0.99625 0.0193663 0.00749995 0.0350174 0.00127411
0 0.98875 0.0661806 0.0175 0.0506944 0.00126457
2 0.62 0.0461806 0.0325 0.0579167 0.00126457
7 0.94 0.779444 0.00750001 0.0211111 0.0012598
2 0.4825 0.0116059 0.0175 0.0194271 0.00117874
0 0.65 0.0273698 0.05125 0.053316 0.00101662
