0 0.49375 0.735556 0.15875 0.275556 0.955566
0 0.0807813 0.702222 0.160313 0.284444 0.94873
0 0.58375 0.287847 0.1825 0.132083 0.943848
0 0.215625 0.360556 0.094375 0.174444 0.9375
0 0.293594 0.0903472 0.05125 0.0920833 0.894043
0 0.315781 0.0449306 0.0471875 0.0716667 0.866211
2 0.226875 0.154167 0.04125 0.0877778 0.859863
2 0.625313 0.201806 0.048125 0.0891667 0.852051
0 0.3425 0.02375 0.035 0.0475 0.837402
2 0.9225 0.0528472 0.0325 0.0656944 0.810547
3 0.9875 0.0993056 0.01625 0.0738889 0.792969
2 0.00783203 0.0365278 0.0151563 0.04625 0.720215
3 0.8825 0.0353819 0.01 0.0547917 0.715332
3 0.89625 0.0265625 0.00999997 0.0478472 0.46875
0 0.00504395 0.107222 0.0100879 0.0638889 0.434082
0 0.364375 0.00984375 0.0325 0.0196875 0.432129
2 0.78375 0.0111285 0.00999997 0.0222569 0.403564
2 0.00503418 0.108333 0.0100488 0.0605556 0.312256
3 0.996875 0.0806944 0.00624994 0.0680556 0.279785
3 0.890625 0.0261806 0.00625 0.0495833 0.275146
3 0.995 0.0963889 0.00750001 0.0736111 0.223999
2 0.00312012 0.168056 0.00624024 0.0955556 0.196167
3 0.99625 0.08625 0.00749995 0.075 0.186523
2 0.00417236 0.146424 0.00834473 0.135486 0.104858
3 0.997188 0.0659028 0.00562496 0.0498611 0.102661
2 0.925 0.0421528 0.03 0.0490278 0.0766602
3 0.914375 0.0358333 0.01625 0.0476389 0.0750122
3 0.91125 0.0348611 0.00999997 0.0423611 0.0560303
2 0.7825 0.0118056 0.00999997 0.0236111 0.0545959
0 0.995 0.533889 0.00999997 0.163333 0.0362244
3 0.9125 0.0305556 0.01 0.0447222 0.0249939
2 0.00521973 0.0873611 0.0104395 0.0908333 0.0227966
0 0.99625 0.563333 0.00749995 0.196667 0.0216217
3 0.885 0.0338194 0.0125 0.0559722 0.0190125
0 0.37 0.0120833 0.02625 0.0241667 0.0157166
3 0.99375 0.100972 0.01 0.0766667 0.0119629
3 0.880625 0.0366667 0.0125 0.0561111 0.0116882
3 0.99125 0.0879167 0.0125 0.0872222 0.00971222
7 0.975 0.573889 0.00499999 0.0333333 0.00754929
7 0.98 0.851111 0.00999997 0.0244444 0.0068779
2 0.9 0.0296528 0.0125 0.0469444 0.00629044
3 0.8525 0.0272222 0.00750001 0.0375 0.00614548
2 0.00342773 0.184167 0.00685547 0.101667 0.006073
3 0.996875 0.0279861 0.00624994 0.05 0.0051384
0 0.371563 0.0111806 0.03375 0.0203472 0.00421524
3 0.985625 0.088125 0.01625 0.0640278 0.00416565
3 0.898125 0.0215972 0.00874996 0.0431944 0.00348282
2 0.0351367 0.0119531 0.0104297 0.0213715 0.00305176
2 0.9175 0.0358333 0.0325 0.055 0.00279999
2 0.230313 0.139583 0.0271875 0.0613889 0.00235939
2 0.996875 0.0199219 0.00624994 0.0382118 0.00228691
3 0.90375 0.0374306 0.0175001 0.0548611 0.00174141
0 0.163164 0.0121441 0.0474219 0.0240451 0.00168705
3 0.0316016 0.0144792 0.006875 0.0199306 0.00165462
7 0.7 0.0117882 0.00750001 0.0235764 0.00155449
2 0.137188 0.0107292 0.0115625 0.0206944 0.00150108
3 0.0267969 0.115694 0.00742188 0.0575 0.0014782
0 0.355625 0.0189236 0.02625 0.0352083 0.00138855
3 0.85375 0.0294444 0.00749995 0.0416667 0.00138283
0 0.288438 0.0625 0.03625 0.0436111 0.00131512
0 0.00427246 0.200556 0.00854492 0.116667 0.00130939
2 0.00853516 0.0465451 0.0166797 0.0616319 0.00107765
2 0.145234 0.0109722 0.0146875 0.0211111 0.00105667
2 0.78375 0.0173958 0.00999997 0.0334722 0.00104809
