0 0.221875 0.807778 0.187813 0.311111 0.961426
0 0.49375 0.733889 0.1575 0.272222 0.956055
0 0.75125 0.846667 0.2 0.304444 0.953613
0 0.4325 0.952778 0.21125 0.0944444 0.94873
0 0.429063 0.136667 0.115625 0.0908333 0.944824
0 0.358672 0.273819 0.177656 0.123472 0.943359
0 0.79375 0.0752083 0.07 0.0726389 0.932617
0 0.138984 0.312847 0.110156 0.153194 0.924316
0 0.635625 0.048125 0.08 0.0594444 0.921875
0 0.87375 0.169167 0.1475 0.0952778 0.907227
0 0.95875 0.0917361 0.0825 0.0645833 0.902832
2 0.183281 0.45 0.0509375 0.183333 0.900391
0 0.193281 0.0706771 0.049375 0.0672569 0.898926
0 0.558438 0.0229514 0.048125 0.0457639 0.874023
0 0.277813 0.0397917 0.040625 0.0531944 0.830078
2 0.289688 0.159306 0.040625 0.0913889 0.815918
2 0.112188 0.177222 0.0465625 0.0911111 0.799316
2 0.958125 0.058125 0.0275 0.0463889 0.733887
2 0.8875 0.250417 0.055 0.0897222 0.688477
3 0.905 0.0511111 0.00999997 0.0631944 0.575684
2 0.9175 0.0492361 0.0275 0.0590278 0.484375
3 0.884375 0.0411111 0.00750001 0.0611111 0.414795
2 0.28875 0.144444 0.04 0.0666667 0.413086
2 0.909375 0.0529167 0.0175 0.06625 0.309082
3 0.875 0.0369444 0.00874996 0.0561111 0.29248
3 0.906875 0.0528472 0.015 0.0661111 0.250977
3 0.91875 0.049375 0.02 0.0579167 0.206299
3 0.8725 0.0331597 0.00749995 0.0486806 0.195557
0 0.305 0.0148958 0.031875 0.0289583 0.187744
3 0.883125 0.0397396 0.01125 0.0630208 0.17334
3 0.8875 0.0438889 0.00750001 0.0576389 0.171631
3 0.8725 0.039375 0.00999997 0.0572222 0.11084
3 0.8775 0.039566 0.00999997 0.0617014 0.102661
3 0.91125 0.0481944 0.02 0.0613889 0.0847778
2 0.92375 0.0551389 0.02 0.0668056 0.0823975
3 0.88625 0.0399306 0.0125 0.0561111 0.0731812
2 0.99625 0.0187413 0.00749995 0.0343229 0.0450134
0 0.253438 0.0584028 0.03125 0.0561111 0.0380249
3 0.89375 0.0475694 0.01 0.0534722 0.0328369
2 0.881875 0.240139 0.04625 0.0852778 0.0269623
0 0.291563 0.0228125 0.033125 0.0335417 0.012825
3 0.90375 0.0475694 0.025 0.0529167 0.0127258
2 0.95 0.0704167 0.0575 0.0633333 0.0110321
2 0.875625 0.238056 0.03375 0.0822222 0.008255
2 0.9325 0.0709722 0.0275 0.0547222 0.00772476
2 0.99375 0.017283 0.0124999 0.031684 0.00656509
2 0.9225 0.0489063 0.0275 0.0552431 0.00641251
3 0.90625 0.0535417 0.01875 0.0506944 0.00564194
0 0.551875 0.0193056 0.03375 0.0386111 0.00500107
0 0.566875 0.01375 0.03125 0.0275 0.00408554
2 0.99375 0.758889 0.00625 0.0177777 0.00382423
3 0.865 0.0139931 0.00750001 0.0279861 0.00379562
0 0.255469 0.0477778 0.03625 0.0491667 0.00376511
0 0.99625 0.0579861 0.00749995 0.0538889 0.00293541
2 0.88 0.220278 0.0425 0.0966667 0.00275803
7 0.93 0.06625 0.0175 0.0419444 0.00239754
0 0.99 0.0788889 0.0199999 0.0575 0.00237846
0 0.9 0.170556 0.09375 0.0883333 0.00236893
2 0.9575 0.085625 0.0775 0.0748611 0.00225258
7 0.98 0.851667 0.00999997 0.0266667 0.00214005
2 0.9675 0.07125 0.04 0.0577778 0.00209045
3 0.137188 0.0113542 0.0084375 0.0203472 0.00206757
0 0.9825 0.0877778 0.035 0.0591667 0.00188255
0 0.310625 0.0118056 0.03625 0.0211806 0.00183868
0 0.162031 0.0672222 0.04 0.0577778 0.00166798
0 0.995 0.826667 0.00999997 0.0266667 0.00146675
0 0.94 0.783333 0.00999997 0.0188889 0.00136662
0 0.258125 0.07375 0.031875 0.0625 0.00130463
3 0.83625 0.0111111 0.00499999 0.0202778 0.0012846
3 0.99125 0.762222 0.00749995 0.0177778 0.00117874
