0 0.222148 0.808333 0.187578 0.312222 0.963867
0 0.0491406 0.775 0.0982813 0.353333 0.959473
0 0.49375 0.733333 0.15875 0.273333 0.95752
0 0.75125 0.846667 0.2 0.304444 0.953125
0 0.4325 0.952222 0.21125 0.0955555 0.948242
0 0.945 0.140417 0.095 0.106389 0.944336
0 0.186211 0.144479 0.140703 0.0949306 0.921387
0 0.14125 0.0720833 0.048125 0.0627778 0.891113
0 0.193125 0.0709722 0.05 0.0673611 0.885742
0 0.284219 0.0351736 0.0371875 0.0557639 0.882324
0 0.262188 0.0572917 0.0446875 0.0631944 0.855957
0 0.221094 0.0538194 0.0384375 0.0569444 0.853027
0 0.173906 0.0494444 0.0415625 0.0552778 0.788086
0 0.249063 0.0270833 0.038125 0.0525 0.78125
2 0.9 0.0747917 0.03375 0.0720833 0.684082
2 0.92375 0.0246181 0.00750001 0.0396528 0.575684
6 0.8975 0.0420833 0.0425001 0.0608333 0.374756
0 0.536875 0.00578125 0.0275 0.0115625 0.233032
0 0.33 0.00777778 0.030625 0.0140278 0.199951
2 0.8825 0.0401389 0.0125 0.0541667 0.118408
6 0.885 0.0411285 0.0175001 0.0552431 0.0933228
0 0.330938 0.00961806 0.028125 0.0192361 0.0761108
2 0.996875 0.0322569 0.00624994 0.0515972 0.0577087
2 0.92375 0.0320833 0.00999997 0.0538889 0.0408325
2 0.9225 0.0411285 0.015 0.0641319 0.0318604
2 0.99625 0.0249306 0.00749995 0.0463889 0.0233307
2 0.88875 0.0536806 0.025 0.0688889 0.0195618
2 0.91875 0.0256944 0.0175 0.0393056 0.0193481
2 0.90375 0.0443229 0.04 0.0638542 0.0118256
0 0.250156 0.0190278 0.0328125 0.0380556 0.00923157
2 0.136719 0.0102083 0.0084375 0.0178472 0.00553513
6 0.8925 0.0377083 0.0325 0.0570833 0.0051384
2 0.88375 0.0409722 0.02 0.0547222 0.00452042
3 0.831875 0.0129514 0.00875003 0.0234028 0.00322342
0 0.0764063 0.745 0.0434375 0.217778 0.00269318
0 0.99625 0.0404861 0.00749995 0.0668056 0.00216484
0 0.994375 0.83 0.01125 0.0288889 0.00214958
0 0.155469 0.0122309 0.0453125 0.0231771 0.00192642
3 0.5375 0.0241319 0.00750001 0.0238889 0.00185299
2 0.99375 0.0288194 0.0124999 0.0483333 0.00153065
2 0.0859375 0.00795139 0.0078125 0.0153472 0.0014782
2 0.928125 0.0267361 0.01875 0.0445833 0.00140476
0 0.33 0.0267361 0.038125 0.0473611 0.0012064
0 0.330938 0.0185069 0.033125 0.0347917 0.0011692
2 0.898125 0.0296181 0.025 0.041875 0.00106049
