0 0.222227 0.808333 0.188047 0.312222 0.965332
0 0.0450391 0.801667 0.0899219 0.361111 0.958984
0 0.494063 0.733333 0.15875 0.271111 0.956055
0 0.75125 0.846667 0.2 0.304444 0.953125
0 0.4325 0.952778 0.21125 0.0944444 0.948242
0 0.243281 0.140139 0.124688 0.101111 0.927734
0 0.5125 0.131806 0.11875 0.101111 0.924805
0 0.283594 0.0350694 0.0378125 0.0544444 0.883301
0 0.261875 0.0570139 0.044375 0.0615278 0.873047
0 0.1925 0.0702778 0.050625 0.0675 0.870605
3 0.144453 0.0958333 0.0192187 0.0683333 0.868652
0 0.221875 0.0530556 0.03875 0.0561111 0.832031
6 0.895 0.0475 0.03875 0.0680556 0.823242
0 0.9725 0.111111 0.0525 0.0677778 0.806641
0 0.97875 0.132812 0.0425 0.0971528 0.805664
3 0.97875 0.381667 0.0300001 0.16 0.79834
3 0.7225 0.0464583 0.02 0.0655556 0.796875
3 0.00831055 0.105 0.0166211 0.0730556 0.796875
2 0.983125 0.0625174 0.0325 0.0616319 0.794434
3 0.174375 0.4175 0.025 0.175 0.743164
0 0.242344 0.00999132 0.0290625 0.0198785 0.71875
3 0.161563 0.438333 0.029375 0.166667 0.671387
3 0.146094 0.425556 0.024375 0.172222 0.638672
3 0.99375 0.423333 0.0124999 0.143333 0.597168
3 0.69125 0.0333333 0.0225 0.0602778 0.491211
3 0.169063 0.417778 0.0340625 0.173333 0.487305
2 0.00298096 0.0295833 0.00596191 0.0447222 0.364746
3 0.993125 0.4025 0.0137499 0.188333 0.267334
2 0.9875 0.0660938 0.0249999 0.0622569 0.137085
3 0.159922 0.423889 0.0379687 0.171111 0.13208
3 0.156641 0.423333 0.0235938 0.158889 0.123352
3 0.994375 0.38 0.01125 0.151111 0.0927124
3 0.99375 0.445 0.0124999 0.102222 0.0897827
3 0.146172 0.409444 0.0204688 0.135556 0.0254669
3 0.695 0.0324219 0.0225 0.0607118 0.0200195
3 0.00595215 0.134965 0.0119043 0.0967361 0.0177765
2 0.144844 0.0925 0.0190625 0.0619444 0.0103302
0 0.295625 0.0127778 0.0275 0.0218056 0.00861359
3 0.99625 0.0284028 0.00749995 0.05 0.00568771
3 0.97625 0.38 0.02125 0.163333 0.00475693
3 0.0477734 0.0225 0.0084375 0.0369444 0.00436401
3 0.69875 0.020625 0.00750001 0.04125 0.00363541
3 0.135859 0.423333 0.0396875 0.167222 0.00342941
0 0.249063 0.0105903 0.0278125 0.0211806 0.00290108
3 0.99625 0.0190972 0.00749995 0.0381944 0.00247192
3 0.715 0.039375 0.0175001 0.0568056 0.00246239
0 0.5425 0.10875 0.0675 0.0580555 0.00245285
3 0.164961 0.426944 0.0232031 0.157222 0.00234985
3 0.145938 0.368889 0.0209375 0.0622222 0.00201035
3 0.150078 0.432778 0.0232812 0.158889 0.0019722
0 0.238438 0.0165278 0.035625 0.029375 0.00186729
3 0.99125 0.438611 0.0175 0.122778 0.00174141
0 0.982813 0.0963889 0.0343749 0.101111 0.0016613
7 0.97875 0.85 0.00999997 0.0244444 0.00146103
3 0.136875 0.0110764 0.0075 0.0202083 0.00144958
3 0.170625 0.405556 0.02625 0.149444 0.00142097
0 0.240156 0.0252083 0.0303125 0.0381944 0.00138855
0 0.995 0.827778 0.00999997 0.0277778 0.00131512
3 0.9825 0.373056 0.03 0.140556 0.00125504
3 0.0467188 0.0201389 0.00796875 0.0358333 0.00121593
3 0.72 0.0504167 0.025 0.0552778 0.00116062
3 0.0503125 0.0463715 0.0101563 0.0603125 0.00106907
2 0.99125 0.758889 0.00999997 0.02 0.00102806
