0 0.222188 0.807222 0.186875 0.311111 0.958008
0 0.49375 0.733333 0.15875 0.271111 0.956055
0 0.75125 0.846667 0.2 0.304444 0.953125
0 0.4325 0.952778 0.21125 0.0944444 0.947266
0 0.715 0.215972 0.165 0.115278 0.930664
2 0.473125 0.333333 0.07875 0.157778 0.926758
2 0.8375 0.34 0.0675 0.144444 0.920898
0 0.345625 0.140417 0.14375 0.0913889 0.918945
0 0.6275 0.107431 0.12625 0.0840278 0.915527
3 0.431875 0.510556 0.055 0.187778 0.915039
3 0.656875 0.462778 0.045 0.182222 0.914551
0 0.921875 0.114306 0.10125 0.0758333 0.906738
3 0.568438 0.430556 0.05625 0.183333 0.897461
0 0.193906 0.0702778 0.048125 0.0686111 0.896973
0 0.670625 0.0666667 0.105 0.0691667 0.871582
0 0.284375 0.0351389 0.035 0.0541667 0.864258
2 0.0923633 0.128611 0.0424609 0.0658333 0.849609
0 0.0124414 0.153889 0.0248047 0.0766667 0.845703
0 0.221563 0.0542361 0.03875 0.05625 0.800781
2 0.235 0.0988889 0.04 0.0661111 0.774414
3 0.527188 0.0392882 0.018125 0.0683681 0.757812
2 0.98875 0.0689583 0.0225 0.0540278 0.757812
3 0.4625 0.0529861 0.016875 0.0663889 0.753418
0 0.263438 0.0513889 0.0375 0.0577778 0.73584
3 0.498125 0.431944 0.03625 0.187222 0.716797
3 0.485625 0.0589583 0.024375 0.0727778 0.713867
2 0.38125 0.0725 0.03625 0.0688889 0.695801
3 0.512813 0.449444 0.048125 0.197778 0.681641
2 0.86125 0.0688194 0.04125 0.0668056 0.663574
2 0.00330811 0.0317014 0.00661621 0.0471528 0.642578
3 0.576563 0.05375 0.02 0.0720833 0.637207
3 0.509375 0.474167 0.04 0.180556 0.634277
3 0.475313 0.0571528 0.0175 0.0675 0.604004
0 0.30375 0.116806 0.06625 0.0669444 0.517578
3 0.405625 0.0544444 0.026875 0.0736111 0.498047
2 0.7575 0.0114236 0.0125 0.0222917 0.482422
2 0.576875 0.0530382 0.02375 0.0719792 0.458984
3 0.85375 0.0257639 0.00875003 0.0456944 0.420654
2 0.793125 0.0128125 0.0175001 0.0229861 0.369385
3 0.50625 0.4425 0.041875 0.189444 0.346924
3 0.401875 0.053125 0.0175 0.0729167 0.24939
2 0.4075 0.0546528 0.03375 0.0720833 0.204956
3 0.484375 0.0534722 0.014375 0.0761111 0.170532
3 0.885 0.0307639 0.00749995 0.0523611 0.108582
2 0.5275 0.0393056 0.02 0.0686111 0.0897827
3 0.518438 0.445278 0.034375 0.192778 0.0866089
3 0.466875 0.0510417 0.02 0.0652778 0.0844727
3 0.509688 0.429444 0.026875 0.158889 0.0668335
3 0.4625 0.0537674 0.0125 0.0546875 0.053894
2 0.995625 0.020842 0.00874996 0.0378993 0.0477905
2 0.6825 0.0402604 0.0375 0.0575347 0.0463867
3 0.482813 0.035 0.01 0.0538889 0.0458679
3 0.505625 0.442222 0.02625 0.184444 0.035675
2 0.85625 0.0302778 0.02 0.0502778 0.0306702
2 0.8575 0.0542361 0.0275 0.08375 0.0281067
2 0.99375 0.0254167 0.0124999 0.0419444 0.0198669
2 0.3075 0.0988889 0.059375 0.0677778 0.0147858
0 0.00605469 0.145694 0.0120703 0.0694444 0.014061
3 0.257188 0.0851389 0.0246875 0.0863889 0.0139542
2 0.307969 0.110521 0.0584375 0.0517361 0.0115967
3 0.686875 0.0357292 0.015 0.046875 0.0105286
2 0.9925 0.760556 0.00750001 0.0188889 0.00955963
3 0.504375 0.421111 0.03125 0.148889 0.00891876
7 0.379688 0.277778 0.00874999 0.0311111 0.00857544
3 0.480625 0.0363194 0.0175 0.0586111 0.00720596
2 0.87 0.280556 0.0425 0.114444 0.00682449
3 0.486875 0.0513889 0.02 0.0727778 0.00669098
2 0.795 0.0112847 0.0225 0.0199306 0.00658798
0 0.165898 0.0606944 0.0375781 0.0538889 0.00577545
0 0.67875 0.0496007 0.0575 0.0402431 0.00500107
2 0.666406 0.0509549 0.0821875 0.0828125 0.00498199
3 0.385625 0.0684722 0.02875 0.0706944 0.0049057
3 0.579375 0.0586285 0.0125 0.0482986 0.00477219
0 0.251875 0.0472396 0.04375 0.0510764 0.00432968
3 0.49 0.428333 0.045 0.193333 0.00378036
3 0.39125 0.0512674 0.0225 0.0541319 0.00370789
2 0.0121582 0.1475 0.0236914 0.0708333 0.0036068
2 0.38625 0.0798611 0.025 0.0722222 0.00349617
2 0.137891 0.0115625 0.00921875 0.0199306 0.00337601
3 0.257812 0.0646528 0.03125 0.0741667 0.00327301
2 0.331797 0.114722 0.0364062 0.0494444 0.00322342
2 0.86375 0.367222 0.035 0.118889 0.00291252
2 0.489375 0.380278 0.05125 0.119444 0.00277901
3 0.130313 0.0183333 0.011875 0.0297222 0.00277901
3 0.99125 0.761111 0.00749995 0.02 0.00261116
3 0.491875 0.395833 0.04625 0.117222 0.00253105
2 0.290625 0.115313 0.045625 0.0710417 0.00245285
2 0.321172 0.0965278 0.0601563 0.075 0.00237846
3 0.497188 0.0598785 0.01125 0.0474653 0.00219917
3 0.94 0.782222 0.00750001 0.0222222 0.00219154
2 0.688125 0.0342361 0.025 0.0573611 0.00216484
0 0.304688 0.101736 0.07 0.0795833 0.00214958
3 0.266875 0.0615972 0.03125 0.0661111 0.00213242
7 0.99625 0.0743056 0.00749995 0.0602778 0.00203514
0 0.158594 0.011658 0.0315625 0.0226562 0.00201988
3 0.88625 0.0374306 0.0125 0.0601389 0.0019722
3 0.259063 0.0983333 0.0253125 0.0769444 0.00193405
2 0.875 0.0863194 0.045 0.0590278 0.00188255
2 0.402188 0.0449826 0.04125 0.0678125 0.00170708
3 0.424063 0.492778 0.029375 0.154444 0.00166798
2 0.490625 0.368889 0.045 0.0894445 0.00153637
0 0.168281 0.0701389 0.03625 0.0658333 0.00152493
3 0.267813 0.11059 0.01375 0.0749306 0.00151253
2 0.296094 0.132812 0.0484375 0.0749306 0.00150108
2 0.38875 0.107431 0.055 0.0715278 0.00144958
2 0.241875 0.0890972 0.0425 0.0795833 0.00144386
3 0.140156 0.0128993 0.00843751 0.0257986 0.00143814
2 0.47625 0.406944 0.08 0.151111 0.00141621
3 0.41375 0.0608333 0.02125 0.0547222 0.00137806
2 0.58375 0.0956944 0.036875 0.0841667 0.00135612
2 0.9825 0.0673611 0.035 0.055 0.00132465
3 0.81625 0.341111 0.0225 0.141111 0.00132465
2 0.82375 0.340833 0.04 0.138333 0.00132465
2 0.82625 0.0266319 0.01 0.0457639 0.00126457
7 0.4725 0.332778 0.0775 0.157778 0.00126457
0 0.226875 0.0599826 0.04 0.0597569 0.00119686
3 0.96875 0.797222 0.01 0.0222222 0.00116539
1 0.0757031 0.027092 0.0667188 0.0524826 0.00114727
7 0.97875 0.854445 0.00999997 0.0244445 0.00114727
0 0.273438 0.0503993 0.02625 0.0555903 0.00113392
0 0.67125 0.0539583 0.10125 0.0470833 0.0011158
2 0.99 0.0464063 0.0199999 0.0777431 0.00110722
2 0.321875 0.0839583 0.02375 0.0579167 0.00108624
3 0.2725 0.0782639 0.01625 0.07875 0.00107288
1 0.0312891 0.891111 0.0625781 0.215556 0.00103188
0 0.277344 0.0291667 0.0446875 0.0451389 0.00101662
2 0.853125 0.0286458 0.02 0.0484028 0.00100422
