1 0.800156 0.651111 0.397188 0.693333 0.961914
0 0.0632422 0.784445 0.126484 0.282222 0.960449
0 0.26125 0.719444 0.19625 0.317778 0.959961
0 0.492188 0.734444 0.1625 0.284444 0.954102
2 0.182227 0.377778 0.0824219 0.151111 0.945801
0 0.56625 0.101181 0.128125 0.0968056 0.921875
3 0.312031 0.411667 0.0465625 0.171111 0.914551
0 0.154922 0.97 0.235781 0.06 0.914062
0 0.898125 0.107569 0.12 0.0934722 0.909668
0 0.0439844 0.169306 0.0879688 0.0888889 0.908691
0 0.024668 0.0825 0.0493359 0.0755556 0.906738
4 0.371953 0.0927083 0.273594 0.183194 0.90625
0 0.146563 0.0670833 0.0465625 0.0601389 0.878418
3 0.0576953 0.501667 0.0449219 0.19 0.875977
0 0.200625 0.0584549 0.048125 0.0639236 0.861328
3 0.9825 0.059566 0.01125 0.0608681 0.823242
2 0.76875 0.0251042 0.0175 0.0502083 0.808594
0 0.2275 0.041875 0.0375 0.0559722 0.72168
3 0.895 0.421111 0.025 0.143333 0.679199
2 0.883125 0.0463889 0.025 0.0583333 0.625977
3 0.99375 0.463889 0.0124999 0.127778 0.621582
2 0.94 0.0472222 0.02125 0.0533333 0.586914
0 0.315 0.0144097 0.030625 0.0286806 0.569824
1 0.275 0.035 0.071875 0.0697222 0.494141
0 0.296875 0.0262587 0.030625 0.0509549 0.413086
4 0.273125 0.0690278 0.075625 0.136389 0.394287
4 0.273438 0.0483333 0.0740625 0.0943056 0.259766
2 0.58375 0.041875 0.0199999 0.0459722 0.193115
2 0.58375 0.0486111 0.03125 0.0573611 0.185913
4 0.278437 0.090625 0.086875 0.174306 0.167236
1 0.273438 0.0484549 0.07375 0.094757 0.138916
3 0.30375 0.384722 0.033125 0.117778 0.108582
2 0.91375 0.0631945 0.025 0.0715278 0.105591
3 0.87625 0.411111 0.035 0.148889 0.101257
2 0.580312 0.0416667 0.01375 0.0452778 0.088501
3 0.8725 0.3975 0.0325 0.130556 0.0866089
3 0.91375 0.0579167 0.01375 0.0666667 0.0562439
3 0.996875 0.0534722 0.00624994 0.0638889 0.0534058
2 0.941875 0.0565104 0.02125 0.0661458 0.0469055
0 0.0362695 0.0638194 0.0282422 0.0470833 0.0460205
2 0.92 0.0790278 0.0525 0.0652778 0.0451965
2 0.5925 0.0605556 0.0675 0.0616667 0.0438538
4 0.30125 0.0954861 0.133125 0.18125 0.0354004
0 0.993125 0.454444 0.0137499 0.148889 0.0340881
2 0.88 0.0513889 0.0275 0.0616667 0.0332031
3 0.996875 0.0286806 0.00624994 0.0513889 0.032959
3 0.261563 0.446944 0.03375 0.0927778 0.0293121
0 0.324688 0.038125 0.03625 0.0479167 0.0292053
2 0.93 0.0509028 0.0425 0.06125 0.0290833
2 0.91375 0.0495139 0.015 0.0558333 0.0279083
2 0.32375 0.0612674 0.04625 0.0905208 0.0258636
2 0.939375 0.0619271 0.0325 0.0664236 0.0252686
3 0.985 0.0583333 0.015 0.0594444 0.02211
2 0.583125 0.0554167 0.04375 0.0655556 0.0217743
0 0.323438 0.0497917 0.040625 0.0698611 0.0181885
3 0.992813 0.432222 0.014375 0.194444 0.0171814
0 0.319219 0.0236806 0.0303125 0.0306944 0.0164642
2 0.262344 0.455 0.034375 0.0777778 0.0154266
2 0.92125 0.0644444 0.05625 0.0755556 0.0150757
0 0.140938 0.00923611 0.020625 0.0170833 0.0142288
3 0.996875 0.0223264 0.00624994 0.0432639 0.0137939
3 0.262813 0.431389 0.035 0.124444 0.012146
2 0.87375 0.382778 0.04 0.114444 0.00878143
2 0.8825 0.0384028 0.02 0.0598611 0.00760651
0 0.300156 0.0163889 0.03125 0.0327778 0.00746155
0 0.331797 0.0439583 0.0426562 0.0633333 0.00737381
0 0.34 0.0091059 0.0225 0.0167882 0.00734711
3 0.30875 0.391111 0.04125 0.128889 0.00651169
0 0.275937 0.0369444 0.073125 0.0723611 0.00638962
0 0.334375 0.0102865 0.02625 0.0190104 0.00621796
4 0.46125 0.0457639 0.09125 0.0915278 0.00621796
2 0.9375 0.0436111 0.0275 0.06 0.00584412
0 0.3475 0.0348264 0.03875 0.0550695 0.00577545
3 0.0483203 0.482222 0.0264063 0.153333 0.00561905
0 0.312813 0.0198003 0.061875 0.0363715 0.00526047
0 0.254219 0.0513194 0.0346875 0.0631944 0.00482941
2 0.315 0.0664583 0.02125 0.0805556 0.00457382
3 0.0444531 0.467778 0.03375 0.121111 0.00448608
0 0.333125 0.0582639 0.0575 0.0877778 0.00446701
2 0.302188 0.0595139 0.025 0.0654167 0.00443268
0 0.141563 0.00864583 0.0175 0.0172917 0.00441742
0 0.249375 0.0359028 0.0359375 0.0615278 0.0041008
2 0.309375 0.0667361 0.02375 0.0693056 0.00408554
2 0.945625 0.0495833 0.0325 0.0594444 0.00400543
0 0.0291406 0.0720139 0.0421094 0.0604167 0.0037365
0 0.348438 0.0146441 0.026875 0.0265451 0.00365067
3 0.996563 0.0648438 0.00687497 0.0686458 0.00359344
2 0.88875 0.0763889 0.04125 0.0502778 0.00355148
0 0.22 0.0410417 0.0425 0.0576389 0.00353813
0 0.2325 0.0273264 0.034375 0.040625 0.00342941
2 0.588438 0.0729167 0.08125 0.0591667 0.00335121
0 0.151328 0.0115972 0.0417187 0.0211111 0.00309944
0 0.237813 0.0221528 0.036875 0.0348611 0.00301552
2 0.88375 0.0870833 0.0725 0.0591667 0.00273705
0 0.258281 0.0605729 0.044375 0.0752431 0.00259018
2 0.775 0.375278 0.0825 0.126667 0.00245285
0 0.347578 0.0610417 0.0698437 0.0955556 0.00239754
3 0.298125 0.383056 0.04125 0.125 0.00239754
0 0.29 0.0636285 0.055625 0.0730208 0.00231361
7 0.180938 0.378889 0.0775 0.151111 0.00217438
3 0.88875 0.416111 0.03 0.147778 0.00217438
2 0.319063 0.069184 0.030625 0.0841319 0.00211525
0 0.244688 0.0161719 0.038125 0.0308507 0.00209045
3 0.991875 0.452778 0.01625 0.148889 0.00208282
0 0.337188 0.0115278 0.02 0.0230556 0.00205803
2 0.58625 0.0320139 0.016875 0.05125 0.00202751
0 0.273438 0.0598611 0.0615625 0.085 0.00200272
0 0.0139063 0.0809722 0.0277344 0.0719444 0.00188255
0 0.258438 0.0739063 0.04625 0.0796875 0.00185299
0 0.36 0.0393229 0.04875 0.0674653 0.00158501
1 0.73375 0.651667 0.265 0.688889 0.00158501
2 0.315313 0.07625 0.0375 0.0708333 0.00146675
2 0.8975 0.0479167 0.05 0.0626389 0.00139904
2 0.27 0.435 0.049375 0.112222 0.00137806
2 0.93625 0.0770139 0.0425 0.0815278 0.00130463
3 0.285938 0.376111 0.060625 0.135556 0.00115108
3 0.283594 0.421667 0.0771875 0.135556 0.00115108
0 0.0317773 0.0656944 0.0494141 0.0786111 0.00113392
0 0.211563 0.0554861 0.0253125 0.0497222 0.00113392
2 0.0342969 0.0170226 0.0128906 0.0324826 0.00109863
0 0.35875 0.0138194 0.03375 0.0261806 0.00109005
2 0.87125 0.367222 0.04 0.103333 0.00104809
