0 0.222031 0.807778 0.187813 0.311111 0.962891
0 0.0492188 0.776111 0.0984375 0.353333 0.958008
0 0.49375 0.733333 0.15875 0.273333 0.957031
0 0.75125 0.846667 0.2 0.304444 0.953613
0 0.4325 0.952222 0.21125 0.0955555 0.949219
0 0.371953 0.181944 0.146094 0.106111 0.938965
0 0.101699 0.284167 0.153164 0.134444 0.932617
0 0.46375 0.0370833 0.05 0.0741667 0.906738
0 0.140625 0.0713889 0.048125 0.0619444 0.901367
0 0.192188 0.0722222 0.050625 0.0698611 0.901367
0 0.261875 0.055625 0.04375 0.0625 0.84082
6 0.895 0.0475 0.0375 0.0652778 0.824219
0 0.283906 0.0371528 0.0359375 0.0534722 0.823242
0 0.2225 0.053316 0.03625 0.0561458 0.812988
0 0.172656 0.050625 0.0421875 0.0580556 0.810547
2 0.988125 0.0936806 0.02375 0.0756944 0.789062
0 0.203438 0.026875 0.038125 0.0490278 0.778809
0 0.249688 0.0260764 0.036875 0.0500694 0.777344
0 0.3 0.0221181 0.034375 0.0429861 0.662109
0 0.334375 0.0269444 0.036875 0.0538889 0.476562
2 0.9925 0.0545139 0.015 0.0443056 0.446533
0 0.0164941 0.0372917 0.0329883 0.0656944 0.405518
5 0.334922 0.0268056 0.0376562 0.0536111 0.313232
0 0.350625 0.0137674 0.0275 0.0275347 0.258301
0 0.294688 0.0183333 0.0340625 0.0342361 0.229492
1 0.030625 0.0359028 0.060625 0.0691667 0.173828
0 0.345 0.0191667 0.03125 0.0383333 0.138428
0 0.0114063 0.0327431 0.0226172 0.0609028 0.119629
0 0.214688 0.0175694 0.025625 0.0347222 0.101929
1 0.0166895 0.0351389 0.0333789 0.0654167 0.0869141
0 0.0191699 0.0456944 0.0381445 0.0504167 0.0794678
0 0.0357422 0.0354167 0.0484375 0.0661111 0.0750122
0 0.355 0.0132465 0.02375 0.0264931 0.0614319
0 0.0103516 0.0206163 0.0204688 0.0409896 0.0526123
0 0.228594 0.0219792 0.0390625 0.0390972 0.0510864
0 0.0322705 0.0455382 0.0278027 0.047257 0.0492249
2 0.995 0.0437674 0.00999997 0.0485764 0.0477905
0 0.374688 0.00940972 0.02375 0.0185417 0.0432129
0 0.339375 0.0188021 0.0325 0.0376042 0.0332642
2 0.137344 0.010842 0.0103125 0.0206771 0.02211
2 0.98625 0.0859028 0.02 0.0654167 0.0182953
2 0.996875 0.0227778 0.00624994 0.0394444 0.0162201
0 0.0220898 0.0111806 0.0329297 0.0223611 0.0151901
3 0.99125 0.761111 0.00749995 0.02 0.0104904
0 0.210625 0.0180208 0.02875 0.0360417 0.00878143
0 0.252813 0.0196528 0.035 0.0393056 0.00671768
2 0.9925 0.76 0.00750001 0.02 0.00669098
1 0.0386914 0.0347917 0.0494141 0.0648611 0.005867
0 0.0410938 0.04125 0.0396875 0.0552778 0.00534439
0 0.0372314 0.0460938 0.039209 0.0461458 0.0053215
3 0.137891 0.0103819 0.0090625 0.0207639 0.00419998
0 0.376875 0.010434 0.015 0.0208681 0.00387001
2 0.993125 0.0317361 0.0137499 0.0520833 0.00345612
0 0.0193555 0.0200694 0.0282813 0.0401389 0.00340271
7 0.98 0.850556 0.00999997 0.0266667 0.0027256
3 0.83125 0.0131597 0.00750001 0.0217361 0.00268364
2 0.985 0.763333 0.0112501 0.02 0.00221634
2 0.140156 0.0117014 0.0171875 0.0224306 0.00194168
0 0.1525 0.0135764 0.0446875 0.0261806 0.00171375
0 0.305 0.0294444 0.03 0.0480556 0.00170708
3 0.172813 0.0777778 0.019375 0.0613889 0.00153637
0 0.995 0.825556 0.00999997 0.03 0.00145531
3 0.128438 0.0237847 0.0209375 0.0427083 0.00143242
2 0.99125 0.0490104 0.0175 0.0547569 0.00126934
3 0.83625 0.0119444 0.00750001 0.0219444 0.00109863
0 0.164531 0.0525694 0.03 0.0531944 0.00103188
