0 0.222188 0.807778 0.188125 0.311111 0.962891
0 0.0488281 0.775556 0.0976563 0.353333 0.958984
0 0.49375 0.733333 0.15875 0.271111 0.958496
0 0.75125 0.846667 0.2 0.304444 0.953125
0 0.4325 0.952778 0.21125 0.0944444 0.948242
0 0.491875 0.210278 0.16 0.118889 0.936523
0 0.684375 0.143611 0.13375 0.0947222 0.929199
0 0.92375 0.124167 0.11 0.0766667 0.915527
0 0.331563 0.0941667 0.111875 0.0919444 0.901855
0 0.141406 0.07125 0.048125 0.0613889 0.885742
2 0.446563 0.128924 0.04375 0.0877083 0.883301
0 0.191563 0.0721528 0.05 0.0690278 0.870605
0 0.262344 0.0564063 0.04375 0.0646875 0.868652
6 0.895 0.0469618 0.0375 0.0655208 0.837402
0 0.282969 0.0354861 0.0371875 0.0519444 0.834473
2 0.31125 0.153333 0.041875 0.0975 0.827637
0 0.210938 0.0221181 0.03375 0.0442361 0.810547
0 0.221875 0.0529167 0.040625 0.0552778 0.803223
0 0.9925 0.0711111 0.015 0.0630556 0.799316
0 0.173164 0.0499306 0.0411719 0.0563889 0.79834
2 0.96875 0.03875 0.03 0.0536111 0.796875
0 0.365 0.00908854 0.0325 0.0173785 0.715332
0 0.249063 0.0260503 0.038125 0.0503993 0.710449
0 0.299219 0.0227431 0.0340625 0.0450694 0.700684
0 0.00791016 0.308889 0.0156641 0.125556 0.684082
0 0.0978125 0.0115278 0.0375 0.0213194 0.457031
2 0.9925 0.0709028 0.015 0.0606944 0.42627
0 0.293281 0.0244792 0.0278125 0.0417361 0.122498
0 0.367188 0.00885417 0.030625 0.0177083 0.121704
0 0.364375 0.0117882 0.03125 0.0235764 0.035553
2 0.307031 0.151111 0.0296875 0.0936111 0.0350037
0 0.299375 0.0178646 0.0309375 0.0357292 0.0283813
3 0.137656 0.0105903 0.0115625 0.0204861 0.0170441
2 0.976875 0.042934 0.02375 0.0507986 0.0157166
0 0.1875 0.0283333 0.0334375 0.0341667 0.012825
0 0.25125 0.0184722 0.033125 0.0369444 0.00959778
2 0.8375 0.0125781 0.01125 0.0240104 0.00919342
3 0.8325 0.0135069 0.01 0.0247222 0.00572968
2 0.84 0.0129514 0.0125 0.0242361 0.00436401
0 0.318125 0.0102083 0.0275 0.0199306 0.0042305
2 0.99375 0.0459028 0.0124999 0.0738889 0.00378036
0 0.12875 0.0123264 0.0334375 0.0236806 0.00352478
2 0.139297 0.0110417 0.0167187 0.0216667 0.00273705
0 0.9925 0.760556 0.00750001 0.0211111 0.00259018
2 0.99625 0.0135503 0.00749995 0.0256771 0.00251198
0 0.0995313 0.0179253 0.0378125 0.0337326 0.00245285
0 0.00737305 0.281111 0.0147461 0.0966667 0.00225258
0 0.299688 0.0951389 0.04625 0.0830556 0.0020752
3 0.364688 0.0227778 0.024375 0.0383333 0.00200272
3 0.127813 0.0269792 0.0090625 0.034375 0.00191212
0 0.299063 0.0301389 0.035625 0.0473611 0.00162888
0 0.126641 0.0217014 0.0564063 0.0364583 0.00153637
0 0.00626953 0.337222 0.0125391 0.152222 0.00151253
0 0.295938 0.0776389 0.03875 0.0605556 0.00144386
0 0.321875 0.0740972 0.050625 0.0563889 0.00136662
0 0.308594 0.0902778 0.0653125 0.0775 0.00131512
0 0.110313 0.0224306 0.0492188 0.0391667 0.00128937
0 0.136563 0.0106944 0.015625 0.0213889 0.0012846
0 0.152031 0.0128559 0.0428125 0.0240104 0.00109005
3 0.8525 0.0213889 0.00875003 0.0338889 0.00103664
