0 0.279375 0.624444 0.1525 0.235556 0.958008
0 0.701094 0.674444 0.160312 0.26 0.956543
0 0.63625 0.350278 0.09875 0.153889 0.944824
0 0.195273 0.953889 0.235078 0.0922222 0.944824
0 0.47875 0.445 0.10625 0.18 0.936523
0 0.516563 0.251944 0.074375 0.129444 0.933105
0 0.36875 0.259931 0.08625 0.169028 0.929199
0 0.088418 0.240278 0.0866016 0.122222 0.924316
0 0.8225 0.203611 0.09 0.106111 0.90918
0 0.594375 0.0554861 0.0425 0.0643056 0.905762
0 0.0586621 0.179583 0.069707 0.0986111 0.905762
0 0.528125 0.0807639 0.05 0.0720833 0.869629
0 0.7475 0.0236024 0.0375 0.0437674 0.855957
0 0.0169727 0.380556 0.0338281 0.152222 0.851074
0 0.33875 0.0256858 0.03375 0.0494618 0.849121
2 0.954375 0.143194 0.025 0.0930556 0.822266
2 0.945625 0.0557639 0.01375 0.0590278 0.817383
0 0.186094 0.0423438 0.0428125 0.0558681 0.806641
0 0.0480078 0.774444 0.0960156 0.347778 0.803223
0 0.501875 0.0368056 0.035625 0.0683333 0.794434
0 0.560313 0.0154861 0.030625 0.0309722 0.777344
0 0.166719 0.0806944 0.045625 0.0680556 0.767578
0 0.00719727 0.190278 0.014375 0.0825 0.766113
0 0.230625 0.0739063 0.05625 0.0827431 0.741699
0 0.232188 0.02125 0.0325 0.0398611 0.672363
0 0.250938 0.0211806 0.035625 0.0420833 0.609375
2 0.995 0.0624306 0.00999997 0.0647222 0.519531
5 0.30875 0.05125 0.053125 0.0783333 0.480469
0 0.282188 0.0113368 0.030625 0.0226736 0.38501
5 0.501875 0.0369097 0.03625 0.0686806 0.373779
3 0.901875 0.0380382 0.00875003 0.0647569 0.366699
0 0.5125 0.0120833 0.021875 0.0222222 0.309082
0 0.279688 0.0351736 0.04 0.0572917 0.289307
0 0.35125 0.0153819 0.02375 0.0307639 0.286133
0 0.308438 0.0521528 0.0525 0.07875 0.258301
0 0.35625 0.0134375 0.0275 0.026875 0.151978
0 0.2875 0.0135417 0.03625 0.0270833 0.130249
0 0.307813 0.0163194 0.031875 0.0315278 0.101562
0 0.297344 0.0151042 0.0321875 0.0275694 0.0687866
0 0.314688 0.0140278 0.030625 0.0280556 0.0577087
0 0.32125 0.0456944 0.031875 0.0694444 0.0566406
0 0.261875 0.0797222 0.040625 0.0661111 0.0520325
2 0.99625 0.0540451 0.00749995 0.0721875 0.0423889
0 0.253438 0.0177951 0.0325 0.0355903 0.0407715
0 0.281563 0.0227778 0.035 0.0443056 0.0393372
0 0.0651563 0.035 0.045625 0.0498611 0.0350037
0 0.305938 0.0242361 0.045 0.0419444 0.0346069
3 0.9 0.0234028 0.00750001 0.0468056 0.0324707
1 0.108906 0.0215972 0.0559375 0.0431944 0.0279083
3 0.90375 0.0457118 0.00999997 0.0813542 0.0204163
0 0.3625 0.0122917 0.0275 0.0245833 0.0160217
0 0.119922 0.0207292 0.03375 0.0385417 0.0156708
0 0.177969 0.048316 0.0278125 0.0525347 0.0144501
0 0.264063 0.0898611 0.04375 0.0788889 0.0128708
1 0.104922 0.0320139 0.0642188 0.0640278 0.0122375
0 0.125391 0.0198003 0.0248438 0.0376215 0.0117798
2 0.12875 0.0138976 0.0178125 0.0273438 0.0116425
0 0.254375 0.0765278 0.035 0.0613889 0.0113754
0 0.279688 0.0454861 0.038125 0.0593056 0.0107803
3 0.899375 0.0345139 0.00999997 0.06125 0.00978088
0 0.0889844 0.0611111 0.0503125 0.0726389 0.00948334
3 0.69875 0.0123264 0.00750001 0.0246528 0.00919342
0 0.123281 0.0145052 0.0290625 0.0282118 0.0077858
0 0.112188 0.0205642 0.050625 0.040816 0.00772476
0 0.300938 0.0278819 0.03625 0.0365972 0.00682449
0 0.0819531 0.0654861 0.0560938 0.0747222 0.00664139
2 0.899375 0.0324306 0.00999997 0.0554167 0.00553513
0 0.300938 0.0608333 0.03625 0.0636111 0.00538635
3 0.955 0.144306 0.02375 0.0952778 0.00527954
0 0.49375 0.0137847 0.0225 0.0274306 0.0046463
1 0.0714844 0.0136892 0.0396875 0.0263715 0.00432968
0 0.36875 0.2075 0.060625 0.0661111 0.00431442
2 0.183906 0.02 0.0128125 0.0215278 0.00418091
1 0.100156 0.0536111 0.0753125 0.106389 0.00413513
0 0.0983008 0.0571007 0.0427734 0.0657986 0.00399017
0 0.57125 0.020625 0.025 0.0295833 0.00397491
3 0.905 0.0383333 0.0125 0.0641667 0.00388527
0 0.165039 0.0129948 0.0342969 0.025816 0.00359344
1 0.166836 0.0278125 0.0525781 0.0513194 0.00353813
0 0.253438 0.06625 0.03375 0.0593056 0.00345612
0 0.0677344 0.0164931 0.04375 0.0302778 0.00344276
0 0.247969 0.0348611 0.033125 0.0463889 0.00344276
0 0.00694336 0.169583 0.0138086 0.0875 0.00336266
0 0.143438 0.0108681 0.034375 0.0210417 0.00312424
7 0.51625 0.2525 0.075 0.131111 0.00312424
3 0.267969 0.386389 0.0340625 0.147222 0.00307465
0 0.244375 0.0429167 0.033125 0.0516667 0.00271416
1 0.0875 0.0490104 0.095 0.0930903 0.0026207
1 0.069375 0.0175694 0.0451563 0.0334722 0.00261116
2 0.0870313 0.0106597 0.009375 0.0213194 0.00247192
2 0.99375 0.0490278 0.0124999 0.0880556 0.00244331
0 0.495625 0.0239931 0.02375 0.0459028 0.00239754
2 0.99625 0.0284115 0.00749995 0.0534549 0.00230598
1 0.166523 0.0156944 0.0444531 0.0306944 0.00215721
3 0.945 0.060625 0.01375 0.0456944 0.0020504
2 0.948125 0.0593056 0.0175 0.0652778 0.00186729
0 0.00601563 0.13625 0.0120313 0.0725 0.00181007
2 0.94625 0.0651389 0.0125 0.0708333 0.00174809
0 0.501563 0.016059 0.0325 0.0321181 0.00170708
1 0.0726563 0.046684 0.0660938 0.0855208 0.00156116
0 0.117969 0.0327083 0.0334375 0.0422222 0.00144386
0 0.99625 0.0843056 0.00749995 0.0852778 0.00142097
0 0.171563 0.0169444 0.0371875 0.0275 0.00141621
3 0.361875 0.033125 0.0125 0.0444444 0.00133514
0 0.16 0.0429167 0.04375 0.0659722 0.00131989
7 0.955 0.125139 0.01875 0.0605556 0.00121117
3 0.885 0.0262153 0.00625 0.0447917 0.00116062
2 0.9075 0.0375 0.02 0.0631944 0.00101662
