0 0.0485156 0.773889 0.0970313 0.354444 0.958008
0 0.52 0.198889 0.0725 0.106667 0.944824
0 0.152344 0.184444 0.0709375 0.103333 0.941406
0 0.506563 0.537778 0.121875 0.22 0.939453
0 0.708125 0.740556 0.17375 0.285556 0.937012
0 0.636875 0.182361 0.0675001 0.100833 0.936035
0 0.97125 0.378333 0.0575 0.151111 0.932129
0 0.7825 0.0577951 0.045 0.0671875 0.908203
0 0.451875 0.0272917 0.036875 0.0545833 0.89502
0 0.131328 0.977778 0.210156 0.0444444 0.89502
0 0.204844 0.1075 0.0584375 0.0775 0.894043
0 0.525 0.0682639 0.04625 0.0698611 0.888184
0 0.56625 0.0527778 0.045 0.0658333 0.885742
0 0.50125 0.0998611 0.05 0.0877778 0.861328
0 0.231875 0.0382639 0.043125 0.0551389 0.855957
5 0.312813 0.0440278 0.04625 0.0825 0.850098
0 0.339375 0.0262587 0.0325 0.0513715 0.847168
0 0.162813 0.0876389 0.0490625 0.0730556 0.823242
0 0.302656 0.488889 0.139063 0.262222 0.813965
0 0.00833984 0.0754861 0.0166797 0.0609722 0.799316
2 0.955625 0.0559028 0.01375 0.0618056 0.791992
0 0.145078 0.0664583 0.0445313 0.0616667 0.789062
2 0.925625 0.0352431 0.01625 0.0586806 0.785156
0 0.276563 0.0327691 0.0425 0.064184 0.762207
0 0.219063 0.0211111 0.0378125 0.0422222 0.647949
3 0.901875 0.0360417 0.00875003 0.0644445 0.445557
2 0.798125 0.0133681 0.01375 0.0267361 0.432129
0 0.35375 0.0147569 0.0275 0.0295139 0.386719
2 0.90125 0.0304861 0.01 0.0526389 0.259766
0 0.249375 0.0119444 0.0265625 0.0238889 0.226807
0 0.00336426 0.27 0.00671875 0.0922222 0.178955
0 0.00293457 0.283056 0.00586914 0.104444 0.117981
0 0.224063 0.0194097 0.034375 0.0388194 0.107422
0 0.245313 0.0150694 0.028125 0.0283333 0.0917358
0 0.245313 0.0203819 0.02625 0.0388194 0.0630493
2 0.9225 0.0348611 0.0199999 0.0586111 0.0534058
0 0.071875 0.0680556 0.0459375 0.07 0.0528259
0 0.250781 0.0157292 0.0290625 0.0314583 0.050415
3 0.90125 0.024375 0.00750001 0.04875 0.0440979
3 0.885 0.0273611 0.00749995 0.04875 0.0389099
2 0.99625 0.0159115 0.00749995 0.0297049 0.0389099
0 0.100938 0.0217708 0.0340625 0.0417361 0.0327148
2 0.137188 0.00930556 0.0103125 0.0177083 0.026062
7 0.975625 0.0947222 0.00500005 0.0180556 0.0210419
0 0.309844 0.0636806 0.0378125 0.0506944 0.0184021
0 0.361875 0.0134028 0.029375 0.0266667 0.0161591
0 0.00390869 0.249028 0.00780762 0.108611 0.0147324
0 0.79625 0.0160503 0.01625 0.0301215 0.0120544
2 0.99375 0.0162153 0.0124999 0.0297917 0.0109482
0 0.00568359 0.0542361 0.0113672 0.0655556 0.0106964
3 0.905 0.0366667 0.0125 0.0622222 0.0103683
0 0.125938 0.0144444 0.03125 0.0284722 0.00948334
0 0.119844 0.0192361 0.0453125 0.0377778 0.00908661
3 0.90375 0.0452604 0.00999997 0.0825347 0.00857544
0 0.312188 0.0501389 0.044375 0.0738889 0.00812531
0 0.45375 0.0215972 0.0325 0.0431944 0.00766754
0 0.0957031 0.0272917 0.0370312 0.0423611 0.00591278
0 0.124609 0.0209375 0.03125 0.0354861 0.00588989
0 0.00356689 0.307222 0.00713379 0.11 0.00584412
7 0.970625 0.0905556 0.00499999 0.0158333 0.00503922
7 0.69875 0.00940972 0.00750001 0.0188194 0.00481033
0 0.00408936 0.202778 0.00817871 0.0827778 0.00473785
0 0.282813 0.398889 0.05 0.0855556 0.00448608
1 0.0725 0.0237847 0.0528125 0.0454861 0.00367928
0 0.283281 0.388333 0.0371875 0.0655556 0.00367928
1 0.0695703 0.0684722 0.0488281 0.0819444 0.00362206
0 0.305938 0.0571528 0.035625 0.0555556 0.00329781
0 0.313438 0.0585417 0.039375 0.0615278 0.00298119
3 0.9 0.0344444 0.01125 0.0652778 0.0029583
2 0.991875 0.0136892 0.01625 0.0248438 0.00279999
3 0.8875 0.0295139 0.01 0.0538889 0.0024929
2 0.282188 0.39 0.038125 0.0688889 0.00243378
1 0.0749219 0.0522917 0.0810938 0.104583 0.00242424
0 0.160938 0.975 0.151875 0.0377777 0.00225258
0 0.302188 0.410556 0.076875 0.112222 0.00221634
0 0.215 0.0277083 0.0334375 0.0455556 0.00213242
0 0.0720703 0.986667 0.0908594 0.0255555 0.00191212
2 0.133906 0.0121181 0.0175 0.0242361 0.00187492
0 0.0982813 0.0427778 0.0382813 0.05125 0.00175476
0 0.0928125 0.0631944 0.0415625 0.0716667 0.0017004
0 0.260156 0.0674305 0.023125 0.055 0.00156689
0 0.28 0.0230556 0.03875 0.0461111 0.00153637
0 0.301563 0.390556 0.07 0.0722222 0.00143242
2 0.143281 0.010408 0.0165625 0.0196007 0.00128937
5 0.99375 0.755556 0.00750001 0.0244444 0.0012598
1 0.0693359 0.0320139 0.0566406 0.0601389 0.00118828
0 0.0156055 0.278264 0.0312109 0.133472 0.00117874
0 0.101563 0.0182465 0.029375 0.0364931 0.00117874
0 0.4475 0.0232986 0.0275 0.0459028 0.0011425
0 0.0511816 0.0841667 0.0385742 0.0502778 0.00106049
