0 0.0495313 0.775556 0.0990625 0.351111 0.961914
0 0.681875 0.606528 0.14 0.235833 0.953125
0 0.50875 0.457778 0.11625 0.192222 0.952148
0 0.320625 0.466389 0.120625 0.185 0.950684
0 0.70625 0.111424 0.065 0.0899306 0.945801
0 0.0397461 0.257708 0.0789453 0.123472 0.933594
0 0.512188 0.179028 0.06625 0.0980555 0.930176
0 0.624375 0.251389 0.08125 0.122222 0.928711
0 0.406875 0.237639 0.0825 0.129167 0.926758
0 0.58 0.123333 0.05625 0.0866667 0.914062
0 0.0421094 0.151528 0.0644531 0.0855556 0.908203
0 0.666875 0.0672917 0.05375 0.0680556 0.900391
0 0.4025 0.1575 0.063125 0.0766667 0.900391
0 0.491875 0.0738889 0.04375 0.0697222 0.897461
0 0.515313 0.0375 0.039375 0.0619444 0.884277
0 0.226875 0.0443056 0.041875 0.0580556 0.874023
0 0.424688 0.0645833 0.048125 0.0797222 0.870605
0 0.330625 0.0331944 0.04 0.0555556 0.867188
0 0.576875 0.0586111 0.04375 0.0558333 0.867188
2 0.9675 0.07875 0.0175 0.0705556 0.84375
0 0.138906 0.113611 0.0590625 0.0761111 0.827637
0 0.210938 0.0258681 0.036875 0.0504861 0.810547
0 0.141875 0.0686806 0.0471875 0.0581944 0.801758
2 0.93 0.069566 0.02 0.0686458 0.743164
0 0.425 0.0246875 0.035 0.0352083 0.675781
2 0.89625 0.14375 0.02 0.0861111 0.654785
5 0.295938 0.0654167 0.05875 0.0869445 0.631836
2 0.9125 0.0516667 0.02 0.0572222 0.608398
0 0.267188 0.01875 0.03875 0.0366667 0.583008
0 0.0808594 0.0152778 0.0246875 0.0280556 0.552734
0 0.351563 0.0170833 0.03625 0.0326389 0.492188
0 0.296406 0.0659722 0.0590625 0.0869444 0.492188
0 0.191563 0.0670833 0.035625 0.0555556 0.443604
0 0.299375 0.0153125 0.029375 0.0302083 0.30249
2 0.99625 0.0811111 0.00749995 0.0708333 0.256836
2 0.90125 0.0268056 0.00874996 0.0413889 0.248047
2 0.8925 0.143611 0.03 0.0861111 0.208862
0 0.088125 0.0141753 0.0392188 0.0266493 0.141724
2 0.138594 0.00989583 0.0184375 0.0179861 0.122131
0 0.234531 0.0127083 0.031875 0.0254167 0.108948
0 0.27125 0.0240278 0.03375 0.0434722 0.0726318
2 0.994375 0.0779167 0.01125 0.0675 0.0609741
0 0.0973438 0.0137413 0.033125 0.0264063 0.0433655
0 0.14 0.0100087 0.024375 0.0188715 0.0372009
0 0.88125 0.144028 0.05 0.0869445 0.035675
0 0.138437 0.011059 0.0184375 0.0221181 0.0335388
0 0.211563 0.0192014 0.035625 0.0384028 0.0322266
2 0.91625 0.0526215 0.0325 0.0586458 0.0208893
0 0.30625 0.0167708 0.035 0.0310417 0.0192719
0 0.422813 0.0303819 0.039375 0.0447917 0.0187683
0 0.373125 0.00873264 0.0275 0.0174653 0.0178528
3 0.9 0.0204861 0.00750001 0.0409722 0.0176392
0 0.0460938 0.0114497 0.0307031 0.0225174 0.0159607
0 0.0578125 0.0100694 0.0310938 0.0192361 0.0154266
3 0.885 0.0334028 0.00749995 0.0561111 0.0124283
0 0.269844 0.0402951 0.0378125 0.0538542 0.0110703
0 0.19 0.0600694 0.030625 0.0530556 0.0108566
0 0.981875 0.821111 0.03375 0.0411111 0.00963593
0 0.135156 0.0106597 0.029375 0.0195139 0.0086441
0 0.0692188 0.0148003 0.0378125 0.0272049 0.00643921
0 0.4275 0.0479167 0.0425 0.0555556 0.00621796
0 0.268125 0.0561111 0.0375 0.0663889 0.00609589
0 0.148516 0.0114497 0.0395312 0.0221007 0.00591278
0 0.23 0.0326736 0.04375 0.0485417 0.00559998
1 0.104355 0.0224306 0.0737891 0.0445833 0.00526047
0 0.0624316 0.0166059 0.0629492 0.0326215 0.00460815
3 0.134219 0.0218056 0.0115625 0.03125 0.00443268
0 0.0405859 0.0130469 0.0260156 0.0257118 0.00439835
2 0.00287354 0.0342361 0.00574707 0.04625 0.00432968
0 0.384375 0.00864583 0.01375 0.0172917 0.0042305
2 0.899375 0.0301042 0.01125 0.0511806 0.00400543
0 0.261875 0.0663889 0.035 0.0566667 0.00376511
0 0.100859 0.0245139 0.0310938 0.0418056 0.00349617
0 0.0721094 0.0188194 0.0414063 0.0343056 0.00348282
2 0.909375 0.0391667 0.01625 0.0520833 0.00329781
0 0.348125 0.0173958 0.036875 0.0347917 0.00327301
2 0.273906 0.355 0.018125 0.0855555 0.00298119
2 0.99625 0.0185417 0.00749995 0.0358333 0.00290108
0 0.0483496 0.0176997 0.0343945 0.0339063 0.00282288
0 0.130078 0.0167361 0.0498438 0.0322222 0.00279999
0 0.095625 0.0323611 0.03875 0.0483333 0.00260162
0 0.103281 0.0333333 0.028125 0.0376389 0.00244331
0 0.145156 0.0158681 0.0465625 0.0317361 0.00230598
0 0.0914063 0.0123438 0.0320313 0.0246875 0.0020752
3 0.885625 0.0380729 0.01 0.0649653 0.00191212
0 0.0626172 0.0209115 0.0388281 0.0381771 0.00179577
0 0.423125 0.0432639 0.045 0.0426389 0.00179577
2 0.279688 0.360278 0.039375 0.101667 0.00163555
2 0.90625 0.0302083 0.025 0.0468056 0.00158501
0 0.179375 0.0580556 0.0375 0.0633333 0.00157356
0 0.0372852 0.018533 0.0218359 0.0351562 0.0014782
1 0.0791406 0.0390278 0.060625 0.0559722 0.00145531
0 0.204375 0.0230556 0.05125 0.0461111 0.00144386
0 0.375625 0.0105208 0.018125 0.0210417 0.00139904
2 0.99375 0.0268056 0.0124999 0.0447222 0.00133038
0 0.151641 0.0623438 0.0332812 0.0497569 0.00124454
0 0.00640137 0.224722 0.0128027 0.0783333 0.00124454
7 0.624375 0.251667 0.08125 0.123333 0.00119686
0 0.0610938 0.0121181 0.0217188 0.0242361 0.00116539
0 0.0763281 0.0352083 0.0545313 0.0518056 0.00109005
