0 0.222344 0.807778 0.187813 0.313333 0.963379
0 0.0489453 0.774444 0.0978906 0.351111 0.959961
0 0.49375 0.734444 0.158125 0.273333 0.957031
0 0.75125 0.846667 0.2 0.304444 0.952637
0 0.4325 0.952222 0.21125 0.0955555 0.946777
0 0.179219 0.137778 0.130625 0.103611 0.936523
0 0.7575 0.160556 0.1425 0.102778 0.929199
0 0.284688 0.194444 0.139375 0.109167 0.928711
2 0.525625 0.113472 0.0375 0.09 0.902832
0 0.93125 0.127222 0.10375 0.0788889 0.900391
0 0.0303125 0.375 0.060625 0.138333 0.898438
0 0.140938 0.070625 0.048125 0.0604167 0.878906
0 0.193906 0.068125 0.0465625 0.0627778 0.878418
0 0.283438 0.0365972 0.0384375 0.0547222 0.873047
2 0.634375 0.101111 0.03875 0.0827778 0.870605
0 0.221094 0.0525174 0.0396875 0.0580208 0.847168
0 0.261875 0.0561111 0.04375 0.06375 0.847168
6 0.895 0.0472917 0.03875 0.0652778 0.84082
0 0.29875 0.0226042 0.0353125 0.0452083 0.794434
0 0.173281 0.0491667 0.040625 0.0552778 0.786621
0 0.249375 0.0252083 0.03625 0.0491667 0.78418
2 0.93875 0.0327083 0.015 0.0548611 0.213989
0 0.231563 0.0155208 0.02875 0.0310417 0.196167
3 0.0497656 0.0336806 0.0145313 0.0593056 0.142212
3 0.93875 0.0323264 0.015 0.0546528 0.124634
6 0.92125 0.0374653 0.04875 0.0545139 0.100891
2 0.924375 0.0334028 0.04375 0.055 0.0984497
2 0.99625 0.0295833 0.00749995 0.0540278 0.0812378
0 0.9225 0.0353819 0.0475 0.0532639 0.0405273
0 0.25 0.0179861 0.03125 0.0359722 0.0317993
2 0.831875 0.0125781 0.00999997 0.0227604 0.0245209
0 0.177539 0.0416667 0.0380469 0.0429167 0.0154266
0 0.286563 0.0276389 0.0325 0.0427778 0.0139008
2 0.99375 0.0246528 0.0124999 0.0459722 0.0112
3 0.369063 0.0193403 0.00812499 0.0361806 0.0069046
0 0.22625 0.0213889 0.035 0.0347222 0.00521851
7 0.98 0.850556 0.00875003 0.0255555 0.00355148
0 0.994375 0.828889 0.00999997 0.03 0.00324821
3 0.93875 0.0204167 0.01 0.0408333 0.0024929
2 0.834375 0.0122222 0.01375 0.0227778 0.00233269
0 0.147109 0.125243 0.0685938 0.0767361 0.00201035
0 0.9925 0.830556 0.01125 0.0255556 0.00181007
0 0.319688 0.0106944 0.030625 0.0203472 0.00171375
0 0.9925 0.759444 0.00875003 0.02 0.0012598
