0 0.222031 0.807778 0.187188 0.311111 0.964355
0 0.0489063 0.774444 0.0978125 0.351111 0.958984
0 0.49375 0.733333 0.15875 0.271111 0.958496
0 0.75125 0.846667 0.2 0.304444 0.952148
0 0.432813 0.952778 0.210625 0.0944444 0.948242
0 0.69875 0.160278 0.135 0.0933333 0.927734
0 0.23 0.286944 0.174375 0.145 0.925781
0 0.85 0.127083 0.1225 0.0780556 0.919434
2 0.0241797 0.228611 0.0476563 0.106111 0.915039
0 0.141172 0.0725 0.0501563 0.0625 0.90332
0 0.191875 0.0723611 0.0503125 0.0697222 0.901367
2 0.54125 0.117257 0.041875 0.0832639 0.880859
2 0.416875 0.128646 0.0425 0.0821528 0.870605
0 0.282188 0.0373958 0.039375 0.0535417 0.864258
0 0.221875 0.0534028 0.0384375 0.0586111 0.850098
0 0.261563 0.0568056 0.04375 0.0626389 0.827637
2 0.91375 0.0734722 0.03 0.0561111 0.794434
0 0.172188 0.0512326 0.0428125 0.0586458 0.792969
0 0.249063 0.0256944 0.036875 0.05 0.790527
0 0.298125 0.0227431 0.036875 0.0454861 0.777344
2 0.00859375 0.0286806 0.0108594 0.0461111 0.756348
2 0.28375 0.164722 0.048125 0.0888889 0.716797
2 0.844375 0.065 0.01875 0.0573611 0.689453
6 0.895 0.0447049 0.035 0.0628125 0.618652
2 0.282031 0.193889 0.051875 0.0794444 0.317383
3 0.0494531 0.0305903 0.0128125 0.0564583 0.168823
2 0.995625 0.0279514 0.00874996 0.0528472 0.125488
2 0.284219 0.205833 0.0521875 0.0822222 0.0653687
2 0.0339453 0.0140625 0.0116406 0.028125 0.0545959
2 0.99375 0.0240278 0.0124999 0.0452778 0.036499
3 0.0521484 0.0285417 0.0117969 0.0534722 0.029541
2 0.845625 0.0727083 0.025 0.0669444 0.0289764
0 0.249531 0.0190278 0.0321875 0.0380556 0.0182648
2 0.280625 0.18125 0.04875 0.0819445 0.0142822
2 0.846875 0.0831944 0.035 0.0508333 0.0132217
3 0.88375 0.0329167 0.00999997 0.0493056 0.011467
2 0.1375 0.0104861 0.00906251 0.0190972 0.0113297
2 0.28625 0.232222 0.0578125 0.0611111 0.0112457
2 0.00780762 0.241806 0.0156152 0.0836111 0.00888062
2 0.0075293 0.0314931 0.0135742 0.053125 0.00717545
2 0.275 0.218333 0.05625 0.0766667 0.00429916
2 0.99625 0.0380382 0.00749995 0.0650347 0.00388527
2 0.90875 0.0679861 0.03125 0.0629167 0.00388527
2 0.00504883 0.254722 0.0100586 0.06 0.00318527
2 0.00352051 0.0372222 0.00699219 0.0604167 0.00302696
0 0.83375 0.12809 0.09 0.0738195 0.00294685
2 0.99 0.0313194 0.0199999 0.0593056 0.00198746
0 0.152813 0.0125 0.04375 0.0243056 0.00168705
0 0.177461 0.0420833 0.0382031 0.04125 0.00154877
7 0.13875 0.0111285 0.0078125 0.0222569 0.00136185
0 0.995 0.825 0.00999997 0.0277778 0.00129414
0 0.880625 0.124757 0.06 0.0715972 0.00115108
0 0.143594 0.0118056 0.0184375 0.0215278 0.0011034
